TimeStartMeasurement;In Hours;Unix time;MO2;Slope;Intercept;Pearson r;R squared;P value;respirometer;
1900-01-01 16:02:07;0.3502777777777778;1745648526;5.236968678314636;-0.005386099984544716;101.88322879806627;-0.9956076717692848;0.9912346360858559;0.0;2;
1900-01-01 16:27:07;0.7669444444444444;1745650026;6.7083541051135684;-0.006899385534133202;103.9502093021313;-0.6513065400763904;0.42420020914627876;1.1776628762430448e-145;2;
1900-01-01 16:52:07;1.1836111111111112;1745651526;6.48066439659914;-0.006665211986258324;102.94008396441478;-0.9991328650528069;0.9982664820286303;0.0;2;
1900-01-01 17:17:07;1.6002777777777777;1745653026;6.378212922836724;-0.006559843038085443;102.39153991103699;-0.9985404373138601;0.997083004950955;0.0;2;
1900-01-01 17:42:07;2.0169444444444444;1745654527;5.869708008414998;-0.006036857608928896;101.01533632749513;-0.9982962476174408;0.9965953980070628;0.0;2;
1900-01-01 18:07:07;2.433611111111111;1745656027;5.515839916300076;-0.0056729125402170425;100.48442814706699;-0.9988778641017334;0.997756987392441;0.0;2;
1900-01-01 18:32:07;2.850277777777778;1745657527;5.629296569808382;-0.005789600058750042;100.9021173352794;-0.9986696394066797;0.9973410486726677;0.0;2;
1900-01-01 18:57:07;3.2669444444444444;1745659027;5.821201650650216;-0.0059869699527569115;101.19736795663053;-0.9988854608683458;0.9977721639341677;0.0;2;
1900-01-01 19:22:07;3.683611111111111;1745660527;5.929424825401202;-0.006098274960607608;101.39290161384488;-0.9986885148929012;0.9973787497789885;0.0;2;
1900-01-01 19:47:07;4.1002777777777775;1745662027;6.1580971537562625;-0.00633345911004105;101.62617969557965;-0.9984778794323095;0.9969580757156415;0.0;2;
1900-01-01 20:12:07;4.516944444444444;1745663527;5.8313864856174265;-0.005997444817670012;100.65700394634418;-0.9981792469331265;0.9963618090079837;0.0;2;
1900-01-01 20:37:07;4.933611111111111;1745665027;5.660202764866028;-0.005821386358601638;100.47038500834029;-0.5843489717135846;0.3414637207427237;8.404215451804095e-111;2;
1900-01-01 21:02:07;5.3502777777777775;1745666527;5.76025208321573;-0.005924284746031074;101.34363798999166;-0.9982385349543176;0.9964801726677424;0.0;2;
1900-01-01 21:27:07;5.766944444444444;1745668027;5.734500049173173;-0.005897799380416237;101.58351686127328;-0.9984012450849036;0.9968050461870857;0.0;2;
1900-01-01 21:52:07;6.183888888888889;1745669527;5.656086334746153;-0.0058171527063560465;101.8218802001668;-0.9991003055105157;0.9982014204712057;0.0;2;
1900-01-01 22:17:08;6.6002777777777775;1745671027;5.137822842100542;-0.00528413080739236;102.11775871796335;-0.9977782379177013;0.9955614120621529;0.0;2;
1900-01-01 22:42:07;7.017222222222222;1745672527;5.6233369828277295;-0.005783470762717149;100.95543378850957;-0.9987439330538268;0.9974894438118269;0.0;2;
1900-01-01 23:07:08;7.433888888888889;1745674027;3.6199526232405774;-0.0037230367347477335;101.2520177258827;-0.9969648178105892;0.9939388479521013;0.0;2;
1900-01-01 23:32:08;7.850555555555555;1745675527;3.698118944907113;-0.003803428971131232;102.07865493049763;-0.9937284959004342;0.9874963235645393;0.0;2;
1900-01-01 23:57:08;8.267222222222221;1745677028;3.094101701652666;-0.0031822113423092668;102.07089824561402;-0.9315698421739002;0.8678223708479053;3.594183894111496e-76;2;
1900-01-01 00:22:08;8.68388888888889;1745678527;3.098290666477789;-0.003186519594805273;102.53158668334723;-0.9953689107720693;0.9907592685315757;0.0;2;
1900-01-01 00:47:08;9.100555555555555;1745680028;3.675037049780488;-0.0037796897810345688;102.7753645468446;-0.401249832179126;0.1610014278237768;1.2311529867935717e-47;2;
1900-01-01 01:12:08;9.517222222222221;1745681528;2.320714616027079;-0.0023868007859727688;101.51498637197665;-0.27328228648093655;0.07468320810424868;5.365511964437597e-22;2;
1900-01-01 01:37:08;9.93388888888889;1745683028;2.011979075481744;-0.002069273492551037;101.32778706561024;-0.9817709199586607;0.963874139276475;0.0;2;
1900-01-01 02:02:08;10.350555555555555;1745684528;1.8774777848587914;-0.001930942056209762;102.16635737142063;-0.9794408926487238;0.959304462192529;0.0;2;
1900-01-01 02:27:08;10.767222222222221;1745686028;2.278163371823522;-0.002343037825026267;102.8275950472616;-0.269387495754024;0.0725696228686243;2.1342437610125027e-21;2;
1900-01-01 02:52:08;11.18388888888889;1745687528;2.076669814430338;-0.002135806406810005;103.16325841395607;-0.9814037039268487;0.9631532300813378;0.0;2;
1900-01-01 03:17:08;11.600555555555555;1745689028;2.280586327296245;-0.002345529778145679;103.38162979844313;-0.9803135797511877;0.9610147146445883;0.0;2;
1900-01-01 03:42:09;12.017222222222221;1745690528;2.071024887210895;-0.0021300007309931345;102.20040661040572;-0.9640502004967036;0.9293927890777345;0.0;2;
1900-01-01 04:07:08;12.43388888888889;1745692028;1.5221700389231425;-0.0015655163371641229;101.86470089380039;-0.1823150602004678;0.0332387811759002;1.9863545165515456e-10;2;
1900-01-01 04:32:08;12.850555555555555;1745693528;1.678307581677109;-0.0017261001535417743;102.53282064220183;-0.9801870668728394;0.9607666860647801;0.0;2;
1900-01-01 04:57:08;13.267222222222221;1745695028;2.0237283713819063;-0.002081357368998173;102.93951510008341;-0.9543892918695388;0.9108589204352397;0.0;2;
1900-01-01 05:22:09;13.684166666666666;1745696528;4.3371923889870345;-0.004460701083820198;102.97230266750068;-0.9865894422717155;0.9733587276020147;0.0;2;
1900-01-01 05:47:09;14.100833333333334;1745698028;2.5655009848338786;-0.0026385578496929516;102.90487648874063;-0.9896825316214284;0.9794715133965995;0.0;2;
1900-01-01 06:12:09;14.5175;1745699528;2.031253637955482;-0.002089096929928424;102.19451437308868;-0.9637612531997186;0.9288357531690922;0.0;2;
1900-01-01 06:37:09;14.934166666666666;1745701028;1.2172855682125494;-0.0012519497791317912;101.64113584236864;-0.14603747720718624;0.021326944749039442;3.756970104420592e-07;2;
1900-01-01 07:02:09;15.350833333333334;1745702529;1.6338932854502926;-0.001680421087097977;102.70331536280234;-0.9654275251350202;0.93205030628833;0.0;2;
1900-01-01 07:27:09;15.7675;1745704029;1.9952212122343855;-0.00205203842155446;103.19549490547678;-0.9639236336700475;0.929148771547668;0.0;2;
1900-01-01 07:52:09;16.184166666666666;1745705529;2.04176298897012;-0.0020999055520177453;103.38283745065331;-0.9851982238532602;0.9706155402836185;0.0;2;
1900-01-01 08:17:09;16.600833333333334;1745707029;1.9919850118898497;-0.0020487100650764343;103.53474456074505;-0.9744920347129467;0.9496347257189788;0.0;2;
1900-01-01 08:42:09;17.0175;1745708529;1.8721680977335826;-0.001925481167000811;102.58849727411733;-0.9446724444874499;0.8924060273738942;0.0;2;
1900-01-01 09:07:09;17.434166666666666;1745710029;2.243732368414533;-0.002307626342101627;102.65675878509869;-0.26524851941147815;0.07035677704998129;9.031898993076309e-21;2;
1900-01-01 09:32:09;17.850833333333334;1745711529;1.6916343837028656;-0.0017398064581989293;103.03152544481512;-0.9596796228053142;0.9209849784277501;0.0;2;
1900-01-01 09:57:09;18.2675;1745713029;1.8342223905958128;-0.0018864548933714537;103.39348616346956;-0.984265475405487;0.9687785260751894;0.0;2;
1900-01-01 10:22:09;18.684166666666666;1745714529;1.8358481916180858;-0.001888126991754856;103.76021025854878;-0.9817440803201307;0.9638214392436193;0.0;2;
1900-01-01 10:47:09;19.100833333333334;1745716029;1.9283629118951262;-0.0019832762210251534;103.7275448707256;-0.9790266944520953;0.9584932684497964;0.0;2;
1900-01-01 11:12:09;19.517777777777777;1745717529;1.8703970642845165;-0.0019236597004581252;103.0710301501251;-0.948603872374467;0.899849306683834;0.0;2;
1900-01-01 11:37:10;19.934444444444445;1745719029;1.656664138484933;-0.0017038403776669282;102.46941448012232;-0.9734869397128898;0.9476768217915675;0.0;2;
1900-01-01 12:02:10;20.351111111111113;1745720530;1.2703696103414333;-0.001306545476767693;102.62084722546567;-0.9643637210333884;0.929997386445363;0.0;2;
1900-01-01 12:27:10;20.767777777777777;1745722029;1.5495222123654877;-0.0015936474087829226;103.26860610230747;-0.9713669877134238;0.9435538248194508;0.0;2;
1900-01-01 12:52:10;21.184444444444445;1745723530;1.6556043955151767;-0.001702750456771151;103.58649581595775;-0.9725442672593556;0.9458423517790369;0.0;2;
1900-01-01 13:17:10;21.601111111111113;1745725030;1.8543909674001602;-0.0019071978036095847;103.80310061440089;-0.9763352916757608;0.953230601771593;0.0;2;
