AQUARESP VERSION 3  ASAP - Data file 
--------------------------------------------------------------------------------------------------------------------------------
Experiment start, UNIX time: 1745641134
Flush time ,s: 240
Wait time, s: 60
Measurement time, s: 1200
Mass of fish, kg: 0.123
Volume respirometer, L: 3.35
Real volume (vresp - vfish) (neutrally bouyant), L: 3.2270000000000003
Salinity: 35.5
Temperature: 15.6
Oxygen solubilty, mg O2 / L: 8.062287064122385

 Timestamp is beginning of measurement period 
-.-.-.-.-.-.-.-.------------------------------------------------------
Clock TIME;TIME HOURS;TIME UNIX;MO2;SLOPE;Intercept;Pearson R;R^2;P;Std Err; Measurement duration seconds;avg po2;median po2; minimum po2; max po2;delta po2;oxygen solubility;ratio vreal fish;total experiment duration hours;minutes;seconds;days;
2025-04-26 16:02:07;0.35;1745648526;124.18924564045027;-0.0163090767626333;96.79758450628724;-0.9992922140266681;0.9985849290143203;0.0;1.7745118799838155e-05;1199;87.01213844870726;86.936;77.252;96.35;19.098;8.062287064122385;26.23577235772358;0.35;21.0;1260;0.014583333333333334;
2025-04-26 16:27:07;0.7666666666666667;1745650026;132.9017481369086;-0.01745324082673235;100.40243990888344;-0.9325147534761039;0.8695837654505989;0.0;0.00019536156377745312;1199;89.93049541284402;89.839;0.0;100.297;100.297;8.062287064122385;26.23577235772358;0.7666666666666667;46.0;2760;0.03194444444444444;
2025-04-26 16:52:07;1.1836111111111112;1745651526;120.47219287454972;-0.01582093708051186;100.81801521684736;-0.997992504204686;0.9959890384487402;0.0;2.900686304253833e-05;1200;91.31754249999999;91.6375;81.106;100.02;18.914;8.062287064122385;26.23577235772358;1.1836111111111112;71.01666666666667;4261;0.04931712962962963;
2025-04-26 17:17:07;1.6002777777777777;1745653026;98.2831861037994;-0.012906979331235649;99.59332275507369;-0.9997432656421567;0.9994865971968439;0.0;8.451559162971025e-06;1200;91.84268166666668;91.8945;84.023;99.411;15.388000000000005;8.062287064122385;26.23577235772358;1.6002777777777777;96.01666666666667;5761;0.06667824074074075;
2025-04-26 17:42:07;2.0169444444444444;1745654527;86.0531858794752;-0.0113008820283903;98.68149465804836;-0.9984347551235335;0.9968719602385904;0.0;1.8289438582609436e-05;1200;91.895315;91.949;84.533;98.627;14.093999999999994;8.062287064122385;26.23577235772358;2.0169444444444444;121.01666666666667;7261;0.08403935185185185;
2025-04-26 18:07:07;2.433611111111111;1745656027;86.67845891157579;-0.011382995627080294;98.08598220739505;-0.9979845886484553;0.9959732391798265;0.0;2.0911358252090893e-05;1200;91.25049333333334;90.993;84.784;98.23;13.445999999999998;8.062287064122385;26.23577235772358;2.433611111111111;146.01666666666668;8761;0.10140046296296296;
2025-04-26 18:32:07;2.850277777777778;1745657527;103.28571471593767;-0.013563933343009264;99.06084863914373;-0.9965251863013733;0.9930624469329868;0.0;3.2754586209357334e-05;1200;90.91570666666667;91.30250000000001;82.158;98.993;16.834999999999994;8.062287064122385;26.23577235772358;2.850277777777778;171.01666666666668;10261;0.11876157407407407;
2025-04-26 18:57:07;3.2669444444444444;1745659027;83.7564400332286;-0.010999263284210616;98.56222760216846;-0.9980048329119182;0.9960136465155458;0.0;2.0104369033797467e-05;1200;91.95716999999999;91.84;84.743;98.822;14.079000000000008;8.062287064122385;26.23577235772358;3.2669444444444444;196.01666666666668;11761;0.1361226851851852;
2025-04-26 19:22:07;3.683611111111111;1745660527;59.79170999110952;-0.007852109761881778;99.17618441201002;-0.9962829410733183;0.992579698673701;0.0;1.9614896888006872e-05;1200;94.4609925;94.472;89.045;99.624;10.578999999999994;8.062287064122385;26.23577235772358;3.683611111111111;221.01666666666668;13261;0.1534837962962963;
2025-04-26 19:47:07;4.1002777777777775;1745662027;66.5957948173465;-0.008745652042119476;99.60265321795941;-0.9946076567110522;0.9892443907882503;0.0;2.634689825601964e-05;1200;94.35088916666668;94.2285;88.23;99.817;11.586999999999989;8.062287064122385;26.23577235772358;4.1002777777777775;246.01666666666668;14761;0.1708449074074074;
2025-04-26 20:12:07;4.516944444444444;1745663527;46.23162124288512;-0.00607133939676347;98.58262930775646;-0.9987059878253305;0.9974136501181692;0.0;8.932275023313697e-06;1200;94.93679;95.0255;91.093;98.666;7.572999999999993;8.062287064122385;26.23577235772358;4.516944444444444;271.01666666666665;16261;0.1882060185185185;
2025-04-26 20:37:07;4.933611111111111;1745665027;59.40062959982723;-0.00780075136857734;99.13988953016403;-0.7010931832021278;0.4915316515324923;3.703071133077868e-178;0.00022922619443117295;1200;94.45553833333334;94.051;0.0;99.392;99.392;8.062287064122385;26.23577235772358;4.933611111111111;296.01666666666665;17761;0.20556712962962964;
2025-04-26 21:02:07;5.3502777777777775;1745666527;70.63066958130067;-0.009275529503839933;100.62737713372255;-0.980867403014646;0.962100862296696;0.0;5.31881230255649e-05;1200;95.05742166666667;95.90100000000001;88.004;99.917;11.912999999999997;8.062287064122385;26.23577235772358;5.3502777777777775;321.01666666666665;19261;0.22292824074074075;
2025-04-26 21:27:07;5.766944444444444;1745668027;81.84236447129874;-0.010747898481179501;99.03809387128162;-0.9945925061172289;0.98921425322455;0.0;3.242463335102188e-05;1200;92.58398083333333;92.165;86.74;99.512;12.772000000000006;8.062287064122385;26.23577235772358;5.766944444444444;346.01666666666665;20761;0.24028935185185185;
2025-04-26 21:52:07;6.183611111111111;1745669527;52.27131689314503;-0.006864498735763012;99.89978565749236;-0.9921575527741712;0.9843766095268323;0.0;2.498546412040819e-05;1200;95.77765416666666;95.5855;91.931;100.332;8.400999999999996;8.062287064122385;26.23577235772358;6.183611111111111;371.01666666666665;22261;0.25765046296296296;
2025-04-26 22:17:08;6.6002777777777775;1745671027;36.34440989066647;-0.004772907410321067;100.89178281149707;-0.9944696061754045;0.988969797606664;0.0;1.4569215280944405e-05;1199;98.02803836530443;98.144;94.865;100.712;5.847000000000008;8.062287064122385;26.23577235772358;6.6002777777777775;396.01666666666665;23761;0.27501157407407406;
2025-04-26 22:42:07;7.017222222222222;1745672527;54.45648129868674;-0.007151464115455647;100.36335549542049;-0.9945516153959847;0.9891329156867626;0.0;2.1647839701880746e-05;1201;96.06532556203165;96.191;91.767;99.855;8.088000000000008;8.062287064122385;26.23577235772358;7.017222222222222;421.03333333333336;25262;0.29238425925925926;
2025-04-26 23:07:08;7.433888888888889;1745674027;38.7666128511714;-0.005091001733334537;100.53763570753406;-0.9568678559255637;0.9155960937035853;0.0;4.465850121811162e-05;1200;97.48048916666667;97.97749999999999;93.19;99.821;6.631;8.062287064122385;26.23577235772358;7.433888888888889;446.03333333333336;26762;0.30974537037037037;
2025-04-26 23:32:08;7.850555555555555;1745675527;41.294579184722096;-0.005422985366656504;101.09149354601057;-0.9554204178432777;0.9128281748318233;0.0;4.8417635311925335e-05;1200;97.83499083333334;98.338;92.832;100.435;7.603000000000009;8.062287064122385;26.23577235772358;7.850555555555555;471.03333333333336;28262;0.32710648148148147;
2025-04-26 23:57:08;8.267222222222221;1745677028;36.23168235163328;-0.004758103535171703;100.26077585139318;-0.8955324688493105;0.8019784027633412;2.5518744067426754e-61;0.0001818718476201691;1200;99.85157894736841;99.808;99.348;100.285;0.9369999999999976;8.062287064122385;26.23577235772358;8.267222222222221;496.03333333333336;29762;0.3444675925925926;
2025-04-27 00:22:08;8.68388888888889;1745678527;42.743518816111994;-0.005613266477962833;100.03720902001669;-0.9988139299551079;0.9976292666723672;0.0;7.905767040090414e-06;1200;96.6664425;96.68;93.204;100.1;6.896000000000001;8.062287064122385;26.23577235772358;8.68388888888889;521.0333333333333;31262;0.3618287037037037;
2025-04-27 00:47:08;9.100555555555555;1745680028;30.780009404414255;-0.004042165918170778;100.94131063386156;-0.4325007298055224;0.1870568812823095;7.097586301167727e-56;0.00024346075357210275;1200;98.51399;98.732;0.0;100.982;100.982;8.062287064122385;26.23577235772358;9.100555555555555;546.0333333333333;32762;0.37918981481481484;
2025-04-27 01:12:08;9.517222222222221;1745681528;55.80816881394906;-0.007328973652065038;101.45697867806506;-0.6506594364699765;0.42335770226742736;2.1466761332329142e-145;0.00024712362527924117;1200;97.05593;98.0575;0.0;100.244;100.244;8.062287064122385;26.23577235772358;9.517222222222221;571.0333333333333;34262;0.39655092592592595;
2025-04-27 01:37:08;9.93388888888889;1745683028;47.54506136036001;-0.006243826117240359;99.67930008340282;-0.9868950797156731;0.9739618983670049;0.0;2.949552061383369e-05;1200;95.92988249999999;96.199;91.459;99.533;8.073999999999998;8.062287064122385;26.23577235772358;9.93388888888889;596.0333333333333;35762;0.41391203703703705;
2025-04-27 02:02:08;10.350555555555555;1745684528;31.841795548579995;-0.004181604334447454;100.73297506950237;-0.9836720217943657;0.9676106464610151;0.0;2.2103718912677644e-05;1200;98.22192166666667;98.334;94.758;100.494;5.736000000000004;8.062287064122385;26.23577235772358;10.350555555555555;621.0333333333333;37262;0.43127314814814816;
2025-04-27 02:27:08;10.767222222222221;1745686028;34.36273215778488;-0.004512664793517218;101.2982102085071;-0.4881024724474857;0.23824402360934857;7.597429541502371e-73;0.00023313184102674635;1200;98.588355;98.834;0.0;101.02;101.02;8.062287064122385;26.23577235772358;10.767222222222221;646.0333333333333;38762;0.44863425925925926;
2025-04-27 02:52:08;11.18388888888889;1745687528;37.6751367148544;-0.004947664296989096;101.96054241034194;-0.9643217422038439;0.9299164224870569;0.0;3.92426194053387e-05;1200;98.98947;99.40950000000001;94.773;101.368;6.594999999999999;8.062287064122385;26.23577235772358;11.18388888888889;671.0333333333333;40262;0.46599537037037037;
2025-04-27 03:17:08;11.600555555555555;1745689028;33.01364050221161;-0.004335496156594553;101.4153471087017;-0.9886904116157369;0.9775087300208952;0.0;1.9000151486036315e-05;1200;98.81188166666666;98.965;95.423;101.134;5.7109999999999985;8.062287064122385;26.23577235772358;11.600555555555555;696.0333333333333;41762;0.48335648148148147;
2025-04-27 03:42:09;12.017222222222221;1745690528;30.921517212375946;-0.004060749344542824;100.66938788862727;-0.9855282854164074;0.9712660013558037;0.0;2.0187756036606633e-05;1199;98.23293828190158;98.598;95.503;100.215;4.712000000000003;8.062287064122385;26.23577235772358;12.017222222222221;721.0333333333333;43262;0.5007175925925926;
2025-04-27 04:07:08;12.43388888888889;1745692028;22.148689804855373;-0.002908663148377186;100.4331947206005;-0.33151374148493273;0.10990136079333881;3.570098887192784e-32;0.00023915670055562886;1200;98.6865425;98.896;0.0;100.333;100.333;8.062287064122385;26.23577235772358;12.43388888888889;746.0333333333333;44762;0.5180787037037037;
2025-04-27 04:32:08;12.850555555555555;1745693528;22.885437538041366;-0.003005416094038954;101.03691736447038;-0.9887054116227102;0.9775383909720328;0.0;1.3162237386776215e-05;1200;99.232165;99.344;97.11;100.828;3.7180000000000035;8.062287064122385;26.23577235772358;12.850555555555555;771.0333333333333;46262;0.5354398148148148;
2025-04-27 04:57:08;13.267222222222221;1745695028;21.497373340712134;-0.002823129411895425;101.5434992118432;-0.9853756978042216;0.9709652658231567;0.0;1.4104557238222942e-05;1200;99.84821;100.01650000000001;97.785;101.297;3.5120000000000005;8.062287064122385;26.23577235772358;13.267222222222221;796.0333333333333;47762;0.5528009259259259;
2025-04-27 05:22:09;13.684166666666666;1745696528;22.29905473979187;-0.0029284097315345364;101.69934587711981;-0.9795592144275156;0.9595362545698515;0.0;1.7374238464546236e-05;1200;99.94083583333332;100.1625;97.806;101.412;3.6060000000000088;8.062287064122385;26.23577235772358;13.684166666666666;821.05;49263;0.5701736111111111;
2025-04-27 05:47:09;14.100833333333334;1745698028;23.73287338054636;-0.0031167050879896438;101.51608473867113;-0.9852866814395767;0.9707898446222138;0.0;1.5619661656739852e-05;1200;99.64450333333335;99.884;97.347;101.295;3.9480000000000075;8.062287064122385;26.23577235772358;14.100833333333334;846.05;50763;0.5875347222222222;
2025-04-27 06:12:09;14.5175;1745699528;22.634583244327967;-0.002972472807272782;100.66441658743398;-0.9895751412733809;0.9792589602262317;0.0;1.2498444510817147e-05;1200;98.87944666666667;98.972;96.669;100.5;3.831000000000003;8.062287064122385;26.23577235772358;14.5175;871.05;52263;0.6048958333333333;
2025-04-27 06:37:09;14.934166666666666;1745701028;17.684748031236907;-0.002322438723915781;100.16729278704476;-0.2678519572572028;0.0717446710065144;3.6556671924010634e-21;0.00024135414210730197;1200;98.77266833333333;98.979;0.0;100.403;100.403;8.062287064122385;26.23577235772358;14.934166666666666;896.05;53763;0.6222569444444445;
2025-04-27 07:02:09;15.350833333333334;1745702529;19.878275719498856;-0.002610502406598893;101.16917752849598;-0.9825030885119685;0.9653123189355571;0.0;1.4297147521078553e-05;1200;99.60157083333334;99.7695;97.663;100.971;3.308000000000007;8.062287064122385;26.23577235772358;15.350833333333334;921.05;55263;0.6396180555555555;
2025-04-27 07:27:09;15.7675;1745704029;19.439206567573944;-0.0025528419186402218;101.61069990547678;-0.982134401558562;0.9645879827247947;0.0;1.4131879437724867e-05;1200;100.07771833333332;100.22149999999999;98.068;101.416;3.347999999999999;8.062287064122385;26.23577235772358;15.7675;946.05;56763;0.6569791666666667;
2025-04-27 07:52:09;16.184166666666666;1745705529;27.768608847753306;-0.003646695581038597;102.02573402974703;-0.9742209204975844;0.9491064019351606;0.0;2.4397494465301563e-05;1200;99.83589333333335;100.008;96.919;101.514;4.594999999999999;8.062287064122385;26.23577235772358;16.184166666666666;971.05;58263;0.6743402777777778;
2025-04-27 08:17:09;16.600833333333334;1745707029;23.283429466604094;-0.003057682140751487;101.64033729218794;-0.9879122086982205;0.9759705320949964;0.0;1.3861736919859146e-05;1200;99.80419916666666;99.935;97.546;101.399;3.8529999999999944;8.062287064122385;26.23577235772358;16.600833333333334;996.05;59763;0.6917013888888889;
2025-04-27 08:42:09;17.0175;1745708529;21.882104733417265;-0.0028736540268430744;100.88837674311927;-0.9896799461957186;0.9794663959019605;0.0;1.2021091226062195e-05;1200;99.1627475;99.299;97.14;100.65;3.510000000000005;8.062287064122385;26.23577235772358;17.0175;1021.05;61263;0.7090625;
2025-04-27 09:07:09;17.434166666666666;1745710029;20.842388794251917;-0.00273711396674581;100.76892943703086;-0.3176603261983195;0.10090808284042277;1.5351223777847586e-29;0.0002360497478647893;1200;99.1252925;99.316;0.0;100.672;100.672;8.062287064122385;26.23577235772358;17.434166666666666;1046.05;62763;0.7264236111111111;
2025-04-27 09:32:09;17.850833333333334;1745711529;19.996559978555624;-0.002626036014608343;101.43278212677231;-0.9906427384205485;0.9813730351853633;0.0;1.0452646316736615e-05;1200;99.8558475;99.94;98.05;101.335;3.2849999999999966;8.062287064122385;26.23577235772358;17.850833333333334;1071.05;64263;0.7437847222222222;
2025-04-27 09:57:09;18.2675;1745713029;23.037211225781327;-0.003025347680797;101.8788487823186;-0.9748218795907491;0.9502776969288409;0.0;1.99938869893313e-05;1200;100.0621275;100.235;97.284;101.751;4.466999999999999;8.062287064122385;26.23577235772358;18.2675;1096.05;65763;0.7611458333333333;
2025-04-27 10:22:09;18.684166666666666;1745714529;28.939797506231173;-0.003800501215625845;101.72925264664998;-0.9713852182865184;0.943589242305547;0.0;2.6847382037164815e-05;1200;99.44705166666667;99.6665;96.158;101.485;5.326999999999998;8.062287064122385;26.23577235772358;18.684166666666666;1121.05;67263;0.7785069444444445;
2025-04-27 10:47:09;19.100833333333334;1745716029;22.39574841652526;-0.002941107969519424;101.7092595023631;-0.9890692068243456;0.9782578958881402;0.0;1.2667959419359352e-05;1200;99.94312416666668;100.0795;97.872;101.686;3.814000000000007;8.062287064122385;26.23577235772358;19.100833333333334;1146.05;68763;0.7958680555555555;
2025-04-27 11:12:09;19.5175;1745717529;20.654237074902184;-0.002712405057225735;101.26530757019738;-0.9888927816490827;0.9779089335976603;0.0;1.1778372094716873e-05;1200;99.63650833333332;99.775;97.652;101.193;3.540999999999997;8.062287064122385;26.23577235772358;19.5175;1171.05;70263;0.8132291666666667;
2025-04-27 11:37:10;19.934444444444445;1745719029;20.42296146007427;-0.0026820329284950885;101.0011182735613;-0.9906596835982868;0.9814066087070578;0.0;1.0665728195594556e-05;1200;99.3905575;99.446;97.528;100.902;3.3739999999999952;8.062287064122385;26.23577235772358;19.934444444444445;1196.0666666666666;71764;0.8306018518518519;
2025-04-27 12:02:10;20.351111111111113;1745720530;17.09411213791675;-0.0022448738263012697;101.13879423269391;-0.9794711660460794;0.9593637651156665;0.0;1.3348381263645827e-05;1200;99.7907475;99.94749999999999;98.062;100.943;2.8810000000000002;8.062287064122385;26.23577235772358;20.351111111111113;1221.0666666666666;73264;0.8479629629629629;
2025-04-27 12:27:10;20.767777777777777;1745722029;18.685165687114807;-0.002453817960984696;101.3782126855713;-0.9878133596477702;0.975775233498615;0.0;1.1170402863284509e-05;1200;99.90469499999999;100.03;98.154;101.394;3.240000000000009;8.062287064122385;26.23577235772358;20.767777777777777;1246.0666666666666;74764;0.8653240740740741;
2025-04-27 12:52:10;21.184444444444445;1745723530;20.26808674997072;-0.0026616941018709037;101.9836581415068;-0.9796980359423955;0.9598082416293872;0.0;1.5736422208889235e-05;1200;100.38531083333332;100.574;98.439;101.786;3.3470000000000084;8.062287064122385;26.23577235772358;21.184444444444445;1271.0666666666666;76264;0.8826851851851852;
2025-04-27 13:17:10;21.601111111111113;1745725030;29.024198353280013;-0.0038115851052674325;102.0750368557131;-0.9848449823483145;0.9699196392566519;0.0;1.9393261596102804e-05;1200;99.78618;99.8655;96.487;101.863;5.376000000000005;8.062287064122385;26.23577235772358;21.601111111111113;1296.0666666666666;77764;0.9000462962962963;
