Time;Seconds from start for linreg;Unix Time;ch1 po2;ch2 po2;ch3 po2;ch4 po2;
1900-01-01 22:42:07;1.0;1745671327;99.809;100.856;96.412;104.486;
1900-01-01 22:42:08;2.0;1745671328;99.809;100.771;96.559;104.452;
1900-01-01 22:42:10;3.0;1745671330;99.855;100.727;96.514;104.452;
1900-01-01 22:42:10;4.0;1745671330;99.843;100.727;96.514;104.413;
1900-01-01 22:42:11;5.0;1745671331;99.843;100.737;96.554;104.448;
1900-01-01 22:42:12;6.0;1745671332;99.765;100.799;96.459;104.448;
1900-01-01 22:42:13;7.0;1745671333;99.765;100.799;96.459;104.441;
1900-01-01 22:42:14;8.0;1745671334;99.764;100.73;96.48;104.385;
1900-01-01 22:42:15;9.0;1745671335;99.753;100.706;96.48;104.385;
1900-01-01 22:42:16;10.0;1745671336;99.753;100.706;96.47;104.43;
1900-01-01 22:42:17;11.0;1745671337;99.775;100.782;96.371;104.526;
1900-01-01 22:42:18;12.0;1745671338;99.673;100.766;96.371;104.526;
1900-01-01 22:42:19;13.0;1745671339;99.673;100.766;96.323;104.429;
1900-01-01 22:42:20;14.0;1745671340;99.587;100.757;96.387;104.429;
1900-01-01 22:42:21;15.0;1745671341;99.507;100.757;96.387;104.451;
1900-01-01 22:42:22;16.0;1745671342;99.507;100.773;96.392;104.438;
1900-01-01 22:42:23;17.0;1745671343;99.42;100.764;96.324;104.438;
1900-01-01 22:42:24;18.0;1745671344;99.313;100.764;96.324;104.443;
1900-01-01 22:42:25;19.0;1745671345;99.313;100.784;96.366;104.515;
1900-01-01 22:42:26;20.0;1745671346;99.368;100.816;96.39;104.515;
1900-01-01 22:42:27;21.0;1745671347;99.322;100.816;96.39;104.443;
1900-01-01 22:42:28;22.0;1745671348;99.322;100.782;96.301;104.43;
1900-01-01 22:42:29;23.0;1745671349;99.282;100.671;96.314;104.43;
1900-01-01 22:42:30;24.0;1745671350;99.258;100.671;96.314;104.442;
1900-01-01 22:42:31;25.0;1745671351;99.258;100.755;96.315;104.358;
1900-01-01 22:42:32;26.0;1745671352;99.364;100.71;96.315;104.358;
1900-01-01 22:42:33;27.0;1745671353;99.385;100.71;96.278;104.371;
1900-01-01 22:42:34;28.0;1745671354;99.385;100.739;96.302;104.374;
1900-01-01 22:42:35;29.0;1745671355;99.366;100.771;96.302;104.374;
1900-01-01 22:42:36;30.0;1745671356;99.435;100.771;96.314;104.415;
1900-01-01 22:42:37;31.0;1745671357;99.435;100.596;96.282;104.407;
1900-01-01 22:42:38;32.0;1745671358;99.497;100.645;96.282;104.407;
1900-01-01 22:42:39;33.0;1745671359;99.502;100.645;96.316;104.445;
1900-01-01 22:42:40;34.0;1745671360;99.502;100.777;96.294;104.349;
1900-01-01 22:42:41;35.0;1745671361;99.486;100.647;96.294;104.349;
1900-01-01 22:42:42;36.0;1745671362;99.486;100.647;96.364;104.419;
1900-01-01 22:42:43;37.0;1745671363;99.582;100.698;96.26;104.427;
1900-01-01 22:42:45;38.0;1745671365;99.405;100.697;96.26;104.427;
1900-01-01 22:42:45;39.0;1745671365;99.405;100.697;96.271;104.432;
1900-01-01 22:42:46;40.0;1745671366;99.494;100.708;96.249;104.432;
1900-01-01 22:42:47;41.0;1745671367;99.555;100.688;96.249;104.455;
1900-01-01 22:42:48;42.0;1745671368;99.555;100.688;96.243;104.527;
1900-01-01 22:42:49;43.0;1745671369;99.405;100.709;96.32;104.527;
1900-01-01 22:42:50;44.0;1745671370;99.366;100.645;96.32;104.43;
1900-01-01 22:42:51;45.0;1745671371;99.366;100.645;96.334;104.435;
1900-01-01 22:42:52;46.0;1745671372;99.434;100.601;96.253;104.435;
1900-01-01 22:42:54;47.0;1745671374;99.333;100.581;96.253;104.428;
1900-01-01 22:42:54;48.0;1745671374;99.333;100.581;96.233;104.425;
1900-01-01 22:42:55;49.0;1745671375;99.369;100.611;96.261;104.425;
1900-01-01 22:42:56;50.0;1745671376;99.439;100.611;96.261;104.396;
1900-01-01 22:42:57;51.0;1745671377;99.439;100.555;96.186;104.483;
1900-01-01 22:42:58;52.0;1745671378;99.409;100.532;96.186;104.483;
1900-01-01 22:42:59;53.0;1745671379;99.346;100.532;96.159;104.449;
1900-01-01 22:43:00;54.0;1745671380;99.346;100.535;96.271;104.449;
1900-01-01 22:43:01;55.0;1745671381;99.321;100.523;96.271;104.397;
1900-01-01 22:43:02;56.0;1745671382;99.402;100.523;96.207;104.391;
1900-01-01 22:43:03;57.0;1745671383;99.402;100.512;96.227;104.391;
1900-01-01 22:43:04;58.0;1745671384;99.33;100.496;96.227;104.417;
1900-01-01 22:43:05;59.0;1745671385;99.33;100.496;96.236;104.38;
1900-01-01 22:43:06;60.0;1745671386;99.351;100.424;96.244;104.38;
1900-01-01 22:43:07;61.0;1745671387;99.43;100.424;96.244;104.355;
1900-01-01 22:43:08;62.0;1745671388;99.43;100.458;96.252;104.299;
1900-01-01 22:43:09;63.0;1745671389;99.488;100.549;96.199;104.299;
1900-01-01 22:43:10;64.0;1745671390;99.468;100.549;96.199;104.354;
1900-01-01 22:43:11;65.0;1745671391;99.468;100.482;96.127;104.303;
1900-01-01 22:43:12;66.0;1745671392;99.558;100.563;96.127;104.303;
1900-01-01 22:43:13;67.0;1745671393;99.61;100.563;96.079;104.418;
1900-01-01 22:43:14;68.0;1745671394;99.61;100.608;96.146;104.426;
1900-01-01 22:43:15;69.0;1745671395;99.585;100.6;96.146;104.426;
1900-01-01 22:43:16;70.0;1745671396;99.578;100.6;96.185;104.358;
1900-01-01 22:43:17;71.0;1745671397;99.578;100.643;96.171;104.323;
1900-01-01 22:43:18;72.0;1745671398;99.531;100.632;96.22;104.323;
1900-01-01 22:43:19;73.0;1745671399;99.503;100.632;96.22;104.45;
1900-01-01 22:43:20;74.0;1745671400;99.503;100.679;96.269;104.279;
1900-01-01 22:43:21;75.0;1745671401;99.573;100.627;96.269;104.279;
1900-01-01 22:43:22;76.0;1745671402;99.594;100.627;96.221;104.38;
1900-01-01 22:43:23;77.0;1745671403;99.594;100.609;96.322;104.38;
1900-01-01 22:43:24;78.0;1745671404;99.581;100.771;96.322;104.357;
1900-01-01 22:43:25;79.0;1745671405;99.528;100.771;96.331;104.434;
1900-01-01 22:43:26;80.0;1745671406;99.528;100.644;96.322;104.434;
1900-01-01 22:43:27;81.0;1745671407;99.484;100.665;96.322;104.522;
1900-01-01 22:43:28;82.0;1745671408;99.424;100.665;96.261;104.436;
1900-01-01 22:43:29;83.0;1745671409;99.424;100.683;96.217;104.436;
1900-01-01 22:43:30;84.0;1745671410;99.32;100.692;96.217;104.341;
1900-01-01 22:43:31;85.0;1745671411;99.32;100.692;96.242;104.416;
1900-01-01 22:43:32;86.0;1745671412;99.209;100.797;96.162;104.416;
1900-01-01 22:43:33;87.0;1745671413;99.217;100.738;96.162;104.339;
1900-01-01 22:43:34;88.0;1745671414;99.217;100.738;96.054;104.338;
1900-01-01 22:43:35;89.0;1745671415;99.271;100.907;95.999;104.338;
1900-01-01 22:43:36;90.0;1745671416;99.261;100.907;95.999;104.474;
1900-01-01 22:43:37;91.0;1745671417;99.261;100.689;96.058;104.469;
1900-01-01 22:43:38;92.0;1745671418;99.388;100.664;96.058;104.469;
1900-01-01 22:43:39;93.0;1745671419;99.386;100.664;95.99;104.393;
1900-01-01 22:43:40;94.0;1745671420;99.386;100.625;95.971;104.378;
1900-01-01 22:43:41;95.0;1745671421;99.459;100.684;95.971;104.378;
1900-01-01 22:43:42;96.0;1745671422;99.454;100.684;95.969;104.408;
1900-01-01 22:43:43;97.0;1745671423;99.454;100.586;95.926;104.4;
1900-01-01 22:43:44;98.0;1745671424;99.554;100.567;95.926;104.4;
1900-01-01 22:43:45;99.0;1745671425;99.554;100.567;95.975;104.384;
1900-01-01 22:43:46;100.0;1745671426;99.523;100.498;95.972;104.384;
1900-01-01 22:43:48;101.0;1745671428;99.487;100.548;95.972;104.441;
1900-01-01 22:43:48;102.0;1745671428;99.487;100.548;96.027;104.422;
1900-01-01 22:43:49;103.0;1745671429;99.528;100.452;95.996;104.422;
1900-01-01 22:43:50;104.0;1745671430;99.527;100.428;95.996;104.353;
1900-01-01 22:43:51;105.0;1745671431;99.527;100.428;96.027;104.449;
1900-01-01 22:43:52;106.0;1745671432;99.577;100.427;96.074;104.449;
1900-01-01 22:43:54;107.0;1745671434;99.509;100.359;96.074;104.463;
1900-01-01 22:43:54;108.0;1745671434;99.509;100.359;96.063;104.393;
1900-01-01 22:43:55;109.0;1745671435;99.51;100.408;95.852;104.393;
1900-01-01 22:43:56;110.0;1745671436;99.521;100.408;95.852;104.356;
1900-01-01 22:43:57;111.0;1745671437;99.521;100.4;95.852;104.433;
1900-01-01 22:43:58;112.0;1745671438;99.437;100.449;95.852;104.433;
1900-01-01 22:43:59;113.0;1745671439;99.444;100.449;95.932;104.352;
1900-01-01 22:44:00;114.0;1745671440;99.444;100.373;95.942;104.342;
1900-01-01 22:44:01;115.0;1745671441;99.398;100.406;95.942;104.342;
1900-01-01 22:44:02;116.0;1745671442;99.307;100.406;95.887;104.356;
1900-01-01 22:44:03;117.0;1745671443;99.307;100.451;95.869;104.332;
1900-01-01 22:44:04;118.0;1745671444;99.299;100.271;95.842;104.332;
1900-01-01 22:44:05;119.0;1745671445;99.287;100.271;95.842;104.434;
1900-01-01 22:44:06;120.0;1745671446;99.287;100.311;95.721;104.459;
1900-01-01 22:44:07;121.0;1745671447;99.349;100.349;95.721;104.459;
1900-01-01 22:44:08;122.0;1745671448;99.284;100.349;95.637;104.464;
1900-01-01 22:44:09;123.0;1745671449;99.284;100.328;95.717;104.306;
1900-01-01 22:44:10;124.0;1745671450;99.356;100.346;95.717;104.306;
1900-01-01 22:44:11;125.0;1745671451;99.263;100.346;95.778;104.385;
1900-01-01 22:44:12;126.0;1745671452;99.263;100.349;95.866;104.336;
1900-01-01 22:44:13;127.0;1745671453;99.3;100.432;95.866;104.336;
1900-01-01 22:44:14;128.0;1745671454;99.344;100.432;95.87;104.392;
1900-01-01 22:44:15;129.0;1745671455;99.344;100.406;95.938;104.392;
1900-01-01 22:44:16;130.0;1745671456;99.286;100.397;95.938;104.46;
1900-01-01 22:44:17;131.0;1745671457;99.247;100.397;95.989;104.441;
1900-01-01 22:44:18;132.0;1745671458;99.247;100.278;96.147;104.364;
1900-01-01 22:44:19;133.0;1745671459;99.23;100.292;96.147;104.364;
1900-01-01 22:44:20;134.0;1745671460;99.23;100.292;96.127;104.411;
1900-01-01 22:44:21;135.0;1745671461;99.186;100.19;95.989;104.218;
1900-01-01 22:44:22;136.0;1745671462;99.197;100.235;95.989;104.218;
1900-01-01 22:44:23;137.0;1745671463;99.197;100.235;95.942;104.319;
1900-01-01 22:44:24;138.0;1745671464;99.188;100.158;96.012;104.319;
1900-01-01 22:44:25;139.0;1745671465;99.022;100.2;96.012;104.302;
1900-01-01 22:44:26;140.0;1745671466;99.022;100.2;95.926;104.406;
1900-01-01 22:44:27;141.0;1745671467;99.06;100.144;95.944;104.406;
1900-01-01 22:44:28;142.0;1745671468;99.104;100.11;95.944;104.366;
1900-01-01 22:44:29;143.0;1745671469;99.073;100.11;95.947;104.287;
1900-01-01 22:44:30;144.0;1745671470;99.073;100.15;95.938;104.287;
1900-01-01 22:44:31;145.0;1745671471;99.102;100.171;95.938;104.346;
1900-01-01 22:44:32;146.0;1745671472;99.102;100.171;95.893;104.312;
1900-01-01 22:44:33;147.0;1745671473;99.145;99.991;95.886;104.312;
1900-01-01 22:44:34;148.0;1745671474;99.148;99.991;95.886;104.329;
1900-01-01 22:44:35;149.0;1745671475;99.148;100.026;95.832;104.324;
1900-01-01 22:44:36;150.0;1745671476;99.168;99.991;95.87;104.324;
1900-01-01 22:44:37;151.0;1745671477;99.19;99.972;95.87;104.263;
1900-01-01 22:44:38;152.0;1745671478;99.19;99.972;95.729;104.316;
1900-01-01 22:44:39;153.0;1745671479;99.282;99.969;95.724;104.316;
1900-01-01 22:44:40;154.0;1745671480;99.22;99.969;95.724;104.329;
1900-01-01 22:44:41;155.0;1745671481;99.22;100.038;95.829;104.367;
1900-01-01 22:44:42;156.0;1745671482;99.173;99.851;95.798;104.367;
1900-01-01 22:44:43;157.0;1745671483;99.272;99.851;95.798;104.374;
1900-01-01 22:44:44;158.0;1745671484;99.272;99.833;95.851;104.349;
1900-01-01 22:44:45;159.0;1745671485;99.26;99.852;95.851;104.349;
1900-01-01 22:44:46;160.0;1745671486;99.213;99.852;95.766;104.36;
1900-01-01 22:44:47;161.0;1745671487;99.213;99.847;95.939;104.366;
1900-01-01 22:44:48;162.0;1745671488;99.252;99.792;95.939;104.366;
1900-01-01 22:44:49;163.0;1745671489;99.252;99.792;95.955;104.388;
1900-01-01 22:44:50;164.0;1745671490;99.182;99.819;95.933;104.43;
1900-01-01 22:44:51;165.0;1745671491;99.15;99.76;95.933;104.43;
1900-01-01 22:44:52;166.0;1745671492;99.15;99.76;95.966;104.329;
1900-01-01 22:44:53;167.0;1745671493;99.122;99.769;95.901;104.329;
1900-01-01 22:44:54;168.0;1745671494;99.17;99.769;95.901;104.341;
1900-01-01 22:44:55;169.0;1745671495;99.17;99.874;95.895;104.374;
1900-01-01 22:44:56;170.0;1745671496;99.121;99.831;95.795;104.374;
1900-01-01 22:44:57;171.0;1745671497;98.988;99.831;95.795;104.359;
1900-01-01 22:44:58;172.0;1745671498;98.988;99.782;95.755;104.366;
1900-01-01 22:44:59;173.0;1745671499;99.1;99.807;95.688;104.366;
1900-01-01 22:45:00;174.0;1745671500;99.136;99.807;95.688;104.316;
1900-01-01 22:45:01;175.0;1745671501;99.136;99.798;95.708;104.389;
1900-01-01 22:45:02;176.0;1745671502;99.187;99.875;95.708;104.389;
1900-01-01 22:45:03;177.0;1745671503;99.111;99.875;95.769;104.428;
1900-01-01 22:45:04;178.0;1745671504;99.111;99.813;95.7;104.476;
1900-01-01 22:45:05;179.0;1745671505;99.144;99.826;95.7;104.476;
1900-01-01 22:45:06;180.0;1745671506;99.184;99.826;95.696;104.457;
1900-01-01 22:45:07;181.0;1745671507;99.184;99.825;95.707;104.391;
1900-01-01 22:45:08;182.0;1745671508;99.213;99.756;95.694;104.391;
1900-01-01 22:45:09;183.0;1745671509;99.213;99.756;95.694;104.358;
1900-01-01 22:45:10;184.0;1745671510;99.09;99.78;95.75;104.358;
1900-01-01 22:45:11;185.0;1745671511;99.057;99.74;95.75;104.285;
1900-01-01 22:45:12;186.0;1745671512;99.057;99.74;95.779;104.328;
1900-01-01 22:45:13;187.0;1745671513;99.014;99.75;95.627;104.328;
1900-01-01 22:45:15;188.0;1745671515;98.938;99.776;95.627;104.397;
1900-01-01 22:45:15;189.0;1745671515;98.938;99.776;95.697;104.372;
1900-01-01 22:45:16;190.0;1745671516;98.936;99.793;95.634;104.372;
1900-01-01 22:45:17;191.0;1745671517;98.826;99.826;95.634;104.293;
1900-01-01 22:45:18;192.0;1745671518;98.826;99.826;95.534;104.372;
1900-01-01 22:45:19;193.0;1745671519;98.916;99.842;95.698;104.372;
1900-01-01 22:45:20;194.0;1745671520;98.86;99.842;95.698;104.336;
1900-01-01 22:45:21;195.0;1745671521;98.86;99.825;95.745;104.38;
1900-01-01 22:45:22;196.0;1745671522;98.999;99.924;95.745;104.38;
1900-01-01 22:45:23;197.0;1745671523;98.998;99.924;95.702;104.315;
1900-01-01 22:45:24;198.0;1745671524;98.998;99.89;95.737;104.315;
1900-01-01 22:45:25;199.0;1745671525;99.058;99.943;95.737;104.333;
1900-01-01 22:45:26;200.0;1745671526;99.142;99.943;95.664;104.401;
1900-01-01 22:45:27;201.0;1745671527;99.142;100.013;95.637;104.401;
1900-01-01 22:45:28;202.0;1745671528;99.001;99.944;95.637;104.415;
1900-01-01 22:45:29;203.0;1745671529;98.999;99.944;95.661;104.286;
1900-01-01 22:45:30;204.0;1745671530;98.999;100.052;95.681;104.404;
1900-01-01 22:45:31;205.0;1745671531;99.047;100.055;95.681;104.404;
1900-01-01 22:45:32;206.0;1745671532;99.047;100.055;95.729;104.36;
1900-01-01 22:45:33;207.0;1745671533;99.216;99.88;95.825;104.357;
1900-01-01 22:45:34;208.0;1745671534;99.139;99.972;95.825;104.357;
1900-01-01 22:45:35;209.0;1745671535;99.139;99.972;95.753;104.42;
1900-01-01 22:45:36;210.0;1745671536;99.106;99.913;95.702;104.42;
1900-01-01 22:45:37;211.0;1745671537;99.113;99.923;95.702;104.295;
1900-01-01 22:45:38;212.0;1745671538;99.113;99.923;95.664;104.385;
1900-01-01 22:45:39;213.0;1745671539;99.036;99.775;95.605;104.385;
1900-01-01 22:45:40;214.0;1745671540;99.127;99.765;95.605;104.383;
1900-01-01 22:45:41;215.0;1745671541;99.127;99.765;95.569;104.381;
1900-01-01 22:45:42;216.0;1745671542;99.024;99.739;95.555;104.381;
1900-01-01 22:45:43;217.0;1745671543;99.152;99.69;95.555;104.394;
1900-01-01 22:45:44;218.0;1745671544;99.152;99.69;95.46;104.316;
1900-01-01 22:45:45;219.0;1745671545;98.985;99.657;95.521;104.316;
1900-01-01 22:45:46;220.0;1745671546;98.993;99.657;95.521;104.344;
1900-01-01 22:45:47;221.0;1745671547;98.993;99.764;95.588;104.334;
1900-01-01 22:45:48;222.0;1745671548;98.983;99.659;95.588;104.334;
1900-01-01 22:45:49;223.0;1745671549;98.876;99.659;95.597;104.329;
1900-01-01 22:45:50;224.0;1745671550;98.876;99.668;95.692;104.329;
1900-01-01 22:45:51;225.0;1745671551;98.913;99.636;95.692;104.439;
1900-01-01 22:45:52;226.0;1745671552;98.89;99.636;95.623;104.348;
1900-01-01 22:45:53;227.0;1745671553;98.89;99.541;95.694;104.348;
1900-01-01 22:45:54;228.0;1745671554;98.934;99.611;95.694;104.349;
1900-01-01 22:45:55;229.0;1745671555;98.934;99.611;95.674;104.356;
1900-01-01 22:45:56;230.0;1745671556;98.921;99.578;95.626;104.356;
1900-01-01 22:45:57;231.0;1745671557;98.839;99.528;95.626;104.39;
1900-01-01 22:45:58;232.0;1745671558;98.839;99.528;95.598;104.334;
1900-01-01 22:45:59;233.0;1745671559;98.905;99.567;95.565;104.334;
1900-01-01 22:46:00;234.0;1745671560;98.942;99.567;95.565;104.359;
1900-01-01 22:46:01;235.0;1745671561;98.942;99.504;95.517;104.362;
1900-01-01 22:46:02;236.0;1745671562;98.934;99.513;95.517;104.362;
1900-01-01 22:46:03;237.0;1745671563;98.937;99.513;95.534;104.45;
1900-01-01 22:46:04;238.0;1745671564;98.937;99.543;95.474;104.398;
1900-01-01 22:46:05;239.0;1745671565;98.957;99.51;95.474;104.398;
1900-01-01 22:46:06;240.0;1745671566;99.054;99.51;95.517;104.333;
1900-01-01 22:46:07;241.0;1745671567;99.054;99.523;95.582;104.416;
1900-01-01 22:46:08;242.0;1745671568;99.124;99.481;95.582;104.416;
1900-01-01 22:46:09;243.0;1745671569;99.091;99.481;95.538;104.399;
1900-01-01 22:46:10;244.0;1745671570;99.091;99.516;95.517;104.456;
1900-01-01 22:46:11;245.0;1745671571;99.003;99.544;95.517;104.456;
1900-01-01 22:46:12;246.0;1745671572;99.003;99.544;95.405;104.315;
1900-01-01 22:46:13;247.0;1745671573;99.072;99.507;95.394;104.315;
1900-01-01 22:46:14;248.0;1745671574;99.016;99.496;95.394;104.375;
1900-01-01 22:46:15;249.0;1745671575;99.016;99.496;95.482;104.341;
1900-01-01 22:46:16;250.0;1745671576;98.984;99.542;95.479;104.341;
1900-01-01 22:46:17;251.0;1745671577;98.949;99.523;95.479;104.402;
1900-01-01 22:46:18;252.0;1745671578;98.949;99.523;95.495;104.282;
1900-01-01 22:46:19;253.0;1745671579;99.015;99.608;95.469;104.282;
1900-01-01 22:46:20;254.0;1745671580;98.906;99.608;95.469;104.388;
1900-01-01 22:46:21;255.0;1745671581;98.906;99.604;95.567;104.359;
1900-01-01 22:46:22;256.0;1745671582;98.942;99.597;95.469;104.359;
1900-01-01 22:46:23;257.0;1745671583;98.883;99.597;95.469;104.317;
1900-01-01 22:46:24;258.0;1745671584;98.883;99.496;95.544;104.391;
1900-01-01 22:46:25;259.0;1745671585;98.884;99.454;95.664;104.391;
1900-01-01 22:46:27;260.0;1745671587;98.732;99.454;95.664;104.416;
1900-01-01 22:46:27;261.0;1745671587;98.732;99.444;95.472;104.305;
1900-01-01 22:46:28;262.0;1745671588;98.651;99.413;95.472;104.305;
1900-01-01 22:46:29;263.0;1745671589;98.651;99.413;95.369;104.367;
1900-01-01 22:46:30;264.0;1745671590;98.752;99.406;95.568;104.367;
1900-01-01 22:46:31;265.0;1745671591;98.639;99.284;95.568;104.335;
1900-01-01 22:46:32;266.0;1745671592;98.639;99.284;95.425;104.282;
1900-01-01 22:46:33;267.0;1745671593;98.676;99.253;95.371;104.282;
1900-01-01 22:46:35;268.0;1745671595;98.634;99.293;95.371;104.412;
1900-01-01 22:46:35;269.0;1745671595;98.634;99.293;95.394;104.398;
1900-01-01 22:46:36;270.0;1745671596;98.574;99.232;95.366;104.398;
1900-01-01 22:46:37;271.0;1745671597;98.584;99.308;95.366;104.336;
1900-01-01 22:46:38;272.0;1745671598;98.584;99.308;95.347;104.482;
1900-01-01 22:46:39;273.0;1745671599;98.564;99.285;95.29;104.482;
1900-01-01 22:46:40;274.0;1745671600;98.531;99.285;95.29;104.391;
1900-01-01 22:46:41;275.0;1745671601;98.531;99.273;95.379;104.285;
1900-01-01 22:46:42;276.0;1745671602;98.581;99.199;95.438;104.285;
1900-01-01 22:46:43;277.0;1745671603;98.486;99.199;95.438;104.294;
1900-01-01 22:46:44;278.0;1745671604;98.486;99.214;95.342;104.352;
1900-01-01 22:46:45;279.0;1745671605;98.569;99.155;95.342;104.352;
1900-01-01 22:46:46;280.0;1745671606;98.573;99.155;95.276;104.272;
1900-01-01 22:46:47;281.0;1745671607;98.573;99.187;95.228;104.35;
1900-01-01 22:46:48;282.0;1745671608;98.566;99.274;95.228;104.35;
1900-01-01 22:46:49;283.0;1745671609;98.551;99.274;95.211;104.366;
1900-01-01 22:46:50;284.0;1745671610;98.551;99.302;95.293;104.366;
1900-01-01 22:46:51;285.0;1745671611;98.655;99.233;95.293;104.329;
1900-01-01 22:46:52;286.0;1745671612;98.58;99.233;95.378;104.307;
1900-01-01 22:46:53;287.0;1745671613;98.58;99.215;95.405;104.307;
1900-01-01 22:46:54;288.0;1745671614;98.58;99.215;95.405;104.333;
1900-01-01 22:46:56;289.0;1745671616;98.698;99.215;95.333;104.328;
1900-01-01 22:46:56;290.0;1745671616;98.698;99.278;95.322;104.328;
1900-01-01 22:46:57;291.0;1745671617;98.632;99.209;95.322;104.359;
1900-01-01 22:46:58;292.0;1745671618;98.632;99.209;95.326;104.358;
1900-01-01 22:46:59;293.0;1745671619;98.55;99.3;95.335;104.358;
1900-01-01 22:47:00;294.0;1745671620;98.595;99.3;95.335;104.309;
1900-01-01 22:47:01;295.0;1745671621;98.595;99.246;95.398;104.325;
1900-01-01 22:47:02;296.0;1745671622;98.624;99.244;95.398;104.325;
1900-01-01 22:47:03;297.0;1745671623;98.588;99.244;95.417;104.338;
1900-01-01 22:47:04;298.0;1745671624;98.588;99.264;95.373;104.338;
1900-01-01 22:47:05;299.0;1745671625;98.678;99.349;95.373;104.338;
1900-01-01 22:47:06;300.0;1745671626;98.634;99.349;95.364;104.358;
1900-01-01 22:47:07;301.0;1745671627;98.634;99.305;95.309;104.358;
1900-01-01 22:47:08;302.0;1745671628;98.589;99.269;95.309;104.366;
1900-01-01 22:47:09;303.0;1745671629;98.589;99.269;95.258;104.334;
1900-01-01 22:47:10;304.0;1745671630;98.533;99.313;95.175;104.314;
1900-01-01 22:47:12;305.0;1745671632;98.612;99.277;95.175;104.314;
1900-01-01 22:47:12;306.0;1745671632;98.612;99.277;95.223;104.38;
1900-01-01 22:47:13;307.0;1745671633;98.552;99.243;95.334;104.38;
1900-01-01 22:47:14;308.0;1745671634;98.59;99.385;95.334;104.385;
1900-01-01 22:47:15;309.0;1745671635;98.59;99.385;95.316;104.344;
1900-01-01 22:47:16;310.0;1745671636;98.473;99.395;95.245;104.344;
1900-01-01 22:47:17;311.0;1745671637;98.527;99.319;95.245;104.385;
1900-01-01 22:47:18;312.0;1745671638;98.527;99.319;95.175;104.373;
1900-01-01 22:47:19;313.0;1745671639;98.506;99.381;95.261;104.373;
1900-01-01 22:47:20;314.0;1745671640;98.587;99.351;95.261;104.429;
1900-01-01 22:47:21;315.0;1745671641;98.587;99.351;95.239;104.374;
1900-01-01 22:47:22;316.0;1745671642;98.508;99.419;95.163;104.374;
1900-01-01 22:47:23;317.0;1745671643;98.488;99.419;95.163;104.245;
1900-01-01 22:47:24;318.0;1745671644;98.488;99.437;95.193;104.389;
1900-01-01 22:47:25;319.0;1745671645;98.47;99.339;95.193;104.389;
1900-01-01 22:47:26;320.0;1745671646;98.472;99.339;95.109;104.323;
1900-01-01 22:47:27;321.0;1745671647;98.472;99.319;95.083;104.389;
1900-01-01 22:47:29;322.0;1745671649;98.519;99.301;95.132;104.389;
1900-01-01 22:47:29;323.0;1745671649;98.457;99.301;95.132;104.265;
1900-01-01 22:47:30;324.0;1745671650;98.457;99.367;95.114;104.334;
1900-01-01 22:47:31;325.0;1745671651;98.488;99.286;95.121;104.334;
1900-01-01 22:47:32;326.0;1745671652;98.45;99.286;95.121;104.34;
1900-01-01 22:47:33;327.0;1745671653;98.45;99.281;95.048;104.345;
1900-01-01 22:47:35;328.0;1745671655;98.418;99.241;95.1;104.345;
1900-01-01 22:47:35;329.0;1745671655;98.418;99.241;95.1;104.293;
1900-01-01 22:47:36;330.0;1745671656;98.371;99.232;95.114;104.279;
1900-01-01 22:47:37;331.0;1745671657;98.44;99.106;95.114;104.279;
1900-01-01 22:47:38;332.0;1745671658;98.44;99.106;95.273;104.381;
1900-01-01 22:47:39;333.0;1745671659;98.44;99.109;95.304;104.242;
1900-01-01 22:47:40;334.0;1745671660;98.334;99.109;95.304;104.242;
1900-01-01 22:47:41;335.0;1745671661;98.334;99.202;95.384;104.308;
1900-01-01 22:47:42;336.0;1745671662;98.34;99.122;95.362;104.308;
1900-01-01 22:47:43;337.0;1745671663;98.465;99.122;95.362;104.316;
1900-01-01 22:47:44;338.0;1745671664;98.465;99.121;95.244;104.242;
1900-01-01 22:47:45;339.0;1745671665;98.343;99.1;95.244;104.242;
1900-01-01 22:47:46;340.0;1745671666;98.333;99.1;95.247;104.292;
1900-01-01 22:47:47;341.0;1745671667;98.333;99.079;95.2;104.346;
1900-01-01 22:47:48;342.0;1745671668;98.335;99.013;95.2;104.346;
1900-01-01 22:47:49;343.0;1745671669;98.301;99.013;95.232;104.386;
1900-01-01 22:47:51;344.0;1745671671;98.301;98.968;95.1;104.334;
1900-01-01 22:47:51;345.0;1745671671;98.323;99.063;95.1;104.334;
1900-01-01 22:47:52;346.0;1745671672;98.223;99.063;95.051;104.361;
1900-01-01 22:47:53;347.0;1745671673;98.223;99.055;95.059;104.265;
1900-01-01 22:47:54;348.0;1745671674;98.18;98.994;95.059;104.265;
1900-01-01 22:47:55;349.0;1745671675;98.188;98.994;95.022;104.337;
1900-01-01 22:47:56;350.0;1745671676;98.188;99.031;95.012;104.329;
1900-01-01 22:47:57;351.0;1745671677;98.084;98.89;95.012;104.329;
1900-01-01 22:47:58;352.0;1745671678;98.084;98.89;95.007;104.401;
1900-01-01 22:47:59;353.0;1745671679;98.165;98.951;95.021;104.401;
1900-01-01 22:48:00;354.0;1745671680;98.054;98.971;95.021;104.327;
1900-01-01 22:48:02;355.0;1745671682;98.097;98.971;95.0;104.223;
1900-01-01 22:48:02;356.0;1745671682;98.097;98.953;95.098;104.223;
1900-01-01 22:48:03;357.0;1745671683;98.005;98.879;95.098;104.308;
1900-01-01 22:48:04;358.0;1745671684;98.005;98.879;95.145;104.208;
1900-01-01 22:48:05;359.0;1745671685;97.987;98.982;95.031;104.208;
1900-01-01 22:48:06;360.0;1745671686;97.98;98.912;95.031;104.302;
1900-01-01 22:48:07;361.0;1745671687;97.98;98.912;95.026;104.287;
1900-01-01 22:48:08;362.0;1745671688;97.942;98.8;95.065;104.287;
1900-01-01 22:48:09;363.0;1745671689;97.952;98.8;95.065;104.211;
1900-01-01 22:48:10;364.0;1745671690;97.952;98.882;94.953;104.302;
1900-01-01 22:48:11;365.0;1745671691;97.952;98.857;94.953;104.302;
1900-01-01 22:48:12;366.0;1745671692;97.962;98.857;95.062;104.276;
1900-01-01 22:48:14;367.0;1745671694;97.962;98.854;95.027;104.333;
1900-01-01 22:48:14;368.0;1745671694;97.882;98.84;95.027;104.333;
1900-01-01 22:48:15;369.0;1745671695;98.0;98.84;95.056;104.243;
1900-01-01 22:48:16;370.0;1745671696;98.0;98.793;95.046;104.243;
1900-01-01 22:48:17;371.0;1745671697;97.904;98.936;95.046;104.351;
1900-01-01 22:48:19;372.0;1745671699;97.975;98.936;95.108;104.316;
1900-01-01 22:48:19;373.0;1745671699;97.975;98.874;95.084;104.316;
1900-01-01 22:48:20;374.0;1745671700;97.971;98.867;95.084;104.361;
1900-01-01 22:48:21;375.0;1745671701;97.971;98.867;95.042;104.367;
1900-01-01 22:48:22;376.0;1745671702;97.943;98.864;95.006;104.367;
1900-01-01 22:48:24;377.0;1745671704;97.897;98.869;95.006;104.286;
1900-01-01 22:48:24;378.0;1745671704;97.897;98.869;94.841;104.289;
1900-01-01 22:48:25;379.0;1745671705;97.929;98.849;94.774;104.289;
1900-01-01 22:48:26;380.0;1745671706;97.89;98.849;94.774;104.248;
1900-01-01 22:48:27;381.0;1745671707;97.89;98.87;94.746;104.244;
1900-01-01 22:48:28;382.0;1745671708;97.844;98.763;94.805;104.244;
1900-01-01 22:48:29;383.0;1745671709;97.865;98.763;94.805;104.317;
1900-01-01 22:48:30;384.0;1745671710;97.865;98.848;94.845;104.217;
1900-01-01 22:48:31;385.0;1745671711;97.877;98.771;94.881;104.217;
1900-01-01 22:48:32;386.0;1745671712;97.923;98.771;94.881;104.313;
1900-01-01 22:48:33;387.0;1745671713;97.923;98.733;94.872;104.229;
1900-01-01 22:48:34;388.0;1745671714;97.906;98.709;94.872;104.229;
1900-01-01 22:48:35;389.0;1745671715;97.949;98.709;94.734;104.262;
1900-01-01 22:48:36;390.0;1745671716;97.949;98.692;94.668;104.34;
1900-01-01 22:48:37;391.0;1745671717;98.015;98.72;94.607;104.34;
1900-01-01 22:48:38;392.0;1745671718;97.932;98.72;94.607;104.297;
1900-01-01 22:48:39;393.0;1745671719;97.932;98.676;94.615;104.268;
1900-01-01 22:48:40;394.0;1745671720;98.01;98.676;94.615;104.268;
1900-01-01 22:48:41;395.0;1745671721;98.008;98.676;94.636;104.261;
1900-01-01 22:48:42;396.0;1745671722;98.008;98.713;94.585;104.222;
1900-01-01 22:48:43;397.0;1745671723;98.021;98.628;94.585;104.222;
1900-01-01 22:48:45;398.0;1745671725;98.058;98.628;94.583;104.313;
1900-01-01 22:48:45;399.0;1745671725;98.058;98.647;94.61;104.313;
1900-01-01 22:48:46;400.0;1745671726;98.026;98.695;94.61;104.31;
1900-01-01 22:48:47;401.0;1745671727;97.904;98.695;94.677;104.294;
1900-01-01 22:48:48;402.0;1745671728;97.904;98.704;94.759;104.294;
1900-01-01 22:48:49;403.0;1745671729;97.976;98.704;94.759;104.229;
1900-01-01 22:48:50;404.0;1745671730;97.976;98.744;94.816;104.214;
1900-01-01 22:48:52;405.0;1745671732;97.919;98.718;94.965;104.214;
1900-01-01 22:48:52;406.0;1745671732;97.695;98.718;94.965;104.322;
1900-01-01 22:48:53;407.0;1745671733;97.695;98.69;94.952;104.291;
1900-01-01 22:48:54;408.0;1745671734;97.731;98.593;94.952;104.291;
1900-01-01 22:48:55;409.0;1745671735;97.552;98.593;94.982;104.25;
1900-01-01 22:48:56;410.0;1745671736;97.552;98.684;95.03;104.336;
1900-01-01 22:48:57;411.0;1745671737;97.555;98.679;95.03;104.336;
1900-01-01 22:48:58;412.0;1745671738;97.576;98.679;94.991;104.309;
1900-01-01 22:48:59;413.0;1745671739;97.576;98.689;94.93;104.396;
1900-01-01 22:49:00;414.0;1745671740;97.651;98.601;94.93;104.396;
1900-01-01 22:49:01;415.0;1745671741;97.651;98.601;94.817;104.326;
1900-01-01 22:49:02;416.0;1745671742;97.65;98.644;94.908;104.295;
1900-01-01 22:49:03;417.0;1745671743;97.537;98.644;94.908;104.295;
1900-01-01 22:49:04;418.0;1745671744;97.537;98.669;94.798;104.226;
1900-01-01 22:49:05;419.0;1745671745;97.659;98.662;94.765;104.226;
1900-01-01 22:49:07;420.0;1745671747;97.713;98.646;94.765;104.194;
1900-01-01 22:49:07;421.0;1745671747;97.713;98.646;94.746;104.232;
1900-01-01 22:49:08;422.0;1745671748;97.547;98.543;94.756;104.232;
1900-01-01 22:49:09;423.0;1745671749;97.622;98.582;94.756;104.225;
1900-01-01 22:49:10;424.0;1745671750;97.622;98.582;94.746;104.324;
1900-01-01 22:49:11;425.0;1745671751;97.468;98.559;94.754;104.324;
1900-01-01 22:49:12;426.0;1745671752;97.484;98.559;94.754;104.228;
1900-01-01 22:49:13;427.0;1745671753;97.484;98.539;94.718;104.185;
1900-01-01 22:49:14;428.0;1745671754;97.388;98.563;94.659;104.185;
1900-01-01 22:49:15;429.0;1745671755;97.32;98.492;94.659;104.314;
1900-01-01 22:49:16;430.0;1745671756;97.32;98.492;94.628;104.27;
1900-01-01 22:49:17;431.0;1745671757;97.281;98.587;94.625;104.27;
1900-01-01 22:49:18;432.0;1745671758;97.24;98.46;94.625;104.288;
1900-01-01 22:49:19;433.0;1745671759;97.24;98.46;94.575;104.346;
1900-01-01 22:49:20;434.0;1745671760;97.222;98.403;94.618;104.346;
1900-01-01 22:49:21;435.0;1745671761;97.17;98.403;94.618;104.26;
1900-01-01 22:49:22;436.0;1745671762;97.17;98.469;94.555;104.242;
1900-01-01 22:49:23;437.0;1745671763;97.33;98.435;94.496;104.242;
1900-01-01 22:49:24;438.0;1745671764;97.345;98.435;94.496;104.288;
1900-01-01 22:49:25;439.0;1745671765;97.345;98.423;94.468;104.35;
1900-01-01 22:49:26;440.0;1745671766;97.381;98.402;94.492;104.35;
1900-01-01 22:49:27;441.0;1745671767;97.427;98.402;94.492;104.417;
1900-01-01 22:49:28;442.0;1745671768;97.427;98.409;94.618;104.315;
1900-01-01 22:49:29;443.0;1745671769;97.407;98.459;94.618;104.315;
1900-01-01 22:49:30;444.0;1745671770;97.454;98.459;94.554;104.305;
1900-01-01 22:49:31;445.0;1745671771;97.454;98.452;94.658;104.305;
1900-01-01 22:49:32;446.0;1745671772;97.411;98.387;94.658;104.31;
1900-01-01 22:49:34;447.0;1745671774;97.2;98.387;94.651;104.253;
1900-01-01 22:49:34;448.0;1745671774;97.2;98.327;94.765;104.253;
1900-01-01 22:49:35;449.0;1745671775;97.232;98.37;94.765;104.253;
1900-01-01 22:49:36;450.0;1745671776;97.185;98.37;94.742;104.292;
1900-01-01 22:49:37;451.0;1745671777;97.185;98.397;94.749;104.31;
1900-01-01 22:49:38;452.0;1745671778;97.078;98.405;94.749;104.31;
1900-01-01 22:49:39;453.0;1745671779;97.162;98.405;94.769;104.22;
1900-01-01 22:49:40;454.0;1745671780;97.162;98.385;94.793;104.282;
1900-01-01 22:49:42;455.0;1745671782;97.248;98.354;94.793;104.282;
1900-01-01 22:49:42;456.0;1745671782;97.248;98.354;94.675;104.189;
1900-01-01 22:49:43;457.0;1745671783;97.258;98.325;94.663;104.189;
1900-01-01 22:49:44;458.0;1745671784;97.338;98.325;94.663;104.282;
1900-01-01 22:49:45;459.0;1745671785;97.338;98.237;94.621;104.297;
1900-01-01 22:49:46;460.0;1745671786;97.282;98.255;94.539;104.297;
1900-01-01 22:49:47;461.0;1745671787;97.309;98.255;94.539;104.21;
1900-01-01 22:49:48;462.0;1745671788;97.309;98.273;94.494;104.295;
1900-01-01 22:49:49;463.0;1745671789;97.363;98.248;94.572;104.295;
1900-01-01 22:49:50;464.0;1745671790;97.206;98.248;94.572;104.297;
1900-01-01 22:49:51;465.0;1745671791;97.206;98.198;94.625;104.293;
1900-01-01 22:49:52;466.0;1745671792;97.315;98.158;94.625;104.293;
1900-01-01 22:49:53;467.0;1745671793;97.277;98.158;94.548;104.293;
1900-01-01 22:49:54;468.0;1745671794;97.277;98.219;94.602;104.191;
1900-01-01 22:49:56;469.0;1745671796;97.253;98.345;94.572;104.191;
1900-01-01 22:49:56;470.0;1745671796;97.202;98.345;94.572;104.224;
1900-01-01 22:49:57;471.0;1745671797;97.202;98.279;94.49;104.215;
1900-01-01 22:49:58;472.0;1745671798;97.132;98.153;94.49;104.215;
1900-01-01 22:49:59;473.0;1745671799;97.132;98.153;94.507;104.251;
1900-01-01 22:50:00;474.0;1745671800;97.156;98.24;94.508;104.26;
1900-01-01 22:50:01;475.0;1745671801;97.232;98.29;94.508;104.26;
1900-01-01 22:50:02;476.0;1745671802;97.232;98.29;94.561;104.235;
1900-01-01 22:50:03;477.0;1745671803;97.213;98.23;94.603;104.235;
1900-01-01 22:50:04;478.0;1745671804;97.311;98.23;94.603;104.227;
1900-01-01 22:50:05;479.0;1745671805;97.311;98.163;94.555;104.219;
1900-01-01 22:50:06;480.0;1745671806;97.223;98.213;94.616;104.219;
1900-01-01 22:50:07;481.0;1745671807;97.274;98.149;94.616;104.233;
1900-01-01 22:50:08;482.0;1745671808;97.274;98.149;94.589;104.209;
1900-01-01 22:50:09;483.0;1745671809;97.232;98.175;94.666;104.209;
1900-01-01 22:50:10;484.0;1745671810;97.282;98.138;94.666;104.218;
1900-01-01 22:50:11;485.0;1745671811;97.282;98.138;94.636;104.274;
1900-01-01 22:50:12;486.0;1745671812;97.219;98.09;94.526;104.274;
1900-01-01 22:50:13;487.0;1745671813;97.201;98.09;94.526;104.183;
1900-01-01 22:50:14;488.0;1745671814;97.201;98.116;94.572;104.22;
1900-01-01 22:50:15;489.0;1745671815;97.165;98.106;94.545;104.22;
1900-01-01 22:50:16;490.0;1745671816;97.183;98.106;94.545;104.224;
1900-01-01 22:50:17;491.0;1745671817;97.183;98.102;94.501;104.24;
1900-01-01 22:50:18;492.0;1745671818;97.127;98.054;94.434;104.24;
1900-01-01 22:50:19;493.0;1745671819;97.148;98.054;94.434;104.257;
1900-01-01 22:50:20;494.0;1745671820;97.148;98.056;94.416;104.244;
1900-01-01 22:50:21;495.0;1745671821;97.045;98.0;94.416;104.244;
1900-01-01 22:50:22;496.0;1745671822;97.094;98.0;94.288;104.293;
1900-01-01 22:50:23;497.0;1745671823;97.094;98.018;94.272;104.257;
1900-01-01 22:50:24;498.0;1745671824;96.902;97.911;94.272;104.257;
1900-01-01 22:50:25;499.0;1745671825;96.902;97.911;94.151;104.259;
1900-01-01 22:50:26;500.0;1745671826;96.937;97.833;93.982;104.308;
1900-01-01 22:50:27;501.0;1745671827;96.986;97.89;93.982;104.308;
1900-01-01 22:50:28;502.0;1745671828;96.986;97.89;93.958;104.208;
1900-01-01 22:50:29;503.0;1745671829;96.951;97.867;93.869;104.208;
1900-01-01 22:50:30;504.0;1745671830;96.962;97.819;93.869;104.171;
1900-01-01 22:50:31;505.0;1745671831;96.962;97.819;93.966;104.207;
1900-01-01 22:50:32;506.0;1745671832;96.885;97.882;94.05;104.207;
1900-01-01 22:50:33;507.0;1745671833;96.958;97.882;94.05;104.231;
1900-01-01 22:50:34;508.0;1745671834;96.958;97.869;94.135;104.284;
1900-01-01 22:50:35;509.0;1745671835;96.927;97.905;94.258;104.284;
1900-01-01 22:50:36;510.0;1745671836;96.898;97.905;94.258;104.236;
1900-01-01 22:50:37;511.0;1745671837;96.898;97.87;94.236;104.241;
1900-01-01 22:50:38;512.0;1745671838;96.858;97.889;94.218;104.241;
1900-01-01 22:50:40;513.0;1745671840;96.927;97.889;94.218;104.251;
1900-01-01 22:50:40;514.0;1745671840;96.927;97.886;94.251;104.233;
1900-01-01 22:50:41;515.0;1745671841;96.874;97.944;94.251;104.233;
1900-01-01 22:50:42;516.0;1745671842;96.874;97.944;94.219;104.166;
1900-01-01 22:50:43;517.0;1745671843;96.706;97.945;94.214;104.264;
1900-01-01 22:50:44;518.0;1745671844;96.707;97.93;94.214;104.264;
1900-01-01 22:50:45;519.0;1745671845;96.707;97.93;94.235;104.222;
1900-01-01 22:50:46;520.0;1745671846;96.642;97.922;94.247;104.165;
1900-01-01 22:50:47;521.0;1745671847;96.567;97.917;94.247;104.165;
1900-01-01 22:50:48;522.0;1745671848;96.567;97.917;94.269;104.235;
1900-01-01 22:50:49;523.0;1745671849;96.473;97.825;94.227;104.235;
1900-01-01 22:50:51;524.0;1745671851;96.502;97.874;94.227;104.227;
1900-01-01 22:50:51;525.0;1745671851;96.502;97.874;94.125;104.255;
1900-01-01 22:50:52;526.0;1745671852;96.398;97.921;94.073;104.255;
1900-01-01 22:50:53;527.0;1745671853;96.452;97.921;94.073;104.227;
1900-01-01 22:50:54;528.0;1745671854;96.452;97.939;94.049;104.252;
1900-01-01 22:50:55;529.0;1745671855;96.359;97.921;93.947;104.252;
1900-01-01 22:50:56;530.0;1745671856;96.383;97.921;93.947;104.274;
1900-01-01 22:50:57;531.0;1745671857;96.383;97.93;93.917;104.226;
1900-01-01 22:50:58;532.0;1745671858;96.4;97.939;93.84;104.226;
1900-01-01 22:50:59;533.0;1745671859;96.495;97.939;93.84;104.203;
1900-01-01 22:51:00;534.0;1745671860;96.495;97.949;93.881;104.184;
1900-01-01 22:51:01;535.0;1745671861;96.472;98.007;93.883;104.184;
1900-01-01 22:51:02;536.0;1745671862;96.594;98.007;93.883;104.16;
1900-01-01 22:51:03;537.0;1745671863;96.594;97.938;93.91;104.182;
1900-01-01 22:51:04;538.0;1745671864;96.553;97.889;93.91;104.182;
1900-01-01 22:51:05;539.0;1745671865;96.751;97.889;93.846;104.203;
1900-01-01 22:51:06;540.0;1745671866;96.751;97.925;93.923;104.205;
1900-01-01 22:51:07;541.0;1745671867;96.707;97.861;93.923;104.205;
1900-01-01 22:51:08;542.0;1745671868;96.76;97.861;93.954;104.206;
1900-01-01 22:51:09;543.0;1745671869;96.76;97.897;94.052;104.209;
1900-01-01 22:51:10;544.0;1745671870;96.74;97.864;94.052;104.209;
1900-01-01 22:51:11;545.0;1745671871;96.695;97.864;94.089;104.198;
1900-01-01 22:51:12;546.0;1745671872;96.695;97.846;94.025;104.198;
1900-01-01 22:51:13;547.0;1745671873;96.63;97.884;94.025;104.25;
1900-01-01 22:51:14;548.0;1745671874;96.571;97.884;93.923;104.211;
1900-01-01 22:51:15;549.0;1745671875;96.571;97.957;93.963;104.137;
1900-01-01 22:51:17;550.0;1745671877;96.479;97.894;94.059;104.137;
1900-01-01 22:51:17;551.0;1745671877;96.525;97.894;94.059;104.241;
1900-01-01 22:51:18;552.0;1745671878;96.525;97.919;94.071;104.236;
1900-01-01 22:51:19;553.0;1745671879;96.503;97.96;94.071;104.236;
1900-01-01 22:51:20;554.0;1745671880;96.462;97.96;94.054;104.13;
1900-01-01 22:51:21;555.0;1745671881;96.462;97.953;94.029;104.155;
1900-01-01 22:51:23;556.0;1745671883;96.469;97.851;94.067;104.155;
1900-01-01 22:51:23;557.0;1745671883;96.469;97.851;94.067;104.234;
1900-01-01 22:51:24;558.0;1745671884;96.486;97.912;94.137;104.198;
1900-01-01 22:51:26;559.0;1745671886;96.518;97.821;94.137;104.198;
1900-01-01 22:51:26;560.0;1745671886;96.518;97.821;94.184;104.196;
1900-01-01 22:51:27;561.0;1745671887;96.542;97.882;94.227;104.222;
1900-01-01 22:51:28;562.0;1745671888;96.505;97.781;94.227;104.222;
1900-01-01 22:51:29;563.0;1745671889;96.505;97.781;94.277;104.277;
1900-01-01 22:51:30;564.0;1745671890;96.563;97.733;94.216;104.277;
1900-01-01 22:51:31;565.0;1745671891;96.599;97.733;94.216;104.184;
1900-01-01 22:51:32;566.0;1745671892;96.599;97.728;94.065;104.173;
1900-01-01 22:51:33;567.0;1745671893;96.529;97.744;93.99;104.173;
1900-01-01 22:51:35;568.0;1745671895;96.534;97.76;93.99;104.22;
1900-01-01 22:51:35;569.0;1745671895;96.534;97.76;93.909;104.214;
1900-01-01 22:51:36;570.0;1745671896;96.458;97.658;93.985;104.214;
1900-01-01 22:51:37;571.0;1745671897;96.472;97.658;93.985;104.15;
1900-01-01 22:51:38;572.0;1745671898;96.472;97.731;94.06;104.133;
1900-01-01 22:51:39;573.0;1745671899;96.497;97.644;94.082;104.133;
1900-01-01 22:51:40;574.0;1745671900;96.46;97.644;94.082;104.171;
1900-01-01 22:51:41;575.0;1745671901;96.46;97.657;94.1;104.171;
1900-01-01 22:51:42;576.0;1745671902;96.523;97.691;94.087;104.171;
1900-01-01 22:51:43;577.0;1745671903;96.523;97.691;94.087;104.163;
1900-01-01 22:51:44;578.0;1745671904;96.466;97.584;94.028;104.125;
1900-01-01 22:51:45;579.0;1745671905;96.469;97.574;94.028;104.125;
1900-01-01 22:51:46;580.0;1745671906;96.469;97.574;93.982;104.118;
1900-01-01 22:51:47;581.0;1745671907;96.454;97.659;93.871;104.118;
1900-01-01 22:51:48;582.0;1745671908;96.454;97.497;93.871;104.198;
1900-01-01 22:51:49;583.0;1745671909;96.384;97.497;93.884;104.156;
1900-01-01 22:51:50;584.0;1745671910;96.384;97.563;93.811;104.156;
1900-01-01 22:51:51;585.0;1745671911;96.332;97.516;93.811;104.068;
1900-01-01 22:51:52;586.0;1745671912;96.332;97.516;93.765;104.159;
1900-01-01 22:51:53;587.0;1745671913;96.33;97.611;93.799;104.159;
1900-01-01 22:51:54;588.0;1745671914;96.326;97.537;93.799;104.134;
1900-01-01 22:51:55;589.0;1745671915;96.326;97.537;93.948;104.237;
1900-01-01 22:51:56;590.0;1745671916;96.398;97.535;93.916;104.237;
1900-01-01 22:51:57;591.0;1745671917;96.331;97.535;93.916;104.098;
1900-01-01 22:51:58;592.0;1745671918;96.331;97.477;93.952;104.145;
1900-01-01 22:51:59;593.0;1745671919;96.337;97.513;93.992;104.145;
1900-01-01 22:52:00;594.0;1745671920;96.376;97.513;93.992;104.189;
1900-01-01 22:52:01;595.0;1745671921;96.376;97.375;94.004;104.163;
1900-01-01 22:52:02;596.0;1745671922;96.342;97.355;94.017;104.163;
1900-01-01 22:52:03;597.0;1745671923;96.334;97.355;94.017;104.216;
1900-01-01 22:52:04;598.0;1745671924;96.334;97.435;93.94;104.153;
1900-01-01 22:52:05;599.0;1745671925;96.224;97.365;93.94;104.153;
1900-01-01 22:52:06;600.0;1745671926;96.125;97.365;93.864;104.113;
1900-01-01 22:52:08;601.0;1745671928;96.125;97.286;93.841;104.193;
1900-01-01 22:52:08;602.0;1745671928;96.191;97.271;93.841;104.193;
1900-01-01 22:52:09;603.0;1745671929;96.094;97.271;93.843;104.243;
1900-01-01 22:52:10;604.0;1745671930;96.094;97.308;93.858;104.169;
1900-01-01 22:52:11;605.0;1745671931;96.145;97.29;93.858;104.169;
1900-01-01 22:52:12;606.0;1745671932;96.114;97.29;93.824;104.136;
1900-01-01 22:52:13;607.0;1745671933;96.114;97.36;93.857;104.15;
1900-01-01 22:52:14;608.0;1745671934;96.148;97.268;93.857;104.15;
1900-01-01 22:52:15;609.0;1745671935;96.148;97.268;93.945;104.175;
1900-01-01 22:52:16;610.0;1745671936;96.169;97.378;93.882;104.192;
1900-01-01 22:52:17;611.0;1745671937;96.186;97.378;93.882;104.192;
1900-01-01 22:52:18;612.0;1745671938;96.186;97.371;93.914;104.185;
1900-01-01 22:52:19;613.0;1745671939;96.119;97.352;93.874;104.185;
1900-01-01 22:52:20;614.0;1745671940;96.174;97.352;93.874;104.193;
1900-01-01 22:52:21;615.0;1745671941;96.174;97.283;93.732;104.243;
1900-01-01 22:52:22;616.0;1745671942;96.13;97.345;93.732;104.243;
1900-01-01 22:52:23;617.0;1745671943;96.154;97.345;93.679;104.246;
1900-01-01 22:52:24;618.0;1745671944;96.154;97.44;93.667;104.237;
1900-01-01 22:52:26;619.0;1745671946;96.214;97.294;93.629;104.237;
1900-01-01 22:52:26;620.0;1745671946;96.156;97.294;93.629;104.179;
1900-01-01 22:52:27;621.0;1745671947;96.156;97.345;93.705;104.148;
1900-01-01 22:52:28;622.0;1745671948;96.136;97.351;93.723;104.148;
1900-01-01 22:52:29;623.0;1745671949;96.041;97.351;93.723;104.145;
1900-01-01 22:52:30;624.0;1745671950;96.041;97.357;93.708;104.228;
1900-01-01 22:52:31;625.0;1745671951;96.12;97.255;93.708;104.228;
1900-01-01 22:52:32;626.0;1745671952;96.091;97.255;93.694;104.172;
1900-01-01 22:52:33;627.0;1745671953;96.091;97.294;93.675;104.172;
1900-01-01 22:52:34;628.0;1745671954;96.151;97.333;93.675;104.164;
1900-01-01 22:52:35;629.0;1745671955;96.183;97.333;93.69;104.169;
1900-01-01 22:52:36;630.0;1745671956;96.183;97.247;93.773;104.117;
1900-01-01 22:52:37;631.0;1745671957;96.125;97.287;93.773;104.117;
1900-01-01 22:52:38;632.0;1745671958;96.125;97.287;93.702;104.158;
1900-01-01 22:52:39;633.0;1745671959;96.073;97.257;93.757;104.132;
1900-01-01 22:52:40;634.0;1745671960;96.073;97.244;93.757;104.132;
1900-01-01 22:52:41;635.0;1745671961;96.073;97.244;93.665;104.157;
1900-01-01 22:52:42;636.0;1745671962;96.17;97.252;93.694;104.157;
1900-01-01 22:52:43;637.0;1745671963;96.098;97.241;93.694;104.182;
1900-01-01 22:52:44;638.0;1745671964;96.098;97.241;93.726;104.187;
1900-01-01 22:52:45;639.0;1745671965;96.099;97.284;93.604;104.187;
1900-01-01 22:52:46;640.0;1745671966;96.145;97.284;93.604;104.228;
1900-01-01 22:52:47;641.0;1745671967;96.145;97.232;93.62;104.122;
1900-01-01 22:52:48;642.0;1745671968;96.132;97.236;93.68;104.122;
1900-01-01 22:52:49;643.0;1745671969;96.033;97.236;93.68;104.127;
1900-01-01 22:52:50;644.0;1745671970;96.033;97.231;93.616;104.164;
1900-01-01 22:52:51;645.0;1745671971;96.115;97.159;93.56;104.164;
1900-01-01 22:52:52;646.0;1745671972;95.978;97.159;93.56;104.22;
1900-01-01 22:52:53;647.0;1745671973;95.978;97.086;93.597;104.206;
1900-01-01 22:52:54;648.0;1745671974;96.006;97.078;93.597;104.206;
1900-01-01 22:52:55;649.0;1745671975;95.931;97.078;93.589;104.176;
1900-01-01 22:52:56;650.0;1745671976;95.931;97.071;93.503;104.176;
1900-01-01 22:52:57;651.0;1745671977;95.993;97.011;93.503;104.123;
1900-01-01 22:52:58;652.0;1745671978;95.882;97.011;93.605;104.137;
1900-01-01 22:52:59;653.0;1745671979;95.882;97.094;93.705;104.137;
1900-01-01 22:53:00;654.0;1745671980;95.865;97.047;93.705;104.193;
1900-01-01 22:53:01;655.0;1745671981;95.865;97.047;93.719;104.202;
1900-01-01 22:53:02;656.0;1745671982;95.93;97.015;93.774;104.202;
1900-01-01 22:53:03;657.0;1745671983;95.751;97.091;93.774;104.165;
1900-01-01 22:53:04;658.0;1745671984;95.751;97.091;93.718;104.197;
1900-01-01 22:53:05;659.0;1745671985;95.883;97.054;93.571;104.197;
1900-01-01 22:53:06;660.0;1745671986;95.784;97.054;93.571;104.221;
1900-01-01 22:53:07;661.0;1745671987;95.784;97.077;93.554;104.196;
1900-01-01 22:53:08;662.0;1745671988;95.805;97.085;93.49;104.196;
1900-01-01 22:53:09;663.0;1745671989;95.769;96.963;93.49;104.133;
1900-01-01 22:53:10;664.0;1745671990;95.769;96.963;93.528;104.167;
1900-01-01 22:53:11;665.0;1745671991;95.813;97.022;93.554;104.167;
1900-01-01 22:53:12;666.0;1745671992;95.783;97.022;93.554;104.198;
1900-01-01 22:53:13;667.0;1745671993;95.783;97.054;93.585;104.159;
1900-01-01 22:53:14;668.0;1745671994;95.784;96.987;93.585;104.159;
1900-01-01 22:53:15;669.0;1745671995;95.764;96.987;93.595;104.204;
1900-01-01 22:53:17;670.0;1745671997;95.764;97.085;93.628;104.203;
1900-01-01 22:53:17;671.0;1745671997;95.755;97.008;93.628;104.203;
1900-01-01 22:53:18;672.0;1745671998;95.683;97.008;93.605;104.082;
1900-01-01 22:53:19;673.0;1745671999;95.683;97.01;93.701;104.231;
1900-01-01 22:53:20;674.0;1745672000;95.708;96.986;93.701;104.231;
1900-01-01 22:53:21;675.0;1745672001;95.711;96.986;93.574;104.168;
1900-01-01 22:53:22;676.0;1745672002;95.711;97.017;93.626;104.063;
1900-01-01 22:53:23;677.0;1745672003;95.59;96.982;93.626;104.063;
1900-01-01 22:53:24;678.0;1745672004;95.59;96.982;93.626;104.099;
1900-01-01 22:53:25;679.0;1745672005;95.604;97.004;93.563;104.099;
1900-01-01 22:53:26;680.0;1745672006;95.594;96.941;93.563;104.081;
1900-01-01 22:53:27;681.0;1745672007;95.594;96.941;93.582;104.167;
1900-01-01 22:53:28;682.0;1745672008;95.486;97.026;93.531;104.167;
1900-01-01 22:53:29;683.0;1745672009;95.467;96.96;93.531;104.165;
1900-01-01 22:53:30;684.0;1745672010;95.456;96.96;93.514;104.158;
1900-01-01 22:53:31;685.0;1745672011;95.456;96.922;93.357;104.158;
1900-01-01 22:53:32;686.0;1745672012;95.478;96.887;93.357;104.177;
1900-01-01 22:53:33;687.0;1745672013;95.478;96.887;93.329;104.113;
1900-01-01 22:53:34;688.0;1745672014;95.425;96.836;93.365;104.113;
1900-01-01 22:53:35;689.0;1745672015;95.347;96.836;93.365;104.091;
1900-01-01 22:53:36;690.0;1745672016;95.347;96.869;93.373;104.124;
1900-01-01 22:53:37;691.0;1745672017;95.326;96.895;93.365;104.124;
1900-01-01 22:53:39;692.0;1745672019;95.234;96.812;93.365;104.132;
1900-01-01 22:53:39;693.0;1745672019;95.234;96.812;93.287;104.208;
1900-01-01 22:53:40;694.0;1745672020;95.209;96.789;93.251;104.208;
1900-01-01 22:53:41;695.0;1745672021;95.129;96.789;93.251;104.169;
1900-01-01 22:53:42;696.0;1745672022;95.129;96.893;93.288;104.096;
1900-01-01 22:53:43;697.0;1745672023;95.077;96.8;93.288;104.096;
1900-01-01 22:53:44;698.0;1745672024;95.089;96.8;93.294;104.121;
1900-01-01 22:53:45;699.0;1745672025;95.089;96.758;93.356;104.105;
1900-01-01 22:53:46;700.0;1745672026;95.075;96.769;93.512;104.105;
1900-01-01 22:53:47;701.0;1745672027;95.076;96.769;93.512;104.05;
1900-01-01 22:53:48;702.0;1745672028;95.076;96.861;93.485;104.049;
1900-01-01 22:53:49;703.0;1745672029;95.13;96.799;93.485;104.049;
1900-01-01 22:53:51;704.0;1745672031;95.153;96.799;93.547;104.209;
1900-01-01 22:53:51;705.0;1745672031;95.153;96.809;93.579;104.112;
1900-01-01 22:53:52;706.0;1745672032;95.154;96.727;93.579;104.112;
1900-01-01 22:53:53;707.0;1745672033;95.154;96.727;93.539;104.113;
1900-01-01 22:53:54;708.0;1745672034;95.205;96.744;93.521;104.113;
1900-01-01 22:53:55;709.0;1745672035;95.18;96.726;93.521;104.115;
1900-01-01 22:53:56;710.0;1745672036;95.233;96.726;93.491;104.206;
1900-01-01 22:53:57;711.0;1745672037;95.233;96.753;93.391;104.206;
1900-01-01 22:53:58;712.0;1745672038;95.132;96.745;93.391;104.178;
1900-01-01 22:53:59;713.0;1745672039;95.132;96.745;93.31;104.047;
1900-01-01 22:54:00;714.0;1745672040;95.169;96.724;93.25;104.047;
1900-01-01 22:54:01;715.0;1745672041;95.297;96.716;93.25;104.035;
1900-01-01 22:54:02;716.0;1745672042;95.297;96.716;93.328;104.181;
1900-01-01 22:54:03;717.0;1745672043;95.284;96.743;93.318;104.181;
1900-01-01 22:54:04;718.0;1745672044;95.276;96.743;93.318;104.099;
1900-01-01 22:54:05;719.0;1745672045;95.276;96.676;93.307;104.114;
1900-01-01 22:54:06;720.0;1745672046;95.234;96.684;93.307;104.114;
1900-01-01 22:54:07;721.0;1745672047;95.268;96.684;93.337;104.088;
1900-01-01 22:54:08;722.0;1745672048;95.268;96.666;93.241;104.096;
1900-01-01 22:54:09;723.0;1745672049;95.317;96.707;93.259;104.096;
1900-01-01 22:54:10;724.0;1745672050;95.261;96.644;93.259;104.16;
1900-01-01 22:54:11;725.0;1745672051;95.261;96.644;93.205;104.155;
1900-01-01 22:54:12;726.0;1745672052;95.188;96.666;93.171;104.155;
1900-01-01 22:54:13;727.0;1745672053;95.203;96.666;93.171;104.068;
1900-01-01 22:54:14;728.0;1745672054;95.203;96.705;93.047;104.016;
1900-01-01 22:54:15;729.0;1745672055;95.245;96.714;93.067;104.016;
1900-01-01 22:54:16;730.0;1745672056;95.15;96.71;93.067;104.089;
1900-01-01 22:54:17;731.0;1745672057;95.15;96.71;93.072;104.089;
1900-01-01 22:54:18;732.0;1745672058;95.115;96.587;93.1;104.089;
1900-01-01 22:54:19;733.0;1745672059;95.029;96.725;93.1;104.097;
1900-01-01 22:54:20;734.0;1745672060;95.029;96.725;93.181;104.052;
1900-01-01 22:54:21;735.0;1745672061;94.976;96.708;93.153;104.052;
1900-01-01 22:54:22;736.0;1745672062;95.012;96.708;93.153;104.147;
1900-01-01 22:54:23;737.0;1745672063;95.012;96.64;93.264;104.057;
1900-01-01 22:54:24;738.0;1745672064;94.945;96.609;93.221;104.057;
1900-01-01 22:54:26;739.0;1745672066;94.957;96.647;93.221;104.09;
1900-01-01 22:54:26;740.0;1745672066;94.957;96.647;93.215;104.123;
1900-01-01 22:54:27;741.0;1745672067;94.966;96.681;93.226;104.123;
1900-01-01 22:54:29;742.0;1745672069;94.918;96.613;93.226;104.058;
1900-01-01 22:54:29;743.0;1745672069;94.918;96.613;93.202;104.122;
1900-01-01 22:54:30;744.0;1745672070;94.879;96.661;93.191;104.122;
1900-01-01 22:54:31;745.0;1745672071;94.926;96.661;93.191;104.119;
1900-01-01 22:54:32;746.0;1745672072;94.926;96.65;93.184;104.103;
1900-01-01 22:54:33;747.0;1745672073;94.937;96.619;93.184;104.103;
1900-01-01 22:54:34;748.0;1745672074;94.962;96.619;93.173;104.093;
1900-01-01 22:54:35;749.0;1745672075;94.962;96.651;93.19;104.093;
1900-01-01 22:54:36;750.0;1745672076;94.908;96.617;93.19;104.155;
1900-01-01 22:54:37;751.0;1745672077;94.893;96.617;93.246;104.129;
1900-01-01 22:54:38;752.0;1745672078;94.893;96.61;93.232;104.11;
1900-01-01 22:54:39;753.0;1745672079;94.835;96.592;93.232;104.11;
1900-01-01 22:54:40;754.0;1745672080;94.835;96.592;93.167;104.101;
1900-01-01 22:54:41;755.0;1745672081;94.846;96.57;93.204;104.137;
1900-01-01 22:54:42;756.0;1745672082;94.871;96.543;93.204;104.137;
1900-01-01 22:54:43;757.0;1745672083;94.871;96.543;93.182;104.125;
1900-01-01 22:54:44;758.0;1745672084;94.898;96.49;93.217;104.125;
1900-01-01 22:54:45;759.0;1745672085;94.871;96.49;93.217;104.116;
1900-01-01 22:54:46;760.0;1745672086;94.871;96.441;93.204;104.069;
1900-01-01 22:54:47;761.0;1745672087;94.811;96.499;93.144;104.069;
1900-01-01 22:54:48;762.0;1745672088;94.839;96.544;93.144;104.14;
1900-01-01 22:54:49;763.0;1745672089;94.839;96.544;93.173;104.121;
1900-01-01 22:54:50;764.0;1745672090;94.829;96.473;93.259;104.121;
1900-01-01 22:54:51;765.0;1745672091;94.663;96.493;93.259;104.08;
1900-01-01 22:54:52;766.0;1745672092;94.663;96.493;93.214;104.126;
1900-01-01 22:54:53;767.0;1745672093;94.724;96.482;93.139;104.126;
1900-01-01 22:54:54;768.0;1745672094;94.694;96.406;93.139;104.132;
1900-01-01 22:54:55;769.0;1745672095;94.694;96.406;93.126;104.205;
1900-01-01 22:54:56;770.0;1745672096;94.68;96.367;93.113;104.205;
1900-01-01 22:54:57;771.0;1745672097;94.699;96.435;93.113;104.111;
1900-01-01 22:54:58;772.0;1745672098;94.699;96.435;93.073;104.111;
1900-01-01 22:54:59;773.0;1745672099;94.613;96.483;92.924;104.111;
1900-01-01 22:55:01;774.0;1745672101;94.634;96.378;92.924;104.167;
1900-01-01 22:55:01;775.0;1745672101;94.634;96.378;92.861;104.159;
1900-01-01 22:55:02;776.0;1745672102;94.573;96.415;92.928;104.159;
1900-01-01 22:55:03;777.0;1745672103;94.568;96.415;92.928;104.123;
1900-01-01 22:55:04;778.0;1745672104;94.568;96.367;92.96;104.089;
1900-01-01 22:55:05;779.0;1745672105;94.567;96.367;92.96;104.089;
1900-01-01 22:55:06;780.0;1745672106;94.567;96.367;93.017;104.019;
1900-01-01 22:55:07;781.0;1745672107;94.613;96.297;93.068;104.136;
1900-01-01 22:55:08;782.0;1745672108;94.616;96.333;93.068;104.136;
1900-01-01 22:55:09;783.0;1745672109;94.616;96.333;93.032;104.037;
1900-01-01 22:55:10;784.0;1745672110;94.65;96.42;93.099;104.037;
1900-01-01 22:55:11;785.0;1745672111;94.61;96.452;93.099;104.042;
1900-01-01 22:55:12;786.0;1745672112;94.592;96.452;93.036;103.98;
1900-01-01 22:55:13;787.0;1745672113;94.592;96.415;93.064;103.98;
1900-01-01 22:55:14;788.0;1745672114;94.643;96.371;93.064;104.037;
1900-01-01 22:55:15;789.0;1745672115;94.643;96.371;93.039;104.108;
1900-01-01 22:55:16;790.0;1745672116;94.637;96.448;92.895;104.108;
1900-01-01 22:55:17;791.0;1745672117;94.635;96.448;92.895;104.012;
1900-01-01 22:55:18;792.0;1745672118;94.635;96.356;92.833;104.11;
1900-01-01 22:55:19;793.0;1745672119;94.544;96.352;92.859;104.11;
1900-01-01 22:55:20;794.0;1745672120;94.432;96.352;92.859;104.084;
1900-01-01 22:55:21;795.0;1745672121;94.432;96.363;92.68;104.062;
1900-01-01 22:55:22;796.0;1745672122;94.467;96.349;92.744;104.062;
1900-01-01 22:55:23;797.0;1745672123;94.371;96.275;92.744;104.019;
1900-01-01 22:55:24;798.0;1745672124;94.371;96.275;92.836;104.003;
1900-01-01 22:55:25;799.0;1745672125;94.424;96.355;92.806;104.003;
1900-01-01 22:55:26;800.0;1745672126;94.317;96.355;92.806;104.069;
1900-01-01 22:55:27;801.0;1745672127;94.317;96.274;92.748;103.985;
1900-01-01 22:55:28;802.0;1745672128;94.406;96.287;92.748;103.985;
1900-01-01 22:55:29;803.0;1745672129;94.375;96.287;92.631;104.104;
1900-01-01 22:55:30;804.0;1745672130;94.375;96.265;92.531;104.06;
1900-01-01 22:55:31;805.0;1745672131;94.377;96.246;92.531;104.06;
1900-01-01 22:55:32;806.0;1745672132;94.411;96.246;92.368;103.962;
1900-01-01 22:55:33;807.0;1745672133;94.411;96.223;92.273;103.985;
1900-01-01 22:55:34;808.0;1745672134;94.383;96.157;92.273;103.985;
1900-01-01 22:55:35;809.0;1745672135;94.402;96.157;92.267;104.019;
1900-01-01 22:55:36;810.0;1745672136;94.402;96.159;92.286;104.044;
1900-01-01 22:55:37;811.0;1745672137;94.344;96.15;92.286;104.044;
1900-01-01 22:55:38;812.0;1745672138;94.344;96.15;92.324;104.062;
1900-01-01 22:55:39;813.0;1745672139;94.327;96.115;92.322;104.042;
1900-01-01 22:55:40;814.0;1745672140;94.203;96.146;92.322;104.042;
1900-01-01 22:55:41;815.0;1745672141;94.203;96.146;92.355;104.061;
1900-01-01 22:55:42;816.0;1745672142;94.275;96.1;92.307;104.061;
1900-01-01 22:55:44;817.0;1745672144;94.218;96.199;92.307;104.101;
1900-01-01 22:55:44;818.0;1745672144;94.218;96.199;92.323;103.977;
1900-01-01 22:55:45;819.0;1745672145;94.287;96.136;92.391;103.977;
1900-01-01 22:55:47;820.0;1745672147;94.339;96.194;92.391;104.053;
1900-01-01 22:55:47;821.0;1745672147;94.339;96.194;92.447;103.957;
1900-01-01 22:55:48;822.0;1745672148;94.248;96.148;92.591;103.957;
1900-01-01 22:55:49;823.0;1745672149;94.325;96.148;92.591;104.051;
1900-01-01 22:55:50;824.0;1745672150;94.325;96.218;92.653;104.0;
1900-01-01 22:55:51;825.0;1745672151;94.317;96.064;92.598;104.0;
1900-01-01 22:55:52;826.0;1745672152;94.31;96.064;92.598;104.012;
1900-01-01 22:55:53;827.0;1745672153;94.31;96.143;92.621;103.913;
1900-01-01 22:55:54;828.0;1745672154;94.297;96.105;92.621;103.913;
1900-01-01 22:55:55;829.0;1745672155;94.194;96.105;92.495;103.996;
1900-01-01 22:55:56;830.0;1745672156;94.194;96.05;92.45;103.942;
1900-01-01 22:55:57;831.0;1745672157;94.163;96.083;92.45;103.942;
1900-01-01 22:55:58;832.0;1745672158;94.156;96.083;92.42;103.88;
1900-01-01 22:55:59;833.0;1745672159;94.156;95.981;92.429;103.992;
1900-01-01 22:56:00;834.0;1745672160;94.17;96.066;92.429;103.992;
1900-01-01 22:56:02;835.0;1745672162;94.104;96.066;92.387;104.028;
1900-01-01 22:56:02;836.0;1745672162;94.104;96.018;92.391;104.028;
1900-01-01 22:56:03;837.0;1745672163;94.056;96.035;92.391;103.95;
1900-01-01 22:56:04;838.0;1745672164;94.032;96.035;92.45;104.008;
1900-01-01 22:56:05;839.0;1745672165;94.032;95.984;92.539;104.008;
1900-01-01 22:56:06;840.0;1745672166;94.083;96.044;92.539;104.047;
1900-01-01 22:56:07;841.0;1745672167;94.083;96.044;92.734;104.048;
1900-01-01 22:56:08;842.0;1745672168;94.058;95.982;92.666;104.048;
1900-01-01 22:56:09;843.0;1745672169;94.027;95.982;92.666;104.02;
1900-01-01 22:56:10;844.0;1745672170;94.027;96.003;92.58;104.087;
1900-01-01 22:56:11;845.0;1745672171;94.075;96.059;92.547;104.087;
1900-01-01 22:56:12;846.0;1745672172;94.037;96.059;92.547;104.003;
1900-01-01 22:56:13;847.0;1745672173;94.037;96.007;92.497;104.098;
1900-01-01 22:56:14;848.0;1745672174;94.116;96.077;92.488;104.098;
1900-01-01 22:56:15;849.0;1745672175;94.052;96.077;92.488;104.047;
1900-01-01 22:56:16;850.0;1745672176;94.052;96.025;92.577;104.049;
1900-01-01 22:56:17;851.0;1745672177;94.114;95.967;92.577;104.049;
1900-01-01 22:56:18;852.0;1745672178;94.085;95.967;92.521;104.041;
1900-01-01 22:56:19;853.0;1745672179;94.085;96.019;92.451;104.004;
1900-01-01 22:56:20;854.0;1745672180;94.12;95.93;92.451;104.004;
1900-01-01 22:56:21;855.0;1745672181;94.129;95.93;92.408;104.042;
1900-01-01 22:56:22;856.0;1745672182;94.129;95.877;92.42;103.996;
1900-01-01 22:56:23;857.0;1745672183;94.068;95.936;92.42;103.996;
1900-01-01 22:56:24;858.0;1745672184;94.104;95.936;92.352;103.951;
1900-01-01 22:56:25;859.0;1745672185;94.104;95.876;92.451;104.013;
1900-01-01 22:56:26;860.0;1745672186;94.014;95.95;92.451;104.013;
1900-01-01 22:56:27;861.0;1745672187;94.014;95.95;92.465;103.95;
1900-01-01 22:56:28;862.0;1745672188;93.982;95.87;92.504;103.935;
1900-01-01 22:56:29;863.0;1745672189;93.994;95.855;92.504;103.935;
1900-01-01 22:56:30;864.0;1745672190;93.994;95.855;92.503;103.97;
1900-01-01 22:56:31;865.0;1745672191;94.009;95.709;92.316;103.97;
1900-01-01 22:56:32;866.0;1745672192;93.894;95.885;92.316;103.909;
1900-01-01 22:56:33;867.0;1745672193;93.894;95.885;92.377;103.939;
1900-01-01 22:56:34;868.0;1745672194;93.984;95.862;92.335;103.939;
1900-01-01 22:56:35;869.0;1745672195;93.967;95.814;92.335;103.969;
1900-01-01 22:56:36;870.0;1745672196;93.967;95.814;92.33;103.94;
1900-01-01 22:56:37;871.0;1745672197;93.891;95.823;92.365;103.94;
1900-01-01 22:56:38;872.0;1745672198;93.863;95.823;92.365;103.951;
1900-01-01 22:56:39;873.0;1745672199;93.863;95.759;92.401;103.937;
1900-01-01 22:56:40;874.0;1745672200;93.879;95.833;92.336;103.937;
1900-01-01 22:56:42;875.0;1745672202;93.887;95.871;92.336;103.926;
1900-01-01 22:56:42;876.0;1745672202;93.887;95.871;92.278;103.914;
1900-01-01 22:56:43;877.0;1745672203;93.927;95.816;92.308;103.914;
1900-01-01 22:56:44;878.0;1745672204;93.954;95.816;92.308;103.952;
1900-01-01 22:56:45;879.0;1745672205;93.954;95.849;92.304;103.948;
1900-01-01 22:56:47;880.0;1745672207;93.927;95.787;92.204;103.948;
1900-01-01 22:56:47;881.0;1745672207;93.946;95.787;92.204;103.924;
1900-01-01 22:56:48;882.0;1745672208;93.946;95.851;92.147;103.987;
1900-01-01 22:56:49;883.0;1745672209;94.02;95.939;92.147;103.987;
1900-01-01 22:56:50;884.0;1745672210;94.028;95.939;92.261;103.922;
1900-01-01 22:56:51;885.0;1745672211;94.028;95.847;92.243;103.922;
1900-01-01 22:56:52;886.0;1745672212;94.005;95.736;92.243;103.895;
1900-01-01 22:56:53;887.0;1745672213;94.005;95.736;92.242;104.038;
1900-01-01 22:56:54;888.0;1745672214;93.945;95.814;92.227;104.038;
1900-01-01 22:56:55;889.0;1745672215;93.818;95.826;92.227;103.969;
1900-01-01 22:56:56;890.0;1745672216;93.818;95.826;92.276;104.005;
1900-01-01 22:56:57;891.0;1745672217;93.818;95.762;92.276;104.005;
1900-01-01 22:56:58;892.0;1745672218;93.73;95.762;92.276;103.934;
1900-01-01 22:56:59;893.0;1745672219;93.73;95.846;92.295;103.966;
1900-01-01 22:57:00;894.0;1745672220;93.646;95.792;92.295;103.966;
1900-01-01 22:57:01;895.0;1745672221;93.591;95.792;92.266;103.966;
1900-01-01 22:57:02;896.0;1745672222;93.591;95.854;92.326;103.897;
1900-01-01 22:57:03;897.0;1745672223;93.568;95.711;92.326;103.897;
1900-01-01 22:57:04;898.0;1745672224;93.541;95.711;92.243;103.934;
1900-01-01 22:57:05;899.0;1745672225;93.541;95.774;92.187;103.958;
1900-01-01 22:57:06;900.0;1745672226;93.566;95.722;92.187;103.958;
1900-01-01 22:57:07;901.0;1745672227;93.502;95.722;92.173;103.991;
1900-01-01 22:57:08;902.0;1745672228;93.502;95.731;92.262;103.964;
1900-01-01 22:57:09;903.0;1745672229;93.54;95.778;92.262;103.964;
1900-01-01 22:57:10;904.0;1745672230;93.63;95.778;92.167;103.971;
1900-01-01 22:57:11;905.0;1745672231;93.63;95.727;92.081;103.964;
1900-01-01 22:57:12;906.0;1745672232;93.698;95.702;92.081;103.964;
1900-01-01 22:57:13;907.0;1745672233;93.698;95.702;92.167;103.853;
1900-01-01 22:57:14;908.0;1745672234;93.697;95.686;92.166;103.853;
1900-01-01 22:57:15;909.0;1745672235;93.581;95.666;92.166;103.866;
1900-01-01 22:57:16;910.0;1745672236;93.723;95.666;92.136;103.886;
1900-01-01 22:57:17;911.0;1745672237;93.723;95.712;92.271;103.886;
1900-01-01 22:57:18;912.0;1745672238;93.787;95.695;92.271;103.886;
1900-01-01 22:57:19;913.0;1745672239;93.787;95.695;92.222;104.019;
1900-01-01 22:57:20;914.0;1745672240;93.749;95.721;92.25;104.019;
1900-01-01 22:57:21;915.0;1745672241;93.728;95.721;92.25;103.974;
1900-01-01 22:57:22;916.0;1745672242;93.728;95.672;92.302;103.973;
1900-01-01 22:57:23;917.0;1745672243;93.721;95.686;92.129;103.973;
1900-01-01 22:57:24;918.0;1745672244;93.749;95.686;92.129;103.827;
1900-01-01 22:57:25;919.0;1745672245;93.749;95.619;92.053;103.956;
1900-01-01 22:57:26;920.0;1745672246;93.687;95.681;92.026;103.956;
1900-01-01 22:57:27;921.0;1745672247;93.703;95.681;92.026;103.949;
1900-01-01 22:57:28;922.0;1745672248;93.703;95.645;92.037;103.955;
1900-01-01 22:57:29;923.0;1745672249;93.717;95.503;92.037;103.955;
1900-01-01 22:57:30;924.0;1745672250;93.7;95.503;91.925;103.965;
1900-01-01 22:57:31;925.0;1745672251;93.7;95.612;91.971;103.951;
1900-01-01 22:57:32;926.0;1745672252;93.623;95.522;91.876;103.951;
1900-01-01 22:57:33;927.0;1745672253;93.623;95.522;91.876;103.792;
1900-01-01 22:57:34;928.0;1745672254;93.617;95.497;91.813;103.792;
1900-01-01 22:57:35;929.0;1745672255;93.54;95.525;91.813;103.882;
1900-01-01 22:57:36;930.0;1745672256;93.493;95.525;91.819;103.847;
1900-01-01 22:57:37;931.0;1745672257;93.493;95.413;91.854;103.847;
1900-01-01 22:57:38;932.0;1745672258;93.455;95.46;91.854;103.813;
1900-01-01 22:57:39;933.0;1745672259;93.503;95.46;91.832;103.906;
1900-01-01 22:57:40;934.0;1745672260;93.503;95.356;91.987;103.906;
1900-01-01 22:57:41;935.0;1745672261;93.502;95.529;91.987;103.95;
1900-01-01 22:57:42;936.0;1745672262;93.403;95.529;92.015;103.886;
1900-01-01 22:57:43;937.0;1745672263;93.403;95.397;92.095;103.886;
1900-01-01 22:57:44;938.0;1745672264;93.462;95.397;92.095;103.905;
1900-01-01 22:57:45;939.0;1745672265;93.462;95.467;92.103;103.929;
1900-01-01 22:57:46;940.0;1745672266;93.404;95.531;92.117;103.929;
1900-01-01 22:57:47;941.0;1745672267;93.412;95.531;92.117;103.854;
1900-01-01 22:57:48;942.0;1745672268;93.412;95.445;92.176;103.859;
1900-01-01 22:57:49;943.0;1745672269;93.369;95.5;92.052;103.859;
1900-01-01 22:57:50;944.0;1745672270;93.366;95.462;92.052;103.812;
1900-01-01 22:57:51;945.0;1745672271;93.366;95.462;92.111;103.916;
1900-01-01 22:57:52;946.0;1745672272;93.399;95.493;92.086;103.916;
1900-01-01 22:57:53;947.0;1745672273;93.37;95.493;92.086;103.866;
1900-01-01 22:57:54;948.0;1745672274;93.37;95.416;91.974;103.885;
1900-01-01 22:57:55;949.0;1745672275;93.351;95.466;91.826;103.885;
1900-01-01 22:57:56;950.0;1745672276;93.417;95.466;91.826;103.78;
1900-01-01 22:57:57;951.0;1745672277;93.417;95.352;91.896;103.869;
1900-01-01 22:57:58;952.0;1745672278;93.41;95.362;91.896;103.869;
1900-01-01 22:57:59;953.0;1745672279;93.458;95.362;91.865;103.91;
1900-01-01 22:58:00;954.0;1745672280;93.458;95.438;91.874;103.849;
1900-01-01 22:58:01;955.0;1745672281;93.466;95.355;91.874;103.849;
1900-01-01 22:58:02;956.0;1745672282;93.362;95.355;91.758;103.823;
1900-01-01 22:58:03;957.0;1745672283;93.362;95.349;91.696;103.823;
1900-01-01 22:58:04;958.0;1745672284;93.402;95.375;91.696;103.902;
1900-01-01 22:58:06;959.0;1745672286;93.326;95.375;91.656;103.86;
1900-01-01 22:58:06;960.0;1745672286;93.326;95.316;91.661;103.86;
1900-01-01 22:58:07;961.0;1745672287;93.252;95.335;91.661;103.856;
1900-01-01 22:58:08;962.0;1745672288;93.252;95.335;91.702;103.829;
1900-01-01 22:58:09;963.0;1745672289;93.365;95.369;91.728;103.829;
1900-01-01 22:58:10;964.0;1745672290;93.32;95.313;91.728;103.818;
1900-01-01 22:58:11;965.0;1745672291;93.32;95.313;91.702;103.887;
1900-01-01 22:58:12;966.0;1745672292;93.277;95.24;91.753;103.887;
1900-01-01 22:58:13;967.0;1745672293;93.351;95.355;91.753;103.821;
1900-01-01 22:58:14;968.0;1745672294;93.351;95.355;91.768;103.836;
1900-01-01 22:58:15;969.0;1745672295;93.205;95.371;91.726;103.836;
1900-01-01 22:58:16;970.0;1745672296;93.187;95.371;91.726;103.859;
1900-01-01 22:58:17;971.0;1745672297;93.187;95.276;91.773;103.918;
1900-01-01 22:58:18;972.0;1745672298;93.306;95.3;91.773;103.918;
1900-01-01 22:58:19;973.0;1745672299;93.237;95.3;91.785;103.881;
1900-01-01 22:58:20;974.0;1745672300;93.237;95.291;91.843;103.881;
1900-01-01 22:58:21;975.0;1745672301;93.296;95.293;91.843;103.874;
1900-01-01 22:58:22;976.0;1745672302;93.266;95.293;91.763;103.889;
1900-01-01 22:58:23;977.0;1745672303;93.266;95.341;91.767;103.867;
1900-01-01 22:58:24;978.0;1745672304;93.25;95.349;91.767;103.867;
1900-01-01 22:58:25;979.0;1745672305;93.223;95.349;91.675;103.876;
1900-01-01 22:58:26;980.0;1745672306;93.223;95.389;91.708;103.923;
1900-01-01 22:58:27;981.0;1745672307;93.189;95.426;91.708;103.923;
1900-01-01 22:58:28;982.0;1745672308;93.189;95.426;91.765;103.871;
1900-01-01 22:58:29;983.0;1745672309;93.155;95.296;91.892;103.879;
1900-01-01 22:58:30;984.0;1745672310;93.191;95.237;91.892;103.879;
1900-01-01 22:58:31;985.0;1745672311;93.191;95.237;91.888;103.846;
1900-01-01 22:58:32;986.0;1745672312;93.112;95.262;91.884;103.846;
1900-01-01 22:58:33;987.0;1745672313;93.081;95.247;91.884;103.927;
1900-01-01 22:58:34;988.0;1745672314;93.081;95.247;91.871;103.864;
1900-01-01 22:58:35;989.0;1745672315;93.097;95.269;91.908;103.864;
1900-01-01 22:58:36;990.0;1745672316;93.076;95.269;91.908;103.819;
1900-01-01 22:58:37;991.0;1745672317;93.076;95.22;91.893;103.853;
1900-01-01 22:58:38;992.0;1745672318;93.089;95.203;91.882;103.853;
1900-01-01 22:58:39;993.0;1745672319;93.156;95.203;91.882;103.79;
1900-01-01 22:58:40;994.0;1745672320;93.156;95.273;91.773;103.856;
1900-01-01 22:58:41;995.0;1745672321;93.154;95.15;91.704;103.856;
1900-01-01 22:58:42;996.0;1745672322;93.189;95.15;91.704;103.788;
1900-01-01 22:58:43;997.0;1745672323;93.189;95.225;91.664;103.747;
1900-01-01 22:58:44;998.0;1745672324;93.204;95.113;91.664;103.747;
1900-01-01 22:58:45;999.0;1745672325;93.232;95.113;91.672;103.767;
1900-01-01 22:58:46;1000.0;1745672326;93.232;95.127;91.665;103.767;
1900-01-01 22:58:47;1001.0;1745672327;93.204;95.157;91.665;103.892;
1900-01-01 22:58:48;1002.0;1745672328;93.235;95.157;91.639;103.798;
1900-01-01 22:58:49;1003.0;1745672329;93.235;95.089;91.719;103.798;
1900-01-01 22:58:50;1004.0;1745672330;93.201;95.11;91.719;103.836;
1900-01-01 22:58:51;1005.0;1745672331;93.201;95.11;91.652;103.76;
1900-01-01 22:58:52;1006.0;1745672332;93.12;95.076;91.638;103.76;
1900-01-01 22:58:53;1007.0;1745672333;93.114;95.132;91.638;103.899;
1900-01-01 22:58:54;1008.0;1745672334;93.114;95.132;91.626;103.907;
1900-01-01 22:58:55;1009.0;1745672335;93.087;95.105;91.559;103.907;
1900-01-01 22:58:56;1010.0;1745672336;93.165;95.077;91.559;103.865;
1900-01-01 22:58:57;1011.0;1745672337;93.165;95.077;91.551;103.788;
1900-01-01 22:58:58;1012.0;1745672338;93.008;95.13;91.428;103.788;
1900-01-01 22:58:59;1013.0;1745672339;92.988;95.13;91.428;103.844;
1900-01-01 22:59:00;1014.0;1745672340;92.988;95.006;91.516;103.81;
1900-01-01 22:59:01;1015.0;1745672341;93.018;95.048;91.481;103.81;
1900-01-01 22:59:02;1016.0;1745672342;92.953;95.017;91.481;103.872;
1900-01-01 22:59:03;1017.0;1745672343;92.953;95.017;91.446;103.92;
1900-01-01 22:59:04;1018.0;1745672344;93.021;95.069;91.423;103.92;
1900-01-01 22:59:05;1019.0;1745672345;92.968;95.038;91.423;103.834;
1900-01-01 22:59:06;1020.0;1745672346;92.968;95.038;91.416;103.723;
1900-01-01 22:59:07;1021.0;1745672347;93.0;94.961;91.37;103.723;
1900-01-01 22:59:08;1022.0;1745672348;92.981;94.961;91.37;103.773;
1900-01-01 22:59:09;1023.0;1745672349;92.981;95.04;91.362;103.763;
1900-01-01 22:59:10;1024.0;1745672350;93.023;95.044;91.47;103.763;
1900-01-01 22:59:11;1025.0;1745672351;92.971;95.044;91.47;103.82;
1900-01-01 22:59:12;1026.0;1745672352;92.971;95.072;91.449;103.785;
1900-01-01 22:59:13;1027.0;1745672353;92.969;95.016;91.503;103.785;
1900-01-01 22:59:14;1028.0;1745672354;93.031;95.004;91.503;103.771;
1900-01-01 22:59:15;1029.0;1745672355;93.031;95.004;91.48;103.864;
1900-01-01 22:59:16;1030.0;1745672356;92.961;94.991;91.512;103.864;
1900-01-01 22:59:17;1031.0;1745672357;92.906;94.991;91.512;103.828;
1900-01-01 22:59:18;1032.0;1745672358;92.906;94.97;91.511;103.763;
1900-01-01 22:59:19;1033.0;1745672359;92.903;94.983;91.382;103.763;
1900-01-01 22:59:20;1034.0;1745672360;92.879;94.983;91.382;103.847;
1900-01-01 22:59:21;1035.0;1745672361;92.879;95.018;91.37;103.915;
1900-01-01 22:59:22;1036.0;1745672362;92.788;94.915;91.327;103.915;
1900-01-01 22:59:24;1037.0;1745672364;92.767;94.995;91.327;103.821;
1900-01-01 22:59:24;1038.0;1745672364;92.767;94.995;91.357;103.886;
1900-01-01 22:59:25;1039.0;1745672365;92.73;94.94;91.383;103.886;
1900-01-01 22:59:26;1040.0;1745672366;92.825;94.94;91.383;103.875;
1900-01-01 22:59:27;1041.0;1745672367;92.825;94.99;91.4;103.853;
1900-01-01 22:59:28;1042.0;1745672368;92.713;94.988;91.4;103.853;
1900-01-01 22:59:29;1043.0;1745672369;92.788;94.988;91.401;103.841;
1900-01-01 22:59:30;1044.0;1745672370;92.788;94.962;91.371;103.828;
1900-01-01 22:59:31;1045.0;1745672371;92.779;94.996;91.371;103.828;
1900-01-01 22:59:32;1046.0;1745672372;92.742;94.996;91.487;103.824;
1900-01-01 22:59:33;1047.0;1745672373;92.742;94.887;91.404;103.826;
1900-01-01 22:59:34;1048.0;1745672374;92.789;94.885;91.434;103.826;
1900-01-01 22:59:35;1049.0;1745672375;92.805;94.885;91.434;103.799;
1900-01-01 22:59:36;1050.0;1745672376;92.805;94.86;91.432;103.812;
1900-01-01 22:59:37;1051.0;1745672377;92.822;94.899;91.403;103.812;
1900-01-01 22:59:38;1052.0;1745672378;92.877;94.899;91.403;103.808;
1900-01-01 22:59:39;1053.0;1745672379;92.877;94.91;91.431;103.822;
1900-01-01 22:59:40;1054.0;1745672380;92.867;94.978;91.392;103.822;
1900-01-01 22:59:41;1055.0;1745672381;92.867;94.978;91.392;103.882;
1900-01-01 22:59:42;1056.0;1745672382;92.849;94.901;91.368;103.821;
1900-01-01 22:59:43;1057.0;1745672383;92.858;94.916;91.368;103.821;
1900-01-01 22:59:44;1058.0;1745672384;92.858;94.916;91.388;103.855;
1900-01-01 22:59:45;1059.0;1745672385;92.833;94.943;91.35;103.855;
1900-01-01 22:59:46;1060.0;1745672386;92.792;94.972;91.35;103.757;
1900-01-01 22:59:47;1061.0;1745672387;92.792;94.972;91.349;103.887;
1900-01-01 22:59:48;1062.0;1745672388;92.741;94.886;91.334;103.887;
1900-01-01 22:59:49;1063.0;1745672389;92.698;94.886;91.334;103.799;
1900-01-01 22:59:50;1064.0;1745672390;92.698;94.992;91.189;103.91;
1900-01-01 22:59:51;1065.0;1745672391;92.699;94.911;91.171;103.91;
1900-01-01 22:59:52;1066.0;1745672392;92.619;94.911;91.171;103.872;
1900-01-01 22:59:53;1067.0;1745672393;92.619;94.847;91.174;103.775;
1900-01-01 22:59:54;1068.0;1745672394;92.585;94.921;91.174;103.775;
1900-01-01 22:59:55;1069.0;1745672395;92.586;94.921;91.251;103.823;
1900-01-01 22:59:56;1070.0;1745672396;92.586;94.893;91.283;103.823;
1900-01-01 22:59:57;1071.0;1745672397;92.518;94.804;91.283;103.821;
1900-01-01 22:59:58;1072.0;1745672398;92.576;94.804;91.352;103.842;
1900-01-01 22:59:59;1073.0;1745672399;92.576;94.723;91.319;103.693;
1900-01-01 23:00:00;1074.0;1745672400;92.489;94.745;91.319;103.693;
1900-01-01 23:00:01;1075.0;1745672401;92.489;94.745;91.311;103.78;
1900-01-01 23:00:02;1076.0;1745672402;92.549;94.739;91.33;103.78;
1900-01-01 23:00:03;1077.0;1745672403;92.588;94.756;91.33;103.788;
1900-01-01 23:00:04;1078.0;1745672404;92.652;94.756;91.356;103.74;
1900-01-01 23:00:05;1079.0;1745672405;92.652;94.653;91.332;103.74;
1900-01-01 23:00:06;1080.0;1745672406;92.725;94.702;91.332;103.705;
1900-01-01 23:00:07;1081.0;1745672407;92.725;94.702;91.206;103.767;
1900-01-01 23:00:08;1082.0;1745672408;92.717;94.693;91.263;103.767;
1900-01-01 23:00:09;1083.0;1745672409;92.686;94.646;91.263;103.776;
1900-01-01 23:00:10;1084.0;1745672410;92.686;94.646;91.205;103.747;
1900-01-01 23:00:11;1085.0;1745672411;92.666;94.705;91.102;103.747;
1900-01-01 23:00:12;1086.0;1745672412;92.636;94.705;91.102;103.821;
1900-01-01 23:00:13;1087.0;1745672413;92.636;94.667;91.126;103.751;
1900-01-01 23:00:14;1088.0;1745672414;92.605;94.73;91.17;103.751;
1900-01-01 23:00:15;1089.0;1745672415;92.63;94.73;91.17;103.768;
1900-01-01 23:00:16;1090.0;1745672416;92.63;94.676;91.145;103.792;
1900-01-01 23:00:17;1091.0;1745672417;92.58;94.572;91.069;103.792;
1900-01-01 23:00:18;1092.0;1745672418;92.524;94.572;91.069;103.841;
1900-01-01 23:00:19;1093.0;1745672419;92.524;94.628;91.043;103.827;
1900-01-01 23:00:20;1094.0;1745672420;92.554;94.678;91.043;103.827;
1900-01-01 23:00:22;1095.0;1745672422;92.588;94.678;91.054;103.766;
1900-01-01 23:00:22;1096.0;1745672422;92.588;94.629;91.067;103.86;
1900-01-01 23:00:23;1097.0;1745672423;92.558;94.628;91.067;103.86;
1900-01-01 23:00:24;1098.0;1745672424;92.558;94.628;91.068;103.645;
1900-01-01 23:00:25;1099.0;1745672425;92.467;94.633;91.013;103.645;
1900-01-01 23:00:26;1100.0;1745672426;92.44;94.717;91.013;103.805;
1900-01-01 23:00:27;1101.0;1745672427;92.44;94.717;90.981;103.689;
1900-01-01 23:00:28;1102.0;1745672428;92.382;94.651;90.955;103.689;
1900-01-01 23:00:29;1103.0;1745672429;92.433;94.574;90.955;103.84;
1900-01-01 23:00:30;1104.0;1745672430;92.418;94.574;91.052;103.841;
1900-01-01 23:00:31;1105.0;1745672431;92.418;94.683;91.076;103.841;
1900-01-01 23:00:32;1106.0;1745672432;92.512;94.683;91.076;103.787;
1900-01-01 23:00:33;1107.0;1745672433;92.512;94.651;91.036;103.889;
1900-01-01 23:00:34;1108.0;1745672434;92.507;94.619;91.038;103.889;
1900-01-01 23:00:36;1109.0;1745672436;92.57;94.565;91.038;103.637;
1900-01-01 23:00:36;1110.0;1745672436;92.57;94.565;91.034;103.739;
1900-01-01 23:00:37;1111.0;1745672437;92.537;94.569;91.027;103.739;
1900-01-01 23:00:38;1112.0;1745672438;92.461;94.543;91.027;103.822;
1900-01-01 23:00:39;1113.0;1745672439;92.461;94.543;90.97;103.767;
1900-01-01 23:00:40;1114.0;1745672440;92.519;94.485;91.046;103.767;
1900-01-01 23:00:41;1115.0;1745672441;92.387;94.485;91.046;103.721;
1900-01-01 23:00:42;1116.0;1745672442;92.387;94.555;91.037;103.775;
1900-01-01 23:00:43;1117.0;1745672443;92.464;94.486;91.037;103.775;
1900-01-01 23:00:44;1118.0;1745672444;92.508;94.486;91.045;103.839;
1900-01-01 23:00:45;1119.0;1745672445;92.508;94.515;91.004;103.678;
1900-01-01 23:00:46;1120.0;1745672446;92.414;94.554;90.986;103.678;
1900-01-01 23:00:47;1121.0;1745672447;92.37;94.554;90.986;103.742;
1900-01-01 23:00:48;1122.0;1745672448;92.37;94.503;91.005;103.682;
1900-01-01 23:00:49;1123.0;1745672449;92.315;94.478;91.005;103.682;
1900-01-01 23:00:50;1124.0;1745672450;92.201;94.478;91.021;103.674;
1900-01-01 23:00:51;1125.0;1745672451;92.201;94.463;91.078;103.674;
1900-01-01 23:00:52;1126.0;1745672452;92.264;94.463;91.078;103.685;
1900-01-01 23:00:53;1127.0;1745672453;92.264;94.463;90.993;103.728;
1900-01-01 23:00:54;1128.0;1745672454;92.267;94.502;91.054;103.728;
1900-01-01 23:00:55;1129.0;1745672455;92.34;94.413;91.054;103.794;
1900-01-01 23:00:56;1130.0;1745672456;92.34;94.413;90.981;103.809;
1900-01-01 23:00:57;1131.0;1745672457;92.215;94.476;91.018;103.809;
1900-01-01 23:00:58;1132.0;1745672458;92.238;94.553;91.018;103.715;
1900-01-01 23:00:59;1133.0;1745672459;92.238;94.553;91.061;103.741;
1900-01-01 23:01:00;1134.0;1745672460;92.251;94.527;91.025;103.741;
1900-01-01 23:01:01;1135.0;1745672461;92.167;94.519;91.025;103.827;
1900-01-01 23:01:02;1136.0;1745672462;92.167;94.519;91.013;103.703;
1900-01-01 23:01:03;1137.0;1745672463;92.189;94.442;90.797;103.703;
1900-01-01 23:01:04;1138.0;1745672464;92.247;94.442;90.797;103.724;
1900-01-01 23:01:05;1139.0;1745672465;92.247;94.466;90.811;103.753;
1900-01-01 23:01:06;1140.0;1745672466;92.128;94.586;90.784;103.753;
1900-01-01 23:01:07;1141.0;1745672467;92.166;94.586;90.784;103.693;
1900-01-01 23:01:08;1142.0;1745672468;92.166;94.477;90.765;103.682;
1900-01-01 23:01:09;1143.0;1745672469;92.245;94.449;90.765;103.682;
1900-01-01 23:01:10;1144.0;1745672470;92.245;94.449;90.849;103.758;
1900-01-01 23:01:11;1145.0;1745672471;92.245;94.518;90.774;103.778;
1900-01-01 23:01:12;1146.0;1745672472;92.229;94.483;90.774;103.778;
1900-01-01 23:01:13;1147.0;1745672473;92.249;94.483;90.858;103.731;
1900-01-01 23:01:14;1148.0;1745672474;92.249;94.504;90.931;103.731;
1900-01-01 23:01:15;1149.0;1745672475;92.312;94.386;90.931;103.734;
1900-01-01 23:01:16;1150.0;1745672476;92.312;94.386;90.945;103.75;
1900-01-01 23:01:17;1151.0;1745672477;92.306;94.471;90.813;103.739;
1900-01-01 23:01:18;1152.0;1745672478;92.272;94.471;90.813;103.739;
1900-01-01 23:01:19;1153.0;1745672479;92.272;94.323;90.876;103.706;
1900-01-01 23:01:20;1154.0;1745672480;92.2;94.395;90.875;103.706;
1900-01-01 23:01:22;1155.0;1745672482;92.259;94.411;90.875;103.767;
1900-01-01 23:01:22;1156.0;1745672482;92.259;94.411;90.8;103.761;
1900-01-01 23:01:23;1157.0;1745672483;92.202;94.355;90.769;103.761;
1900-01-01 23:01:25;1158.0;1745672485;92.229;94.424;90.769;103.658;
1900-01-01 23:01:25;1159.0;1745672485;92.229;94.424;90.795;103.707;
1900-01-01 23:01:26;1160.0;1745672486;92.186;94.327;90.792;103.707;
1900-01-01 23:01:27;1161.0;1745672487;92.198;94.327;90.792;103.675;
1900-01-01 23:01:28;1162.0;1745672488;92.198;94.305;90.764;103.712;
1900-01-01 23:01:29;1163.0;1745672489;92.128;94.253;90.696;103.712;
1900-01-01 23:01:30;1164.0;1745672490;92.128;94.253;90.696;103.689;
1900-01-01 23:01:31;1165.0;1745672491;92.126;94.308;90.592;103.708;
1900-01-01 23:01:32;1166.0;1745672492;92.046;94.308;90.592;103.708;
1900-01-01 23:01:33;1167.0;1745672493;92.046;94.308;90.578;103.644;
1900-01-01 23:01:34;1168.0;1745672494;92.059;94.249;90.719;103.644;
1900-01-01 23:01:35;1169.0;1745672495;91.961;94.262;90.719;103.65;
1900-01-01 23:01:36;1170.0;1745672496;91.961;94.262;90.802;103.721;
1900-01-01 23:01:37;1171.0;1745672497;91.963;94.108;90.793;103.721;
1900-01-01 23:01:38;1172.0;1745672498;92.031;94.218;90.793;103.754;
1900-01-01 23:01:39;1173.0;1745672499;92.031;94.218;90.8;103.717;
1900-01-01 23:01:40;1174.0;1745672500;92.024;94.19;90.816;103.717;
1900-01-01 23:01:41;1175.0;1745672501;92.015;94.19;90.816;103.735;
1900-01-01 23:01:42;1176.0;1745672502;92.015;94.157;90.767;103.738;
1900-01-01 23:01:43;1177.0;1745672503;92.018;94.133;90.767;103.738;
1900-01-01 23:01:44;1178.0;1745672504;92.015;94.133;90.762;103.71;
1900-01-01 23:01:45;1179.0;1745672505;92.015;94.096;90.787;103.741;
1900-01-01 23:01:46;1180.0;1745672506;91.988;94.117;90.724;103.741;
1900-01-01 23:01:47;1181.0;1745672507;91.982;94.117;90.724;103.696;
1900-01-01 23:01:48;1182.0;1745672508;91.982;94.235;90.678;103.724;
1900-01-01 23:01:49;1183.0;1745672509;91.954;94.193;90.7;103.724;
1900-01-01 23:01:50;1184.0;1745672510;91.924;94.193;90.7;103.702;
1900-01-01 23:01:51;1185.0;1745672511;91.924;94.219;90.801;103.759;
1900-01-01 23:01:52;1186.0;1745672512;92.004;94.242;90.801;103.759;
1900-01-01 23:01:53;1187.0;1745672513;91.899;94.242;90.72;103.749;
1900-01-01 23:01:54;1188.0;1745672514;91.899;94.151;90.682;103.749;
1900-01-01 23:01:55;1189.0;1745672515;91.877;94.221;90.682;103.721;
1900-01-01 23:01:56;1190.0;1745672516;91.857;94.221;90.668;103.757;
1900-01-01 23:01:57;1191.0;1745672517;91.857;94.099;90.622;103.757;
1900-01-01 23:01:58;1192.0;1745672518;91.767;94.216;90.622;103.631;
1900-01-01 23:01:59;1193.0;1745672519;91.767;94.216;90.591;103.657;
1900-01-01 23:02:00;1194.0;1745672520;91.816;94.147;90.542;103.657;
1900-01-01 23:02:01;1195.0;1745672521;91.772;94.118;90.542;103.742;
1900-01-01 23:02:02;1196.0;1745672522;91.772;94.118;90.543;103.692;
1900-01-01 23:02:03;1197.0;1745672523;91.863;94.135;90.633;103.692;
1900-01-01 23:02:04;1198.0;1745672524;91.815;94.135;90.633;103.757;
1900-01-01 23:02:05;1199.0;1745672525;91.815;94.218;90.641;103.72;
1900-01-01 23:02:06;1200.0;1745672526;91.827;94.152;90.641;103.72;
1900-01-01 23:02:07;1201.0;1745672527;91.8;94.152;90.525;103.749;
