Time;Seconds from start for linreg;Unix Time;ch1 po2;ch2 po2;ch3 po2;ch4 po2;
1900-01-01 01:12:08;1.0;1745680328;100.039;101.417;95.788;103.487;
1900-01-01 01:12:09;2.0;1745680329;99.901;101.394;95.822;103.487;
1900-01-01 01:12:10;3.0;1745680330;99.97;101.394;95.822;103.528;
1900-01-01 01:12:11;4.0;1745680331;99.97;101.326;95.88;103.536;
1900-01-01 01:12:12;5.0;1745680332;99.98;101.339;95.803;103.536;
1900-01-01 01:12:13;6.0;1745680333;100.016;101.339;95.803;103.526;
1900-01-01 01:12:14;7.0;1745680334;100.016;101.244;95.88;103.528;
1900-01-01 01:12:15;8.0;1745680335;99.949;101.334;95.88;103.528;
1900-01-01 01:12:16;9.0;1745680336;100.02;101.334;95.853;103.522;
1900-01-01 01:12:17;10.0;1745680337;100.02;101.254;95.937;103.522;
1900-01-01 01:12:18;11.0;1745680338;100.004;101.276;95.937;103.544;
1900-01-01 01:12:19;12.0;1745680339;100.084;101.276;95.941;103.565;
1900-01-01 01:12:20;13.0;1745680340;100.084;101.199;96.023;103.565;
1900-01-01 01:12:21;14.0;1745680341;100.124;101.259;96.023;103.485;
1900-01-01 01:12:23;15.0;1745680343;100.189;101.259;95.789;103.51;
1900-01-01 01:12:23;16.0;1745680343;100.189;101.189;95.798;103.51;
1900-01-01 01:12:24;17.0;1745680344;100.085;101.243;95.798;103.518;
1900-01-01 01:12:26;18.0;1745680346;100.157;101.243;95.75;103.569;
1900-01-01 01:12:26;19.0;1745680346;100.157;101.296;95.759;103.569;
1900-01-01 01:12:27;20.0;1745680347;100.171;101.296;95.759;103.466;
1900-01-01 01:12:28;21.0;1745680348;100.171;101.329;95.718;103.482;
1900-01-01 01:12:30;22.0;1745680350;100.198;101.283;95.717;103.482;
1900-01-01 01:12:30;23.0;1745680350;100.151;101.283;95.717;103.501;
1900-01-01 01:12:31;24.0;1745680351;100.151;101.344;95.76;103.498;
1900-01-01 01:12:32;25.0;1745680352;100.145;101.305;95.71;103.498;
1900-01-01 01:12:33;26.0;1745680353;100.135;101.305;95.71;103.494;
1900-01-01 01:12:34;27.0;1745680354;100.135;101.314;95.688;103.388;
1900-01-01 01:12:35;28.0;1745680355;100.128;101.298;95.571;103.388;
1900-01-01 01:12:37;29.0;1745680357;100.17;101.298;95.571;103.542;
1900-01-01 01:12:37;30.0;1745680357;100.17;101.221;95.509;103.49;
1900-01-01 01:12:38;31.0;1745680358;100.048;101.275;95.509;103.49;
1900-01-01 01:12:39;32.0;1745680359;100.033;101.275;95.539;103.497;
1900-01-01 01:12:40;33.0;1745680360;100.033;101.336;95.556;103.479;
1900-01-01 01:12:41;34.0;1745680361;100.031;101.267;95.556;103.479;
1900-01-01 01:12:42;35.0;1745680362;100.063;101.267;95.635;103.457;
1900-01-01 01:12:43;36.0;1745680363;100.063;101.234;95.603;103.467;
1900-01-01 01:12:44;37.0;1745680364;99.976;101.314;95.603;103.467;
1900-01-01 01:12:45;38.0;1745680365;99.976;101.314;95.676;103.464;
1900-01-01 01:12:46;39.0;1745680366;100.029;101.325;95.721;103.464;
1900-01-01 01:12:47;40.0;1745680367;100.0;101.29;95.721;103.406;
1900-01-01 01:12:48;41.0;1745680368;100.0;101.29;95.707;103.483;
1900-01-01 01:12:49;42.0;1745680369;100.031;101.236;95.754;103.483;
1900-01-01 01:12:50;43.0;1745680370;100.046;101.267;95.754;103.418;
1900-01-01 01:12:51;44.0;1745680371;100.046;101.267;95.548;103.52;
1900-01-01 01:12:52;45.0;1745680372;100.111;101.212;95.471;103.52;
1900-01-01 01:12:53;46.0;1745680373;100.048;101.194;95.471;103.499;
1900-01-01 01:12:54;47.0;1745680374;100.048;101.194;95.422;103.443;
1900-01-01 01:12:55;48.0;1745680375;100.122;101.287;95.304;103.443;
1900-01-01 01:12:56;49.0;1745680376;99.998;101.287;95.304;103.49;
1900-01-01 01:12:57;50.0;1745680377;99.998;101.316;95.263;103.497;
1900-01-01 01:12:58;51.0;1745680378;100.013;101.332;95.203;103.497;
1900-01-01 01:12:59;52.0;1745680379;100.025;101.332;95.203;103.528;
1900-01-01 01:13:00;53.0;1745680380;100.025;101.2;95.234;103.539;
1900-01-01 01:13:01;54.0;1745680381;100.038;101.293;95.234;103.539;
1900-01-01 01:13:02;55.0;1745680382;100.001;101.293;95.298;103.436;
1900-01-01 01:13:03;56.0;1745680383;100.001;101.337;95.356;103.436;
1900-01-01 01:13:04;57.0;1745680384;99.921;101.321;95.356;103.476;
1900-01-01 01:13:05;58.0;1745680385;99.945;101.321;95.291;103.552;
1900-01-01 01:13:06;59.0;1745680386;99.945;101.301;95.303;103.552;
1900-01-01 01:13:07;60.0;1745680387;99.956;101.366;95.303;103.524;
1900-01-01 01:13:09;61.0;1745680389;99.965;101.366;95.29;103.528;
1900-01-01 01:13:09;62.0;1745680389;99.965;101.286;95.293;103.528;
1900-01-01 01:13:10;63.0;1745680390;99.937;101.284;95.293;103.534;
1900-01-01 01:13:11;64.0;1745680391;99.937;101.284;95.275;103.476;
1900-01-01 01:13:12;65.0;1745680392;100.023;101.356;95.247;103.476;
1900-01-01 01:13:13;66.0;1745680393;99.943;101.356;95.247;103.479;
1900-01-01 01:13:14;67.0;1745680394;99.943;101.397;95.325;103.481;
1900-01-01 01:13:15;68.0;1745680395;100.002;101.435;95.339;103.481;
1900-01-01 01:13:16;69.0;1745680396;99.949;101.435;95.339;103.477;
1900-01-01 01:13:17;70.0;1745680397;99.949;101.391;95.265;103.482;
1900-01-01 01:13:18;71.0;1745680398;99.982;101.341;95.211;103.482;
1900-01-01 01:13:19;72.0;1745680399;99.941;101.341;95.211;103.473;
1900-01-01 01:13:20;73.0;1745680400;99.941;101.307;95.152;103.557;
1900-01-01 01:13:21;74.0;1745680401;100.012;101.315;95.152;103.557;
1900-01-01 01:13:22;75.0;1745680402;99.962;101.315;95.267;103.483;
1900-01-01 01:13:23;76.0;1745680403;99.962;101.338;95.214;103.483;
1900-01-01 01:13:24;77.0;1745680404;100.025;101.306;95.214;103.473;
1900-01-01 01:13:25;78.0;1745680405;100.05;101.306;95.196;103.549;
1900-01-01 01:13:26;79.0;1745680406;100.05;101.25;95.138;103.575;
1900-01-01 01:13:28;80.0;1745680408;100.079;101.354;95.138;103.575;
1900-01-01 01:13:28;81.0;1745680408;100.079;101.354;95.103;103.434;
1900-01-01 01:13:29;82.0;1745680409;100.154;101.37;95.14;103.434;
1900-01-01 01:13:30;83.0;1745680410;100.244;101.37;95.14;103.468;
1900-01-01 01:13:31;84.0;1745680411;100.244;101.396;95.258;103.483;
1900-01-01 01:13:32;85.0;1745680412;100.18;101.304;95.216;103.483;
1900-01-01 01:13:33;86.0;1745680413;100.173;101.304;95.216;103.439;
1900-01-01 01:13:34;87.0;1745680414;100.173;101.281;95.209;103.53;
1900-01-01 01:13:35;88.0;1745680415;100.13;101.214;95.176;103.53;
1900-01-01 01:13:36;89.0;1745680416;100.148;101.214;95.176;103.493;
1900-01-01 01:13:37;90.0;1745680417;100.148;101.2;95.18;103.482;
1900-01-01 01:13:38;91.0;1745680418;100.102;101.184;95.18;103.482;
1900-01-01 01:13:39;92.0;1745680419;100.124;101.184;95.114;103.485;
1900-01-01 01:13:40;93.0;1745680420;100.124;101.235;95.052;103.45;
1900-01-01 01:13:41;94.0;1745680421;100.116;101.212;95.052;103.45;
1900-01-01 01:13:42;95.0;1745680422;100.058;101.212;94.982;103.479;
1900-01-01 01:13:43;96.0;1745680423;100.058;101.25;95.016;103.479;
1900-01-01 01:13:44;97.0;1745680424;100.079;101.28;95.016;103.417;
1900-01-01 01:13:45;98.0;1745680425;100.079;101.28;95.052;103.506;
1900-01-01 01:13:46;99.0;1745680426;99.95;101.324;95.148;103.506;
1900-01-01 01:13:47;100.0;1745680427;99.974;101.331;95.148;103.549;
1900-01-01 01:13:48;101.0;1745680428;99.974;101.331;95.126;103.525;
1900-01-01 01:13:49;102.0;1745680429;99.964;101.252;95.169;103.525;
1900-01-01 01:13:50;103.0;1745680430;100.033;101.252;95.169;103.567;
1900-01-01 01:13:51;104.0;1745680431;100.033;101.276;95.131;103.504;
1900-01-01 01:13:52;105.0;1745680432;99.969;101.385;95.156;103.504;
1900-01-01 01:13:53;106.0;1745680433;100.015;101.385;95.156;103.455;
1900-01-01 01:13:54;107.0;1745680434;100.015;101.306;95.06;103.483;
1900-01-01 01:13:55;108.0;1745680435;99.922;101.32;95.06;103.483;
1900-01-01 01:13:56;109.0;1745680436;99.925;101.32;95.011;103.514;
1900-01-01 01:13:57;110.0;1745680437;99.925;101.314;94.995;103.484;
1900-01-01 01:13:58;111.0;1745680438;100.008;101.323;94.983;103.484;
1900-01-01 01:13:59;112.0;1745680439;99.847;101.323;94.983;103.548;
1900-01-01 01:14:00;113.0;1745680440;99.847;101.29;94.952;103.422;
1900-01-01 01:14:01;114.0;1745680441;99.836;101.334;94.952;103.422;
1900-01-01 01:14:02;115.0;1745680442;99.786;101.334;94.885;103.527;
1900-01-01 01:14:03;116.0;1745680443;99.786;101.353;94.885;103.527;
1900-01-01 01:14:04;117.0;1745680444;99.761;101.239;94.885;103.508;
1900-01-01 01:14:05;118.0;1745680445;99.747;101.239;94.879;103.461;
1900-01-01 01:14:06;119.0;1745680446;99.747;101.226;94.807;103.496;
1900-01-01 01:14:07;120.0;1745680447;99.778;101.171;94.807;103.496;
1900-01-01 01:14:08;121.0;1745680448;99.778;101.171;94.857;103.464;
1900-01-01 01:14:09;122.0;1745680449;99.821;101.263;94.839;103.464;
1900-01-01 01:14:10;123.0;1745680450;99.725;101.219;94.839;103.515;
1900-01-01 01:14:11;124.0;1745680451;99.794;101.219;94.789;103.468;
1900-01-01 01:14:12;125.0;1745680452;99.794;101.309;94.798;103.419;
1900-01-01 01:14:13;126.0;1745680453;99.751;101.374;94.798;103.419;
1900-01-01 01:14:14;127.0;1745680454;99.751;101.374;94.765;103.43;
1900-01-01 01:14:15;128.0;1745680455;99.818;101.252;94.644;103.447;
1900-01-01 01:14:16;129.0;1745680456;99.831;101.197;94.644;103.447;
1900-01-01 01:14:17;130.0;1745680457;99.901;101.197;94.602;103.547;
1900-01-01 01:14:18;131.0;1745680458;99.901;101.296;94.454;103.547;
1900-01-01 01:14:19;132.0;1745680459;99.909;101.238;94.454;103.417;
1900-01-01 01:14:20;133.0;1745680460;99.934;101.238;94.36;103.492;
1900-01-01 01:14:21;134.0;1745680461;99.934;101.142;94.348;103.539;
1900-01-01 01:14:22;135.0;1745680462;99.873;101.262;94.348;103.539;
1900-01-01 01:14:23;136.0;1745680463;99.873;101.262;94.365;103.451;
1900-01-01 01:14:24;137.0;1745680464;99.906;101.179;94.373;103.451;
1900-01-01 01:14:25;138.0;1745680465;99.836;101.22;94.373;103.408;
1900-01-01 01:14:26;139.0;1745680466;99.836;101.22;94.458;103.57;
1900-01-01 01:14:27;140.0;1745680467;99.844;101.258;94.421;103.57;
1900-01-01 01:14:28;141.0;1745680468;99.878;101.297;94.421;103.465;
1900-01-01 01:14:30;142.0;1745680470;99.896;101.297;94.395;103.485;
1900-01-01 01:14:30;143.0;1745680470;99.896;101.242;94.39;103.485;
1900-01-01 01:14:31;144.0;1745680471;99.884;101.252;94.39;103.561;
1900-01-01 01:14:32;145.0;1745680472;99.884;101.252;94.385;103.478;
1900-01-01 01:14:33;146.0;1745680473;99.914;101.177;94.346;103.478;
1900-01-01 01:14:34;147.0;1745680474;99.916;101.177;94.346;103.523;
1900-01-01 01:14:35;148.0;1745680475;99.916;101.129;94.326;103.437;
1900-01-01 01:14:36;149.0;1745680476;99.874;101.168;94.401;103.437;
1900-01-01 01:14:37;150.0;1745680477;99.947;101.168;94.401;103.564;
1900-01-01 01:14:38;151.0;1745680478;99.947;101.259;94.461;103.518;
1900-01-01 01:14:39;152.0;1745680479;99.873;101.24;94.433;103.518;
1900-01-01 01:14:40;153.0;1745680480;99.885;101.24;94.433;103.503;
1900-01-01 01:14:41;154.0;1745680481;99.885;101.18;94.394;103.506;
1900-01-01 01:14:43;155.0;1745680483;99.831;101.216;94.235;103.506;
1900-01-01 01:14:43;156.0;1745680483;99.764;101.216;94.235;103.541;
1900-01-01 01:14:44;157.0;1745680484;99.764;101.142;94.164;103.563;
1900-01-01 01:14:46;158.0;1745680486;99.791;101.216;94.186;103.563;
1900-01-01 01:14:46;159.0;1745680486;99.791;101.216;94.186;103.496;
1900-01-01 01:14:47;160.0;1745680487;99.805;101.056;94.225;103.538;
1900-01-01 01:14:48;161.0;1745680488;99.727;101.198;94.225;103.538;
1900-01-01 01:14:49;162.0;1745680489;99.727;101.198;94.269;103.487;
1900-01-01 01:14:50;163.0;1745680490;99.751;101.124;94.314;103.487;
1900-01-01 01:14:51;164.0;1745680491;99.751;101.112;94.314;103.54;
1900-01-01 01:14:52;165.0;1745680492;99.751;101.112;94.304;103.492;
1900-01-01 01:14:53;166.0;1745680493;99.828;101.089;94.422;103.492;
1900-01-01 01:14:55;167.0;1745680495;99.78;101.089;94.422;103.436;
1900-01-01 01:14:55;168.0;1745680495;99.78;101.089;94.397;103.549;
1900-01-01 01:14:56;169.0;1745680496;99.842;101.002;94.531;103.549;
1900-01-01 01:14:57;170.0;1745680497;99.841;101.002;94.531;103.527;
1900-01-01 01:14:58;171.0;1745680498;99.841;100.987;94.496;103.503;
1900-01-01 01:14:59;172.0;1745680499;99.84;100.956;94.376;103.503;
1900-01-01 01:15:00;173.0;1745680500;99.766;100.956;94.376;103.537;
1900-01-01 01:15:01;174.0;1745680501;99.766;101.048;94.36;103.546;
1900-01-01 01:15:02;175.0;1745680502;99.803;101.061;94.36;103.546;
1900-01-01 01:15:03;176.0;1745680503;99.807;101.061;94.256;103.481;
1900-01-01 01:15:04;177.0;1745680504;99.807;101.045;94.223;103.499;
1900-01-01 01:15:05;178.0;1745680505;99.713;101.137;94.223;103.499;
1900-01-01 01:15:06;179.0;1745680506;99.842;101.137;94.17;103.437;
1900-01-01 01:15:07;180.0;1745680507;99.842;101.09;93.984;103.556;
1900-01-01 01:15:08;181.0;1745680508;99.748;101.206;93.984;103.556;
1900-01-01 01:15:09;182.0;1745680509;99.735;101.206;93.923;103.408;
1900-01-01 01:15:10;183.0;1745680510;99.735;101.197;93.874;103.471;
1900-01-01 01:15:11;184.0;1745680511;99.813;101.202;93.874;103.471;
1900-01-01 01:15:12;185.0;1745680512;99.813;101.202;93.91;103.497;
1900-01-01 01:15:13;186.0;1745680513;99.79;101.311;93.941;103.543;
1900-01-01 01:15:14;187.0;1745680514;99.833;101.297;93.941;103.543;
1900-01-01 01:15:15;188.0;1745680515;99.833;101.297;93.999;103.51;
1900-01-01 01:15:16;189.0;1745680516;99.779;101.293;93.965;103.51;
1900-01-01 01:15:17;190.0;1745680517;99.759;101.368;93.965;103.43;
1900-01-01 01:15:18;191.0;1745680518;99.759;101.368;93.927;103.359;
1900-01-01 01:15:19;192.0;1745680519;99.797;101.319;94.01;103.359;
1900-01-01 01:15:20;193.0;1745680520;99.792;101.269;94.01;103.48;
1900-01-01 01:15:21;194.0;1745680521;99.792;101.269;94.001;103.425;
1900-01-01 01:15:22;195.0;1745680522;99.829;101.34;93.987;103.425;
1900-01-01 01:15:23;196.0;1745680523;99.79;101.34;93.987;103.47;
1900-01-01 01:15:24;197.0;1745680524;99.79;101.281;94.047;103.485;
1900-01-01 01:15:25;198.0;1745680525;99.778;101.316;94.047;103.485;
1900-01-01 01:15:26;199.0;1745680526;99.647;101.316;93.956;103.479;
1900-01-01 01:15:27;200.0;1745680527;99.647;101.299;93.904;103.378;
1900-01-01 01:15:28;201.0;1745680528;99.595;101.272;93.904;103.378;
1900-01-01 01:15:29;202.0;1745680529;99.553;101.272;93.985;103.316;
1900-01-01 01:15:30;203.0;1745680530;99.553;101.263;93.911;103.356;
1900-01-01 01:15:31;204.0;1745680531;99.545;101.274;93.911;103.356;
1900-01-01 01:15:33;205.0;1745680533;99.498;101.274;93.972;103.449;
1900-01-01 01:15:33;206.0;1745680533;99.498;101.16;93.962;103.449;
1900-01-01 01:15:34;207.0;1745680534;99.532;101.261;93.962;103.393;
1900-01-01 01:15:35;208.0;1745680535;99.489;101.261;93.944;103.348;
1900-01-01 01:15:36;209.0;1745680536;99.489;101.223;93.998;103.348;
1900-01-01 01:15:37;210.0;1745680537;99.517;101.271;93.998;103.501;
1900-01-01 01:15:39;211.0;1745680539;99.617;101.271;93.951;103.38;
1900-01-01 01:15:39;212.0;1745680539;99.617;101.206;93.855;103.38;
1900-01-01 01:15:41;213.0;1745680541;99.601;101.223;93.855;103.392;
1900-01-01 01:15:41;214.0;1745680541;99.601;101.223;93.735;103.384;
1900-01-01 01:15:42;215.0;1745680542;99.589;101.231;93.844;103.384;
1900-01-01 01:15:43;216.0;1745680543;99.556;101.151;93.844;103.521;
1900-01-01 01:15:44;217.0;1745680544;99.556;101.151;93.755;103.431;
1900-01-01 01:15:45;218.0;1745680545;99.567;101.298;93.755;103.431;
1900-01-01 01:15:46;219.0;1745680546;99.566;101.298;93.8;103.521;
1900-01-01 01:15:47;220.0;1745680547;99.566;101.228;93.967;103.393;
1900-01-01 01:15:48;221.0;1745680548;99.63;101.143;93.967;103.393;
1900-01-01 01:15:49;222.0;1745680549;99.673;101.143;93.961;103.407;
1900-01-01 01:15:50;223.0;1745680550;99.673;101.082;94.019;103.461;
1900-01-01 01:15:51;224.0;1745680551;99.604;101.089;94.019;103.461;
1900-01-01 01:15:52;225.0;1745680552;99.615;101.089;94.009;103.359;
1900-01-01 01:15:53;226.0;1745680553;99.615;101.136;93.856;103.359;
1900-01-01 01:15:54;227.0;1745680554;99.695;101.145;93.856;103.466;
1900-01-01 01:15:55;228.0;1745680555;99.695;101.145;93.892;103.385;
1900-01-01 01:15:56;229.0;1745680556;99.736;101.156;93.702;103.385;
1900-01-01 01:15:57;230.0;1745680557;99.748;101.135;93.702;103.434;
1900-01-01 01:15:58;231.0;1745680558;99.748;101.135;93.702;103.548;
1900-01-01 01:15:59;232.0;1745680559;99.717;101.028;93.65;103.548;
1900-01-01 01:16:00;233.0;1745680560;99.764;101.028;93.65;103.459;
1900-01-01 01:16:01;234.0;1745680561;99.764;100.945;93.695;103.517;
1900-01-01 01:16:02;235.0;1745680562;99.781;101.019;93.597;103.517;
1900-01-01 01:16:03;236.0;1745680563;99.752;101.019;93.597;103.516;
1900-01-01 01:16:04;237.0;1745680564;99.752;101.013;93.651;103.47;
1900-01-01 01:16:05;238.0;1745680565;99.811;100.981;93.69;103.47;
1900-01-01 01:16:06;239.0;1745680566;99.818;100.981;93.69;103.408;
1900-01-01 01:16:07;240.0;1745680567;99.818;101.073;93.702;103.417;
1900-01-01 01:16:08;241.0;1745680568;99.888;101.003;93.702;103.417;
1900-01-01 01:16:09;242.0;1745680569;99.843;101.003;93.65;103.469;
1900-01-01 01:16:10;243.0;1745680570;99.843;101.02;93.515;103.502;
1900-01-01 01:16:11;244.0;1745680571;99.781;100.909;93.515;103.502;
1900-01-01 01:16:12;245.0;1745680572;99.76;100.909;93.474;103.531;
1900-01-01 01:16:13;246.0;1745680573;99.76;100.975;93.483;103.592;
1900-01-01 01:16:14;247.0;1745680574;99.695;100.968;93.483;103.592;
1900-01-01 01:16:15;248.0;1745680575;99.601;100.968;93.482;103.519;
1900-01-01 01:16:16;249.0;1745680576;99.601;100.958;93.491;103.52;
1900-01-01 01:16:17;250.0;1745680577;99.636;100.945;93.491;103.52;
1900-01-01 01:16:18;251.0;1745680578;99.553;100.945;93.611;103.486;
1900-01-01 01:16:19;252.0;1745680579;99.553;100.893;93.623;103.486;
1900-01-01 01:16:20;253.0;1745680580;99.517;100.945;93.623;103.486;
1900-01-01 01:16:21;254.0;1745680581;99.517;100.945;93.683;103.484;
1900-01-01 01:16:22;255.0;1745680582;99.36;100.93;93.657;103.484;
1900-01-01 01:16:23;256.0;1745680583;99.4;100.93;93.657;103.417;
1900-01-01 01:16:24;257.0;1745680584;99.4;101.001;93.736;103.372;
1900-01-01 01:16:25;258.0;1745680585;99.421;101.02;93.786;103.372;
1900-01-01 01:16:26;259.0;1745680586;99.408;101.02;93.786;103.366;
1900-01-01 01:16:27;260.0;1745680587;99.408;100.897;93.831;103.411;
1900-01-01 01:16:28;261.0;1745680588;99.454;100.826;93.831;103.411;
1900-01-01 01:16:29;262.0;1745680589;99.511;100.826;93.721;103.459;
1900-01-01 01:16:30;263.0;1745680590;99.511;100.908;93.791;103.459;
1900-01-01 01:16:31;264.0;1745680591;99.494;100.973;93.791;103.458;
1900-01-01 01:16:32;265.0;1745680592;99.603;100.973;93.74;103.426;
1900-01-01 01:16:33;266.0;1745680593;99.603;100.942;93.605;103.426;
1900-01-01 01:16:34;267.0;1745680594;99.604;100.986;93.605;103.449;
1900-01-01 01:16:35;268.0;1745680595;99.604;100.986;93.59;103.48;
1900-01-01 01:16:36;269.0;1745680596;99.533;101.066;93.562;103.467;
1900-01-01 01:16:37;270.0;1745680597;99.593;101.066;93.562;103.467;
1900-01-01 01:16:38;271.0;1745680598;99.593;101.059;93.523;103.506;
1900-01-01 01:16:39;272.0;1745680599;99.628;100.955;93.505;103.506;
1900-01-01 01:16:40;273.0;1745680600;99.632;100.955;93.505;103.51;
1900-01-01 01:16:41;274.0;1745680601;99.632;101.009;93.441;103.407;
1900-01-01 01:16:42;275.0;1745680602;99.574;100.921;93.484;103.407;
1900-01-01 01:16:44;276.0;1745680604;99.547;100.976;93.484;103.467;
1900-01-01 01:16:44;277.0;1745680604;99.547;100.976;93.456;103.501;
1900-01-01 01:16:45;278.0;1745680605;99.474;101.071;93.443;103.501;
1900-01-01 01:16:46;279.0;1745680606;99.499;101.018;93.443;103.526;
1900-01-01 01:16:47;280.0;1745680607;99.499;101.018;93.283;103.411;
1900-01-01 01:16:48;281.0;1745680608;99.452;101.108;93.276;103.411;
1900-01-01 01:16:49;282.0;1745680609;99.437;101.108;93.276;103.49;
1900-01-01 01:16:50;283.0;1745680610;99.437;101.016;93.233;103.546;
1900-01-01 01:16:51;284.0;1745680611;99.411;101.04;93.233;103.546;
1900-01-01 01:16:52;285.0;1745680612;99.446;101.04;93.228;103.409;
1900-01-01 01:16:53;286.0;1745680613;99.446;101.079;93.226;103.478;
1900-01-01 01:16:54;287.0;1745680614;99.466;101.001;93.226;103.478;
1900-01-01 01:16:55;288.0;1745680615;99.466;101.001;93.196;103.442;
1900-01-01 01:16:56;289.0;1745680616;99.517;101.152;93.196;103.507;
1900-01-01 01:16:57;290.0;1745680617;99.522;101.099;93.196;103.507;
1900-01-01 01:16:58;291.0;1745680618;99.522;101.099;93.136;103.468;
1900-01-01 01:16:59;292.0;1745680619;99.534;101.038;93.057;103.468;
1900-01-01 01:17:01;293.0;1745680621;99.542;101.12;93.057;103.503;
1900-01-01 01:17:01;294.0;1745680621;99.542;101.12;93.027;103.322;
1900-01-01 01:17:02;295.0;1745680622;99.49;101.069;92.975;103.322;
1900-01-01 01:17:03;296.0;1745680623;99.512;101.069;92.975;103.426;
1900-01-01 01:17:04;297.0;1745680624;99.512;101.15;93.122;103.435;
1900-01-01 01:17:05;298.0;1745680625;99.517;101.048;93.122;103.435;
1900-01-01 01:17:06;299.0;1745680626;99.501;101.048;93.187;103.395;
1900-01-01 01:17:07;300.0;1745680627;99.501;101.175;93.295;103.508;
1900-01-01 01:17:09;301.0;1745680629;99.45;101.08;93.299;103.508;
1900-01-01 01:17:09;302.0;1745680629;99.419;101.08;93.299;103.445;
1900-01-01 01:17:10;303.0;1745680630;99.419;101.061;93.287;103.475;
1900-01-01 01:17:11;304.0;1745680631;99.399;101.013;93.287;103.475;
1900-01-01 01:17:12;305.0;1745680632;99.399;101.013;93.311;103.431;
1900-01-01 01:17:13;306.0;1745680633;99.325;101.149;93.353;103.373;
1900-01-01 01:17:14;307.0;1745680634;99.324;101.082;93.353;103.373;
1900-01-01 01:17:15;308.0;1745680635;99.324;101.082;93.377;103.41;
1900-01-01 01:17:16;309.0;1745680636;99.36;101.066;93.392;103.39;
1900-01-01 01:17:17;310.0;1745680637;99.446;101.066;93.392;103.39;
1900-01-01 01:17:18;311.0;1745680638;99.446;101.129;93.276;103.452;
1900-01-01 01:17:19;312.0;1745680639;99.368;101.078;93.286;103.452;
1900-01-01 01:17:20;313.0;1745680640;99.399;101.078;93.286;103.449;
1900-01-01 01:17:21;314.0;1745680641;99.399;100.963;93.242;103.42;
1900-01-01 01:17:22;315.0;1745680642;99.527;101.063;93.217;103.42;
1900-01-01 01:17:23;316.0;1745680643;99.45;101.029;93.217;103.468;
1900-01-01 01:17:25;317.0;1745680645;99.45;101.029;93.227;103.5;
1900-01-01 01:17:25;318.0;1745680645;99.506;100.998;93.147;103.5;
1900-01-01 01:17:26;319.0;1745680646;99.406;101.078;93.147;103.484;
1900-01-01 01:17:27;320.0;1745680647;99.406;101.078;93.08;103.533;
1900-01-01 01:17:28;321.0;1745680648;99.418;101.09;93.085;103.533;
1900-01-01 01:17:29;322.0;1745680649;99.393;101.09;93.085;103.422;
1900-01-01 01:17:30;323.0;1745680650;99.393;100.984;92.922;103.346;
1900-01-01 01:17:31;324.0;1745680651;99.338;100.986;92.922;103.346;
1900-01-01 01:17:32;325.0;1745680652;99.33;100.986;92.871;103.508;
1900-01-01 01:17:33;326.0;1745680653;99.33;100.996;92.825;103.408;
1900-01-01 01:17:34;327.0;1745680654;99.308;100.896;92.825;103.408;
1900-01-01 01:17:35;328.0;1745680655;99.451;100.896;92.78;103.415;
1900-01-01 01:17:37;329.0;1745680657;99.451;100.864;92.772;103.392;
1900-01-01 01:17:37;330.0;1745680657;99.361;100.888;92.772;103.392;
1900-01-01 01:17:38;331.0;1745680658;99.399;100.888;92.669;103.443;
1900-01-01 01:17:39;332.0;1745680659;99.399;100.854;92.604;103.443;
1900-01-01 01:17:40;333.0;1745680660;99.376;100.885;92.604;103.428;
1900-01-01 01:17:41;334.0;1745680661;99.376;100.885;92.562;103.426;
1900-01-01 01:17:43;335.0;1745680663;99.386;100.858;92.605;103.426;
1900-01-01 01:17:43;336.0;1745680663;99.421;100.858;92.605;103.528;
1900-01-01 01:17:44;337.0;1745680664;99.421;100.895;92.702;103.38;
1900-01-01 01:17:46;338.0;1745680666;99.425;100.873;92.629;103.38;
1900-01-01 01:17:46;339.0;1745680666;99.501;100.873;92.629;103.462;
1900-01-01 01:17:47;340.0;1745680667;99.501;100.88;92.667;103.43;
1900-01-01 01:17:48;341.0;1745680668;99.363;100.948;92.751;103.43;
1900-01-01 01:17:49;342.0;1745680669;99.402;100.948;92.751;103.401;
1900-01-01 01:17:50;343.0;1745680670;99.402;100.917;92.667;103.355;
1900-01-01 01:17:51;344.0;1745680671;99.423;100.836;92.667;103.355;
1900-01-01 01:17:53;345.0;1745680673;99.382;100.836;92.714;103.353;
1900-01-01 01:17:53;346.0;1745680673;99.382;100.926;92.704;103.353;
1900-01-01 01:17:54;347.0;1745680674;99.342;100.893;92.704;103.429;
1900-01-01 01:17:55;348.0;1745680675;99.327;100.893;92.651;103.35;
1900-01-01 01:17:56;349.0;1745680676;99.327;100.835;92.646;103.35;
1900-01-01 01:17:57;350.0;1745680677;99.271;100.696;92.646;103.385;
1900-01-01 01:17:58;351.0;1745680678;99.271;100.696;92.659;103.492;
1900-01-01 01:17:59;352.0;1745680679;99.24;100.678;92.605;103.492;
1900-01-01 01:18:00;353.0;1745680680;99.214;100.678;92.605;103.351;
1900-01-01 01:18:01;354.0;1745680681;99.214;100.722;92.539;103.368;
1900-01-01 01:18:03;355.0;1745680683;99.179;100.793;92.483;103.368;
1900-01-01 01:18:03;356.0;1745680683;99.133;100.793;92.483;103.441;
1900-01-01 01:18:04;357.0;1745680684;99.133;100.701;92.473;103.397;
1900-01-01 01:18:05;358.0;1745680685;99.207;100.703;92.428;103.397;
1900-01-01 01:18:06;359.0;1745680686;99.099;100.703;92.428;103.461;
1900-01-01 01:18:07;360.0;1745680687;99.099;100.831;92.353;103.482;
1900-01-01 01:18:08;361.0;1745680688;99.127;100.759;92.247;103.482;
1900-01-01 01:18:09;362.0;1745680689;99.147;100.759;92.247;103.343;
1900-01-01 01:18:10;363.0;1745680690;99.147;100.911;92.098;103.463;
1900-01-01 01:18:11;364.0;1745680691;99.089;100.847;92.098;103.463;
1900-01-01 01:18:12;365.0;1745680692;99.211;100.847;92.07;103.488;
1900-01-01 01:18:13;366.0;1745680693;99.211;100.823;92.037;103.373;
1900-01-01 01:18:14;367.0;1745680694;99.095;100.807;92.037;103.373;
1900-01-01 01:18:15;368.0;1745680695;99.133;100.807;92.04;103.588;
1900-01-01 01:18:16;369.0;1745680696;99.133;100.889;92.094;103.588;
1900-01-01 01:18:17;370.0;1745680697;99.173;100.872;92.094;103.461;
1900-01-01 01:18:19;371.0;1745680699;99.209;100.872;91.957;103.563;
1900-01-01 01:18:19;372.0;1745680699;99.209;100.93;92.013;103.563;
1900-01-01 01:18:20;373.0;1745680700;99.272;101.017;92.013;103.476;
1900-01-01 01:18:21;374.0;1745680701;99.272;101.017;91.828;103.452;
1900-01-01 01:18:22;375.0;1745680702;99.265;100.981;91.76;103.452;
1900-01-01 01:18:23;376.0;1745680703;99.244;100.878;91.76;103.405;
1900-01-01 01:18:24;377.0;1745680704;99.244;100.878;91.752;103.442;
1900-01-01 01:18:25;378.0;1745680705;99.306;100.938;91.997;103.442;
1900-01-01 01:18:26;379.0;1745680706;99.28;100.938;91.997;103.394;
1900-01-01 01:18:27;380.0;1745680707;99.28;100.709;92.095;103.388;
1900-01-01 01:18:28;381.0;1745680708;99.27;100.899;92.162;103.388;
1900-01-01 01:18:29;382.0;1745680709;0.0;0.0;0.0;0.0;
1900-01-01 01:18:30;383.0;1745680710;99.349;100.849;92.175;103.476;
1900-01-01 01:18:31;384.0;1745680711;99.385;100.825;92.175;103.476;
1900-01-01 01:18:32;385.0;1745680712;99.385;100.825;92.115;103.445;
1900-01-01 01:18:33;386.0;1745680713;99.41;100.928;92.006;103.445;
1900-01-01 01:18:34;387.0;1745680714;99.34;100.987;92.006;103.475;
1900-01-01 01:18:35;388.0;1745680715;99.393;100.987;91.976;103.364;
1900-01-01 01:18:36;389.0;1745680716;99.393;100.931;91.935;103.462;
1900-01-01 01:18:37;390.0;1745680717;99.417;100.949;91.935;103.462;
1900-01-01 01:18:38;391.0;1745680718;99.417;100.949;91.934;103.38;
1900-01-01 01:18:39;392.0;1745680719;99.452;100.913;92.078;103.38;
1900-01-01 01:18:40;393.0;1745680720;99.42;101.013;92.078;103.399;
1900-01-01 01:18:41;394.0;1745680721;99.42;101.013;92.065;103.445;
1900-01-01 01:18:42;395.0;1745680722;99.423;100.851;91.981;103.445;
1900-01-01 01:18:43;396.0;1745680723;99.412;100.851;91.981;103.462;
1900-01-01 01:18:44;397.0;1745680724;99.412;100.932;92.057;103.442;
1900-01-01 01:18:45;398.0;1745680725;99.351;100.861;92.059;103.442;
1900-01-01 01:18:47;399.0;1745680727;99.372;100.957;92.059;103.383;
1900-01-01 01:18:47;400.0;1745680727;99.372;100.957;92.125;103.438;
1900-01-01 01:18:48;401.0;1745680728;99.19;100.879;92.181;103.438;
1900-01-01 01:18:49;402.0;1745680729;99.198;100.879;92.181;103.41;
1900-01-01 01:18:50;403.0;1745680730;99.198;100.797;92.158;103.401;
1900-01-01 01:18:51;404.0;1745680731;99.165;100.713;92.158;103.401;
1900-01-01 01:18:52;405.0;1745680732;99.054;100.713;92.125;103.405;
1900-01-01 01:18:53;406.0;1745680733;99.054;100.67;91.977;103.39;
1900-01-01 01:18:54;407.0;1745680734;99.029;100.655;91.977;103.39;
1900-01-01 01:18:55;408.0;1745680735;98.981;100.655;92.028;103.387;
1900-01-01 01:18:56;409.0;1745680736;98.981;100.542;91.994;103.426;
1900-01-01 01:18:57;410.0;1745680737;98.961;100.542;91.994;103.426;
1900-01-01 01:18:58;411.0;1745680738;98.961;100.674;92.11;103.363;
1900-01-01 01:18:59;412.0;1745680739;98.975;100.644;92.135;103.363;
1900-01-01 01:19:00;413.0;1745680740;99.005;100.644;92.135;103.423;
1900-01-01 01:19:01;414.0;1745680741;99.005;100.67;91.914;103.416;
1900-01-01 01:19:02;415.0;1745680742;98.993;100.647;91.86;103.416;
1900-01-01 01:19:03;416.0;1745680743;99.024;100.647;91.86;103.426;
1900-01-01 01:19:04;417.0;1745680744;99.024;100.689;91.739;103.367;
1900-01-01 01:19:05;418.0;1745680745;98.952;100.735;91.654;103.367;
1900-01-01 01:19:06;419.0;1745680746;98.935;100.735;91.654;103.463;
1900-01-01 01:19:07;420.0;1745680747;98.935;100.754;91.601;103.42;
1900-01-01 01:19:08;421.0;1745680748;98.921;100.704;91.554;103.42;
1900-01-01 01:19:09;422.0;1745680749;98.802;100.704;91.554;103.421;
1900-01-01 01:19:10;423.0;1745680750;98.802;100.767;91.522;103.384;
1900-01-01 01:19:11;424.0;1745680751;98.839;100.816;91.542;103.384;
1900-01-01 01:19:12;425.0;1745680752;98.978;100.816;91.542;103.415;
1900-01-01 01:19:13;426.0;1745680753;98.978;100.749;91.591;103.336;
1900-01-01 01:19:14;427.0;1745680754;99.015;100.921;91.493;103.336;
1900-01-01 01:19:15;428.0;1745680755;99.059;100.891;91.493;103.478;
1900-01-01 01:19:16;429.0;1745680756;99.059;100.891;91.602;103.476;
1900-01-01 01:19:17;430.0;1745680757;99.167;100.959;91.693;103.476;
1900-01-01 01:19:18;431.0;1745680758;99.125;100.959;91.693;103.441;
1900-01-01 01:19:19;432.0;1745680759;99.125;100.915;91.73;103.412;
1900-01-01 01:19:20;433.0;1745680760;99.078;100.937;91.73;103.412;
1900-01-01 01:19:21;434.0;1745680761;99.204;100.937;91.706;103.424;
1900-01-01 01:19:22;435.0;1745680762;99.204;100.942;91.647;103.411;
1900-01-01 01:19:23;436.0;1745680763;99.255;100.864;91.605;103.411;
1900-01-01 01:19:25;437.0;1745680765;99.181;100.803;91.605;103.431;
1900-01-01 01:19:25;438.0;1745680765;99.181;100.803;91.556;103.354;
1900-01-01 01:19:26;439.0;1745680766;99.185;100.789;91.566;103.354;
1900-01-01 01:19:27;440.0;1745680767;99.244;100.789;91.566;103.382;
1900-01-01 01:19:28;441.0;1745680768;99.244;100.735;91.63;103.428;
1900-01-01 01:19:29;442.0;1745680769;99.148;100.85;91.707;103.428;
1900-01-01 01:19:30;443.0;1745680770;99.148;100.85;91.707;103.406;
1900-01-01 01:19:31;444.0;1745680771;99.15;100.694;91.746;103.406;
1900-01-01 01:19:32;445.0;1745680772;99.212;100.704;91.746;103.506;
1900-01-01 01:19:33;446.0;1745680773;99.212;100.704;91.736;103.397;
1900-01-01 01:19:34;447.0;1745680774;99.213;100.703;91.682;103.397;
1900-01-01 01:19:35;448.0;1745680775;99.182;100.645;91.682;103.391;
1900-01-01 01:19:36;449.0;1745680776;99.182;100.645;91.664;103.452;
1900-01-01 01:19:37;450.0;1745680777;99.119;100.718;91.684;103.452;
1900-01-01 01:19:38;451.0;1745680778;99.139;100.632;91.684;103.345;
1900-01-01 01:19:39;452.0;1745680779;99.139;100.632;91.683;103.343;
1900-01-01 01:19:40;453.0;1745680780;99.105;100.737;91.648;103.343;
1900-01-01 01:19:41;454.0;1745680781;99.032;100.737;91.648;103.356;
1900-01-01 01:19:42;455.0;1745680782;99.032;100.708;91.528;103.403;
1900-01-01 01:19:43;456.0;1745680783;98.933;100.625;91.56;103.403;
1900-01-01 01:19:44;457.0;1745680784;98.901;100.625;91.56;103.472;
1900-01-01 01:19:45;458.0;1745680785;98.901;100.637;91.489;103.394;
1900-01-01 01:19:46;459.0;1745680786;98.836;100.659;91.489;103.394;
1900-01-01 01:19:47;460.0;1745680787;98.883;100.659;91.493;103.378;
1900-01-01 01:19:48;461.0;1745680788;98.883;100.686;91.574;103.371;
1900-01-01 01:19:49;462.0;1745680789;98.778;100.712;91.574;103.371;
1900-01-01 01:19:50;463.0;1745680790;98.794;100.712;91.457;103.427;
1900-01-01 01:19:51;464.0;1745680791;98.794;100.711;91.384;103.427;
1900-01-01 01:19:52;465.0;1745680792;98.829;100.736;91.384;103.325;
1900-01-01 01:19:53;466.0;1745680793;98.72;100.736;91.482;103.454;
1900-01-01 01:19:54;467.0;1745680794;98.72;100.617;91.419;103.454;
1900-01-01 01:19:55;468.0;1745680795;98.733;100.574;91.419;103.383;
1900-01-01 01:19:56;469.0;1745680796;98.74;100.574;91.28;103.382;
1900-01-01 01:19:57;470.0;1745680797;98.74;100.628;91.155;103.382;
1900-01-01 01:19:58;471.0;1745680798;98.69;100.519;91.155;103.387;
1900-01-01 01:19:59;472.0;1745680799;98.69;100.519;91.092;103.318;
1900-01-01 01:20:00;473.0;1745680800;98.775;100.614;91.034;103.318;
1900-01-01 01:20:01;474.0;1745680801;98.833;100.614;91.034;103.41;
1900-01-01 01:20:02;475.0;1745680802;98.833;100.531;91.001;103.403;
1900-01-01 01:20:03;476.0;1745680803;98.839;100.537;91.035;103.403;
1900-01-01 01:20:04;477.0;1745680804;98.92;100.537;91.035;103.313;
1900-01-01 01:20:05;478.0;1745680805;98.92;100.565;90.988;103.36;
1900-01-01 01:20:06;479.0;1745680806;98.888;100.525;90.96;103.36;
1900-01-01 01:20:07;480.0;1745680807;98.918;100.525;90.96;103.409;
1900-01-01 01:20:08;481.0;1745680808;98.918;100.494;91.003;103.325;
1900-01-01 01:20:09;482.0;1745680809;98.936;100.522;91.003;103.325;
1900-01-01 01:20:10;483.0;1745680810;98.921;100.522;90.885;103.406;
1900-01-01 01:20:11;484.0;1745680811;98.921;100.563;90.849;103.367;
1900-01-01 01:20:12;485.0;1745680812;98.974;100.634;90.849;103.367;
1900-01-01 01:20:13;486.0;1745680813;98.954;100.634;90.765;103.457;
1900-01-01 01:20:14;487.0;1745680814;98.954;100.52;90.734;103.384;
1900-01-01 01:20:16;488.0;1745680816;98.937;100.462;90.646;103.384;
1900-01-01 01:20:16;489.0;1745680816;98.974;100.462;90.646;103.436;
1900-01-01 01:20:17;490.0;1745680817;98.974;100.453;90.572;103.373;
1900-01-01 01:20:18;491.0;1745680818;98.906;100.445;90.572;103.373;
1900-01-01 01:20:19;492.0;1745680819;98.906;100.445;90.548;103.404;
1900-01-01 01:20:20;493.0;1745680820;98.853;100.451;90.564;103.324;
1900-01-01 01:20:21;494.0;1745680821;98.751;100.408;90.564;103.324;
1900-01-01 01:20:22;495.0;1745680822;98.751;100.408;90.765;103.398;
1900-01-01 01:20:23;496.0;1745680823;98.759;100.373;90.83;103.398;
1900-01-01 01:20:24;497.0;1745680824;98.779;100.42;90.83;103.369;
1900-01-01 01:20:25;498.0;1745680825;98.779;100.42;90.91;103.381;
1900-01-01 01:20:26;499.0;1745680826;98.787;100.369;91.095;103.381;
1900-01-01 01:20:27;500.0;1745680827;98.801;100.461;91.095;103.341;
1900-01-01 01:20:28;501.0;1745680828;98.801;100.461;91.133;103.392;
1900-01-01 01:20:29;502.0;1745680829;98.718;100.481;91.133;103.392;
1900-01-01 01:20:30;503.0;1745680830;98.807;100.481;91.157;103.386;
1900-01-01 01:20:31;504.0;1745680831;98.807;100.572;91.199;103.325;
1900-01-01 01:20:32;505.0;1745680832;98.792;100.546;91.199;103.325;
1900-01-01 01:20:33;506.0;1745680833;98.88;100.546;91.121;103.375;
1900-01-01 01:20:34;507.0;1745680834;98.88;100.599;91.145;103.375;
1900-01-01 01:20:35;508.0;1745680835;98.848;100.601;91.145;103.397;
1900-01-01 01:20:36;509.0;1745680836;98.848;100.601;91.123;103.363;
1900-01-01 01:20:37;510.0;1745680837;98.828;100.637;91.05;103.319;
1900-01-01 01:20:38;511.0;1745680838;98.797;100.637;91.05;103.319;
1900-01-01 01:20:39;512.0;1745680839;98.797;100.59;90.96;103.418;
1900-01-01 01:20:40;513.0;1745680840;98.792;100.408;90.857;103.418;
1900-01-01 01:20:42;514.0;1745680842;98.787;100.454;90.857;103.398;
1900-01-01 01:20:42;515.0;1745680842;98.787;100.454;90.667;103.305;
1900-01-01 01:20:43;516.0;1745680843;98.798;100.449;90.513;103.305;
1900-01-01 01:20:44;517.0;1745680844;98.818;100.449;90.513;103.338;
1900-01-01 01:20:45;518.0;1745680845;98.818;100.495;90.52;103.385;
1900-01-01 01:20:46;519.0;1745680846;98.788;100.477;90.393;103.385;
1900-01-01 01:20:47;520.0;1745680847;98.744;100.477;90.393;103.402;
1900-01-01 01:20:48;521.0;1745680848;98.744;100.307;90.463;103.341;
1900-01-01 01:20:49;522.0;1745680849;98.718;100.36;90.485;103.341;
1900-01-01 01:20:50;523.0;1745680850;98.79;100.36;90.485;103.338;
1900-01-01 01:20:51;524.0;1745680851;98.79;100.378;90.533;103.3;
1900-01-01 01:20:52;525.0;1745680852;98.811;100.407;90.57;103.3;
1900-01-01 01:20:53;526.0;1745680853;98.74;100.407;90.57;103.361;
1900-01-01 01:20:54;527.0;1745680854;98.74;100.428;90.623;103.323;
1900-01-01 01:20:55;528.0;1745680855;98.754;100.444;90.553;103.323;
1900-01-01 01:20:56;529.0;1745680856;98.754;100.444;90.553;103.395;
1900-01-01 01:20:57;530.0;1745680857;98.751;100.494;90.522;103.427;
1900-01-01 01:20:58;531.0;1745680858;98.812;100.589;90.522;103.427;
1900-01-01 01:20:59;532.0;1745680859;98.812;100.589;90.495;103.379;
1900-01-01 01:21:00;533.0;1745680860;98.734;100.619;90.478;103.379;
1900-01-01 01:21:01;534.0;1745680861;98.828;100.525;90.478;103.317;
1900-01-01 01:21:02;535.0;1745680862;98.787;100.525;90.413;103.301;
1900-01-01 01:21:03;536.0;1745680863;98.787;100.535;90.268;103.301;
1900-01-01 01:21:04;537.0;1745680864;98.85;100.504;90.268;103.359;
1900-01-01 01:21:05;538.0;1745680865;98.85;100.504;90.251;103.386;
1900-01-01 01:21:06;539.0;1745680866;98.74;100.532;90.135;103.386;
1900-01-01 01:21:07;540.0;1745680867;98.723;100.532;90.135;103.388;
1900-01-01 01:21:08;541.0;1745680868;98.723;100.559;90.057;103.431;
1900-01-01 01:21:09;542.0;1745680869;98.641;100.581;90.135;103.431;
1900-01-01 01:21:10;543.0;1745680870;98.505;100.581;90.135;103.379;
1900-01-01 01:21:11;544.0;1745680871;98.505;100.397;90.146;103.331;
1900-01-01 01:21:12;545.0;1745680872;98.48;100.402;90.038;103.331;
1900-01-01 01:21:13;546.0;1745680873;98.365;100.402;90.038;103.405;
1900-01-01 01:21:14;547.0;1745680874;98.365;100.508;89.938;103.379;
1900-01-01 01:21:15;548.0;1745680875;98.326;100.433;89.938;103.379;
1900-01-01 01:21:16;549.0;1745680876;98.355;100.433;90.017;103.419;
1900-01-01 01:21:17;550.0;1745680877;98.355;100.389;90.068;103.419;
1900-01-01 01:21:18;551.0;1745680878;98.319;100.447;90.068;103.319;
1900-01-01 01:21:19;552.0;1745680879;98.303;100.447;90.092;103.309;
1900-01-01 01:21:20;553.0;1745680880;98.303;100.585;89.989;103.309;
1900-01-01 01:21:21;554.0;1745680881;98.264;100.569;89.989;103.371;
1900-01-01 01:21:22;555.0;1745680882;98.218;100.569;89.875;103.333;
1900-01-01 01:21:23;556.0;1745680883;98.218;100.491;89.817;103.333;
1900-01-01 01:21:24;557.0;1745680884;98.231;100.407;89.817;103.379;
1900-01-01 01:21:25;558.0;1745680885;98.231;100.407;89.749;103.364;
1900-01-01 01:21:26;559.0;1745680886;98.23;100.304;89.741;103.364;
1900-01-01 01:21:27;560.0;1745680887;98.176;100.429;89.741;103.371;
1900-01-01 01:21:28;561.0;1745680888;98.176;100.429;89.711;103.363;
1900-01-01 01:21:29;562.0;1745680889;98.202;100.441;89.665;103.363;
1900-01-01 01:21:30;563.0;1745680890;98.253;100.441;89.665;103.355;
1900-01-01 01:21:31;564.0;1745680891;98.253;100.377;89.726;103.309;
1900-01-01 01:21:32;565.0;1745680892;98.214;100.447;89.661;103.309;
1900-01-01 01:21:33;566.0;1745680893;98.162;100.397;89.661;103.311;
1900-01-01 01:21:34;567.0;1745680894;98.162;100.397;89.712;103.261;
1900-01-01 01:21:35;568.0;1745680895;98.234;100.378;89.55;103.261;
1900-01-01 01:21:36;569.0;1745680896;98.123;100.378;89.55;103.338;
1900-01-01 01:21:37;570.0;1745680897;98.123;100.356;89.311;103.28;
1900-01-01 01:21:38;571.0;1745680898;98.13;100.342;89.311;103.28;
1900-01-01 01:21:39;572.0;1745680899;98.14;100.342;89.12;103.29;
1900-01-01 01:21:40;573.0;1745680900;98.14;100.386;88.992;103.339;
1900-01-01 01:21:41;574.0;1745680901;98.196;100.394;88.992;103.339;
1900-01-01 01:21:42;575.0;1745680902;98.067;100.394;88.985;103.282;
1900-01-01 01:21:43;576.0;1745680903;98.067;100.384;88.962;103.357;
1900-01-01 01:21:44;577.0;1745680904;98.106;100.451;88.962;103.357;
1900-01-01 01:21:45;578.0;1745680905;98.106;100.451;89.113;103.437;
1900-01-01 01:21:46;579.0;1745680906;98.134;100.4;89.108;103.437;
1900-01-01 01:21:47;580.0;1745680907;98.113;100.4;89.108;103.355;
1900-01-01 01:21:48;581.0;1745680908;98.113;100.519;89.133;103.361;
1900-01-01 01:21:49;582.0;1745680909;98.143;100.38;89.299;103.361;
1900-01-01 01:21:50;583.0;1745680910;98.143;100.38;89.299;103.267;
1900-01-01 01:21:51;584.0;1745680911;98.143;100.372;89.329;103.367;
1900-01-01 01:21:53;585.0;1745680913;98.134;100.368;89.352;103.367;
1900-01-01 01:21:53;586.0;1745680913;98.151;100.368;89.352;103.374;
1900-01-01 01:21:54;587.0;1745680914;98.151;100.302;89.349;103.273;
1900-01-01 01:21:55;588.0;1745680915;98.058;100.423;89.347;103.273;
1900-01-01 01:21:56;589.0;1745680916;98.16;100.423;89.347;103.301;
1900-01-01 01:21:57;590.0;1745680917;98.16;100.441;89.287;103.299;
1900-01-01 01:21:58;591.0;1745680918;98.145;100.363;89.287;103.299;
1900-01-01 01:22:00;592.0;1745680920;98.144;100.363;89.182;103.329;
1900-01-01 01:22:00;593.0;1745680920;98.144;100.344;89.18;103.329;
1900-01-01 01:22:01;594.0;1745680921;98.154;100.336;89.18;103.333;
1900-01-01 01:22:02;595.0;1745680922;98.172;100.336;89.16;103.4;
1900-01-01 01:22:03;596.0;1745680923;98.172;100.28;89.02;103.4;
1900-01-01 01:22:04;597.0;1745680924;98.085;100.148;89.02;103.323;
1900-01-01 01:22:05;598.0;1745680925;98.085;100.148;88.885;103.36;
1900-01-01 01:22:06;599.0;1745680926;98.057;100.111;88.817;103.36;
1900-01-01 01:22:07;600.0;1745680927;97.977;100.111;88.817;103.421;
1900-01-01 01:22:08;601.0;1745680928;97.977;100.106;88.761;103.322;
1900-01-01 01:22:09;602.0;1745680929;98.058;100.109;88.882;103.322;
1900-01-01 01:22:10;603.0;1745680930;98.075;100.109;88.882;103.237;
1900-01-01 01:22:11;604.0;1745680931;98.075;100.224;88.827;103.245;
1900-01-01 01:22:12;605.0;1745680932;98.053;100.166;88.827;103.245;
1900-01-01 01:22:13;606.0;1745680933;98.036;100.166;88.839;103.343;
1900-01-01 01:22:14;607.0;1745680934;98.036;100.202;88.804;103.264;
1900-01-01 01:22:16;608.0;1745680936;97.995;100.186;88.916;103.264;
1900-01-01 01:22:16;609.0;1745680936;97.997;100.186;88.916;103.288;
1900-01-01 01:22:17;610.0;1745680937;97.997;100.143;88.954;103.312;
1900-01-01 01:22:18;611.0;1745680938;97.935;100.175;88.954;103.312;
1900-01-01 01:22:19;612.0;1745680939;97.981;100.175;88.893;103.304;
1900-01-01 01:22:20;613.0;1745680940;97.981;100.214;88.847;103.304;
1900-01-01 01:22:21;614.0;1745680941;97.897;100.166;88.847;103.17;
1900-01-01 01:22:22;615.0;1745680942;97.897;100.166;88.867;103.293;
1900-01-01 01:22:23;616.0;1745680943;97.897;100.204;88.873;103.238;
1900-01-01 01:22:24;617.0;1745680944;97.925;100.204;88.873;103.238;
1900-01-01 01:22:25;618.0;1745680945;97.925;100.181;88.735;103.35;
1900-01-01 01:22:26;619.0;1745680946;97.908;100.272;88.737;103.35;
1900-01-01 01:22:27;620.0;1745680947;97.915;100.272;88.737;103.254;
1900-01-01 01:22:28;621.0;1745680948;97.915;100.324;88.657;103.326;
1900-01-01 01:22:29;622.0;1745680949;97.844;100.375;88.618;103.326;
1900-01-01 01:22:30;623.0;1745680950;97.879;100.287;88.618;103.314;
1900-01-01 01:22:31;624.0;1745680951;97.879;100.287;88.648;103.339;
1900-01-01 01:22:32;625.0;1745680952;97.904;100.411;88.63;103.339;
1900-01-01 01:22:33;626.0;1745680953;97.867;100.411;88.63;103.329;
1900-01-01 01:22:34;627.0;1745680954;97.867;100.362;88.671;103.331;
1900-01-01 01:22:35;628.0;1745680955;97.911;100.233;88.671;103.331;
1900-01-01 01:22:36;629.0;1745680956;97.85;100.233;88.594;103.325;
1900-01-01 01:22:37;630.0;1745680957;97.85;100.335;88.627;103.279;
1900-01-01 01:22:38;631.0;1745680958;97.935;100.317;88.627;103.279;
1900-01-01 01:22:39;632.0;1745680959;97.875;100.317;88.523;103.337;
1900-01-01 01:22:40;633.0;1745680960;97.875;100.323;88.626;103.35;
1900-01-01 01:22:42;634.0;1745680962;97.817;100.337;88.63;103.35;
1900-01-01 01:22:42;635.0;1745680962;97.904;100.337;88.63;103.296;
1900-01-01 01:22:43;636.0;1745680963;97.904;100.444;88.603;103.275;
1900-01-01 01:22:44;637.0;1745680964;97.854;100.317;88.603;103.275;
1900-01-01 01:22:45;638.0;1745680965;97.778;100.317;88.583;103.301;
1900-01-01 01:22:46;639.0;1745680966;97.778;100.399;88.658;103.301;
1900-01-01 01:22:47;640.0;1745680967;97.771;100.368;88.658;103.304;
1900-01-01 01:22:48;641.0;1745680968;97.771;100.368;88.549;103.325;
1900-01-01 01:22:49;642.0;1745680969;97.794;100.228;88.615;103.325;
1900-01-01 01:22:50;643.0;1745680970;97.764;100.228;88.615;103.333;
1900-01-01 01:22:51;644.0;1745680971;97.764;100.213;88.443;103.34;
1900-01-01 01:22:52;645.0;1745680972;97.694;100.226;88.513;103.34;
1900-01-01 01:22:53;646.0;1745680973;97.764;100.226;88.513;103.266;
1900-01-01 01:22:54;647.0;1745680974;97.764;100.204;88.467;103.329;
1900-01-01 01:22:55;648.0;1745680975;97.711;100.175;88.43;103.329;
1900-01-01 01:22:56;649.0;1745680976;97.694;100.175;88.43;103.25;
1900-01-01 01:22:57;650.0;1745680977;97.694;100.136;88.397;103.303;
1900-01-01 01:22:58;651.0;1745680978;97.605;100.104;88.397;103.303;
1900-01-01 01:22:59;652.0;1745680979;97.587;100.104;88.335;103.288;
1900-01-01 01:23:00;653.0;1745680980;97.587;100.135;88.256;103.328;
1900-01-01 01:23:01;654.0;1745680981;97.533;100.109;88.256;103.328;
1900-01-01 01:23:02;655.0;1745680982;97.566;100.109;88.248;103.361;
1900-01-01 01:23:03;656.0;1745680983;97.566;100.092;88.192;103.361;
1900-01-01 01:23:04;657.0;1745680984;97.546;100.191;88.192;103.293;
1900-01-01 01:23:06;658.0;1745680986;97.559;100.191;88.229;103.278;
1900-01-01 01:23:06;659.0;1745680986;97.559;100.161;88.195;103.278;
1900-01-01 01:23:07;660.0;1745680987;97.546;100.19;88.195;103.333;
1900-01-01 01:23:08;661.0;1745680988;97.578;100.19;88.208;103.299;
1900-01-01 01:23:09;662.0;1745680989;97.578;100.195;88.229;103.299;
1900-01-01 01:23:10;663.0;1745680990;97.557;100.053;88.229;103.229;
1900-01-01 01:23:11;664.0;1745680991;97.557;100.053;88.251;103.353;
1900-01-01 01:23:12;665.0;1745680992;97.568;100.093;88.19;103.353;
1900-01-01 01:23:13;666.0;1745680993;97.546;100.093;88.19;103.241;
1900-01-01 01:23:14;667.0;1745680994;97.546;100.046;88.186;103.329;
1900-01-01 01:23:15;668.0;1745680995;97.546;100.098;88.133;103.329;
1900-01-01 01:23:16;669.0;1745680996;97.537;100.098;88.133;103.358;
1900-01-01 01:23:17;670.0;1745680997;97.537;100.085;87.99;103.305;
1900-01-01 01:23:19;671.0;1745680999;97.524;100.098;87.963;103.305;
1900-01-01 01:23:19;672.0;1745680999;97.56;100.098;87.963;103.293;
1900-01-01 01:23:20;673.0;1745681000;97.56;100.084;87.922;103.374;
1900-01-01 01:23:21;674.0;1745681001;97.488;100.214;87.882;103.374;
1900-01-01 01:23:22;675.0;1745681002;97.488;100.214;87.882;103.294;
1900-01-01 01:23:23;676.0;1745681003;97.488;100.124;87.92;103.225;
1900-01-01 01:23:25;677.0;1745681005;97.437;100.102;87.916;103.225;
1900-01-01 01:23:25;678.0;1745681005;97.451;100.102;87.916;103.249;
1900-01-01 01:23:26;679.0;1745681006;97.451;100.07;87.971;103.173;
1900-01-01 01:23:27;680.0;1745681007;97.555;100.146;87.971;103.173;
1900-01-01 01:23:28;681.0;1745681008;97.555;100.146;87.937;103.319;
1900-01-01 01:23:29;682.0;1745681009;97.475;100.051;87.857;103.271;
1900-01-01 01:23:30;683.0;1745681010;97.365;100.115;87.857;103.271;
1900-01-01 01:23:31;684.0;1745681011;97.365;100.115;87.889;103.318;
1900-01-01 01:23:32;685.0;1745681012;97.341;100.084;87.892;103.318;
1900-01-01 01:23:33;686.0;1745681013;97.413;100.084;87.892;103.243;
1900-01-01 01:23:34;687.0;1745681014;97.413;100.107;88.015;103.274;
1900-01-01 01:23:35;688.0;1745681015;97.411;100.019;87.981;103.274;
1900-01-01 01:23:36;689.0;1745681016;97.441;100.019;87.981;103.231;
1900-01-01 01:23:37;690.0;1745681017;97.441;99.992;87.87;103.239;
1900-01-01 01:23:38;691.0;1745681018;97.458;99.968;87.87;103.239;
1900-01-01 01:23:39;692.0;1745681019;97.392;99.968;87.824;103.358;
1900-01-01 01:23:40;693.0;1745681020;97.392;99.985;87.796;103.379;
1900-01-01 01:23:41;694.0;1745681021;97.366;100.048;87.796;103.379;
1900-01-01 01:23:42;695.0;1745681022;97.374;100.048;87.823;103.333;
1900-01-01 01:23:43;696.0;1745681023;97.374;100.002;87.82;103.268;
1900-01-01 01:23:44;697.0;1745681024;97.358;99.977;87.82;103.268;
1900-01-01 01:23:45;698.0;1745681025;97.226;99.977;87.766;103.384;
1900-01-01 01:23:46;699.0;1745681026;97.226;99.959;87.734;103.285;
1900-01-01 01:23:48;700.0;1745681028;97.231;99.985;87.761;103.285;
1900-01-01 01:23:48;701.0;1745681028;97.151;99.985;87.761;103.321;
1900-01-01 01:23:49;702.0;1745681029;97.151;99.964;87.719;103.239;
1900-01-01 01:23:50;703.0;1745681030;97.113;100.125;87.719;103.239;
1900-01-01 01:23:51;704.0;1745681031;96.985;100.125;87.782;103.288;
1900-01-01 01:23:52;705.0;1745681032;96.985;100.075;87.759;103.288;
1900-01-01 01:23:53;706.0;1745681033;97.088;100.045;87.759;103.334;
1900-01-01 01:23:54;707.0;1745681034;97.054;100.045;87.825;103.297;
1900-01-01 01:23:55;708.0;1745681035;97.054;100.064;87.834;103.297;
1900-01-01 01:23:56;709.0;1745681036;96.996;100.015;87.834;103.355;
1900-01-01 01:23:57;710.0;1745681037;96.996;100.015;87.857;103.32;
1900-01-01 01:23:58;711.0;1745681038;97.026;100.053;87.837;103.32;
1900-01-01 01:23:59;712.0;1745681039;97.004;99.997;87.837;103.221;
1900-01-01 01:24:00;713.0;1745681040;97.004;99.997;87.709;103.267;
1900-01-01 01:24:01;714.0;1745681041;97.018;99.948;87.581;103.267;
1900-01-01 01:24:02;715.0;1745681042;96.965;99.948;87.581;103.344;
1900-01-01 01:24:03;716.0;1745681043;96.965;99.945;87.465;103.354;
1900-01-01 01:24:04;717.0;1745681044;96.929;99.949;87.352;103.354;
1900-01-01 01:24:05;718.0;1745681045;96.935;99.949;87.352;103.287;
1900-01-01 01:24:06;719.0;1745681046;96.935;99.967;87.278;103.338;
1900-01-01 01:24:08;720.0;1745681048;96.988;100.074;87.211;103.338;
1900-01-01 01:24:08;721.0;1745681048;96.933;100.074;87.211;103.335;
1900-01-01 01:24:09;722.0;1745681049;96.933;100.03;87.27;103.292;
1900-01-01 01:24:10;723.0;1745681050;97.012;100.047;87.254;103.292;
1900-01-01 01:24:11;724.0;1745681051;96.96;100.047;87.254;103.228;
1900-01-01 01:24:12;725.0;1745681052;96.96;100.116;87.24;103.352;
1900-01-01 01:24:13;726.0;1745681053;96.996;100.095;87.24;103.352;
1900-01-01 01:24:14;727.0;1745681054;96.924;100.095;87.147;103.391;
1900-01-01 01:24:15;728.0;1745681055;96.924;100.129;87.11;103.348;
1900-01-01 01:24:16;729.0;1745681056;96.924;100.158;87.071;103.348;
1900-01-01 01:24:18;730.0;1745681058;96.965;100.121;87.071;103.296;
1900-01-01 01:24:18;731.0;1745681058;96.965;100.121;86.993;103.288;
1900-01-01 01:24:19;732.0;1745681059;96.945;100.024;87.067;103.288;
1900-01-01 01:24:20;733.0;1745681060;96.968;100.024;87.067;103.363;
1900-01-01 01:24:21;734.0;1745681061;96.968;99.952;87.154;103.274;
1900-01-01 01:24:22;735.0;1745681062;96.856;99.867;87.16;103.274;
1900-01-01 01:24:23;736.0;1745681063;96.857;99.867;87.16;103.329;
1900-01-01 01:24:24;737.0;1745681064;96.857;99.819;87.143;103.328;
1900-01-01 01:24:25;738.0;1745681065;96.788;99.81;87.177;103.328;
1900-01-01 01:24:27;739.0;1745681067;96.8;99.81;87.177;103.332;
1900-01-01 01:24:27;740.0;1745681067;96.8;99.802;87.192;103.27;
1900-01-01 01:24:28;741.0;1745681068;96.721;99.824;87.192;103.27;
1900-01-01 01:24:29;742.0;1745681069;96.623;99.824;87.123;103.337;
1900-01-01 01:24:30;743.0;1745681070;96.623;99.804;87.074;103.337;
1900-01-01 01:24:31;744.0;1745681071;96.6;99.747;87.074;103.214;
1900-01-01 01:24:32;745.0;1745681072;96.563;99.747;87.06;103.311;
1900-01-01 01:24:33;746.0;1745681073;96.563;99.781;87.049;103.306;
1900-01-01 01:24:34;747.0;1745681074;96.594;99.796;87.049;103.306;
1900-01-01 01:24:35;748.0;1745681075;96.594;99.796;87.026;103.262;
1900-01-01 01:24:36;749.0;1745681076;96.558;99.723;87.068;103.262;
1900-01-01 01:24:37;750.0;1745681077;96.65;99.723;87.068;103.266;
1900-01-01 01:24:38;751.0;1745681078;96.65;99.793;87.125;103.241;
1900-01-01 01:24:39;752.0;1745681079;96.596;99.851;87.104;103.241;
1900-01-01 01:24:41;753.0;1745681081;96.675;99.842;87.104;103.273;
1900-01-01 01:24:41;754.0;1745681081;96.675;99.842;87.237;103.367;
1900-01-01 01:24:42;755.0;1745681082;96.692;99.748;87.182;103.367;
1900-01-01 01:24:43;756.0;1745681083;96.712;99.748;87.182;103.277;
1900-01-01 01:24:44;757.0;1745681084;96.712;99.823;87.206;103.368;
1900-01-01 01:24:45;758.0;1745681085;96.796;99.836;87.224;103.368;
1900-01-01 01:24:46;759.0;1745681086;96.752;99.836;87.224;103.241;
1900-01-01 01:24:47;760.0;1745681087;96.752;99.883;87.276;103.303;
1900-01-01 01:24:48;761.0;1745681088;96.87;99.952;87.276;103.303;
1900-01-01 01:24:49;762.0;1745681089;96.85;99.952;87.207;103.301;
1900-01-01 01:24:50;763.0;1745681090;96.85;99.908;87.216;103.301;
1900-01-01 01:24:51;764.0;1745681091;96.827;99.963;87.216;103.34;
1900-01-01 01:24:52;765.0;1745681092;96.814;99.963;87.125;103.307;
1900-01-01 01:24:53;766.0;1745681093;96.814;99.941;86.998;103.25;
1900-01-01 01:24:55;767.0;1745681095;96.793;100.089;86.825;103.25;
1900-01-01 01:24:55;768.0;1745681095;96.673;100.089;86.825;103.19;
1900-01-01 01:24:56;769.0;1745681096;96.673;100.012;86.744;103.157;
1900-01-01 01:24:57;770.0;1745681097;96.706;99.96;86.744;103.157;
1900-01-01 01:24:58;771.0;1745681098;96.719;99.96;86.728;103.258;
1900-01-01 01:24:59;772.0;1745681099;96.719;99.959;86.714;103.221;
1900-01-01 01:25:00;773.0;1745681100;96.678;99.955;86.714;103.221;
1900-01-01 01:25:01;774.0;1745681101;96.678;99.955;86.688;103.284;
1900-01-01 01:25:02;775.0;1745681102;96.665;99.951;86.713;103.284;
1900-01-01 01:25:03;776.0;1745681103;96.627;99.948;86.713;103.264;
1900-01-01 01:25:04;777.0;1745681104;96.627;99.948;86.723;103.247;
1900-01-01 01:25:05;778.0;1745681105;96.564;99.912;86.714;103.247;
1900-01-01 01:25:06;779.0;1745681106;96.467;99.848;86.714;103.247;
1900-01-01 01:25:08;780.0;1745681108;96.467;99.848;86.547;103.276;
1900-01-01 01:25:08;781.0;1745681108;96.487;99.929;86.57;103.276;
1900-01-01 01:25:09;782.0;1745681109;96.479;99.885;86.57;103.281;
1900-01-01 01:25:10;783.0;1745681110;96.479;99.885;86.486;103.294;
1900-01-01 01:25:11;784.0;1745681111;96.502;99.936;86.447;103.294;
1900-01-01 01:25:12;785.0;1745681112;96.318;99.936;86.447;103.233;
1900-01-01 01:25:13;786.0;1745681113;96.318;99.847;86.448;103.205;
1900-01-01 01:25:14;787.0;1745681114;96.296;99.835;86.448;103.205;
1900-01-01 01:25:15;788.0;1745681115;96.261;99.835;86.516;103.327;
1900-01-01 01:25:17;789.0;1745681117;96.261;99.776;86.46;103.322;
1900-01-01 01:25:17;790.0;1745681117;96.311;99.74;86.46;103.322;
1900-01-01 01:25:18;791.0;1745681118;96.215;99.74;86.528;103.295;
1900-01-01 01:25:19;792.0;1745681119;96.215;99.721;86.508;103.382;
1900-01-01 01:25:20;793.0;1745681120;96.184;99.732;86.508;103.382;
1900-01-01 01:25:21;794.0;1745681121;96.184;99.732;86.464;103.26;
1900-01-01 01:25:22;795.0;1745681122;96.12;99.721;86.462;103.263;
1900-01-01 01:25:23;796.0;1745681123;96.158;99.72;86.462;103.263;
1900-01-01 01:25:24;797.0;1745681124;96.158;99.72;86.498;103.208;
1900-01-01 01:25:25;798.0;1745681125;96.191;99.567;86.582;103.228;
1900-01-01 01:25:27;799.0;1745681127;96.215;99.639;86.582;103.228;
1900-01-01 01:25:27;800.0;1745681127;96.215;99.639;86.455;103.269;
1900-01-01 01:25:28;801.0;1745681128;96.265;99.669;86.511;103.267;
1900-01-01 01:25:29;802.0;1745681129;96.378;99.669;86.511;103.267;
1900-01-01 01:25:30;803.0;1745681130;96.378;99.813;86.517;103.204;
1900-01-01 01:25:31;804.0;1745681131;96.384;99.783;86.497;103.204;
1900-01-01 01:25:32;805.0;1745681132;96.396;99.814;86.497;103.279;
1900-01-01 01:25:33;806.0;1745681133;96.396;99.814;86.433;103.219;
1900-01-01 01:25:34;807.0;1745681134;96.309;99.765;86.352;103.219;
1900-01-01 01:25:35;808.0;1745681135;96.274;99.765;86.352;103.279;
1900-01-01 01:25:36;809.0;1745681136;96.274;99.854;86.298;103.294;
1900-01-01 01:25:37;810.0;1745681137;96.331;99.803;86.35;103.294;
1900-01-01 01:25:38;811.0;1745681138;96.251;99.803;86.35;103.274;
1900-01-01 01:25:39;812.0;1745681139;96.251;99.858;86.349;103.303;
1900-01-01 01:25:40;813.0;1745681140;96.126;99.688;86.349;103.303;
1900-01-01 01:25:41;814.0;1745681141;96.142;99.688;86.431;103.319;
1900-01-01 01:25:42;815.0;1745681142;96.142;99.673;86.569;103.319;
1900-01-01 01:25:43;816.0;1745681143;96.062;99.655;86.569;103.298;
1900-01-01 01:25:44;817.0;1745681144;96.027;99.655;86.499;103.249;
1900-01-01 01:25:45;818.0;1745681145;96.027;99.722;86.492;103.249;
1900-01-01 01:25:46;819.0;1745681146;95.991;99.666;86.492;103.346;
1900-01-01 01:25:47;820.0;1745681147;96.002;99.666;86.41;103.254;
1900-01-01 01:25:48;821.0;1745681148;96.002;99.646;86.388;103.254;
1900-01-01 01:25:49;822.0;1745681149;96.063;99.551;86.388;103.257;
1900-01-01 01:25:50;823.0;1745681150;96.063;99.551;86.372;103.31;
1900-01-01 01:25:51;824.0;1745681151;96.067;99.641;86.259;103.31;
1900-01-01 01:25:52;825.0;1745681152;96.069;99.635;86.259;103.276;
1900-01-01 01:25:53;826.0;1745681153;96.069;99.635;86.202;103.256;
1900-01-01 01:25:54;827.0;1745681154;95.997;99.597;86.257;103.256;
1900-01-01 01:25:55;828.0;1745681155;96.121;99.597;86.257;103.307;
1900-01-01 01:25:56;829.0;1745681156;96.121;99.641;86.373;103.276;
1900-01-01 01:25:57;830.0;1745681157;96.154;99.655;86.307;103.276;
1900-01-01 01:25:58;831.0;1745681158;96.089;99.655;86.307;103.291;
1900-01-01 01:25:59;832.0;1745681159;96.089;99.533;86.209;103.314;
1900-01-01 01:26:00;833.0;1745681160;96.048;99.5;86.209;103.314;
1900-01-01 01:26:01;834.0;1745681161;95.965;99.5;86.082;103.239;
1900-01-01 01:26:02;835.0;1745681162;95.965;99.468;85.925;103.239;
1900-01-01 01:26:03;836.0;1745681163;95.973;99.439;85.852;103.239;
1900-01-01 01:26:04;837.0;1745681164;95.973;99.439;85.852;103.303;
1900-01-01 01:26:05;838.0;1745681165;95.973;99.461;85.882;103.277;
1900-01-01 01:26:06;839.0;1745681166;95.91;99.532;85.882;103.277;
1900-01-01 01:26:07;840.0;1745681167;95.979;99.532;85.853;103.259;
1900-01-01 01:26:08;841.0;1745681168;95.979;99.462;85.877;103.276;
1900-01-01 01:26:09;842.0;1745681169;95.997;99.553;85.877;103.276;
1900-01-01 01:26:10;843.0;1745681170;95.997;99.553;85.987;103.218;
1900-01-01 01:26:11;844.0;1745681171;95.923;99.594;86.037;103.218;
1900-01-01 01:26:12;845.0;1745681172;95.972;99.474;86.037;103.256;
1900-01-01 01:26:13;846.0;1745681173;95.972;99.474;86.019;103.288;
1900-01-01 01:26:14;847.0;1745681174;95.883;99.531;86.099;103.288;
1900-01-01 01:26:15;848.0;1745681175;95.958;99.575;86.099;103.294;
1900-01-01 01:26:16;849.0;1745681176;95.958;99.575;86.024;103.172;
1900-01-01 01:26:17;850.0;1745681177;95.852;99.512;85.937;103.172;
1900-01-01 01:26:18;851.0;1745681178;95.831;99.512;85.937;103.289;
1900-01-01 01:26:19;852.0;1745681179;95.831;99.531;85.803;103.195;
1900-01-01 01:26:20;853.0;1745681180;95.8;99.525;85.56;103.195;
1900-01-01 01:26:21;854.0;1745681181;95.717;99.525;85.56;103.235;
1900-01-01 01:26:22;855.0;1745681182;95.717;99.571;85.567;103.309;
1900-01-01 01:26:23;856.0;1745681183;95.696;99.577;85.567;103.309;
1900-01-01 01:26:25;857.0;1745681185;95.73;99.577;85.582;103.301;
1900-01-01 01:26:25;858.0;1745681185;95.73;99.627;85.626;103.227;
1900-01-01 01:26:26;859.0;1745681187;95.622;99.597;85.626;103.227;
1900-01-01 01:26:27;860.0;1745681187;95.622;99.597;85.723;103.207;
1900-01-01 01:26:28;861.0;1745681188;95.643;99.655;85.739;103.316;
1900-01-01 01:26:29;862.0;1745681189;95.61;99.655;85.739;103.316;
1900-01-01 01:26:30;863.0;1745681190;95.61;99.6;85.714;103.229;
1900-01-01 01:26:31;864.0;1745681191;95.609;99.574;85.839;103.229;
1900-01-01 01:26:33;865.0;1745681193;95.627;99.605;85.839;103.298;
1900-01-01 01:26:33;866.0;1745681193;95.627;99.605;85.91;103.196;
1900-01-01 01:26:34;867.0;1745681194;95.64;99.531;85.881;103.196;
1900-01-01 01:26:35;868.0;1745681195;95.618;99.531;85.881;103.197;
1900-01-01 01:26:36;869.0;1745681196;95.618;99.589;85.938;103.16;
1900-01-01 01:26:37;870.0;1745681197;95.598;99.565;85.929;103.16;
1900-01-01 01:26:38;871.0;1745681198;95.69;99.565;85.929;103.2;
1900-01-01 01:26:39;872.0;1745681199;95.69;99.558;85.881;103.186;
1900-01-01 01:26:40;873.0;1745681200;95.655;99.583;85.881;103.186;
1900-01-01 01:26:41;874.0;1745681201;95.576;99.583;85.973;103.264;
1900-01-01 01:26:42;875.0;1745681202;95.576;99.583;85.916;103.222;
1900-01-01 01:26:44;876.0;1745681204;95.571;99.621;85.923;103.222;
1900-01-01 01:26:44;877.0;1745681204;95.647;99.621;85.923;103.183;
1900-01-01 01:26:45;878.0;1745681205;95.647;99.545;85.806;103.261;
1900-01-01 01:26:47;879.0;1745681207;95.502;99.615;85.615;103.261;
1900-01-01 01:26:47;880.0;1745681207;95.502;99.615;85.615;103.235;
1900-01-01 01:26:48;881.0;1745681208;95.505;99.525;85.514;103.199;
1900-01-01 01:26:49;882.0;1745681209;95.541;99.525;85.514;103.199;
1900-01-01 01:26:50;883.0;1745681210;95.541;99.525;85.435;103.247;
1900-01-01 01:26:51;884.0;1745681211;95.473;99.444;85.456;103.218;
1900-01-01 01:26:52;885.0;1745681212;95.446;99.504;85.456;103.218;
1900-01-01 01:26:53;886.0;1745681213;95.446;99.504;85.517;103.199;
1900-01-01 01:26:54;887.0;1745681214;95.478;99.463;85.418;103.199;
1900-01-01 01:26:55;888.0;1745681215;95.432;99.463;85.418;103.245;
1900-01-01 01:26:56;889.0;1745681216;95.432;99.492;85.499;103.313;
1900-01-01 01:26:57;890.0;1745681217;95.433;99.528;85.499;103.313;
1900-01-01 01:26:58;891.0;1745681218;95.322;99.528;85.446;103.165;
1900-01-01 01:26:59;892.0;1745681219;95.322;99.498;85.49;103.252;
1900-01-01 01:27:00;893.0;1745681220;95.316;99.52;85.49;103.252;
1900-01-01 01:27:01;894.0;1745681221;95.395;99.52;85.468;103.239;
1900-01-01 01:27:02;895.0;1745681222;95.395;99.532;85.532;103.219;
1900-01-01 01:27:03;896.0;1745681223;95.333;99.546;85.532;103.219;
1900-01-01 01:27:04;897.0;1745681224;95.295;99.546;85.414;103.351;
1900-01-01 01:27:05;898.0;1745681225;95.295;99.492;85.297;103.266;
1900-01-01 01:27:06;899.0;1745681226;95.296;99.446;85.297;103.266;
1900-01-01 01:27:07;900.0;1745681227;95.296;99.446;85.286;103.208;
1900-01-01 01:27:08;901.0;1745681228;95.311;99.457;85.312;103.197;
1900-01-01 01:27:09;902.0;1745681229;95.245;99.493;85.312;103.197;
1900-01-01 01:27:10;903.0;1745681230;95.245;99.493;85.362;103.167;
1900-01-01 01:27:11;904.0;1745681231;95.232;99.432;85.403;103.167;
1900-01-01 01:27:12;905.0;1745681232;95.314;99.432;85.403;103.142;
1900-01-01 01:27:13;906.0;1745681233;95.314;99.461;85.539;103.196;
1900-01-01 01:27:14;907.0;1745681234;95.303;99.461;85.616;103.196;
1900-01-01 01:27:15;908.0;1745681235;95.262;99.461;85.616;103.157;
1900-01-01 01:27:16;909.0;1745681236;95.262;99.472;85.662;103.188;
1900-01-01 01:27:17;910.0;1745681237;95.266;99.403;85.674;103.188;
1900-01-01 01:27:19;911.0;1745681239;95.257;99.403;85.674;103.22;
1900-01-01 01:27:19;912.0;1745681239;95.257;99.403;85.71;103.265;
1900-01-01 01:27:20;913.0;1745681240;95.3;99.36;85.711;103.265;
1900-01-01 01:27:21;914.0;1745681241;95.157;99.36;85.711;103.211;
1900-01-01 01:27:22;915.0;1745681242;95.157;99.351;85.667;103.232;
1900-01-01 01:27:23;916.0;1745681243;95.194;99.337;85.685;103.232;
1900-01-01 01:27:24;917.0;1745681244;95.156;99.337;85.685;103.268;
1900-01-01 01:27:25;918.0;1745681245;95.156;99.349;85.466;103.141;
1900-01-01 01:27:26;919.0;1745681246;95.155;99.277;85.466;103.141;
1900-01-01 01:27:28;920.0;1745681248;95.213;99.277;85.446;103.273;
1900-01-01 01:27:28;921.0;1745681248;95.213;99.318;85.368;103.273;
1900-01-01 01:27:29;922.0;1745681249;95.168;99.314;85.368;103.199;
1900-01-01 01:27:30;923.0;1745681250;95.082;99.314;85.309;103.171;
1900-01-01 01:27:31;924.0;1745681251;95.082;99.317;85.134;103.171;
1900-01-01 01:27:32;925.0;1745681252;95.138;99.334;85.134;103.21;
1900-01-01 01:27:33;926.0;1745681253;95.138;99.334;85.194;103.199;
1900-01-01 01:27:34;927.0;1745681254;95.123;99.18;85.103;103.199;
1900-01-01 01:27:36;928.0;1745681256;95.038;99.279;85.103;103.217;
1900-01-01 01:27:36;929.0;1745681256;95.038;99.279;85.113;103.21;
1900-01-01 01:27:37;930.0;1745681257;94.99;99.263;84.995;103.21;
1900-01-01 01:27:38;931.0;1745681258;95.039;99.263;84.995;103.182;
1900-01-01 01:27:39;932.0;1745681259;95.039;99.25;85.038;103.157;
1900-01-01 01:27:40;933.0;1745681260;95.039;99.286;85.038;103.157;
1900-01-01 01:27:41;934.0;1745681261;94.982;99.286;85.089;103.129;
1900-01-01 01:27:42;935.0;1745681262;94.982;99.231;85.081;103.129;
1900-01-01 01:27:43;936.0;1745681263;94.952;99.24;85.081;103.203;
1900-01-01 01:27:44;937.0;1745681264;94.88;99.24;85.12;103.129;
1900-01-01 01:27:45;938.0;1745681265;94.88;99.291;85.044;103.129;
1900-01-01 01:27:46;939.0;1745681266;94.811;99.205;85.044;103.112;
1900-01-01 01:27:47;940.0;1745681267;94.719;99.205;84.995;103.14;
1900-01-01 01:27:48;941.0;1745681268;94.719;99.283;84.968;103.175;
1900-01-01 01:27:49;942.0;1745681269;94.667;99.252;84.968;103.175;
1900-01-01 01:27:50;943.0;1745681270;94.667;99.252;84.954;103.062;
1900-01-01 01:27:51;944.0;1745681271;94.62;99.224;84.879;103.062;
1900-01-01 01:27:52;945.0;1745681272;94.589;99.128;84.879;103.126;
1900-01-01 01:27:53;946.0;1745681273;94.589;99.128;84.847;103.13;
1900-01-01 01:27:54;947.0;1745681274;94.642;99.191;84.791;103.13;
1900-01-01 01:27:55;948.0;1745681275;94.547;99.12;84.791;103.145;
1900-01-01 01:27:56;949.0;1745681276;94.547;99.12;84.843;103.169;
1900-01-01 01:27:57;950.0;1745681277;94.557;99.16;84.799;103.169;
1900-01-01 01:27:58;951.0;1745681278;94.539;99.16;84.799;103.107;
1900-01-01 01:27:59;952.0;1745681279;94.539;99.219;84.765;103.142;
1900-01-01 01:28:00;953.0;1745681280;94.535;99.28;84.76;103.142;
1900-01-01 01:28:01;954.0;1745681281;94.518;99.28;84.76;103.175;
1900-01-01 01:28:02;955.0;1745681282;94.518;99.239;84.794;103.129;
1900-01-01 01:28:03;956.0;1745681283;94.549;99.289;84.818;103.129;
1900-01-01 01:28:04;957.0;1745681284;94.428;99.289;84.818;103.127;
1900-01-01 01:28:05;958.0;1745681285;94.428;99.296;84.643;103.171;
1900-01-01 01:28:07;959.0;1745681287;94.469;99.33;84.744;103.171;
1900-01-01 01:28:07;960.0;1745681287;94.522;99.33;84.744;103.223;
1900-01-01 01:28:08;961.0;1745681288;94.522;99.31;84.749;103.135;
1900-01-01 01:28:09;962.0;1745681289;94.4;99.258;84.749;103.135;
1900-01-01 01:28:10;963.0;1745681290;94.435;99.258;84.735;103.148;
1900-01-01 01:28:11;964.0;1745681291;94.435;99.261;84.825;103.172;
1900-01-01 01:28:12;965.0;1745681292;94.359;99.245;84.825;103.172;
1900-01-01 01:28:13;966.0;1745681293;94.359;99.245;84.891;103.168;
1900-01-01 01:28:14;967.0;1745681294;94.394;99.233;84.912;103.168;
1900-01-01 01:28:15;968.0;1745681295;94.301;99.219;84.912;103.199;
1900-01-01 01:28:16;969.0;1745681296;94.301;99.219;84.758;103.168;
1900-01-01 01:28:17;970.0;1745681297;94.207;99.187;84.691;103.168;
1900-01-01 01:28:18;971.0;1745681298;94.266;99.154;84.691;103.149;
1900-01-01 01:28:19;972.0;1745681299;94.266;99.154;84.641;103.188;
1900-01-01 01:28:20;973.0;1745681300;94.215;99.187;84.629;103.188;
1900-01-01 01:28:21;974.0;1745681301;94.272;99.187;84.629;103.167;
1900-01-01 01:28:22;975.0;1745681302;94.272;99.162;84.663;103.149;
1900-01-01 01:28:23;976.0;1745681303;94.262;99.145;84.663;103.149;
1900-01-01 01:28:24;977.0;1745681304;94.222;99.145;84.754;103.142;
1900-01-01 01:28:25;978.0;1745681305;94.222;99.14;84.773;103.18;
1900-01-01 01:28:26;979.0;1745681306;94.193;99.131;84.773;103.18;
1900-01-01 01:28:27;980.0;1745681307;94.231;99.131;84.748;103.143;
1900-01-01 01:28:28;981.0;1745681308;94.231;99.155;84.628;103.067;
1900-01-01 01:28:29;982.0;1745681309;94.166;99.014;84.628;103.067;
1900-01-01 01:28:30;983.0;1745681310;94.165;99.014;84.576;103.154;
1900-01-01 01:28:31;984.0;1745681311;94.165;99.094;84.557;103.114;
1900-01-01 01:28:32;985.0;1745681312;94.144;99.078;84.557;103.114;
1900-01-01 01:28:33;986.0;1745681313;94.166;99.078;84.598;103.118;
1900-01-01 01:28:34;987.0;1745681314;94.166;99.089;84.506;103.214;
1900-01-01 01:28:35;988.0;1745681315;94.099;99.199;84.506;103.214;
1900-01-01 01:28:36;989.0;1745681316;94.091;99.199;84.597;103.075;
1900-01-01 01:28:37;990.0;1745681317;94.091;99.101;84.636;103.152;
1900-01-01 01:28:38;991.0;1745681318;94.028;99.033;84.636;103.152;
1900-01-01 01:28:39;992.0;1745681319;94.028;99.033;84.521;103.102;
1900-01-01 01:28:40;993.0;1745681320;94.017;99.058;84.277;103.097;
1900-01-01 01:28:41;994.0;1745681321;93.889;99.015;84.277;103.097;
1900-01-01 01:28:42;995.0;1745681322;93.889;99.015;84.321;103.101;
1900-01-01 01:28:43;996.0;1745681323;93.857;98.941;84.367;103.101;
1900-01-01 01:28:44;997.0;1745681324;93.765;98.941;84.367;103.075;
1900-01-01 01:28:45;998.0;1745681325;93.765;99.025;84.516;103.081;
1900-01-01 01:28:46;999.0;1745681326;93.7;99.0;84.516;103.081;
1900-01-01 01:28:47;1000.0;1745681327;93.651;99.0;84.489;103.198;
1900-01-01 01:28:48;1001.0;1745681328;93.651;99.035;84.431;103.152;
1900-01-01 01:28:49;1002.0;1745681329;93.57;98.941;84.431;103.152;
1900-01-01 01:28:50;1003.0;1745681330;93.579;98.941;84.524;103.164;
1900-01-01 01:28:51;1004.0;1745681331;93.579;98.91;84.541;103.12;
1900-01-01 01:28:52;1005.0;1745681332;93.431;99.066;84.541;103.12;
1900-01-01 01:28:53;1006.0;1745681333;93.424;99.066;84.459;103.142;
1900-01-01 01:28:54;1007.0;1745681334;93.424;98.948;84.493;103.142;
1900-01-01 01:28:55;1008.0;1745681335;93.369;98.904;84.493;103.109;
1900-01-01 01:28:56;1009.0;1745681336;93.369;98.904;84.429;103.034;
1900-01-01 01:28:57;1010.0;1745681337;93.319;98.971;84.528;103.085;
1900-01-01 01:28:58;1011.0;1745681338;93.279;98.971;84.528;103.085;
1900-01-01 01:28:59;1012.0;1745681339;93.279;98.954;84.46;103.066;
1900-01-01 01:29:00;1013.0;1745681340;93.27;98.975;84.355;103.066;
1900-01-01 01:29:01;1014.0;1745681341;93.214;98.975;84.355;102.989;
1900-01-01 01:29:02;1015.0;1745681342;93.214;98.958;84.305;103.13;
1900-01-01 01:29:03;1016.0;1745681343;93.186;99.042;84.271;103.13;
1900-01-01 01:29:04;1017.0;1745681344;93.124;99.01;84.271;103.031;
1900-01-01 01:29:05;1018.0;1745681345;93.124;99.01;84.287;103.013;
1900-01-01 01:29:06;1019.0;1745681346;93.04;99.021;84.293;103.013;
1900-01-01 01:29:07;1020.0;1745681347;93.022;99.021;84.293;103.119;
1900-01-01 01:29:08;1021.0;1745681348;93.022;99.022;84.341;103.1;
1900-01-01 01:29:09;1022.0;1745681349;93.071;99.066;84.303;103.1;
1900-01-01 01:29:10;1023.0;1745681350;93.103;99.04;84.303;103.064;
1900-01-01 01:29:11;1024.0;1745681351;93.103;99.04;84.209;103.058;
1900-01-01 01:29:12;1025.0;1745681352;93.116;99.05;84.193;103.058;
1900-01-01 01:29:13;1026.0;1745681353;93.051;99.05;84.193;103.082;
1900-01-01 01:29:14;1027.0;1745681354;93.051;99.053;84.145;103.131;
1900-01-01 01:29:15;1028.0;1745681355;93.041;99.039;84.054;103.131;
1900-01-01 01:29:16;1029.0;1745681356;93.043;99.039;84.054;103.135;
1900-01-01 01:29:17;1030.0;1745681357;93.043;99.082;84.084;103.14;
1900-01-01 01:29:18;1031.0;1745681358;92.976;99.06;84.05;103.14;
1900-01-01 01:29:19;1032.0;1745681359;93.043;99.126;84.05;103.144;
1900-01-01 01:29:20;1033.0;1745681360;93.043;99.126;84.123;103.065;
1900-01-01 01:29:21;1034.0;1745681361;93.044;99.031;84.148;103.065;
1900-01-01 01:29:22;1035.0;1745681362;93.061;99.068;84.148;103.129;
1900-01-01 01:29:23;1036.0;1745681363;93.061;99.068;84.17;103.111;
1900-01-01 01:29:24;1037.0;1745681364;93.068;99.04;84.193;103.111;
1900-01-01 01:29:25;1038.0;1745681365;93.129;99.04;84.193;103.121;
1900-01-01 01:29:26;1039.0;1745681366;93.129;99.038;84.044;103.056;
1900-01-01 01:29:27;1040.0;1745681367;93.13;99.018;84.044;103.056;
1900-01-01 01:29:28;1041.0;1745681368;93.109;99.018;83.864;103.087;
1900-01-01 01:29:29;1042.0;1745681369;93.109;99.02;83.786;103.02;
1900-01-01 01:29:30;1043.0;1745681370;93.137;99.016;83.786;103.02;
1900-01-01 01:29:31;1044.0;1745681371;93.07;99.016;83.667;103.085;
1900-01-01 01:29:32;1045.0;1745681372;93.07;98.995;83.669;103.034;
1900-01-01 01:29:33;1046.0;1745681373;93.163;98.996;83.686;103.034;
1900-01-01 01:29:34;1047.0;1745681374;93.02;98.996;83.686;103.077;
1900-01-01 01:29:35;1048.0;1745681375;93.02;98.917;83.795;103.075;
1900-01-01 01:29:36;1049.0;1745681376;93.004;98.954;83.795;103.075;
1900-01-01 01:29:37;1050.0;1745681377;92.974;98.954;83.905;103.14;
1900-01-01 01:29:39;1051.0;1745681379;92.974;98.933;83.913;103.148;
1900-01-01 01:29:39;1052.0;1745681379;92.948;98.956;83.913;103.148;
1900-01-01 01:29:40;1053.0;1745681380;92.865;98.956;83.933;103.182;
1900-01-01 01:29:41;1054.0;1745681381;92.865;98.88;83.962;103.182;
1900-01-01 01:29:42;1055.0;1745681382;92.759;98.814;83.962;103.171;
1900-01-01 01:29:43;1056.0;1745681383;92.754;98.814;83.967;103.094;
1900-01-01 01:29:44;1057.0;1745681384;92.754;98.851;83.992;103.094;
1900-01-01 01:29:45;1058.0;1745681385;92.791;98.784;83.992;103.081;
1900-01-01 01:29:46;1059.0;1745681386;92.791;98.784;83.889;103.044;
1900-01-01 01:29:47;1060.0;1745681387;92.696;98.78;84.003;103.044;
1900-01-01 01:29:48;1061.0;1745681388;92.595;98.569;84.003;103.141;
1900-01-01 01:29:50;1062.0;1745681390;92.751;98.569;83.984;103.096;
1900-01-01 01:29:50;1063.0;1745681390;92.751;98.734;84.097;103.096;
1900-01-01 01:29:51;1064.0;1745681391;92.618;98.726;84.097;103.053;
1900-01-01 01:29:52;1065.0;1745681392;92.618;98.726;84.09;103.094;
1900-01-01 01:29:53;1066.0;1745681393;92.7;98.738;84.063;103.094;
1900-01-01 01:29:54;1067.0;1745681394;92.688;98.738;84.063;103.04;
1900-01-01 01:29:55;1068.0;1745681395;92.688;98.789;83.99;103.109;
1900-01-01 01:29:56;1069.0;1745681396;92.709;98.805;83.99;103.109;
1900-01-01 01:29:57;1070.0;1745681397;92.763;98.805;83.903;103.004;
1900-01-01 01:29:58;1071.0;1745681398;92.763;98.755;83.758;103.004;
1900-01-01 01:29:59;1072.0;1745681399;92.774;98.847;83.758;103.04;
1900-01-01 01:30:00;1073.0;1745681400;92.688;98.847;83.65;103.016;
1900-01-01 01:30:01;1074.0;1745681401;92.688;98.793;83.595;103.016;
1900-01-01 01:30:02;1075.0;1745681402;92.674;98.88;83.595;103.069;
1900-01-01 01:30:03;1076.0;1745681403;92.674;98.88;83.587;102.948;
1900-01-01 01:30:04;1077.0;1745681404;92.716;98.912;83.547;103.062;
1900-01-01 01:30:05;1078.0;1745681405;92.624;98.885;83.547;103.062;
1900-01-01 01:30:06;1079.0;1745681406;92.624;98.885;83.534;102.952;
1900-01-01 01:30:07;1080.0;1745681407;92.644;98.821;83.659;102.952;
1900-01-01 01:30:08;1081.0;1745681408;92.587;98.787;83.659;103.052;
1900-01-01 01:30:09;1082.0;1745681409;92.587;98.787;83.666;103.007;
1900-01-01 01:30:10;1083.0;1745681410;92.529;98.812;83.818;103.007;
1900-01-01 01:30:11;1084.0;1745681411;92.534;98.799;83.818;103.022;
1900-01-01 01:30:12;1085.0;1745681412;92.534;98.799;83.8;103.02;
1900-01-01 01:30:13;1086.0;1745681413;92.5;98.8;83.79;103.02;
1900-01-01 01:30:14;1087.0;1745681414;92.449;98.79;83.79;103.085;
1900-01-01 01:30:15;1088.0;1745681415;92.449;98.79;83.712;103.056;
1900-01-01 01:30:16;1089.0;1745681416;92.458;98.75;83.662;103.056;
1900-01-01 01:30:17;1090.0;1745681417;92.457;98.75;83.662;103.109;
1900-01-01 01:30:18;1091.0;1745681418;92.457;98.75;83.67;103.049;
1900-01-01 01:30:19;1092.0;1745681419;92.411;98.84;83.649;103.049;
1900-01-01 01:30:20;1093.0;1745681420;92.495;98.84;83.649;102.984;
1900-01-01 01:30:21;1094.0;1745681421;92.495;98.81;83.595;103.04;
1900-01-01 01:30:22;1095.0;1745681422;92.445;98.792;83.595;103.04;
1900-01-01 01:30:24;1096.0;1745681424;92.472;98.792;83.57;103.036;
1900-01-01 01:30:24;1097.0;1745681424;92.472;98.752;83.718;103.099;
1900-01-01 01:30:25;1098.0;1745681425;92.382;98.799;83.718;103.099;
1900-01-01 01:30:27;1099.0;1745681427;92.394;98.799;83.896;103.075;
1900-01-01 01:30:27;1100.0;1745681427;92.394;98.769;83.854;103.075;
1900-01-01 01:30:28;1101.0;1745681428;92.336;98.717;83.854;103.063;
1900-01-01 01:30:29;1102.0;1745681429;92.336;98.717;83.814;103.115;
1900-01-01 01:30:30;1103.0;1745681430;92.324;98.802;83.702;103.115;
1900-01-01 01:30:31;1104.0;1745681431;92.336;98.695;83.702;102.952;
1900-01-01 01:30:32;1105.0;1745681432;92.336;98.695;83.554;103.085;
1900-01-01 01:30:33;1106.0;1745681433;92.22;98.757;83.503;103.085;
1900-01-01 01:30:34;1107.0;1745681434;92.232;98.757;83.503;103.069;
1900-01-01 01:30:35;1108.0;1745681435;92.232;98.717;83.441;103.084;
1900-01-01 01:30:36;1109.0;1745681436;92.253;98.678;83.419;103.084;
1900-01-01 01:30:37;1110.0;1745681437;92.268;98.678;83.419;102.995;
1900-01-01 01:30:38;1111.0;1745681438;92.268;98.728;83.471;102.99;
1900-01-01 01:30:39;1112.0;1745681439;92.164;98.657;83.458;102.99;
1900-01-01 01:30:40;1113.0;1745681440;92.189;98.657;83.458;102.996;
1900-01-01 01:30:41;1114.0;1745681441;92.189;98.734;83.425;103.01;
1900-01-01 01:30:42;1115.0;1745681442;92.22;98.672;83.425;103.01;
1900-01-01 01:30:43;1116.0;1745681443;92.158;98.672;83.413;102.927;
1900-01-01 01:30:44;1117.0;1745681444;92.158;98.824;83.287;103.007;
1900-01-01 01:30:45;1118.0;1745681445;92.138;98.778;83.287;103.007;
1900-01-01 01:30:46;1119.0;1745681446;92.08;98.778;83.322;103.072;
1900-01-01 01:30:47;1120.0;1745681447;92.08;98.854;83.188;103.072;
1900-01-01 01:30:48;1121.0;1745681448;92.049;98.74;83.188;102.968;
1900-01-01 01:30:49;1122.0;1745681449;92.069;98.74;83.295;102.995;
1900-01-01 01:30:50;1123.0;1745681450;92.069;98.667;83.31;102.995;
1900-01-01 01:30:51;1124.0;1745681451;92.121;98.692;83.31;103.004;
1900-01-01 01:30:52;1125.0;1745681452;92.075;98.692;83.347;102.842;
1900-01-01 01:30:53;1126.0;1745681453;92.075;98.612;83.364;102.842;
1900-01-01 01:30:54;1127.0;1745681454;91.976;98.612;83.364;103.037;
1900-01-01 01:30:55;1128.0;1745681455;91.976;98.612;83.425;102.94;
1900-01-01 01:30:56;1129.0;1745681456;92.01;98.521;83.443;102.94;
1900-01-01 01:30:57;1130.0;1745681457;92.096;98.584;83.443;102.987;
1900-01-01 01:30:58;1131.0;1745681458;92.096;98.584;83.415;102.952;
1900-01-01 01:30:59;1132.0;1745681459;91.955;98.522;83.457;102.952;
1900-01-01 01:31:00;1133.0;1745681460;91.958;98.522;83.457;103.004;
1900-01-01 01:31:01;1134.0;1745681461;91.958;98.456;83.489;103.069;
1900-01-01 01:31:02;1135.0;1745681462;91.979;98.502;83.489;103.069;
1900-01-01 01:31:03;1136.0;1745681463;91.936;98.502;83.468;102.977;
1900-01-01 01:31:04;1137.0;1745681464;91.936;98.555;83.377;102.985;
1900-01-01 01:31:05;1138.0;1745681465;91.936;98.544;83.377;102.985;
1900-01-01 01:31:06;1139.0;1745681466;91.883;98.544;83.346;102.961;
1900-01-01 01:31:07;1140.0;1745681467;91.883;98.55;83.281;102.961;
1900-01-01 01:31:08;1141.0;1745681468;91.866;98.686;83.281;103.027;
1900-01-01 01:31:09;1142.0;1745681469;91.82;98.686;83.256;103.016;
1900-01-01 01:31:10;1143.0;1745681470;91.82;98.588;83.21;102.996;
1900-01-01 01:31:11;1144.0;1745681471;91.715;98.581;83.21;102.996;
1900-01-01 01:31:12;1145.0;1745681472;91.715;98.581;83.238;103.051;
1900-01-01 01:31:13;1146.0;1745681473;91.757;98.64;83.134;103.015;
1900-01-01 01:31:15;1147.0;1745681475;91.747;98.601;83.134;103.015;
1900-01-01 01:31:15;1148.0;1745681475;91.747;98.601;83.087;102.956;
1900-01-01 01:31:16;1149.0;1745681476;91.771;98.561;83.078;102.956;
1900-01-01 01:31:18;1150.0;1745681478;91.693;98.59;83.078;103.051;
1900-01-01 01:31:18;1151.0;1745681478;91.693;98.59;83.015;103.006;
1900-01-01 01:31:19;1152.0;1745681479;91.719;98.559;82.952;103.006;
1900-01-01 01:31:20;1153.0;1745681480;91.649;98.593;82.952;102.966;
1900-01-01 01:31:22;1154.0;1745681482;91.568;98.593;82.929;103.069;
1900-01-01 01:31:22;1155.0;1745681482;91.568;98.536;82.967;103.069;
1900-01-01 01:31:23;1156.0;1745681483;91.492;98.617;82.967;103.028;
1900-01-01 01:31:24;1157.0;1745681484;91.492;98.617;83.064;103.017;
1900-01-01 01:31:25;1158.0;1745681485;91.494;98.632;82.993;103.017;
1900-01-01 01:31:26;1159.0;1745681486;91.449;98.632;82.993;102.989;
1900-01-01 01:31:27;1160.0;1745681487;91.449;98.452;83.039;102.99;
1900-01-01 01:31:28;1161.0;1745681488;91.375;98.627;82.986;102.99;
1900-01-01 01:31:29;1162.0;1745681489;91.401;98.627;82.986;102.966;
1900-01-01 01:31:30;1163.0;1745681490;91.401;98.631;83.009;103.035;
1900-01-01 01:31:31;1164.0;1745681491;91.312;98.623;83.016;103.035;
1900-01-01 01:31:32;1165.0;1745681492;91.33;98.623;83.016;103.086;
1900-01-01 01:31:33;1166.0;1745681493;91.33;98.68;83.046;102.98;
1900-01-01 01:31:34;1167.0;1745681494;91.306;98.712;83.046;102.98;
1900-01-01 01:31:35;1168.0;1745681495;91.384;98.712;83.011;103.089;
1900-01-01 01:31:36;1169.0;1745681496;91.384;98.701;82.994;103.026;
1900-01-01 01:31:37;1170.0;1745681497;91.274;98.749;82.994;103.026;
1900-01-01 01:31:38;1171.0;1745681498;91.274;98.749;83.049;103.048;
1900-01-01 01:31:39;1172.0;1745681499;91.425;98.558;82.933;103.048;
1900-01-01 01:31:40;1173.0;1745681500;91.385;98.631;82.933;102.998;
1900-01-01 01:31:41;1174.0;1745681501;91.385;98.631;82.977;102.912;
1900-01-01 01:31:42;1175.0;1745681502;91.363;98.515;83.08;102.912;
1900-01-01 01:31:43;1176.0;1745681503;91.403;98.544;83.08;102.958;
1900-01-01 01:31:44;1177.0;1745681504;91.403;98.544;83.02;102.99;
1900-01-01 01:31:45;1178.0;1745681505;91.363;98.503;82.966;102.99;
1900-01-01 01:31:46;1179.0;1745681506;91.428;98.503;82.966;102.982;
1900-01-01 01:31:47;1180.0;1745681507;91.428;98.38;82.955;103.001;
1900-01-01 01:31:48;1181.0;1745681508;91.363;98.378;82.962;103.001;
1900-01-01 01:31:49;1182.0;1745681509;91.386;98.378;82.962;102.941;
1900-01-01 01:31:50;1183.0;1745681510;91.386;98.516;83.021;103.006;
1900-01-01 01:31:51;1184.0;1745681511;91.417;98.469;83.124;103.006;
1900-01-01 01:31:52;1185.0;1745681512;91.409;98.469;83.124;102.929;
1900-01-01 01:31:53;1186.0;1745681513;91.409;98.403;83.16;102.994;
1900-01-01 01:31:54;1187.0;1745681514;91.32;98.407;83.098;102.994;
1900-01-01 01:31:55;1188.0;1745681515;91.296;98.407;83.098;102.933;
1900-01-01 01:31:56;1189.0;1745681516;91.296;98.422;83.097;103.019;
1900-01-01 01:31:57;1190.0;1745681517;91.26;98.371;83.125;103.019;
1900-01-01 01:31:58;1191.0;1745681518;91.219;98.371;83.125;103.061;
1900-01-01 01:31:59;1192.0;1745681519;91.219;98.348;83.065;102.986;
1900-01-01 01:32:00;1193.0;1745681520;91.22;98.38;83.065;102.986;
1900-01-01 01:32:01;1194.0;1745681521;91.205;98.38;82.964;102.949;
1900-01-01 01:32:02;1195.0;1745681522;91.205;98.35;82.878;102.94;
1900-01-01 01:32:03;1196.0;1745681523;91.185;98.381;82.878;102.94;
1900-01-01 01:32:04;1197.0;1745681524;91.185;98.381;82.856;102.94;
1900-01-01 01:32:05;1198.0;1745681525;91.145;98.429;82.736;102.936;
1900-01-01 01:32:07;1199.0;1745681527;91.116;98.414;82.736;102.936;
1900-01-01 01:32:07;1200.0;1745681527;91.116;98.414;82.673;102.934;
