Time;Seconds from start for linreg;Unix Time;ch1 po2;ch2 po2;ch3 po2;ch4 po2;
1900-01-01 10:47:09;1.0;1745714829;101.256;103.329;97.934;102.873;
1900-01-01 10:47:10;2.0;1745714830;101.232;103.406;97.934;102.873;
1900-01-01 10:47:12;3.0;1745714832;101.268;103.406;97.994;102.794;
1900-01-01 10:47:12;4.0;1745714832;101.268;103.339;97.918;102.794;
1900-01-01 10:47:13;5.0;1745714833;101.339;103.449;97.918;102.751;
1900-01-01 10:47:14;6.0;1745714834;101.248;103.449;97.93;102.811;
1900-01-01 10:47:15;7.0;1745714835;101.248;103.415;97.954;102.811;
1900-01-01 10:47:16;8.0;1745714836;101.363;103.415;97.954;102.798;
1900-01-01 10:47:17;9.0;1745714837;101.363;103.445;97.989;102.822;
1900-01-01 10:47:18;10.0;1745714838;101.419;103.462;97.971;102.822;
1900-01-01 10:47:19;11.0;1745714839;101.359;103.462;97.971;102.857;
1900-01-01 10:47:20;12.0;1745714840;101.359;103.433;97.95;102.785;
1900-01-01 10:47:21;13.0;1745714841;101.484;103.473;97.929;102.785;
1900-01-01 10:47:22;14.0;1745714842;101.391;103.454;97.929;102.771;
1900-01-01 10:47:23;15.0;1745714843;101.391;103.454;98.01;102.809;
1900-01-01 10:47:24;16.0;1745714844;101.35;103.382;98.018;102.809;
1900-01-01 10:47:25;17.0;1745714845;101.364;103.382;98.018;102.857;
1900-01-01 10:47:26;18.0;1745714846;101.364;103.421;98.058;102.829;
1900-01-01 10:47:27;19.0;1745714847;101.361;103.313;98.058;102.829;
1900-01-01 10:47:28;20.0;1745714848;101.351;103.313;98.033;102.779;
1900-01-01 10:47:29;21.0;1745714849;101.351;103.368;98.055;102.89;
1900-01-01 10:47:30;22.0;1745714850;101.354;103.39;98.055;102.89;
1900-01-01 10:47:32;23.0;1745714852;101.392;103.39;98.014;102.852;
1900-01-01 10:47:32;24.0;1745714852;101.392;103.402;97.925;102.809;
1900-01-01 10:47:33;25.0;1745714853;101.393;103.391;97.925;102.809;
1900-01-01 10:47:34;26.0;1745714854;101.393;103.391;98.002;102.869;
1900-01-01 10:47:35;27.0;1745714855;101.479;103.414;98.015;102.869;
1900-01-01 10:47:36;28.0;1745714856;101.561;103.365;98.015;102.755;
1900-01-01 10:47:37;29.0;1745714857;101.561;103.365;98.052;102.787;
1900-01-01 10:47:38;30.0;1745714858;101.438;103.31;98.158;102.787;
1900-01-01 10:47:39;31.0;1745714859;101.426;103.359;98.158;102.775;
1900-01-01 10:47:40;32.0;1745714860;101.426;103.359;98.077;102.883;
1900-01-01 10:47:41;33.0;1745714861;101.555;103.367;98.018;102.883;
1900-01-01 10:47:43;34.0;1745714863;101.521;103.296;98.018;102.868;
1900-01-01 10:47:43;35.0;1745714863;101.521;103.296;98.067;102.829;
1900-01-01 10:47:44;36.0;1745714864;101.588;103.331;98.093;102.829;
1900-01-01 10:47:45;37.0;1745714865;101.533;103.331;98.093;102.878;
1900-01-01 10:47:46;38.0;1745714866;101.533;103.401;98.117;102.844;
1900-01-01 10:47:47;39.0;1745714867;101.669;103.278;98.117;102.844;
1900-01-01 10:47:48;40.0;1745714868;101.624;103.278;98.114;102.777;
1900-01-01 10:47:49;41.0;1745714869;101.624;103.332;98.085;102.777;
1900-01-01 10:47:50;42.0;1745714870;101.686;103.272;98.085;102.793;
1900-01-01 10:47:51;43.0;1745714871;101.554;103.272;98.09;102.743;
1900-01-01 10:47:52;44.0;1745714872;101.554;103.346;98.043;102.816;
1900-01-01 10:47:53;45.0;1745714873;101.535;103.307;98.043;102.816;
1900-01-01 10:47:54;46.0;1745714874;101.535;103.307;98.08;102.809;
1900-01-01 10:47:55;47.0;1745714875;101.613;103.405;98.018;102.809;
1900-01-01 10:47:56;48.0;1745714876;101.58;103.425;98.018;102.844;
1900-01-01 10:47:58;49.0;1745714878;101.494;103.425;97.879;102.934;
1900-01-01 10:47:58;50.0;1745714878;101.494;103.347;97.897;102.934;
1900-01-01 10:47:59;51.0;1745714879;101.61;103.417;97.897;102.804;
1900-01-01 10:48:00;52.0;1745714880;101.61;103.417;97.774;102.863;
1900-01-01 10:48:01;53.0;1745714881;101.589;103.395;97.777;102.863;
1900-01-01 10:48:03;54.0;1745714883;101.51;103.446;97.777;102.847;
1900-01-01 10:48:03;55.0;1745714883;101.51;103.446;97.812;102.819;
1900-01-01 10:48:04;56.0;1745714884;101.518;103.505;97.802;102.819;
1900-01-01 10:48:05;57.0;1745714885;101.53;103.505;97.802;102.782;
1900-01-01 10:48:06;58.0;1745714886;101.53;103.516;97.803;102.808;
1900-01-01 10:48:07;59.0;1745714887;101.405;103.499;97.854;102.808;
1900-01-01 10:48:08;60.0;1745714888;101.402;103.499;97.854;102.836;
1900-01-01 10:48:09;61.0;1745714889;101.402;103.438;97.727;102.772;
1900-01-01 10:48:10;62.0;1745714890;101.269;103.376;97.727;102.772;
1900-01-01 10:48:11;63.0;1745714891;101.179;103.376;97.759;102.834;
1900-01-01 10:48:12;64.0;1745714892;101.179;103.384;97.742;102.834;
1900-01-01 10:48:13;65.0;1745714893;101.27;103.394;97.742;102.863;
1900-01-01 10:48:14;66.0;1745714894;101.127;103.394;97.868;102.81;
1900-01-01 10:48:15;67.0;1745714895;101.127;103.395;97.872;102.81;
1900-01-01 10:48:16;68.0;1745714896;101.214;103.43;97.872;102.815;
1900-01-01 10:48:17;69.0;1745714897;101.214;103.43;97.821;102.801;
1900-01-01 10:48:18;70.0;1745714898;101.117;103.393;97.786;102.862;
1900-01-01 10:48:19;71.0;1745714899;101.262;103.393;97.786;102.862;
1900-01-01 10:48:20;72.0;1745714900;101.262;103.406;97.691;102.818;
1900-01-01 10:48:21;73.0;1745714901;101.15;103.296;97.799;102.818;
1900-01-01 10:48:22;74.0;1745714902;101.176;103.344;97.799;102.841;
1900-01-01 10:48:23;75.0;1745714903;101.176;103.344;97.772;102.786;
1900-01-01 10:48:24;76.0;1745714904;101.18;103.36;97.81;102.786;
1900-01-01 10:48:25;77.0;1745714905;101.15;103.36;97.81;102.725;
1900-01-01 10:48:26;78.0;1745714906;101.15;103.419;97.857;102.809;
1900-01-01 10:48:27;79.0;1745714907;101.212;103.344;97.8;102.809;
1900-01-01 10:48:28;80.0;1745714908;101.219;103.344;97.8;102.811;
1900-01-01 10:48:29;81.0;1745714909;101.219;103.389;97.767;102.869;
1900-01-01 10:48:30;82.0;1745714910;101.254;103.398;97.682;102.869;
1900-01-01 10:48:31;83.0;1745714911;101.179;103.398;97.682;102.868;
1900-01-01 10:48:32;84.0;1745714912;101.179;103.375;97.764;102.844;
1900-01-01 10:48:33;85.0;1745714913;101.229;103.368;97.764;102.844;
1900-01-01 10:48:34;86.0;1745714914;101.312;103.368;97.77;102.877;
1900-01-01 10:48:35;87.0;1745714915;101.312;103.322;97.811;102.832;
1900-01-01 10:48:36;88.0;1745714916;101.237;103.35;97.811;102.832;
1900-01-01 10:48:37;89.0;1745714917;101.237;103.35;97.836;102.831;
1900-01-01 10:48:38;90.0;1745714918;101.238;103.302;97.923;102.91;
1900-01-01 10:48:39;91.0;1745714919;101.324;103.302;97.923;102.91;
1900-01-01 10:48:40;92.0;1745714920;101.324;103.337;97.912;102.901;
1900-01-01 10:48:41;93.0;1745714921;101.329;103.316;97.869;102.901;
1900-01-01 10:48:43;94.0;1745714923;101.436;103.447;97.869;102.926;
1900-01-01 10:48:43;95.0;1745714923;101.436;103.447;97.746;102.87;
1900-01-01 10:48:44;96.0;1745714924;101.432;103.38;97.683;102.87;
1900-01-01 10:48:46;97.0;1745714926;101.318;103.401;97.683;102.926;
1900-01-01 10:48:46;98.0;1745714926;101.318;103.401;97.665;102.866;
1900-01-01 10:48:47;99.0;1745714927;101.288;103.373;97.598;102.866;
1900-01-01 10:48:48;100.0;1745714928;101.291;103.373;97.598;102.838;
1900-01-01 10:48:49;101.0;1745714929;101.291;103.374;97.474;102.841;
1900-01-01 10:48:50;102.0;1745714930;101.263;103.345;97.474;102.841;
1900-01-01 10:48:52;103.0;1745714932;101.221;103.345;97.539;102.862;
1900-01-01 10:48:52;104.0;1745714932;101.221;103.326;97.469;102.794;
1900-01-01 10:48:53;105.0;1745714933;101.18;103.395;97.469;102.794;
1900-01-01 10:48:54;106.0;1745714934;101.18;103.395;97.442;102.835;
1900-01-01 10:48:55;107.0;1745714935;101.095;103.342;97.479;102.835;
1900-01-01 10:48:56;108.0;1745714936;101.227;103.278;97.479;102.767;
1900-01-01 10:48:57;109.0;1745714937;101.221;103.278;97.409;102.868;
1900-01-01 10:48:58;110.0;1745714938;101.221;103.34;97.512;102.868;
1900-01-01 10:48:59;111.0;1745714939;101.345;103.357;97.512;102.83;
1900-01-01 10:49:00;112.0;1745714940;101.345;103.357;97.542;102.813;
1900-01-01 10:49:01;113.0;1745714941;101.339;103.363;97.644;102.813;
1900-01-01 10:49:02;114.0;1745714942;101.303;103.363;97.644;102.801;
1900-01-01 10:49:03;115.0;1745714943;101.303;103.315;97.652;102.77;
1900-01-01 10:49:04;116.0;1745714944;101.385;103.373;97.688;102.77;
1900-01-01 10:49:05;117.0;1745714945;101.352;103.367;97.688;102.774;
1900-01-01 10:49:06;118.0;1745714946;101.352;103.367;97.644;102.902;
1900-01-01 10:49:07;119.0;1745714947;101.245;103.337;97.604;102.902;
1900-01-01 10:49:08;120.0;1745714948;101.298;103.337;97.604;102.906;
1900-01-01 10:49:09;121.0;1745714949;101.298;103.234;97.624;102.838;
1900-01-01 10:49:10;122.0;1745714950;101.247;103.302;97.519;102.838;
1900-01-01 10:49:11;123.0;1745714951;101.1;103.302;97.519;102.91;
1900-01-01 10:49:12;124.0;1745714952;101.1;103.24;97.594;102.827;
1900-01-01 10:49:13;125.0;1745714953;101.112;103.28;97.598;102.827;
1900-01-01 10:49:14;126.0;1745714954;101.105;103.28;97.598;102.918;
1900-01-01 10:49:15;127.0;1745714955;101.105;103.264;97.687;102.867;
1900-01-01 10:49:16;128.0;1745714956;101.159;103.309;97.707;102.867;
1900-01-01 10:49:17;129.0;1745714957;101.161;103.309;97.707;102.85;
1900-01-01 10:49:18;130.0;1745714958;101.161;103.348;97.684;102.976;
1900-01-01 10:49:19;131.0;1745714959;101.107;103.328;97.731;102.976;
1900-01-01 10:49:20;132.0;1745714960;101.106;103.308;97.731;102.844;
1900-01-01 10:49:21;133.0;1745714961;101.106;103.308;97.693;102.848;
1900-01-01 10:49:22;134.0;1745714962;101.171;103.382;97.673;102.848;
1900-01-01 10:49:23;135.0;1745714963;101.081;103.382;97.673;102.852;
1900-01-01 10:49:24;136.0;1745714964;101.081;103.343;97.574;102.882;
1900-01-01 10:49:25;137.0;1745714965;101.053;103.253;97.574;102.882;
1900-01-01 10:49:26;138.0;1745714966;101.125;103.253;97.571;102.723;
1900-01-01 10:49:27;139.0;1745714967;101.125;103.352;97.559;102.863;
1900-01-01 10:49:28;140.0;1745714968;101.099;103.429;97.559;102.863;
1900-01-01 10:49:29;141.0;1745714969;101.169;103.429;97.593;102.851;
1900-01-01 10:49:31;142.0;1745714971;101.169;103.366;97.536;102.821;
1900-01-01 10:49:31;143.0;1745714971;101.06;103.385;97.536;102.821;
1900-01-01 10:49:32;144.0;1745714972;101.06;103.385;97.622;102.837;
1900-01-01 10:49:33;145.0;1745714973;100.959;103.386;97.506;102.963;
1900-01-01 10:49:34;146.0;1745714974;101.107;103.362;97.506;102.963;
1900-01-01 10:49:35;147.0;1745714975;101.107;103.362;97.443;102.885;
1900-01-01 10:49:36;148.0;1745714976;101.109;103.335;97.478;102.885;
1900-01-01 10:49:37;149.0;1745714977;101.245;103.314;97.478;102.898;
1900-01-01 10:49:38;150.0;1745714978;101.17;103.314;97.462;102.823;
1900-01-01 10:49:39;151.0;1745714979;101.17;103.305;97.353;102.823;
1900-01-01 10:49:40;152.0;1745714980;101.227;103.35;97.353;102.815;
1900-01-01 10:49:41;153.0;1745714981;101.227;103.35;97.256;102.88;
1900-01-01 10:49:42;154.0;1745714982;101.261;103.347;97.226;102.88;
1900-01-01 10:49:43;155.0;1745714983;101.309;103.347;97.226;102.813;
1900-01-01 10:49:44;156.0;1745714984;101.309;103.363;97.317;102.88;
1900-01-01 10:49:45;157.0;1745714985;101.23;103.35;97.389;102.88;
1900-01-01 10:49:46;158.0;1745714986;101.236;103.35;97.389;102.812;
1900-01-01 10:49:47;159.0;1745714987;101.236;103.38;97.413;102.853;
1900-01-01 10:49:49;160.0;1745714989;101.208;103.291;97.339;102.853;
1900-01-01 10:49:49;161.0;1745714989;101.209;103.291;97.339;102.86;
1900-01-01 10:49:50;162.0;1745714990;101.209;103.341;97.545;102.883;
1900-01-01 10:49:51;163.0;1745714991;101.171;103.244;97.545;102.883;
1900-01-01 10:49:52;164.0;1745714992;101.115;103.244;97.526;102.877;
1900-01-01 10:49:53;165.0;1745714993;101.115;103.228;97.49;102.877;
1900-01-01 10:49:55;166.0;1745714995;101.091;103.222;97.49;102.877;
1900-01-01 10:49:55;167.0;1745714995;101.091;103.222;97.43;102.815;
1900-01-01 10:49:56;168.0;1745714996;101.053;103.268;97.414;102.815;
1900-01-01 10:49:57;169.0;1745714997;101.112;103.227;97.414;102.859;
1900-01-01 10:49:58;170.0;1745714998;101.112;103.227;97.344;102.879;
1900-01-01 10:49:59;171.0;1745714999;101.069;103.347;97.302;102.879;
1900-01-01 10:50:00;172.0;1745715000;101.043;103.309;97.302;102.962;
1900-01-01 10:50:01;173.0;1745715001;101.043;103.309;97.334;102.884;
1900-01-01 10:50:02;174.0;1745715002;101.061;103.25;97.302;102.884;
1900-01-01 10:50:03;175.0;1745715003;101.004;103.267;97.302;102.874;
1900-01-01 10:50:04;176.0;1745715004;101.004;103.267;97.271;102.837;
1900-01-01 10:50:05;177.0;1745715005;101.03;103.256;97.265;102.837;
1900-01-01 10:50:06;178.0;1745715006;100.962;103.256;97.265;102.859;
1900-01-01 10:50:07;179.0;1745715007;100.962;103.219;97.342;102.811;
1900-01-01 10:50:09;180.0;1745715009;101.054;103.238;97.311;102.811;
1900-01-01 10:50:09;181.0;1745715009;101.1;103.238;97.311;102.884;
1900-01-01 10:50:10;182.0;1745715010;101.1;103.228;97.237;102.81;
1900-01-01 10:50:11;183.0;1745715011;101.1;103.273;97.222;102.81;
1900-01-01 10:50:12;184.0;1745715012;101.081;103.273;97.222;102.85;
1900-01-01 10:50:13;185.0;1745715013;101.081;103.323;97.339;102.91;
1900-01-01 10:50:14;186.0;1745715014;101.1;103.32;97.308;102.91;
1900-01-01 10:50:15;187.0;1745715015;101.029;103.32;97.308;102.923;
1900-01-01 10:50:16;188.0;1745715016;101.029;103.327;97.184;102.803;
1900-01-01 10:50:17;189.0;1745715017;101.186;103.383;97.137;102.803;
1900-01-01 10:50:18;190.0;1745715018;101.186;103.383;97.137;102.813;
1900-01-01 10:50:19;191.0;1745715019;101.111;103.357;97.121;102.848;
1900-01-01 10:50:20;192.0;1745715020;101.154;103.442;97.121;102.848;
1900-01-01 10:50:21;193.0;1745715021;101.154;103.442;97.159;102.861;
1900-01-01 10:50:22;194.0;1745715022;101.217;103.351;97.035;102.861;
1900-01-01 10:50:23;195.0;1745715023;101.163;103.351;97.035;102.834;
1900-01-01 10:50:24;196.0;1745715024;101.163;103.326;97.222;102.789;
1900-01-01 10:50:25;197.0;1745715025;101.189;103.321;97.172;102.789;
1900-01-01 10:50:26;198.0;1745715026;101.085;103.299;97.172;102.914;
1900-01-01 10:50:27;199.0;1745715027;101.085;103.299;97.186;102.83;
1900-01-01 10:50:28;200.0;1745715028;101.109;103.299;97.337;102.83;
1900-01-01 10:50:29;201.0;1745715029;101.071;103.299;97.337;102.803;
1900-01-01 10:50:30;202.0;1745715030;101.071;103.257;97.282;102.87;
1900-01-01 10:50:31;203.0;1745715031;101.187;103.292;97.282;102.87;
1900-01-01 10:50:32;204.0;1745715032;101.162;103.292;97.379;102.857;
1900-01-01 10:50:33;205.0;1745715033;101.162;103.315;97.288;102.797;
1900-01-01 10:50:34;206.0;1745715034;101.177;103.357;97.237;102.797;
1900-01-01 10:50:35;207.0;1745715035;101.149;103.357;97.237;102.826;
1900-01-01 10:50:36;208.0;1745715036;101.149;103.307;97.186;102.96;
1900-01-01 10:50:37;209.0;1745715037;101.072;103.315;97.182;102.96;
1900-01-01 10:50:38;210.0;1745715038;101.004;103.315;97.182;102.93;
1900-01-01 10:50:39;211.0;1745715039;101.004;103.262;97.185;102.848;
1900-01-01 10:50:40;212.0;1745715040;100.982;103.328;97.185;102.848;
1900-01-01 10:50:41;213.0;1745715041;100.903;103.328;97.2;102.826;
1900-01-01 10:50:42;214.0;1745715042;100.903;103.294;97.235;102.826;
1900-01-01 10:50:43;215.0;1745715043;100.918;103.27;97.235;102.911;
1900-01-01 10:50:44;216.0;1745715044;100.913;103.27;97.235;102.88;
1900-01-01 10:50:45;217.0;1745715045;100.913;103.264;97.158;102.88;
1900-01-01 10:50:46;218.0;1745715046;100.908;103.273;97.158;102.863;
1900-01-01 10:50:47;219.0;1745715047;100.949;103.273;97.082;102.871;
1900-01-01 10:50:48;220.0;1745715048;100.949;103.277;97.022;102.887;
1900-01-01 10:50:49;221.0;1745715049;101.075;103.276;97.022;102.887;
1900-01-01 10:50:50;222.0;1745715050;101.075;103.276;96.999;102.964;
1900-01-01 10:50:51;223.0;1745715051;101.113;103.28;97.026;102.964;
1900-01-01 10:50:52;224.0;1745715052;100.998;103.21;97.026;102.883;
1900-01-01 10:50:53;225.0;1745715053;100.998;103.21;97.065;102.918;
1900-01-01 10:50:54;226.0;1745715054;100.995;103.266;97.106;102.918;
1900-01-01 10:50:55;227.0;1745715055;101.036;103.286;97.106;102.914;
1900-01-01 10:50:56;228.0;1745715056;101.036;103.286;97.174;102.936;
1900-01-01 10:50:57;229.0;1745715057;101.024;103.229;97.174;102.936;
1900-01-01 10:50:58;230.0;1745715058;101.004;103.229;97.215;102.932;
1900-01-01 10:50:59;231.0;1745715059;101.004;103.265;97.302;102.958;
1900-01-01 10:51:00;232.0;1745715060;101.055;103.206;97.302;102.958;
1900-01-01 10:51:01;233.0;1745715061;100.918;103.206;97.289;102.985;
1900-01-01 10:51:02;234.0;1745715062;100.918;103.218;97.326;102.926;
1900-01-01 10:51:03;235.0;1745715063;100.812;103.279;97.326;102.926;
1900-01-01 10:51:04;236.0;1745715064;100.888;103.279;97.177;103.004;
1900-01-01 10:51:05;237.0;1745715065;100.888;103.296;97.226;102.937;
1900-01-01 10:51:06;238.0;1745715066;100.854;103.323;97.226;102.937;
1900-01-01 10:51:07;239.0;1745715067;100.854;103.323;97.126;102.943;
1900-01-01 10:51:08;240.0;1745715068;100.831;103.229;97.059;102.922;
1900-01-01 10:51:09;241.0;1745715069;100.777;103.229;97.059;102.922;
1900-01-01 10:51:10;242.0;1745715070;100.777;103.289;97.043;102.881;
1900-01-01 10:51:11;243.0;1745715071;100.91;103.251;97.001;102.881;
1900-01-01 10:51:12;244.0;1745715072;100.941;103.251;97.001;102.921;
1900-01-01 10:51:13;245.0;1745715073;100.941;103.238;97.104;102.953;
1900-01-01 10:51:14;246.0;1745715074;100.98;103.206;97.067;102.953;
1900-01-01 10:51:15;247.0;1745715075;100.992;103.269;97.067;102.923;
1900-01-01 10:51:16;248.0;1745715076;100.992;103.269;97.154;102.909;
1900-01-01 10:51:17;249.0;1745715077;101.154;103.289;97.041;102.909;
1900-01-01 10:51:18;250.0;1745715078;101.169;103.289;97.041;102.902;
1900-01-01 10:51:19;251.0;1745715079;101.169;103.22;97.09;102.884;
1900-01-01 10:51:20;252.0;1745715080;101.223;103.288;97.09;102.884;
1900-01-01 10:51:21;253.0;1745715081;101.12;103.288;97.192;102.883;
1900-01-01 10:51:22;254.0;1745715082;101.12;103.272;97.164;102.826;
1900-01-01 10:51:23;255.0;1745715083;101.126;103.286;97.164;102.826;
1900-01-01 10:51:24;256.0;1745715084;100.908;103.286;97.099;102.808;
1900-01-01 10:51:25;257.0;1745715085;100.908;103.264;97.048;102.919;
1900-01-01 10:51:26;258.0;1745715086;101.005;103.266;97.048;102.919;
1900-01-01 10:51:27;259.0;1745715087;101.005;103.266;97.002;102.869;
1900-01-01 10:51:28;260.0;1745715088;100.919;103.284;97.068;102.869;
1900-01-01 10:51:30;261.0;1745715090;100.894;103.372;97.068;102.851;
1900-01-01 10:51:30;262.0;1745715090;100.894;103.372;97.055;102.948;
1900-01-01 10:51:31;263.0;1745715091;100.908;103.181;96.987;102.948;
1900-01-01 10:51:33;264.0;1745715093;100.934;103.228;96.987;102.875;
1900-01-01 10:51:33;265.0;1745715093;100.934;103.228;96.876;102.897;
1900-01-01 10:51:34;266.0;1745715094;100.859;103.186;96.836;102.897;
1900-01-01 10:51:36;267.0;1745715096;100.794;103.13;96.836;102.838;
1900-01-01 10:51:36;268.0;1745715096;100.794;103.13;96.791;102.833;
1900-01-01 10:51:37;269.0;1745715097;100.802;103.191;96.751;102.833;
1900-01-01 10:51:39;270.0;1745715099;100.882;103.191;96.751;102.966;
1900-01-01 10:51:39;271.0;1745715099;100.882;103.191;96.78;102.862;
1900-01-01 10:51:40;272.0;1745715100;100.863;103.221;96.847;102.862;
1900-01-01 10:51:41;273.0;1745715101;100.78;103.221;96.847;102.851;
1900-01-01 10:51:42;274.0;1745715102;100.78;103.172;96.866;102.905;
1900-01-01 10:51:43;275.0;1745715103;100.91;103.168;96.862;102.905;
1900-01-01 10:51:44;276.0;1745715104;100.811;103.168;96.862;102.847;
1900-01-01 10:51:45;277.0;1745715105;100.811;103.153;96.858;102.858;
1900-01-01 10:51:46;278.0;1745715106;100.863;103.191;96.858;102.858;
1900-01-01 10:51:47;279.0;1745715107;100.898;103.191;96.883;102.832;
1900-01-01 10:51:48;280.0;1745715108;100.898;103.23;96.916;102.832;
1900-01-01 10:51:49;281.0;1745715109;100.938;103.193;96.916;102.846;
1900-01-01 10:51:50;282.0;1745715110;100.822;103.193;96.98;102.91;
1900-01-01 10:51:51;283.0;1745715111;100.822;103.231;97.057;102.91;
1900-01-01 10:51:52;284.0;1745715112;100.895;103.193;97.057;102.898;
1900-01-01 10:51:53;285.0;1745715113;100.949;103.193;96.987;102.914;
1900-01-01 10:51:54;286.0;1745715114;100.949;103.221;97.004;102.914;
1900-01-01 10:51:55;287.0;1745715115;100.879;103.182;97.004;102.889;
1900-01-01 10:51:56;288.0;1745715116;100.879;103.182;96.992;102.846;
1900-01-01 10:51:58;289.0;1745715118;100.953;103.16;96.982;102.9;
1900-01-01 10:51:58;290.0;1745715118;100.946;103.16;96.982;102.9;
1900-01-01 10:51:59;291.0;1745715119;100.946;103.189;96.866;102.868;
1900-01-01 10:52:00;292.0;1745715120;100.982;103.219;96.919;102.868;
1900-01-01 10:52:01;293.0;1745715121;101.058;103.219;96.919;102.888;
1900-01-01 10:52:02;294.0;1745715122;101.058;103.209;96.92;102.877;
1900-01-01 10:52:03;295.0;1745715123;101.059;103.25;96.791;102.877;
1900-01-01 10:52:04;296.0;1745715124;100.977;103.25;96.791;102.898;
1900-01-01 10:52:05;297.0;1745715125;100.977;103.204;96.851;102.897;
1900-01-01 10:52:06;298.0;1745715126;101.053;103.278;96.777;102.897;
1900-01-01 10:52:07;299.0;1745715127;100.968;103.278;96.777;102.88;
1900-01-01 10:52:08;300.0;1745715128;100.968;103.19;96.75;102.934;
1900-01-01 10:52:09;301.0;1745715129;100.904;103.306;96.75;102.934;
1900-01-01 10:52:10;302.0;1745715130;100.904;103.306;96.64;102.9;
1900-01-01 10:52:11;303.0;1745715131;100.903;103.296;96.579;102.884;
1900-01-01 10:52:12;304.0;1745715132;100.898;103.262;96.579;102.884;
1900-01-01 10:52:13;305.0;1745715133;100.898;103.262;96.568;102.935;
1900-01-01 10:52:14;306.0;1745715134;100.839;103.245;96.674;102.935;
1900-01-01 10:52:15;307.0;1745715135;100.771;103.196;96.674;102.871;
1900-01-01 10:52:16;308.0;1745715136;100.771;103.196;96.73;102.946;
1900-01-01 10:52:17;309.0;1745715137;100.747;103.223;96.785;102.946;
1900-01-01 10:52:18;310.0;1745715138;100.799;103.223;96.785;102.902;
1900-01-01 10:52:19;311.0;1745715139;100.799;103.211;96.773;103.019;
1900-01-01 10:52:20;312.0;1745715140;100.821;103.24;96.773;103.019;
1900-01-01 10:52:21;313.0;1745715141;100.796;103.24;96.705;102.942;
1900-01-01 10:52:22;314.0;1745715142;100.796;103.12;96.691;102.927;
1900-01-01 10:52:24;315.0;1745715144;100.792;103.226;96.673;102.927;
1900-01-01 10:52:24;316.0;1745715144;100.801;103.226;96.673;102.909;
1900-01-01 10:52:25;317.0;1745715145;100.801;103.163;96.589;102.93;
1900-01-01 10:52:26;318.0;1745715146;100.731;103.11;96.733;102.93;
1900-01-01 10:52:27;319.0;1745715147;100.862;103.11;96.733;102.88;
1900-01-01 10:52:28;320.0;1745715148;100.862;103.063;96.683;102.919;
1900-01-01 10:52:29;321.0;1745715149;100.751;103.082;96.683;102.919;
1900-01-01 10:52:30;322.0;1745715150;100.858;103.082;96.755;102.922;
1900-01-01 10:52:31;323.0;1745715151;100.858;103.104;96.743;102.922;
1900-01-01 10:52:32;324.0;1745715152;100.771;103.079;96.743;102.908;
1900-01-01 10:52:33;325.0;1745715153;100.88;103.079;96.741;102.874;
1900-01-01 10:52:34;326.0;1745715154;100.88;103.105;96.805;102.948;
1900-01-01 10:52:35;327.0;1745715155;100.799;103.013;96.805;102.948;
1900-01-01 10:52:36;328.0;1745715156;100.799;103.013;96.746;102.875;
1900-01-01 10:52:37;329.0;1745715157;100.751;103.051;96.787;102.875;
1900-01-01 10:52:38;330.0;1745715158;100.848;103.051;96.787;102.881;
1900-01-01 10:52:39;331.0;1745715159;100.848;103.086;96.835;102.909;
1900-01-01 10:52:40;332.0;1745715160;100.908;103.068;96.772;102.909;
1900-01-01 10:52:41;333.0;1745715161;100.873;103.068;96.772;102.885;
1900-01-01 10:52:42;334.0;1745715162;100.873;103.157;96.609;102.9;
1900-01-01 10:52:43;335.0;1745715163;100.872;103.14;96.609;102.9;
1900-01-01 10:52:44;336.0;1745715164;100.828;103.14;96.656;102.957;
1900-01-01 10:52:45;337.0;1745715165;100.828;103.239;96.627;102.912;
1900-01-01 10:52:46;338.0;1745715166;100.801;103.304;96.627;102.912;
1900-01-01 10:52:47;339.0;1745715167;100.818;103.304;96.537;102.807;
1900-01-01 10:52:48;340.0;1745715168;100.818;103.153;96.556;102.963;
1900-01-01 10:52:50;341.0;1745715170;100.784;103.216;96.441;102.963;
1900-01-01 10:52:50;342.0;1745715170;100.784;103.216;96.441;102.916;
1900-01-01 10:52:51;343.0;1745715171;100.818;103.238;96.428;102.916;
1900-01-01 10:52:52;344.0;1745715172;100.738;103.195;96.428;102.922;
1900-01-01 10:52:53;345.0;1745715173;100.738;103.195;96.387;102.845;
1900-01-01 10:52:54;346.0;1745715174;100.773;103.286;96.447;102.845;
1900-01-01 10:52:56;347.0;1745715176;100.709;103.314;96.447;102.861;
1900-01-01 10:52:56;348.0;1745715176;100.709;103.314;96.452;102.876;
1900-01-01 10:52:57;349.0;1745715177;100.69;103.194;96.51;102.876;
1900-01-01 10:52:58;350.0;1745715178;100.73;103.194;96.51;102.868;
1900-01-01 10:52:59;351.0;1745715179;100.73;103.234;96.55;102.878;
1900-01-01 10:53:00;352.0;1745715180;100.708;103.284;96.473;102.878;
1900-01-01 10:53:01;353.0;1745715181;100.731;103.284;96.473;102.928;
1900-01-01 10:53:02;354.0;1745715182;100.731;103.229;96.561;102.922;
1900-01-01 10:53:03;355.0;1745715183;100.783;103.199;96.558;102.922;
1900-01-01 10:53:04;356.0;1745715184;100.756;103.199;96.558;102.885;
1900-01-01 10:53:05;357.0;1745715185;100.756;103.248;96.444;102.88;
1900-01-01 10:53:06;358.0;1745715186;100.786;103.188;96.444;102.88;
1900-01-01 10:53:07;359.0;1745715187;100.768;103.188;96.433;102.844;
1900-01-01 10:53:08;360.0;1745715188;100.768;103.28;96.488;102.872;
1900-01-01 10:53:09;361.0;1745715189;100.902;103.198;96.488;102.872;
1900-01-01 10:53:10;362.0;1745715190;100.928;103.198;96.531;102.895;
1900-01-01 10:53:11;363.0;1745715191;100.928;103.181;96.647;102.895;
1900-01-01 10:53:12;364.0;1745715192;100.879;103.148;96.647;102.817;
1900-01-01 10:53:13;365.0;1745715193;100.828;103.148;96.696;102.957;
1900-01-01 10:53:14;366.0;1745715194;100.828;103.128;96.717;102.825;
1900-01-01 10:53:15;367.0;1745715195;100.905;103.15;96.717;102.825;
1900-01-01 10:53:16;368.0;1745715196;100.905;103.15;96.65;102.981;
1900-01-01 10:53:17;369.0;1745715197;100.762;103.143;96.632;102.981;
1900-01-01 10:53:18;370.0;1745715198;100.779;103.14;96.632;102.874;
1900-01-01 10:53:19;371.0;1745715199;100.779;103.14;96.441;102.961;
1900-01-01 10:53:20;372.0;1745715200;100.789;103.057;96.407;102.961;
1900-01-01 10:53:21;373.0;1745715201;100.71;103.057;96.407;102.98;
1900-01-01 10:53:22;374.0;1745715202;100.71;103.099;96.309;102.863;
1900-01-01 10:53:23;375.0;1745715203;100.616;103.036;96.309;102.863;
1900-01-01 10:53:24;376.0;1745715204;100.558;103.036;96.368;102.895;
1900-01-01 10:53:25;377.0;1745715205;100.558;103.101;96.468;102.948;
1900-01-01 10:53:27;378.0;1745715207;100.576;103.006;96.416;102.948;
1900-01-01 10:53:27;379.0;1745715207;100.549;103.006;96.416;102.939;
1900-01-01 10:53:28;380.0;1745715208;100.549;102.942;96.308;102.906;
1900-01-01 10:53:29;381.0;1745715209;100.471;103.121;96.308;102.906;
1900-01-01 10:53:30;382.0;1745715210;100.471;103.121;96.438;102.958;
1900-01-01 10:53:31;383.0;1745715211;100.509;103.012;96.506;102.94;
1900-01-01 10:53:33;384.0;1745715213;100.569;103.01;96.506;102.94;
1900-01-01 10:53:33;385.0;1745715213;100.569;103.01;96.538;102.859;
1900-01-01 10:53:34;386.0;1745715214;100.605;102.997;96.505;102.859;
1900-01-01 10:53:35;387.0;1745715215;100.712;103.051;96.505;102.871;
1900-01-01 10:53:36;388.0;1745715216;100.712;103.051;96.546;102.957;
1900-01-01 10:53:37;389.0;1745715217;100.715;103.017;96.516;102.957;
1900-01-01 10:53:38;390.0;1745715218;100.764;103.12;96.516;102.959;
1900-01-01 10:53:39;391.0;1745715219;100.764;103.12;96.526;102.998;
1900-01-01 10:53:40;392.0;1745715220;100.764;103.092;96.492;102.998;
1900-01-01 10:53:41;393.0;1745715221;100.725;103.166;96.492;102.954;
1900-01-01 10:53:42;394.0;1745715222;100.725;103.166;96.349;102.914;
1900-01-01 10:53:43;395.0;1745715223;100.716;102.998;96.315;102.914;
1900-01-01 10:53:44;396.0;1745715224;100.644;102.998;96.315;103.014;
1900-01-01 10:53:45;397.0;1745715225;100.644;103.116;96.213;102.938;
1900-01-01 10:53:46;398.0;1745715226;100.606;103.071;96.201;102.938;
1900-01-01 10:53:47;399.0;1745715227;100.585;103.071;96.201;102.956;
1900-01-01 10:53:48;400.0;1745715228;100.585;103.011;96.271;103.005;
1900-01-01 10:53:49;401.0;1745715229;100.619;102.982;96.259;103.005;
1900-01-01 10:53:50;402.0;1745715230;100.602;102.982;96.259;102.925;
1900-01-01 10:53:51;403.0;1745715231;100.602;102.945;96.185;103.005;
1900-01-01 10:53:52;404.0;1745715232;100.481;103.062;96.185;103.005;
1900-01-01 10:53:53;405.0;1745715233;100.567;103.062;96.353;102.958;
1900-01-01 10:53:54;406.0;1745715234;100.567;103.076;96.284;102.958;
1900-01-01 10:53:55;407.0;1745715235;100.557;103.008;96.284;102.941;
1900-01-01 10:53:57;408.0;1745715237;100.524;103.008;96.287;102.954;
1900-01-01 10:53:57;409.0;1745715237;100.524;103.083;96.245;102.954;
1900-01-01 10:53:58;410.0;1745715238;100.428;102.995;96.245;102.963;
1900-01-01 10:53:59;411.0;1745715239;100.428;102.995;96.196;103.008;
1900-01-01 10:54:00;412.0;1745715240;100.437;103.019;96.182;103.008;
1900-01-01 10:54:01;413.0;1745715241;100.437;102.999;96.182;103.003;
1900-01-01 10:54:02;414.0;1745715242;100.437;102.999;96.21;103.023;
1900-01-01 10:54:03;415.0;1745715243;100.481;103.027;96.244;103.023;
1900-01-01 10:54:05;416.0;1745715245;100.493;102.963;96.244;102.94;
1900-01-01 10:54:05;417.0;1745715245;100.493;102.963;96.262;102.902;
1900-01-01 10:54:06;418.0;1745715246;100.48;102.946;96.158;102.902;
1900-01-01 10:54:07;419.0;1745715247;100.529;102.946;96.158;103.007;
1900-01-01 10:54:08;420.0;1745715248;100.529;103.022;96.146;102.949;
1900-01-01 10:54:09;421.0;1745715249;100.449;102.916;96.146;102.949;
1900-01-01 10:54:10;422.0;1745715250;100.556;102.916;96.163;102.949;
1900-01-01 10:54:11;423.0;1745715251;100.556;103.013;96.172;102.856;
1900-01-01 10:54:12;424.0;1745715252;100.601;102.968;96.192;102.856;
1900-01-01 10:54:13;425.0;1745715253;100.597;102.968;96.192;102.952;
1900-01-01 10:54:14;426.0;1745715254;100.597;103.065;96.195;102.957;
1900-01-01 10:54:15;427.0;1745715255;100.627;102.975;96.289;102.957;
1900-01-01 10:54:16;428.0;1745715256;100.702;102.975;96.289;102.923;
1900-01-01 10:54:17;429.0;1745715257;100.702;102.92;96.239;102.894;
1900-01-01 10:54:18;430.0;1745715258;100.62;102.948;96.239;102.894;
1900-01-01 10:54:19;431.0;1745715259;100.681;102.948;96.162;102.985;
1900-01-01 10:54:20;432.0;1745715260;100.681;103.032;96.176;102.95;
1900-01-01 10:54:21;433.0;1745715261;100.714;103.021;96.227;102.95;
1900-01-01 10:54:22;434.0;1745715262;100.593;103.021;96.227;102.929;
1900-01-01 10:54:23;435.0;1745715263;100.593;102.939;96.217;102.939;
1900-01-01 10:54:24;436.0;1745715264;100.682;102.989;96.217;102.939;
1900-01-01 10:54:25;437.0;1745715265;100.588;102.989;96.322;102.929;
1900-01-01 10:54:26;438.0;1745715266;100.588;102.963;96.191;102.929;
1900-01-01 10:54:27;439.0;1745715267;100.535;103.011;96.191;102.926;
1900-01-01 10:54:28;440.0;1745715268;100.536;103.011;96.301;102.96;
1900-01-01 10:54:29;441.0;1745715269;100.536;103.013;96.273;102.96;
1900-01-01 10:54:30;442.0;1745715270;100.51;102.971;96.273;102.911;
1900-01-01 10:54:31;443.0;1745715271;100.523;102.971;96.205;102.968;
1900-01-01 10:54:32;444.0;1745715272;100.523;102.909;96.13;102.968;
1900-01-01 10:54:33;445.0;1745715273;100.479;102.975;96.13;102.808;
1900-01-01 10:54:34;446.0;1745715274;100.479;102.975;96.081;102.955;
1900-01-01 10:54:35;447.0;1745715275;100.463;102.98;96.168;102.955;
1900-01-01 10:54:36;448.0;1745715276;100.483;102.98;96.168;102.927;
1900-01-01 10:54:37;449.0;1745715277;100.483;103.058;96.12;102.914;
1900-01-01 10:54:38;450.0;1745715278;100.495;103.014;96.12;102.914;
1900-01-01 10:54:39;451.0;1745715279;100.526;103.014;96.168;102.897;
1900-01-01 10:54:40;452.0;1745715280;100.526;102.942;96.141;102.921;
1900-01-01 10:54:41;453.0;1745715281;100.444;102.925;96.037;102.921;
1900-01-01 10:54:42;454.0;1745715282;100.459;102.925;96.037;102.948;
1900-01-01 10:54:43;455.0;1745715283;100.459;102.988;96.2;102.951;
1900-01-01 10:54:45;456.0;1745715285;100.458;102.88;96.105;102.951;
1900-01-01 10:54:45;457.0;1745715285;100.473;102.88;96.105;102.93;
1900-01-01 10:54:46;458.0;1745715286;100.473;102.969;96.106;102.946;
1900-01-01 10:54:47;459.0;1745715287;100.465;103.016;96.179;102.946;
1900-01-01 10:54:48;460.0;1745715288;100.413;103.016;96.179;102.895;
1900-01-01 10:54:49;461.0;1745715289;100.413;102.892;96.135;102.885;
1900-01-01 10:54:50;462.0;1745715290;100.423;102.895;96.135;102.885;
1900-01-01 10:54:52;463.0;1745715292;100.342;102.895;96.05;102.939;
1900-01-01 10:54:52;464.0;1745715292;100.342;102.838;96.062;102.939;
1900-01-01 10:54:53;465.0;1745715293;100.487;102.893;96.062;102.904;
1900-01-01 10:54:54;466.0;1745715294;100.487;102.893;96.065;102.86;
1900-01-01 10:54:55;467.0;1745715295;100.409;102.939;96.088;102.86;
1900-01-01 10:54:56;468.0;1745715296;100.429;102.939;96.088;103.003;
1900-01-01 10:54:57;469.0;1745715297;100.429;102.819;96.091;102.964;
1900-01-01 10:54:58;470.0;1745715298;100.412;102.987;96.076;102.964;
1900-01-01 10:55:00;471.0;1745715300;100.444;102.986;96.076;103.022;
1900-01-01 10:55:00;472.0;1745715300;100.444;102.986;96.029;102.968;
1900-01-01 10:55:01;473.0;1745715301;100.313;102.98;96.075;102.968;
1900-01-01 10:55:02;474.0;1745715302;100.348;102.98;96.075;103.003;
1900-01-01 10:55:03;475.0;1745715303;100.348;103.001;96.061;103.006;
1900-01-01 10:55:04;476.0;1745715304;100.479;103.007;96.061;103.006;
1900-01-01 10:55:05;477.0;1745715305;100.439;103.007;95.951;102.993;
1900-01-01 10:55:06;478.0;1745715306;100.439;103.006;95.957;102.986;
1900-01-01 10:55:07;479.0;1745715307;100.401;102.926;95.957;102.986;
1900-01-01 10:55:08;480.0;1745715308;100.401;102.926;95.959;103.012;
1900-01-01 10:55:09;481.0;1745715309;100.448;102.928;95.934;102.962;
1900-01-01 10:55:10;482.0;1745715310;100.396;102.904;95.934;102.962;
1900-01-01 10:55:11;483.0;1745715311;100.428;102.904;95.946;102.934;
1900-01-01 10:55:12;484.0;1745715312;100.428;102.94;95.944;102.934;
1900-01-01 10:55:13;485.0;1745715313;100.491;102.859;95.944;103.002;
1900-01-01 10:55:14;486.0;1745715314;100.491;102.859;95.938;102.887;
1900-01-01 10:55:15;487.0;1745715315;100.444;102.848;95.986;102.887;
1900-01-01 10:55:16;488.0;1745715316;100.354;102.848;95.986;102.988;
1900-01-01 10:55:17;489.0;1745715317;100.354;102.941;95.993;103.01;
1900-01-01 10:55:18;490.0;1745715318;100.425;102.912;95.96;103.01;
1900-01-01 10:55:19;491.0;1745715319;100.417;102.954;95.96;102.934;
1900-01-01 10:55:20;492.0;1745715320;100.417;102.954;95.838;102.897;
1900-01-01 10:55:21;493.0;1745715321;100.317;102.907;95.932;102.897;
1900-01-01 10:55:22;494.0;1745715322;100.309;102.907;95.932;102.91;
1900-01-01 10:55:24;495.0;1745715324;100.309;102.853;95.859;102.964;
1900-01-01 10:55:24;496.0;1745715324;100.438;102.885;95.859;102.964;
1900-01-01 10:55:25;497.0;1745715325;100.44;102.885;95.911;102.877;
1900-01-01 10:55:26;498.0;1745715326;100.44;102.907;95.847;102.919;
1900-01-01 10:55:27;499.0;1745715327;100.348;102.919;95.768;102.919;
1900-01-01 10:55:28;500.0;1745715328;100.388;102.919;95.768;102.954;
1900-01-01 10:55:29;501.0;1745715329;100.388;102.99;95.724;102.968;
1900-01-01 10:55:30;502.0;1745715330;100.417;102.835;95.724;102.968;
1900-01-01 10:55:31;503.0;1745715331;100.417;102.835;95.656;102.858;
1900-01-01 10:55:32;504.0;1745715332;100.534;102.851;95.876;102.967;
1900-01-01 10:55:33;505.0;1745715333;100.433;102.847;95.876;102.967;
1900-01-01 10:55:34;506.0;1745715334;100.433;102.847;95.845;102.999;
1900-01-01 10:55:35;507.0;1745715335;100.415;102.812;95.876;102.999;
1900-01-01 10:55:36;508.0;1745715336;100.451;102.784;95.876;102.892;
1900-01-01 10:55:37;509.0;1745715337;100.451;102.784;95.826;102.918;
1900-01-01 10:55:38;510.0;1745715338;100.358;102.812;95.898;102.918;
1900-01-01 10:55:39;511.0;1745715339;100.328;102.845;95.898;102.968;
1900-01-01 10:55:40;512.0;1745715340;100.328;102.845;95.931;102.963;
1900-01-01 10:55:41;513.0;1745715341;100.349;102.865;95.941;102.963;
1900-01-01 10:55:42;514.0;1745715342;100.302;102.865;95.941;102.965;
1900-01-01 10:55:43;515.0;1745715343;100.302;102.828;95.923;102.936;
1900-01-01 10:55:45;516.0;1745715345;100.254;102.899;95.933;102.936;
1900-01-01 10:55:45;517.0;1745715345;100.252;102.899;95.933;102.982;
1900-01-01 10:55:46;518.0;1745715346;100.252;102.842;95.876;102.965;
1900-01-01 10:55:47;519.0;1745715347;100.232;102.825;95.802;102.965;
1900-01-01 10:55:48;520.0;1745715348;100.251;102.825;95.802;103.044;
1900-01-01 10:55:49;521.0;1745715349;100.251;102.787;95.893;102.984;
1900-01-01 10:55:50;522.0;1745715350;100.146;102.829;95.893;102.984;
1900-01-01 10:55:51;523.0;1745715351;100.142;102.829;95.893;102.978;
1900-01-01 10:55:52;524.0;1745715352;100.142;102.831;95.92;102.967;
1900-01-01 10:55:53;525.0;1745715353;100.129;102.852;95.887;102.967;
1900-01-01 10:55:54;526.0;1745715354;100.095;102.852;95.887;102.955;
1900-01-01 10:55:55;527.0;1745715355;100.095;102.824;95.81;103.038;
1900-01-01 10:55:56;528.0;1745715356;100.106;102.931;95.855;103.038;
1900-01-01 10:55:58;529.0;1745715358;100.156;102.931;95.855;102.968;
1900-01-01 10:55:58;530.0;1745715358;100.156;102.893;95.781;102.968;
1900-01-01 10:55:59;531.0;1745715359;100.208;102.804;95.781;102.893;
1900-01-01 10:56:00;532.0;1745715360;100.299;102.804;95.861;102.977;
1900-01-01 10:56:01;533.0;1745715361;100.299;102.881;95.93;102.977;
1900-01-01 10:56:02;534.0;1745715362;100.285;102.84;95.93;102.973;
1900-01-01 10:56:03;535.0;1745715363;100.346;102.84;95.872;102.966;
1900-01-01 10:56:04;536.0;1745715364;100.346;102.846;95.731;102.966;
1900-01-01 10:56:05;537.0;1745715365;100.414;102.82;95.731;102.954;
1900-01-01 10:56:06;538.0;1745715366;100.414;102.82;95.78;102.963;
1900-01-01 10:56:08;539.0;1745715368;100.458;102.861;95.672;102.937;
1900-01-01 10:56:08;540.0;1745715368;100.466;102.722;95.672;102.937;
1900-01-01 10:56:09;541.0;1745715369;100.466;102.722;95.647;102.906;
1900-01-01 10:56:11;542.0;1745715371;100.417;102.827;95.634;103.006;
1900-01-01 10:56:11;543.0;1745715371;100.333;102.827;95.634;103.006;
1900-01-01 10:56:12;544.0;1745715372;100.333;102.748;95.682;102.97;
1900-01-01 10:56:13;545.0;1745715373;100.28;102.794;95.65;102.97;
1900-01-01 10:56:14;546.0;1745715374;100.301;102.794;95.65;102.96;
1900-01-01 10:56:15;547.0;1745715375;100.301;102.69;95.666;102.91;
1900-01-01 10:56:16;548.0;1745715376;100.266;102.621;95.666;102.91;
1900-01-01 10:56:17;549.0;1745715377;100.245;102.621;95.629;103.015;
1900-01-01 10:56:18;550.0;1745715378;100.245;102.679;95.64;102.936;
1900-01-01 10:56:19;551.0;1745715379;100.183;102.758;95.562;102.936;
1900-01-01 10:56:20;552.0;1745715380;100.183;102.758;95.562;102.986;
1900-01-01 10:56:21;553.0;1745715381;100.111;102.712;95.462;102.971;
1900-01-01 10:56:22;554.0;1745715382;100.092;102.675;95.462;102.971;
1900-01-01 10:56:24;555.0;1745715384;100.136;102.675;95.515;103.048;
1900-01-01 10:56:24;556.0;1745715384;100.136;102.798;95.452;103.048;
1900-01-01 10:56:25;557.0;1745715385;100.169;102.7;95.452;102.905;
1900-01-01 10:56:26;558.0;1745715386;100.175;102.7;95.426;102.886;
1900-01-01 10:56:27;559.0;1745715387;100.175;102.622;95.497;102.886;
1900-01-01 10:56:28;560.0;1745715388;100.229;102.722;95.497;103.029;
1900-01-01 10:56:29;561.0;1745715389;100.229;102.722;95.618;103.003;
1900-01-01 10:56:31;562.0;1745715391;100.227;102.709;95.684;102.911;
1900-01-01 10:56:31;563.0;1745715391;100.305;102.695;95.684;102.911;
1900-01-01 10:56:32;564.0;1745715392;100.305;102.695;95.592;102.987;
1900-01-01 10:56:33;565.0;1745715393;100.287;102.695;95.591;102.987;
1900-01-01 10:56:34;566.0;1745715394;100.279;102.695;95.591;102.97;
1900-01-01 10:56:35;567.0;1745715395;100.279;102.739;95.573;102.965;
1900-01-01 10:56:36;568.0;1745715396;100.275;102.708;95.598;102.965;
1900-01-01 10:56:37;569.0;1745715397;100.273;102.708;95.598;103.006;
1900-01-01 10:56:38;570.0;1745715398;100.273;102.747;95.464;102.997;
1900-01-01 10:56:39;571.0;1745715399;100.192;102.683;95.448;102.997;
1900-01-01 10:56:40;572.0;1745715400;100.221;102.683;95.448;102.945;
1900-01-01 10:56:41;573.0;1745715401;100.221;102.762;95.352;102.972;
1900-01-01 10:56:42;574.0;1745715402;100.262;102.652;95.352;102.972;
1900-01-01 10:56:43;575.0;1745715403;100.257;102.652;95.433;102.928;
1900-01-01 10:56:44;576.0;1745715404;100.257;102.718;95.4;102.882;
1900-01-01 10:56:45;577.0;1745715405;100.204;102.69;95.4;102.882;
1900-01-01 10:56:46;578.0;1745715406;100.213;102.69;95.485;102.953;
1900-01-01 10:56:47;579.0;1745715407;100.213;102.702;95.505;102.935;
1900-01-01 10:56:48;580.0;1745715408;100.172;102.756;95.55;102.935;
1900-01-01 10:56:49;581.0;1745715409;100.139;102.756;95.55;103.03;
1900-01-01 10:56:50;582.0;1745715410;100.139;102.709;95.525;102.908;
1900-01-01 10:56:51;583.0;1745715411;100.16;102.713;95.525;102.908;
1900-01-01 10:56:52;584.0;1745715412;100.059;102.713;95.367;102.906;
1900-01-01 10:56:53;585.0;1745715413;100.059;102.725;95.424;102.906;
1900-01-01 10:56:54;586.0;1745715414;100.042;102.708;95.424;102.929;
1900-01-01 10:56:55;587.0;1745715415;99.985;102.708;95.4;102.979;
1900-01-01 10:56:56;588.0;1745715416;99.985;102.688;95.423;102.979;
1900-01-01 10:56:57;589.0;1745715417;99.919;102.706;95.423;102.925;
1900-01-01 10:56:58;590.0;1745715418;99.919;102.706;95.407;102.977;
1900-01-01 10:56:59;591.0;1745715419;99.923;102.651;95.433;102.977;
1900-01-01 10:57:00;592.0;1745715420;99.923;102.651;95.433;102.991;
1900-01-01 10:57:01;593.0;1745715421;99.923;102.6;95.424;102.978;
1900-01-01 10:57:02;594.0;1745715422;100.037;102.761;95.384;102.978;
1900-01-01 10:57:04;595.0;1745715424;99.957;102.647;95.384;103.004;
1900-01-01 10:57:04;596.0;1745715424;99.957;102.647;95.428;103.018;
1900-01-01 10:57:05;597.0;1745715425;99.924;102.63;95.428;103.018;
1900-01-01 10:57:07;598.0;1745715427;99.958;102.712;95.428;103.0;
1900-01-01 10:57:07;599.0;1745715427;99.958;102.712;95.419;102.958;
1900-01-01 10:57:08;600.0;1745715428;100.042;102.679;95.312;102.958;
1900-01-01 10:57:09;601.0;1745715429;100.01;102.679;95.312;103.049;
1900-01-01 10:57:10;602.0;1745715430;100.01;102.669;95.328;102.938;
1900-01-01 10:57:12;603.0;1745715432;100.04;102.695;95.364;102.938;
1900-01-01 10:57:12;604.0;1745715432;100.11;102.695;95.364;103.039;
1900-01-01 10:57:13;605.0;1745715433;100.11;102.761;95.355;103.012;
1900-01-01 10:57:14;606.0;1745715434;100.042;102.693;95.355;103.012;
1900-01-01 10:57:15;607.0;1745715435;100.114;102.693;95.232;103.018;
1900-01-01 10:57:16;608.0;1745715436;100.114;102.72;95.274;102.935;
1900-01-01 10:57:17;609.0;1745715437;100.1;102.692;95.274;102.935;
1900-01-01 10:57:18;610.0;1745715438;100.1;102.692;95.391;102.93;
1900-01-01 10:57:19;611.0;1745715439;100.203;102.691;95.303;102.93;
1900-01-01 10:57:20;612.0;1745715440;100.067;102.691;95.303;102.903;
1900-01-01 10:57:21;613.0;1745715441;100.067;102.669;95.253;103.007;
1900-01-01 10:57:22;614.0;1745715442;100.153;102.644;95.266;103.007;
1900-01-01 10:57:23;615.0;1745715443;100.23;102.644;95.266;102.995;
1900-01-01 10:57:24;616.0;1745715444;100.23;102.602;95.395;102.906;
1900-01-01 10:57:26;617.0;1745715446;100.204;102.661;95.331;102.906;
1900-01-01 10:57:26;618.0;1745715446;100.241;102.661;95.331;102.999;
1900-01-01 10:57:27;619.0;1745715447;100.241;102.661;95.369;103.028;
1900-01-01 10:57:28;620.0;1745715448;100.178;102.672;95.235;103.028;
1900-01-01 10:57:29;621.0;1745715449;100.133;102.672;95.235;103.094;
1900-01-01 10:57:30;622.0;1745715450;100.133;102.576;95.273;103.005;
1900-01-01 10:57:31;623.0;1745715451;100.152;102.617;95.273;103.005;
1900-01-01 10:57:32;624.0;1745715452;100.041;102.617;95.217;102.995;
1900-01-01 10:57:33;625.0;1745715453;100.041;102.631;95.132;102.901;
1900-01-01 10:57:34;626.0;1745715454;99.947;102.602;95.132;102.901;
1900-01-01 10:57:35;627.0;1745715455;99.947;102.602;95.125;102.945;
1900-01-01 10:57:36;628.0;1745715456;99.935;102.621;95.24;102.98;
1900-01-01 10:57:37;629.0;1745715457;99.958;102.56;95.24;102.98;
1900-01-01 10:57:38;630.0;1745715458;99.941;102.56;95.231;102.927;
1900-01-01 10:57:39;631.0;1745715459;99.941;102.682;95.303;102.927;
1900-01-01 10:57:40;632.0;1745715460;99.849;102.584;95.303;102.896;
1900-01-01 10:57:41;633.0;1745715461;99.893;102.584;95.339;102.966;
1900-01-01 10:57:42;634.0;1745715462;99.893;102.565;95.211;102.966;
1900-01-01 10:57:43;635.0;1745715463;99.926;102.646;95.211;102.93;
1900-01-01 10:57:44;636.0;1745715464;99.862;102.646;95.225;102.98;
1900-01-01 10:57:45;637.0;1745715465;99.862;102.578;95.391;102.98;
1900-01-01 10:57:46;638.0;1745715466;99.896;102.582;95.391;103.04;
1900-01-01 10:57:47;639.0;1745715467;99.896;102.582;95.443;103.032;
1900-01-01 10:57:48;640.0;1745715468;99.89;102.621;95.462;103.032;
1900-01-01 10:57:49;641.0;1745715469;99.911;102.621;95.462;103.033;
1900-01-01 10:57:50;642.0;1745715470;99.911;102.659;95.447;102.996;
1900-01-01 10:57:52;643.0;1745715472;99.917;102.55;95.363;102.996;
1900-01-01 10:57:52;644.0;1745715472;99.875;102.55;95.363;102.968;
1900-01-01 10:57:53;645.0;1745715473;99.875;102.546;95.306;103.02;
1900-01-01 10:57:54;646.0;1745715474;99.85;102.618;95.306;103.02;
1900-01-01 10:57:55;647.0;1745715475;99.813;102.618;95.13;103.016;
1900-01-01 10:57:56;648.0;1745715476;99.813;102.507;95.076;102.982;
1900-01-01 10:57:57;649.0;1745715477;99.863;102.419;95.076;102.982;
1900-01-01 10:57:58;650.0;1745715478;99.863;102.419;95.087;102.993;
1900-01-01 10:57:59;651.0;1745715479;99.93;102.583;95.015;102.919;
1900-01-01 10:58:00;652.0;1745715480;100.006;102.422;95.015;102.919;
1900-01-01 10:58:01;653.0;1745715481;100.006;102.422;94.967;102.908;
1900-01-01 10:58:02;654.0;1745715482;99.992;102.452;94.958;102.908;
1900-01-01 10:58:03;655.0;1745715483;99.921;102.447;94.958;102.859;
1900-01-01 10:58:04;656.0;1745715484;99.921;102.447;94.802;102.871;
1900-01-01 10:58:05;657.0;1745715485;99.932;102.459;94.949;102.871;
1900-01-01 10:58:06;658.0;1745715486;99.952;102.459;94.949;102.963;
1900-01-01 10:58:07;659.0;1745715487;99.952;102.493;95.053;103.003;
1900-01-01 10:58:08;660.0;1745715488;99.963;102.499;95.031;103.003;
1900-01-01 10:58:09;661.0;1745715489;99.856;102.499;95.031;102.967;
1900-01-01 10:58:10;662.0;1745715490;99.856;102.512;94.98;102.969;
1900-01-01 10:58:11;663.0;1745715491;99.883;102.496;94.982;102.969;
1900-01-01 10:58:12;664.0;1745715492;99.828;102.496;94.982;102.988;
1900-01-01 10:58:13;665.0;1745715493;99.828;102.504;94.904;103.019;
1900-01-01 10:58:14;666.0;1745715494;99.899;102.517;94.983;103.019;
1900-01-01 10:58:15;667.0;1745715495;99.82;102.517;94.983;102.937;
1900-01-01 10:58:16;668.0;1745715496;99.82;102.555;95.054;102.922;
1900-01-01 10:58:17;669.0;1745715497;99.877;102.444;95.054;102.922;
1900-01-01 10:58:18;670.0;1745715498;99.767;102.444;95.047;102.983;
1900-01-01 10:58:19;671.0;1745715499;99.767;102.495;95.094;103.025;
1900-01-01 10:58:20;672.0;1745715500;99.817;102.506;95.094;103.025;
1900-01-01 10:58:21;673.0;1745715501;99.762;102.506;95.045;102.951;
1900-01-01 10:58:22;674.0;1745715502;99.762;102.59;95.011;102.951;
1900-01-01 10:58:23;675.0;1745715503;99.813;102.486;95.011;103.015;
1900-01-01 10:58:24;676.0;1745715504;99.887;102.486;95.051;103.035;
1900-01-01 10:58:25;677.0;1745715505;99.887;102.523;95.029;103.035;
1900-01-01 10:58:26;678.0;1745715506;99.915;102.457;95.029;102.951;
1900-01-01 10:58:27;679.0;1745715507;99.915;102.457;95.032;103.072;
1900-01-01 10:58:28;680.0;1745715508;99.937;102.534;95.032;103.072;
1900-01-01 10:58:30;681.0;1745715510;99.934;102.547;95.032;102.955;
1900-01-01 10:58:30;682.0;1745715510;99.934;102.547;94.894;102.951;
1900-01-01 10:58:31;683.0;1745715511;99.943;102.496;94.971;102.951;
1900-01-01 10:58:32;684.0;1745715512;99.915;102.572;94.971;103.008;
1900-01-01 10:58:33;685.0;1745715513;99.915;102.572;94.877;102.962;
1900-01-01 10:58:34;686.0;1745715514;99.867;102.501;94.95;102.962;
1900-01-01 10:58:35;687.0;1745715515;99.872;102.501;94.95;102.997;
1900-01-01 10:58:36;688.0;1745715516;99.872;102.533;94.98;102.973;
1900-01-01 10:58:37;689.0;1745715517;99.897;102.619;94.98;102.973;
1900-01-01 10:58:38;690.0;1745715518;99.988;102.619;94.945;103.07;
1900-01-01 10:58:39;691.0;1745715519;99.988;102.487;94.984;103.07;
1900-01-01 10:58:40;692.0;1745715520;99.877;102.429;94.984;102.969;
1900-01-01 10:58:42;693.0;1745715522;99.9;102.429;95.012;102.953;
1900-01-01 10:58:42;694.0;1745715522;99.9;102.511;95.114;102.953;
1900-01-01 10:58:43;695.0;1745715523;99.873;102.517;95.114;103.007;
1900-01-01 10:58:44;696.0;1745715524;99.873;102.517;95.041;103.045;
1900-01-01 10:58:45;697.0;1745715525;99.917;102.441;95.118;103.045;
1900-01-01 10:58:46;698.0;1745715526;99.844;102.441;95.118;102.988;
1900-01-01 10:58:47;699.0;1745715527;99.844;102.524;95.012;102.97;
1900-01-01 10:58:48;700.0;1745715528;99.858;102.523;94.868;102.97;
1900-01-01 10:58:50;701.0;1745715530;99.848;102.489;94.868;103.003;
1900-01-01 10:58:50;702.0;1745715530;99.848;102.489;94.697;103.023;
1900-01-01 10:58:51;703.0;1745715531;99.855;102.443;94.592;103.023;
1900-01-01 10:58:52;704.0;1745715532;99.737;102.422;94.592;102.986;
1900-01-01 10:58:53;705.0;1745715533;99.737;102.422;94.696;102.966;
1900-01-01 10:58:54;706.0;1745715534;99.591;102.504;94.754;102.966;
1900-01-01 10:58:55;707.0;1745715535;99.619;102.504;94.754;103.039;
1900-01-01 10:58:56;708.0;1745715536;99.619;102.459;94.913;103.008;
1900-01-01 10:58:57;709.0;1745715537;99.505;102.4;94.913;103.008;
1900-01-01 10:58:58;710.0;1745715538;99.618;102.4;94.832;102.987;
1900-01-01 10:58:59;711.0;1745715539;99.618;102.4;94.918;102.986;
1900-01-01 10:59:00;712.0;1745715540;99.577;102.402;94.918;102.986;
1900-01-01 10:59:01;713.0;1745715541;99.545;102.402;94.83;103.044;
1900-01-01 10:59:03;714.0;1745715543;99.545;102.437;94.793;103.027;
1900-01-01 10:59:03;715.0;1745715543;99.623;102.425;94.793;103.027;
1900-01-01 10:59:04;716.0;1745715544;99.623;102.425;94.83;102.969;
1900-01-01 10:59:05;717.0;1745715545;99.655;102.395;94.78;102.969;
1900-01-01 10:59:06;718.0;1745715546;99.652;102.395;94.78;102.951;
1900-01-01 10:59:07;719.0;1745715547;99.652;102.451;94.82;103.063;
1900-01-01 10:59:08;720.0;1745715548;99.633;102.392;94.71;103.063;
1900-01-01 10:59:09;721.0;1745715549;99.642;102.42;94.71;102.93;
1900-01-01 10:59:11;722.0;1745715551;99.781;102.42;94.682;102.922;
1900-01-01 10:59:11;723.0;1745715551;99.781;102.43;94.743;102.922;
1900-01-01 10:59:12;724.0;1745715552;99.645;102.418;94.743;102.922;
1900-01-01 10:59:13;725.0;1745715553;99.645;102.418;94.621;103.019;
1900-01-01 10:59:14;726.0;1745715554;99.622;102.377;94.677;103.019;
1900-01-01 10:59:15;727.0;1745715555;99.651;102.321;94.677;103.053;
1900-01-01 10:59:16;728.0;1745715556;99.651;102.321;94.701;103.023;
1900-01-01 10:59:17;729.0;1745715557;99.618;102.381;94.676;103.023;
1900-01-01 10:59:18;730.0;1745715558;99.703;102.295;94.676;102.997;
1900-01-01 10:59:19;731.0;1745715559;99.703;102.295;94.645;103.018;
1900-01-01 10:59:20;732.0;1745715560;99.617;102.375;94.668;102.978;
1900-01-01 10:59:21;733.0;1745715561;99.677;102.375;94.668;102.978;
1900-01-01 10:59:22;734.0;1745715562;99.677;102.365;94.553;102.988;
1900-01-01 10:59:23;735.0;1745715563;99.58;102.348;94.662;102.988;
1900-01-01 10:59:24;736.0;1745715564;99.57;102.305;94.662;103.044;
1900-01-01 10:59:25;737.0;1745715565;99.57;102.305;94.664;103.004;
1900-01-01 10:59:26;738.0;1745715566;99.639;102.39;94.588;103.004;
1900-01-01 10:59:27;739.0;1745715567;99.609;102.28;94.588;103.025;
1900-01-01 10:59:28;740.0;1745715568;99.609;102.28;94.621;102.954;
1900-01-01 10:59:29;741.0;1745715569;99.638;102.306;94.508;102.954;
1900-01-01 10:59:31;742.0;1745715571;99.529;102.245;94.508;102.979;
1900-01-01 10:59:31;743.0;1745715571;99.529;102.245;94.517;103.076;
1900-01-01 10:59:32;744.0;1745715572;99.559;102.312;94.415;103.076;
1900-01-01 10:59:33;745.0;1745715573;99.58;102.312;94.415;103.023;
1900-01-01 10:59:34;746.0;1745715574;99.58;102.39;94.491;102.932;
1900-01-01 10:59:35;747.0;1745715575;99.626;102.298;94.609;102.932;
1900-01-01 10:59:36;748.0;1745715576;99.627;102.298;94.609;103.03;
1900-01-01 10:59:37;749.0;1745715577;99.627;102.287;94.69;103.019;
1900-01-01 10:59:38;750.0;1745715578;99.624;102.358;94.69;103.019;
1900-01-01 10:59:39;751.0;1745715579;99.744;102.358;94.741;103.041;
1900-01-01 10:59:40;752.0;1745715580;99.744;102.355;94.717;103.095;
1900-01-01 10:59:41;753.0;1745715581;99.68;102.304;94.717;103.095;
1900-01-01 10:59:42;754.0;1745715582;99.68;102.304;94.637;103.03;
1900-01-01 10:59:43;755.0;1745715583;99.703;102.315;94.559;103.03;
1900-01-01 10:59:44;756.0;1745715584;99.675;102.279;94.559;103.018;
1900-01-01 10:59:46;757.0;1745715586;99.735;102.279;94.646;102.929;
1900-01-01 10:59:46;758.0;1745715586;99.735;102.328;94.616;102.929;
1900-01-01 10:59:47;759.0;1745715587;99.69;102.35;94.616;102.955;
1900-01-01 10:59:48;760.0;1745715588;99.69;102.35;94.805;103.037;
1900-01-01 10:59:49;761.0;1745715589;99.599;102.285;94.837;103.037;
1900-01-01 10:59:50;762.0;1745715590;99.612;102.285;94.837;102.957;
1900-01-01 10:59:51;763.0;1745715591;99.612;102.266;94.841;102.997;
1900-01-01 10:59:52;764.0;1745715592;99.522;102.318;94.788;102.997;
1900-01-01 10:59:54;765.0;1745715594;99.475;102.325;94.788;102.968;
1900-01-01 10:59:54;766.0;1745715594;99.475;102.325;94.646;103.093;
1900-01-01 10:59:55;767.0;1745715595;99.461;102.316;94.611;103.093;
1900-01-01 10:59:57;768.0;1745715597;99.43;102.281;94.611;102.965;
1900-01-01 10:59:57;769.0;1745715597;99.43;102.281;94.48;102.983;
1900-01-01 10:59:58;770.0;1745715598;99.41;102.327;94.401;102.983;
1900-01-01 10:59:59;771.0;1745715599;99.476;102.327;94.401;103.008;
1900-01-01 11:00:00;772.0;1745715600;99.476;102.309;94.404;103.029;
1900-01-01 11:00:01;773.0;1745715601;99.477;102.219;94.404;103.029;
1900-01-01 11:00:02;774.0;1745715602;99.47;102.219;94.483;102.959;
1900-01-01 11:00:03;775.0;1745715603;99.47;102.296;94.529;102.959;
1900-01-01 11:00:04;776.0;1745715604;99.438;102.252;94.529;103.041;
1900-01-01 11:00:05;777.0;1745715605;99.405;102.252;94.323;103.02;
1900-01-01 11:00:06;778.0;1745715606;99.405;102.271;94.321;103.02;
1900-01-01 11:00:07;779.0;1745715607;99.461;102.288;94.321;102.997;
1900-01-01 11:00:08;780.0;1745715608;99.461;102.288;94.199;102.945;
1900-01-01 11:00:09;781.0;1745715609;99.506;102.282;94.352;102.945;
1900-01-01 11:00:10;782.0;1745715610;99.513;102.297;94.352;102.998;
1900-01-01 11:00:11;783.0;1745715611;99.513;102.297;94.336;102.915;
1900-01-01 11:00:12;784.0;1745715612;99.47;102.196;94.322;102.915;
1900-01-01 11:00:13;785.0;1745715613;99.589;102.258;94.322;102.898;
1900-01-01 11:00:14;786.0;1745715614;99.589;102.258;94.341;102.962;
1900-01-01 11:00:15;787.0;1745715615;99.503;102.244;94.341;102.962;
1900-01-01 11:00:16;788.0;1745715616;99.533;102.244;94.366;102.963;
1900-01-01 11:00:17;789.0;1745715617;99.533;102.25;94.311;102.934;
1900-01-01 11:00:18;790.0;1745715618;99.431;102.233;94.311;102.934;
1900-01-01 11:00:19;791.0;1745715619;99.465;102.233;94.317;102.983;
1900-01-01 11:00:20;792.0;1745715620;99.465;102.259;94.309;103.063;
1900-01-01 11:00:21;793.0;1745715621;99.471;102.265;94.397;103.063;
1900-01-01 11:00:22;794.0;1745715622;99.471;102.265;94.397;102.975;
1900-01-01 11:00:23;795.0;1745715623;99.496;102.258;94.31;102.951;
1900-01-01 11:00:24;796.0;1745715624;99.383;102.217;94.31;102.951;
1900-01-01 11:00:25;797.0;1745715625;99.435;102.217;94.269;103.021;
1900-01-01 11:00:27;798.0;1745715627;99.435;102.19;94.245;102.979;
1900-01-01 11:00:27;799.0;1745715627;99.352;102.186;94.245;102.979;
1900-01-01 11:00:28;800.0;1745715628;99.352;102.186;94.208;102.995;
1900-01-01 11:00:29;801.0;1745715629;99.51;102.169;94.27;103.129;
1900-01-01 11:00:30;802.0;1745715630;99.4;102.241;94.27;103.129;
1900-01-01 11:00:31;803.0;1745715631;99.4;102.241;94.399;103.062;
1900-01-01 11:00:32;804.0;1745715632;99.363;102.16;94.426;103.062;
1900-01-01 11:00:34;805.0;1745715634;99.384;102.12;94.426;103.122;
1900-01-01 11:00:34;806.0;1745715634;99.384;102.12;94.416;102.987;
1900-01-01 11:00:35;807.0;1745715635;99.541;102.174;94.534;102.987;
1900-01-01 11:00:36;808.0;1745715636;99.396;102.174;94.534;102.94;
1900-01-01 11:00:37;809.0;1745715637;99.396;102.209;94.515;103.035;
1900-01-01 11:00:38;810.0;1745715638;99.481;102.349;94.523;103.035;
1900-01-01 11:00:39;811.0;1745715639;99.359;102.349;94.523;103.077;
1900-01-01 11:00:40;812.0;1745715640;99.359;102.28;94.469;102.971;
1900-01-01 11:00:41;813.0;1745715641;99.36;102.206;94.482;102.971;
1900-01-01 11:00:42;814.0;1745715642;99.291;102.206;94.482;103.067;
1900-01-01 11:00:43;815.0;1745715643;99.291;102.277;94.424;103.003;
1900-01-01 11:00:44;816.0;1745715644;99.23;102.196;94.424;103.003;
1900-01-01 11:00:45;817.0;1745715645;99.23;102.196;94.383;103.056;
1900-01-01 11:00:46;818.0;1745715646;99.315;102.177;94.277;103.056;
1900-01-01 11:00:47;819.0;1745715647;99.258;102.271;94.277;103.011;
1900-01-01 11:00:48;820.0;1745715648;99.258;102.271;94.266;102.967;
1900-01-01 11:00:49;821.0;1745715649;99.35;102.247;94.152;102.967;
1900-01-01 11:00:51;822.0;1745715651;99.281;102.288;94.152;102.967;
1900-01-01 11:00:51;823.0;1745715651;99.281;102.288;94.01;103.076;
1900-01-01 11:00:52;824.0;1745715652;99.411;102.232;94.017;103.076;
1900-01-01 11:00:53;825.0;1745715653;99.441;102.232;94.017;102.996;
1900-01-01 11:00:54;826.0;1745715654;99.441;102.247;93.959;103.046;
1900-01-01 11:00:55;827.0;1745715655;99.369;102.246;94.054;103.046;
1900-01-01 11:00:56;828.0;1745715656;99.371;102.246;94.054;102.989;
1900-01-01 11:00:57;829.0;1745715657;99.371;102.206;94.113;102.986;
1900-01-01 11:00:58;830.0;1745715658;99.433;102.141;94.078;102.986;
1900-01-01 11:00:59;831.0;1745715659;99.358;102.141;94.078;103.019;
1900-01-01 11:01:00;832.0;1745715660;99.358;102.172;94.1;102.933;
1900-01-01 11:01:01;833.0;1745715661;99.413;102.112;94.1;102.933;
1900-01-01 11:01:02;834.0;1745715662;99.335;102.112;94.151;103.019;
1900-01-01 11:01:03;835.0;1745715663;99.335;102.138;94.113;102.965;
1900-01-01 11:01:04;836.0;1745715664;99.359;102.145;94.113;102.965;
1900-01-01 11:01:05;837.0;1745715665;99.332;102.145;94.107;102.9;
1900-01-01 11:01:06;838.0;1745715666;99.332;102.061;94.072;103.009;
1900-01-01 11:01:07;839.0;1745715667;99.41;102.103;94.072;103.009;
1900-01-01 11:01:08;840.0;1745715668;99.399;102.103;94.076;102.905;
1900-01-01 11:01:09;841.0;1745715669;99.399;102.108;94.005;102.905;
1900-01-01 11:01:10;842.0;1745715670;99.383;102.112;94.005;103.06;
1900-01-01 11:01:11;843.0;1745715671;99.383;102.112;94.039;103.088;
1900-01-01 11:01:12;844.0;1745715672;99.448;102.066;93.972;103.088;
1900-01-01 11:01:13;845.0;1745715673;99.325;102.087;93.972;102.98;
1900-01-01 11:01:14;846.0;1745715674;99.325;102.087;94.031;103.065;
1900-01-01 11:01:15;847.0;1745715675;99.325;102.118;94.092;103.065;
1900-01-01 11:01:16;848.0;1745715676;99.262;102.118;94.092;102.992;
1900-01-01 11:01:17;849.0;1745715677;99.262;102.063;94.215;103.051;
1900-01-01 11:01:18;850.0;1745715678;99.247;102.062;94.083;103.051;
1900-01-01 11:01:19;851.0;1745715679;99.193;102.062;94.083;102.948;
1900-01-01 11:01:20;852.0;1745715680;99.193;102.074;94.157;102.984;
1900-01-01 11:01:21;853.0;1745715681;99.114;101.993;94.157;102.984;
1900-01-01 11:01:23;854.0;1745715683;99.133;101.993;94.073;102.95;
1900-01-01 11:01:23;855.0;1745715683;99.133;102.073;94.173;103.04;
1900-01-01 11:01:24;856.0;1745715684;99.159;102.095;94.173;103.04;
1900-01-01 11:01:25;857.0;1745715685;99.159;102.095;94.153;102.972;
1900-01-01 11:01:26;858.0;1745715686;99.223;102.131;94.161;103.053;
1900-01-01 11:01:27;859.0;1745715687;99.222;102.041;94.161;103.053;
1900-01-01 11:01:28;860.0;1745715688;99.222;102.041;94.167;103.026;
1900-01-01 11:01:29;861.0;1745715689;99.126;102.055;94.038;103.026;
1900-01-01 11:01:31;862.0;1745715691;99.09;102.056;94.038;103.025;
1900-01-01 11:01:31;863.0;1745715691;99.09;102.056;93.972;103.091;
1900-01-01 11:01:32;864.0;1745715692;99.11;102.057;93.907;103.091;
1900-01-01 11:01:33;865.0;1745715693;99.198;102.07;93.907;103.068;
1900-01-01 11:01:34;866.0;1745715694;99.198;102.07;93.933;103.063;
1900-01-01 11:01:35;867.0;1745715695;99.166;102.06;93.932;103.063;
1900-01-01 11:01:36;868.0;1745715696;99.251;102.064;93.932;102.918;
1900-01-01 11:01:37;869.0;1745715697;99.251;102.064;93.966;103.034;
1900-01-01 11:01:38;870.0;1745715698;99.196;102.058;93.956;103.034;
1900-01-01 11:01:39;871.0;1745715699;99.201;102.058;93.956;102.952;
1900-01-01 11:01:40;872.0;1745715700;99.201;102.091;94.027;103.02;
1900-01-01 11:01:42;873.0;1745715702;99.278;102.083;94.001;103.02;
1900-01-01 11:01:42;874.0;1745715702;99.232;102.083;94.001;102.921;
1900-01-01 11:01:43;875.0;1745715703;99.232;102.089;93.938;103.004;
1900-01-01 11:01:44;876.0;1745715704;99.291;101.992;93.882;103.004;
1900-01-01 11:01:45;877.0;1745715705;99.171;101.992;93.882;103.048;
1900-01-01 11:01:46;878.0;1745715706;99.171;101.996;93.958;103.007;
1900-01-01 11:01:47;879.0;1745715707;99.181;101.968;93.958;103.007;
1900-01-01 11:01:48;880.0;1745715708;99.181;101.968;94.033;103.033;
1900-01-01 11:01:49;881.0;1745715709;99.172;102.09;94.077;103.033;
1900-01-01 11:01:50;882.0;1745715710;99.198;101.908;94.077;102.937;
1900-01-01 11:01:51;883.0;1745715711;99.223;101.908;94.079;103.019;
1900-01-01 11:01:52;884.0;1745715712;99.223;101.908;94.105;103.019;
1900-01-01 11:01:53;885.0;1745715713;99.208;102.018;94.105;103.024;
1900-01-01 11:01:54;886.0;1745715714;99.208;102.018;94.128;102.972;
1900-01-01 11:01:55;887.0;1745715715;99.346;101.974;94.228;102.972;
1900-01-01 11:01:56;888.0;1745715716;99.322;101.974;94.228;102.996;
1900-01-01 11:01:57;889.0;1745715717;99.322;101.914;94.186;102.994;
1900-01-01 11:01:58;890.0;1745715718;99.333;101.988;94.194;102.994;
1900-01-01 11:01:59;891.0;1745715719;99.34;101.988;94.194;103.032;
1900-01-01 11:02:00;892.0;1745715720;99.34;101.975;94.012;102.93;
1900-01-01 11:02:01;893.0;1745715721;99.297;101.998;94.012;102.93;
1900-01-01 11:02:02;894.0;1745715722;99.361;101.998;93.948;102.976;
1900-01-01 11:02:03;895.0;1745715723;99.361;102.034;93.809;103.033;
1900-01-01 11:02:04;896.0;1745715724;99.234;101.936;93.809;103.033;
1900-01-01 11:02:05;897.0;1745715725;99.237;101.936;93.705;102.985;
1900-01-01 11:02:06;898.0;1745715726;99.237;102.057;93.595;102.908;
1900-01-01 11:02:07;899.0;1745715727;99.182;102.027;93.595;102.908;
1900-01-01 11:02:08;900.0;1745715728;99.182;102.027;93.81;103.029;
1900-01-01 11:02:09;901.0;1745715729;99.159;102.0;93.836;103.008;
1900-01-01 11:02:10;902.0;1745715730;98.92;101.919;93.836;103.008;
1900-01-01 11:02:11;903.0;1745715731;98.92;101.919;93.754;103.078;
1900-01-01 11:02:12;904.0;1745715732;98.972;101.985;93.762;103.078;
1900-01-01 11:02:13;905.0;1745715733;99.014;101.964;93.762;103.001;
1900-01-01 11:02:14;906.0;1745715734;99.037;101.964;93.781;102.957;
1900-01-01 11:02:15;907.0;1745715735;99.037;101.902;93.901;102.957;
1900-01-01 11:02:16;908.0;1745715736;98.918;102.038;93.901;103.046;
1900-01-01 11:02:17;909.0;1745715737;98.918;102.038;93.745;103.068;
1900-01-01 11:02:18;910.0;1745715738;98.912;102.016;93.868;103.068;
1900-01-01 11:02:19;911.0;1745715739;98.952;101.994;93.868;102.966;
1900-01-01 11:02:20;912.0;1745715740;98.952;101.994;93.713;102.975;
1900-01-01 11:02:21;913.0;1745715741;98.928;101.966;93.706;102.975;
1900-01-01 11:02:22;914.0;1745715742;98.906;101.966;93.706;103.019;
1900-01-01 11:02:23;915.0;1745715743;98.906;101.984;93.721;102.986;
1900-01-01 11:02:24;916.0;1745715744;98.889;101.982;93.721;102.986;
1900-01-01 11:02:25;917.0;1745715745;98.886;101.982;93.71;103.035;
1900-01-01 11:02:26;918.0;1745715746;98.886;101.885;93.692;102.999;
1900-01-01 11:02:27;919.0;1745715747;98.923;101.968;93.692;102.999;
1900-01-01 11:02:28;920.0;1745715748;98.823;101.968;93.613;102.992;
1900-01-01 11:02:29;921.0;1745715749;98.823;101.874;93.55;102.983;
1900-01-01 11:02:30;922.0;1745715750;98.874;101.931;93.55;102.983;
1900-01-01 11:02:31;923.0;1745715751;98.961;101.931;93.521;102.939;
1900-01-01 11:02:32;924.0;1745715752;98.961;101.92;93.595;102.969;
1900-01-01 11:02:33;925.0;1745715753;98.919;101.976;93.595;102.969;
1900-01-01 11:02:34;926.0;1745715754;98.978;101.976;93.572;102.982;
1900-01-01 11:02:35;927.0;1745715755;98.978;101.91;93.624;102.981;
1900-01-01 11:02:36;928.0;1745715756;99.004;101.978;93.624;102.981;
1900-01-01 11:02:37;929.0;1745715757;99.004;101.978;93.554;102.949;
1900-01-01 11:02:38;930.0;1745715758;98.972;101.841;93.525;102.962;
1900-01-01 11:02:39;931.0;1745715759;98.942;101.945;93.525;102.962;
1900-01-01 11:02:40;932.0;1745715760;98.942;101.945;93.618;103.001;
1900-01-01 11:02:41;933.0;1745715761;98.982;101.978;93.513;103.001;
1900-01-01 11:02:42;934.0;1745715762;98.902;101.957;93.513;103.024;
1900-01-01 11:02:43;935.0;1745715763;98.902;101.957;93.549;102.936;
1900-01-01 11:02:44;936.0;1745715764;98.913;101.778;93.59;102.936;
1900-01-01 11:02:45;937.0;1745715765;98.858;101.778;93.59;102.958;
1900-01-01 11:02:46;938.0;1745715766;98.858;101.839;93.515;103.016;
1900-01-01 11:02:47;939.0;1745715767;98.945;101.895;93.55;103.016;
1900-01-01 11:02:48;940.0;1745715768;98.936;101.895;93.55;102.948;
1900-01-01 11:02:49;941.0;1745715769;98.936;101.93;93.624;102.933;
1900-01-01 11:02:51;942.0;1745715771;98.918;101.917;93.607;102.933;
1900-01-01 11:02:51;943.0;1745715771;98.924;101.917;93.607;103.029;
1900-01-01 11:02:52;944.0;1745715772;98.924;101.891;93.638;103.007;
1900-01-01 11:02:53;945.0;1745715773;98.97;101.83;93.61;103.007;
1900-01-01 11:02:54;946.0;1745715774;98.953;101.83;93.61;102.955;
1900-01-01 11:02:55;947.0;1745715775;98.953;101.896;93.634;103.023;
1900-01-01 11:02:57;948.0;1745715777;98.973;101.856;93.537;103.023;
1900-01-01 11:02:57;949.0;1745715777;98.973;101.856;93.537;103.035;
1900-01-01 11:02:58;950.0;1745715778;98.941;101.789;93.497;103.017;
1900-01-01 11:02:59;951.0;1745715779;99.01;101.913;93.497;103.017;
1900-01-01 11:03:00;952.0;1745715780;99.01;101.913;93.514;103.052;
1900-01-01 11:03:01;953.0;1745715781;98.963;101.873;93.58;103.052;
1900-01-01 11:03:02;954.0;1745715782;99.058;101.815;93.58;103.054;
1900-01-01 11:03:04;955.0;1745715784;99.033;101.815;93.479;102.969;
1900-01-01 11:03:04;956.0;1745715784;99.033;101.85;93.472;102.969;
1900-01-01 11:03:05;957.0;1745715785;99.05;101.903;93.472;103.067;
1900-01-01 11:03:06;958.0;1745715786;99.05;101.903;93.419;102.979;
1900-01-01 11:03:07;959.0;1745715787;99.063;101.789;93.482;102.979;
1900-01-01 11:03:08;960.0;1745715788;99.051;101.814;93.482;103.026;
1900-01-01 11:03:09;961.0;1745715789;99.051;101.814;93.448;102.977;
1900-01-01 11:03:10;962.0;1745715790;98.956;101.902;93.524;102.977;
1900-01-01 11:03:11;963.0;1745715791;98.934;101.902;93.524;103.065;
1900-01-01 11:03:12;964.0;1745715792;98.934;101.758;93.535;103.04;
1900-01-01 11:03:13;965.0;1745715793;98.902;101.827;93.535;103.04;
1900-01-01 11:03:14;966.0;1745715794;98.865;101.827;93.492;102.96;
1900-01-01 11:03:15;967.0;1745715795;98.865;101.695;93.471;102.96;
1900-01-01 11:03:16;968.0;1745715796;98.745;101.766;93.471;102.982;
1900-01-01 11:03:17;969.0;1745715797;98.686;101.766;93.557;102.971;
1900-01-01 11:03:18;970.0;1745715798;98.686;101.779;93.549;103.038;
1900-01-01 11:03:19;971.0;1745715799;98.693;101.734;93.549;103.038;
1900-01-01 11:03:20;972.0;1745715800;98.693;101.734;93.605;102.976;
1900-01-01 11:03:21;973.0;1745715801;98.701;101.767;93.432;103.043;
1900-01-01 11:03:23;974.0;1745715803;98.711;101.793;93.432;103.043;
1900-01-01 11:03:23;975.0;1745715803;98.711;101.793;93.479;102.999;
1900-01-01 11:03:24;976.0;1745715804;98.794;101.751;93.465;102.999;
1900-01-01 11:03:25;977.0;1745715805;98.771;101.782;93.465;102.923;
1900-01-01 11:03:26;978.0;1745715806;98.852;101.782;93.436;103.125;
1900-01-01 11:03:27;979.0;1745715807;98.852;101.778;93.361;103.125;
1900-01-01 11:03:28;980.0;1745715808;98.786;101.699;93.361;102.983;
1900-01-01 11:03:29;981.0;1745715809;98.786;101.699;93.356;103.006;
1900-01-01 11:03:30;982.0;1745715810;98.77;101.766;93.305;103.006;
1900-01-01 11:03:31;983.0;1745715811;98.77;101.766;93.305;102.963;
1900-01-01 11:03:32;984.0;1745715812;98.77;101.784;93.289;103.001;
1900-01-01 11:03:33;985.0;1745715813;98.743;101.77;93.348;103.001;
1900-01-01 11:03:34;986.0;1745715814;98.739;101.77;93.348;103.074;
1900-01-01 11:03:35;987.0;1745715815;98.739;101.721;93.364;102.987;
1900-01-01 11:03:36;988.0;1745715816;98.785;101.828;93.364;102.987;
1900-01-01 11:03:37;989.0;1745715817;98.831;101.828;93.368;103.065;
1900-01-01 11:03:38;990.0;1745715818;98.831;101.748;93.323;102.977;
1900-01-01 11:03:39;991.0;1745715819;98.771;101.706;93.323;102.977;
1900-01-01 11:03:40;992.0;1745715820;98.745;101.706;93.371;102.998;
1900-01-01 11:03:41;993.0;1745715821;98.745;101.695;93.375;102.998;
1900-01-01 11:03:42;994.0;1745715822;98.713;101.749;93.375;103.067;
1900-01-01 11:03:43;995.0;1745715823;98.696;101.749;93.385;103.055;
1900-01-01 11:03:44;996.0;1745715824;98.696;101.818;93.241;103.055;
1900-01-01 11:03:45;997.0;1745715825;98.675;101.792;93.241;103.058;
1900-01-01 11:03:46;998.0;1745715826;98.675;101.792;93.197;103.107;
1900-01-01 11:03:47;999.0;1745715827;98.601;101.765;93.074;103.107;
1900-01-01 11:03:48;1000.0;1745715828;98.616;101.765;93.074;103.065;
1900-01-01 11:03:49;1001.0;1745715829;98.616;101.745;93.181;102.993;
1900-01-01 11:03:50;1002.0;1745715830;98.666;101.757;93.181;102.993;
1900-01-01 11:03:51;1003.0;1745715831;98.646;101.757;93.177;103.033;
1900-01-01 11:03:52;1004.0;1745715832;98.646;101.719;93.218;103.005;
1900-01-01 11:03:53;1005.0;1745715833;98.661;101.852;93.218;103.005;
1900-01-01 11:03:54;1006.0;1745715834;98.774;101.852;93.161;103.154;
1900-01-01 11:03:55;1007.0;1745715835;98.774;101.739;93.279;103.088;
1900-01-01 11:03:56;1008.0;1745715836;98.721;101.707;93.279;103.088;
1900-01-01 11:03:57;1009.0;1745715837;98.759;101.707;93.272;103.079;
1900-01-01 11:03:58;1010.0;1745715838;98.759;101.713;93.302;103.06;
1900-01-01 11:03:59;1011.0;1745715839;98.792;101.685;93.302;103.06;
1900-01-01 11:04:00;1012.0;1745715840;98.792;101.685;93.224;103.067;
1900-01-01 11:04:01;1013.0;1745715841;98.689;101.705;93.265;103.067;
1900-01-01 11:04:02;1014.0;1745715842;98.746;101.662;93.265;103.069;
1900-01-01 11:04:03;1015.0;1745715843;98.746;101.662;93.162;103.035;
1900-01-01 11:04:04;1016.0;1745715844;98.728;101.672;93.053;103.035;
1900-01-01 11:04:05;1017.0;1745715845;98.671;101.759;93.053;103.07;
1900-01-01 11:04:06;1018.0;1745715846;98.613;101.759;93.15;103.17;
1900-01-01 11:04:07;1019.0;1745715847;98.613;101.725;93.161;103.17;
1900-01-01 11:04:08;1020.0;1745715848;98.642;101.701;93.161;102.98;
1900-01-01 11:04:09;1021.0;1745715849;98.642;101.701;93.215;103.088;
1900-01-01 11:04:10;1022.0;1745715850;98.612;101.704;93.16;103.097;
1900-01-01 11:04:11;1023.0;1745715851;98.706;101.662;93.16;103.097;
1900-01-01 11:04:12;1024.0;1745715852;98.706;101.662;93.258;103.079;
1900-01-01 11:04:13;1025.0;1745715853;98.808;101.645;93.129;103.079;
1900-01-01 11:04:14;1026.0;1745715854;98.672;101.517;93.129;102.953;
1900-01-01 11:04:15;1027.0;1745715855;98.74;101.517;93.259;103.05;
1900-01-01 11:04:16;1028.0;1745715856;98.74;101.526;93.211;103.05;
1900-01-01 11:04:17;1029.0;1745715857;98.774;101.481;93.211;103.002;
1900-01-01 11:04:18;1030.0;1745715858;98.774;101.481;93.293;103.097;
1900-01-01 11:04:19;1031.0;1745715859;98.757;101.539;93.252;103.097;
1900-01-01 11:04:20;1032.0;1745715860;98.885;101.509;93.252;103.076;
1900-01-01 11:04:21;1033.0;1745715861;98.835;101.509;93.332;103.064;
1900-01-01 11:04:22;1034.0;1745715862;98.835;101.57;93.18;103.064;
1900-01-01 11:04:23;1035.0;1745715863;98.728;101.567;93.18;103.1;
1900-01-01 11:04:24;1036.0;1745715864;98.728;101.567;93.111;103.019;
1900-01-01 11:04:25;1037.0;1745715865;98.696;101.585;93.195;103.019;
1900-01-01 11:04:26;1038.0;1745715866;98.581;101.585;93.195;103.024;
1900-01-01 11:04:27;1039.0;1745715867;98.581;101.617;93.12;103.036;
1900-01-01 11:04:28;1040.0;1745715868;98.634;101.51;93.087;103.036;
1900-01-01 11:04:29;1041.0;1745715869;98.636;101.51;93.087;103.047;
1900-01-01 11:04:30;1042.0;1745715870;98.636;101.607;93.049;102.947;
1900-01-01 11:04:31;1043.0;1745715871;98.623;101.522;93.065;102.947;
1900-01-01 11:04:32;1044.0;1745715872;98.532;101.522;93.065;103.077;
1900-01-01 11:04:33;1045.0;1745715873;98.532;101.527;93.198;103.074;
1900-01-01 11:04:34;1046.0;1745715874;98.506;101.547;93.198;103.074;
1900-01-01 11:04:35;1047.0;1745715875;98.414;101.547;93.162;102.989;
1900-01-01 11:04:36;1048.0;1745715876;98.414;101.556;93.047;103.129;
1900-01-01 11:04:37;1049.0;1745715877;98.52;101.543;92.929;103.129;
1900-01-01 11:04:38;1050.0;1745715878;98.438;101.543;92.929;103.041;
1900-01-01 11:04:39;1051.0;1745715879;98.438;101.562;92.9;102.956;
1900-01-01 11:04:40;1052.0;1745715880;98.469;101.545;92.9;102.956;
1900-01-01 11:04:41;1053.0;1745715881;98.403;101.545;92.815;102.973;
1900-01-01 11:04:42;1054.0;1745715882;98.403;101.503;92.787;102.973;
1900-01-01 11:04:43;1055.0;1745715883;98.454;101.608;92.787;103.034;
1900-01-01 11:04:44;1056.0;1745715884;98.354;101.608;92.809;102.988;
1900-01-01 11:04:45;1057.0;1745715885;98.354;101.544;92.899;102.988;
1900-01-01 11:04:46;1058.0;1745715886;98.388;101.561;92.899;102.994;
1900-01-01 11:04:47;1059.0;1745715887;98.341;101.561;92.972;103.032;
1900-01-01 11:04:48;1060.0;1745715888;98.341;101.526;92.985;103.032;
1900-01-01 11:04:49;1061.0;1745715889;98.363;101.51;92.985;102.974;
1900-01-01 11:04:50;1062.0;1745715890;98.363;101.51;93.068;102.99;
1900-01-01 11:04:51;1063.0;1745715891;98.404;101.463;93.133;102.99;
1900-01-01 11:04:52;1064.0;1745715892;98.352;101.463;93.133;102.99;
1900-01-01 11:04:53;1065.0;1745715893;98.352;101.448;93.058;102.992;
1900-01-01 11:04:54;1066.0;1745715894;98.412;101.526;92.99;102.992;
1900-01-01 11:04:55;1067.0;1745715895;98.441;101.526;92.99;103.06;
1900-01-01 11:04:56;1068.0;1745715896;98.441;101.438;92.878;102.945;
1900-01-01 11:04:57;1069.0;1745715897;98.492;101.411;92.878;102.945;
1900-01-01 11:04:58;1070.0;1745715898;98.528;101.411;92.886;103.079;
1900-01-01 11:04:59;1071.0;1745715899;98.528;101.415;92.935;103.028;
1900-01-01 11:05:00;1072.0;1745715900;98.56;101.373;92.935;103.028;
1900-01-01 11:05:01;1073.0;1745715901;98.498;101.373;92.735;102.849;
1900-01-01 11:05:02;1074.0;1745715902;98.498;101.462;92.774;102.952;
1900-01-01 11:05:03;1075.0;1745715903;98.501;101.503;92.774;102.952;
1900-01-01 11:05:04;1076.0;1745715904;98.491;101.503;92.695;103.073;
1900-01-01 11:05:05;1077.0;1745715905;98.491;101.423;92.826;103.003;
1900-01-01 11:05:06;1078.0;1745715906;98.48;101.417;92.791;103.003;
1900-01-01 11:05:08;1079.0;1745715908;98.516;101.417;92.791;102.948;
1900-01-01 11:05:08;1080.0;1745715908;98.516;101.427;92.856;103.044;
1900-01-01 11:05:09;1081.0;1745715909;98.42;101.446;92.802;103.044;
1900-01-01 11:05:10;1082.0;1745715910;98.42;101.446;92.802;103.038;
1900-01-01 11:05:11;1083.0;1745715911;98.446;101.399;92.942;103.022;
1900-01-01 11:05:12;1084.0;1745715912;98.415;101.43;92.942;103.022;
1900-01-01 11:05:13;1085.0;1745715913;98.415;101.43;92.836;102.974;
1900-01-01 11:05:14;1086.0;1745715914;98.349;101.349;92.878;103.043;
1900-01-01 11:05:15;1087.0;1745715915;98.245;101.388;92.878;103.043;
1900-01-01 11:05:16;1088.0;1745715916;98.245;101.388;92.868;103.072;
1900-01-01 11:05:17;1089.0;1745715917;98.403;101.395;92.881;103.072;
1900-01-01 11:05:19;1090.0;1745715919;98.341;101.411;92.881;102.976;
1900-01-01 11:05:19;1091.0;1745715919;98.341;101.411;92.875;103.033;
1900-01-01 11:05:20;1092.0;1745715920;98.34;101.358;92.863;103.033;
1900-01-01 11:05:21;1093.0;1745715921;98.432;101.358;92.863;102.981;
1900-01-01 11:05:22;1094.0;1745715922;98.432;101.397;92.733;102.966;
1900-01-01 11:05:23;1095.0;1745715923;98.33;101.389;92.784;102.966;
1900-01-01 11:05:24;1096.0;1745715924;98.41;101.389;92.784;102.996;
1900-01-01 11:05:25;1097.0;1745715925;98.41;101.337;92.784;103.1;
1900-01-01 11:05:26;1098.0;1745715926;98.387;101.292;92.737;103.1;
1900-01-01 11:05:27;1099.0;1745715927;98.391;101.292;92.737;102.988;
1900-01-01 11:05:28;1100.0;1745715928;98.391;101.416;92.64;103.047;
1900-01-01 11:05:29;1101.0;1745715929;98.245;101.28;92.64;103.047;
1900-01-01 11:05:30;1102.0;1745715930;98.204;101.28;92.637;102.938;
1900-01-01 11:05:31;1103.0;1745715931;98.204;101.369;92.582;102.977;
1900-01-01 11:05:32;1104.0;1745715932;98.335;101.453;92.582;102.977;
1900-01-01 11:05:33;1105.0;1745715933;98.335;101.453;92.692;103.087;
1900-01-01 11:05:34;1106.0;1745715934;98.339;101.32;92.667;103.087;
1900-01-01 11:05:35;1107.0;1745715935;98.233;101.327;92.667;103.115;
1900-01-01 11:05:36;1108.0;1745715936;98.239;101.327;92.737;102.995;
1900-01-01 11:05:37;1109.0;1745715937;98.239;101.361;92.699;102.995;
1900-01-01 11:05:38;1110.0;1745715938;98.307;101.417;92.699;102.986;
1900-01-01 11:05:39;1111.0;1745715939;98.307;101.417;92.738;103.006;
1900-01-01 11:05:40;1112.0;1745715940;98.292;101.373;92.798;103.006;
1900-01-01 11:05:41;1113.0;1745715941;98.254;101.336;92.798;102.932;
1900-01-01 11:05:42;1114.0;1745715942;98.254;101.336;92.703;103.03;
1900-01-01 11:05:43;1115.0;1745715943;98.176;101.335;92.676;103.03;
1900-01-01 11:05:44;1116.0;1745715944;98.118;101.335;92.676;102.99;
1900-01-01 11:05:45;1117.0;1745715945;98.118;101.34;92.678;103.042;
1900-01-01 11:05:46;1118.0;1745715946;98.163;101.266;92.678;103.042;
1900-01-01 11:05:47;1119.0;1745715947;98.183;101.266;92.727;102.977;
1900-01-01 11:05:48;1120.0;1745715948;98.183;101.256;92.747;103.021;
1900-01-01 11:05:49;1121.0;1745715949;98.219;101.293;92.644;103.021;
1900-01-01 11:05:50;1122.0;1745715950;98.229;101.293;92.644;103.036;
1900-01-01 11:05:51;1123.0;1745715951;98.229;101.36;92.558;102.947;
1900-01-01 11:05:52;1124.0;1745715952;98.233;101.263;92.558;102.947;
1900-01-01 11:05:53;1125.0;1745715953;98.363;101.263;92.487;103.065;
1900-01-01 11:05:54;1126.0;1745715954;98.363;101.318;92.38;102.973;
1900-01-01 11:05:55;1127.0;1745715955;98.303;101.167;92.38;102.973;
1900-01-01 11:05:57;1128.0;1745715957;98.319;101.167;92.42;102.964;
1900-01-01 11:05:57;1129.0;1745715957;98.319;101.198;92.446;103.032;
1900-01-01 11:05:58;1130.0;1745715958;98.269;101.314;92.446;103.032;
1900-01-01 11:05:59;1131.0;1745715959;98.269;101.314;92.34;102.997;
1900-01-01 11:06:00;1132.0;1745715960;98.303;101.283;92.443;102.997;
1900-01-01 11:06:01;1133.0;1745715961;98.135;101.269;92.443;102.99;
1900-01-01 11:06:02;1134.0;1745715962;98.135;101.269;92.377;103.039;
1900-01-01 11:06:03;1135.0;1745715963;98.167;101.381;92.476;103.039;
1900-01-01 11:06:04;1136.0;1745715964;98.214;101.381;92.476;103.018;
1900-01-01 11:06:05;1137.0;1745715965;98.214;101.282;92.461;103.06;
1900-01-01 11:06:06;1138.0;1745715966;98.095;101.342;92.467;103.06;
1900-01-01 11:06:07;1139.0;1745715967;98.163;101.342;92.467;103.018;
1900-01-01 11:06:08;1140.0;1745715968;98.163;101.39;92.474;103.006;
1900-01-01 11:06:09;1141.0;1745715969;98.16;101.32;92.524;103.006;
1900-01-01 11:06:10;1142.0;1745715970;98.157;101.252;92.524;103.079;
1900-01-01 11:06:11;1143.0;1745715971;98.157;101.252;92.654;103.037;
1900-01-01 11:06:12;1144.0;1745715972;98.019;101.325;92.647;103.037;
1900-01-01 11:06:13;1145.0;1745715973;98.102;101.325;92.647;103.034;
1900-01-01 11:06:15;1146.0;1745715975;98.102;101.333;92.688;103.0;
1900-01-01 11:06:15;1147.0;1745715975;97.994;101.267;92.585;103.0;
1900-01-01 11:06:16;1148.0;1745715976;98.01;101.267;92.585;103.09;
1900-01-01 11:06:17;1149.0;1745715977;98.01;101.232;92.67;103.012;
1900-01-01 11:06:18;1150.0;1745715978;98.045;101.322;92.67;103.012;
1900-01-01 11:06:19;1151.0;1745715979;98.058;101.322;92.624;102.967;
1900-01-01 11:06:20;1152.0;1745715980;98.058;101.323;92.602;103.078;
1900-01-01 11:06:21;1153.0;1745715981;98.147;101.307;92.602;103.078;
1900-01-01 11:06:22;1154.0;1745715982;98.147;101.307;92.487;102.925;
1900-01-01 11:06:23;1155.0;1745715983;98.054;101.278;92.38;103.014;
1900-01-01 11:06:24;1156.0;1745715984;98.186;101.311;92.38;103.014;
1900-01-01 11:06:25;1157.0;1745715985;98.186;101.311;92.378;103.006;
1900-01-01 11:06:26;1158.0;1745715986;98.048;101.265;92.334;103.006;
1900-01-01 11:06:27;1159.0;1745715987;97.969;101.28;92.334;102.905;
1900-01-01 11:06:28;1160.0;1745715988;97.969;101.28;92.357;103.019;
1900-01-01 11:06:29;1161.0;1745715989;98.039;101.196;92.25;103.019;
1900-01-01 11:06:30;1162.0;1745715990;98.002;101.155;92.25;102.957;
1900-01-01 11:06:31;1163.0;1745715991;98.002;101.155;92.219;102.989;
1900-01-01 11:06:32;1164.0;1745715992;98.011;101.2;92.324;102.989;
1900-01-01 11:06:33;1165.0;1745715993;97.988;101.2;92.324;102.897;
1900-01-01 11:06:35;1166.0;1745715995;97.988;101.25;92.305;103.006;
1900-01-01 11:06:35;1167.0;1745715995;98.084;101.227;92.305;103.006;
1900-01-01 11:06:36;1168.0;1745715996;98.026;101.227;92.321;102.939;
1900-01-01 11:06:37;1169.0;1745715997;98.026;101.227;92.206;103.036;
1900-01-01 11:06:38;1170.0;1745715998;98.011;101.217;92.206;103.036;
1900-01-01 11:06:39;1171.0;1745715999;98.039;101.217;92.187;102.92;
1900-01-01 11:06:40;1172.0;1745716000;98.039;101.095;92.241;103.037;
1900-01-01 11:06:42;1173.0;1745716002;98.097;101.168;92.241;103.037;
1900-01-01 11:06:42;1174.0;1745716002;98.097;101.168;92.176;102.957;
1900-01-01 11:06:43;1175.0;1745716003;98.132;101.127;92.086;102.957;
1900-01-01 11:06:44;1176.0;1745716004;98.06;101.079;92.086;102.931;
1900-01-01 11:06:46;1177.0;1745716006;98.056;101.079;92.158;102.93;
1900-01-01 11:06:46;1178.0;1745716006;98.056;101.081;92.106;102.93;
1900-01-01 11:06:47;1179.0;1745716007;98.024;101.074;92.106;102.943;
1900-01-01 11:06:48;1180.0;1745716008;98.043;101.074;92.113;102.955;
1900-01-01 11:06:49;1181.0;1745716009;98.043;101.136;92.153;102.955;
1900-01-01 11:06:50;1182.0;1745716010;98.009;101.077;92.153;102.913;
1900-01-01 11:06:51;1183.0;1745716011;98.065;101.077;92.209;102.954;
1900-01-01 11:06:52;1184.0;1745716012;98.065;101.069;92.216;102.956;
1900-01-01 11:06:53;1185.0;1745716013;98.04;101.08;92.216;102.956;
1900-01-01 11:06:54;1186.0;1745716014;98.04;101.08;92.352;103.037;
1900-01-01 11:06:55;1187.0;1745716015;98.009;101.116;92.344;103.037;
1900-01-01 11:06:56;1188.0;1745716016;97.905;101.116;92.344;103.017;
1900-01-01 11:06:57;1189.0;1745716017;97.905;101.068;92.346;102.986;
1900-01-01 11:06:58;1190.0;1745716018;97.872;101.079;92.305;102.986;
1900-01-01 11:06:59;1191.0;1745716019;97.906;101.079;92.305;102.965;
1900-01-01 11:07:00;1192.0;1745716020;97.906;101.14;92.201;103.029;
1900-01-01 11:07:02;1193.0;1745716022;97.878;101.099;92.221;103.029;
1900-01-01 11:07:02;1194.0;1745716022;97.915;101.099;92.221;102.972;
1900-01-01 11:07:03;1195.0;1745716023;97.915;101.097;92.164;102.939;
1900-01-01 11:07:04;1196.0;1745716024;97.954;101.07;92.164;102.939;
1900-01-01 11:07:05;1197.0;1745716025;98.137;101.07;92.159;102.95;
1900-01-01 11:07:06;1198.0;1745716026;98.137;101.045;92.141;103.057;
1900-01-01 11:07:07;1199.0;1745716027;98.131;101.056;92.169;103.057;
1900-01-01 11:07:08;1200.0;1745716028;98.189;101.056;92.169;102.921;
