Time;Seconds from start for linreg;Unix Time;ch1 po2;ch2 po2;ch3 po2;ch4 po2;
1900-01-01 12:52:10;1.0;1745722330;101.549;103.247;98.164;102.136;
1900-01-01 12:52:11;2.0;1745722331;101.549;103.247;98.093;102.148;
1900-01-01 12:52:12;3.0;1745722332;101.496;103.183;98.067;102.148;
1900-01-01 12:52:13;4.0;1745722333;101.55;103.183;98.067;102.083;
1900-01-01 12:52:14;5.0;1745722334;101.55;103.284;97.995;102.085;
1900-01-01 12:52:15;6.0;1745722335;101.583;103.272;97.982;102.085;
1900-01-01 12:52:16;7.0;1745722336;101.574;103.272;97.982;102.062;
1900-01-01 12:52:17;8.0;1745722337;101.574;103.314;97.997;102.092;
1900-01-01 12:52:18;9.0;1745722338;101.564;103.243;97.981;102.092;
1900-01-01 12:52:19;10.0;1745722339;101.559;103.243;97.981;102.132;
1900-01-01 12:52:20;11.0;1745722340;101.559;103.322;97.94;102.093;
1900-01-01 12:52:21;12.0;1745722341;101.601;103.27;97.94;102.093;
1900-01-01 12:52:22;13.0;1745722342;101.583;103.27;97.923;102.006;
1900-01-01 12:52:23;14.0;1745722343;101.583;103.328;97.982;102.006;
1900-01-01 12:52:24;15.0;1745722344;101.614;103.319;97.982;102.088;
1900-01-01 12:52:25;16.0;1745722345;101.614;103.319;97.992;102.157;
1900-01-01 12:52:26;17.0;1745722346;101.616;103.332;98.103;102.157;
1900-01-01 12:52:27;18.0;1745722347;101.641;103.212;98.103;102.073;
1900-01-01 12:52:28;19.0;1745722348;101.641;103.212;98.095;102.111;
1900-01-01 12:52:29;20.0;1745722349;101.74;103.338;98.063;102.111;
1900-01-01 12:52:30;21.0;1745722350;101.703;103.338;98.063;102.118;
1900-01-01 12:52:31;22.0;1745722351;101.703;103.319;98.048;102.062;
1900-01-01 12:52:32;23.0;1745722352;101.72;103.303;98.027;102.062;
1900-01-01 12:52:34;24.0;1745722354;101.751;103.368;98.027;102.186;
1900-01-01 12:52:34;25.0;1745722354;101.751;103.368;98.07;102.212;
1900-01-01 12:52:35;26.0;1745722355;101.786;103.268;98.148;102.212;
1900-01-01 12:52:36;27.0;1745722356;101.691;103.268;98.148;102.141;
1900-01-01 12:52:37;28.0;1745722357;101.691;103.308;98.078;102.158;
1900-01-01 12:52:38;29.0;1745722358;101.698;103.289;98.108;102.158;
1900-01-01 12:52:39;30.0;1745722359;101.688;103.289;98.108;102.212;
1900-01-01 12:52:40;31.0;1745722360;101.688;103.295;98.07;102.134;
1900-01-01 12:52:41;32.0;1745722361;101.703;103.36;98.013;102.134;
1900-01-01 12:52:42;33.0;1745722362;101.702;103.36;98.013;102.19;
1900-01-01 12:52:43;34.0;1745722363;101.702;103.366;98.07;102.173;
1900-01-01 12:52:44;35.0;1745722364;101.711;103.283;98.07;102.173;
1900-01-01 12:52:45;36.0;1745722365;101.701;103.283;98.07;102.164;
1900-01-01 12:52:46;37.0;1745722366;101.701;103.333;98.09;102.155;
1900-01-01 12:52:47;38.0;1745722367;101.712;103.269;98.09;102.155;
1900-01-01 12:52:48;39.0;1745722368;101.695;103.269;98.026;102.094;
1900-01-01 12:52:49;40.0;1745722369;101.695;103.242;97.93;102.11;
1900-01-01 12:52:50;41.0;1745722370;101.673;103.297;97.93;102.11;
1900-01-01 12:52:51;42.0;1745722371;101.637;103.297;98.066;102.111;
1900-01-01 12:52:52;43.0;1745722372;101.637;103.263;98.064;102.111;
1900-01-01 12:52:53;44.0;1745722373;101.63;103.311;98.064;102.098;
1900-01-01 12:52:54;45.0;1745722374;101.629;103.311;98.048;102.125;
1900-01-01 12:52:55;46.0;1745722375;101.629;103.261;98.07;102.125;
1900-01-01 12:52:56;47.0;1745722376;101.605;103.322;98.07;102.122;
1900-01-01 12:52:57;48.0;1745722377;101.605;103.322;98.11;102.12;
1900-01-01 12:52:58;49.0;1745722378;101.569;103.276;98.01;102.12;
1900-01-01 12:52:59;50.0;1745722379;101.593;103.276;98.01;102.171;
1900-01-01 12:53:00;51.0;1745722380;101.593;103.37;98.085;102.18;
1900-01-01 12:53:01;52.0;1745722381;101.642;103.334;98.085;102.18;
1900-01-01 12:53:02;53.0;1745722382;101.593;103.334;98.02;102.121;
1900-01-01 12:53:03;54.0;1745722383;101.593;103.343;97.959;102.076;
1900-01-01 12:53:05;55.0;1745722385;101.654;103.263;98.08;102.076;
1900-01-01 12:53:05;56.0;1745722385;101.64;103.263;98.08;102.145;
1900-01-01 12:53:06;57.0;1745722386;101.64;103.331;97.986;102.119;
1900-01-01 12:53:08;58.0;1745722388;101.65;103.215;98.045;102.119;
1900-01-01 12:53:08;59.0;1745722388;101.65;103.215;98.045;102.119;
1900-01-01 12:53:09;60.0;1745722389;101.577;103.206;98.143;102.141;
1900-01-01 12:53:10;61.0;1745722390;101.425;103.159;98.143;102.141;
1900-01-01 12:53:11;62.0;1745722391;101.397;103.159;98.103;102.116;
1900-01-01 12:53:12;63.0;1745722392;101.397;103.178;97.939;102.226;
1900-01-01 12:53:13;64.0;1745722393;101.362;103.178;97.939;102.226;
1900-01-01 12:53:14;65.0;1745722394;101.362;103.279;97.927;102.152;
1900-01-01 12:53:15;66.0;1745722395;101.342;103.24;97.912;102.152;
1900-01-01 12:53:16;67.0;1745722396;101.391;103.15;97.912;102.089;
1900-01-01 12:53:17;68.0;1745722397;101.391;103.15;97.942;102.25;
1900-01-01 12:53:18;69.0;1745722398;101.401;103.207;97.859;102.25;
1900-01-01 12:53:19;70.0;1745722399;101.375;103.225;97.859;102.163;
1900-01-01 12:53:20;71.0;1745722400;101.375;103.225;97.892;102.227;
1900-01-01 12:53:21;72.0;1745722401;101.386;103.205;97.807;102.227;
1900-01-01 12:53:22;73.0;1745722402;101.411;103.205;97.807;102.174;
1900-01-01 12:53:23;74.0;1745722403;101.411;103.18;97.834;102.225;
1900-01-01 12:53:25;75.0;1745722405;101.391;103.228;97.799;102.225;
1900-01-01 12:53:25;76.0;1745722405;101.476;103.228;97.799;102.178;
1900-01-01 12:53:26;77.0;1745722406;101.476;103.161;97.775;102.2;
1900-01-01 12:53:27;78.0;1745722407;101.504;103.228;97.775;102.2;
1900-01-01 12:53:28;79.0;1745722408;101.427;103.228;97.952;102.197;
1900-01-01 12:53:29;80.0;1745722409;101.427;103.185;98.02;102.218;
1900-01-01 12:53:30;81.0;1745722410;101.523;103.193;98.02;102.218;
1900-01-01 12:53:31;82.0;1745722411;101.392;103.193;97.899;102.318;
1900-01-01 12:53:33;83.0;1745722413;101.392;103.233;97.869;102.261;
1900-01-01 12:53:33;84.0;1745722413;101.48;103.179;97.869;102.261;
1900-01-01 12:53:34;85.0;1745722414;101.495;103.179;97.84;102.162;
1900-01-01 12:53:35;86.0;1745722415;101.495;103.213;97.839;102.162;
1900-01-01 12:53:36;87.0;1745722416;101.536;103.162;97.839;102.111;
1900-01-01 12:53:38;88.0;1745722418;101.591;103.162;97.974;102.176;
1900-01-01 12:53:38;89.0;1745722418;101.591;103.25;97.941;102.176;
1900-01-01 12:53:39;90.0;1745722419;101.572;103.277;97.941;102.239;
1900-01-01 12:53:40;91.0;1745722420;101.572;103.277;97.952;102.098;
1900-01-01 12:53:41;92.0;1745722421;101.506;103.247;97.995;102.098;
1900-01-01 12:53:42;93.0;1745722422;101.614;103.298;97.995;102.236;
1900-01-01 12:53:43;94.0;1745722423;101.614;103.298;98.048;102.116;
1900-01-01 12:53:44;95.0;1745722424;101.566;103.204;98.119;102.116;
1900-01-01 12:53:45;96.0;1745722425;101.582;103.204;98.119;102.195;
1900-01-01 12:53:46;97.0;1745722426;101.582;103.296;98.005;102.153;
1900-01-01 12:53:47;98.0;1745722427;101.569;103.364;98.005;102.153;
1900-01-01 12:53:48;99.0;1745722428;101.546;103.364;97.91;102.222;
1900-01-01 12:53:49;100.0;1745722429;101.546;103.283;97.831;102.235;
1900-01-01 12:53:50;101.0;1745722430;101.444;103.242;97.848;102.235;
1900-01-01 12:53:51;102.0;1745722431;101.486;103.242;97.848;102.145;
1900-01-01 12:53:52;103.0;1745722432;101.486;103.14;97.879;102.172;
1900-01-01 12:53:53;104.0;1745722433;101.493;103.256;97.879;102.172;
1900-01-01 12:53:54;105.0;1745722434;101.431;103.256;97.908;102.204;
1900-01-01 12:53:55;106.0;1745722435;101.431;103.287;97.836;102.168;
1900-01-01 12:53:56;107.0;1745722436;101.499;103.327;97.836;102.168;
1900-01-01 12:53:57;108.0;1745722437;101.522;103.327;97.77;102.191;
1900-01-01 12:53:58;109.0;1745722438;101.522;103.307;97.666;102.155;
1900-01-01 12:53:59;110.0;1745722439;101.442;103.341;97.666;102.155;
1900-01-01 12:54:00;111.0;1745722440;101.462;103.341;97.621;102.19;
1900-01-01 12:54:01;112.0;1745722441;101.462;103.276;97.674;102.151;
1900-01-01 12:54:02;113.0;1745722442;101.433;103.258;97.674;102.151;
1900-01-01 12:54:03;114.0;1745722443;101.433;103.258;97.714;102.187;
1900-01-01 12:54:04;115.0;1745722444;101.459;103.276;97.673;102.187;
1900-01-01 12:54:05;116.0;1745722445;101.497;103.306;97.673;102.216;
1900-01-01 12:54:06;117.0;1745722446;101.497;103.306;97.65;102.215;
1900-01-01 12:54:07;118.0;1745722447;101.406;103.325;97.598;102.215;
1900-01-01 12:54:08;119.0;1745722448;101.381;103.322;97.598;102.111;
1900-01-01 12:54:09;120.0;1745722449;101.381;103.322;97.576;102.142;
1900-01-01 12:54:10;121.0;1745722450;101.426;103.329;97.637;102.142;
1900-01-01 12:54:11;122.0;1745722451;101.44;103.329;97.637;102.036;
1900-01-01 12:54:12;123.0;1745722452;101.44;103.351;97.73;102.152;
1900-01-01 12:54:13;124.0;1745722453;101.396;103.235;97.856;102.152;
1900-01-01 12:54:14;125.0;1745722454;101.484;103.241;97.856;102.08;
1900-01-01 12:54:15;126.0;1745722455;101.484;103.241;97.807;102.152;
1900-01-01 12:54:17;127.0;1745722457;101.398;103.282;97.736;102.152;
1900-01-01 12:54:17;128.0;1745722457;101.41;103.282;97.736;102.182;
1900-01-01 12:54:18;129.0;1745722458;101.41;103.293;97.68;102.099;
1900-01-01 12:54:19;130.0;1745722459;101.476;103.3;97.634;102.099;
1900-01-01 12:54:20;131.0;1745722460;101.426;103.339;97.634;102.106;
1900-01-01 12:54:21;132.0;1745722461;101.426;103.339;97.73;102.185;
1900-01-01 12:54:22;133.0;1745722462;101.434;103.327;97.799;102.185;
1900-01-01 12:54:23;134.0;1745722463;101.428;103.327;97.799;102.128;
1900-01-01 12:54:24;135.0;1745722464;101.428;103.321;97.704;102.045;
1900-01-01 12:54:25;136.0;1745722465;101.427;103.308;97.704;102.045;
1900-01-01 12:54:26;137.0;1745722466;101.49;103.308;97.752;102.165;
1900-01-01 12:54:27;138.0;1745722467;101.49;103.26;97.634;102.168;
1900-01-01 12:54:28;139.0;1745722468;101.484;103.298;97.647;102.168;
1900-01-01 12:54:29;140.0;1745722469;101.433;103.298;97.647;102.194;
1900-01-01 12:54:30;141.0;1745722470;101.433;103.294;97.692;102.193;
1900-01-01 12:54:31;142.0;1745722471;101.405;103.293;97.589;102.193;
1900-01-01 12:54:32;143.0;1745722472;101.383;103.293;97.589;102.187;
1900-01-01 12:54:33;144.0;1745722473;101.383;103.316;97.677;102.167;
1900-01-01 12:54:34;145.0;1745722474;101.383;103.3;97.677;102.167;
1900-01-01 12:54:35;146.0;1745722475;101.426;103.3;97.691;102.156;
1900-01-01 12:54:36;147.0;1745722476;101.426;103.29;97.627;102.156;
1900-01-01 12:54:37;148.0;1745722477;101.492;103.269;97.627;102.208;
1900-01-01 12:54:38;149.0;1745722478;101.494;103.269;97.697;102.205;
1900-01-01 12:54:39;150.0;1745722479;101.494;103.156;97.686;102.205;
1900-01-01 12:54:40;151.0;1745722480;101.44;103.149;97.686;102.228;
1900-01-01 12:54:41;152.0;1745722481;101.44;103.149;97.654;102.236;
1900-01-01 12:54:42;153.0;1745722482;101.583;103.261;97.721;102.219;
1900-01-01 12:54:43;154.0;1745722483;101.444;103.261;97.721;102.219;
1900-01-01 12:54:44;155.0;1745722484;101.444;103.087;97.639;102.136;
1900-01-01 12:54:45;156.0;1745722485;101.443;103.209;97.626;102.136;
1900-01-01 12:54:46;157.0;1745722486;101.559;103.22;97.626;102.212;
1900-01-01 12:54:47;158.0;1745722487;101.559;103.22;97.694;102.168;
1900-01-01 12:54:48;159.0;1745722488;101.553;103.176;97.62;102.168;
1900-01-01 12:54:49;160.0;1745722489;101.437;103.176;97.62;102.094;
1900-01-01 12:54:50;161.0;1745722490;101.437;103.193;97.666;102.21;
1900-01-01 12:54:51;162.0;1745722491;101.378;103.159;97.652;102.21;
1900-01-01 12:54:52;163.0;1745722492;101.469;103.159;97.652;102.204;
1900-01-01 12:54:53;164.0;1745722493;101.469;103.209;97.629;102.195;
1900-01-01 12:54:54;165.0;1745722494;101.375;103.205;97.629;102.195;
1900-01-01 12:54:55;166.0;1745722495;101.472;103.205;97.596;102.153;
1900-01-01 12:54:56;167.0;1745722496;101.472;103.19;97.693;102.17;
1900-01-01 12:54:57;168.0;1745722497;101.405;103.154;97.693;102.17;
1900-01-01 12:54:58;169.0;1745722498;101.461;103.154;97.585;102.205;
1900-01-01 12:54:59;170.0;1745722499;101.461;103.262;97.692;102.153;
1900-01-01 12:55:01;171.0;1745722501;101.35;103.196;97.692;102.153;
1900-01-01 12:55:01;172.0;1745722501;101.35;103.196;97.698;102.161;
1900-01-01 12:55:02;173.0;1745722502;101.355;103.184;97.752;102.161;
1900-01-01 12:55:03;174.0;1745722503;101.368;103.208;97.752;102.164;
1900-01-01 12:55:04;175.0;1745722504;101.368;103.208;97.724;102.164;
1900-01-01 12:55:05;176.0;1745722505;101.393;103.121;97.827;102.164;
1900-01-01 12:55:06;177.0;1745722506;101.382;103.121;97.827;102.183;
1900-01-01 12:55:07;178.0;1745722507;101.382;103.082;97.867;102.257;
1900-01-01 12:55:08;179.0;1745722508;101.524;103.146;97.81;102.257;
1900-01-01 12:55:09;180.0;1745722509;101.486;103.146;97.81;102.179;
1900-01-01 12:55:10;181.0;1745722510;101.486;103.141;97.684;102.181;
1900-01-01 12:55:11;182.0;1745722511;101.475;103.196;97.608;102.181;
1900-01-01 12:55:12;183.0;1745722512;101.432;103.196;97.608;102.24;
1900-01-01 12:55:13;184.0;1745722513;101.432;103.211;97.538;102.227;
1900-01-01 12:55:14;185.0;1745722514;101.433;103.296;97.538;102.227;
1900-01-01 12:55:15;186.0;1745722515;101.402;103.296;97.586;102.203;
1900-01-01 12:55:16;187.0;1745722516;101.402;103.246;97.585;102.166;
1900-01-01 12:55:17;188.0;1745722517;101.361;103.219;97.585;102.166;
1900-01-01 12:55:18;189.0;1745722518;101.338;103.219;97.62;102.128;
1900-01-01 12:55:19;190.0;1745722519;101.338;103.218;97.632;102.128;
1900-01-01 12:55:20;191.0;1745722520;101.341;103.187;97.632;102.16;
1900-01-01 12:55:21;192.0;1745722521;101.394;103.187;97.582;102.184;
1900-01-01 12:55:22;193.0;1745722522;101.394;103.199;97.596;102.184;
1900-01-01 12:55:23;194.0;1745722523;101.344;103.158;97.596;102.183;
1900-01-01 12:55:24;195.0;1745722524;101.344;103.158;97.49;102.107;
1900-01-01 12:55:25;196.0;1745722525;101.414;103.142;97.411;102.107;
1900-01-01 12:55:26;197.0;1745722526;101.465;103.142;97.411;102.11;
1900-01-01 12:55:27;198.0;1745722527;101.465;103.171;97.416;102.199;
1900-01-01 12:55:28;199.0;1745722528;101.47;103.216;97.463;102.199;
1900-01-01 12:55:29;200.0;1745722529;101.397;103.216;97.463;102.199;
1900-01-01 12:55:30;201.0;1745722530;101.397;103.19;97.447;102.176;
1900-01-01 12:55:32;202.0;1745722532;101.496;103.236;97.519;102.176;
1900-01-01 12:55:32;203.0;1745722532;101.454;103.236;97.519;102.182;
1900-01-01 12:55:33;204.0;1745722533;101.454;103.196;97.494;102.221;
1900-01-01 12:55:34;205.0;1745722534;101.458;103.22;97.458;102.221;
1900-01-01 12:55:35;206.0;1745722535;101.408;103.22;97.458;102.242;
1900-01-01 12:55:36;207.0;1745722536;101.408;103.251;97.481;102.199;
1900-01-01 12:55:37;208.0;1745722537;101.431;103.198;97.515;102.199;
1900-01-01 12:55:38;209.0;1745722538;101.431;103.198;97.515;102.215;
1900-01-01 12:55:39;210.0;1745722539;101.398;103.136;97.538;102.167;
1900-01-01 12:55:40;211.0;1745722540;101.428;103.169;97.538;102.167;
1900-01-01 12:55:42;212.0;1745722542;101.424;103.169;97.48;102.327;
1900-01-01 12:55:42;213.0;1745722542;101.424;103.24;97.518;102.216;
1900-01-01 12:55:44;214.0;1745722544;101.366;103.183;97.518;102.216;
1900-01-01 12:55:44;215.0;1745722544;101.366;103.183;97.542;102.279;
1900-01-01 12:55:45;216.0;1745722545;101.332;103.191;97.473;102.279;
1900-01-01 12:55:46;217.0;1745722546;101.345;103.155;97.473;102.248;
1900-01-01 12:55:47;218.0;1745722547;101.345;103.155;97.457;102.262;
1900-01-01 12:55:48;219.0;1745722548;101.391;103.106;97.439;102.262;
1900-01-01 12:55:49;220.0;1745722549;101.306;103.099;97.439;102.2;
1900-01-01 12:55:50;221.0;1745722550;101.306;103.099;97.406;102.195;
1900-01-01 12:55:51;222.0;1745722551;101.338;103.191;97.451;102.195;
1900-01-01 12:55:52;223.0;1745722552;101.334;103.233;97.451;102.257;
1900-01-01 12:55:53;224.0;1745722553;101.334;103.233;97.56;102.186;
1900-01-01 12:55:54;225.0;1745722554;101.316;103.13;97.508;102.186;
1900-01-01 12:55:55;226.0;1745722555;101.347;103.13;97.508;102.171;
1900-01-01 12:55:56;227.0;1745722556;101.347;103.174;97.493;102.244;
1900-01-01 12:55:57;228.0;1745722557;101.431;103.114;97.493;102.244;
1900-01-01 12:55:58;229.0;1745722558;101.412;103.114;97.554;102.258;
1900-01-01 12:55:59;230.0;1745722559;101.412;103.143;97.534;102.201;
1900-01-01 12:56:00;231.0;1745722560;101.32;103.129;97.534;102.201;
1900-01-01 12:56:01;232.0;1745722561;101.384;103.129;97.554;102.197;
1900-01-01 12:56:02;233.0;1745722562;101.384;103.073;97.474;102.255;
1900-01-01 12:56:03;234.0;1745722563;101.357;103.087;97.474;102.255;
1900-01-01 12:56:04;235.0;1745722564;101.369;103.087;97.357;102.246;
1900-01-01 12:56:05;236.0;1745722565;101.369;103.093;97.457;102.274;
1900-01-01 12:56:06;237.0;1745722566;101.375;103.164;97.457;102.274;
1900-01-01 12:56:07;238.0;1745722567;101.388;103.164;97.392;102.249;
1900-01-01 12:56:08;239.0;1745722568;101.388;103.076;97.389;102.249;
1900-01-01 12:56:09;240.0;1745722569;101.475;103.214;97.389;102.23;
1900-01-01 12:56:10;241.0;1745722570;101.442;103.214;97.406;102.205;
1900-01-01 12:56:11;242.0;1745722571;101.442;103.103;97.465;102.204;
1900-01-01 12:56:12;243.0;1745722572;101.37;103.187;97.465;102.204;
1900-01-01 12:56:13;244.0;1745722573;101.37;103.187;97.376;102.235;
1900-01-01 12:56:14;245.0;1745722574;101.438;103.186;97.345;102.235;
1900-01-01 12:56:15;246.0;1745722575;101.36;103.079;97.345;102.254;
1900-01-01 12:56:16;247.0;1745722576;101.278;103.079;97.337;102.272;
1900-01-01 12:56:17;248.0;1745722577;101.278;103.188;97.384;102.272;
1900-01-01 12:56:18;249.0;1745722578;101.27;103.21;97.384;102.282;
1900-01-01 12:56:19;250.0;1745722579;101.27;103.21;97.322;102.218;
1900-01-01 12:56:20;251.0;1745722580;101.315;103.253;97.317;102.218;
1900-01-01 12:56:21;252.0;1745722581;101.289;103.253;97.317;102.253;
1900-01-01 12:56:22;253.0;1745722582;101.289;103.214;97.24;102.08;
1900-01-01 12:56:23;254.0;1745722583;101.268;103.221;97.35;102.08;
1900-01-01 12:56:24;255.0;1745722584;101.307;103.221;97.35;102.192;
1900-01-01 12:56:25;256.0;1745722585;101.307;103.182;97.309;102.246;
1900-01-01 12:56:26;257.0;1745722586;101.116;103.176;97.309;102.246;
1900-01-01 12:56:27;258.0;1745722587;101.271;103.176;97.392;102.247;
1900-01-01 12:56:28;259.0;1745722588;101.271;103.136;97.324;102.252;
1900-01-01 12:56:29;260.0;1745722589;101.211;103.245;97.324;102.252;
1900-01-01 12:56:30;261.0;1745722590;101.195;103.245;97.384;102.175;
1900-01-01 12:56:31;262.0;1745722591;101.195;103.226;97.254;102.249;
1900-01-01 12:56:32;263.0;1745722592;101.156;103.216;97.254;102.249;
1900-01-01 12:56:33;264.0;1745722593;101.156;103.216;97.206;102.176;
1900-01-01 12:56:34;265.0;1745722594;101.155;103.173;97.14;102.176;
1900-01-01 12:56:35;266.0;1745722595;101.164;103.129;97.14;102.123;
1900-01-01 12:56:36;267.0;1745722596;101.189;103.129;97.184;102.195;
1900-01-01 12:56:37;268.0;1745722597;101.189;103.178;97.148;102.195;
1900-01-01 12:56:38;269.0;1745722598;101.203;103.178;97.148;102.18;
1900-01-01 12:56:39;270.0;1745722599;101.203;103.178;97.167;102.172;
1900-01-01 12:56:40;271.0;1745722600;101.243;103.172;97.251;102.27;
1900-01-01 12:56:41;272.0;1745722601;101.332;103.21;97.251;102.27;
1900-01-01 12:56:42;273.0;1745722602;101.332;103.21;97.231;102.218;
1900-01-01 12:56:43;274.0;1745722603;101.195;103.091;97.245;102.218;
1900-01-01 12:56:44;275.0;1745722604;101.262;103.187;97.245;102.141;
1900-01-01 12:56:45;276.0;1745722605;101.24;103.187;97.225;102.266;
1900-01-01 12:56:46;277.0;1745722606;101.24;103.082;97.297;102.266;
1900-01-01 12:56:47;278.0;1745722607;101.301;103.161;97.297;102.249;
1900-01-01 12:56:48;279.0;1745722608;101.301;103.161;97.158;102.251;
1900-01-01 12:56:49;280.0;1745722609;101.286;103.116;97.158;102.251;
1900-01-01 12:56:50;281.0;1745722610;101.283;103.116;97.158;102.189;
1900-01-01 12:56:51;282.0;1745722611;101.283;103.068;97.147;102.246;
1900-01-01 12:56:52;283.0;1745722612;101.155;103.082;97.167;102.246;
1900-01-01 12:56:53;284.0;1745722613;101.17;103.082;97.167;102.199;
1900-01-01 12:56:54;285.0;1745722614;101.17;103.163;97.168;102.237;
1900-01-01 12:56:55;286.0;1745722615;101.236;103.036;97.168;102.237;
1900-01-01 12:56:56;287.0;1745722616;101.227;103.036;97.219;102.212;
1900-01-01 12:56:57;288.0;1745722617;101.227;103.053;97.232;102.21;
1900-01-01 12:56:58;289.0;1745722618;101.27;103.073;97.344;102.21;
1900-01-01 12:56:59;290.0;1745722619;101.239;103.073;97.344;102.22;
1900-01-01 12:57:00;291.0;1745722620;101.239;103.1;97.337;102.137;
1900-01-01 12:57:01;292.0;1745722621;101.211;103.107;97.273;102.137;
1900-01-01 12:57:02;293.0;1745722622;101.194;103.107;97.273;102.204;
1900-01-01 12:57:03;294.0;1745722623;101.194;103.16;97.319;102.238;
1900-01-01 12:57:04;295.0;1745722624;101.228;103.1;97.319;102.238;
1900-01-01 12:57:05;296.0;1745722625;101.273;103.1;97.268;102.246;
1900-01-01 12:57:06;297.0;1745722626;101.273;103.225;97.262;102.223;
1900-01-01 12:57:08;298.0;1745722628;101.354;103.051;97.365;102.223;
1900-01-01 12:57:08;299.0;1745722628;101.231;103.051;97.365;102.231;
1900-01-01 12:57:09;300.0;1745722629;101.231;103.136;97.326;102.237;
1900-01-01 12:57:10;301.0;1745722630;101.275;103.141;97.293;102.237;
1900-01-01 12:57:11;302.0;1745722631;101.275;103.141;97.293;102.215;
1900-01-01 12:57:12;303.0;1745722632;101.229;103.253;97.198;102.257;
1900-01-01 12:57:13;304.0;1745722633;101.276;103.166;97.198;102.257;
1900-01-01 12:57:14;305.0;1745722634;101.203;103.166;97.154;102.274;
1900-01-01 12:57:16;306.0;1745722636;101.203;103.249;97.128;102.258;
1900-01-01 12:57:16;307.0;1745722636;101.262;103.177;97.128;102.258;
1900-01-01 12:57:17;308.0;1745722637;101.192;103.177;97.028;102.311;
1900-01-01 12:57:19;309.0;1745722639;101.192;103.151;96.944;102.162;
1900-01-01 12:57:19;310.0;1745722639;101.249;103.247;96.944;102.162;
1900-01-01 12:57:20;311.0;1745722640;101.178;103.247;96.938;102.212;
1900-01-01 12:57:21;312.0;1745722641;101.178;103.216;96.944;102.212;
1900-01-01 12:57:22;313.0;1745722642;101.132;103.172;96.944;102.304;
1900-01-01 12:57:23;314.0;1745722643;101.245;103.172;96.891;102.192;
1900-01-01 12:57:24;315.0;1745722644;101.245;103.122;96.838;102.192;
1900-01-01 12:57:25;316.0;1745722645;101.193;103.15;96.838;102.226;
1900-01-01 12:57:26;317.0;1745722646;101.193;103.15;96.881;102.232;
1900-01-01 12:57:27;318.0;1745722647;101.254;103.163;96.948;102.232;
1900-01-01 12:57:28;319.0;1745722648;101.244;103.163;96.948;102.288;
1900-01-01 12:57:29;320.0;1745722649;101.244;103.099;96.92;102.243;
1900-01-01 12:57:30;321.0;1745722650;101.157;103.088;96.92;102.243;
1900-01-01 12:57:31;322.0;1745722651;101.147;103.088;97.028;102.314;
1900-01-01 12:57:32;323.0;1745722652;101.147;103.043;97.046;102.244;
1900-01-01 12:57:33;324.0;1745722653;101.119;103.074;97.046;102.244;
1900-01-01 12:57:34;325.0;1745722654;101.069;103.074;97.153;102.279;
1900-01-01 12:57:35;326.0;1745722655;101.069;103.173;97.197;102.279;
1900-01-01 12:57:36;327.0;1745722656;101.14;103.107;97.197;102.226;
1900-01-01 12:57:38;328.0;1745722658;101.115;103.107;97.24;102.208;
1900-01-01 12:57:38;329.0;1745722658;101.115;103.13;97.14;102.208;
1900-01-01 12:57:39;330.0;1745722659;101.269;103.095;97.14;102.299;
1900-01-01 12:57:40;331.0;1745722660;101.269;103.095;97.053;102.286;
1900-01-01 12:57:41;332.0;1745722661;101.147;103.041;96.909;102.286;
1900-01-01 12:57:43;333.0;1745722663;101.19;103.111;96.909;102.271;
1900-01-01 12:57:43;334.0;1745722663;101.19;103.111;96.941;102.244;
1900-01-01 12:57:44;335.0;1745722664;101.198;103.134;96.967;102.244;
1900-01-01 12:57:45;336.0;1745722665;101.182;103.06;96.967;102.229;
1900-01-01 12:57:46;337.0;1745722666;101.182;103.06;97.057;102.339;
1900-01-01 12:57:47;338.0;1745722667;101.117;103.083;96.996;102.339;
1900-01-01 12:57:48;339.0;1745722668;101.167;103.083;96.996;102.4;
1900-01-01 12:57:49;340.0;1745722669;101.167;103.049;96.96;102.254;
1900-01-01 12:57:51;341.0;1745722671;101.165;103.031;97.023;102.254;
1900-01-01 12:57:51;342.0;1745722671;101.128;103.031;97.023;102.176;
1900-01-01 12:57:52;343.0;1745722672;101.128;103.025;97.044;102.136;
1900-01-01 12:57:54;344.0;1745722674;101.012;103.028;97.078;102.136;
1900-01-01 12:57:54;345.0;1745722674;101.033;103.028;97.078;102.259;
1900-01-01 12:57:55;346.0;1745722675;101.033;103.034;96.981;102.184;
1900-01-01 12:57:56;347.0;1745722676;101.183;102.968;96.981;102.184;
1900-01-01 12:57:57;348.0;1745722677;101.137;102.968;96.92;102.139;
1900-01-01 12:57:58;349.0;1745722678;101.137;102.959;96.867;102.305;
1900-01-01 12:57:59;350.0;1745722679;101.149;103.07;96.867;102.305;
1900-01-01 12:58:00;351.0;1745722680;101.177;103.07;96.856;102.225;
1900-01-01 12:58:01;352.0;1745722681;101.177;103.05;96.788;102.213;
1900-01-01 12:58:02;353.0;1745722682;101.227;103.009;96.788;102.213;
1900-01-01 12:58:03;354.0;1745722683;101.227;103.009;96.774;102.302;
1900-01-01 12:58:04;355.0;1745722684;101.36;103.11;96.752;102.236;
1900-01-01 12:58:05;356.0;1745722685;101.353;103.076;96.752;102.236;
1900-01-01 12:58:06;357.0;1745722686;101.353;103.076;96.786;102.192;
1900-01-01 12:58:07;358.0;1745722687;101.262;103.036;96.803;102.192;
1900-01-01 12:58:08;359.0;1745722688;101.339;103.039;96.803;102.211;
1900-01-01 12:58:09;360.0;1745722689;101.339;103.039;96.754;102.256;
1900-01-01 12:58:10;361.0;1745722690;101.285;103.077;96.854;102.256;
1900-01-01 12:58:11;362.0;1745722691;101.218;102.991;96.854;102.241;
1900-01-01 12:58:12;363.0;1745722692;101.218;102.991;96.877;102.202;
1900-01-01 12:58:13;364.0;1745722693;101.167;103.056;96.923;102.202;
1900-01-01 12:58:14;365.0;1745722694;101.171;103.056;96.923;102.209;
1900-01-01 12:58:15;366.0;1745722695;101.171;102.932;96.942;102.209;
1900-01-01 12:58:16;367.0;1745722696;101.055;103.04;96.942;102.209;
1900-01-01 12:58:17;368.0;1745722697;101.046;103.04;96.815;102.268;
1900-01-01 12:58:18;369.0;1745722698;101.046;103.071;96.792;102.158;
1900-01-01 12:58:19;370.0;1745722699;101.183;103.155;96.792;102.158;
1900-01-01 12:58:20;371.0;1745722700;101.085;103.155;96.759;102.21;
1900-01-01 12:58:21;372.0;1745722701;101.085;103.066;96.776;102.332;
1900-01-01 12:58:22;373.0;1745722702;101.081;103.034;96.776;102.332;
1900-01-01 12:58:23;374.0;1745722703;101.111;103.034;96.872;102.337;
1900-01-01 12:58:24;375.0;1745722704;101.111;103.016;96.931;102.179;
1900-01-01 12:58:25;376.0;1745722705;101.003;103.059;96.931;102.179;
1900-01-01 12:58:26;377.0;1745722706;101.003;103.059;96.906;102.309;
1900-01-01 12:58:27;378.0;1745722707;101.01;102.991;96.959;102.198;
1900-01-01 12:58:28;379.0;1745722708;101.068;103.086;96.959;102.198;
1900-01-01 12:58:29;380.0;1745722709;101.068;103.086;96.948;102.239;
1900-01-01 12:58:30;381.0;1745722710;100.907;102.991;96.902;102.239;
1900-01-01 12:58:31;382.0;1745722711;101.057;103.066;96.902;102.29;
1900-01-01 12:58:32;383.0;1745722712;101.057;103.066;96.775;102.283;
1900-01-01 12:58:33;384.0;1745722713;101.107;102.986;96.773;102.283;
1900-01-01 12:58:35;385.0;1745722715;101.089;103.068;96.773;102.177;
1900-01-01 12:58:35;386.0;1745722715;101.089;103.068;96.716;102.275;
1900-01-01 12:58:36;387.0;1745722716;101.034;102.979;96.752;102.275;
1900-01-01 12:58:37;388.0;1745722717;101.085;102.979;96.752;102.289;
1900-01-01 12:58:38;389.0;1745722718;101.085;103.031;96.739;102.244;
1900-01-01 12:58:39;390.0;1745722719;101.143;103.055;96.761;102.244;
1900-01-01 12:58:41;391.0;1745722721;100.981;103.055;96.761;102.224;
1900-01-01 12:58:41;392.0;1745722721;100.981;102.973;96.656;102.158;
1900-01-01 12:58:42;393.0;1745722722;100.927;103.091;96.656;102.158;
1900-01-01 12:58:43;394.0;1745722723;100.927;103.091;96.619;102.2;
1900-01-01 12:58:44;395.0;1745722724;100.966;103.044;96.665;102.2;
1900-01-01 12:58:45;396.0;1745722725;100.929;102.994;96.665;102.251;
1900-01-01 12:58:46;397.0;1745722726;100.929;102.994;96.62;102.264;
1900-01-01 12:58:47;398.0;1745722727;100.95;103.041;96.638;102.264;
1900-01-01 12:58:48;399.0;1745722728;100.967;103.041;96.638;102.259;
1900-01-01 12:58:49;400.0;1745722729;100.967;103.035;96.633;102.236;
1900-01-01 12:58:50;401.0;1745722730;101.051;103.056;96.642;102.236;
1900-01-01 12:58:51;402.0;1745722731;101.029;103.056;96.642;102.169;
1900-01-01 12:58:52;403.0;1745722732;101.029;103.1;96.567;102.339;
1900-01-01 12:58:53;404.0;1745722733;101.034;103.029;96.567;102.339;
1900-01-01 12:58:54;405.0;1745722734;101.028;103.029;96.668;102.287;
1900-01-01 12:58:55;406.0;1745722735;101.028;102.994;96.533;102.242;
1900-01-01 12:58:56;407.0;1745722736;100.992;103.033;96.605;102.242;
1900-01-01 12:58:57;408.0;1745722737;100.999;103.033;96.605;102.327;
1900-01-01 12:58:58;409.0;1745722738;100.999;103.018;96.547;102.264;
1900-01-01 12:58:59;410.0;1745722739;101.078;102.999;96.547;102.264;
1900-01-01 12:59:00;411.0;1745722740;101.045;102.999;96.576;102.314;
1900-01-01 12:59:01;412.0;1745722741;101.045;103.078;96.54;102.314;
1900-01-01 12:59:02;413.0;1745722742;101.062;102.909;96.54;102.262;
1900-01-01 12:59:03;414.0;1745722743;101.037;102.909;96.552;102.29;
1900-01-01 12:59:04;415.0;1745722744;101.037;102.956;96.664;102.29;
1900-01-01 12:59:05;416.0;1745722745;101.087;103.012;96.664;102.269;
1900-01-01 12:59:06;417.0;1745722746;101.087;103.012;96.564;102.248;
1900-01-01 12:59:07;418.0;1745722747;101.05;102.867;96.599;102.346;
1900-01-01 12:59:08;419.0;1745722748;101.155;103.041;96.599;102.346;
1900-01-01 12:59:09;420.0;1745722749;101.155;103.041;96.433;102.246;
1900-01-01 12:59:10;421.0;1745722750;101.124;103.051;96.438;102.246;
1900-01-01 12:59:11;422.0;1745722751;101.101;103.04;96.438;102.239;
1900-01-01 12:59:12;423.0;1745722752;101.101;103.04;96.537;102.305;
1900-01-01 12:59:13;424.0;1745722753;101.006;102.964;96.564;102.355;
1900-01-01 12:59:15;425.0;1745722755;101.029;102.986;96.564;102.355;
1900-01-01 12:59:15;426.0;1745722755;101.029;102.986;96.612;102.317;
1900-01-01 12:59:16;427.0;1745722756;101.121;102.944;96.56;102.317;
1900-01-01 12:59:17;428.0;1745722757;101.086;102.95;96.56;102.246;
1900-01-01 12:59:18;429.0;1745722758;101.043;102.95;96.484;102.242;
1900-01-01 12:59:19;430.0;1745722759;101.043;102.967;96.61;102.284;
1900-01-01 12:59:20;431.0;1745722760;101.013;102.967;96.61;102.284;
1900-01-01 12:59:21;432.0;1745722761;101.013;102.851;96.482;102.264;
1900-01-01 12:59:22;433.0;1745722762;100.978;102.975;96.574;102.264;
1900-01-01 12:59:23;434.0;1745722763;100.941;102.875;96.574;102.214;
1900-01-01 12:59:24;435.0;1745722764;100.941;102.875;96.581;102.183;
1900-01-01 12:59:25;436.0;1745722765;100.961;102.937;96.564;102.183;
1900-01-01 12:59:27;437.0;1745722767;100.9;102.958;96.564;102.268;
1900-01-01 12:59:27;438.0;1745722767;100.9;102.958;96.618;102.251;
1900-01-01 12:59:28;439.0;1745722768;100.917;102.846;96.601;102.251;
1900-01-01 12:59:29;440.0;1745722769;100.822;102.964;96.601;102.289;
1900-01-01 12:59:30;441.0;1745722770;100.822;102.964;96.543;102.192;
1900-01-01 12:59:31;442.0;1745722771;100.805;102.888;96.55;102.192;
1900-01-01 12:59:32;443.0;1745722772;100.759;102.888;96.55;102.219;
1900-01-01 12:59:33;444.0;1745722773;100.759;102.931;96.565;102.23;
1900-01-01 12:59:35;445.0;1745722775;100.826;102.924;96.478;102.23;
1900-01-01 12:59:35;446.0;1745722775;100.796;102.924;96.478;102.249;
1900-01-01 12:59:36;447.0;1745722776;100.796;102.952;96.503;102.347;
1900-01-01 12:59:37;448.0;1745722777;100.917;102.93;96.503;102.347;
1900-01-01 12:59:38;449.0;1745722778;100.847;102.93;96.484;102.205;
1900-01-01 12:59:39;450.0;1745722779;100.847;103.002;96.425;102.233;
1900-01-01 12:59:40;451.0;1745722780;100.847;102.971;96.425;102.233;
1900-01-01 12:59:41;452.0;1745722781;100.851;102.971;96.297;102.258;
1900-01-01 12:59:42;453.0;1745722782;100.851;103.002;96.317;102.292;
1900-01-01 12:59:43;454.0;1745722783;100.878;102.989;96.317;102.292;
1900-01-01 12:59:44;455.0;1745722784;100.805;102.989;96.403;102.228;
1900-01-01 12:59:45;456.0;1745722785;100.805;103.017;96.317;102.228;
1900-01-01 12:59:46;457.0;1745722786;100.912;102.998;96.317;102.29;
1900-01-01 12:59:48;458.0;1745722788;100.823;102.998;96.357;102.348;
1900-01-01 12:59:48;459.0;1745722788;100.823;102.833;96.42;102.348;
1900-01-01 12:59:49;460.0;1745722789;100.853;102.91;96.42;102.244;
1900-01-01 12:59:50;461.0;1745722790;100.853;102.91;96.426;102.353;
1900-01-01 12:59:51;462.0;1745722791;100.787;102.943;96.261;102.353;
1900-01-01 12:59:52;463.0;1745722792;100.876;102.943;96.261;102.252;
1900-01-01 12:59:53;464.0;1745722793;100.876;102.926;96.229;102.201;
1900-01-01 12:59:54;465.0;1745722794;100.96;102.955;96.229;102.201;
1900-01-01 12:59:55;466.0;1745722795;100.902;102.955;96.331;102.296;
1900-01-01 12:59:56;467.0;1745722796;100.902;102.966;96.28;102.208;
1900-01-01 12:59:57;468.0;1745722797;100.847;102.913;96.28;102.208;
1900-01-01 12:59:58;469.0;1745722798;100.879;102.913;96.283;102.327;
1900-01-01 12:59:59;470.0;1745722799;100.879;102.925;96.271;102.332;
1900-01-01 13:00:00;471.0;1745722800;100.941;102.887;96.271;102.332;
1900-01-01 13:00:01;472.0;1745722801;100.941;102.887;96.271;102.271;
1900-01-01 13:00:02;473.0;1745722802;100.879;102.806;96.151;102.293;
1900-01-01 13:00:03;474.0;1745722803;100.856;102.805;96.151;102.293;
1900-01-01 13:00:04;475.0;1745722804;100.908;102.805;96.193;102.204;
1900-01-01 13:00:05;476.0;1745722805;100.908;102.863;96.254;102.204;
1900-01-01 13:00:06;477.0;1745722806;100.884;102.911;96.254;102.309;
1900-01-01 13:00:07;478.0;1745722807;100.831;102.911;96.336;102.259;
1900-01-01 13:00:08;479.0;1745722808;100.831;102.857;96.343;102.259;
1900-01-01 13:00:09;480.0;1745722809;100.862;102.905;96.343;102.242;
1900-01-01 13:00:10;481.0;1745722810;100.862;102.905;96.313;102.261;
1900-01-01 13:00:11;482.0;1745722811;100.833;102.877;96.213;102.261;
1900-01-01 13:00:12;483.0;1745722812;100.891;102.828;96.213;102.18;
1900-01-01 13:00:13;484.0;1745722813;100.891;102.828;96.205;102.34;
1900-01-01 13:00:15;485.0;1745722815;100.851;102.883;96.176;102.34;
1900-01-01 13:00:15;486.0;1745722815;100.817;102.883;96.176;102.319;
1900-01-01 13:00:16;487.0;1745722816;100.817;102.901;96.301;102.262;
1900-01-01 13:00:18;488.0;1745722818;100.87;102.815;96.354;102.262;
1900-01-01 13:00:18;489.0;1745722818;100.844;102.815;96.354;102.312;
1900-01-01 13:00:19;490.0;1745722819;100.844;102.823;96.44;102.361;
1900-01-01 13:00:21;491.0;1745722821;100.888;102.878;96.286;102.361;
1900-01-01 13:00:21;492.0;1745722821;100.939;102.878;96.286;102.249;
1900-01-01 13:00:22;493.0;1745722822;100.939;102.864;96.27;102.348;
1900-01-01 13:00:23;494.0;1745722823;100.816;102.891;96.27;102.348;
1900-01-01 13:00:24;495.0;1745722824;100.816;102.891;96.238;102.259;
1900-01-01 13:00:25;496.0;1745722825;100.877;102.909;96.298;102.259;
1900-01-01 13:00:26;497.0;1745722826;100.823;102.915;96.298;102.228;
1900-01-01 13:00:27;498.0;1745722827;100.823;102.915;96.239;102.246;
1900-01-01 13:00:28;499.0;1745722828;100.785;102.845;96.272;102.246;
1900-01-01 13:00:29;500.0;1745722829;100.74;102.808;96.272;102.313;
1900-01-01 13:00:30;501.0;1745722830;100.74;102.808;96.158;102.256;
1900-01-01 13:00:32;502.0;1745722832;100.758;102.941;96.187;102.291;
1900-01-01 13:00:32;503.0;1745722832;100.724;102.941;96.187;102.291;
1900-01-01 13:00:33;504.0;1745722833;100.724;102.84;96.281;102.146;
1900-01-01 13:00:34;505.0;1745722834;100.773;102.795;96.255;102.146;
1900-01-01 13:00:35;506.0;1745722835;100.772;102.795;96.255;102.204;
1900-01-01 13:00:36;507.0;1745722836;100.772;102.831;96.304;102.287;
1900-01-01 13:00:37;508.0;1745722837;100.74;102.869;96.148;102.287;
1900-01-01 13:00:38;509.0;1745722838;100.857;102.869;96.148;102.284;
1900-01-01 13:00:39;510.0;1745722839;100.857;102.856;96.049;102.311;
1900-01-01 13:00:40;511.0;1745722840;100.86;102.824;96.008;102.311;
1900-01-01 13:00:41;512.0;1745722841;100.852;102.824;96.008;102.347;
1900-01-01 13:00:42;513.0;1745722842;100.852;102.846;96.017;102.3;
1900-01-01 13:00:43;514.0;1745722843;100.89;102.773;96.017;102.3;
1900-01-01 13:00:44;515.0;1745722844;100.792;102.773;96.054;102.262;
1900-01-01 13:00:45;516.0;1745722845;100.792;102.844;96.102;102.304;
1900-01-01 13:00:46;517.0;1745722846;100.811;102.814;96.102;102.304;
1900-01-01 13:00:47;518.0;1745722847;100.87;102.814;96.133;102.282;
1900-01-01 13:00:49;519.0;1745722849;100.87;102.932;96.26;102.246;
1900-01-01 13:00:49;520.0;1745722849;100.83;102.95;96.26;102.246;
1900-01-01 13:00:50;521.0;1745722850;100.83;102.95;96.37;102.298;
1900-01-01 13:00:51;522.0;1745722851;100.805;102.807;96.326;102.297;
1900-01-01 13:00:52;523.0;1745722852;100.843;102.807;96.326;102.297;
1900-01-01 13:00:53;524.0;1745722853;100.843;102.861;96.331;102.296;
1900-01-01 13:00:54;525.0;1745722854;100.85;102.881;96.186;102.296;
1900-01-01 13:00:55;526.0;1745722855;100.915;102.881;96.186;102.302;
1900-01-01 13:00:56;527.0;1745722856;100.915;102.831;96.218;102.323;
1900-01-01 13:00:57;528.0;1745722857;100.781;102.823;96.269;102.323;
1900-01-01 13:00:58;529.0;1745722858;100.832;102.823;96.269;102.289;
1900-01-01 13:01:00;530.0;1745722860;100.832;102.857;96.19;102.362;
1900-01-01 13:01:00;531.0;1745722860;100.801;102.886;96.213;102.362;
1900-01-01 13:01:01;532.0;1745722861;100.842;102.886;96.213;102.352;
1900-01-01 13:01:02;533.0;1745722862;100.842;102.765;96.098;102.336;
1900-01-01 13:01:03;534.0;1745722863;100.833;102.8;96.098;102.336;
1900-01-01 13:01:04;535.0;1745722864;100.775;102.8;96.137;102.331;
1900-01-01 13:01:05;536.0;1745722865;100.775;102.816;96.122;102.29;
1900-01-01 13:01:06;537.0;1745722866;100.758;102.784;96.122;102.29;
1900-01-01 13:01:07;538.0;1745722867;100.718;102.784;96.052;102.273;
1900-01-01 13:01:08;539.0;1745722868;100.718;102.855;96.073;102.331;
1900-01-01 13:01:09;540.0;1745722869;100.62;102.733;96.073;102.331;
1900-01-01 13:01:10;541.0;1745722870;100.59;102.733;96.099;102.205;
1900-01-01 13:01:11;542.0;1745722871;100.59;102.757;96.076;102.277;
1900-01-01 13:01:12;543.0;1745722872;100.699;102.73;96.076;102.277;
1900-01-01 13:01:13;544.0;1745722873;100.699;102.73;96.122;102.25;
1900-01-01 13:01:14;545.0;1745722874;100.68;102.737;96.097;102.274;
1900-01-01 13:01:15;546.0;1745722875;100.741;102.678;96.097;102.274;
1900-01-01 13:01:16;547.0;1745722876;100.741;102.678;95.912;102.403;
1900-01-01 13:01:17;548.0;1745722877;100.791;102.739;95.941;102.403;
1900-01-01 13:01:18;549.0;1745722878;100.788;102.739;95.941;102.304;
1900-01-01 13:01:19;550.0;1745722879;100.788;102.722;95.961;102.345;
1900-01-01 13:01:20;551.0;1745722880;100.748;102.725;95.933;102.345;
1900-01-01 13:01:21;552.0;1745722881;100.783;102.725;95.933;102.35;
1900-01-01 13:01:22;553.0;1745722882;100.783;102.784;95.994;102.335;
1900-01-01 13:01:23;554.0;1745722883;100.797;102.768;96.067;102.335;
1900-01-01 13:01:25;555.0;1745722885;100.814;102.799;96.067;102.336;
1900-01-01 13:01:25;556.0;1745722885;100.814;102.799;95.975;102.299;
1900-01-01 13:01:26;557.0;1745722886;100.763;102.719;95.975;102.299;
1900-01-01 13:01:27;558.0;1745722887;100.689;102.719;95.937;102.273;
1900-01-01 13:01:28;559.0;1745722888;100.689;102.716;95.96;102.365;
1900-01-01 13:01:29;560.0;1745722889;100.56;102.784;95.96;102.365;
1900-01-01 13:01:30;561.0;1745722890;100.564;102.784;96.034;102.286;
1900-01-01 13:01:31;562.0;1745722891;100.564;102.714;96.055;102.286;
1900-01-01 13:01:32;563.0;1745722892;100.594;102.758;96.055;102.409;
1900-01-01 13:01:33;564.0;1745722893;100.547;102.758;95.978;102.439;
1900-01-01 13:01:34;565.0;1745722894;100.547;102.789;95.936;102.439;
1900-01-01 13:01:35;566.0;1745722895;100.538;102.775;95.936;102.262;
1900-01-01 13:01:36;567.0;1745722896;100.538;102.775;95.79;102.337;
1900-01-01 13:01:37;568.0;1745722897;100.627;102.749;95.768;102.337;
1900-01-01 13:01:38;569.0;1745722898;100.608;102.735;95.768;102.32;
1900-01-01 13:01:39;570.0;1745722899;100.608;102.735;95.792;102.36;
1900-01-01 13:01:40;571.0;1745722900;100.681;102.716;95.753;102.36;
1900-01-01 13:01:41;572.0;1745722901;100.729;102.716;95.753;102.253;
1900-01-01 13:01:42;573.0;1745722902;100.729;102.723;95.728;102.341;
1900-01-01 13:01:43;574.0;1745722903;100.798;102.695;95.812;102.341;
1900-01-01 13:01:45;575.0;1745722905;100.755;102.646;95.812;102.289;
1900-01-01 13:01:45;576.0;1745722905;100.755;102.646;95.83;102.308;
1900-01-01 13:01:46;577.0;1745722906;100.652;102.694;95.883;102.308;
1900-01-01 13:01:47;578.0;1745722907;100.703;102.694;95.883;102.352;
1900-01-01 13:01:48;579.0;1745722908;100.703;102.703;95.776;102.281;
1900-01-01 13:01:49;580.0;1745722909;100.686;102.755;95.832;102.281;
1900-01-01 13:01:51;581.0;1745722911;100.581;102.755;95.832;102.369;
1900-01-01 13:01:51;582.0;1745722911;100.581;102.695;95.889;102.3;
1900-01-01 13:01:52;583.0;1745722912;100.527;102.698;95.889;102.3;
1900-01-01 13:01:53;584.0;1745722913;100.527;102.698;95.964;102.337;
1900-01-01 13:01:54;585.0;1745722914;100.511;102.753;95.883;102.365;
1900-01-01 13:01:55;586.0;1745722915;100.498;102.717;95.883;102.365;
1900-01-01 13:01:56;587.0;1745722916;100.498;102.717;95.822;102.286;
1900-01-01 13:01:58;588.0;1745722918;100.546;102.72;95.743;102.348;
1900-01-01 13:01:58;589.0;1745722918;100.634;102.72;95.743;102.348;
1900-01-01 13:01:59;590.0;1745722919;100.634;102.659;95.798;102.339;
1900-01-01 13:02:00;591.0;1745722920;100.54;102.666;95.738;102.339;
1900-01-01 13:02:01;592.0;1745722921;100.58;102.666;95.738;102.348;
1900-01-01 13:02:02;593.0;1745722922;100.58;102.626;95.849;102.302;
1900-01-01 13:02:03;594.0;1745722923;100.569;102.706;95.849;102.302;
1900-01-01 13:02:04;595.0;1745722924;100.585;102.706;95.858;102.339;
1900-01-01 13:02:05;596.0;1745722925;100.585;102.687;95.846;102.333;
1900-01-01 13:02:06;597.0;1745722926;100.535;102.749;95.846;102.333;
1900-01-01 13:02:07;598.0;1745722927;100.56;102.749;95.909;102.318;
1900-01-01 13:02:08;599.0;1745722928;100.56;102.689;95.906;102.312;
1900-01-01 13:02:09;600.0;1745722929;100.599;102.644;95.906;102.312;
1900-01-01 13:02:10;601.0;1745722930;100.579;102.644;95.946;102.25;
1900-01-01 13:02:11;602.0;1745722931;100.579;102.66;95.985;102.255;
1900-01-01 13:02:12;603.0;1745722932;100.605;102.736;95.985;102.255;
1900-01-01 13:02:13;604.0;1745722933;100.605;102.736;96.005;102.332;
1900-01-01 13:02:14;605.0;1745722934;100.596;102.651;95.944;102.332;
1900-01-01 13:02:15;606.0;1745722935;100.649;102.678;95.944;102.298;
1900-01-01 13:02:16;607.0;1745722936;100.599;102.678;95.951;102.355;
1900-01-01 13:02:17;608.0;1745722937;100.599;102.563;95.881;102.355;
1900-01-01 13:02:18;609.0;1745722938;100.597;102.6;95.881;102.329;
1900-01-01 13:02:19;610.0;1745722939;100.597;102.6;95.769;102.288;
1900-01-01 13:02:20;611.0;1745722940;100.673;102.646;95.673;102.288;
1900-01-01 13:02:21;612.0;1745722941;100.61;102.646;95.673;102.284;
1900-01-01 13:02:22;613.0;1745722942;100.61;102.756;95.625;102.298;
1900-01-01 13:02:23;614.0;1745722943;100.635;102.717;95.545;102.298;
1900-01-01 13:02:25;615.0;1745722945;100.566;102.688;95.545;102.354;
1900-01-01 13:02:25;616.0;1745722945;100.566;102.688;95.502;102.282;
1900-01-01 13:02:26;617.0;1745722946;100.484;102.647;95.534;102.282;
1900-01-01 13:02:27;618.0;1745722947;100.531;102.647;95.534;102.248;
1900-01-01 13:02:28;619.0;1745722948;100.531;102.632;95.582;102.368;
1900-01-01 13:02:29;620.0;1745722949;100.581;102.633;95.636;102.368;
1900-01-01 13:02:30;621.0;1745722950;100.588;102.633;95.636;102.339;
1900-01-01 13:02:31;622.0;1745722951;100.588;102.629;95.613;102.269;
1900-01-01 13:02:32;623.0;1745722952;100.597;102.697;95.613;102.269;
1900-01-01 13:02:33;624.0;1745722953;100.527;102.697;95.511;102.249;
1900-01-01 13:02:34;625.0;1745722954;100.527;102.669;95.54;102.23;
1900-01-01 13:02:35;626.0;1745722955;100.496;102.596;95.54;102.23;
1900-01-01 13:02:36;627.0;1745722956;100.485;102.596;95.534;102.28;
1900-01-01 13:02:37;628.0;1745722957;100.485;102.701;95.624;102.28;
1900-01-01 13:02:38;629.0;1745722958;100.42;102.663;95.624;102.289;
1900-01-01 13:02:39;630.0;1745722959;100.514;102.663;95.621;102.221;
1900-01-01 13:02:40;631.0;1745722960;100.514;102.667;95.641;102.328;
1900-01-01 13:02:41;632.0;1745722961;100.374;102.629;95.641;102.328;
1900-01-01 13:02:42;633.0;1745722962;100.374;102.629;95.576;102.366;
1900-01-01 13:02:44;634.0;1745722964;100.469;102.632;95.636;102.271;
1900-01-01 13:02:44;635.0;1745722964;100.452;102.632;95.636;102.271;
1900-01-01 13:02:45;636.0;1745722965;100.452;102.694;95.67;102.25;
1900-01-01 13:02:46;637.0;1745722966;100.479;102.707;95.772;102.25;
1900-01-01 13:02:47;638.0;1745722967;100.398;102.707;95.772;102.258;
1900-01-01 13:02:48;639.0;1745722968;100.398;102.707;95.677;102.276;
1900-01-01 13:02:49;640.0;1745722969;100.428;102.63;95.677;102.276;
1900-01-01 13:02:51;641.0;1745722971;100.36;102.614;95.677;102.309;
1900-01-01 13:02:51;642.0;1745722971;100.36;102.614;95.603;102.28;
1900-01-01 13:02:52;643.0;1745722972;100.403;102.594;95.51;102.28;
1900-01-01 13:02:53;644.0;1745722973;100.422;102.594;95.51;102.223;
1900-01-01 13:02:54;645.0;1745722974;100.422;102.668;95.538;102.294;
1900-01-01 13:02:55;646.0;1745722975;100.33;102.659;95.538;102.294;
1900-01-01 13:02:56;647.0;1745722976;100.45;102.659;95.411;102.292;
1900-01-01 13:02:57;648.0;1745722977;100.45;102.691;95.482;102.42;
1900-01-01 13:02:58;649.0;1745722978;100.469;102.719;95.482;102.42;
1900-01-01 13:02:59;650.0;1745722979;100.464;102.719;95.429;102.335;
1900-01-01 13:03:00;651.0;1745722980;100.464;102.74;95.382;102.414;
1900-01-01 13:03:01;652.0;1745722981;100.458;102.748;95.382;102.414;
1900-01-01 13:03:02;653.0;1745722982;100.458;102.748;95.456;102.359;
1900-01-01 13:03:03;654.0;1745722983;100.496;102.665;95.58;102.368;
1900-01-01 13:03:04;655.0;1745722984;100.432;102.635;95.58;102.368;
1900-01-01 13:03:05;656.0;1745722985;100.432;102.635;95.627;102.423;
1900-01-01 13:03:07;657.0;1745722987;100.482;102.695;95.528;102.394;
1900-01-01 13:03:07;658.0;1745722987;100.476;102.695;95.528;102.394;
1900-01-01 13:03:08;659.0;1745722988;100.476;102.701;95.485;102.386;
1900-01-01 13:03:09;660.0;1745722989;100.478;102.696;95.408;102.386;
1900-01-01 13:03:10;661.0;1745722990;100.491;102.696;95.408;102.401;
1900-01-01 13:03:11;662.0;1745722991;100.491;102.639;95.404;102.336;
1900-01-01 13:03:12;663.0;1745722992;100.477;102.546;95.35;102.336;
1900-01-01 13:03:13;664.0;1745722993;100.516;102.546;95.35;102.257;
1900-01-01 13:03:14;665.0;1745722994;100.516;102.647;95.357;102.399;
1900-01-01 13:03:15;666.0;1745722995;100.501;102.56;95.357;102.399;
1900-01-01 13:03:16;667.0;1745722996;100.439;102.56;95.486;102.305;
1900-01-01 13:03:17;668.0;1745722997;100.439;102.607;95.465;102.305;
1900-01-01 13:03:18;669.0;1745722998;100.375;102.64;95.465;102.305;
1900-01-01 13:03:19;670.0;1745722999;100.42;102.64;95.51;102.368;
1900-01-01 13:03:20;671.0;1745723000;100.42;102.529;95.461;102.368;
1900-01-01 13:03:21;672.0;1745723001;100.463;102.59;95.461;102.302;
1900-01-01 13:03:22;673.0;1745723002;100.374;102.59;95.475;102.386;
1900-01-01 13:03:23;674.0;1745723003;100.374;102.565;95.459;102.386;
1900-01-01 13:03:24;675.0;1745723004;100.447;102.527;95.459;102.387;
1900-01-01 13:03:25;676.0;1745723005;100.447;102.527;95.506;102.327;
1900-01-01 13:03:26;677.0;1745723006;100.47;102.642;95.521;102.327;
1900-01-01 13:03:27;678.0;1745723007;100.39;102.642;95.521;102.311;
1900-01-01 13:03:28;679.0;1745723008;100.39;102.651;95.466;102.406;
1900-01-01 13:03:29;680.0;1745723009;100.296;102.488;95.365;102.406;
1900-01-01 13:03:30;681.0;1745723010;100.346;102.548;95.365;102.297;
1900-01-01 13:03:31;682.0;1745723011;100.346;102.548;95.442;102.314;
1900-01-01 13:03:32;683.0;1745723012;100.372;102.614;95.423;102.314;
1900-01-01 13:03:33;684.0;1745723013;100.271;102.614;95.423;102.354;
1900-01-01 13:03:34;685.0;1745723014;100.271;102.638;95.459;102.348;
1900-01-01 13:03:35;686.0;1745723015;100.224;102.482;95.459;102.348;
1900-01-01 13:03:36;687.0;1745723016;100.286;102.482;95.351;102.298;
1900-01-01 13:03:37;688.0;1745723017;100.286;102.468;95.409;102.382;
1900-01-01 13:03:38;689.0;1745723018;100.265;102.528;95.409;102.382;
1900-01-01 13:03:39;690.0;1745723019;100.158;102.528;95.188;102.29;
1900-01-01 13:03:40;691.0;1745723020;100.158;102.511;95.105;102.289;
1900-01-01 13:03:41;692.0;1745723021;100.282;102.504;95.105;102.289;
1900-01-01 13:03:42;693.0;1745723022;100.27;102.504;95.108;102.359;
1900-01-01 13:03:43;694.0;1745723023;100.27;102.432;95.121;102.359;
1900-01-01 13:03:44;695.0;1745723024;100.26;102.483;95.121;102.295;
1900-01-01 13:03:46;696.0;1745723026;100.25;102.483;95.324;102.339;
1900-01-01 13:03:46;697.0;1745723026;100.25;102.443;95.242;102.339;
1900-01-01 13:03:47;698.0;1745723027;100.343;102.495;95.242;102.224;
1900-01-01 13:03:48;699.0;1745723028;100.343;102.495;95.161;102.316;
1900-01-01 13:03:49;700.0;1745723029;100.422;102.476;95.229;102.316;
1900-01-01 13:03:50;701.0;1745723030;100.307;102.455;95.229;102.412;
1900-01-01 13:03:51;702.0;1745723031;100.307;102.455;95.324;102.253;
1900-01-01 13:03:52;703.0;1745723032;100.345;102.476;95.302;102.253;
1900-01-01 13:03:53;704.0;1745723033;100.414;102.476;95.302;102.251;
1900-01-01 13:03:54;705.0;1745723034;100.414;102.475;95.346;102.433;
1900-01-01 13:03:55;706.0;1745723035;100.347;102.431;95.381;102.433;
1900-01-01 13:03:56;707.0;1745723036;100.389;102.431;95.381;102.406;
1900-01-01 13:03:58;708.0;1745723038;100.389;102.562;95.255;102.388;
1900-01-01 13:03:58;709.0;1745723038;100.367;102.457;95.255;102.388;
1900-01-01 13:03:59;710.0;1745723039;100.511;102.457;95.222;102.375;
1900-01-01 13:04:00;711.0;1745723040;100.511;102.386;95.208;102.409;
1900-01-01 13:04:01;712.0;1745723041;100.374;102.49;95.208;102.409;
1900-01-01 13:04:02;713.0;1745723042;100.299;102.49;95.166;102.359;
1900-01-01 13:04:03;714.0;1745723043;100.299;102.522;95.224;102.391;
1900-01-01 13:04:04;715.0;1745723044;100.275;102.515;95.163;102.391;
1900-01-01 13:04:05;716.0;1745723045;100.237;102.515;95.163;102.416;
1900-01-01 13:04:06;717.0;1745723046;100.237;102.626;95.196;102.416;
1900-01-01 13:04:07;718.0;1745723047;100.161;102.558;95.196;102.273;
1900-01-01 13:04:08;719.0;1745723048;100.3;102.558;95.203;102.398;
1900-01-01 13:04:09;720.0;1745723049;100.3;102.561;95.141;102.392;
1900-01-01 13:04:10;721.0;1745723050;100.202;102.56;95.161;102.392;
1900-01-01 13:04:11;722.0;1745723051;100.215;102.56;95.161;102.384;
1900-01-01 13:04:12;723.0;1745723052;100.215;102.578;95.217;102.384;
1900-01-01 13:04:13;724.0;1745723053;100.247;102.519;95.217;102.358;
1900-01-01 13:04:14;725.0;1745723054;100.18;102.519;95.217;102.358;
1900-01-01 13:04:15;726.0;1745723055;100.18;102.562;95.147;102.391;
1900-01-01 13:04:17;727.0;1745723057;100.291;102.591;95.124;102.391;
1900-01-01 13:04:17;728.0;1745723057;100.244;102.591;95.124;102.359;
1900-01-01 13:04:18;729.0;1745723058;100.244;102.554;95.116;102.359;
1900-01-01 13:04:19;730.0;1745723059;100.258;102.541;95.116;102.359;
1900-01-01 13:04:20;731.0;1745723060;100.231;102.541;95.157;102.312;
1900-01-01 13:04:21;732.0;1745723061;100.231;102.528;95.071;102.354;
1900-01-01 13:04:22;733.0;1745723062;100.253;102.473;95.071;102.354;
1900-01-01 13:04:23;734.0;1745723063;100.178;102.473;95.058;102.325;
1900-01-01 13:04:24;735.0;1745723064;100.178;102.479;95.122;102.329;
1900-01-01 13:04:25;736.0;1745723065;100.083;102.438;95.122;102.329;
1900-01-01 13:04:26;737.0;1745723066;100.083;102.438;95.155;102.293;
1900-01-01 13:04:27;738.0;1745723067;100.053;102.403;95.152;102.261;
1900-01-01 13:04:28;739.0;1745723068;100.026;102.474;95.152;102.261;
1900-01-01 13:04:29;740.0;1745723069;100.026;102.474;95.17;102.283;
1900-01-01 13:04:30;741.0;1745723070;99.988;102.404;95.088;102.283;
1900-01-01 13:04:31;742.0;1745723071;100.061;102.404;95.088;102.355;
1900-01-01 13:04:32;743.0;1745723072;100.061;102.424;95.144;102.337;
1900-01-01 13:04:33;744.0;1745723073;99.994;102.51;94.964;102.337;
1900-01-01 13:04:34;745.0;1745723074;100.097;102.471;94.964;102.38;
1900-01-01 13:04:35;746.0;1745723075;100.097;102.471;95.017;102.402;
1900-01-01 13:04:36;747.0;1745723076;100.132;102.386;94.892;102.402;
1900-01-01 13:04:37;748.0;1745723077;100.158;102.386;94.892;102.304;
1900-01-01 13:04:38;749.0;1745723078;100.158;102.355;95.057;102.275;
1900-01-01 13:04:39;750.0;1745723079;100.236;102.364;94.987;102.275;
1900-01-01 13:04:40;751.0;1745723080;100.199;102.364;94.987;102.383;
1900-01-01 13:04:41;752.0;1745723081;100.199;102.427;94.941;102.334;
1900-01-01 13:04:42;753.0;1745723082;100.233;102.448;94.993;102.334;
1900-01-01 13:04:43;754.0;1745723083;100.1;102.448;94.993;102.39;
1900-01-01 13:04:44;755.0;1745723084;100.1;102.469;94.966;102.334;
1900-01-01 13:04:45;756.0;1745723085;100.186;102.342;94.966;102.334;
1900-01-01 13:04:46;757.0;1745723086;100.128;102.342;95.06;102.279;
1900-01-01 13:04:47;758.0;1745723087;100.128;102.474;95.021;102.387;
1900-01-01 13:04:48;759.0;1745723088;100.031;102.39;95.021;102.387;
1900-01-01 13:04:49;760.0;1745723089;100.009;102.39;95.03;102.354;
1900-01-01 13:04:50;761.0;1745723090;100.009;102.453;94.994;102.368;
1900-01-01 13:04:51;762.0;1745723091;100.077;102.44;94.994;102.368;
1900-01-01 13:04:52;763.0;1745723092;99.993;102.44;94.995;102.355;
1900-01-01 13:04:53;764.0;1745723093;99.993;102.431;94.959;102.338;
1900-01-01 13:04:54;765.0;1745723094;100.043;102.504;94.959;102.338;
1900-01-01 13:04:55;766.0;1745723095;100.043;102.504;94.937;102.301;
1900-01-01 13:04:56;767.0;1745723096;100.149;102.443;95.001;102.398;
1900-01-01 13:04:57;768.0;1745723097;100.025;102.42;95.001;102.398;
1900-01-01 13:04:58;769.0;1745723098;100.025;102.42;95.074;102.267;
1900-01-01 13:04:59;770.0;1745723099;100.085;102.375;94.994;102.267;
1900-01-01 13:05:01;771.0;1745723101;100.056;102.382;94.994;102.348;
1900-01-01 13:05:01;772.0;1745723101;100.056;102.382;94.935;102.247;
1900-01-01 13:05:02;773.0;1745723102;100.086;102.442;94.872;102.247;
1900-01-01 13:05:03;774.0;1745723103;100.174;102.375;94.872;102.386;
1900-01-01 13:05:04;775.0;1745723104;100.174;102.375;94.882;102.379;
1900-01-01 13:05:05;776.0;1745723105;100.071;102.401;94.991;102.379;
1900-01-01 13:05:06;777.0;1745723106;100.077;102.401;94.991;102.367;
1900-01-01 13:05:07;778.0;1745723107;100.077;102.386;94.936;102.409;
1900-01-01 13:05:08;779.0;1745723108;100.11;102.384;94.846;102.409;
1900-01-01 13:05:09;780.0;1745723109;100.102;102.384;94.846;102.348;
1900-01-01 13:05:10;781.0;1745723110;100.102;102.433;94.87;102.36;
1900-01-01 13:05:11;782.0;1745723111;100.053;102.457;94.882;102.36;
1900-01-01 13:05:12;783.0;1745723112;100.098;102.457;94.882;102.355;
1900-01-01 13:05:13;784.0;1745723113;100.098;102.438;94.834;102.405;
1900-01-01 13:05:14;785.0;1745723114;100.171;102.408;94.834;102.405;
1900-01-01 13:05:15;786.0;1745723115;100.056;102.408;94.867;102.394;
1900-01-01 13:05:16;787.0;1745723116;100.056;102.377;94.897;102.254;
1900-01-01 13:05:17;788.0;1745723117;100.133;102.46;94.897;102.254;
1900-01-01 13:05:18;789.0;1745723118;100.143;102.46;94.75;102.353;
1900-01-01 13:05:19;790.0;1745723119;100.143;102.407;94.647;102.392;
1900-01-01 13:05:20;791.0;1745723120;100.039;102.366;94.647;102.392;
1900-01-01 13:05:21;792.0;1745723121;100.039;102.366;94.777;102.37;
1900-01-01 13:05:22;793.0;1745723122;100.024;102.412;94.838;102.312;
1900-01-01 13:05:23;794.0;1745723123;100.027;102.412;94.838;102.312;
1900-01-01 13:05:24;795.0;1745723124;100.027;102.405;94.841;102.387;
1900-01-01 13:05:25;796.0;1745723125;100.062;102.349;94.867;102.387;
1900-01-01 13:05:26;797.0;1745723126;100.096;102.349;94.867;102.337;
1900-01-01 13:05:27;798.0;1745723127;100.096;102.365;94.836;102.378;
1900-01-01 13:05:28;799.0;1745723128;100.15;102.32;94.772;102.378;
1900-01-01 13:05:29;800.0;1745723129;100.053;102.32;94.772;102.261;
1900-01-01 13:05:30;801.0;1745723130;100.053;102.395;94.695;102.388;
1900-01-01 13:05:31;802.0;1745723131;100.045;102.412;94.731;102.388;
1900-01-01 13:05:32;803.0;1745723132;100.108;102.412;94.731;102.291;
1900-01-01 13:05:33;804.0;1745723133;100.108;102.358;94.835;102.273;
1900-01-01 13:05:34;805.0;1745723134;99.952;102.33;94.78;102.273;
1900-01-01 13:05:35;806.0;1745723135;99.957;102.33;94.78;102.431;
1900-01-01 13:05:36;807.0;1745723136;99.957;102.308;94.729;102.223;
1900-01-01 13:05:37;808.0;1745723137;99.961;102.317;94.729;102.223;
1900-01-01 13:05:38;809.0;1745723138;99.84;102.317;94.694;102.256;
1900-01-01 13:05:39;810.0;1745723139;99.84;102.35;94.675;102.307;
1900-01-01 13:05:40;811.0;1745723140;99.866;102.329;94.675;102.307;
1900-01-01 13:05:41;812.0;1745723141;99.866;102.329;94.717;102.371;
1900-01-01 13:05:42;813.0;1745723142;99.805;102.279;94.727;102.428;
1900-01-01 13:05:43;814.0;1745723143;99.811;102.249;94.727;102.428;
1900-01-01 13:05:44;815.0;1745723144;99.811;102.249;94.804;102.313;
1900-01-01 13:05:45;816.0;1745723145;99.776;102.266;94.797;102.313;
1900-01-01 13:05:46;817.0;1745723146;99.785;102.266;94.797;102.336;
1900-01-01 13:05:47;818.0;1745723147;99.785;102.244;94.718;102.356;
1900-01-01 13:05:48;819.0;1745723148;99.808;102.199;94.71;102.356;
1900-01-01 13:05:49;820.0;1745723149;99.85;102.227;94.71;102.238;
1900-01-01 13:05:50;821.0;1745723150;99.85;102.227;94.637;102.423;
1900-01-01 13:05:51;822.0;1745723151;99.852;102.305;94.673;102.423;
1900-01-01 13:05:52;823.0;1745723152;99.853;102.305;94.673;102.349;
1900-01-01 13:05:53;824.0;1745723153;99.853;102.263;94.807;102.422;
1900-01-01 13:05:54;825.0;1745723154;99.877;102.27;94.75;102.422;
1900-01-01 13:05:55;826.0;1745723155;99.807;102.27;94.75;102.388;
1900-01-01 13:05:56;827.0;1745723156;99.807;102.114;94.719;102.379;
1900-01-01 13:05:58;828.0;1745723158;99.942;102.203;94.705;102.379;
1900-01-01 13:05:58;829.0;1745723158;99.867;102.203;94.705;102.335;
1900-01-01 13:05:59;830.0;1745723159;99.867;102.317;94.609;102.331;
1900-01-01 13:06:00;831.0;1745723160;99.935;102.355;94.609;102.331;
1900-01-01 13:06:01;832.0;1745723161;99.935;102.355;94.554;102.353;
1900-01-01 13:06:02;833.0;1745723162;99.947;102.277;94.603;102.36;
1900-01-01 13:06:03;834.0;1745723163;99.929;102.262;94.603;102.36;
1900-01-01 13:06:04;835.0;1745723164;99.929;102.262;94.592;102.39;
1900-01-01 13:06:05;836.0;1745723165;99.962;102.258;94.563;102.39;
1900-01-01 13:06:06;837.0;1745723166;99.959;102.294;94.563;102.347;
1900-01-01 13:06:07;838.0;1745723167;99.959;102.294;94.496;102.321;
1900-01-01 13:06:08;839.0;1745723168;99.906;102.186;94.479;102.321;
1900-01-01 13:06:09;840.0;1745723169;99.955;102.199;94.479;102.359;
1900-01-01 13:06:10;841.0;1745723170;99.955;102.199;94.449;102.369;
1900-01-01 13:06:11;842.0;1745723171;99.805;102.296;94.477;102.369;
1900-01-01 13:06:12;843.0;1745723172;99.799;102.296;94.477;102.41;
1900-01-01 13:06:13;844.0;1745723173;99.799;102.23;94.431;102.327;
1900-01-01 13:06:14;845.0;1745723174;99.807;102.218;94.541;102.327;
1900-01-01 13:06:15;846.0;1745723175;99.822;102.218;94.541;102.371;
1900-01-01 13:06:16;847.0;1745723176;99.822;102.21;94.532;102.317;
1900-01-01 13:06:17;848.0;1745723177;99.83;102.258;94.532;102.317;
1900-01-01 13:06:18;849.0;1745723178;99.809;102.258;94.624;102.311;
1900-01-01 13:06:19;850.0;1745723179;99.809;102.247;94.594;102.362;
1900-01-01 13:06:20;851.0;1745723180;99.91;102.229;94.594;102.362;
1900-01-01 13:06:21;852.0;1745723181;99.82;102.229;94.701;102.34;
1900-01-01 13:06:22;853.0;1745723182;99.82;102.224;94.615;102.395;
1900-01-01 13:06:23;854.0;1745723183;99.86;102.202;94.615;102.395;
1900-01-01 13:06:24;855.0;1745723184;99.944;102.202;94.609;102.304;
1900-01-01 13:06:25;856.0;1745723185;99.944;102.243;94.623;102.331;
1900-01-01 13:06:26;857.0;1745723186;99.884;102.237;94.623;102.331;
1900-01-01 13:06:27;858.0;1745723187;99.884;102.237;94.514;102.304;
1900-01-01 13:06:28;859.0;1745723188;99.769;102.25;94.468;102.376;
1900-01-01 13:06:29;860.0;1745723189;99.832;102.25;94.468;102.376;
1900-01-01 13:06:30;861.0;1745723190;99.832;102.295;94.502;102.349;
1900-01-01 13:06:31;862.0;1745723191;99.792;102.275;94.542;102.349;
1900-01-01 13:06:32;863.0;1745723192;99.806;102.275;94.542;102.382;
1900-01-01 13:06:33;864.0;1745723193;99.806;102.315;94.442;102.303;
1900-01-01 13:06:34;865.0;1745723194;99.72;102.182;94.34;102.303;
1900-01-01 13:06:35;866.0;1745723195;99.71;102.182;94.34;102.363;
1900-01-01 13:06:36;867.0;1745723196;99.71;102.235;94.359;102.374;
1900-01-01 13:06:37;868.0;1745723197;99.719;102.258;94.359;102.374;
1900-01-01 13:06:38;869.0;1745723198;99.575;102.258;94.425;102.349;
1900-01-01 13:06:39;870.0;1745723199;99.575;102.204;94.497;102.34;
1900-01-01 13:06:41;871.0;1745723201;99.709;102.169;94.476;102.34;
1900-01-01 13:06:41;872.0;1745723201;99.797;102.169;94.476;102.359;
1900-01-01 13:06:42;873.0;1745723202;99.797;102.173;94.379;102.303;
1900-01-01 13:06:43;874.0;1745723203;99.682;102.12;94.379;102.303;
1900-01-01 13:06:44;875.0;1745723204;99.684;102.12;94.413;102.298;
1900-01-01 13:06:45;876.0;1745723205;99.684;102.18;94.338;102.298;
1900-01-01 13:06:46;877.0;1745723206;99.744;102.215;94.338;102.314;
1900-01-01 13:06:47;878.0;1745723207;99.748;102.215;94.274;102.418;
1900-01-01 13:06:48;879.0;1745723208;99.748;102.198;94.252;102.418;
1900-01-01 13:06:49;880.0;1745723209;99.773;102.159;94.252;102.4;
1900-01-01 13:06:50;881.0;1745723210;99.773;102.159;94.234;102.365;
1900-01-01 13:06:51;882.0;1745723211;99.778;102.173;94.137;102.418;
1900-01-01 13:06:52;883.0;1745723212;99.829;102.173;94.137;102.418;
1900-01-01 13:06:53;884.0;1745723213;99.829;102.187;94.133;102.395;
1900-01-01 13:06:54;885.0;1745723214;99.803;102.083;94.19;102.395;
1900-01-01 13:06:55;886.0;1745723215;99.812;102.092;94.19;102.395;
1900-01-01 13:06:56;887.0;1745723216;99.812;102.092;94.227;102.306;
1900-01-01 13:06:57;888.0;1745723217;99.75;102.092;94.254;102.306;
1900-01-01 13:06:58;889.0;1745723218;99.66;102.092;94.254;102.385;
1900-01-01 13:06:59;890.0;1745723219;99.66;102.046;94.386;102.408;
1900-01-01 13:07:00;891.0;1745723220;99.674;102.006;94.372;102.408;
1900-01-01 13:07:01;892.0;1745723221;99.725;102.006;94.372;102.393;
1900-01-01 13:07:02;893.0;1745723222;99.725;102.069;94.364;102.312;
1900-01-01 13:07:03;894.0;1745723223;99.674;102.086;94.354;102.312;
1900-01-01 13:07:04;895.0;1745723224;99.589;102.086;94.354;102.339;
1900-01-01 13:07:05;896.0;1745723225;99.589;102.101;94.378;102.308;
1900-01-01 13:07:06;897.0;1745723226;99.604;102.04;94.378;102.308;
1900-01-01 13:07:07;898.0;1745723227;99.581;102.04;94.317;102.345;
1900-01-01 13:07:08;899.0;1745723228;99.581;102.104;94.397;102.383;
1900-01-01 13:07:09;900.0;1745723229;99.595;101.99;94.397;102.383;
1900-01-01 13:07:10;901.0;1745723230;99.603;101.99;94.322;102.301;
1900-01-01 13:07:11;902.0;1745723231;99.603;102.039;94.291;102.301;
1900-01-01 13:07:12;903.0;1745723232;99.628;102.015;94.291;102.301;
1900-01-01 13:07:14;904.0;1745723234;99.582;102.015;94.173;102.266;
1900-01-01 13:07:14;905.0;1745723234;99.582;102.007;94.241;102.266;
1900-01-01 13:07:15;906.0;1745723235;99.562;102.049;94.241;102.268;
1900-01-01 13:07:16;907.0;1745723236;99.58;102.049;94.174;102.357;
1900-01-01 13:07:17;908.0;1745723237;99.58;101.995;94.268;102.389;
1900-01-01 13:07:18;909.0;1745723238;99.595;102.214;94.268;102.389;
1900-01-01 13:07:19;910.0;1745723239;99.595;102.214;94.295;102.319;
1900-01-01 13:07:20;911.0;1745723240;99.58;101.987;94.263;102.458;
1900-01-01 13:07:21;912.0;1745723241;99.601;102.094;94.263;102.458;
1900-01-01 13:07:22;913.0;1745723242;99.601;102.094;94.343;102.383;
1900-01-01 13:07:23;914.0;1745723243;99.504;102.14;94.261;102.383;
1900-01-01 13:07:25;915.0;1745723245;99.486;102.027;94.261;102.333;
1900-01-01 13:07:25;916.0;1745723245;99.486;102.027;94.137;102.405;
1900-01-01 13:07:26;917.0;1745723246;99.495;101.969;94.099;102.405;
1900-01-01 13:07:27;918.0;1745723247;99.555;101.969;94.099;102.322;
1900-01-01 13:07:28;919.0;1745723248;99.555;101.994;94.124;102.357;
1900-01-01 13:07:29;920.0;1745723249;99.459;102.006;94.184;102.357;
1900-01-01 13:07:30;921.0;1745723250;99.535;102.006;94.184;102.363;
1900-01-01 13:07:31;922.0;1745723251;99.535;101.94;94.159;102.393;
1900-01-01 13:07:32;923.0;1745723252;99.526;101.984;94.159;102.393;
1900-01-01 13:07:33;924.0;1745723253;99.547;101.984;94.127;102.411;
1900-01-01 13:07:34;925.0;1745723254;99.547;102.049;94.259;102.411;
1900-01-01 13:07:35;926.0;1745723255;99.621;102.079;94.259;102.374;
1900-01-01 13:07:36;927.0;1745723256;99.622;102.079;94.162;102.35;
1900-01-01 13:07:37;928.0;1745723257;99.622;102.022;94.007;102.35;
1900-01-01 13:07:38;929.0;1745723258;99.596;102.008;94.007;102.336;
1900-01-01 13:07:39;930.0;1745723259;99.593;102.008;94.027;102.402;
1900-01-01 13:07:40;931.0;1745723260;99.593;101.967;94.003;102.402;
1900-01-01 13:07:41;932.0;1745723261;99.516;102.024;94.003;102.345;
1900-01-01 13:07:42;933.0;1745723262;99.516;102.024;94.124;102.424;
1900-01-01 13:07:43;934.0;1745723263;99.535;102.018;94.102;102.424;
1900-01-01 13:07:44;935.0;1745723264;99.501;102.018;94.102;102.275;
1900-01-01 13:07:45;936.0;1745723265;99.501;101.95;94.083;102.382;
1900-01-01 13:07:46;937.0;1745723266;99.482;101.956;94.09;102.382;
1900-01-01 13:07:47;938.0;1745723267;99.507;101.956;94.09;102.375;
1900-01-01 13:07:48;939.0;1745723268;99.507;101.949;94.003;102.429;
1900-01-01 13:07:49;940.0;1745723269;99.461;101.93;94.012;102.429;
1900-01-01 13:07:50;941.0;1745723270;99.371;101.93;94.012;102.411;
1900-01-01 13:07:51;942.0;1745723271;99.371;101.91;93.957;102.427;
1900-01-01 13:07:52;943.0;1745723272;99.325;101.861;93.957;102.427;
1900-01-01 13:07:53;944.0;1745723273;99.458;101.861;93.884;102.302;
1900-01-01 13:07:54;945.0;1745723274;99.458;101.846;93.844;102.361;
1900-01-01 13:07:55;946.0;1745723275;99.423;101.891;93.844;102.361;
1900-01-01 13:07:56;947.0;1745723276;99.445;101.891;93.819;102.371;
1900-01-01 13:07:57;948.0;1745723277;99.445;101.859;93.96;102.375;
1900-01-01 13:07:58;949.0;1745723278;99.473;101.938;93.96;102.375;
1900-01-01 13:07:59;950.0;1745723279;99.546;101.938;93.943;102.428;
1900-01-01 13:08:00;951.0;1745723280;99.546;101.92;94.016;102.389;
1900-01-01 13:08:01;952.0;1745723281;99.441;101.917;94.016;102.389;
1900-01-01 13:08:02;953.0;1745723282;99.457;101.917;94.039;102.427;
1900-01-01 13:08:03;954.0;1745723283;99.457;101.832;93.944;102.427;
1900-01-01 13:08:04;955.0;1745723284;99.408;101.908;93.944;102.422;
1900-01-01 13:08:05;956.0;1745723285;99.408;101.908;93.945;102.374;
1900-01-01 13:08:06;957.0;1745723286;99.39;101.88;93.942;102.374;
1900-01-01 13:08:07;958.0;1745723287;99.424;101.88;93.942;102.35;
1900-01-01 13:08:08;959.0;1745723288;99.424;101.942;94.015;102.438;
1900-01-01 13:08:09;960.0;1745723289;99.411;101.882;94.015;102.438;
1900-01-01 13:08:10;961.0;1745723290;99.294;101.882;94.014;102.302;
1900-01-01 13:08:11;962.0;1745723291;99.294;101.872;93.918;102.343;
1900-01-01 13:08:12;963.0;1745723292;99.229;101.895;93.918;102.343;
1900-01-01 13:08:13;964.0;1745723293;99.227;101.895;93.915;102.377;
1900-01-01 13:08:14;965.0;1745723294;99.227;101.737;93.903;102.427;
1900-01-01 13:08:15;966.0;1745723295;99.149;101.853;93.903;102.427;
1900-01-01 13:08:16;967.0;1745723296;99.071;101.853;93.751;102.359;
1900-01-01 13:08:17;968.0;1745723297;99.071;101.864;93.758;102.359;
1900-01-01 13:08:18;969.0;1745723298;99.136;101.838;93.758;102.413;
1900-01-01 13:08:19;970.0;1745723299;99.136;101.838;93.838;102.392;
1900-01-01 13:08:20;971.0;1745723300;99.159;101.844;93.939;102.392;
1900-01-01 13:08:21;972.0;1745723301;99.173;101.865;93.939;102.38;
1900-01-01 13:08:22;973.0;1745723302;99.173;101.865;93.937;102.416;
1900-01-01 13:08:23;974.0;1745723303;99.257;101.84;93.931;102.416;
1900-01-01 13:08:24;975.0;1745723304;99.348;101.76;93.931;102.393;
1900-01-01 13:08:25;976.0;1745723305;99.348;101.76;93.962;102.427;
1900-01-01 13:08:26;977.0;1745723306;99.339;101.778;93.938;102.427;
1900-01-01 13:08:27;978.0;1745723307;99.452;101.926;93.938;102.383;
1900-01-01 13:08:28;979.0;1745723308;99.452;101.926;94.007;102.465;
1900-01-01 13:08:29;980.0;1745723309;99.463;101.729;94.061;102.465;
1900-01-01 13:08:31;981.0;1745723311;99.537;101.854;94.061;102.531;
1900-01-01 13:08:31;982.0;1745723311;99.537;101.854;94.049;102.461;
1900-01-01 13:08:32;983.0;1745723312;99.553;101.839;93.957;102.461;
1900-01-01 13:08:33;984.0;1745723313;99.54;101.815;93.957;102.279;
1900-01-01 13:08:34;985.0;1745723314;99.54;101.815;93.939;102.377;
1900-01-01 13:08:35;986.0;1745723315;99.462;101.849;93.939;102.377;
1900-01-01 13:08:36;987.0;1745723316;99.448;101.849;93.935;102.409;
1900-01-01 13:08:37;988.0;1745723317;99.448;101.827;93.932;102.409;
1900-01-01 13:08:38;989.0;1745723318;99.387;101.848;93.932;102.316;
1900-01-01 13:08:39;990.0;1745723319;99.326;101.848;93.756;102.267;
1900-01-01 13:08:40;991.0;1745723320;99.326;101.83;93.728;102.267;
1900-01-01 13:08:41;992.0;1745723321;99.171;101.841;93.728;102.384;
1900-01-01 13:08:42;993.0;1745723322;99.254;101.841;93.601;102.377;
1900-01-01 13:08:43;994.0;1745723323;99.254;101.836;93.63;102.337;
1900-01-01 13:08:44;995.0;1745723324;99.234;101.886;93.63;102.337;
1900-01-01 13:08:45;996.0;1745723325;99.234;101.886;93.711;102.276;
1900-01-01 13:08:46;997.0;1745723326;99.226;101.855;93.707;102.276;
1900-01-01 13:08:47;998.0;1745723327;99.25;101.855;93.707;102.267;
1900-01-01 13:08:48;999.0;1745723328;99.25;101.929;93.624;102.379;
1900-01-01 13:08:49;1000.0;1745723329;99.23;101.813;93.624;102.379;
1900-01-01 13:08:50;1001.0;1745723330;99.211;101.813;93.568;102.301;
1900-01-01 13:08:51;1002.0;1745723331;99.211;101.847;93.553;102.333;
1900-01-01 13:08:52;1003.0;1745723332;99.232;101.917;93.553;102.333;
1900-01-01 13:08:53;1004.0;1745723333;99.206;101.917;93.601;102.37;
1900-01-01 13:08:54;1005.0;1745723334;99.206;101.922;93.63;102.353;
1900-01-01 13:08:55;1006.0;1745723335;99.198;101.877;93.63;102.353;
1900-01-01 13:08:56;1007.0;1745723336;99.152;101.877;93.713;102.354;
1900-01-01 13:08:57;1008.0;1745723337;99.152;101.875;93.754;102.264;
1900-01-01 13:08:58;1009.0;1745723338;98.996;101.814;93.754;102.264;
1900-01-01 13:08:59;1010.0;1745723339;98.996;101.814;93.762;102.314;
1900-01-01 13:09:00;1011.0;1745723340;98.987;101.712;93.875;102.314;
1900-01-01 13:09:01;1012.0;1745723341;99.007;101.75;93.875;102.381;
1900-01-01 13:09:02;1013.0;1745723342;99.007;101.75;93.752;102.35;
1900-01-01 13:09:03;1014.0;1745723343;99.144;101.741;93.711;102.35;
1900-01-01 13:09:04;1015.0;1745723344;99.075;101.757;93.711;102.362;
1900-01-01 13:09:05;1016.0;1745723345;99.075;101.757;93.713;102.334;
1900-01-01 13:09:06;1017.0;1745723346;99.116;101.742;93.727;102.334;
1900-01-01 13:09:07;1018.0;1745723347;99.155;101.748;93.727;102.402;
1900-01-01 13:09:08;1019.0;1745723348;99.155;101.748;93.706;102.406;
1900-01-01 13:09:10;1020.0;1745723350;99.129;101.787;93.663;102.393;
1900-01-01 13:09:10;1021.0;1745723350;99.146;101.787;93.663;102.393;
1900-01-01 13:09:11;1022.0;1745723351;99.146;101.676;93.678;102.421;
1900-01-01 13:09:12;1023.0;1745723352;99.161;101.79;93.678;102.421;
1900-01-01 13:09:13;1024.0;1745723353;99.15;101.674;93.678;102.361;
1900-01-01 13:09:14;1025.0;1745723354;99.15;101.674;93.629;102.411;
1900-01-01 13:09:15;1026.0;1745723355;99.231;101.681;93.576;102.411;
1900-01-01 13:09:16;1027.0;1745723356;99.275;101.682;93.576;102.379;
1900-01-01 13:09:17;1028.0;1745723357;99.275;101.682;93.615;102.438;
1900-01-01 13:09:18;1029.0;1745723358;99.299;101.672;93.572;102.438;
1900-01-01 13:09:19;1030.0;1745723359;99.275;101.673;93.572;102.393;
1900-01-01 13:09:20;1031.0;1745723360;99.275;101.673;93.542;102.36;
1900-01-01 13:09:21;1032.0;1745723361;99.261;101.745;93.478;102.36;
1900-01-01 13:09:22;1033.0;1745723362;99.339;101.703;93.478;102.303;
1900-01-01 13:09:23;1034.0;1745723363;99.339;101.703;93.426;102.365;
1900-01-01 13:09:24;1035.0;1745723364;99.231;101.67;93.344;102.365;
1900-01-01 13:09:25;1036.0;1745723365;99.283;101.67;93.344;102.403;
1900-01-01 13:09:26;1037.0;1745723366;99.283;101.661;93.351;102.313;
1900-01-01 13:09:27;1038.0;1745723367;99.152;101.773;93.377;102.313;
1900-01-01 13:09:28;1039.0;1745723368;99.092;101.703;93.377;102.419;
1900-01-01 13:09:29;1040.0;1745723369;99.092;101.703;93.479;102.331;
1900-01-01 13:09:30;1041.0;1745723370;99.02;101.687;93.599;102.331;
1900-01-01 13:09:31;1042.0;1745723371;98.976;101.687;93.599;102.457;
1900-01-01 13:09:32;1043.0;1745723372;98.976;101.674;93.48;102.424;
1900-01-01 13:09:33;1044.0;1745723373;98.957;101.674;93.48;102.424;
1900-01-01 13:09:34;1045.0;1745723374;98.931;101.674;93.461;102.337;
1900-01-01 13:09:35;1046.0;1745723375;98.931;101.725;93.512;102.343;
1900-01-01 13:09:36;1047.0;1745723376;98.88;101.78;93.45;102.343;
1900-01-01 13:09:37;1048.0;1745723377;98.975;101.78;93.45;102.394;
1900-01-01 13:09:38;1049.0;1745723378;98.975;101.713;93.434;102.414;
1900-01-01 13:09:39;1050.0;1745723379;98.907;101.713;93.434;102.414;
1900-01-01 13:09:41;1051.0;1745723381;98.91;101.713;93.407;102.459;
1900-01-01 13:09:41;1052.0;1745723381;98.91;101.718;93.515;102.393;
1900-01-01 13:09:42;1053.0;1745723382;98.955;101.613;93.515;102.393;
1900-01-01 13:09:44;1054.0;1745723384;98.905;101.613;93.503;102.353;
1900-01-01 13:09:44;1055.0;1745723384;98.905;101.695;93.434;102.353;
1900-01-01 13:09:45;1056.0;1745723385;99.095;101.622;93.434;102.445;
1900-01-01 13:09:46;1057.0;1745723386;99.042;101.622;93.555;102.343;
1900-01-01 13:09:47;1058.0;1745723387;99.042;101.672;93.446;102.343;
1900-01-01 13:09:48;1059.0;1745723388;99.117;101.61;93.446;102.372;
1900-01-01 13:09:49;1060.0;1745723389;99.117;101.61;93.476;102.341;
1900-01-01 13:09:50;1061.0;1745723390;99.183;101.609;93.409;102.341;
1900-01-01 13:09:51;1062.0;1745723391;99.116;101.609;93.409;102.328;
1900-01-01 13:09:52;1063.0;1745723392;99.116;101.647;93.45;102.445;
1900-01-01 13:09:53;1064.0;1745723393;99.139;101.701;93.372;102.445;
1900-01-01 13:09:54;1065.0;1745723394;99.143;101.701;93.372;102.421;
1900-01-01 13:09:55;1066.0;1745723395;99.143;101.699;93.334;102.323;
1900-01-01 13:09:56;1067.0;1745723396;99.07;101.743;93.334;102.323;
1900-01-01 13:09:57;1068.0;1745723397;99.144;101.743;93.242;102.414;
1900-01-01 13:09:58;1069.0;1745723398;99.144;101.565;93.327;102.426;
1900-01-01 13:09:59;1070.0;1745723399;99.148;101.627;93.327;102.426;
1900-01-01 13:10:00;1071.0;1745723400;99.083;101.627;93.313;102.4;
1900-01-01 13:10:01;1072.0;1745723401;99.083;101.641;93.27;102.4;
1900-01-01 13:10:02;1073.0;1745723402;99.169;101.648;93.27;102.455;
1900-01-01 13:10:03;1074.0;1745723403;99.101;101.648;93.342;102.366;
1900-01-01 13:10:05;1075.0;1745723405;99.101;101.674;93.37;102.427;
1900-01-01 13:10:05;1076.0;1745723405;99.103;101.639;93.37;102.427;
1900-01-01 13:10:06;1077.0;1745723406;99.103;101.639;93.294;102.454;
1900-01-01 13:10:07;1078.0;1745723407;99.013;101.633;93.251;102.441;
1900-01-01 13:10:08;1079.0;1745723408;98.938;101.736;93.251;102.441;
1900-01-01 13:10:09;1080.0;1745723409;98.938;101.736;93.271;102.46;
1900-01-01 13:10:10;1081.0;1745723410;98.909;101.717;93.262;102.46;
1900-01-01 13:10:11;1082.0;1745723411;98.905;101.635;93.262;102.469;
1900-01-01 13:10:12;1083.0;1745723412;98.905;101.635;93.348;102.489;
1900-01-01 13:10:13;1084.0;1745723413;98.882;101.711;93.322;102.489;
1900-01-01 13:10:14;1085.0;1745723414;98.847;101.63;93.322;102.472;
1900-01-01 13:10:15;1086.0;1745723415;98.847;101.63;93.345;102.478;
1900-01-01 13:10:16;1087.0;1745723416;98.886;101.633;93.273;102.478;
1900-01-01 13:10:18;1088.0;1745723418;98.866;101.728;93.273;102.44;
1900-01-01 13:10:18;1089.0;1745723418;98.866;101.728;93.318;102.443;
1900-01-01 13:10:19;1090.0;1745723419;98.817;101.652;93.291;102.443;
1900-01-01 13:10:20;1091.0;1745723420;98.926;101.652;93.291;102.441;
1900-01-01 13:10:21;1092.0;1745723421;98.926;101.66;93.282;102.452;
1900-01-01 13:10:22;1093.0;1745723422;98.856;101.626;93.282;102.452;
1900-01-01 13:10:23;1094.0;1745723423;98.785;101.626;93.283;102.434;
1900-01-01 13:10:24;1095.0;1745723424;98.785;101.627;93.293;102.434;
1900-01-01 13:10:25;1096.0;1745723425;98.749;101.595;93.293;102.429;
1900-01-01 13:10:26;1097.0;1745723426;98.684;101.595;93.32;102.464;
1900-01-01 13:10:27;1098.0;1745723427;98.684;101.61;93.2;102.464;
1900-01-01 13:10:28;1099.0;1745723428;98.795;101.495;93.2;102.471;
1900-01-01 13:10:30;1100.0;1745723430;98.795;101.495;93.191;102.446;
1900-01-01 13:10:30;1101.0;1745723430;98.795;101.52;93.197;102.446;
1900-01-01 13:10:31;1102.0;1745723431;98.852;101.485;93.197;102.414;
1900-01-01 13:10:32;1103.0;1745723432;98.852;101.485;93.309;102.42;
1900-01-01 13:10:33;1104.0;1745723433;98.843;101.452;93.299;102.42;
1900-01-01 13:10:34;1105.0;1745723434;98.778;101.452;93.299;102.43;
1900-01-01 13:10:35;1106.0;1745723435;98.778;101.563;93.254;102.484;
1900-01-01 13:10:36;1107.0;1745723436;98.74;101.571;93.267;102.484;
1900-01-01 13:10:37;1108.0;1745723437;98.699;101.571;93.267;102.475;
1900-01-01 13:10:38;1109.0;1745723438;98.699;101.522;93.195;102.438;
1900-01-01 13:10:39;1110.0;1745723439;98.625;101.539;93.08;102.438;
1900-01-01 13:10:40;1111.0;1745723440;98.695;101.549;93.08;102.409;
1900-01-01 13:10:41;1112.0;1745723441;98.695;101.549;92.95;102.424;
1900-01-01 13:10:42;1113.0;1745723442;98.635;101.515;92.95;102.424;
1900-01-01 13:10:43;1114.0;1745723443;98.622;101.515;93.036;102.446;
1900-01-01 13:10:44;1115.0;1745723444;98.622;101.498;93.028;102.454;
1900-01-01 13:10:45;1116.0;1745723445;98.667;101.548;93.028;102.454;
1900-01-01 13:10:46;1117.0;1745723446;98.726;101.548;93.232;102.375;
1900-01-01 13:10:47;1118.0;1745723447;98.726;101.514;93.241;102.391;
1900-01-01 13:10:48;1119.0;1745723448;98.798;101.496;93.241;102.391;
1900-01-01 13:10:49;1120.0;1745723449;98.964;101.496;93.218;102.335;
1900-01-01 13:10:50;1121.0;1745723450;98.964;101.607;93.194;102.333;
1900-01-01 13:10:51;1122.0;1745723451;98.868;101.497;93.194;102.333;
1900-01-01 13:10:52;1123.0;1745723452;98.932;101.497;93.067;102.436;
1900-01-01 13:10:53;1124.0;1745723453;98.932;101.501;93.078;102.463;
1900-01-01 13:10:54;1125.0;1745723454;98.905;101.575;93.078;102.463;
1900-01-01 13:10:55;1126.0;1745723455;98.917;101.575;93.142;102.443;
1900-01-01 13:10:56;1127.0;1745723456;98.917;101.555;93.17;102.443;
1900-01-01 13:10:57;1128.0;1745723457;98.844;101.551;93.17;102.412;
1900-01-01 13:10:58;1129.0;1745723458;98.844;101.551;93.128;102.5;
1900-01-01 13:10:59;1130.0;1745723459;98.784;101.465;93.103;102.5;
1900-01-01 13:11:00;1131.0;1745723460;98.767;101.465;93.103;102.363;
1900-01-01 13:11:01;1132.0;1745723461;98.767;101.478;93.046;102.359;
1900-01-01 13:11:02;1133.0;1745723462;98.737;101.465;92.915;102.359;
1900-01-01 13:11:03;1134.0;1745723463;98.705;101.465;92.915;102.408;
1900-01-01 13:11:04;1135.0;1745723464;98.705;101.508;92.879;102.415;
1900-01-01 13:11:05;1136.0;1745723465;98.69;101.457;92.806;102.415;
1900-01-01 13:11:06;1137.0;1745723466;98.643;101.457;92.806;102.459;
1900-01-01 13:11:07;1138.0;1745723467;98.643;101.444;92.836;102.435;
1900-01-01 13:11:08;1139.0;1745723468;98.565;101.425;92.836;102.435;
1900-01-01 13:11:10;1140.0;1745723470;98.608;101.425;92.837;102.454;
1900-01-01 13:11:10;1141.0;1745723470;98.608;101.432;92.761;102.414;
1900-01-01 13:11:11;1142.0;1745723471;98.641;101.473;92.761;102.414;
1900-01-01 13:11:12;1143.0;1745723472;98.656;101.473;92.742;102.396;
1900-01-01 13:11:13;1144.0;1745723473;98.656;101.459;92.806;102.439;
1900-01-01 13:11:14;1145.0;1745723474;98.586;101.44;92.806;102.439;
1900-01-01 13:11:15;1146.0;1745723475;98.643;101.44;92.841;102.382;
1900-01-01 13:11:16;1147.0;1745723476;98.643;101.392;92.932;102.35;
1900-01-01 13:11:17;1148.0;1745723477;98.648;101.422;92.932;102.35;
1900-01-01 13:11:18;1149.0;1745723478;98.648;101.422;92.987;102.378;
1900-01-01 13:11:19;1150.0;1745723479;98.649;101.465;92.887;102.378;
1900-01-01 13:11:20;1151.0;1745723480;98.632;101.35;92.887;102.435;
1900-01-01 13:11:22;1152.0;1745723482;98.654;101.35;92.849;102.437;
1900-01-01 13:11:22;1153.0;1745723482;98.654;101.258;92.821;102.437;
1900-01-01 13:11:23;1154.0;1745723483;98.602;101.366;92.821;102.354;
1900-01-01 13:11:24;1155.0;1745723484;98.602;101.366;92.996;102.398;
1900-01-01 13:11:25;1156.0;1745723485;98.487;101.378;92.914;102.398;
1900-01-01 13:11:26;1157.0;1745723486;98.48;101.324;92.914;102.4;
1900-01-01 13:11:27;1158.0;1745723487;98.48;101.324;92.922;102.411;
1900-01-01 13:11:28;1159.0;1745723488;98.477;101.346;92.833;102.411;
1900-01-01 13:11:29;1160.0;1745723489;98.508;101.346;92.833;102.365;
1900-01-01 13:11:30;1161.0;1745723490;98.508;101.345;92.877;102.4;
1900-01-01 13:11:31;1162.0;1745723491;98.547;101.337;92.862;102.4;
1900-01-01 13:11:32;1163.0;1745723492;98.532;101.337;92.862;102.467;
1900-01-01 13:11:33;1164.0;1745723493;98.532;101.35;92.832;102.455;
1900-01-01 13:11:34;1165.0;1745723494;98.527;101.354;92.846;102.455;
1900-01-01 13:11:35;1166.0;1745723495;98.449;101.354;92.846;102.311;
1900-01-01 13:11:36;1167.0;1745723496;98.449;101.374;92.952;102.399;
1900-01-01 13:11:37;1168.0;1745723497;98.439;101.397;92.952;102.399;
1900-01-01 13:11:38;1169.0;1745723498;98.465;101.397;92.863;102.428;
1900-01-01 13:11:39;1170.0;1745723499;98.465;101.429;92.979;102.428;
1900-01-01 13:11:40;1171.0;1745723500;98.541;101.308;92.979;102.445;
1900-01-01 13:11:41;1172.0;1745723501;98.549;101.308;92.862;102.482;
1900-01-01 13:11:42;1173.0;1745723502;98.549;101.424;92.875;102.482;
1900-01-01 13:11:43;1174.0;1745723503;98.506;101.333;92.875;102.431;
1900-01-01 13:11:44;1175.0;1745723504;98.532;101.333;92.779;102.415;
1900-01-01 13:11:46;1176.0;1745723506;98.532;101.284;92.779;102.36;
1900-01-01 13:11:46;1177.0;1745723506;98.552;101.344;92.779;102.36;
1900-01-01 13:11:47;1178.0;1745723507;98.552;101.344;92.802;102.444;
1900-01-01 13:11:48;1179.0;1745723508;98.439;101.356;92.831;102.46;
1900-01-01 13:11:49;1180.0;1745723509;98.462;101.356;92.831;102.46;
1900-01-01 13:11:50;1181.0;1745723510;98.462;101.314;92.806;102.402;
1900-01-01 13:11:51;1182.0;1745723511;98.512;101.338;92.808;102.402;
1900-01-01 13:11:52;1183.0;1745723512;98.472;101.383;92.808;102.481;
1900-01-01 13:11:53;1184.0;1745723513;98.472;101.383;92.825;102.417;
1900-01-01 13:11:54;1185.0;1745723514;98.516;101.395;92.781;102.417;
1900-01-01 13:11:55;1186.0;1745723515;98.577;101.326;92.781;102.473;
1900-01-01 13:11:56;1187.0;1745723516;98.577;101.326;92.863;102.478;
1900-01-01 13:11:57;1188.0;1745723517;98.543;101.316;92.875;102.478;
1900-01-01 13:11:58;1189.0;1745723518;98.623;101.316;92.875;102.38;
1900-01-01 13:11:59;1190.0;1745723519;98.623;101.347;92.764;102.423;
1900-01-01 13:12:00;1191.0;1745723520;98.563;101.313;92.886;102.423;
1900-01-01 13:12:01;1192.0;1745723521;98.677;101.319;92.886;102.464;
1900-01-01 13:12:02;1193.0;1745723522;98.677;101.319;92.788;102.377;
1900-01-01 13:12:03;1194.0;1745723523;98.643;101.264;92.729;102.377;
1900-01-01 13:12:04;1195.0;1745723524;98.467;101.264;92.729;102.48;
1900-01-01 13:12:06;1196.0;1745723526;98.467;101.323;92.733;102.46;
1900-01-01 13:12:06;1197.0;1745723526;98.464;101.315;92.733;102.46;
1900-01-01 13:12:07;1198.0;1745723527;98.495;101.315;92.854;102.498;
1900-01-01 13:12:08;1199.0;1745723528;98.495;101.387;92.761;102.518;
1900-01-01 13:12:09;1200.0;1745723529;98.515;101.27;92.761;102.518;
