Time;Seconds from start for linreg;Unix Time;ch1 po2;ch2 po2;ch3 po2;ch4 po2;
1900-01-01 13:17:10;1.0;1745723830;101.69;103.424;98.342;102.46;
1900-01-01 13:17:12;2.0;1745723832;101.618;103.496;98.342;102.442;
1900-01-01 13:17:12;3.0;1745723832;101.618;103.496;98.33;102.44;
1900-01-01 13:17:13;4.0;1745723833;101.756;103.488;98.174;102.44;
1900-01-01 13:17:14;5.0;1745723834;101.728;103.488;98.174;102.4;
1900-01-01 13:17:15;6.0;1745723835;101.728;103.451;98.105;102.422;
1900-01-01 13:17:16;7.0;1745723836;101.79;103.508;98.166;102.422;
1900-01-01 13:17:17;8.0;1745723837;101.838;103.508;98.166;102.365;
1900-01-01 13:17:18;9.0;1745723838;101.838;103.535;98.169;102.447;
1900-01-01 13:17:19;10.0;1745723839;101.77;103.43;98.169;102.447;
1900-01-01 13:17:20;11.0;1745723840;101.77;103.43;98.186;102.477;
1900-01-01 13:17:21;12.0;1745723841;101.813;103.459;98.23;102.477;
1900-01-01 13:17:22;13.0;1745723842;101.768;103.497;98.23;102.361;
1900-01-01 13:17:23;14.0;1745723843;101.768;103.497;98.324;102.473;
1900-01-01 13:17:24;15.0;1745723844;101.816;103.506;98.332;102.473;
1900-01-01 13:17:25;16.0;1745723845;101.748;103.494;98.332;102.389;
1900-01-01 13:17:26;17.0;1745723846;101.748;103.494;98.389;102.426;
1900-01-01 13:17:27;18.0;1745723847;101.792;103.438;98.382;102.426;
1900-01-01 13:17:28;19.0;1745723848;101.763;103.497;98.382;102.442;
1900-01-01 13:17:29;20.0;1745723849;101.763;103.497;98.363;102.509;
1900-01-01 13:17:30;21.0;1745723850;101.75;103.461;98.359;102.509;
1900-01-01 13:17:31;22.0;1745723851;101.615;103.461;98.359;102.473;
1900-01-01 13:17:32;23.0;1745723852;101.615;103.475;98.404;102.401;
1900-01-01 13:17:33;24.0;1745723853;101.608;103.432;98.374;102.401;
1900-01-01 13:17:34;25.0;1745723854;101.755;103.432;98.374;102.444;
1900-01-01 13:17:35;26.0;1745723855;101.755;103.397;98.379;102.4;
1900-01-01 13:17:36;27.0;1745723856;101.665;103.455;98.292;102.4;
1900-01-01 13:17:37;28.0;1745723857;101.644;103.455;98.292;102.431;
1900-01-01 13:17:38;29.0;1745723858;101.644;103.452;98.224;102.426;
1900-01-01 13:17:39;30.0;1745723859;101.677;103.382;98.225;102.426;
1900-01-01 13:17:40;31.0;1745723860;101.706;103.382;98.225;102.423;
1900-01-01 13:17:41;32.0;1745723861;101.706;103.45;98.214;102.476;
1900-01-01 13:17:42;33.0;1745723862;101.711;103.479;98.288;102.476;
1900-01-01 13:17:44;34.0;1745723864;101.732;103.479;98.288;102.4;
1900-01-01 13:17:44;35.0;1745723864;101.732;103.42;98.147;102.452;
1900-01-01 13:17:45;36.0;1745723865;101.696;103.396;98.147;102.452;
1900-01-01 13:17:47;37.0;1745723867;101.64;103.396;98.163;102.495;
1900-01-01 13:17:47;38.0;1745723867;101.64;103.439;98.124;102.495;
1900-01-01 13:17:48;39.0;1745723868;101.648;103.463;98.124;102.424;
1900-01-01 13:17:49;40.0;1745723869;101.648;103.463;98.186;102.449;
1900-01-01 13:17:50;41.0;1745723870;101.661;103.403;98.199;102.449;
1900-01-01 13:17:51;42.0;1745723871;101.671;103.335;98.199;102.452;
1900-01-01 13:17:52;43.0;1745723872;101.671;103.335;98.267;102.421;
1900-01-01 13:17:53;44.0;1745723873;101.679;103.381;98.293;102.421;
1900-01-01 13:17:55;45.0;1745723875;101.698;103.397;98.293;102.526;
1900-01-01 13:17:55;46.0;1745723875;101.698;103.397;98.224;102.503;
1900-01-01 13:17:56;47.0;1745723876;101.71;103.362;98.245;102.503;
1900-01-01 13:17:57;48.0;1745723877;101.722;103.412;98.245;102.554;
1900-01-01 13:17:58;49.0;1745723878;101.722;103.412;98.244;102.458;
1900-01-01 13:17:59;50.0;1745723879;101.738;103.501;98.133;102.458;
1900-01-01 13:18:00;51.0;1745723880;101.826;103.501;98.133;102.468;
1900-01-01 13:18:01;52.0;1745723881;101.826;103.385;98.158;102.517;
1900-01-01 13:18:02;53.0;1745723882;101.863;103.431;98.158;102.517;
1900-01-01 13:18:03;54.0;1745723883;101.814;103.431;98.038;102.46;
1900-01-01 13:18:04;55.0;1745723884;101.814;103.481;98.074;102.497;
1900-01-01 13:18:05;56.0;1745723885;101.855;103.47;98.074;102.497;
1900-01-01 13:18:06;57.0;1745723886;101.777;103.47;98.036;102.493;
1900-01-01 13:18:07;58.0;1745723887;101.777;103.43;98.029;102.504;
1900-01-01 13:18:08;59.0;1745723888;101.716;103.403;98.029;102.504;
1900-01-01 13:18:09;60.0;1745723889;101.716;103.403;98.051;102.505;
1900-01-01 13:18:10;61.0;1745723890;101.679;103.472;98.03;102.387;
1900-01-01 13:18:11;62.0;1745723891;101.609;103.525;98.03;102.387;
1900-01-01 13:18:13;63.0;1745723893;101.567;103.525;97.998;102.501;
1900-01-01 13:18:13;64.0;1745723893;101.567;103.463;98.057;102.501;
1900-01-01 13:18:14;65.0;1745723894;101.648;103.479;98.057;102.477;
1900-01-01 13:18:15;66.0;1745723895;101.648;103.479;98.112;102.428;
1900-01-01 13:18:16;67.0;1745723896;101.534;103.444;98.135;102.428;
1900-01-01 13:18:17;68.0;1745723897;101.654;103.436;98.135;102.431;
1900-01-01 13:18:18;69.0;1745723898;101.654;103.436;98.124;102.4;
1900-01-01 13:18:19;70.0;1745723899;101.613;103.371;98.129;102.4;
1900-01-01 13:18:20;71.0;1745723900;101.67;103.371;98.129;102.309;
1900-01-01 13:18:21;72.0;1745723901;101.67;103.507;98.049;102.467;
1900-01-01 13:18:22;73.0;1745723902;101.69;103.451;98.049;102.467;
1900-01-01 13:18:23;74.0;1745723903;101.7;103.451;98.063;102.436;
1900-01-01 13:18:24;75.0;1745723904;101.7;103.495;98.049;102.424;
1900-01-01 13:18:25;76.0;1745723905;101.671;103.438;98.049;102.424;
1900-01-01 13:18:26;77.0;1745723906;101.626;103.438;98.104;102.402;
1900-01-01 13:18:27;78.0;1745723907;101.626;103.446;98.062;102.402;
1900-01-01 13:18:28;79.0;1745723908;101.684;103.442;98.062;102.402;
1900-01-01 13:18:29;80.0;1745723909;101.717;103.442;98.045;102.398;
1900-01-01 13:18:30;81.0;1745723910;101.717;103.401;98.044;102.398;
1900-01-01 13:18:31;82.0;1745723911;101.563;103.375;98.044;102.421;
1900-01-01 13:18:32;83.0;1745723912;101.698;103.375;98.15;102.413;
1900-01-01 13:18:33;84.0;1745723913;101.698;103.471;98.156;102.413;
1900-01-01 13:18:34;85.0;1745723914;101.72;103.493;98.156;102.453;
1900-01-01 13:18:35;86.0;1745723915;101.72;103.493;98.211;102.427;
1900-01-01 13:18:36;87.0;1745723916;101.69;103.371;98.185;102.427;
1900-01-01 13:18:37;88.0;1745723917;101.584;103.371;98.185;102.374;
1900-01-01 13:18:38;89.0;1745723918;101.584;103.461;98.129;102.462;
1900-01-01 13:18:39;90.0;1745723919;101.533;103.412;98.126;102.462;
1900-01-01 13:18:40;91.0;1745723920;101.539;103.412;98.126;102.469;
1900-01-01 13:18:41;92.0;1745723921;101.539;103.411;98.031;102.481;
1900-01-01 13:18:42;93.0;1745723922;101.556;103.463;97.894;102.481;
1900-01-01 13:18:44;94.0;1745723924;101.486;103.488;97.894;102.43;
1900-01-01 13:18:44;95.0;1745723924;101.486;103.488;97.722;102.392;
1900-01-01 13:18:45;96.0;1745723925;101.524;103.463;97.791;102.392;
1900-01-01 13:18:46;97.0;1745723926;101.589;103.463;97.791;102.404;
1900-01-01 13:18:47;98.0;1745723927;101.589;103.413;97.844;102.428;
1900-01-01 13:18:48;99.0;1745723928;101.511;103.469;97.844;102.428;
1900-01-01 13:18:49;100.0;1745723929;101.618;103.469;97.856;102.459;
1900-01-01 13:18:50;101.0;1745723930;101.618;103.436;97.842;102.459;
1900-01-01 13:18:51;102.0;1745723931;101.555;103.447;97.842;102.463;
1900-01-01 13:18:52;103.0;1745723932;101.578;103.447;97.924;102.404;
1900-01-01 13:18:53;104.0;1745723933;101.578;103.371;97.922;102.404;
1900-01-01 13:18:54;105.0;1745723934;101.596;103.478;97.922;102.481;
1900-01-01 13:18:55;106.0;1745723935;101.619;103.478;97.921;102.442;
1900-01-01 13:18:56;107.0;1745723936;101.619;103.375;97.945;102.442;
1900-01-01 13:18:57;108.0;1745723937;101.592;103.478;97.945;102.544;
1900-01-01 13:18:59;109.0;1745723939;101.564;103.478;98.018;102.444;
1900-01-01 13:18:59;110.0;1745723939;101.564;103.474;98.004;102.444;
1900-01-01 13:19:00;111.0;1745723940;101.65;103.444;98.004;102.482;
1900-01-01 13:19:01;112.0;1745723941;101.65;103.444;98.013;102.464;
1900-01-01 13:19:02;113.0;1745723942;101.707;103.494;98.013;102.464;
1900-01-01 13:19:04;114.0;1745723944;101.667;103.418;98.013;102.47;
1900-01-01 13:19:04;115.0;1745723944;101.667;103.418;98.037;102.456;
1900-01-01 13:19:05;116.0;1745723945;101.632;103.491;97.923;102.456;
1900-01-01 13:19:06;117.0;1745723946;101.606;103.491;97.923;102.359;
1900-01-01 13:19:07;118.0;1745723947;101.606;103.433;98.0;102.404;
1900-01-01 13:19:08;119.0;1745723948;101.649;103.458;98.0;102.404;
1900-01-01 13:19:09;120.0;1745723949;101.609;103.458;97.977;102.448;
1900-01-01 13:19:10;121.0;1745723950;101.609;103.537;97.936;102.506;
1900-01-01 13:19:11;122.0;1745723951;101.577;103.449;97.933;102.506;
1900-01-01 13:19:12;123.0;1745723952;101.556;103.449;97.933;102.436;
1900-01-01 13:19:13;124.0;1745723953;101.556;103.47;97.957;102.584;
1900-01-01 13:19:14;125.0;1745723954;101.458;103.39;97.923;102.584;
1900-01-01 13:19:15;126.0;1745723955;101.444;103.39;97.923;102.465;
1900-01-01 13:19:16;127.0;1745723956;101.444;103.44;97.994;102.512;
1900-01-01 13:19:17;128.0;1745723957;101.476;103.432;98.012;102.512;
1900-01-01 13:19:18;129.0;1745723958;101.503;103.432;98.012;102.464;
1900-01-01 13:19:19;130.0;1745723959;101.503;103.465;98.02;102.497;
1900-01-01 13:19:20;131.0;1745723960;101.478;103.38;98.02;102.497;
1900-01-01 13:19:21;132.0;1745723961;101.494;103.38;97.951;102.442;
1900-01-01 13:19:22;133.0;1745723962;101.494;103.496;97.9;102.52;
1900-01-01 13:19:23;134.0;1745723963;101.483;103.46;97.9;102.52;
1900-01-01 13:19:24;135.0;1745723964;101.511;103.46;97.915;102.499;
1900-01-01 13:19:25;136.0;1745723965;101.511;103.447;97.811;102.488;
1900-01-01 13:19:26;137.0;1745723966;101.445;103.452;97.811;102.488;
1900-01-01 13:19:27;138.0;1745723967;101.469;103.452;97.778;102.526;
1900-01-01 13:19:28;139.0;1745723968;101.469;103.39;97.773;102.447;
1900-01-01 13:19:29;140.0;1745723969;101.501;103.457;97.773;102.447;
1900-01-01 13:19:30;141.0;1745723970;101.501;103.457;97.778;102.452;
1900-01-01 13:19:31;142.0;1745723971;101.452;103.353;97.727;102.452;
1900-01-01 13:19:32;143.0;1745723972;101.471;103.353;97.727;102.457;
1900-01-01 13:19:33;144.0;1745723973;101.471;103.486;97.808;102.381;
1900-01-01 13:19:34;145.0;1745723974;101.455;103.375;97.697;102.381;
1900-01-01 13:19:36;146.0;1745723976;101.454;103.516;97.697;102.545;
1900-01-01 13:19:36;147.0;1745723976;101.454;103.516;97.724;102.434;
1900-01-01 13:19:37;148.0;1745723977;101.409;103.465;97.821;102.434;
1900-01-01 13:19:38;149.0;1745723978;101.538;103.465;97.821;102.428;
1900-01-01 13:19:39;150.0;1745723979;101.538;103.505;97.755;102.478;
1900-01-01 13:19:40;151.0;1745723980;101.466;103.462;97.687;102.478;
1900-01-01 13:19:41;152.0;1745723981;101.476;103.462;97.687;102.537;
1900-01-01 13:19:42;153.0;1745723982;101.476;103.426;97.753;102.456;
1900-01-01 13:19:43;154.0;1745723983;101.573;103.463;97.728;102.456;
1900-01-01 13:19:44;155.0;1745723984;101.603;103.463;97.728;102.546;
1900-01-01 13:19:45;156.0;1745723985;101.603;103.482;97.686;102.459;
1900-01-01 13:19:46;157.0;1745723986;101.591;103.398;97.686;102.459;
1900-01-01 13:19:47;158.0;1745723987;101.574;103.398;97.669;102.487;
1900-01-01 13:19:48;159.0;1745723988;101.574;103.457;97.802;102.412;
1900-01-01 13:19:49;160.0;1745723989;101.584;103.387;97.802;102.412;
1900-01-01 13:19:50;161.0;1745723990;101.558;103.387;97.679;102.439;
1900-01-01 13:19:51;162.0;1745723991;101.558;103.312;97.739;102.439;
1900-01-01 13:19:52;163.0;1745723992;101.414;103.374;97.739;102.484;
1900-01-01 13:19:53;164.0;1745723993;101.489;103.374;97.724;102.402;
1900-01-01 13:19:55;165.0;1745723995;101.489;103.393;97.753;102.429;
1900-01-01 13:19:55;166.0;1745723995;101.533;103.371;97.753;102.429;
1900-01-01 13:19:56;167.0;1745723996;101.533;103.371;97.805;102.473;
1900-01-01 13:19:57;168.0;1745723997;101.402;103.331;97.707;102.473;
1900-01-01 13:19:58;169.0;1745723998;101.388;103.331;97.707;102.486;
1900-01-01 13:19:59;170.0;1745723999;101.388;103.331;97.564;102.441;
1900-01-01 13:20:00;171.0;1745724000;101.496;103.372;97.723;102.441;
1900-01-01 13:20:01;172.0;1745724001;101.505;103.372;97.723;102.45;
1900-01-01 13:20:02;173.0;1745724002;101.505;103.286;97.81;102.456;
1900-01-01 13:20:03;174.0;1745724003;101.557;103.448;97.748;102.456;
1900-01-01 13:20:04;175.0;1745724004;101.514;103.448;97.748;102.504;
1900-01-01 13:20:05;176.0;1745724005;101.514;103.461;97.703;102.512;
1900-01-01 13:20:06;177.0;1745724006;101.579;103.366;97.689;102.512;
1900-01-01 13:20:07;178.0;1745724007;101.541;103.366;97.689;102.376;
1900-01-01 13:20:08;179.0;1745724008;101.541;103.369;97.608;102.514;
1900-01-01 13:20:09;180.0;1745724009;101.471;103.353;97.608;102.514;
1900-01-01 13:20:10;181.0;1745724010;101.403;103.353;97.671;102.455;
1900-01-01 13:20:12;182.0;1745724012;101.403;103.313;97.74;102.48;
1900-01-01 13:20:12;183.0;1745724012;101.377;103.452;97.74;102.48;
1900-01-01 13:20:13;184.0;1745724013;101.324;103.452;97.703;102.546;
1900-01-01 13:20:14;185.0;1745724014;101.324;103.472;97.59;102.498;
1900-01-01 13:20:15;186.0;1745724015;101.373;103.418;97.59;102.498;
1900-01-01 13:20:16;187.0;1745724016;101.373;103.418;97.545;102.476;
1900-01-01 13:20:17;188.0;1745724017;101.391;103.382;97.553;102.476;
1900-01-01 13:20:18;189.0;1745724018;101.437;103.375;97.553;102.483;
1900-01-01 13:20:19;190.0;1745724019;101.468;103.375;97.62;102.411;
1900-01-01 13:20:20;191.0;1745724020;101.468;103.347;97.725;102.411;
1900-01-01 13:20:21;192.0;1745724021;101.334;103.434;97.725;102.455;
1900-01-01 13:20:22;193.0;1745724022;101.334;103.434;97.763;102.469;
1900-01-01 13:20:23;194.0;1745724023;101.397;103.3;97.693;102.469;
1900-01-01 13:20:24;195.0;1745724024;101.325;103.3;97.693;102.508;
1900-01-01 13:20:25;196.0;1745724025;101.325;103.378;97.72;102.448;
1900-01-01 13:20:26;197.0;1745724026;101.36;103.396;97.692;102.448;
1900-01-01 13:20:27;198.0;1745724027;101.263;103.396;97.692;102.495;
1900-01-01 13:20:28;199.0;1745724028;101.263;103.423;97.644;102.463;
1900-01-01 13:20:29;200.0;1745724029;101.278;103.448;97.581;102.463;
1900-01-01 13:20:30;201.0;1745724030;101.386;103.448;97.581;102.585;
1900-01-01 13:20:31;202.0;1745724031;101.386;103.376;97.602;102.534;
1900-01-01 13:20:32;203.0;1745724032;101.3;103.367;97.568;102.534;
1900-01-01 13:20:33;204.0;1745724033;101.347;103.367;97.568;102.528;
1900-01-01 13:20:34;205.0;1745724034;101.347;103.436;97.576;102.522;
1900-01-01 13:20:35;206.0;1745724035;101.271;103.383;97.576;102.522;
1900-01-01 13:20:37;207.0;1745724037;101.197;103.383;97.575;102.529;
1900-01-01 13:20:37;208.0;1745724037;101.197;103.387;97.459;102.517;
1900-01-01 13:20:38;209.0;1745724038;101.229;103.346;97.459;102.517;
1900-01-01 13:20:39;210.0;1745724039;101.268;103.346;97.579;102.614;
1900-01-01 13:20:40;211.0;1745724040;101.268;103.378;97.576;102.614;
1900-01-01 13:20:41;212.0;1745724041;101.306;103.35;97.576;102.473;
1900-01-01 13:20:42;213.0;1745724042;101.306;103.35;97.568;102.494;
1900-01-01 13:20:43;214.0;1745724043;101.298;103.42;97.523;102.494;
1900-01-01 13:20:44;215.0;1745724044;101.311;103.407;97.523;102.483;
1900-01-01 13:20:45;216.0;1745724045;101.311;103.407;97.448;102.453;
1900-01-01 13:20:46;217.0;1745724046;101.295;103.416;97.483;102.453;
1900-01-01 13:20:47;218.0;1745724047;101.33;103.416;97.483;102.481;
1900-01-01 13:20:48;219.0;1745724048;101.33;103.4;97.409;102.442;
1900-01-01 13:20:49;220.0;1745724049;101.387;103.425;97.425;102.442;
1900-01-01 13:20:51;221.0;1745724051;101.289;103.396;97.425;102.554;
1900-01-01 13:20:51;222.0;1745724051;101.289;103.396;97.38;102.48;
1900-01-01 13:20:52;223.0;1745724052;101.311;103.456;97.38;102.48;
1900-01-01 13:20:53;224.0;1745724053;101.296;103.426;97.38;102.595;
1900-01-01 13:20:54;225.0;1745724054;101.296;103.426;97.412;102.545;
1900-01-01 13:20:55;226.0;1745724055;101.437;103.371;97.431;102.545;
1900-01-01 13:20:56;227.0;1745724056;101.247;103.371;97.431;102.483;
1900-01-01 13:20:57;228.0;1745724057;101.247;103.298;97.423;102.584;
1900-01-01 13:20:58;229.0;1745724058;101.382;103.392;97.423;102.584;
1900-01-01 13:20:59;230.0;1745724059;101.391;103.392;97.577;102.468;
1900-01-01 13:21:00;231.0;1745724060;101.391;103.354;97.59;102.468;
1900-01-01 13:21:01;232.0;1745724061;101.316;103.357;97.59;102.568;
1900-01-01 13:21:02;233.0;1745724062;101.301;103.357;97.667;102.589;
1900-01-01 13:21:03;234.0;1745724063;101.301;103.281;97.687;102.433;
1900-01-01 13:21:04;235.0;1745724064;101.326;103.431;97.687;102.433;
1900-01-01 13:21:05;236.0;1745724065;101.35;103.431;97.718;102.537;
1900-01-01 13:21:06;237.0;1745724066;101.35;103.414;97.669;102.553;
1900-01-01 13:21:07;238.0;1745724067;101.31;103.244;97.669;102.553;
1900-01-01 13:21:08;239.0;1745724068;101.31;103.244;97.57;102.533;
1900-01-01 13:21:09;240.0;1745724069;101.291;103.394;97.415;102.533;
1900-01-01 13:21:10;241.0;1745724070;101.26;103.354;97.415;102.547;
1900-01-01 13:21:11;242.0;1745724071;101.26;103.354;97.415;102.529;
1900-01-01 13:21:12;243.0;1745724072;101.208;103.35;97.446;102.529;
1900-01-01 13:21:13;244.0;1745724073;101.306;103.426;97.446;102.464;
1900-01-01 13:21:14;245.0;1745724074;101.306;103.426;97.493;102.525;
1900-01-01 13:21:15;246.0;1745724075;101.187;103.401;97.448;102.525;
1900-01-01 13:21:16;247.0;1745724076;101.136;103.401;97.448;102.536;
1900-01-01 13:21:17;248.0;1745724077;101.136;103.393;97.413;102.511;
1900-01-01 13:21:18;249.0;1745724078;101.118;103.477;97.317;102.511;
1900-01-01 13:21:20;250.0;1745724080;101.177;103.477;97.317;102.516;
1900-01-01 13:21:20;251.0;1745724080;101.177;103.384;97.354;102.525;
1900-01-01 13:21:21;252.0;1745724081;101.24;103.418;97.354;102.525;
1900-01-01 13:21:22;253.0;1745724082;101.247;103.418;97.287;102.384;
1900-01-01 13:21:23;254.0;1745724083;101.247;103.405;97.32;102.384;
1900-01-01 13:21:24;255.0;1745724084;101.2;103.301;97.32;102.395;
1900-01-01 13:21:25;256.0;1745724085;101.189;103.301;97.412;102.52;
1900-01-01 13:21:26;257.0;1745724086;101.189;103.384;97.426;102.47;
1900-01-01 13:21:27;258.0;1745724087;101.155;103.463;97.426;102.47;
1900-01-01 13:21:28;259.0;1745724088;101.155;103.463;97.365;102.559;
1900-01-01 13:21:29;260.0;1745724089;101.11;103.307;97.378;102.469;
1900-01-01 13:21:30;261.0;1745724090;101.127;103.352;97.378;102.469;
1900-01-01 13:21:31;262.0;1745724091;101.127;103.352;97.325;102.429;
1900-01-01 13:21:32;263.0;1745724092;101.056;103.272;97.346;102.429;
1900-01-01 13:21:34;264.0;1745724094;101.173;103.357;97.346;102.486;
1900-01-01 13:21:34;265.0;1745724094;101.173;103.357;97.383;102.563;
1900-01-01 13:21:35;266.0;1745724095;101.234;103.347;97.417;102.563;
1900-01-01 13:21:36;267.0;1745724096;101.285;103.347;97.417;102.499;
1900-01-01 13:21:37;268.0;1745724097;101.285;103.364;97.347;102.515;
1900-01-01 13:21:38;269.0;1745724098;101.312;103.353;97.347;102.515;
1900-01-01 13:21:39;270.0;1745724099;101.32;103.353;97.466;102.566;
1900-01-01 13:21:40;271.0;1745724100;101.32;103.31;97.442;102.481;
1900-01-01 13:21:41;272.0;1745724101;101.23;103.294;97.442;102.481;
1900-01-01 13:21:42;273.0;1745724102;101.234;103.294;97.576;102.559;
1900-01-01 13:21:43;274.0;1745724103;101.234;103.349;97.545;102.543;
1900-01-01 13:21:44;275.0;1745724104;101.225;103.283;97.545;102.543;
1900-01-01 13:21:45;276.0;1745724105;101.126;103.283;97.475;102.497;
1900-01-01 13:21:46;277.0;1745724106;101.126;103.335;97.472;102.545;
1900-01-01 13:21:47;278.0;1745724107;101.152;103.314;97.472;102.545;
1900-01-01 13:21:48;279.0;1745724108;101.152;103.314;97.362;102.592;
1900-01-01 13:21:50;280.0;1745724110;101.187;103.319;97.32;102.507;
1900-01-01 13:21:50;281.0;1745724110;101.188;103.367;97.32;102.507;
1900-01-01 13:21:51;282.0;1745724111;101.188;103.367;97.207;102.464;
1900-01-01 13:21:52;283.0;1745724112;101.169;103.299;97.136;102.464;
1900-01-01 13:21:53;284.0;1745724113;101.103;103.299;97.136;102.614;
1900-01-01 13:21:54;285.0;1745724114;101.103;103.261;97.152;102.544;
1900-01-01 13:21:55;286.0;1745724115;101.133;103.295;97.202;102.544;
1900-01-01 13:21:56;287.0;1745724116;101.136;103.295;97.202;102.548;
1900-01-01 13:21:57;288.0;1745724117;101.136;103.29;97.131;102.442;
1900-01-01 13:21:59;289.0;1745724119;101.077;103.255;97.178;102.442;
1900-01-01 13:21:59;290.0;1745724119;101.21;103.255;97.178;102.51;
1900-01-01 13:22:00;291.0;1745724120;101.21;103.195;97.153;102.498;
1900-01-01 13:22:01;292.0;1745724121;101.182;103.23;97.166;102.498;
1900-01-01 13:22:02;293.0;1745724122;101.094;103.23;97.166;102.48;
1900-01-01 13:22:03;294.0;1745724123;101.094;103.255;97.173;102.548;
1900-01-01 13:22:04;295.0;1745724124;101.053;103.301;97.225;102.548;
1900-01-01 13:22:06;296.0;1745724126;101.049;103.301;97.225;102.464;
1900-01-01 13:22:06;297.0;1745724126;101.049;103.298;97.143;102.498;
1900-01-01 13:22:07;298.0;1745724127;101.046;103.299;97.143;102.498;
1900-01-01 13:22:09;299.0;1745724129;100.993;103.299;97.211;102.449;
1900-01-01 13:22:09;300.0;1745724129;100.993;103.311;97.23;102.492;
1900-01-01 13:22:10;301.0;1745724130;100.994;103.316;97.23;102.492;
1900-01-01 13:22:11;302.0;1745724131;100.994;103.316;97.265;102.572;
1900-01-01 13:22:12;303.0;1745724132;100.921;103.288;97.23;102.479;
1900-01-01 13:22:13;304.0;1745724133;100.853;103.288;97.23;102.479;
1900-01-01 13:22:14;305.0;1745724134;100.853;103.288;97.193;102.504;
1900-01-01 13:22:15;306.0;1745724135;100.88;103.362;97.252;102.504;
1900-01-01 13:22:16;307.0;1745724136;100.827;103.327;97.252;102.553;
1900-01-01 13:22:17;308.0;1745724137;100.827;103.327;97.224;102.482;
1900-01-01 13:22:18;309.0;1745724138;100.707;103.363;97.171;102.482;
1900-01-01 13:22:19;310.0;1745724139;100.612;103.363;97.171;102.464;
1900-01-01 13:22:20;311.0;1745724140;100.612;103.239;97.093;102.528;
1900-01-01 13:22:21;312.0;1745724141;100.478;103.353;97.093;102.528;
1900-01-01 13:22:22;313.0;1745724142;100.506;103.353;97.053;102.482;
1900-01-01 13:22:23;314.0;1745724143;100.506;103.266;97.081;102.556;
1900-01-01 13:22:24;315.0;1745724144;100.41;103.317;97.081;102.556;
1900-01-01 13:22:25;316.0;1745724145;100.487;103.317;97.063;102.523;
1900-01-01 13:22:26;317.0;1745724146;100.487;103.302;97.087;102.531;
1900-01-01 13:22:27;318.0;1745724147;100.523;103.249;97.087;102.531;
1900-01-01 13:22:28;319.0;1745724148;100.496;103.249;97.109;102.465;
1900-01-01 13:22:29;320.0;1745724149;100.496;103.309;97.126;102.608;
1900-01-01 13:22:30;321.0;1745724150;100.535;103.344;97.126;102.608;
1900-01-01 13:22:31;322.0;1745724151;100.535;103.344;97.013;102.588;
1900-01-01 13:22:32;323.0;1745724152;100.584;103.263;97.041;102.52;
1900-01-01 13:22:33;324.0;1745724153;100.607;103.235;97.041;102.52;
1900-01-01 13:22:34;325.0;1745724154;100.607;103.235;97.108;102.612;
1900-01-01 13:22:35;326.0;1745724155;100.635;103.262;97.143;102.612;
1900-01-01 13:22:36;327.0;1745724156;100.679;103.314;97.143;102.533;
1900-01-01 13:22:37;328.0;1745724157;100.679;103.314;97.241;102.572;
1900-01-01 13:22:38;329.0;1745724158;100.756;103.262;97.061;102.572;
1900-01-01 13:22:39;330.0;1745724159;100.775;103.199;97.061;102.558;
1900-01-01 13:22:40;331.0;1745724160;100.775;103.199;97.049;102.512;
1900-01-01 13:22:41;332.0;1745724161;100.751;103.243;97.15;102.512;
1900-01-01 13:22:42;333.0;1745724162;100.764;103.245;97.15;102.542;
1900-01-01 13:22:43;334.0;1745724163;100.764;103.245;97.135;102.565;
1900-01-01 13:22:44;335.0;1745724164;100.749;103.253;97.008;102.565;
1900-01-01 13:22:45;336.0;1745724165;100.747;103.253;97.008;102.444;
1900-01-01 13:22:46;337.0;1745724166;100.747;103.239;97.033;102.62;
1900-01-01 13:22:47;338.0;1745724167;100.65;103.207;97.033;102.62;
1900-01-01 13:22:48;339.0;1745724168;100.657;103.207;96.96;102.554;
1900-01-01 13:22:49;340.0;1745724169;100.657;103.214;96.881;102.568;
1900-01-01 13:22:50;341.0;1745724170;100.654;103.298;96.881;102.568;
1900-01-01 13:22:51;342.0;1745724171;100.744;103.298;96.969;102.534;
1900-01-01 13:22:52;343.0;1745724172;100.744;103.215;97.044;102.534;
1900-01-01 13:22:53;344.0;1745724173;100.638;103.176;97.044;102.569;
1900-01-01 13:22:54;345.0;1745724174;100.755;103.176;97.049;102.502;
1900-01-01 13:22:55;346.0;1745724176;100.755;103.16;97.152;102.546;
1900-01-01 13:22:56;347.0;1745724176;100.755;103.256;97.152;102.546;
1900-01-01 13:22:57;348.0;1745724177;100.755;103.256;97.069;102.525;
1900-01-01 13:22:59;349.0;1745724179;100.793;103.253;97.054;102.537;
1900-01-01 13:22:59;350.0;1745724179;100.763;103.253;97.054;102.537;
1900-01-01 13:23:00;351.0;1745724180;100.763;103.216;97.074;102.558;
1900-01-01 13:23:01;352.0;1745724181;100.758;103.266;96.995;102.558;
1900-01-01 13:23:02;353.0;1745724182;100.663;103.266;96.995;102.556;
1900-01-01 13:23:03;354.0;1745724183;100.663;103.2;96.988;102.563;
1900-01-01 13:23:04;355.0;1745724184;100.661;103.243;97.052;102.563;
1900-01-01 13:23:05;356.0;1745724185;100.705;103.243;97.052;102.525;
1900-01-01 13:23:06;357.0;1745724186;100.705;103.279;97.078;102.516;
1900-01-01 13:23:07;358.0;1745724187;100.623;103.257;96.952;102.516;
1900-01-01 13:23:08;359.0;1745724188;100.63;103.257;96.952;102.539;
1900-01-01 13:23:09;360.0;1745724189;100.63;103.309;96.998;102.508;
1900-01-01 13:23:10;361.0;1745724190;100.675;103.268;96.998;102.508;
1900-01-01 13:23:11;362.0;1745724191;100.69;103.268;96.948;102.573;
1900-01-01 13:23:12;363.0;1745724192;100.69;103.225;96.979;102.573;
1900-01-01 13:23:13;364.0;1745724193;100.695;103.29;96.979;102.618;
1900-01-01 13:23:14;365.0;1745724194;100.688;103.29;96.941;102.511;
1900-01-01 13:23:15;366.0;1745724195;100.688;103.206;96.757;102.558;
1900-01-01 13:23:16;367.0;1745724196;100.7;103.2;96.757;102.558;
1900-01-01 13:23:17;368.0;1745724197;100.703;103.2;96.805;102.436;
1900-01-01 13:23:18;369.0;1745724198;100.703;103.307;96.824;102.436;
1900-01-01 13:23:19;370.0;1745724199;100.656;103.297;96.824;102.499;
1900-01-01 13:23:20;371.0;1745724200;100.656;103.297;96.923;102.542;
1900-01-01 13:23:21;372.0;1745724201;100.677;103.262;96.929;102.542;
1900-01-01 13:23:22;373.0;1745724202;100.696;103.262;96.929;102.55;
1900-01-01 13:23:23;374.0;1745724203;100.696;103.275;97.048;102.598;
1900-01-01 13:23:24;375.0;1745724204;100.722;103.194;97.074;102.598;
1900-01-01 13:23:25;376.0;1745724205;100.682;103.194;97.074;102.602;
1900-01-01 13:23:26;377.0;1745724206;100.682;103.336;96.961;102.559;
1900-01-01 13:23:27;378.0;1745724207;100.717;103.231;96.961;102.559;
1900-01-01 13:23:28;379.0;1745724208;100.626;103.231;96.962;102.595;
1900-01-01 13:23:29;380.0;1745724209;100.626;103.235;96.871;102.524;
1900-01-01 13:23:30;381.0;1745724210;100.717;103.234;96.871;102.524;
1900-01-01 13:23:31;382.0;1745724211;100.663;103.234;96.836;102.471;
1900-01-01 13:23:32;383.0;1745724212;100.663;103.276;96.867;102.471;
1900-01-01 13:23:33;384.0;1745724213;100.684;103.249;96.867;102.546;
1900-01-01 13:23:34;385.0;1745724214;100.674;103.249;96.809;102.507;
1900-01-01 13:23:35;386.0;1745724215;100.674;103.212;96.829;102.507;
1900-01-01 13:23:36;387.0;1745724216;100.759;103.239;96.829;102.647;
1900-01-01 13:23:37;388.0;1745724217;100.759;103.239;96.786;102.499;
1900-01-01 13:23:38;389.0;1745724218;100.754;103.304;96.736;102.499;
1900-01-01 13:23:39;390.0;1745724219;100.759;103.207;96.736;102.487;
1900-01-01 13:23:40;391.0;1745724220;100.759;103.207;96.711;102.506;
1900-01-01 13:23:41;392.0;1745724221;100.714;103.212;96.761;102.506;
1900-01-01 13:23:42;393.0;1745724222;100.652;103.212;96.761;102.496;
1900-01-01 13:23:43;394.0;1745724223;100.652;103.234;96.821;102.619;
1900-01-01 13:23:44;395.0;1745724224;100.537;103.191;96.793;102.619;
1900-01-01 13:23:45;396.0;1745724225;100.472;103.19;96.793;102.564;
1900-01-01 13:23:46;397.0;1745724226;100.472;103.19;96.846;102.553;
1900-01-01 13:23:47;398.0;1745724227;100.51;103.105;96.866;102.553;
1900-01-01 13:23:48;399.0;1745724228;100.396;103.105;96.866;102.597;
1900-01-01 13:23:50;400.0;1745724230;100.396;103.188;96.802;102.558;
1900-01-01 13:23:50;401.0;1745724230;100.446;103.18;96.802;102.558;
1900-01-01 13:23:51;402.0;1745724231;100.467;103.18;96.751;102.606;
1900-01-01 13:23:52;403.0;1745724232;100.467;103.217;96.734;102.566;
1900-01-01 13:23:53;404.0;1745724233;100.487;103.147;96.734;102.566;
1900-01-01 13:23:54;405.0;1745724234;100.539;103.147;96.712;102.572;
1900-01-01 13:23:56;406.0;1745724236;100.539;103.158;96.62;102.512;
1900-01-01 13:23:56;407.0;1745724236;100.519;103.094;96.62;102.512;
1900-01-01 13:23:57;408.0;1745724237;100.476;103.094;96.597;102.568;
1900-01-01 13:23:58;409.0;1745724238;100.476;103.136;96.619;102.568;
1900-01-01 13:23:59;410.0;1745724239;100.476;103.117;96.619;102.531;
1900-01-01 13:24:00;411.0;1745724240;100.472;103.117;96.586;102.457;
1900-01-01 13:24:01;412.0;1745724241;100.472;103.046;96.524;102.457;
1900-01-01 13:24:02;413.0;1745724242;100.475;103.12;96.524;102.599;
1900-01-01 13:24:03;414.0;1745724243;100.475;103.12;96.565;102.555;
1900-01-01 13:24:04;415.0;1745724244;100.454;103.113;96.624;102.555;
1900-01-01 13:24:05;416.0;1745724245;100.458;103.113;96.624;102.577;
1900-01-01 13:24:06;417.0;1745724246;100.458;103.142;96.647;102.49;
1900-01-01 13:24:07;418.0;1745724247;100.549;103.052;96.757;102.49;
1900-01-01 13:24:08;419.0;1745724248;100.616;103.189;96.757;102.476;
1900-01-01 13:24:09;420.0;1745724249;100.616;103.189;96.759;102.557;
1900-01-01 13:24:10;421.0;1745724250;100.519;103.115;96.749;102.557;
1900-01-01 13:24:11;422.0;1745724251;100.5;103.115;96.749;102.525;
1900-01-01 13:24:12;423.0;1745724252;100.5;103.166;96.701;102.574;
1900-01-01 13:24:13;424.0;1745724253;100.497;103.118;96.807;102.574;
1900-01-01 13:24:15;425.0;1745724255;100.441;103.202;96.807;102.499;
1900-01-01 13:24:15;426.0;1745724255;100.441;103.202;96.666;102.47;
1900-01-01 13:24:16;427.0;1745724256;100.502;103.107;96.699;102.47;
1900-01-01 13:24:17;428.0;1745724257;100.495;103.107;96.699;102.54;
1900-01-01 13:24:18;429.0;1745724258;100.495;103.151;96.58;102.545;
1900-01-01 13:24:20;430.0;1745724260;100.497;103.122;96.661;102.545;
1900-01-01 13:24:20;431.0;1745724260;100.449;103.122;96.661;102.61;
1900-01-01 13:24:21;432.0;1745724261;100.449;103.057;96.731;102.594;
1900-01-01 13:24:22;433.0;1745724262;100.529;103.097;96.675;102.594;
1900-01-01 13:24:23;434.0;1745724263;100.579;103.097;96.675;102.627;
1900-01-01 13:24:24;435.0;1745724264;100.579;103.155;96.636;102.518;
1900-01-01 13:24:25;436.0;1745724265;100.496;103.148;96.556;102.518;
1900-01-01 13:24:26;437.0;1745724266;100.51;103.148;96.556;102.501;
1900-01-01 13:24:27;438.0;1745724267;100.51;103.083;96.567;102.467;
1900-01-01 13:24:28;439.0;1745724268;100.473;103.052;96.567;102.467;
1900-01-01 13:24:29;440.0;1745724269;100.449;103.052;96.548;102.518;
1900-01-01 13:24:30;441.0;1745724270;100.449;103.125;96.552;102.64;
1900-01-01 13:24:31;442.0;1745724271;100.423;103.058;96.552;102.64;
1900-01-01 13:24:32;443.0;1745724272;100.423;103.058;96.515;102.56;
1900-01-01 13:24:33;444.0;1745724273;100.332;103.058;96.557;102.574;
1900-01-01 13:24:34;445.0;1745724274;100.346;103.11;96.557;102.574;
1900-01-01 13:24:35;446.0;1745724275;100.346;103.11;96.705;102.532;
1900-01-01 13:24:36;447.0;1745724276;100.319;103.08;96.607;102.532;
1900-01-01 13:24:37;448.0;1745724277;100.334;103.08;96.607;102.591;
1900-01-01 13:24:38;449.0;1745724278;100.334;103.1;96.729;102.623;
1900-01-01 13:24:39;450.0;1745724279;100.39;103.003;96.646;102.623;
1900-01-01 13:24:40;451.0;1745724280;100.373;103.047;96.646;102.578;
1900-01-01 13:24:41;452.0;1745724281;100.373;103.047;96.675;102.542;
1900-01-01 13:24:42;453.0;1745724282;100.461;103.144;96.675;102.542;
1900-01-01 13:24:43;454.0;1745724283;100.483;103.144;96.601;102.528;
1900-01-01 13:24:44;455.0;1745724284;100.483;103.054;96.618;102.594;
1900-01-01 13:24:45;456.0;1745724285;100.431;103.04;96.618;102.594;
1900-01-01 13:24:46;457.0;1745724286;100.417;103.04;96.708;102.58;
1900-01-01 13:24:47;458.0;1745724287;100.417;103.015;96.654;102.506;
1900-01-01 13:24:48;459.0;1745724288;100.401;102.968;96.635;102.506;
1900-01-01 13:24:49;460.0;1745724289;100.34;102.968;96.635;102.618;
1900-01-01 13:24:50;461.0;1745724290;100.34;103.057;96.475;102.555;
1900-01-01 13:24:51;462.0;1745724291;100.377;102.944;96.333;102.555;
1900-01-01 13:24:52;463.0;1745724292;100.354;102.944;96.333;102.542;
1900-01-01 13:24:53;464.0;1745724293;100.354;102.939;96.275;102.639;
1900-01-01 13:24:54;465.0;1745724294;100.344;103.011;96.275;102.639;
1900-01-01 13:24:55;466.0;1745724295;100.316;103.011;96.341;102.598;
1900-01-01 13:24:56;467.0;1745724296;100.316;102.986;96.366;102.605;
1900-01-01 13:24:57;468.0;1745724297;100.265;103.033;96.366;102.605;
1900-01-01 13:24:58;469.0;1745724298;100.303;103.033;96.402;102.633;
1900-01-01 13:24:59;470.0;1745724299;100.303;103.048;96.468;102.592;
1900-01-01 13:25:00;471.0;1745724300;100.25;103.034;96.468;102.592;
1900-01-01 13:25:02;472.0;1745724302;100.27;103.034;96.453;102.522;
1900-01-01 13:25:02;473.0;1745724302;100.27;102.969;96.455;102.522;
1900-01-01 13:25:03;474.0;1745724303;100.254;102.876;96.455;102.518;
1900-01-01 13:25:05;475.0;1745724305;100.221;102.876;96.457;102.554;
1900-01-01 13:25:05;476.0;1745724305;100.221;102.916;96.47;102.554;
1900-01-01 13:25:06;477.0;1745724306;100.272;103.014;96.47;102.599;
1900-01-01 13:25:07;478.0;1745724307;100.272;103.014;96.405;102.501;
1900-01-01 13:25:08;479.0;1745724308;100.28;102.952;96.415;102.501;
1900-01-01 13:25:09;480.0;1745724309;100.288;102.952;96.415;102.505;
1900-01-01 13:25:10;481.0;1745724310;100.288;103.013;96.345;102.5;
1900-01-01 13:25:11;482.0;1745724311;100.295;102.974;96.345;102.5;
1900-01-01 13:25:12;483.0;1745724312;100.314;102.974;96.301;102.564;
1900-01-01 13:25:13;484.0;1745724313;100.314;103.056;96.357;102.564;
1900-01-01 13:25:14;485.0;1745724314;100.307;103.002;96.357;102.564;
1900-01-01 13:25:15;486.0;1745724315;100.332;103.002;96.422;102.549;
1900-01-01 13:25:16;487.0;1745724316;100.332;102.893;96.492;102.403;
1900-01-01 13:25:17;488.0;1745724317;100.211;103.06;96.492;102.403;
1900-01-01 13:25:18;489.0;1745724318;100.279;103.06;96.546;102.541;
1900-01-01 13:25:19;490.0;1745724319;100.279;103.057;96.541;102.532;
1900-01-01 13:25:20;491.0;1745724320;100.303;102.917;96.541;102.532;
1900-01-01 13:25:21;492.0;1745724321;100.303;102.917;96.44;102.511;
1900-01-01 13:25:22;493.0;1745724322;100.214;102.924;96.365;102.511;
1900-01-01 13:25:23;494.0;1745724323;100.299;103.03;96.365;102.541;
1900-01-01 13:25:24;495.0;1745724324;100.253;103.03;96.324;102.565;
1900-01-01 13:25:25;496.0;1745724325;100.253;103.047;96.275;102.565;
1900-01-01 13:25:26;497.0;1745724326;100.174;103.049;96.275;102.559;
1900-01-01 13:25:27;498.0;1745724327;100.189;103.049;96.342;102.534;
1900-01-01 13:25:28;499.0;1745724328;100.189;103.082;96.299;102.534;
1900-01-01 13:25:29;500.0;1745724329;100.154;102.948;96.299;102.629;
1900-01-01 13:25:30;501.0;1745724330;100.154;102.948;96.312;102.598;
1900-01-01 13:25:31;502.0;1745724331;100.222;103.015;96.351;102.598;
1900-01-01 13:25:32;503.0;1745724332;100.17;103.015;96.351;102.588;
1900-01-01 13:25:33;504.0;1745724333;100.17;103.096;96.313;102.488;
1900-01-01 13:25:34;505.0;1745724334;100.21;103.05;96.313;102.488;
1900-01-01 13:25:35;506.0;1745724335;100.241;103.05;96.253;102.505;
1900-01-01 13:25:36;507.0;1745724336;100.241;102.974;96.191;102.526;
1900-01-01 13:25:37;508.0;1745724337;100.172;102.973;96.191;102.526;
1900-01-01 13:25:38;509.0;1745724338;100.18;102.973;96.119;102.47;
1900-01-01 13:25:39;510.0;1745724339;100.18;102.958;96.147;102.516;
1900-01-01 13:25:40;511.0;1745724340;100.164;103.038;96.147;102.516;
1900-01-01 13:25:41;512.0;1745724341;100.076;103.038;96.183;102.583;
1900-01-01 13:25:42;513.0;1745724342;100.076;103.046;96.189;102.583;
1900-01-01 13:25:43;514.0;1745724343;100.162;102.974;96.189;102.627;
1900-01-01 13:25:44;515.0;1745724344;100.101;102.974;96.243;102.54;
1900-01-01 13:25:45;516.0;1745724345;100.101;102.956;96.328;102.54;
1900-01-01 13:25:46;517.0;1745724346;100.051;103.021;96.328;102.607;
1900-01-01 13:25:47;518.0;1745724347;100.051;103.021;96.346;102.525;
1900-01-01 13:25:48;519.0;1745724348;100.039;102.904;96.377;102.525;
1900-01-01 13:25:49;520.0;1745724349;100.083;103.017;96.377;102.521;
1900-01-01 13:25:50;521.0;1745724350;100.083;103.017;96.451;102.544;
1900-01-01 13:25:51;522.0;1745724351;100.132;102.945;96.504;102.544;
1900-01-01 13:25:52;523.0;1745724352;100.088;102.945;96.504;102.614;
1900-01-01 13:25:53;524.0;1745724353;100.088;102.974;96.255;102.607;
1900-01-01 13:25:54;525.0;1745724354;100.116;102.957;96.278;102.607;
1900-01-01 13:25:56;526.0;1745724356;100.065;102.917;96.278;102.604;
1900-01-01 13:25:56;527.0;1745724356;100.065;102.917;96.252;102.572;
1900-01-01 13:25:57;528.0;1745724357;100.055;102.943;96.222;102.572;
1900-01-01 13:25:58;529.0;1745724358;100.094;102.943;96.222;102.589;
1900-01-01 13:25:59;530.0;1745724359;100.094;102.956;96.137;102.571;
1900-01-01 13:26:00;531.0;1745724360;100.142;102.9;96.113;102.571;
1900-01-01 13:26:01;532.0;1745724361;100.157;102.9;96.113;102.532;
1900-01-01 13:26:02;533.0;1745724362;100.157;102.987;96.132;102.58;
1900-01-01 13:26:03;534.0;1745724363;100.129;102.948;96.132;102.58;
1900-01-01 13:26:05;535.0;1745724365;100.115;102.948;96.128;102.571;
1900-01-01 13:26:05;536.0;1745724365;100.115;103.003;96.16;102.608;
1900-01-01 13:26:06;537.0;1745724366;100.137;102.878;96.16;102.608;
1900-01-01 13:26:07;538.0;1745724368;100.176;102.878;96.211;102.613;
1900-01-01 13:26:08;539.0;1745724368;100.176;102.942;96.113;102.633;
1900-01-01 13:26:09;540.0;1745724369;100.139;102.952;96.113;102.633;
1900-01-01 13:26:10;541.0;1745724370;100.139;102.952;96.024;102.556;
1900-01-01 13:26:11;542.0;1745724371;99.98;102.944;96.098;102.678;
1900-01-01 13:26:12;543.0;1745724372;99.943;102.935;96.098;102.678;
1900-01-01 13:26:13;544.0;1745724373;99.943;102.935;96.011;102.654;
1900-01-01 13:26:15;545.0;1745724375;99.908;102.941;95.998;102.583;
1900-01-01 13:26:15;546.0;1745724375;99.906;102.941;95.998;102.583;
1900-01-01 13:26:16;547.0;1745724376;99.906;102.954;96.066;102.457;
1900-01-01 13:26:17;548.0;1745724377;99.964;102.877;96.054;102.457;
1900-01-01 13:26:18;549.0;1745724378;99.928;102.877;96.054;102.64;
1900-01-01 13:26:19;550.0;1745724379;99.928;102.907;96.065;102.564;
1900-01-01 13:26:20;551.0;1745724380;100.126;102.844;95.984;102.564;
1900-01-01 13:26:22;552.0;1745724382;100.068;102.835;95.984;102.479;
1900-01-01 13:26:22;553.0;1745724382;100.068;102.835;96.036;102.536;
1900-01-01 13:26:23;554.0;1745724383;100.028;102.912;96.085;102.536;
1900-01-01 13:26:24;555.0;1745724384;100.108;102.912;96.085;102.559;
1900-01-01 13:26:25;556.0;1745724385;100.108;102.886;96.019;102.55;
1900-01-01 13:26:26;557.0;1745724386;100.056;102.777;96.019;102.55;
1900-01-01 13:26:27;558.0;1745724387;100.15;102.777;96.04;102.497;
1900-01-01 13:26:28;559.0;1745724388;100.15;102.859;95.976;102.497;
1900-01-01 13:26:29;560.0;1745724389;100.044;102.949;95.976;102.487;
1900-01-01 13:26:30;561.0;1745724390;100.038;102.949;96.069;102.602;
1900-01-01 13:26:32;562.0;1745724392;100.038;102.834;96.014;102.588;
1900-01-01 13:26:32;563.0;1745724392;99.99;102.971;96.014;102.588;
1900-01-01 13:26:33;564.0;1745724393;99.99;102.971;96.015;102.551;
1900-01-01 13:26:34;565.0;1745724394;100.027;102.876;96.015;102.593;
1900-01-01 13:26:35;566.0;1745724395;100.036;102.899;96.015;102.593;
1900-01-01 13:26:36;567.0;1745724396;100.036;102.899;95.978;102.552;
1900-01-01 13:26:37;568.0;1745724397;100.021;102.728;96.025;102.552;
1900-01-01 13:26:38;569.0;1745724398;99.998;102.728;96.025;102.59;
1900-01-01 13:26:39;570.0;1745724399;99.998;102.792;96.042;102.469;
1900-01-01 13:26:40;571.0;1745724400;99.952;102.789;96.013;102.469;
1900-01-01 13:26:42;572.0;1745724402;99.871;102.812;96.013;102.566;
1900-01-01 13:26:42;573.0;1745724402;99.871;102.812;96.076;102.549;
1900-01-01 13:26:43;574.0;1745724403;99.942;102.824;96.132;102.549;
1900-01-01 13:26:44;575.0;1745724404;99.896;102.824;96.132;102.503;
1900-01-01 13:26:45;576.0;1745724405;99.896;102.819;96.037;102.614;
1900-01-01 13:26:46;577.0;1745724406;99.898;102.844;95.985;102.614;
1900-01-01 13:26:48;578.0;1745724408;99.902;102.844;95.985;102.541;
1900-01-01 13:26:48;579.0;1745724408;99.902;102.801;95.973;102.539;
1900-01-01 13:26:49;580.0;1745724409;99.9;102.762;95.973;102.539;
1900-01-01 13:26:50;581.0;1745724410;99.9;102.762;95.918;102.683;
1900-01-01 13:26:51;582.0;1745724411;99.894;102.835;95.813;102.683;
1900-01-01 13:26:52;583.0;1745724412;99.947;102.762;95.813;102.59;
1900-01-01 13:26:53;584.0;1745724413;99.947;102.762;95.859;102.643;
1900-01-01 13:26:54;585.0;1745724414;99.954;102.755;95.827;102.643;
1900-01-01 13:26:55;586.0;1745724415;99.91;102.797;95.827;102.655;
1900-01-01 13:26:56;587.0;1745724416;99.91;102.797;95.846;102.619;
1900-01-01 13:26:57;588.0;1745724417;99.867;102.762;95.828;102.619;
1900-01-01 13:26:59;589.0;1745724419;99.923;102.772;95.828;102.592;
1900-01-01 13:26:59;590.0;1745724419;99.923;102.772;95.928;102.616;
1900-01-01 13:27:00;591.0;1745724420;99.924;102.745;95.934;102.616;
1900-01-01 13:27:01;592.0;1745724421;99.865;102.745;95.934;102.521;
1900-01-01 13:27:02;593.0;1745724422;99.865;102.655;96.044;102.563;
1900-01-01 13:27:03;594.0;1745724423;99.833;102.78;96.044;102.563;
1900-01-01 13:27:04;595.0;1745724424;99.818;102.78;95.954;102.477;
1900-01-01 13:27:05;596.0;1745724425;99.818;102.793;95.885;102.563;
1900-01-01 13:27:07;597.0;1745724427;99.866;102.726;95.883;102.563;
1900-01-01 13:27:07;598.0;1745724427;99.678;102.726;95.883;102.555;
1900-01-01 13:27:08;599.0;1745724428;99.678;102.786;95.741;102.609;
1900-01-01 13:27:09;600.0;1745724429;99.719;102.84;95.741;102.609;
1900-01-01 13:27:11;601.0;1745724431;99.828;102.84;95.716;102.522;
1900-01-01 13:27:11;602.0;1745724431;99.828;102.677;95.75;102.522;
1900-01-01 13:27:12;603.0;1745724432;99.749;102.733;95.75;102.526;
1900-01-01 13:27:13;604.0;1745724433;99.836;102.733;95.749;102.609;
1900-01-01 13:27:14;605.0;1745724434;99.836;102.785;95.636;102.609;
1900-01-01 13:27:15;606.0;1745724435;99.838;102.823;95.636;102.614;
1900-01-01 13:27:16;607.0;1745724436;99.857;102.823;95.71;102.655;
1900-01-01 13:27:17;608.0;1745724437;99.857;102.728;95.807;102.531;
1900-01-01 13:27:18;609.0;1745724438;99.938;102.793;95.807;102.531;
1900-01-01 13:27:19;610.0;1745724439;99.938;102.793;95.86;102.62;
1900-01-01 13:27:20;611.0;1745724440;99.921;102.771;95.868;102.62;
1900-01-01 13:27:21;612.0;1745724441;99.951;102.771;95.868;102.566;
1900-01-01 13:27:22;613.0;1745724442;99.951;102.805;95.761;102.6;
1900-01-01 13:27:23;614.0;1745724443;99.922;102.751;95.696;102.6;
1900-01-01 13:27:25;615.0;1745724445;99.972;102.71;95.696;102.614;
1900-01-01 13:27:25;616.0;1745724445;99.972;102.71;95.645;102.594;
1900-01-01 13:27:26;617.0;1745724446;99.858;102.755;95.741;102.594;
1900-01-01 13:27:27;618.0;1745724447;99.822;102.773;95.741;102.536;
1900-01-01 13:27:28;619.0;1745724448;99.822;102.773;95.78;102.541;
1900-01-01 13:27:29;620.0;1745724449;99.748;102.79;95.78;102.541;
1900-01-01 13:27:30;621.0;1745724450;99.778;102.79;95.826;102.617;
1900-01-01 13:27:31;622.0;1745724451;99.778;102.712;95.733;102.528;
1900-01-01 13:27:32;623.0;1745724452;99.662;102.721;95.733;102.528;
1900-01-01 13:27:33;624.0;1745724453;99.652;102.721;95.611;102.603;
1900-01-01 13:27:34;625.0;1745724454;99.652;102.742;95.635;102.603;
1900-01-01 13:27:35;626.0;1745724455;99.71;102.658;95.635;102.534;
1900-01-01 13:27:36;627.0;1745724456;99.731;102.658;95.559;102.55;
1900-01-01 13:27:37;628.0;1745724457;99.731;102.743;95.587;102.55;
1900-01-01 13:27:38;629.0;1745724458;99.674;102.731;95.587;102.511;
1900-01-01 13:27:39;630.0;1745724459;99.674;102.731;95.641;102.57;
1900-01-01 13:27:40;631.0;1745724460;99.72;102.734;95.692;102.57;
1900-01-01 13:27:41;632.0;1745724461;99.662;102.703;95.692;102.505;
1900-01-01 13:27:42;633.0;1745724462;99.662;102.703;95.728;102.575;
1900-01-01 13:27:43;634.0;1745724463;99.724;102.725;95.765;102.575;
1900-01-01 13:27:44;635.0;1745724464;99.672;102.725;95.765;102.58;
1900-01-01 13:27:45;636.0;1745724465;99.672;102.727;95.703;102.524;
1900-01-01 13:27:46;637.0;1745724466;99.668;102.729;95.665;102.524;
1900-01-01 13:27:47;638.0;1745724467;99.617;102.729;95.665;102.67;
1900-01-01 13:27:48;639.0;1745724468;99.617;102.719;95.67;102.56;
1900-01-01 13:27:49;640.0;1745724469;99.595;102.747;95.652;102.56;
1900-01-01 13:27:50;641.0;1745724470;99.644;102.747;95.652;102.587;
1900-01-01 13:27:51;642.0;1745724471;99.644;102.645;95.565;102.536;
1900-01-01 13:27:52;643.0;1745724472;99.585;102.723;95.565;102.536;
1900-01-01 13:27:53;644.0;1745724473;99.725;102.723;95.623;102.5;
1900-01-01 13:27:54;645.0;1745724474;99.725;102.665;95.614;102.547;
1900-01-01 13:27:55;646.0;1745724475;99.771;102.662;95.614;102.547;
1900-01-01 13:27:57;647.0;1745724477;99.662;102.662;95.642;102.53;
1900-01-01 13:27:57;648.0;1745724477;99.662;102.719;95.609;102.551;
1900-01-01 13:27:58;649.0;1745724478;99.689;102.697;95.609;102.551;
1900-01-01 13:27:59;650.0;1745724479;99.689;102.697;95.55;102.583;
1900-01-01 13:28:00;651.0;1745724480;99.645;102.585;95.562;102.583;
1900-01-01 13:28:01;652.0;1745724481;99.621;102.729;95.562;102.628;
1900-01-01 13:28:02;653.0;1745724482;99.621;102.729;95.599;102.633;
1900-01-01 13:28:03;654.0;1745724483;99.681;102.707;95.609;102.633;
1900-01-01 13:28:05;655.0;1745724485;99.751;102.673;95.609;102.531;
1900-01-01 13:28:05;656.0;1745724485;99.751;102.673;95.512;102.55;
1900-01-01 13:28:06;657.0;1745724486;99.817;102.647;95.506;102.55;
1900-01-01 13:28:08;658.0;1745724488;99.739;102.665;95.506;102.539;
1900-01-01 13:28:08;659.0;1745724488;99.739;102.665;95.53;102.512;
1900-01-01 13:28:09;660.0;1745724489;99.718;102.613;95.586;102.512;
1900-01-01 13:28:10;661.0;1745724490;99.738;102.613;95.586;102.633;
1900-01-01 13:28:11;662.0;1745724491;99.738;102.683;95.525;102.616;
1900-01-01 13:28:12;663.0;1745724492;99.654;102.657;95.68;102.616;
1900-01-01 13:28:13;664.0;1745724493;99.688;102.657;95.68;102.574;
1900-01-01 13:28:14;665.0;1745724494;99.688;102.637;95.597;102.6;
1900-01-01 13:28:15;666.0;1745724495;99.582;102.584;95.597;102.6;
1900-01-01 13:28:16;667.0;1745724496;99.582;102.584;95.653;102.664;
1900-01-01 13:28:17;668.0;1745724497;99.582;102.592;95.511;102.641;
1900-01-01 13:28:18;669.0;1745724498;99.608;102.553;95.511;102.641;
1900-01-01 13:28:19;670.0;1745724499;99.565;102.553;95.618;102.528;
1900-01-01 13:28:20;671.0;1745724500;99.565;102.502;95.577;102.54;
1900-01-01 13:28:21;672.0;1745724501;99.521;102.549;95.577;102.54;
1900-01-01 13:28:22;673.0;1745724502;99.521;102.549;95.5;102.69;
1900-01-01 13:28:23;674.0;1745724503;99.652;102.616;95.366;102.659;
1900-01-01 13:28:24;675.0;1745724504;99.561;102.671;95.366;102.659;
1900-01-01 13:28:25;676.0;1745724505;99.561;102.671;95.435;102.714;
1900-01-01 13:28:26;677.0;1745724506;99.685;102.613;95.457;102.714;
1900-01-01 13:28:28;678.0;1745724508;99.59;102.555;95.457;102.607;
1900-01-01 13:28:28;679.0;1745724508;99.59;102.555;95.471;102.559;
1900-01-01 13:28:29;680.0;1745724509;99.596;102.635;95.526;102.559;
1900-01-01 13:28:30;681.0;1745724510;99.49;102.588;95.526;102.615;
1900-01-01 13:28:32;682.0;1745724512;99.49;102.588;95.531;102.591;
1900-01-01 13:28:32;683.0;1745724512;99.511;102.603;95.544;102.591;
1900-01-01 13:28:33;684.0;1745724513;99.539;102.603;95.544;102.618;
1900-01-01 13:28:34;685.0;1745724514;99.539;102.634;95.555;102.538;
1900-01-01 13:28:35;686.0;1745724515;99.504;102.654;95.555;102.538;
1900-01-01 13:28:36;687.0;1745724516;99.433;102.654;95.533;102.544;
1900-01-01 13:28:37;688.0;1745724517;99.433;102.606;95.375;102.676;
1900-01-01 13:28:38;689.0;1745724518;99.414;102.539;95.375;102.676;
1900-01-01 13:28:39;690.0;1745724519;99.562;102.539;95.34;102.572;
1900-01-01 13:28:40;691.0;1745724520;99.562;102.632;95.459;102.573;
1900-01-01 13:28:41;692.0;1745724521;99.581;102.576;95.459;102.573;
1900-01-01 13:28:42;693.0;1745724522;99.581;102.576;95.577;102.594;
1900-01-01 13:28:43;694.0;1745724523;99.57;102.575;95.457;102.675;
1900-01-01 13:28:44;695.0;1745724524;99.629;102.588;95.457;102.675;
1900-01-01 13:28:45;696.0;1745724525;99.629;102.588;95.497;102.644;
1900-01-01 13:28:46;697.0;1745724526;99.643;102.563;95.541;102.644;
1900-01-01 13:28:47;698.0;1745724527;99.578;102.578;95.541;102.641;
1900-01-01 13:28:48;699.0;1745724528;99.578;102.578;95.567;102.548;
1900-01-01 13:28:49;700.0;1745724529;99.617;102.608;95.441;102.548;
1900-01-01 13:28:50;701.0;1745724530;99.542;102.608;95.441;102.562;
1900-01-01 13:28:51;702.0;1745724531;99.542;102.456;95.386;102.597;
1900-01-01 13:28:52;703.0;1745724532;99.518;102.614;95.386;102.597;
1900-01-01 13:28:53;704.0;1745724533;99.535;102.614;95.35;102.625;
1900-01-01 13:28:54;705.0;1745724534;99.535;102.482;95.41;102.55;
1900-01-01 13:28:55;706.0;1745724535;99.552;102.539;95.41;102.55;
1900-01-01 13:28:56;707.0;1745724536;99.488;102.539;95.458;102.59;
1900-01-01 13:28:57;708.0;1745724537;99.488;102.619;95.391;102.545;
1900-01-01 13:28:58;709.0;1745724538;99.475;102.563;95.367;102.545;
1900-01-01 13:28:59;710.0;1745724539;99.47;102.563;95.367;102.62;
1900-01-01 13:29:00;711.0;1745724540;99.47;102.486;95.352;102.664;
1900-01-01 13:29:01;712.0;1745724541;99.42;102.498;95.352;102.664;
1900-01-01 13:29:03;713.0;1745724543;99.354;102.498;95.418;102.611;
1900-01-01 13:29:03;714.0;1745724543;99.354;102.472;95.291;102.611;
1900-01-01 13:29:04;715.0;1745724544;99.318;102.431;95.291;102.649;
1900-01-01 13:29:05;716.0;1745724545;99.349;102.431;95.325;102.652;
1900-01-01 13:29:06;717.0;1745724546;99.349;102.443;95.38;102.658;
1900-01-01 13:29:07;718.0;1745724547;99.406;102.419;95.38;102.658;
1900-01-01 13:29:08;719.0;1745724548;99.406;102.419;95.303;102.631;
1900-01-01 13:29:09;720.0;1745724549;99.424;102.384;95.205;102.631;
1900-01-01 13:29:10;721.0;1745724550;99.399;102.421;95.205;102.718;
1900-01-01 13:29:11;722.0;1745724551;99.428;102.421;95.164;102.625;
1900-01-01 13:29:12;723.0;1745724552;99.428;102.475;95.234;102.623;
1900-01-01 13:29:13;724.0;1745724553;99.464;102.494;95.234;102.623;
1900-01-01 13:29:14;725.0;1745724554;99.464;102.494;95.283;102.571;
1900-01-01 13:29:15;726.0;1745724555;99.356;102.569;95.347;102.571;
1900-01-01 13:29:16;727.0;1745724556;99.445;102.466;95.347;102.625;
1900-01-01 13:29:17;728.0;1745724557;99.375;102.466;95.387;102.627;
1900-01-01 13:29:18;729.0;1745724558;99.375;102.36;95.338;102.627;
1900-01-01 13:29:19;730.0;1745724559;99.367;102.466;95.338;102.634;
1900-01-01 13:29:20;731.0;1745724560;99.367;102.466;95.361;102.579;
1900-01-01 13:29:21;732.0;1745724561;99.264;102.419;95.395;102.579;
1900-01-01 13:29:23;733.0;1745724563;99.187;102.384;95.395;102.646;
1900-01-01 13:29:23;734.0;1745724563;99.187;102.384;95.336;102.598;
1900-01-01 13:29:24;735.0;1745724564;99.106;102.434;95.324;102.598;
1900-01-01 13:29:25;736.0;1745724565;99.242;102.307;95.324;102.567;
1900-01-01 13:29:26;737.0;1745724566;99.242;102.307;95.126;102.688;
1900-01-01 13:29:27;738.0;1745724567;99.171;102.402;95.068;102.688;
1900-01-01 13:29:28;739.0;1745724568;99.172;102.393;95.068;102.6;
1900-01-01 13:29:29;740.0;1745724569;99.172;102.393;95.088;102.592;
1900-01-01 13:29:30;741.0;1745724570;99.288;102.434;95.079;102.592;
1900-01-01 13:29:31;742.0;1745724571;99.135;102.434;95.079;102.605;
1900-01-01 13:29:32;743.0;1745724572;99.135;102.412;95.083;102.591;
1900-01-01 13:29:33;744.0;1745724573;99.237;102.428;95.034;102.591;
1900-01-01 13:29:34;745.0;1745724574;99.117;102.428;95.034;102.654;
1900-01-01 13:29:35;746.0;1745724575;99.117;102.477;95.134;102.583;
1900-01-01 13:29:36;747.0;1745724576;99.226;102.529;95.215;102.583;
1900-01-01 13:29:37;748.0;1745724577;99.185;102.529;95.215;102.588;
1900-01-01 13:29:38;749.0;1745724578;99.185;102.383;95.161;102.541;
1900-01-01 13:29:39;750.0;1745724579;99.205;102.419;95.085;102.541;
1900-01-01 13:29:40;751.0;1745724580;99.122;102.419;95.085;102.605;
1900-01-01 13:29:41;752.0;1745724581;99.122;102.49;95.055;102.58;
1900-01-01 13:29:42;753.0;1745724582;99.264;102.525;95.082;102.58;
1900-01-01 13:29:43;754.0;1745724583;99.264;102.525;95.082;102.547;
1900-01-01 13:29:44;755.0;1745724584;99.275;102.429;95.202;102.635;
1900-01-01 13:29:45;756.0;1745724585;99.27;102.464;95.202;102.635;
1900-01-01 13:29:46;757.0;1745724586;99.27;102.464;95.164;102.631;
1900-01-01 13:29:47;758.0;1745724587;99.251;102.463;95.12;102.631;
1900-01-01 13:29:48;759.0;1745724588;99.247;102.552;95.12;102.599;
1900-01-01 13:29:49;760.0;1745724589;99.247;102.552;95.126;102.59;
1900-01-01 13:29:50;761.0;1745724590;99.237;102.499;95.127;102.59;
1900-01-01 13:29:51;762.0;1745724591;99.253;102.445;95.127;102.586;
1900-01-01 13:29:52;763.0;1745724592;99.253;102.445;95.197;102.603;
1900-01-01 13:29:53;764.0;1745724593;99.196;102.455;95.101;102.603;
1900-01-01 13:29:54;765.0;1745724594;99.194;102.434;95.101;102.635;
1900-01-01 13:29:55;766.0;1745724595;99.194;102.434;95.12;102.645;
1900-01-01 13:29:56;767.0;1745724596;99.253;102.406;95.012;102.645;
1900-01-01 13:29:57;768.0;1745724597;99.213;102.389;95.012;102.615;
1900-01-01 13:29:58;769.0;1745724598;99.213;102.389;94.991;102.623;
1900-01-01 13:29:59;770.0;1745724599;99.298;102.447;94.907;102.623;
1900-01-01 13:30:00;771.0;1745724600;99.344;102.447;94.907;102.661;
1900-01-01 13:30:01;772.0;1745724601;99.344;102.357;94.85;102.633;
1900-01-01 13:30:02;773.0;1745724602;99.288;102.377;94.867;102.633;
1900-01-01 13:30:03;774.0;1745724603;99.256;102.376;94.867;102.613;
1900-01-01 13:30:04;775.0;1745724604;99.256;102.376;95.055;102.698;
1900-01-01 13:30:05;776.0;1745724605;99.351;102.43;94.956;102.698;
1900-01-01 13:30:06;777.0;1745724606;99.192;102.43;94.956;102.614;
1900-01-01 13:30:07;778.0;1745724607;99.192;102.416;95.102;102.56;
1900-01-01 13:30:08;779.0;1745724608;99.145;102.379;95.102;102.56;
1900-01-01 13:30:09;780.0;1745724609;99.157;102.379;95.05;102.559;
1900-01-01 13:30:10;781.0;1745724610;99.157;102.39;95.045;102.559;
1900-01-01 13:30:11;782.0;1745724611;99.165;102.348;95.045;102.574;
1900-01-01 13:30:12;783.0;1745724612;99.085;102.348;95.054;102.63;
1900-01-01 13:30:14;784.0;1745724614;99.085;102.348;94.94;102.608;
1900-01-01 13:30:14;785.0;1745724614;99.081;102.324;94.94;102.608;
1900-01-01 13:30:15;786.0;1745724615;99.081;102.324;95.02;102.63;
1900-01-01 13:30:16;787.0;1745724616;99.123;102.385;94.968;102.669;
1900-01-01 13:30:17;788.0;1745724617;99.112;102.385;94.968;102.669;
1900-01-01 13:30:18;789.0;1745724618;99.112;102.283;94.876;102.554;
1900-01-01 13:30:19;790.0;1745724619;99.044;102.37;94.828;102.554;
1900-01-01 13:30:20;791.0;1745724620;99.091;102.37;94.828;102.665;
1900-01-01 13:30:21;792.0;1745724621;99.091;102.409;94.802;102.596;
1900-01-01 13:30:22;793.0;1745724622;98.986;102.265;94.856;102.596;
1900-01-01 13:30:23;794.0;1745724623;99.017;102.265;94.856;102.614;
1900-01-01 13:30:24;795.0;1745724624;99.017;102.355;94.863;102.626;
1900-01-01 13:30:25;796.0;1745724625;99.041;102.318;94.863;102.626;
1900-01-01 13:30:26;797.0;1745724626;99.045;102.318;94.929;102.642;
1900-01-01 13:30:27;798.0;1745724627;99.045;102.3;94.932;102.659;
1900-01-01 13:30:28;799.0;1745724628;99.034;102.248;94.932;102.659;
1900-01-01 13:30:29;800.0;1745724629;99.034;102.248;94.958;102.679;
1900-01-01 13:30:30;801.0;1745724630;99.096;102.24;94.988;102.664;
1900-01-01 13:30:31;802.0;1745724631;99.096;102.325;94.988;102.664;
1900-01-01 13:30:32;803.0;1745724632;99.156;102.325;94.907;102.648;
1900-01-01 13:30:33;804.0;1745724633;99.156;102.31;94.901;102.648;
1900-01-01 13:30:34;805.0;1745724634;99.265;102.274;94.901;102.653;
1900-01-01 13:30:35;806.0;1745724635;99.224;102.274;94.853;102.637;
1900-01-01 13:30:36;807.0;1745724636;99.224;102.313;94.842;102.646;
1900-01-01 13:30:37;808.0;1745724637;99.147;102.347;94.842;102.646;
1900-01-01 13:30:38;809.0;1745724638;99.147;102.347;94.732;102.588;
1900-01-01 13:30:39;810.0;1745724639;99.138;102.244;94.751;102.588;
1900-01-01 13:30:40;811.0;1745724640;99.088;102.341;94.751;102.64;
1900-01-01 13:30:41;812.0;1745724641;99.088;102.341;94.76;102.663;
1900-01-01 13:30:42;813.0;1745724642;99.126;102.292;94.72;102.663;
1900-01-01 13:30:43;814.0;1745724643;98.995;102.271;94.72;102.642;
1900-01-01 13:30:44;815.0;1745724644;98.995;102.271;94.769;102.59;
1900-01-01 13:30:45;816.0;1745724645;99.05;102.337;94.779;102.59;
1900-01-01 13:30:46;817.0;1745724646;99.046;102.337;94.779;102.658;
1900-01-01 13:30:47;818.0;1745724647;99.046;102.247;94.76;102.599;
1900-01-01 13:30:48;819.0;1745724648;98.978;102.301;94.76;102.599;
1900-01-01 13:30:50;820.0;1745724650;99.093;102.301;94.723;102.667;
1900-01-01 13:30:50;821.0;1745724650;99.093;102.313;94.622;102.592;
1900-01-01 13:30:51;822.0;1745724651;99.056;102.301;94.688;102.592;
1900-01-01 13:30:52;823.0;1745724652;99.056;102.301;94.688;102.67;
1900-01-01 13:30:53;824.0;1745724653;98.973;102.24;94.649;102.698;
1900-01-01 13:30:54;825.0;1745724654;98.967;102.259;94.649;102.698;
1900-01-01 13:30:55;826.0;1745724655;98.967;102.259;94.677;102.668;
1900-01-01 13:30:56;827.0;1745724656;98.944;102.301;94.611;102.668;
1900-01-01 13:30:57;828.0;1745724657;98.945;102.301;94.611;102.582;
1900-01-01 13:30:58;829.0;1745724658;98.945;102.289;94.618;102.652;
1900-01-01 13:30:59;830.0;1745724659;98.95;102.246;94.605;102.652;
1900-01-01 13:31:00;831.0;1745724660;98.996;102.246;94.605;102.609;
1900-01-01 13:31:01;832.0;1745724661;98.996;102.329;94.584;102.593;
1900-01-01 13:31:02;833.0;1745724662;98.924;102.288;94.696;102.593;
1900-01-01 13:31:03;834.0;1745724663;98.879;102.235;94.696;102.611;
1900-01-01 13:31:04;835.0;1745724664;98.879;102.235;94.888;102.611;
1900-01-01 13:31:05;836.0;1745724665;98.889;102.246;94.785;102.611;
1900-01-01 13:31:06;837.0;1745724666;98.895;102.238;94.785;102.641;
1900-01-01 13:31:07;838.0;1745724668;98.895;102.238;94.749;102.672;
1900-01-01 13:31:08;839.0;1745724668;98.883;102.253;94.795;102.672;
1900-01-01 13:31:09;840.0;1745724669;98.865;102.253;94.795;102.59;
1900-01-01 13:31:10;841.0;1745724670;98.865;102.273;94.835;102.722;
1900-01-01 13:31:11;842.0;1745724671;98.933;102.151;94.835;102.722;
1900-01-01 13:31:12;843.0;1745724672;98.819;102.151;94.793;102.634;
1900-01-01 13:31:13;844.0;1745724673;98.819;102.25;94.753;102.634;
1900-01-01 13:31:14;845.0;1745724674;98.867;102.19;94.753;102.701;
1900-01-01 13:31:15;846.0;1745724675;98.894;102.19;94.636;102.535;
1900-01-01 13:31:16;847.0;1745724676;98.894;102.233;94.632;102.535;
1900-01-01 13:31:17;848.0;1745724677;99.008;102.226;94.632;102.554;
1900-01-01 13:31:18;849.0;1745724678;98.939;102.226;94.721;102.469;
1900-01-01 13:31:19;850.0;1745724679;98.939;102.268;94.747;102.469;
1900-01-01 13:31:20;851.0;1745724680;98.894;102.273;94.747;102.579;
1900-01-01 13:31:21;852.0;1745724681;98.894;102.273;94.869;102.56;
1900-01-01 13:31:22;853.0;1745724682;98.875;102.248;94.784;102.56;
1900-01-01 13:31:23;854.0;1745724683;98.852;102.248;94.784;102.586;
1900-01-01 13:31:24;855.0;1745724684;98.852;102.232;94.715;102.601;
1900-01-01 13:31:25;856.0;1745724685;98.924;102.263;94.609;102.601;
1900-01-01 13:31:26;857.0;1745724686;98.878;102.263;94.609;102.674;
1900-01-01 13:31:27;858.0;1745724687;98.878;102.271;94.424;102.638;
1900-01-01 13:31:28;859.0;1745724688;98.834;102.274;94.457;102.638;
1900-01-01 13:31:29;860.0;1745724689;98.809;102.274;94.457;102.659;
1900-01-01 13:31:30;861.0;1745724690;98.809;102.29;94.424;102.592;
1900-01-01 13:31:31;862.0;1745724691;98.86;102.169;94.472;102.592;
1900-01-01 13:31:32;863.0;1745724692;98.877;102.169;94.472;102.641;
1900-01-01 13:31:33;864.0;1745724693;98.877;102.199;94.573;102.64;
1900-01-01 13:31:34;865.0;1745724694;98.912;102.219;94.573;102.64;
1900-01-01 13:31:35;866.0;1745724695;98.912;102.219;94.623;102.608;
1900-01-01 13:31:36;867.0;1745724696;98.975;102.282;94.732;102.641;
1900-01-01 13:31:37;868.0;1745724697;98.913;102.217;94.732;102.641;
1900-01-01 13:31:39;869.0;1745724699;99.022;102.217;94.724;102.612;
1900-01-01 13:31:39;870.0;1745724699;99.022;102.226;94.736;102.612;
1900-01-01 13:31:40;871.0;1745724700;99.052;102.309;94.736;102.617;
1900-01-01 13:31:41;872.0;1745724701;99.033;102.309;94.777;102.542;
1900-01-01 13:31:42;873.0;1745724702;99.033;102.246;94.567;102.542;
1900-01-01 13:31:43;874.0;1745724703;99.079;102.221;94.567;102.611;
1900-01-01 13:31:44;875.0;1745724704;99.079;102.221;94.488;102.66;
1900-01-01 13:31:45;876.0;1745724705;99.032;102.215;94.417;102.63;
1900-01-01 13:31:46;877.0;1745724706;98.94;102.173;94.417;102.63;
1900-01-01 13:31:47;878.0;1745724707;98.94;102.173;94.37;102.553;
1900-01-01 13:31:48;879.0;1745724708;98.901;102.183;94.311;102.553;
1900-01-01 13:31:49;880.0;1745724709;98.841;102.183;94.311;102.635;
1900-01-01 13:31:50;881.0;1745724710;98.841;102.239;94.397;102.629;
1900-01-01 13:31:51;882.0;1745724711;98.817;102.219;94.522;102.629;
1900-01-01 13:31:52;883.0;1745724712;98.789;102.219;94.522;102.707;
1900-01-01 13:31:53;884.0;1745724713;98.789;102.126;94.593;102.645;
1900-01-01 13:31:54;885.0;1745724714;98.686;102.089;94.593;102.645;
1900-01-01 13:31:55;886.0;1745724715;98.774;102.089;94.597;102.641;
1900-01-01 13:31:56;887.0;1745724716;98.774;102.145;94.566;102.647;
1900-01-01 13:31:58;888.0;1745724718;98.78;102.131;94.641;102.647;
1900-01-01 13:31:58;889.0;1745724718;98.799;102.131;94.641;102.625;
1900-01-01 13:31:59;890.0;1745724719;98.799;102.224;94.619;102.599;
1900-01-01 13:32:00;891.0;1745724720;98.799;102.174;94.619;102.599;
1900-01-01 13:32:01;892.0;1745724721;98.799;102.174;94.52;102.642;
1900-01-01 13:32:02;893.0;1745724722;98.916;102.17;94.545;102.641;
1900-01-01 13:32:03;894.0;1745724723;98.943;102.061;94.545;102.641;
1900-01-01 13:32:04;895.0;1745724724;98.943;102.061;94.371;102.683;
1900-01-01 13:32:05;896.0;1745724725;98.89;102.173;94.372;102.683;
1900-01-01 13:32:06;897.0;1745724726;98.845;102.149;94.372;102.646;
1900-01-01 13:32:07;898.0;1745724727;98.845;102.149;94.318;102.58;
1900-01-01 13:32:08;899.0;1745724728;98.753;102.115;94.422;102.58;
1900-01-01 13:32:09;900.0;1745724729;98.687;102.115;94.422;102.538;
1900-01-01 13:32:10;901.0;1745724730;98.687;102.151;94.34;102.608;
1900-01-01 13:32:11;902.0;1745724731;98.618;102.095;94.21;102.608;
1900-01-01 13:32:12;903.0;1745724732;98.556;102.146;94.21;102.633;
1900-01-01 13:32:13;904.0;1745724733;98.556;102.146;94.338;102.689;
1900-01-01 13:32:14;905.0;1745724734;98.513;102.116;94.335;102.689;
1900-01-01 13:32:15;906.0;1745724735;98.594;102.116;94.335;102.606;
1900-01-01 13:32:16;907.0;1745724736;98.594;102.099;94.417;102.575;
1900-01-01 13:32:17;908.0;1745724737;98.681;102.149;94.417;102.575;
1900-01-01 13:32:18;909.0;1745724738;98.657;102.149;94.406;102.645;
1900-01-01 13:32:19;910.0;1745724739;98.657;102.098;94.317;102.608;
1900-01-01 13:32:20;911.0;1745724740;98.686;102.13;94.317;102.608;
1900-01-01 13:32:21;912.0;1745724741;98.605;102.13;94.287;102.607;
1900-01-01 13:32:22;913.0;1745724742;98.605;102.178;94.222;102.627;
1900-01-01 13:32:23;914.0;1745724743;98.701;102.149;94.222;102.627;
1900-01-01 13:32:24;915.0;1745724744;98.623;102.149;94.204;102.663;
1900-01-01 13:32:25;916.0;1745724745;98.623;102.205;94.244;102.667;
1900-01-01 13:32:26;917.0;1745724746;98.666;102.021;94.244;102.667;
1900-01-01 13:32:27;918.0;1745724747;98.622;102.021;94.279;102.633;
1900-01-01 13:32:28;919.0;1745724748;98.622;102.097;94.304;102.633;
1900-01-01 13:32:29;920.0;1745724749;98.552;102.124;94.304;102.649;
1900-01-01 13:32:30;921.0;1745724750;98.552;102.124;94.357;102.668;
1900-01-01 13:32:31;922.0;1745724751;98.478;102.027;94.259;102.644;
1900-01-01 13:32:32;923.0;1745724752;98.594;102.066;94.259;102.644;
1900-01-01 13:32:33;924.0;1745724753;98.594;102.066;94.201;102.635;
1900-01-01 13:32:34;925.0;1745724754;98.546;102.079;94.211;102.635;
1900-01-01 13:32:36;926.0;1745724756;98.655;102.108;94.211;102.562;
1900-01-01 13:32:36;927.0;1745724756;98.655;102.108;94.217;102.674;
1900-01-01 13:32:37;928.0;1745724757;98.695;102.034;94.28;102.674;
1900-01-01 13:32:38;929.0;1745724758;98.607;102.034;94.28;102.622;
1900-01-01 13:32:39;930.0;1745724759;98.607;102.064;94.376;102.697;
1900-01-01 13:32:40;931.0;1745724760;98.678;102.036;94.407;102.697;
1900-01-01 13:32:41;932.0;1745724761;98.617;102.036;94.407;102.652;
1900-01-01 13:32:42;933.0;1745724762;98.617;102.042;94.393;102.556;
1900-01-01 13:32:43;934.0;1745724763;98.525;102.078;94.247;102.556;
1900-01-01 13:32:44;935.0;1745724764;98.598;102.078;94.247;102.663;
1900-01-01 13:32:45;936.0;1745724765;98.598;102.06;94.167;102.656;
1900-01-01 13:32:46;937.0;1745724766;98.541;102.089;94.167;102.656;
1900-01-01 13:32:47;938.0;1745724767;98.452;102.089;94.128;102.571;
1900-01-01 13:32:48;939.0;1745724768;98.452;102.083;94.112;102.619;
1900-01-01 13:32:50;940.0;1745724770;98.482;102.124;94.11;102.619;
1900-01-01 13:32:50;941.0;1745724770;98.482;102.124;94.11;102.642;
1900-01-01 13:32:51;942.0;1745724771;98.498;102.107;94.093;102.612;
1900-01-01 13:32:52;943.0;1745724772;98.561;102.156;94.093;102.612;
1900-01-01 13:32:53;944.0;1745724773;98.561;102.156;94.137;102.636;
1900-01-01 13:32:54;945.0;1745724774;98.504;102.163;94.135;102.636;
1900-01-01 13:32:55;946.0;1745724775;98.485;102.034;94.135;102.617;
1900-01-01 13:32:57;947.0;1745724777;98.475;102.034;94.073;102.661;
1900-01-01 13:32:57;948.0;1745724777;98.475;102.15;94.05;102.661;
1900-01-01 13:32:58;949.0;1745724778;98.512;102.053;94.05;102.61;
1900-01-01 13:33:00;950.0;1745724780;98.43;102.053;94.211;102.666;
1900-01-01 13:33:00;951.0;1745724780;98.43;101.988;94.156;102.666;
1900-01-01 13:33:01;952.0;1745724781;98.444;102.094;94.156;102.641;
1900-01-01 13:33:02;953.0;1745724782;98.444;102.094;94.083;102.671;
1900-01-01 13:33:03;954.0;1745724783;98.505;102.012;94.211;102.671;
1900-01-01 13:33:04;955.0;1745724784;98.436;102.014;94.211;102.67;
1900-01-01 13:33:05;956.0;1745724785;98.436;102.014;94.142;102.627;
1900-01-01 13:33:06;957.0;1745724786;98.478;102.029;94.163;102.627;
1900-01-01 13:33:07;958.0;1745724787;98.504;102.029;94.163;102.734;
1900-01-01 13:33:08;959.0;1745724788;98.504;102.079;94.093;102.623;
1900-01-01 13:33:09;960.0;1745724789;98.557;101.955;94.093;102.623;
1900-01-01 13:33:10;961.0;1745724790;98.475;101.955;94.046;102.686;
1900-01-01 13:33:11;962.0;1745724791;98.475;102.039;93.956;102.689;
1900-01-01 13:33:12;963.0;1745724792;98.55;102.046;93.953;102.689;
1900-01-01 13:33:13;964.0;1745724793;98.534;102.046;93.953;102.607;
1900-01-01 13:33:14;965.0;1745724794;98.534;101.918;94.026;102.71;
1900-01-01 13:33:15;966.0;1745724795;98.473;101.965;93.995;102.71;
1900-01-01 13:33:17;967.0;1745724797;98.532;101.965;93.995;102.679;
1900-01-01 13:33:17;968.0;1745724797;98.532;102.01;94.039;102.706;
1900-01-01 13:33:18;969.0;1745724798;98.443;101.932;94.039;102.706;
1900-01-01 13:33:19;970.0;1745724799;98.443;101.932;94.029;102.613;
1900-01-01 13:33:20;971.0;1745724800;98.354;101.852;94.125;102.613;
1900-01-01 13:33:21;972.0;1745724801;98.345;101.879;94.125;102.601;
1900-01-01 13:33:22;973.0;1745724802;98.345;101.879;94.093;102.635;
1900-01-01 13:33:23;974.0;1745724803;98.433;101.951;94.08;102.635;
1900-01-01 13:33:24;975.0;1745724804;98.37;101.836;94.08;102.734;
1900-01-01 13:33:25;976.0;1745724805;98.37;101.836;94.067;102.631;
1900-01-01 13:33:26;977.0;1745724806;98.429;101.904;94.092;102.631;
1900-01-01 13:33:27;978.0;1745724807;98.476;101.904;94.092;102.62;
1900-01-01 13:33:28;979.0;1745724808;98.476;101.896;94.041;102.528;
1900-01-01 13:33:29;980.0;1745724809;98.354;101.812;94.05;102.528;
1900-01-01 13:33:31;981.0;1745724811;98.312;101.823;94.05;102.719;
1900-01-01 13:33:31;982.0;1745724811;98.312;101.823;94.088;102.69;
1900-01-01 13:33:32;983.0;1745724812;98.327;101.823;94.007;102.69;
1900-01-01 13:33:34;984.0;1745724814;98.378;101.876;94.007;102.663;
1900-01-01 13:33:34;985.0;1745724814;98.378;101.876;93.801;102.599;
1900-01-01 13:33:35;986.0;1745724815;98.447;101.872;93.767;102.599;
1900-01-01 13:33:37;987.0;1745724817;98.352;101.841;93.767;102.598;
1900-01-01 13:33:37;988.0;1745724817;98.352;101.841;93.832;102.563;
1900-01-01 13:33:38;989.0;1745724818;98.257;101.876;93.785;102.563;
1900-01-01 13:33:40;990.0;1745724820;98.316;101.876;93.785;102.635;
1900-01-01 13:33:40;991.0;1745724820;98.316;101.831;93.826;102.696;
1900-01-01 13:33:42;992.0;1745724822;98.273;101.867;93.773;102.696;
1900-01-01 13:33:42;993.0;1745724822;98.2;101.867;93.773;102.631;
1900-01-01 13:33:43;994.0;1745724823;98.2;101.924;93.743;102.716;
1900-01-01 13:33:44;995.0;1745724824;98.332;101.873;93.743;102.716;
1900-01-01 13:33:45;996.0;1745724825;98.332;101.873;93.784;102.691;
1900-01-01 13:33:46;997.0;1745724826;98.235;101.788;93.845;102.754;
1900-01-01 13:33:47;998.0;1745724827;98.28;101.925;93.845;102.754;
1900-01-01 13:33:48;999.0;1745724828;98.28;101.925;93.765;102.822;
1900-01-01 13:33:49;1000.0;1745724829;98.267;101.903;93.836;102.822;
1900-01-01 13:33:51;1001.0;1745724831;98.245;101.913;93.836;102.654;
1900-01-01 13:33:51;1002.0;1745724831;98.245;101.913;93.832;102.749;
1900-01-01 13:33:52;1003.0;1745724832;98.28;101.837;93.77;102.749;
1900-01-01 13:33:54;1004.0;1745724834;98.123;101.861;93.77;102.653;
1900-01-01 13:33:54;1005.0;1745724834;98.123;101.861;93.819;102.726;
1900-01-01 13:33:55;1006.0;1745724835;98.135;101.916;93.866;102.726;
1900-01-01 13:33:57;1007.0;1745724837;98.185;101.892;93.866;102.618;
1900-01-01 13:33:57;1008.0;1745724837;98.185;101.892;93.839;102.774;
1900-01-01 13:33:58;1009.0;1745724838;98.168;101.881;93.775;102.774;
1900-01-01 13:33:59;1010.0;1745724839;98.128;101.881;93.775;102.706;
1900-01-01 13:34:00;1011.0;1745724840;98.128;101.896;93.756;102.684;
1900-01-01 13:34:01;1012.0;1745724841;98.124;101.924;93.756;102.684;
1900-01-01 13:34:02;1013.0;1745724842;98.086;101.924;93.866;102.634;
1900-01-01 13:34:03;1014.0;1745724843;98.086;101.906;93.867;102.68;
1900-01-01 13:34:04;1015.0;1745724844;98.076;101.845;93.867;102.68;
1900-01-01 13:34:05;1016.0;1745724845;98.049;101.845;93.845;102.633;
1900-01-01 13:34:06;1017.0;1745724846;98.049;101.856;93.87;102.643;
1900-01-01 13:34:07;1018.0;1745724847;98.194;101.841;93.87;102.643;
1900-01-01 13:34:08;1019.0;1745724848;98.233;101.841;93.761;102.647;
1900-01-01 13:34:09;1020.0;1745724849;98.233;101.924;93.686;102.681;
1900-01-01 13:34:10;1021.0;1745724850;98.243;101.849;93.686;102.681;
1900-01-01 13:34:11;1022.0;1745724851;98.338;101.849;93.701;102.605;
1900-01-01 13:34:12;1023.0;1745724852;98.338;101.78;93.697;102.644;
1900-01-01 13:34:14;1024.0;1745724854;98.374;101.846;93.781;102.644;
1900-01-01 13:34:14;1025.0;1745724854;98.428;101.846;93.781;102.678;
1900-01-01 13:34:15;1026.0;1745724855;98.428;101.86;93.777;102.6;
1900-01-01 13:34:16;1027.0;1745724856;98.528;101.876;93.777;102.6;
1900-01-01 13:34:17;1028.0;1745724857;98.473;101.876;93.81;102.682;
1900-01-01 13:34:18;1029.0;1745724858;98.473;101.769;93.802;102.682;
1900-01-01 13:34:19;1030.0;1745724859;98.627;101.842;93.802;102.618;
1900-01-01 13:34:20;1031.0;1745724860;98.59;101.842;93.711;102.556;
1900-01-01 13:34:21;1032.0;1745724861;98.59;101.791;93.651;102.732;
1900-01-01 13:34:22;1033.0;1745724862;98.612;101.833;93.689;102.732;
1900-01-01 13:34:23;1034.0;1745724863;98.612;101.833;93.689;102.626;
1900-01-01 13:34:24;1035.0;1745724864;98.527;101.753;93.534;102.635;
1900-01-01 13:34:25;1036.0;1745724865;98.604;101.751;93.534;102.635;
1900-01-01 13:34:26;1037.0;1745724866;98.578;101.751;93.523;102.649;
1900-01-01 13:34:27;1038.0;1745724867;98.578;101.856;93.623;102.649;
1900-01-01 13:34:28;1039.0;1745724868;98.615;101.794;93.623;102.601;
1900-01-01 13:34:29;1040.0;1745724869;98.615;101.794;93.542;102.674;
1900-01-01 13:34:30;1041.0;1745724870;98.638;101.787;93.531;102.628;
1900-01-01 13:34:31;1042.0;1745724871;98.663;101.739;93.531;102.628;
1900-01-01 13:34:32;1043.0;1745724872;98.663;101.739;93.566;102.645;
1900-01-01 13:34:33;1044.0;1745724873;98.64;101.833;93.64;102.645;
1900-01-01 13:34:34;1045.0;1745724874;98.696;101.833;93.64;102.652;
1900-01-01 13:34:35;1046.0;1745724875;98.696;101.796;93.666;102.625;
1900-01-01 13:34:36;1047.0;1745724876;98.601;101.774;93.588;102.625;
1900-01-01 13:34:37;1048.0;1745724877;98.574;101.762;93.588;102.62;
1900-01-01 13:34:38;1049.0;1745724878;98.574;101.762;93.627;102.72;
1900-01-01 13:34:39;1050.0;1745724879;98.635;101.776;93.643;102.72;
1900-01-01 13:34:40;1051.0;1745724880;98.615;101.667;93.643;102.68;
1900-01-01 13:34:41;1052.0;1745724881;98.615;101.667;93.615;102.699;
1900-01-01 13:34:42;1053.0;1745724882;98.579;101.711;93.589;102.699;
1900-01-01 13:34:43;1054.0;1745724883;98.612;101.711;93.589;102.738;
1900-01-01 13:34:44;1055.0;1745724884;98.612;101.828;93.583;102.668;
1900-01-01 13:34:45;1056.0;1745724885;98.629;101.766;93.583;102.668;
1900-01-01 13:34:46;1057.0;1745724886;98.552;101.766;93.506;102.68;
1900-01-01 13:34:47;1058.0;1745724887;98.552;101.732;93.457;102.68;
1900-01-01 13:34:48;1059.0;1745724888;98.56;101.766;93.457;102.692;
1900-01-01 13:34:49;1060.0;1745724889;98.608;101.766;93.562;102.697;
1900-01-01 13:34:50;1061.0;1745724890;98.608;101.737;93.478;102.677;
1900-01-01 13:34:51;1062.0;1745724891;98.554;101.746;93.478;102.677;
1900-01-01 13:34:52;1063.0;1745724892;98.601;101.746;93.63;102.65;
1900-01-01 13:34:53;1064.0;1745724893;98.601;101.782;93.595;102.709;
1900-01-01 13:34:54;1065.0;1745724894;98.558;101.782;93.595;102.709;
1900-01-01 13:34:55;1066.0;1745724895;98.558;101.783;93.551;102.684;
1900-01-01 13:34:56;1067.0;1745724896;98.562;101.723;93.657;102.684;
1900-01-01 13:34:57;1068.0;1745724897;98.576;101.723;93.657;102.673;
1900-01-01 13:34:58;1069.0;1745724898;98.576;101.826;93.449;102.645;
1900-01-01 13:34:59;1070.0;1745724899;98.567;101.743;93.534;102.645;
1900-01-01 13:35:00;1071.0;1745724900;98.602;101.686;93.534;102.709;
1900-01-01 13:35:01;1072.0;1745724901;98.602;101.686;93.448;102.677;
1900-01-01 13:35:02;1073.0;1745724902;98.628;101.7;93.551;102.677;
1900-01-01 13:35:03;1074.0;1745724903;98.556;101.7;93.551;102.656;
1900-01-01 13:35:04;1075.0;1745724904;98.556;101.634;93.473;102.674;
1900-01-01 13:35:05;1076.0;1745724905;98.559;101.683;93.426;102.674;
1900-01-01 13:35:06;1077.0;1745724906;98.556;101.683;93.426;102.726;
1900-01-01 13:35:07;1078.0;1745724907;98.556;101.712;93.392;102.642;
1900-01-01 13:35:08;1079.0;1745724908;98.521;101.713;93.497;102.642;
1900-01-01 13:35:09;1080.0;1745724909;98.447;101.713;93.497;102.685;
1900-01-01 13:35:10;1081.0;1745724910;98.447;101.65;93.379;102.699;
1900-01-01 13:35:11;1082.0;1745724911;98.384;101.625;93.379;102.699;
1900-01-01 13:35:12;1083.0;1745724912;98.403;101.625;93.348;102.711;
1900-01-01 13:35:13;1084.0;1745724913;98.403;101.642;93.403;102.669;
1900-01-01 13:35:14;1085.0;1745724914;98.334;101.701;93.403;102.669;
1900-01-01 13:35:16;1086.0;1745724916;98.171;101.701;93.469;102.636;
1900-01-01 13:35:16;1087.0;1745724916;98.171;101.633;93.423;102.636;
1900-01-01 13:35:17;1088.0;1745724917;98.098;101.588;93.423;102.629;
1900-01-01 13:35:19;1089.0;1745724919;98.058;101.588;93.445;102.665;
1900-01-01 13:35:19;1090.0;1745724919;98.058;101.601;93.432;102.665;
1900-01-01 13:35:20;1091.0;1745724920;97.983;101.598;93.432;102.656;
1900-01-01 13:35:21;1092.0;1745724921;97.983;101.598;93.48;102.669;
1900-01-01 13:35:22;1093.0;1745724922;97.93;101.505;93.539;102.669;
1900-01-01 13:35:23;1094.0;1745724923;97.87;101.505;93.539;102.705;
1900-01-01 13:35:24;1095.0;1745724924;97.87;101.514;93.465;102.691;
1900-01-01 13:35:25;1096.0;1745724925;97.793;101.571;93.487;102.691;
1900-01-01 13:35:26;1097.0;1745724926;97.759;101.571;93.487;102.646;
1900-01-01 13:35:27;1098.0;1745724927;97.759;101.583;93.374;102.581;
1900-01-01 13:35:28;1099.0;1745724928;97.814;101.599;93.391;102.581;
1900-01-01 13:35:30;1100.0;1745724930;97.771;101.599;93.391;102.614;
1900-01-01 13:35:30;1101.0;1745724930;97.771;101.628;93.357;102.636;
1900-01-01 13:35:31;1102.0;1745724931;97.818;101.583;93.357;102.636;
1900-01-01 13:35:32;1103.0;1745724932;97.818;101.583;93.306;102.645;
1900-01-01 13:35:33;1104.0;1745724933;97.642;101.692;93.251;102.618;
1900-01-01 13:35:34;1105.0;1745724934;97.619;101.472;93.251;102.618;
1900-01-01 13:35:35;1106.0;1745724935;97.629;101.472;93.287;102.736;
1900-01-01 13:35:37;1107.0;1745724937;97.629;101.549;93.334;102.687;
1900-01-01 13:35:37;1108.0;1745724937;97.572;101.497;93.334;102.687;
1900-01-01 13:35:38;1109.0;1745724938;97.562;101.497;93.283;102.609;
1900-01-01 13:35:39;1110.0;1745724939;97.562;101.544;93.306;102.711;
1900-01-01 13:35:40;1111.0;1745724940;97.575;101.55;93.306;102.711;
1900-01-01 13:35:41;1112.0;1745724941;97.633;101.55;93.236;102.658;
1900-01-01 13:35:42;1113.0;1745724942;97.633;101.541;93.292;102.619;
1900-01-01 13:35:43;1114.0;1745724943;97.634;101.533;93.292;102.619;
1900-01-01 13:35:44;1115.0;1745724944;97.634;101.533;93.241;102.65;
1900-01-01 13:35:45;1116.0;1745724945;97.706;101.609;93.235;102.671;
1900-01-01 13:35:46;1117.0;1745724946;97.699;101.609;93.235;102.671;
1900-01-01 13:35:47;1118.0;1745724947;97.699;101.468;93.155;102.636;
1900-01-01 13:35:48;1119.0;1745724948;97.672;101.524;93.096;102.636;
1900-01-01 13:35:49;1120.0;1745724949;97.663;101.524;93.096;102.734;
1900-01-01 13:35:50;1121.0;1745724950;97.663;101.532;93.095;102.728;
1900-01-01 13:35:51;1122.0;1745724951;97.603;101.507;93.162;102.728;
1900-01-01 13:35:52;1123.0;1745724952;97.57;101.507;93.162;102.646;
1900-01-01 13:35:53;1124.0;1745724953;97.57;101.518;93.216;102.704;
1900-01-01 13:35:54;1125.0;1745724954;97.546;101.606;93.251;102.704;
1900-01-01 13:35:55;1126.0;1745724955;97.528;101.606;93.251;102.697;
1900-01-01 13:35:56;1127.0;1745724956;97.528;101.545;93.195;102.679;
1900-01-01 13:35:58;1128.0;1745724958;97.473;101.562;93.06;102.679;
1900-01-01 13:35:58;1129.0;1745724958;97.386;101.562;93.06;102.741;
1900-01-01 13:35:59;1130.0;1745724959;97.386;101.523;93.088;102.616;
1900-01-01 13:36:00;1131.0;1745724960;97.388;101.426;93.088;102.616;
1900-01-01 13:36:01;1132.0;1745724961;97.337;101.426;93.126;102.676;
1900-01-01 13:36:02;1133.0;1745724962;97.337;101.521;93.083;102.657;
1900-01-01 13:36:03;1134.0;1745724963;97.258;101.501;93.083;102.657;
1900-01-01 13:36:04;1135.0;1745724964;97.258;101.501;93.073;102.762;
1900-01-01 13:36:05;1136.0;1745724965;97.265;101.515;93.153;102.762;
1900-01-01 13:36:06;1137.0;1745724966;97.053;101.514;93.153;102.643;
1900-01-01 13:36:08;1138.0;1745724968;97.035;101.514;93.039;102.687;
1900-01-01 13:36:08;1139.0;1745724968;97.035;101.468;93.164;102.687;
1900-01-01 13:36:09;1140.0;1745724969;96.959;101.498;93.164;102.653;
1900-01-01 13:36:10;1141.0;1745724970;96.982;101.498;93.094;102.703;
1900-01-01 13:36:11;1142.0;1745724971;96.982;101.464;93.156;102.703;
1900-01-01 13:36:12;1143.0;1745724972;96.979;101.483;93.156;102.637;
1900-01-01 13:36:13;1144.0;1745724973;97.021;101.483;93.146;102.724;
1900-01-01 13:36:14;1145.0;1745724974;97.021;101.474;93.068;102.724;
1900-01-01 13:36:15;1146.0;1745724975;97.102;101.473;93.068;102.676;
1900-01-01 13:36:17;1147.0;1745724977;97.118;101.473;93.082;102.724;
1900-01-01 13:36:17;1148.0;1745724977;97.118;101.436;92.99;102.724;
1900-01-01 13:36:18;1149.0;1745724978;97.249;101.517;92.99;102.703;
1900-01-01 13:36:19;1150.0;1745724979;97.249;101.517;92.952;102.696;
1900-01-01 13:36:20;1151.0;1745724980;97.287;101.38;92.895;102.696;
1900-01-01 13:36:21;1152.0;1745724981;97.298;101.467;92.895;102.687;
1900-01-01 13:36:22;1153.0;1745724982;97.298;101.467;92.835;102.684;
1900-01-01 13:36:23;1154.0;1745724983;97.311;101.362;92.919;102.684;
1900-01-01 13:36:24;1155.0;1745724984;97.325;101.362;92.919;102.642;
1900-01-01 13:36:25;1156.0;1745724985;97.325;101.374;92.88;102.693;
1900-01-01 13:36:26;1157.0;1745724986;97.222;101.362;92.911;102.693;
1900-01-01 13:36:27;1158.0;1745724987;97.26;101.362;92.911;102.619;
1900-01-01 13:36:28;1159.0;1745724988;97.26;101.356;92.98;102.69;
1900-01-01 13:36:29;1160.0;1745724989;97.307;101.369;92.98;102.69;
1900-01-01 13:36:30;1161.0;1745724990;97.27;101.369;92.99;102.644;
1900-01-01 13:36:31;1162.0;1745724991;97.27;101.263;92.954;102.644;
1900-01-01 13:36:32;1163.0;1745724992;97.327;101.306;92.954;102.677;
1900-01-01 13:36:33;1164.0;1745724993;97.266;101.306;92.984;102.699;
1900-01-01 13:36:35;1165.0;1745724995;97.266;101.314;92.909;102.677;
1900-01-01 13:36:35;1166.0;1745724995;97.258;101.213;92.909;102.677;
1900-01-01 13:36:36;1167.0;1745724996;97.258;101.213;92.871;102.643;
1900-01-01 13:36:37;1168.0;1745724997;97.172;101.25;92.815;102.643;
1900-01-01 13:36:38;1169.0;1745724998;97.289;101.25;92.815;102.642;
1900-01-01 13:36:39;1170.0;1745724999;97.289;101.217;92.829;102.655;
1900-01-01 13:36:40;1171.0;1745725000;97.223;101.328;92.725;102.655;
1900-01-01 13:36:41;1172.0;1745725001;97.182;101.153;92.725;102.629;
1900-01-01 13:36:42;1173.0;1745725002;97.182;101.153;92.797;102.651;
1900-01-01 13:36:43;1174.0;1745725003;97.104;101.206;92.802;102.651;
1900-01-01 13:36:44;1175.0;1745725004;97.042;101.206;92.802;102.578;
1900-01-01 13:36:45;1176.0;1745725005;97.042;101.171;92.688;102.685;
1900-01-01 13:36:46;1177.0;1745725006;97.011;101.211;92.659;102.685;
1900-01-01 13:36:47;1178.0;1745725007;96.982;101.211;92.659;102.657;
1900-01-01 13:36:48;1179.0;1745725008;96.982;101.258;92.729;102.672;
1900-01-01 13:36:49;1180.0;1745725009;96.891;101.16;92.729;102.672;
1900-01-01 13:36:50;1181.0;1745725010;96.766;101.16;92.779;102.636;
1900-01-01 13:36:51;1182.0;1745725011;96.766;101.189;92.818;102.573;
1900-01-01 13:36:52;1183.0;1745725012;96.691;101.126;92.818;102.573;
1900-01-01 13:36:53;1184.0;1745725013;96.663;101.126;92.751;102.65;
1900-01-01 13:36:54;1185.0;1745725014;96.663;101.086;92.736;102.675;
1900-01-01 13:36:55;1186.0;1745725015;96.611;101.098;92.736;102.675;
1900-01-01 13:36:56;1187.0;1745725016;96.563;101.098;92.679;102.659;
1900-01-01 13:36:57;1188.0;1745725017;96.563;101.125;92.617;102.676;
1900-01-01 13:36:58;1189.0;1745725018;96.566;101.093;92.617;102.676;
1900-01-01 13:36:59;1190.0;1745725019;96.566;101.093;92.579;102.7;
1900-01-01 13:37:00;1191.0;1745725020;96.587;101.015;92.595;102.7;
1900-01-01 13:37:01;1192.0;1745725021;96.487;101.015;92.595;102.698;
1900-01-01 13:37:02;1193.0;1745725022;96.487;101.082;92.664;102.691;
1900-01-01 13:37:03;1194.0;1745725023;96.541;101.088;92.638;102.691;
1900-01-01 13:37:04;1195.0;1745725024;96.538;101.088;92.638;102.727;
1900-01-01 13:37:05;1196.0;1745725025;96.538;100.965;92.559;102.721;
1900-01-01 13:37:06;1197.0;1745725026;96.528;101.021;92.638;102.721;
1900-01-01 13:37:07;1198.0;1745725027;96.532;101.021;92.638;102.685;
1900-01-01 13:37:08;1199.0;1745725028;96.532;101.044;92.595;102.634;
1900-01-01 13:37:09;1200.0;1745725029;96.53;101.106;92.498;102.634;
