Time;Seconds from start for linreg;Unix Time;ch1 po2;ch2 po2;ch3 po2;ch4 po2;
1900-01-01 03:17:08;1.0;1745687828;101.118;102.895;97.471;103.128;
1900-01-01 03:17:10;2.0;1745687830;101.055;102.895;97.479;103.192;
1900-01-01 03:17:10;3.0;1745687830;101.055;103.031;97.43;103.192;
1900-01-01 03:17:11;4.0;1745687831;101.034;102.926;97.43;103.129;
1900-01-01 03:17:13;5.0;1745687833;100.999;102.926;97.472;103.104;
1900-01-01 03:17:13;6.0;1745687833;100.999;102.942;97.439;103.104;
1900-01-01 03:17:14;7.0;1745687834;100.92;102.942;97.439;103.141;
1900-01-01 03:17:15;8.0;1745687835;100.92;102.876;97.42;103.083;
1900-01-01 03:17:16;9.0;1745687836;100.999;102.903;97.47;103.083;
1900-01-01 03:17:17;10.0;1745687837;100.825;102.903;97.47;103.154;
1900-01-01 03:17:18;11.0;1745687838;100.825;102.954;97.518;103.132;
1900-01-01 03:17:19;12.0;1745687839;100.909;102.908;97.446;103.132;
1900-01-01 03:17:21;13.0;1745687841;100.838;102.908;97.446;103.179;
1900-01-01 03:17:21;14.0;1745687841;100.838;102.776;97.4;103.096;
1900-01-01 03:17:22;15.0;1745687842;100.784;102.904;97.241;103.096;
1900-01-01 03:17:23;16.0;1745687843;100.773;102.904;97.241;103.177;
1900-01-01 03:17:24;17.0;1745687844;100.773;102.894;97.315;103.177;
1900-01-01 03:17:25;18.0;1745687845;100.735;103.009;97.315;103.177;
1900-01-01 03:17:26;19.0;1745687846;100.735;103.009;97.298;103.132;
1900-01-01 03:17:27;20.0;1745687847;100.776;102.956;97.323;103.132;
1900-01-01 03:17:28;21.0;1745687848;100.765;102.945;97.323;103.154;
1900-01-01 03:17:29;22.0;1745687849;100.706;102.945;97.259;103.098;
1900-01-01 03:17:30;23.0;1745687850;100.706;103.008;97.192;103.098;
1900-01-01 03:17:31;24.0;1745687851;100.783;102.985;97.192;103.137;
1900-01-01 03:17:32;25.0;1745687852;100.783;102.985;97.115;103.171;
1900-01-01 03:17:33;26.0;1745687853;100.842;102.966;97.135;103.171;
1900-01-01 03:17:34;27.0;1745687854;100.763;102.966;97.135;103.137;
1900-01-01 03:17:35;28.0;1745687855;100.763;102.959;97.095;103.18;
1900-01-01 03:17:36;29.0;1745687856;100.797;102.988;97.266;103.18;
1900-01-01 03:17:38;30.0;1745687858;100.81;102.997;97.266;103.131;
1900-01-01 03:17:38;31.0;1745687858;100.81;102.997;97.321;103.136;
1900-01-01 03:17:39;32.0;1745687859;100.873;103.024;97.214;103.136;
1900-01-01 03:17:40;33.0;1745687860;100.972;103.024;97.214;103.2;
1900-01-01 03:17:41;34.0;1745687861;100.972;102.992;97.261;103.2;
1900-01-01 03:17:42;35.0;1745687862;100.905;102.986;97.261;103.2;
1900-01-01 03:17:43;36.0;1745687863;100.911;102.986;97.191;103.185;
1900-01-01 03:17:44;37.0;1745687864;100.911;102.955;97.095;103.162;
1900-01-01 03:17:45;38.0;1745687865;100.969;103.003;97.095;103.162;
1900-01-01 03:17:46;39.0;1745687866;100.967;103.003;97.064;103.162;
1900-01-01 03:17:47;40.0;1745687867;100.967;103.057;97.061;103.162;
1900-01-01 03:17:48;41.0;1745687868;101.091;102.998;97.061;103.209;
1900-01-01 03:17:49;42.0;1745687869;101.096;102.998;97.107;103.194;
1900-01-01 03:17:50;43.0;1745687870;101.096;103.044;97.154;103.194;
1900-01-01 03:17:51;44.0;1745687871;101.125;103.078;97.154;103.166;
1900-01-01 03:17:52;45.0;1745687872;101.12;103.078;97.155;103.256;
1900-01-01 03:17:53;46.0;1745687873;101.12;103.105;97.12;103.256;
1900-01-01 03:17:54;47.0;1745687874;101.086;103.11;97.12;103.17;
1900-01-01 03:17:56;48.0;1745687876;101.134;103.11;97.013;103.201;
1900-01-01 03:17:56;49.0;1745687876;101.134;103.122;97.134;103.201;
1900-01-01 03:17:57;50.0;1745687877;101.071;103.11;97.134;103.178;
1900-01-01 03:17:58;51.0;1745687878;101.071;103.11;97.048;103.166;
1900-01-01 03:17:59;52.0;1745687879;101.097;103.139;97.04;103.166;
1900-01-01 03:18:00;53.0;1745687880;101.068;103.065;97.04;103.216;
1900-01-01 03:18:01;54.0;1745687881;101.068;103.065;96.935;103.23;
1900-01-01 03:18:02;55.0;1745687882;101.084;103.109;97.1;103.23;
1900-01-01 03:18:04;56.0;1745687884;101.131;103.109;97.1;103.157;
1900-01-01 03:18:04;57.0;1745687884;101.131;103.061;97.137;103.148;
1900-01-01 03:18:05;58.0;1745687885;101.078;102.983;97.25;103.148;
1900-01-01 03:18:06;59.0;1745687886;101.095;102.983;97.25;103.237;
1900-01-01 03:18:07;60.0;1745687887;101.095;102.986;97.247;103.267;
1900-01-01 03:18:08;61.0;1745687888;101.066;103.041;97.247;103.267;
1900-01-01 03:18:10;62.0;1745687890;101.075;103.041;97.257;103.21;
1900-01-01 03:18:10;63.0;1745687890;101.075;103.078;97.305;103.162;
1900-01-01 03:18:11;64.0;1745687891;101.095;102.987;97.305;103.162;
1900-01-01 03:18:12;65.0;1745687892;101.095;102.987;97.232;103.405;
1900-01-01 03:18:13;66.0;1745687893;101.021;102.94;97.132;103.26;
1900-01-01 03:18:14;67.0;1745687894;101.032;102.94;97.132;103.26;
1900-01-01 03:18:15;68.0;1745687895;101.032;103.05;97.107;103.163;
1900-01-01 03:18:16;69.0;1745687896;101.004;103.074;97.006;103.163;
1900-01-01 03:18:18;70.0;1745687898;101.029;103.095;97.006;103.128;
1900-01-01 03:18:18;71.0;1745687898;101.029;103.095;96.889;103.112;
1900-01-01 03:18:19;72.0;1745687899;101.015;103.01;96.911;103.112;
1900-01-01 03:18:20;73.0;1745687900;100.89;103.124;96.911;103.144;
1900-01-01 03:18:21;74.0;1745687901;100.89;103.124;96.87;103.167;
1900-01-01 03:18:22;75.0;1745687902;100.825;103.052;96.894;103.167;
1900-01-01 03:18:23;76.0;1745687903;100.804;103.052;96.894;103.213;
1900-01-01 03:18:24;77.0;1745687904;100.804;103.049;96.901;103.235;
1900-01-01 03:18:25;78.0;1745687905;100.805;103.001;96.901;103.235;
1900-01-01 03:18:26;79.0;1745687906;100.812;103.001;96.757;103.232;
1900-01-01 03:18:27;80.0;1745687907;100.812;103.038;96.693;103.21;
1900-01-01 03:18:28;81.0;1745687908;100.826;103.046;96.693;103.21;
1900-01-01 03:18:29;82.0;1745687909;100.751;103.046;96.762;103.214;
1900-01-01 03:18:30;83.0;1745687910;100.751;102.943;96.657;103.274;
1900-01-01 03:18:31;84.0;1745687911;100.859;102.904;96.657;103.274;
1900-01-01 03:18:32;85.0;1745687912;100.859;102.904;96.68;103.153;
1900-01-01 03:18:33;86.0;1745687913;100.826;103.08;96.568;103.153;
1900-01-01 03:18:34;87.0;1745687914;100.794;102.969;96.568;103.184;
1900-01-01 03:18:35;88.0;1745687915;100.883;102.969;96.562;103.251;
1900-01-01 03:18:36;89.0;1745687916;100.883;102.933;96.688;103.251;
1900-01-01 03:18:37;90.0;1745687917;100.835;102.901;96.688;103.215;
1900-01-01 03:18:38;91.0;1745687918;100.835;102.901;96.731;103.272;
1900-01-01 03:18:39;92.0;1745687919;100.868;102.813;96.702;103.272;
1900-01-01 03:18:40;93.0;1745687920;100.806;102.871;96.702;103.171;
1900-01-01 03:18:41;94.0;1745687921;100.806;102.871;96.775;103.259;
1900-01-01 03:18:42;95.0;1745687922;100.775;102.869;96.735;103.259;
1900-01-01 03:18:43;96.0;1745687923;100.731;102.882;96.735;103.194;
1900-01-01 03:18:44;97.0;1745687924;100.731;102.882;96.799;103.173;
1900-01-01 03:18:45;98.0;1745687925;100.753;102.876;96.764;103.173;
1900-01-01 03:18:47;99.0;1745687927;100.804;102.876;96.764;103.294;
1900-01-01 03:18:47;100.0;1745687927;100.804;102.885;96.779;103.237;
1900-01-01 03:18:48;101.0;1745687928;100.864;102.957;96.759;103.237;
1900-01-01 03:18:49;102.0;1745687929;100.864;102.957;96.759;103.194;
1900-01-01 03:18:50;103.0;1745687930;100.863;102.809;96.671;103.213;
1900-01-01 03:18:51;104.0;1745687931;100.838;102.875;96.671;103.213;
1900-01-01 03:18:52;105.0;1745687932;100.738;102.875;96.772;103.219;
1900-01-01 03:18:53;106.0;1745687933;100.738;102.919;96.824;103.219;
1900-01-01 03:18:54;107.0;1745687934;100.803;102.903;96.824;103.2;
1900-01-01 03:18:55;108.0;1745687935;100.764;102.903;96.775;103.21;
1900-01-01 03:18:56;109.0;1745687936;100.764;102.997;96.766;103.21;
1900-01-01 03:18:57;110.0;1745687937;100.796;102.954;96.766;103.189;
1900-01-01 03:18:58;111.0;1745687938;100.796;102.954;96.691;103.164;
1900-01-01 03:18:59;112.0;1745687939;100.848;102.992;96.766;103.157;
1900-01-01 03:19:00;113.0;1745687940;100.798;102.992;96.766;103.157;
1900-01-01 03:19:01;114.0;1745687941;100.798;103.07;96.667;103.324;
1900-01-01 03:19:02;115.0;1745687942;100.805;103.019;96.689;103.324;
1900-01-01 03:19:03;116.0;1745687943;100.743;102.967;96.689;103.171;
1900-01-01 03:19:04;117.0;1745687944;100.743;102.967;96.626;103.265;
1900-01-01 03:19:05;118.0;1745687945;100.753;103.075;96.676;103.265;
1900-01-01 03:19:06;119.0;1745687946;100.726;102.921;96.676;103.239;
1900-01-01 03:19:07;120.0;1745687947;100.632;102.921;96.642;103.23;
1900-01-01 03:19:08;121.0;1745687948;100.632;103.066;96.662;103.23;
1900-01-01 03:19:09;122.0;1745687949;100.633;102.997;96.662;103.268;
1900-01-01 03:19:10;123.0;1745687950;100.633;102.997;96.66;103.151;
1900-01-01 03:19:11;124.0;1745687951;100.704;103.075;96.61;103.151;
1900-01-01 03:19:12;125.0;1745687952;100.644;103.02;96.61;103.249;
1900-01-01 03:19:13;126.0;1745687953;100.644;103.02;96.629;103.193;
1900-01-01 03:19:14;127.0;1745687954;100.618;103.05;96.64;103.193;
1900-01-01 03:19:15;128.0;1745687955;100.642;103.05;96.64;103.163;
1900-01-01 03:19:16;129.0;1745687956;100.642;103.068;96.524;103.249;
1900-01-01 03:19:17;130.0;1745687957;100.624;102.976;96.511;103.249;
1900-01-01 03:19:18;131.0;1745687958;100.665;103.005;96.511;103.196;
1900-01-01 03:19:19;132.0;1745687959;100.665;103.005;96.581;103.142;
1900-01-01 03:19:20;133.0;1745687960;100.692;102.914;96.608;103.142;
1900-01-01 03:19:21;134.0;1745687961;100.673;102.914;96.608;103.163;
1900-01-01 03:19:22;135.0;1745687962;100.673;102.865;96.575;103.277;
1900-01-01 03:19:23;136.0;1745687963;100.67;102.867;96.575;103.277;
1900-01-01 03:19:24;137.0;1745687964;100.618;102.867;96.645;103.174;
1900-01-01 03:19:25;138.0;1745687965;100.618;102.864;96.517;103.242;
1900-01-01 03:19:26;139.0;1745687966;100.725;102.826;96.421;103.242;
1900-01-01 03:19:27;140.0;1745687967;100.732;102.826;96.421;103.188;
1900-01-01 03:19:28;141.0;1745687968;100.732;102.803;96.404;103.175;
1900-01-01 03:19:29;142.0;1745687969;100.737;102.861;96.404;103.175;
1900-01-01 03:19:30;143.0;1745687970;100.824;102.861;96.437;103.23;
1900-01-01 03:19:31;144.0;1745687971;100.824;102.828;96.35;103.209;
1900-01-01 03:19:32;145.0;1745687972;100.804;102.816;96.351;103.209;
1900-01-01 03:19:33;146.0;1745687973;100.746;102.816;96.351;103.231;
1900-01-01 03:19:34;147.0;1745687974;100.746;102.785;96.478;103.189;
1900-01-01 03:19:35;148.0;1745687975;100.812;102.96;96.478;103.189;
1900-01-01 03:19:36;149.0;1745687976;100.741;102.96;96.427;103.21;
1900-01-01 03:19:37;150.0;1745687977;100.741;102.918;96.336;103.21;
1900-01-01 03:19:38;151.0;1745687978;100.635;102.982;96.336;103.229;
1900-01-01 03:19:39;152.0;1745687979;100.654;102.982;96.3;103.266;
1900-01-01 03:19:40;153.0;1745687980;100.654;102.917;96.357;103.266;
1900-01-01 03:19:41;154.0;1745687981;100.558;102.905;96.357;103.249;
1900-01-01 03:19:42;155.0;1745687982;100.475;102.905;96.26;103.3;
1900-01-01 03:19:43;156.0;1745687983;100.475;102.787;96.278;103.3;
1900-01-01 03:19:44;157.0;1745687984;100.443;102.917;96.278;103.286;
1900-01-01 03:19:45;158.0;1745687985;100.443;102.917;96.25;103.262;
1900-01-01 03:19:46;159.0;1745687986;100.386;102.865;96.169;103.262;
1900-01-01 03:19:47;160.0;1745687987;100.386;102.865;96.169;103.255;
1900-01-01 03:19:48;161.0;1745687988;100.386;102.898;96.199;103.25;
1900-01-01 03:19:49;162.0;1745687989;100.318;102.885;96.273;103.25;
1900-01-01 03:19:50;163.0;1745687990;100.392;102.885;96.273;103.254;
1900-01-01 03:19:51;164.0;1745687991;100.392;102.885;96.208;103.285;
1900-01-01 03:19:52;165.0;1745687992;100.401;102.94;96.154;103.285;
1900-01-01 03:19:54;166.0;1745687994;100.511;102.94;96.154;103.221;
1900-01-01 03:19:54;167.0;1745687994;100.511;102.831;96.159;103.198;
1900-01-01 03:19:55;168.0;1745687995;100.544;102.953;96.159;103.198;
1900-01-01 03:19:56;169.0;1745687996;100.588;102.953;96.244;103.295;
1900-01-01 03:19:57;170.0;1745687997;100.588;102.872;96.312;103.295;
1900-01-01 03:19:58;171.0;1745687998;100.642;102.951;96.312;103.254;
1900-01-01 03:19:59;172.0;1745687999;100.621;102.951;96.322;103.207;
1900-01-01 03:20:00;173.0;1745688000;100.621;102.947;96.289;103.199;
1900-01-01 03:20:01;174.0;1745688001;100.678;102.924;96.289;103.199;
1900-01-01 03:20:02;175.0;1745688002;100.678;102.924;96.232;103.353;
1900-01-01 03:20:03;176.0;1745688003;100.683;102.954;96.275;103.353;
1900-01-01 03:20:04;177.0;1745688004;100.667;102.936;96.275;103.246;
1900-01-01 03:20:05;178.0;1745688005;100.667;102.936;96.258;103.22;
1900-01-01 03:20:06;179.0;1745688006;100.64;103.002;96.361;103.22;
1900-01-01 03:20:07;180.0;1745688007;100.659;103.002;96.361;103.315;
1900-01-01 03:20:08;181.0;1745688008;100.659;102.958;96.329;103.25;
1900-01-01 03:20:09;182.0;1745688009;100.575;102.879;96.273;103.25;
1900-01-01 03:20:10;183.0;1745688010;100.533;102.879;96.273;103.211;
1900-01-01 03:20:11;184.0;1745688011;100.533;102.977;96.302;103.317;
1900-01-01 03:20:12;185.0;1745688012;100.537;102.981;96.304;103.317;
1900-01-01 03:20:13;186.0;1745688013;100.497;102.981;96.304;103.231;
1900-01-01 03:20:14;187.0;1745688014;100.497;102.985;96.276;103.154;
1900-01-01 03:20:15;188.0;1745688015;100.459;102.966;96.15;103.154;
1900-01-01 03:20:16;189.0;1745688016;100.481;102.966;96.15;103.167;
1900-01-01 03:20:17;190.0;1745688017;100.481;102.869;96.289;103.134;
1900-01-01 03:20:18;191.0;1745688018;100.399;102.82;96.289;103.134;
1900-01-01 03:20:19;192.0;1745688019;100.521;102.82;96.213;103.185;
1900-01-01 03:20:20;193.0;1745688020;100.521;102.836;96.292;103.185;
1900-01-01 03:20:21;194.0;1745688021;100.489;102.733;96.292;103.174;
1900-01-01 03:20:22;195.0;1745688022;100.489;102.733;96.267;103.251;
1900-01-01 03:20:23;196.0;1745688023;100.531;102.645;96.152;103.251;
1900-01-01 03:20:24;197.0;1745688024;100.631;102.659;96.152;103.253;
1900-01-01 03:20:25;198.0;1745688025;100.631;102.659;96.062;103.232;
1900-01-01 03:20:26;199.0;1745688026;100.577;102.759;95.978;103.232;
1900-01-01 03:20:27;200.0;1745688027;100.616;102.673;95.978;103.295;
1900-01-01 03:20:28;201.0;1745688028;100.616;102.673;95.943;103.268;
1900-01-01 03:20:29;202.0;1745688029;100.665;102.692;95.95;103.268;
1900-01-01 03:20:30;203.0;1745688030;100.592;102.692;95.95;103.258;
1900-01-01 03:20:31;204.0;1745688031;100.592;102.666;95.946;103.255;
1900-01-01 03:20:33;205.0;1745688033;100.551;102.752;95.925;103.255;
1900-01-01 03:20:33;206.0;1745688033;100.538;102.752;95.925;103.273;
1900-01-01 03:20:34;207.0;1745688034;100.538;102.706;95.942;103.228;
1900-01-01 03:20:35;208.0;1745688035;100.551;102.664;95.909;103.228;
1900-01-01 03:20:37;209.0;1745688037;100.516;102.719;95.909;103.274;
1900-01-01 03:20:37;210.0;1745688037;100.516;102.719;95.969;103.235;
1900-01-01 03:20:38;211.0;1745688038;100.519;102.769;95.94;103.235;
1900-01-01 03:20:39;212.0;1745688039;100.601;102.769;95.94;103.257;
1900-01-01 03:20:40;213.0;1745688040;100.601;102.687;95.943;103.267;
1900-01-01 03:20:41;214.0;1745688041;100.61;102.727;95.943;103.267;
1900-01-01 03:20:42;215.0;1745688042;100.61;102.727;96.002;103.252;
1900-01-01 03:20:43;216.0;1745688043;100.586;102.778;96.063;103.252;
1900-01-01 03:20:44;217.0;1745688044;100.533;102.828;96.063;103.276;
1900-01-01 03:20:46;218.0;1745688046;100.478;102.828;96.114;103.265;
1900-01-01 03:20:46;219.0;1745688046;100.478;102.87;96.162;103.265;
1900-01-01 03:20:47;220.0;1745688047;100.427;102.932;96.162;103.404;
1900-01-01 03:20:48;221.0;1745688048;100.427;102.932;96.138;103.287;
1900-01-01 03:20:49;222.0;1745688049;100.407;102.909;96.135;103.287;
1900-01-01 03:20:50;223.0;1745688050;100.377;102.909;96.135;103.287;
1900-01-01 03:20:51;224.0;1745688051;100.377;102.925;96.096;103.224;
1900-01-01 03:20:52;225.0;1745688052;100.424;102.935;96.027;103.224;
1900-01-01 03:20:53;226.0;1745688053;100.339;102.935;96.027;103.291;
1900-01-01 03:20:54;227.0;1745688054;100.339;102.97;96.017;103.208;
1900-01-01 03:20:55;228.0;1745688055;100.371;102.999;96.017;103.208;
1900-01-01 03:20:56;229.0;1745688056;100.369;102.999;95.975;103.252;
1900-01-01 03:20:57;230.0;1745688057;100.369;103.007;95.954;103.252;
1900-01-01 03:20:58;231.0;1745688058;100.335;102.964;95.954;103.222;
1900-01-01 03:20:59;232.0;1745688059;100.396;102.964;95.865;103.218;
1900-01-01 03:21:00;233.0;1745688060;100.396;102.913;95.897;103.218;
1900-01-01 03:21:01;234.0;1745688061;100.431;102.952;95.897;103.174;
1900-01-01 03:21:02;235.0;1745688062;100.363;102.952;95.917;103.118;
1900-01-01 03:21:03;236.0;1745688063;100.363;102.908;95.807;103.118;
1900-01-01 03:21:04;237.0;1745688064;100.276;102.833;95.807;103.2;
1900-01-01 03:21:05;238.0;1745688065;100.276;102.833;95.822;103.211;
1900-01-01 03:21:06;239.0;1745688066;100.337;102.885;95.708;103.211;
1900-01-01 03:21:07;240.0;1745688067;100.273;102.885;95.708;103.226;
1900-01-01 03:21:08;241.0;1745688068;100.273;102.862;95.634;103.278;
1900-01-01 03:21:09;242.0;1745688069;100.409;102.806;95.588;103.278;
1900-01-01 03:21:10;243.0;1745688070;100.333;102.844;95.588;103.197;
1900-01-01 03:21:11;244.0;1745688071;100.333;102.844;95.587;103.157;
1900-01-01 03:21:12;245.0;1745688072;100.324;102.832;95.645;103.157;
1900-01-01 03:21:13;246.0;1745688073;100.333;102.829;95.645;103.329;
1900-01-01 03:21:14;247.0;1745688074;100.333;102.829;95.711;103.26;
1900-01-01 03:21:15;248.0;1745688075;100.322;102.839;95.681;103.26;
1900-01-01 03:21:16;249.0;1745688076;100.303;102.839;95.681;103.267;
1900-01-01 03:21:17;250.0;1745688077;100.303;102.793;95.752;103.229;
1900-01-01 03:21:18;251.0;1745688078;100.193;102.797;95.752;103.229;
1900-01-01 03:21:19;252.0;1745688079;100.203;102.797;95.837;103.277;
1900-01-01 03:21:20;253.0;1745688080;100.203;102.783;95.805;103.335;
1900-01-01 03:21:21;254.0;1745688081;100.13;102.812;95.805;103.335;
1900-01-01 03:21:22;255.0;1745688082;100.13;102.812;95.807;103.311;
1900-01-01 03:21:23;256.0;1745688083;100.249;102.856;95.804;103.311;
1900-01-01 03:21:24;257.0;1745688084;100.226;102.826;95.804;103.302;
1900-01-01 03:21:25;258.0;1745688085;100.226;102.826;95.732;103.242;
1900-01-01 03:21:26;259.0;1745688086;100.218;102.878;95.781;103.242;
1900-01-01 03:21:27;260.0;1745688087;100.212;102.9;95.781;103.287;
1900-01-01 03:21:28;261.0;1745688088;100.212;102.9;95.698;103.243;
1900-01-01 03:21:29;262.0;1745688089;100.177;102.891;95.774;103.243;
1900-01-01 03:21:30;263.0;1745688090;100.119;102.891;95.774;103.253;
1900-01-01 03:21:31;264.0;1745688091;100.119;102.93;95.676;103.285;
1900-01-01 03:21:32;265.0;1745688092;100.179;102.91;95.648;103.285;
1900-01-01 03:21:33;266.0;1745688093;100.154;102.91;95.648;103.387;
1900-01-01 03:21:34;267.0;1745688094;100.154;102.899;95.6;103.386;
1900-01-01 03:21:35;268.0;1745688095;100.239;102.928;95.642;103.386;
1900-01-01 03:21:36;269.0;1745688096;100.27;102.928;95.642;103.345;
1900-01-01 03:21:37;270.0;1745688097;100.27;102.882;95.718;103.337;
1900-01-01 03:21:38;271.0;1745688098;100.184;102.865;95.617;103.337;
1900-01-01 03:21:39;272.0;1745688099;100.23;102.865;95.617;103.238;
1900-01-01 03:21:40;273.0;1745688100;100.23;102.811;95.556;103.288;
1900-01-01 03:21:41;274.0;1745688101;100.273;102.717;95.51;103.288;
1900-01-01 03:21:42;275.0;1745688102;100.307;102.717;95.51;103.39;
1900-01-01 03:21:43;276.0;1745688103;100.307;102.727;95.52;103.412;
1900-01-01 03:21:44;277.0;1745688104;100.312;102.648;95.52;103.412;
1900-01-01 03:21:45;278.0;1745688105;100.289;102.648;95.554;103.297;
1900-01-01 03:21:46;279.0;1745688106;100.289;102.711;95.675;103.297;
1900-01-01 03:21:47;280.0;1745688107;100.317;102.717;95.675;103.355;
1900-01-01 03:21:48;281.0;1745688108;100.291;102.717;95.627;103.326;
1900-01-01 03:21:49;282.0;1745688109;100.291;102.792;95.643;103.337;
1900-01-01 03:21:50;283.0;1745688110;100.213;102.792;95.643;103.337;
1900-01-01 03:21:51;284.0;1745688111;100.213;102.774;95.537;103.263;
1900-01-01 03:21:52;285.0;1745688112;100.21;102.713;95.577;103.263;
1900-01-01 03:21:53;286.0;1745688113;100.157;102.739;95.577;103.307;
1900-01-01 03:21:54;287.0;1745688114;100.157;102.739;95.448;103.197;
1900-01-01 03:21:55;288.0;1745688115;100.244;102.691;95.407;103.197;
1900-01-01 03:21:57;289.0;1745688117;100.119;102.771;95.407;103.36;
1900-01-01 03:21:57;290.0;1745688117;100.119;102.771;95.432;103.329;
1900-01-01 03:21:58;291.0;1745688118;100.139;102.727;95.405;103.329;
1900-01-01 03:21:59;292.0;1745688119;100.045;102.727;95.405;103.303;
1900-01-01 03:22:00;293.0;1745688120;100.045;102.839;95.33;103.213;
1900-01-01 03:22:01;294.0;1745688121;100.113;102.749;95.33;103.213;
1900-01-01 03:22:02;295.0;1745688122;100.115;102.749;95.312;103.311;
1900-01-01 03:22:03;296.0;1745688123;100.115;102.776;95.257;103.312;
1900-01-01 03:22:05;297.0;1745688125;100.118;102.858;95.283;103.312;
1900-01-01 03:22:05;298.0;1745688125;100.116;102.858;95.283;103.343;
1900-01-01 03:22:06;299.0;1745688126;100.116;102.844;95.298;103.262;
1900-01-01 03:22:07;300.0;1745688127;100.078;102.867;95.298;103.262;
1900-01-01 03:22:08;301.0;1745688128;100.078;102.867;95.391;103.253;
1900-01-01 03:22:09;302.0;1745688129;100.103;102.732;95.346;103.253;
1900-01-01 03:22:10;303.0;1745688130;100.067;102.817;95.346;103.315;
1900-01-01 03:22:11;304.0;1745688131;100.067;102.817;95.406;103.321;
1900-01-01 03:22:12;305.0;1745688132;100.074;102.806;95.475;103.321;
1900-01-01 03:22:14;306.0;1745688134;100.099;102.82;95.475;103.338;
1900-01-01 03:22:14;307.0;1745688134;100.099;102.82;95.458;103.302;
1900-01-01 03:22:15;308.0;1745688135;100.109;102.884;95.499;103.302;
1900-01-01 03:22:16;309.0;1745688136;100.067;102.884;95.499;103.188;
1900-01-01 03:22:17;310.0;1745688137;100.067;102.735;95.45;103.271;
1900-01-01 03:22:18;311.0;1745688138;100.081;102.739;95.346;103.271;
1900-01-01 03:22:19;312.0;1745688139;100.078;102.739;95.346;103.35;
1900-01-01 03:22:20;313.0;1745688140;100.078;102.852;95.324;103.319;
1900-01-01 03:22:21;314.0;1745688141;100.117;102.834;95.264;103.319;
1900-01-01 03:22:22;315.0;1745688142;100.161;102.834;95.264;103.275;
1900-01-01 03:22:23;316.0;1745688143;100.161;102.802;95.196;103.263;
1900-01-01 03:22:24;317.0;1745688144;100.096;102.747;95.208;103.263;
1900-01-01 03:22:25;318.0;1745688145;100.155;102.747;95.208;103.253;
1900-01-01 03:22:26;319.0;1745688146;100.155;102.619;95.213;103.357;
1900-01-01 03:22:27;320.0;1745688147;100.178;102.772;95.213;103.357;
1900-01-01 03:22:28;321.0;1745688148;100.131;102.772;95.291;103.236;
1900-01-01 03:22:29;322.0;1745688149;100.131;102.765;95.199;103.236;
1900-01-01 03:22:30;323.0;1745688150;100.052;102.754;95.199;103.323;
1900-01-01 03:22:31;324.0;1745688151;99.967;102.754;95.214;103.266;
1900-01-01 03:22:32;325.0;1745688152;99.967;102.807;95.195;103.266;
1900-01-01 03:22:33;326.0;1745688153;99.913;102.834;95.195;103.174;
1900-01-01 03:22:34;327.0;1745688154;99.992;102.834;95.202;103.281;
1900-01-01 03:22:35;328.0;1745688155;99.992;102.846;95.195;103.281;
1900-01-01 03:22:36;329.0;1745688156;99.882;102.841;95.195;103.206;
1900-01-01 03:22:37;330.0;1745688157;99.882;102.841;95.19;103.222;
1900-01-01 03:22:39;331.0;1745688159;99.988;102.8;95.202;103.222;
1900-01-01 03:22:39;332.0;1745688159;100.006;102.8;95.202;103.365;
1900-01-01 03:22:40;333.0;1745688160;100.006;102.756;95.207;103.315;
1900-01-01 03:22:42;334.0;1745688162;100.03;102.671;95.133;103.315;
1900-01-01 03:22:42;335.0;1745688162;99.991;102.671;95.133;103.265;
1900-01-01 03:22:43;336.0;1745688163;99.991;102.657;95.09;103.261;
1900-01-01 03:22:44;337.0;1745688164;100.041;102.594;95.09;103.261;
1900-01-01 03:22:45;338.0;1745688165;100.072;102.594;95.13;103.36;
1900-01-01 03:22:46;339.0;1745688166;100.072;102.534;95.034;103.221;
1900-01-01 03:22:47;340.0;1745688167;100.144;102.554;95.034;103.221;
1900-01-01 03:22:48;341.0;1745688168;100.144;102.554;94.928;103.371;
1900-01-01 03:22:49;342.0;1745688169;100.128;102.61;94.904;103.279;
1900-01-01 03:22:50;343.0;1745688170;100.081;102.696;94.904;103.279;
1900-01-01 03:22:51;344.0;1745688171;100.081;102.696;94.838;103.326;
1900-01-01 03:22:52;345.0;1745688172;100.091;102.672;94.767;103.326;
1900-01-01 03:22:53;346.0;1745688173;100.054;102.723;94.767;103.304;
1900-01-01 03:22:54;347.0;1745688174;100.054;102.723;94.814;103.303;
1900-01-01 03:22:55;348.0;1745688175;100.078;102.674;94.849;103.303;
1900-01-01 03:22:56;349.0;1745688176;100.005;102.605;94.849;103.245;
1900-01-01 03:22:57;350.0;1745688177;100.005;102.605;94.834;103.334;
1900-01-01 03:22:58;351.0;1745688178;100.019;102.569;94.855;103.334;
1900-01-01 03:22:59;352.0;1745688179;100.004;102.569;94.855;103.391;
1900-01-01 03:23:00;353.0;1745688180;100.004;102.634;94.775;103.326;
1900-01-01 03:23:02;354.0;1745688182;100.077;102.605;94.985;103.326;
1900-01-01 03:23:02;355.0;1745688182;99.985;102.605;94.985;103.271;
1900-01-01 03:23:03;356.0;1745688183;99.985;102.649;94.921;103.272;
1900-01-01 03:23:04;357.0;1745688184;99.979;102.688;95.009;103.272;
1900-01-01 03:23:05;358.0;1745688185;99.919;102.688;95.009;103.293;
1900-01-01 03:23:06;359.0;1745688186;99.919;102.753;94.934;103.276;
1900-01-01 03:23:07;360.0;1745688187;99.955;102.67;94.773;103.276;
1900-01-01 03:23:09;361.0;1745688189;99.892;102.67;94.773;103.28;
1900-01-01 03:23:09;362.0;1745688189;99.892;102.623;94.8;103.28;
1900-01-01 03:23:10;363.0;1745688190;99.93;102.664;94.8;103.247;
1900-01-01 03:23:11;364.0;1745688191;99.958;102.664;94.614;103.24;
1900-01-01 03:23:12;365.0;1745688192;99.958;102.509;94.47;103.24;
1900-01-01 03:23:13;366.0;1745688193;100.014;102.528;94.47;103.34;
1900-01-01 03:23:15;367.0;1745688195;99.877;102.528;94.43;103.397;
1900-01-01 03:23:15;368.0;1745688195;99.877;102.533;94.291;103.397;
1900-01-01 03:23:16;369.0;1745688196;99.954;102.611;94.291;103.39;
1900-01-01 03:23:17;370.0;1745688197;99.954;102.611;94.25;103.324;
1900-01-01 03:23:18;371.0;1745688198;99.939;102.522;94.247;103.324;
1900-01-01 03:23:19;372.0;1745688199;99.925;102.546;94.247;103.297;
1900-01-01 03:23:20;373.0;1745688200;99.925;102.546;94.191;103.216;
1900-01-01 03:23:21;374.0;1745688201;99.863;102.597;94.173;103.216;
1900-01-01 03:23:22;375.0;1745688202;99.819;102.597;94.173;103.332;
1900-01-01 03:23:23;376.0;1745688203;99.819;102.551;94.098;103.284;
1900-01-01 03:23:24;377.0;1745688204;99.878;102.596;94.098;103.284;
1900-01-01 03:23:26;378.0;1745688206;99.812;102.596;94.133;103.235;
1900-01-01 03:23:26;379.0;1745688206;99.812;102.564;94.15;103.358;
1900-01-01 03:23:27;380.0;1745688207;99.816;102.655;94.15;103.358;
1900-01-01 03:23:28;381.0;1745688208;99.832;102.655;94.141;103.366;
1900-01-01 03:23:29;382.0;1745688209;99.832;102.609;94.17;103.366;
1900-01-01 03:23:30;383.0;1745688210;99.84;102.589;94.17;103.343;
1900-01-01 03:23:31;384.0;1745688211;99.728;102.589;94.215;103.282;
1900-01-01 03:23:32;385.0;1745688212;99.728;102.661;94.242;103.282;
1900-01-01 03:23:33;386.0;1745688213;99.772;102.652;94.242;103.322;
1900-01-01 03:23:34;387.0;1745688214;99.772;102.652;94.242;103.215;
1900-01-01 03:23:35;388.0;1745688215;99.77;102.656;94.315;103.215;
1900-01-01 03:23:36;389.0;1745688216;99.684;102.669;94.315;103.214;
1900-01-01 03:23:37;390.0;1745688217;99.684;102.669;94.435;103.236;
1900-01-01 03:23:38;391.0;1745688218;99.763;102.75;94.312;103.236;
1900-01-01 03:23:39;392.0;1745688219;99.719;102.836;94.312;103.266;
1900-01-01 03:23:40;393.0;1745688220;99.719;102.836;94.251;103.294;
1900-01-01 03:23:41;394.0;1745688221;99.856;102.771;94.152;103.294;
1900-01-01 03:23:42;395.0;1745688222;99.749;102.771;94.152;103.217;
1900-01-01 03:23:43;396.0;1745688223;99.749;102.762;94.045;103.285;
1900-01-01 03:23:44;397.0;1745688224;99.791;102.814;93.943;103.285;
1900-01-01 03:23:45;398.0;1745688225;99.742;102.814;93.943;103.273;
1900-01-01 03:23:46;399.0;1745688226;99.742;102.797;93.971;103.291;
1900-01-01 03:23:47;400.0;1745688227;99.738;102.772;93.974;103.291;
1900-01-01 03:23:48;401.0;1745688228;99.798;102.772;93.974;103.343;
1900-01-01 03:23:49;402.0;1745688229;99.798;102.744;94.126;103.343;
1900-01-01 03:23:50;403.0;1745688230;99.843;102.614;94.126;103.303;
1900-01-01 03:23:51;404.0;1745688231;99.795;102.614;94.194;103.314;
1900-01-01 03:23:52;405.0;1745688232;99.795;102.664;94.028;103.314;
1900-01-01 03:23:53;406.0;1745688233;99.739;102.746;94.028;103.273;
1900-01-01 03:23:54;407.0;1745688234;99.793;102.746;94.011;103.308;
1900-01-01 03:23:55;408.0;1745688235;99.793;102.687;94.016;103.308;
1900-01-01 03:23:56;409.0;1745688236;99.684;102.666;94.016;103.224;
1900-01-01 03:23:58;410.0;1745688238;99.674;102.666;94.071;103.233;
1900-01-01 03:23:58;411.0;1745688238;99.674;102.636;94.069;103.233;
1900-01-01 03:23:59;412.0;1745688239;99.682;102.684;94.069;103.344;
1900-01-01 03:24:00;413.0;1745688240;99.682;102.684;93.997;103.223;
1900-01-01 03:24:01;414.0;1745688241;99.631;102.592;93.988;103.223;
1900-01-01 03:24:02;415.0;1745688242;99.618;102.592;93.988;103.252;
1900-01-01 03:24:03;416.0;1745688243;99.618;102.531;94.003;103.233;
1900-01-01 03:24:04;417.0;1745688244;99.535;102.608;94.003;103.233;
1900-01-01 03:24:05;418.0;1745688245;99.531;102.608;93.951;103.3;
1900-01-01 03:24:06;419.0;1745688246;99.531;102.58;93.842;103.229;
1900-01-01 03:24:07;420.0;1745688247;99.445;102.42;93.72;103.229;
1900-01-01 03:24:08;421.0;1745688248;99.455;102.42;93.72;103.26;
1900-01-01 03:24:09;422.0;1745688249;99.455;102.419;93.647;103.214;
1900-01-01 03:24:10;423.0;1745688250;99.453;102.407;93.568;103.214;
1900-01-01 03:24:11;424.0;1745688251;99.524;102.407;93.568;103.254;
1900-01-01 03:24:12;425.0;1745688252;99.524;102.588;93.499;103.31;
1900-01-01 03:24:13;426.0;1745688253;99.497;102.411;93.499;103.31;
1900-01-01 03:24:14;427.0;1745688254;99.574;102.411;93.482;103.222;
1900-01-01 03:24:15;428.0;1745688255;99.574;102.441;93.512;103.297;
1900-01-01 03:24:16;429.0;1745688256;99.614;102.284;93.663;103.297;
1900-01-01 03:24:17;430.0;1745688257;99.62;102.284;93.663;103.302;
1900-01-01 03:24:18;431.0;1745688258;99.62;102.401;93.749;103.319;
1900-01-01 03:24:19;432.0;1745688259;99.609;102.459;93.749;103.319;
1900-01-01 03:24:20;433.0;1745688260;99.685;102.459;93.875;103.299;
1900-01-01 03:24:21;434.0;1745688261;99.685;102.38;93.916;103.313;
1900-01-01 03:24:23;435.0;1745688263;99.62;102.4;93.967;103.313;
1900-01-01 03:24:23;436.0;1745688263;99.706;102.4;93.967;103.408;
1900-01-01 03:24:24;437.0;1745688264;99.706;102.407;93.985;103.346;
1900-01-01 03:24:25;438.0;1745688265;99.687;102.41;93.985;103.346;
1900-01-01 03:24:26;439.0;1745688266;99.687;102.41;93.954;103.314;
1900-01-01 03:24:27;440.0;1745688267;99.687;102.457;93.833;103.327;
1900-01-01 03:24:28;441.0;1745688268;99.589;102.525;93.833;103.327;
1900-01-01 03:24:29;442.0;1745688269;99.589;102.525;93.839;103.366;
1900-01-01 03:24:30;443.0;1745688270;99.58;102.514;93.91;103.286;
1900-01-01 03:24:31;444.0;1745688271;99.64;102.514;93.91;103.286;
1900-01-01 03:24:32;445.0;1745688272;99.64;102.429;93.989;103.323;
1900-01-01 03:24:33;446.0;1745688273;99.62;102.458;93.931;103.323;
1900-01-01 03:24:34;447.0;1745688274;99.621;102.458;93.931;103.384;
1900-01-01 03:24:35;448.0;1745688275;99.621;102.537;93.812;103.388;
1900-01-01 03:24:36;449.0;1745688276;99.609;102.455;93.862;103.388;
1900-01-01 03:24:37;450.0;1745688277;99.668;102.446;93.862;103.362;
1900-01-01 03:24:38;451.0;1745688278;99.668;102.446;93.762;103.3;
1900-01-01 03:24:39;452.0;1745688279;99.569;102.489;93.602;103.3;
1900-01-01 03:24:40;453.0;1745688280;99.596;102.485;93.602;103.337;
1900-01-01 03:24:41;454.0;1745688281;99.596;102.485;93.528;103.271;
1900-01-01 03:24:42;455.0;1745688282;99.654;102.494;93.429;103.271;
1900-01-01 03:24:43;456.0;1745688283;99.629;102.494;93.429;103.271;
1900-01-01 03:24:44;457.0;1745688284;99.629;102.46;93.177;103.379;
1900-01-01 03:24:45;458.0;1745688285;99.617;102.467;93.093;103.379;
1900-01-01 03:24:46;459.0;1745688286;99.624;102.467;93.093;103.271;
1900-01-01 03:24:47;460.0;1745688287;99.624;102.476;92.959;103.254;
1900-01-01 03:24:48;461.0;1745688288;99.67;102.457;92.959;103.254;
1900-01-01 03:24:49;462.0;1745688289;99.638;102.457;93.047;103.266;
1900-01-01 03:24:50;463.0;1745688290;99.638;102.462;93.099;103.338;
1900-01-01 03:24:51;464.0;1745688291;99.654;102.387;93.099;103.338;
1900-01-01 03:24:52;465.0;1745688292;99.656;102.387;93.148;103.303;
1900-01-01 03:24:53;466.0;1745688293;99.656;102.343;93.255;103.347;
1900-01-01 03:24:54;467.0;1745688294;99.6;102.422;93.255;103.347;
1900-01-01 03:24:55;468.0;1745688295;99.6;102.422;93.281;103.225;
1900-01-01 03:24:56;469.0;1745688296;99.602;102.462;93.274;103.286;
1900-01-01 03:24:57;470.0;1745688297;99.503;102.421;93.274;103.286;
1900-01-01 03:24:58;471.0;1745688298;99.503;102.421;93.318;103.318;
1900-01-01 03:24:59;472.0;1745688299;99.481;102.457;93.314;103.318;
1900-01-01 03:25:00;473.0;1745688300;99.448;102.457;93.314;103.261;
1900-01-01 03:25:01;474.0;1745688301;99.448;102.386;93.322;103.317;
1900-01-01 03:25:02;475.0;1745688302;99.444;102.393;93.314;103.317;
1900-01-01 03:25:03;476.0;1745688303;99.444;102.393;93.314;103.262;
1900-01-01 03:25:04;477.0;1745688304;99.444;102.496;93.367;103.216;
1900-01-01 03:25:05;478.0;1745688305;99.378;102.39;93.285;103.216;
1900-01-01 03:25:06;479.0;1745688306;99.362;102.39;93.285;103.348;
1900-01-01 03:25:07;480.0;1745688307;99.362;102.338;93.249;103.351;
1900-01-01 03:25:08;481.0;1745688308;99.366;102.305;93.28;103.351;
1900-01-01 03:25:09;482.0;1745688309;99.404;102.305;93.28;103.348;
1900-01-01 03:25:10;483.0;1745688310;99.404;102.388;93.223;103.401;
1900-01-01 03:25:11;484.0;1745688311;99.361;102.363;93.223;103.401;
1900-01-01 03:25:12;485.0;1745688312;99.389;102.363;93.266;103.366;
1900-01-01 03:25:13;486.0;1745688313;99.389;102.323;93.18;103.262;
1900-01-01 03:25:14;487.0;1745688314;99.407;102.353;93.025;103.262;
1900-01-01 03:25:15;488.0;1745688315;99.407;102.353;93.025;103.326;
1900-01-01 03:25:16;489.0;1745688316;99.463;102.359;92.987;103.396;
1900-01-01 03:25:17;490.0;1745688317;99.478;102.411;92.987;103.396;
1900-01-01 03:25:18;491.0;1745688318;99.478;102.411;92.919;103.302;
1900-01-01 03:25:19;492.0;1745688319;99.468;102.394;92.802;103.315;
1900-01-01 03:25:20;493.0;1745688320;99.526;102.394;92.802;103.315;
1900-01-01 03:25:21;494.0;1745688321;99.526;102.347;92.749;103.341;
1900-01-01 03:25:22;495.0;1745688322;99.59;102.404;92.727;103.341;
1900-01-01 03:25:23;496.0;1745688324;99.582;102.399;92.727;103.315;
1900-01-01 03:25:24;497.0;1745688324;99.582;102.399;92.679;103.315;
1900-01-01 03:25:25;498.0;1745688325;99.517;102.403;92.842;103.315;
1900-01-01 03:25:26;499.0;1745688326;99.447;102.403;92.842;103.29;
1900-01-01 03:25:27;500.0;1745688327;99.447;102.464;92.907;103.274;
1900-01-01 03:25:28;501.0;1745688328;99.381;102.477;92.916;103.274;
1900-01-01 03:25:29;502.0;1745688329;99.3;102.477;92.916;103.434;
1900-01-01 03:25:30;503.0;1745688330;99.3;102.535;93.007;103.324;
1900-01-01 03:25:31;504.0;1745688331;99.336;102.469;93.007;103.324;
1900-01-01 03:25:32;505.0;1745688332;99.336;102.469;93.019;103.314;
1900-01-01 03:25:33;506.0;1745688333;99.253;102.476;93.082;103.314;
1900-01-01 03:25:34;507.0;1745688334;99.32;102.452;93.082;103.39;
1900-01-01 03:25:35;508.0;1745688336;99.309;102.452;93.083;103.344;
1900-01-01 03:25:36;509.0;1745688336;99.309;102.465;93.045;103.344;
1900-01-01 03:25:37;510.0;1745688337;99.291;102.402;93.045;103.409;
1900-01-01 03:25:38;511.0;1745688338;99.291;102.402;93.189;103.306;
1900-01-01 03:25:39;512.0;1745688339;99.285;102.334;93.109;103.306;
1900-01-01 03:25:40;513.0;1745688340;99.27;102.277;93.109;103.369;
1900-01-01 03:25:41;514.0;1745688341;99.27;102.277;93.077;103.384;
1900-01-01 03:25:42;515.0;1745688342;99.328;102.265;93.038;103.384;
1900-01-01 03:25:43;516.0;1745688343;99.222;102.278;93.038;103.33;
1900-01-01 03:25:44;517.0;1745688344;99.222;102.278;92.815;103.377;
1900-01-01 03:25:45;518.0;1745688345;99.258;102.416;92.632;103.377;
1900-01-01 03:25:46;519.0;1745688346;99.286;102.416;92.632;103.253;
1900-01-01 03:25:47;520.0;1745688347;99.286;102.343;92.63;103.312;
1900-01-01 03:25:48;521.0;1745688348;99.241;102.402;92.476;103.312;
1900-01-01 03:25:49;522.0;1745688349;99.273;102.402;92.476;103.34;
1900-01-01 03:25:50;523.0;1745688350;99.273;102.302;92.514;103.358;
1900-01-01 03:25:51;524.0;1745688351;99.297;102.273;92.486;103.358;
1900-01-01 03:25:52;525.0;1745688352;99.224;102.273;92.486;103.395;
1900-01-01 03:25:53;526.0;1745688353;99.224;102.304;92.427;103.332;
1900-01-01 03:25:54;527.0;1745688354;99.291;102.313;92.427;103.332;
1900-01-01 03:25:55;528.0;1745688355;99.291;102.313;92.429;103.33;
1900-01-01 03:25:56;529.0;1745688356;99.266;102.299;92.481;103.282;
1900-01-01 03:25:57;530.0;1745688357;99.25;102.35;92.481;103.282;
1900-01-01 03:25:58;531.0;1745688358;99.25;102.35;92.387;103.405;
1900-01-01 03:25:59;532.0;1745688359;99.366;102.358;92.295;103.405;
1900-01-01 03:26:00;533.0;1745688360;99.277;102.358;92.295;103.29;
1900-01-01 03:26:01;534.0;1745688361;99.277;102.358;92.143;103.305;
1900-01-01 03:26:02;535.0;1745688362;99.271;102.333;92.021;103.305;
1900-01-01 03:26:03;536.0;1745688363;99.264;102.354;92.021;103.232;
1900-01-01 03:26:04;537.0;1745688364;99.264;102.354;92.112;103.307;
1900-01-01 03:26:05;538.0;1745688365;99.259;102.295;92.234;103.307;
1900-01-01 03:26:06;539.0;1745688366;99.326;102.295;92.234;103.27;
1900-01-01 03:26:07;540.0;1745688367;99.326;102.278;92.254;103.309;
1900-01-01 03:26:08;541.0;1745688368;99.326;102.31;92.318;103.309;
1900-01-01 03:26:09;542.0;1745688369;99.392;102.31;92.318;103.21;
1900-01-01 03:26:10;543.0;1745688370;99.392;102.281;92.268;103.25;
1900-01-01 03:26:11;544.0;1745688371;99.397;102.391;92.268;103.25;
1900-01-01 03:26:12;545.0;1745688372;99.243;102.391;92.359;103.256;
1900-01-01 03:26:13;546.0;1745688373;99.243;102.292;92.349;103.256;
1900-01-01 03:26:14;547.0;1745688374;99.316;102.213;92.349;103.279;
1900-01-01 03:26:15;548.0;1745688375;99.309;102.213;92.366;103.315;
1900-01-01 03:26:16;549.0;1745688376;99.309;102.202;92.411;103.315;
1900-01-01 03:26:17;550.0;1745688377;99.35;102.159;92.411;103.318;
1900-01-01 03:26:18;551.0;1745688378;99.298;102.159;92.466;103.34;
1900-01-01 03:26:19;552.0;1745688379;99.298;102.142;92.362;103.244;
1900-01-01 03:26:20;553.0;1745688380;99.285;102.199;92.362;103.244;
1900-01-01 03:26:21;554.0;1745688381;99.285;102.199;92.377;103.255;
1900-01-01 03:26:22;555.0;1745688382;99.219;102.267;92.377;103.272;
1900-01-01 03:26:23;556.0;1745688383;99.188;102.184;92.377;103.272;
1900-01-01 03:26:24;557.0;1745688384;99.188;102.184;92.296;103.294;
1900-01-01 03:26:25;558.0;1745688385;99.235;102.328;92.372;103.294;
1900-01-01 03:26:26;559.0;1745688386;99.217;102.328;92.372;103.346;
1900-01-01 03:26:27;560.0;1745688387;99.217;102.275;92.411;103.338;
1900-01-01 03:26:28;561.0;1745688388;99.216;102.285;92.359;103.338;
1900-01-01 03:26:29;562.0;1745688389;99.192;102.206;92.359;103.303;
1900-01-01 03:26:30;563.0;1745688390;99.192;102.206;92.296;103.41;
1900-01-01 03:26:31;564.0;1745688391;99.116;102.16;92.159;103.41;
1900-01-01 03:26:32;565.0;1745688392;99.076;102.16;92.159;103.35;
1900-01-01 03:26:33;566.0;1745688393;99.076;102.058;92.07;103.387;
1900-01-01 03:26:34;567.0;1745688394;98.989;102.143;91.839;103.387;
1900-01-01 03:26:35;568.0;1745688395;99.001;102.143;91.839;103.336;
1900-01-01 03:26:36;569.0;1745688396;99.001;102.173;91.685;103.305;
1900-01-01 03:26:37;570.0;1745688397;98.941;102.16;91.685;103.305;
1900-01-01 03:26:38;571.0;1745688398;98.965;102.16;91.425;103.328;
1900-01-01 03:26:39;572.0;1745688399;98.965;102.217;91.406;103.328;
1900-01-01 03:26:40;573.0;1745688400;98.965;102.188;91.406;103.248;
1900-01-01 03:26:41;574.0;1745688401;99.026;102.188;91.455;103.416;
1900-01-01 03:26:42;575.0;1745688402;99.026;102.138;91.475;103.416;
1900-01-01 03:26:43;576.0;1745688403;99.034;102.167;91.475;103.325;
1900-01-01 03:26:44;577.0;1745688404;99.034;102.167;91.59;103.32;
1900-01-01 03:26:45;578.0;1745688405;98.981;102.125;91.641;103.32;
1900-01-01 03:26:46;579.0;1745688406;98.943;102.062;91.641;103.371;
1900-01-01 03:26:48;580.0;1745688408;98.943;102.062;91.758;103.338;
1900-01-01 03:26:48;581.0;1745688408;98.969;102.134;91.813;103.338;
1900-01-01 03:26:49;582.0;1745688409;98.973;102.134;91.813;103.387;
1900-01-01 03:26:50;583.0;1745688410;98.973;102.117;91.893;103.307;
1900-01-01 03:26:51;584.0;1745688411;99.019;102.105;91.893;103.307;
1900-01-01 03:26:52;585.0;1745688412;98.987;102.105;91.869;103.329;
1900-01-01 03:26:53;586.0;1745688413;98.987;102.216;91.912;103.205;
1900-01-01 03:26:54;587.0;1745688414;98.95;102.119;91.912;103.205;
1900-01-01 03:26:55;588.0;1745688415;98.962;102.119;91.757;103.313;
1900-01-01 03:26:56;589.0;1745688416;98.962;102.151;91.655;103.349;
1900-01-01 03:26:57;590.0;1745688417;98.929;102.102;91.655;103.349;
1900-01-01 03:26:58;591.0;1745688418;98.864;102.102;91.53;103.355;
1900-01-01 03:26:59;592.0;1745688419;98.864;102.102;91.428;103.355;
1900-01-01 03:27:00;593.0;1745688420;98.84;102.172;91.428;103.329;
1900-01-01 03:27:01;594.0;1745688421;98.9;102.172;91.366;103.364;
1900-01-01 03:27:02;595.0;1745688422;98.9;102.097;91.39;103.404;
1900-01-01 03:27:03;596.0;1745688423;98.916;102.195;91.39;103.404;
1900-01-01 03:27:04;597.0;1745688424;98.916;102.195;91.363;103.343;
1900-01-01 03:27:06;598.0;1745688426;98.949;102.045;91.421;103.387;
1900-01-01 03:27:06;599.0;1745688426;98.883;102.045;91.421;103.387;
1900-01-01 03:27:07;600.0;1745688427;98.883;102.019;91.461;103.424;
1900-01-01 03:27:08;601.0;1745688428;98.933;102.04;91.382;103.424;
1900-01-01 03:27:09;602.0;1745688429;98.974;102.04;91.382;103.373;
1900-01-01 03:27:10;603.0;1745688430;98.974;101.992;91.382;103.408;
1900-01-01 03:27:11;604.0;1745688431;99.115;101.985;91.376;103.408;
1900-01-01 03:27:12;605.0;1745688432;99.096;101.985;91.376;103.369;
1900-01-01 03:27:13;606.0;1745688433;99.096;101.909;91.366;103.388;
1900-01-01 03:27:14;607.0;1745688434;99.073;101.997;91.366;103.388;
1900-01-01 03:27:15;608.0;1745688435;99.143;101.997;91.303;103.322;
1900-01-01 03:27:16;609.0;1745688436;99.143;102.004;91.284;103.383;
1900-01-01 03:27:17;610.0;1745688437;99.08;101.949;91.284;103.383;
1900-01-01 03:27:18;611.0;1745688438;99.062;101.949;91.288;103.355;
1900-01-01 03:27:19;612.0;1745688439;99.062;101.958;91.263;103.355;
1900-01-01 03:27:20;613.0;1745688440;99.062;101.903;91.263;103.262;
1900-01-01 03:27:21;614.0;1745688441;99.07;101.903;91.233;103.355;
1900-01-01 03:27:22;615.0;1745688442;99.07;101.957;91.316;103.355;
1900-01-01 03:27:23;616.0;1745688443;99.056;101.937;91.316;103.285;
1900-01-01 03:27:24;617.0;1745688444;99.056;101.937;91.325;103.41;
1900-01-01 03:27:25;618.0;1745688445;98.942;102.021;91.355;103.41;
1900-01-01 03:27:26;619.0;1745688446;98.988;102.021;91.355;103.346;
1900-01-01 03:27:27;620.0;1745688447;98.988;102.033;91.203;103.344;
1900-01-01 03:27:28;621.0;1745688448;98.857;102.027;91.189;103.344;
1900-01-01 03:27:29;622.0;1745688449;98.818;102.027;91.189;103.323;
1900-01-01 03:27:30;623.0;1745688450;98.818;102.005;91.074;103.307;
1900-01-01 03:27:32;624.0;1745688452;98.848;102.118;90.89;103.307;
1900-01-01 03:27:32;625.0;1745688452;98.714;102.118;90.89;103.335;
1900-01-01 03:27:33;626.0;1745688453;98.714;102.053;90.885;103.272;
1900-01-01 03:27:34;627.0;1745688454;98.658;102.121;90.838;103.272;
1900-01-01 03:27:35;628.0;1745688455;98.751;102.121;90.838;103.387;
1900-01-01 03:27:36;629.0;1745688456;98.751;102.2;90.819;103.277;
1900-01-01 03:27:37;630.0;1745688457;98.783;102.185;90.769;103.277;
1900-01-01 03:27:38;631.0;1745688458;98.789;102.185;90.769;103.305;
1900-01-01 03:27:39;632.0;1745688459;98.789;102.173;90.722;103.328;
1900-01-01 03:27:40;633.0;1745688460;98.787;102.238;90.722;103.328;
1900-01-01 03:27:41;634.0;1745688461;98.755;102.238;90.719;103.427;
1900-01-01 03:27:42;635.0;1745688462;98.755;102.164;90.745;103.38;
1900-01-01 03:27:43;636.0;1745688463;98.702;102.23;90.745;103.38;
1900-01-01 03:27:44;637.0;1745688464;98.752;102.23;90.727;103.378;
1900-01-01 03:27:45;638.0;1745688465;98.752;102.111;90.64;103.378;
1900-01-01 03:27:46;639.0;1745688466;98.638;102.146;90.64;103.426;
1900-01-01 03:27:47;640.0;1745688467;98.727;102.146;90.642;103.368;
1900-01-01 03:27:48;641.0;1745688468;98.727;102.18;90.739;103.368;
1900-01-01 03:27:49;642.0;1745688469;98.803;102.189;90.739;103.394;
1900-01-01 03:27:50;643.0;1745688470;98.803;102.189;90.631;103.32;
1900-01-01 03:27:51;644.0;1745688471;98.727;102.094;90.579;103.32;
1900-01-01 03:27:52;645.0;1745688472;98.787;102.094;90.579;103.425;
1900-01-01 03:27:53;646.0;1745688473;98.787;102.006;90.668;103.326;
1900-01-01 03:27:54;647.0;1745688474;98.8;102.061;90.774;103.326;
1900-01-01 03:27:55;648.0;1745688475;98.751;102.061;90.774;103.33;
1900-01-01 03:27:56;649.0;1745688476;98.751;101.983;90.785;103.252;
1900-01-01 03:27:57;650.0;1745688477;98.784;102.005;90.785;103.252;
1900-01-01 03:27:58;651.0;1745688478;98.765;102.005;90.797;103.32;
1900-01-01 03:27:59;652.0;1745688479;98.765;102.004;90.898;103.321;
1900-01-01 03:28:00;653.0;1745688480;98.705;102.02;90.898;103.321;
1900-01-01 03:28:01;654.0;1745688481;98.806;102.02;90.903;103.278;
1900-01-01 03:28:02;655.0;1745688482;98.806;102.005;90.848;103.302;
1900-01-01 03:28:03;656.0;1745688483;98.757;101.935;90.848;103.302;
1900-01-01 03:28:04;657.0;1745688484;98.757;101.935;90.812;103.293;
1900-01-01 03:28:05;658.0;1745688485;98.704;101.926;90.626;103.423;
1900-01-01 03:28:06;659.0;1745688486;98.779;101.953;90.626;103.423;
1900-01-01 03:28:07;660.0;1745688487;98.779;101.953;90.593;103.293;
1900-01-01 03:28:08;661.0;1745688488;98.747;101.932;90.525;103.293;
1900-01-01 03:28:09;662.0;1745688489;98.764;102.034;90.525;103.335;
1900-01-01 03:28:10;663.0;1745688490;98.764;102.034;90.523;103.357;
1900-01-01 03:28:11;664.0;1745688491;98.75;101.942;90.51;103.357;
1900-01-01 03:28:12;665.0;1745688492;98.809;101.942;90.51;103.28;
1900-01-01 03:28:13;666.0;1745688493;98.809;101.983;90.595;103.451;
1900-01-01 03:28:14;667.0;1745688494;98.831;101.984;90.659;103.451;
1900-01-01 03:28:15;668.0;1745688495;98.818;101.984;90.659;103.377;
1900-01-01 03:28:16;669.0;1745688496;98.818;101.959;90.51;103.371;
1900-01-01 03:28:17;670.0;1745688497;98.806;101.947;90.451;103.371;
1900-01-01 03:28:18;671.0;1745688498;98.743;101.947;90.451;103.313;
1900-01-01 03:28:19;672.0;1745688499;98.743;101.842;90.447;103.26;
1900-01-01 03:28:20;673.0;1745688500;98.735;101.852;90.528;103.26;
1900-01-01 03:28:22;674.0;1745688502;98.716;101.852;90.528;103.33;
1900-01-01 03:28:22;675.0;1745688502;98.716;101.882;90.554;103.387;
1900-01-01 03:28:23;676.0;1745688503;98.695;101.896;90.554;103.387;
1900-01-01 03:28:24;677.0;1745688504;98.674;101.896;90.669;103.413;
1900-01-01 03:28:25;678.0;1745688505;98.674;101.902;90.779;103.413;
1900-01-01 03:28:26;679.0;1745688506;98.624;101.819;90.779;103.271;
1900-01-01 03:28:27;680.0;1745688507;98.624;101.819;90.793;103.326;
1900-01-01 03:28:28;681.0;1745688508;98.725;101.853;90.608;103.326;
1900-01-01 03:28:29;682.0;1745688509;98.68;101.853;90.608;103.227;
1900-01-01 03:28:30;683.0;1745688510;98.68;101.82;90.289;103.337;
1900-01-01 03:28:31;684.0;1745688511;98.613;101.887;90.128;103.337;
1900-01-01 03:28:32;685.0;1745688512;98.647;101.887;90.128;103.396;
1900-01-01 03:28:33;686.0;1745688513;98.647;101.89;89.991;103.354;
1900-01-01 03:28:34;687.0;1745688514;98.603;101.994;89.928;103.354;
1900-01-01 03:28:35;688.0;1745688515;98.582;101.994;89.928;103.314;
1900-01-01 03:28:36;689.0;1745688516;98.582;102.0;89.813;103.332;
1900-01-01 03:28:37;690.0;1745688517;98.585;101.939;89.813;103.332;
1900-01-01 03:28:38;691.0;1745688518;98.558;101.939;89.754;103.332;
1900-01-01 03:28:40;692.0;1745688520;98.558;101.948;89.893;103.285;
1900-01-01 03:28:40;693.0;1745688520;98.538;101.909;89.893;103.285;
1900-01-01 03:28:41;694.0;1745688521;98.44;101.909;89.952;103.283;
1900-01-01 03:28:42;695.0;1745688522;98.44;101.952;90.075;103.302;
1900-01-01 03:28:43;696.0;1745688523;98.42;101.875;90.075;103.302;
1900-01-01 03:28:44;697.0;1745688524;98.42;101.875;90.142;103.326;
1900-01-01 03:28:45;698.0;1745688525;98.408;101.968;90.128;103.31;
1900-01-01 03:28:46;699.0;1745688526;98.459;101.974;90.128;103.31;
1900-01-01 03:28:47;700.0;1745688527;98.459;101.974;90.201;103.29;
1900-01-01 03:28:48;701.0;1745688528;98.466;101.946;90.246;103.29;
1900-01-01 03:28:49;702.0;1745688529;98.544;101.896;90.246;103.342;
1900-01-01 03:28:50;703.0;1745688530;98.544;101.896;90.177;103.397;
1900-01-01 03:28:51;704.0;1745688531;98.446;101.85;90.142;103.397;
1900-01-01 03:28:52;705.0;1745688532;98.508;101.906;90.142;103.337;
1900-01-01 03:28:53;706.0;1745688533;98.508;101.906;90.051;103.405;
1900-01-01 03:28:54;707.0;1745688534;98.447;101.929;89.944;103.405;
1900-01-01 03:28:55;708.0;1745688535;98.496;101.908;89.944;103.386;
1900-01-01 03:28:56;709.0;1745688536;98.496;101.908;89.892;103.344;
1900-01-01 03:28:57;710.0;1745688537;98.622;102.011;89.825;103.344;
1900-01-01 03:28:59;711.0;1745688539;98.556;101.912;89.825;103.312;
1900-01-01 03:28:59;712.0;1745688539;98.556;101.912;89.865;103.375;
1900-01-01 03:29:00;713.0;1745688540;98.631;102.024;89.704;103.375;
1900-01-01 03:29:01;714.0;1745688541;98.543;102.024;89.704;103.418;
1900-01-01 03:29:02;715.0;1745688542;98.543;101.911;89.817;103.475;
1900-01-01 03:29:03;716.0;1745688543;98.636;101.95;89.817;103.475;
1900-01-01 03:29:04;717.0;1745688544;98.491;101.95;89.816;103.364;
1900-01-01 03:29:05;718.0;1745688545;98.491;101.882;89.845;103.364;
1900-01-01 03:29:06;719.0;1745688546;98.524;101.843;89.845;103.343;
1900-01-01 03:29:07;720.0;1745688547;98.413;101.843;89.832;103.366;
1900-01-01 03:29:08;721.0;1745688548;98.413;101.838;89.882;103.31;
1900-01-01 03:29:09;722.0;1745688549;98.446;101.783;89.882;103.31;
1900-01-01 03:29:10;723.0;1745688550;98.446;101.783;89.88;103.454;
1900-01-01 03:29:11;724.0;1745688551;98.414;101.886;89.887;103.454;
1900-01-01 03:29:12;725.0;1745688552;98.421;101.863;89.887;103.436;
1900-01-01 03:29:13;726.0;1745688553;98.352;101.863;89.949;103.268;
1900-01-01 03:29:14;727.0;1745688554;98.352;101.902;89.961;103.268;
1900-01-01 03:29:15;728.0;1745688555;98.354;101.878;89.961;103.265;
1900-01-01 03:29:16;729.0;1745688556;98.354;101.878;89.901;103.285;
1900-01-01 03:29:17;730.0;1745688557;98.333;101.779;89.791;103.361;
1900-01-01 03:29:18;731.0;1745688558;98.372;101.765;89.791;103.361;
1900-01-01 03:29:19;732.0;1745688559;98.446;101.765;89.834;103.33;
1900-01-01 03:29:20;733.0;1745688560;98.446;101.813;89.787;103.33;
1900-01-01 03:29:21;734.0;1745688561;98.429;101.825;89.787;103.361;
1900-01-01 03:29:22;735.0;1745688562;98.432;101.825;89.694;103.375;
1900-01-01 03:29:23;736.0;1745688563;98.432;101.787;89.625;103.375;
1900-01-01 03:29:24;737.0;1745688564;98.447;101.842;89.625;103.394;
1900-01-01 03:29:25;738.0;1745688565;98.399;101.842;89.658;103.39;
1900-01-01 03:29:26;739.0;1745688566;98.399;101.78;89.785;103.39;
1900-01-01 03:29:27;740.0;1745688567;98.45;101.798;89.785;103.388;
1900-01-01 03:29:28;741.0;1745688568;98.469;101.798;89.842;103.343;
1900-01-01 03:29:29;742.0;1745688569;98.469;101.813;89.772;103.304;
1900-01-01 03:29:30;743.0;1745688570;98.445;101.863;89.772;103.304;
1900-01-01 03:29:31;744.0;1745688571;98.445;101.863;89.767;103.248;
1900-01-01 03:29:32;745.0;1745688572;98.362;101.801;89.649;103.248;
1900-01-01 03:29:33;746.0;1745688573;98.366;101.801;89.649;103.35;
1900-01-01 03:29:34;747.0;1745688574;98.366;101.837;89.499;103.302;
1900-01-01 03:29:35;748.0;1745688575;98.358;101.722;89.463;103.302;
1900-01-01 03:29:36;749.0;1745688576;98.346;101.722;89.463;103.299;
1900-01-01 03:29:37;750.0;1745688577;98.346;101.751;89.452;103.423;
1900-01-01 03:29:38;751.0;1745688578;98.42;101.728;89.452;103.423;
1900-01-01 03:29:39;752.0;1745688579;98.354;101.728;89.432;103.287;
1900-01-01 03:29:40;753.0;1745688580;98.354;101.653;89.364;103.354;
1900-01-01 03:29:41;754.0;1745688581;98.371;101.62;89.364;103.354;
1900-01-01 03:29:42;755.0;1745688582;98.374;101.62;89.403;103.355;
1900-01-01 03:29:44;756.0;1745688584;98.374;101.633;89.371;103.305;
1900-01-01 03:29:44;757.0;1745688584;98.345;101.69;89.371;103.305;
1900-01-01 03:29:45;758.0;1745688585;98.264;101.69;89.246;103.358;
1900-01-01 03:29:46;759.0;1745688586;98.264;101.668;89.271;103.342;
1900-01-01 03:29:47;760.0;1745688587;98.352;101.609;89.271;103.342;
1900-01-01 03:29:48;761.0;1745688588;98.329;101.609;89.139;103.351;
1900-01-01 03:29:49;762.0;1745688589;98.329;101.541;89.079;103.334;
1900-01-01 03:29:50;763.0;1745688590;98.351;101.517;89.079;103.334;
1900-01-01 03:29:52;764.0;1745688592;98.359;101.517;89.182;103.336;
1900-01-01 03:29:52;765.0;1745688592;98.359;101.515;89.199;103.263;
1900-01-01 03:29:53;766.0;1745688593;98.289;101.492;89.199;103.263;
1900-01-01 03:29:55;767.0;1745688595;98.388;101.492;89.262;103.328;
1900-01-01 03:29:55;768.0;1745688595;98.388;101.472;89.184;103.328;
1900-01-01 03:29:56;769.0;1745688596;98.377;101.539;89.184;103.348;
1900-01-01 03:29:58;770.0;1745688598;98.325;101.539;89.141;103.403;
1900-01-01 03:29:58;771.0;1745688598;98.325;101.574;89.079;103.403;
1900-01-01 03:29:59;772.0;1745688599;98.404;101.507;89.079;103.333;
1900-01-01 03:30:00;773.0;1745688600;98.404;101.507;89.152;103.348;
1900-01-01 03:30:01;774.0;1745688601;98.308;101.554;89.253;103.348;
1900-01-01 03:30:03;775.0;1745688603;98.261;101.547;89.253;103.346;
1900-01-01 03:30:03;776.0;1745688603;98.261;101.547;89.278;103.35;
1900-01-01 03:30:04;777.0;1745688604;98.329;101.618;89.345;103.35;
1900-01-01 03:30:05;778.0;1745688605;98.247;101.543;89.345;103.448;
1900-01-01 03:30:06;779.0;1745688606;98.247;101.543;89.376;103.327;
1900-01-01 03:30:07;780.0;1745688607;98.205;101.588;89.394;103.327;
1900-01-01 03:30:08;781.0;1745688608;98.156;101.588;89.394;103.336;
1900-01-01 03:30:09;782.0;1745688609;98.156;101.652;89.288;103.403;
1900-01-01 03:30:10;783.0;1745688610;98.126;101.644;89.288;103.403;
1900-01-01 03:30:11;784.0;1745688611;98.158;101.644;89.203;103.334;
1900-01-01 03:30:12;785.0;1745688612;98.158;101.54;89.206;103.388;
1900-01-01 03:30:13;786.0;1745688613;98.049;101.54;89.206;103.388;
1900-01-01 03:30:14;787.0;1745688614;98.049;101.54;89.119;103.343;
1900-01-01 03:30:15;788.0;1745688615;98.005;101.58;89.041;103.408;
1900-01-01 03:30:16;789.0;1745688616;98.113;101.496;89.041;103.408;
1900-01-01 03:30:17;790.0;1745688617;98.113;101.496;89.095;103.439;
1900-01-01 03:30:18;791.0;1745688618;98.137;101.476;89.05;103.439;
1900-01-01 03:30:19;792.0;1745688619;98.126;101.49;89.05;103.307;
1900-01-01 03:30:21;793.0;1745688621;98.099;101.49;89.015;103.345;
1900-01-01 03:30:21;794.0;1745688621;98.099;101.479;89.028;103.345;
1900-01-01 03:30:22;795.0;1745688622;98.12;101.391;89.028;103.306;
1900-01-01 03:30:23;796.0;1745688623;98.12;101.391;89.055;103.232;
1900-01-01 03:30:24;797.0;1745688624;98.043;101.31;89.066;103.232;
1900-01-01 03:30:25;798.0;1745688625;97.957;101.349;89.066;103.354;
1900-01-01 03:30:26;799.0;1745688626;97.957;101.349;89.139;103.235;
1900-01-01 03:30:27;800.0;1745688627;97.968;101.273;89.103;103.235;
1900-01-01 03:30:28;801.0;1745688628;98.049;101.257;89.103;103.251;
1900-01-01 03:30:29;802.0;1745688629;98.049;101.257;89.09;103.315;
1900-01-01 03:30:30;803.0;1745688630;98.075;101.265;89.09;103.315;
1900-01-01 03:30:31;804.0;1745688631;98.115;101.265;89.15;103.417;
1900-01-01 03:30:32;805.0;1745688632;98.115;101.353;89.064;103.318;
1900-01-01 03:30:33;806.0;1745688633;98.092;101.432;89.064;103.318;
1900-01-01 03:30:34;807.0;1745688634;98.123;101.432;89.116;103.346;
1900-01-01 03:30:35;808.0;1745688635;98.123;101.518;89.146;103.335;
1900-01-01 03:30:36;809.0;1745688636;98.17;101.481;89.146;103.335;
1900-01-01 03:30:37;810.0;1745688637;98.127;101.481;89.08;103.384;
1900-01-01 03:30:38;811.0;1745688638;98.127;101.53;89.073;103.384;
1900-01-01 03:30:39;812.0;1745688639;98.13;101.504;89.073;103.353;
1900-01-01 03:30:41;813.0;1745688641;98.066;101.504;89.06;103.284;
1900-01-01 03:30:41;814.0;1745688641;98.066;101.507;89.03;103.284;
1900-01-01 03:30:42;815.0;1745688642;98.178;101.552;89.03;103.23;
1900-01-01 03:30:43;816.0;1745688643;98.178;101.552;88.964;103.317;
1900-01-01 03:30:44;817.0;1745688644;98.125;101.5;88.978;103.317;
1900-01-01 03:30:45;818.0;1745688645;98.022;101.574;88.978;103.31;
1900-01-01 03:30:46;819.0;1745688646;98.022;101.574;88.834;103.413;
1900-01-01 03:30:47;820.0;1745688647;98.079;101.605;88.834;103.413;
1900-01-01 03:30:48;821.0;1745688648;97.992;101.605;88.71;103.371;
1900-01-01 03:30:49;822.0;1745688649;97.992;101.65;88.59;103.239;
1900-01-01 03:30:50;823.0;1745688650;97.967;101.615;88.59;103.239;
1900-01-01 03:30:51;824.0;1745688651;97.932;101.615;88.572;103.349;
1900-01-01 03:30:52;825.0;1745688652;97.932;101.633;88.542;103.418;
1900-01-01 03:30:53;826.0;1745688653;97.923;101.548;88.542;103.418;
1900-01-01 03:30:54;827.0;1745688654;97.953;101.548;88.555;103.299;
1900-01-01 03:30:55;828.0;1745688655;97.953;101.579;88.648;103.313;
1900-01-01 03:30:56;829.0;1745688656;97.991;101.557;88.648;103.313;
1900-01-01 03:30:57;830.0;1745688657;97.991;101.557;88.538;103.382;
1900-01-01 03:30:58;831.0;1745688658;97.951;101.671;88.606;103.27;
1900-01-01 03:30:59;832.0;1745688659;97.901;101.53;88.606;103.27;
1900-01-01 03:31:01;833.0;1745688661;97.938;101.53;88.601;103.229;
1900-01-01 03:31:01;834.0;1745688661;97.938;101.533;88.695;103.229;
1900-01-01 03:31:02;835.0;1745688662;97.912;101.501;88.695;103.344;
1900-01-01 03:31:03;836.0;1745688663;97.912;101.501;88.682;103.299;
1900-01-01 03:31:04;837.0;1745688664;97.845;101.451;88.677;103.299;
1900-01-01 03:31:05;838.0;1745688665;97.844;101.451;88.677;103.269;
1900-01-01 03:31:06;839.0;1745688666;97.844;101.549;88.708;103.296;
1900-01-01 03:31:07;840.0;1745688667;97.843;101.4;88.718;103.296;
1900-01-01 03:31:08;841.0;1745688668;97.824;101.4;88.718;103.335;
1900-01-01 03:31:09;842.0;1745688669;97.824;101.499;88.677;103.347;
1900-01-01 03:31:10;843.0;1745688670;97.839;101.438;88.77;103.347;
1900-01-01 03:31:11;844.0;1745688671;97.929;101.438;88.77;103.25;
1900-01-01 03:31:12;845.0;1745688672;97.929;101.383;88.736;103.343;
1900-01-01 03:31:13;846.0;1745688673;97.942;101.469;88.736;103.343;
1900-01-01 03:31:14;847.0;1745688674;97.994;101.469;88.713;103.361;
1900-01-01 03:31:15;848.0;1745688675;97.994;101.467;88.699;103.333;
1900-01-01 03:31:16;849.0;1745688676;97.97;101.505;88.699;103.333;
1900-01-01 03:31:17;850.0;1745688677;97.97;101.505;88.568;103.368;
1900-01-01 03:31:18;851.0;1745688678;97.86;101.402;88.522;103.368;
1900-01-01 03:31:19;852.0;1745688679;97.831;101.371;88.522;103.393;
1900-01-01 03:31:20;853.0;1745688680;97.831;101.371;88.53;103.361;
1900-01-01 03:31:21;854.0;1745688681;97.856;101.388;88.452;103.361;
1900-01-01 03:31:22;855.0;1745688682;97.813;101.306;88.452;103.291;
1900-01-01 03:31:23;856.0;1745688683;97.813;101.306;88.434;103.349;
1900-01-01 03:31:24;857.0;1745688684;97.772;101.389;88.375;103.349;
1900-01-01 03:31:25;858.0;1745688685;97.807;101.392;88.375;103.272;
1900-01-01 03:31:26;859.0;1745688686;97.807;101.392;88.341;103.336;
1900-01-01 03:31:27;860.0;1745688687;97.802;101.344;88.222;103.336;
1900-01-01 03:31:28;861.0;1745688688;97.716;101.344;88.222;103.383;
1900-01-01 03:31:29;862.0;1745688689;97.716;101.34;88.221;103.375;
1900-01-01 03:31:30;863.0;1745688690;97.704;101.402;88.111;103.375;
1900-01-01 03:31:31;864.0;1745688691;97.696;101.402;88.111;103.386;
1900-01-01 03:31:32;865.0;1745688692;97.696;101.308;88.095;103.235;
1900-01-01 03:31:33;866.0;1745688693;97.731;101.218;88.095;103.235;
1900-01-01 03:31:34;867.0;1745688694;97.831;101.218;88.028;103.347;
1900-01-01 03:31:35;868.0;1745688695;97.831;101.418;88.026;103.288;
1900-01-01 03:31:36;869.0;1745688696;97.815;101.373;88.026;103.288;
1900-01-01 03:31:37;870.0;1745688697;97.821;101.373;87.957;103.386;
1900-01-01 03:31:38;871.0;1745688698;97.821;101.33;87.897;103.345;
1900-01-01 03:31:39;872.0;1745688699;97.823;101.361;87.897;103.345;
1900-01-01 03:31:40;873.0;1745688700;97.886;101.361;87.893;103.306;
1900-01-01 03:31:41;874.0;1745688701;97.886;101.446;87.856;103.333;
1900-01-01 03:31:42;875.0;1745688702;97.917;101.356;87.856;103.333;
1900-01-01 03:31:43;876.0;1745688703;97.917;101.356;87.796;103.376;
1900-01-01 03:31:44;877.0;1745688704;97.92;101.411;87.761;103.295;
1900-01-01 03:31:45;878.0;1745688705;97.876;101.298;87.761;103.295;
1900-01-01 03:31:47;879.0;1745688707;97.938;101.298;87.882;103.287;
1900-01-01 03:31:47;880.0;1745688707;97.938;101.317;87.911;103.287;
1900-01-01 03:31:48;881.0;1745688708;97.895;101.373;87.911;103.333;
1900-01-01 03:31:49;882.0;1745688709;97.895;101.373;87.816;103.289;
1900-01-01 03:31:50;883.0;1745688710;97.817;101.265;87.909;103.289;
1900-01-01 03:31:51;884.0;1745688711;97.77;101.298;87.909;103.25;
1900-01-01 03:31:52;885.0;1745688712;97.77;101.298;87.793;103.327;
1900-01-01 03:31:53;886.0;1745688713;97.771;101.411;87.778;103.327;
1900-01-01 03:31:55;887.0;1745688715;97.764;101.411;87.778;103.366;
1900-01-01 03:31:55;888.0;1745688715;97.764;101.323;87.682;103.378;
1900-01-01 03:31:56;889.0;1745688716;97.752;101.323;87.682;103.378;
1900-01-01 03:31:57;890.0;1745688717;97.745;101.323;87.703;103.266;
1900-01-01 03:31:58;891.0;1745688718;97.745;101.326;87.695;103.312;
1900-01-01 03:31:59;892.0;1745688719;97.628;101.299;87.695;103.312;
1900-01-01 03:32:00;893.0;1745688720;97.628;101.299;87.68;103.313;
1900-01-01 03:32:01;894.0;1745688721;97.703;101.195;87.607;103.266;
1900-01-01 03:32:02;895.0;1745688722;97.648;101.229;87.607;103.266;
1900-01-01 03:32:04;896.0;1745688724;97.705;101.229;87.579;103.32;
1900-01-01 03:32:04;897.0;1745688724;97.705;101.223;87.684;103.32;
1900-01-01 03:32:05;898.0;1745688725;97.659;101.178;87.684;103.264;
1900-01-01 03:32:06;899.0;1745688726;97.659;101.178;87.79;103.288;
1900-01-01 03:32:07;900.0;1745688727;97.565;101.258;87.797;103.288;
1900-01-01 03:32:08;901.0;1745688728;97.526;101.258;87.797;103.277;
1900-01-01 03:32:09;902.0;1745688729;97.526;101.274;87.818;103.268;
1900-01-01 03:32:10;903.0;1745688730;97.517;101.254;87.847;103.268;
1900-01-01 03:32:11;904.0;1745688731;97.542;101.254;87.847;103.283;
1900-01-01 03:32:12;905.0;1745688732;97.542;101.217;87.872;103.302;
1900-01-01 03:32:13;906.0;1745688733;97.49;101.171;87.84;103.302;
1900-01-01 03:32:14;907.0;1745688734;97.588;101.146;87.84;103.373;
1900-01-01 03:32:15;908.0;1745688735;97.588;101.146;87.734;103.296;
1900-01-01 03:32:16;909.0;1745688736;97.503;101.221;87.69;103.296;
1900-01-01 03:32:17;910.0;1745688737;97.478;101.116;87.69;103.278;
1900-01-01 03:32:18;911.0;1745688738;97.478;101.116;87.506;103.319;
1900-01-01 03:32:19;912.0;1745688739;97.512;101.193;87.283;103.319;
1900-01-01 03:32:20;913.0;1745688740;97.549;101.193;87.283;103.314;
1900-01-01 03:32:21;914.0;1745688741;97.549;101.132;87.302;103.331;
1900-01-01 03:32:22;915.0;1745688742;97.593;101.169;87.302;103.331;
1900-01-01 03:32:23;916.0;1745688743;97.65;101.169;87.267;103.331;
1900-01-01 03:32:24;917.0;1745688744;97.65;101.209;87.37;103.332;
1900-01-01 03:32:25;918.0;1745688745;97.529;101.199;87.37;103.332;
1900-01-01 03:32:26;919.0;1745688746;97.505;101.199;87.341;103.347;
1900-01-01 03:32:27;920.0;1745688747;97.505;101.187;87.442;103.347;
1900-01-01 03:32:28;921.0;1745688748;97.459;101.195;87.442;103.294;
1900-01-01 03:32:29;922.0;1745688749;97.376;101.195;87.465;103.34;
1900-01-01 03:32:30;923.0;1745688750;97.376;101.148;87.504;103.438;
1900-01-01 03:32:31;924.0;1745688751;97.412;101.119;87.504;103.438;
1900-01-01 03:32:32;925.0;1745688752;97.412;101.119;87.514;103.328;
1900-01-01 03:32:33;926.0;1745688753;97.446;101.134;87.584;103.328;
1900-01-01 03:32:34;927.0;1745688754;97.433;101.088;87.584;103.392;
1900-01-01 03:32:35;928.0;1745688755;97.433;101.088;87.636;103.401;
1900-01-01 03:32:36;929.0;1745688756;97.446;101.133;87.664;103.401;
1900-01-01 03:32:37;930.0;1745688757;97.509;101.141;87.664;103.317;
1900-01-01 03:32:38;931.0;1745688758;97.509;101.141;87.632;103.368;
1900-01-01 03:32:39;932.0;1745688759;97.516;101.099;87.638;103.368;
1900-01-01 03:32:40;933.0;1745688760;97.48;101.099;87.638;103.35;
1900-01-01 03:32:41;934.0;1745688761;97.48;101.087;87.675;103.386;
1900-01-01 03:32:43;935.0;1745688763;97.485;100.962;87.623;103.386;
1900-01-01 03:32:43;936.0;1745688763;97.435;100.962;87.623;103.392;
1900-01-01 03:32:44;937.0;1745688764;97.435;101.011;87.627;103.312;
1900-01-01 03:32:45;938.0;1745688765;97.537;100.927;87.692;103.312;
1900-01-01 03:32:46;939.0;1745688766;97.558;100.927;87.692;103.327;
1900-01-01 03:32:47;940.0;1745688767;97.558;101.017;87.563;103.393;
1900-01-01 03:32:48;941.0;1745688768;97.551;101.075;87.627;103.393;
1900-01-01 03:32:49;942.0;1745688769;97.585;101.075;87.627;103.406;
1900-01-01 03:32:50;943.0;1745688770;97.585;101.098;87.601;103.343;
1900-01-01 03:32:51;944.0;1745688771;97.564;101.067;87.601;103.343;
1900-01-01 03:32:52;945.0;1745688772;97.527;101.067;87.487;103.448;
1900-01-01 03:32:53;946.0;1745688773;97.527;101.029;87.448;103.392;
1900-01-01 03:32:54;947.0;1745688774;97.517;101.088;87.448;103.392;
1900-01-01 03:32:55;948.0;1745688775;97.517;101.088;87.347;103.363;
1900-01-01 03:32:56;949.0;1745688776;97.577;101.036;87.321;103.318;
1900-01-01 03:32:58;950.0;1745688778;97.484;101.153;87.321;103.318;
1900-01-01 03:32:58;951.0;1745688778;97.484;101.153;87.149;103.294;
1900-01-01 03:32:59;952.0;1745688779;97.547;101.101;87.274;103.294;
1900-01-01 03:33:00;953.0;1745688780;97.53;101.183;87.274;103.428;
1900-01-01 03:33:01;954.0;1745688781;97.53;101.183;87.159;103.355;
1900-01-01 03:33:02;955.0;1745688782;97.453;101.128;87.051;103.355;
1900-01-01 03:33:03;956.0;1745688783;97.457;101.128;87.051;103.35;
1900-01-01 03:33:04;957.0;1745688784;97.457;101.145;86.921;103.343;
1900-01-01 03:33:05;958.0;1745688785;97.447;101.237;86.787;103.343;
1900-01-01 03:33:06;959.0;1745688786;97.376;101.237;86.787;103.28;
1900-01-01 03:33:07;960.0;1745688787;97.376;101.182;86.755;103.321;
1900-01-01 03:33:08;961.0;1745688788;97.305;101.139;86.755;103.321;
1900-01-01 03:33:10;962.0;1745688790;97.249;101.139;86.729;103.3;
1900-01-01 03:33:10;963.0;1745688790;97.249;101.203;86.804;103.326;
1900-01-01 03:33:11;964.0;1745688791;97.214;101.251;86.853;103.326;
1900-01-01 03:33:12;965.0;1745688792;97.214;101.251;86.853;103.304;
1900-01-01 03:33:13;966.0;1745688793;97.202;101.199;86.872;103.35;
1900-01-01 03:33:14;967.0;1745688794;97.142;101.129;86.872;103.35;
1900-01-01 03:33:15;968.0;1745688795;97.142;101.129;86.816;103.295;
1900-01-01 03:33:16;969.0;1745688796;97.165;101.211;86.782;103.295;
1900-01-01 03:33:17;970.0;1745688797;97.25;101.132;86.782;103.303;
1900-01-01 03:33:18;971.0;1745688798;97.187;101.132;86.69;103.357;
1900-01-01 03:33:19;972.0;1745688799;97.187;101.005;86.605;103.357;
1900-01-01 03:33:20;973.0;1745688800;97.195;101.025;86.605;103.318;
1900-01-01 03:33:21;974.0;1745688801;97.195;101.025;86.579;103.308;
1900-01-01 03:33:22;975.0;1745688802;97.344;101.018;86.584;103.354;
1900-01-01 03:33:23;976.0;1745688803;97.35;100.982;86.584;103.354;
1900-01-01 03:33:24;977.0;1745688804;97.35;100.982;86.563;103.297;
1900-01-01 03:33:26;978.0;1745688806;97.297;101.004;86.596;103.332;
1900-01-01 03:33:26;979.0;1745688806;97.245;101.004;86.596;103.332;
1900-01-01 03:33:27;980.0;1745688807;97.245;101.018;86.414;103.261;
1900-01-01 03:33:28;981.0;1745688808;97.276;101.004;86.12;103.261;
1900-01-01 03:33:29;982.0;1745688809;97.293;101.004;86.12;103.268;
1900-01-01 03:33:30;983.0;1745688810;97.293;101.01;85.828;103.239;
1900-01-01 03:33:31;984.0;1745688811;97.261;101.046;85.835;103.239;
1900-01-01 03:33:32;985.0;1745688812;97.234;101.046;85.835;103.284;
1900-01-01 03:33:33;986.0;1745688813;97.234;100.988;85.875;103.294;
1900-01-01 03:33:34;987.0;1745688814;97.257;100.977;86.031;103.294;
1900-01-01 03:33:35;988.0;1745688815;97.176;100.977;86.031;103.25;
1900-01-01 03:33:36;989.0;1745688816;97.176;100.905;86.099;103.362;
1900-01-01 03:33:37;990.0;1745688817;97.158;100.895;86.213;103.362;
1900-01-01 03:33:38;991.0;1745688818;97.128;100.895;86.213;103.302;
1900-01-01 03:33:39;992.0;1745688819;97.128;100.927;86.286;103.261;
1900-01-01 03:33:41;993.0;1745688821;97.094;100.972;86.3;103.261;
1900-01-01 03:33:41;994.0;1745688821;97.094;100.972;86.3;103.243;
1900-01-01 03:33:42;995.0;1745688822;97.162;100.861;86.35;103.243;
1900-01-01 03:33:43;996.0;1745688823;97.165;100.939;86.35;103.243;
1900-01-01 03:33:44;997.0;1745688824;97.165;100.939;86.352;103.252;
1900-01-01 03:33:45;998.0;1745688825;97.177;100.936;86.344;103.252;
1900-01-01 03:33:46;999.0;1745688826;97.215;100.887;86.344;103.247;
1900-01-01 03:33:47;1000.0;1745688827;97.215;100.887;86.293;103.264;
1900-01-01 03:33:48;1001.0;1745688828;97.131;100.934;86.175;103.264;
1900-01-01 03:33:49;1002.0;1745688829;97.055;100.899;86.175;103.294;
1900-01-01 03:33:50;1003.0;1745688830;97.055;100.899;86.107;103.264;
1900-01-01 03:33:51;1004.0;1745688831;97.153;100.931;86.048;103.264;
1900-01-01 03:33:52;1005.0;1745688832;97.143;100.931;86.048;103.346;
1900-01-01 03:33:53;1006.0;1745688833;97.143;100.887;85.937;103.346;
1900-01-01 03:33:54;1007.0;1745688834;97.091;100.868;85.937;103.346;
1900-01-01 03:33:55;1008.0;1745688835;97.157;100.868;85.769;103.265;
1900-01-01 03:33:56;1009.0;1745688836;97.157;101.0;85.797;103.343;
1900-01-01 03:33:58;1010.0;1745688838;97.057;100.959;85.818;103.343;
1900-01-01 03:33:58;1011.0;1745688838;97.1;100.959;85.818;103.379;
1900-01-01 03:33:59;1012.0;1745688839;97.1;100.947;85.828;103.298;
1900-01-01 03:34:00;1013.0;1745688840;97.127;100.989;85.913;103.298;
1900-01-01 03:34:01;1014.0;1745688841;97.086;100.989;85.913;103.247;
1900-01-01 03:34:02;1015.0;1745688842;97.086;101.021;85.793;103.361;
1900-01-01 03:34:03;1016.0;1745688843;97.055;101.01;85.793;103.361;
1900-01-01 03:34:04;1017.0;1745688844;96.978;101.01;85.686;103.347;
1900-01-01 03:34:05;1018.0;1745688845;96.978;101.018;85.609;103.347;
1900-01-01 03:34:06;1019.0;1745688846;97.038;100.912;85.609;103.303;
1900-01-01 03:34:07;1020.0;1745688847;96.994;100.912;85.675;103.392;
1900-01-01 03:34:08;1021.0;1745688848;96.994;101.027;85.698;103.384;
1900-01-01 03:34:09;1022.0;1745688849;97.037;100.933;85.698;103.384;
1900-01-01 03:34:10;1023.0;1745688850;97.027;100.933;85.731;103.389;
1900-01-01 03:34:11;1024.0;1745688851;97.027;100.973;85.62;103.371;
1900-01-01 03:34:12;1025.0;1745688852;97.041;100.987;85.62;103.371;
1900-01-01 03:34:13;1026.0;1745688853;96.981;100.987;85.738;103.345;
1900-01-01 03:34:14;1027.0;1745688854;96.981;101.001;85.736;103.345;
1900-01-01 03:34:15;1028.0;1745688855;97.055;100.888;85.736;103.394;
1900-01-01 03:34:16;1029.0;1745688856;97.04;100.888;85.826;103.359;
1900-01-01 03:34:17;1030.0;1745688857;97.04;100.929;85.82;103.382;
1900-01-01 03:34:19;1031.0;1745688859;97.014;100.957;85.881;103.382;
1900-01-01 03:34:19;1032.0;1745688859;97.034;100.957;85.881;103.34;
1900-01-01 03:34:20;1033.0;1745688860;97.034;101.012;85.89;103.35;
1900-01-01 03:34:21;1034.0;1745688861;96.934;100.928;85.89;103.35;
1900-01-01 03:34:22;1035.0;1745688862;96.982;100.928;85.785;103.327;
1900-01-01 03:34:23;1036.0;1745688863;96.982;100.972;85.863;103.357;
1900-01-01 03:34:24;1037.0;1745688864;96.977;100.982;85.863;103.357;
1900-01-01 03:34:25;1038.0;1745688865;96.957;100.982;85.835;103.315;
1900-01-01 03:34:26;1039.0;1745688866;96.957;100.869;85.763;103.315;
1900-01-01 03:34:27;1040.0;1745688867;96.945;100.866;85.763;103.302;
1900-01-01 03:34:28;1041.0;1745688868;96.931;100.866;85.654;103.236;
1900-01-01 03:34:29;1042.0;1745688869;96.931;100.888;85.611;103.255;
1900-01-01 03:34:30;1043.0;1745688870;96.987;100.805;85.611;103.255;
1900-01-01 03:34:31;1044.0;1745688871;96.987;100.805;85.557;103.319;
1900-01-01 03:34:32;1045.0;1745688872;96.861;100.758;85.406;103.319;
1900-01-01 03:34:33;1046.0;1745688873;96.884;100.858;85.406;103.296;
1900-01-01 03:34:34;1047.0;1745688874;96.884;100.858;85.279;103.217;
1900-01-01 03:34:35;1048.0;1745688875;96.899;100.766;85.115;103.242;
1900-01-01 03:34:36;1049.0;1745688876;96.819;100.768;85.115;103.242;
1900-01-01 03:34:37;1050.0;1745688877;96.819;100.768;85.008;103.308;
1900-01-01 03:34:38;1051.0;1745688878;96.821;100.701;84.863;103.308;
1900-01-01 03:34:40;1052.0;1745688880;96.793;100.819;84.863;103.331;
1900-01-01 03:34:40;1053.0;1745688880;96.793;100.819;84.761;103.181;
1900-01-01 03:34:41;1054.0;1745688881;96.819;100.808;84.658;103.181;
1900-01-01 03:34:42;1055.0;1745688882;96.675;100.871;84.658;103.239;
1900-01-01 03:34:43;1056.0;1745688883;96.675;100.871;84.589;103.274;
1900-01-01 03:34:44;1057.0;1745688884;96.795;100.733;84.541;103.274;
1900-01-01 03:34:46;1058.0;1745688886;96.722;100.73;84.541;103.324;
1900-01-01 03:34:46;1059.0;1745688886;96.722;100.73;84.344;103.218;
1900-01-01 03:34:47;1060.0;1745688887;96.744;100.809;84.211;103.218;
1900-01-01 03:34:48;1061.0;1745688888;96.676;100.809;84.211;103.3;
1900-01-01 03:34:49;1062.0;1745688889;96.676;100.771;84.249;103.301;
1900-01-01 03:34:50;1063.0;1745688890;96.695;100.763;84.249;103.301;
1900-01-01 03:34:51;1064.0;1745688891;96.653;100.763;84.315;103.234;
1900-01-01 03:34:52;1065.0;1745688892;96.653;100.846;84.543;103.234;
1900-01-01 03:34:53;1066.0;1745688893;96.69;100.82;84.543;103.351;
1900-01-01 03:34:54;1067.0;1745688894;96.689;100.82;84.668;103.314;
1900-01-01 03:34:55;1068.0;1745688895;96.689;100.752;84.833;103.314;
1900-01-01 03:34:56;1069.0;1745688896;96.784;100.747;84.833;103.299;
1900-01-01 03:34:57;1070.0;1745688897;96.784;100.747;84.875;103.208;
1900-01-01 03:34:58;1071.0;1745688898;96.597;100.844;84.97;103.208;
1900-01-01 03:34:59;1072.0;1745688899;96.639;100.804;84.97;103.328;
1900-01-01 03:35:00;1073.0;1745688900;96.639;100.804;85.069;103.282;
1900-01-01 03:35:01;1074.0;1745688901;96.739;100.876;84.986;103.282;
1900-01-01 03:35:02;1075.0;1745688902;96.788;100.806;84.986;103.21;
1900-01-01 03:35:03;1076.0;1745688903;96.788;100.806;85.03;103.254;
1900-01-01 03:35:04;1077.0;1745688904;96.72;100.88;85.004;103.254;
1900-01-01 03:35:05;1078.0;1745688905;96.658;100.88;85.004;103.212;
1900-01-01 03:35:06;1079.0;1745688906;96.658;100.825;85.027;103.326;
1900-01-01 03:35:07;1080.0;1745688907;96.78;100.776;84.889;103.326;
1900-01-01 03:35:08;1081.0;1745688908;96.831;100.776;84.889;103.292;
1900-01-01 03:35:09;1082.0;1745688909;96.831;100.731;84.758;103.338;
1900-01-01 03:35:10;1083.0;1745688910;96.726;100.721;84.758;103.338;
1900-01-01 03:35:11;1084.0;1745688911;96.832;100.721;84.762;103.278;
1900-01-01 03:35:12;1085.0;1745688912;96.832;100.736;84.736;103.349;
1900-01-01 03:35:13;1086.0;1745688913;96.759;100.75;84.736;103.349;
1900-01-01 03:35:14;1087.0;1745688914;96.866;100.75;84.666;103.297;
1900-01-01 03:35:15;1088.0;1745688915;96.866;100.733;84.689;103.297;
1900-01-01 03:35:16;1089.0;1745688916;96.776;100.644;84.689;103.353;
1900-01-01 03:35:17;1090.0;1745688917;96.705;100.644;84.649;103.247;
1900-01-01 03:35:18;1091.0;1745688918;96.705;100.729;84.673;103.247;
1900-01-01 03:35:19;1092.0;1745688919;96.692;100.667;84.673;103.315;
1900-01-01 03:35:20;1093.0;1745688920;96.692;100.667;84.659;103.309;
1900-01-01 03:35:21;1094.0;1745688921;96.607;100.656;84.58;103.23;
1900-01-01 03:35:22;1095.0;1745688922;96.518;100.656;84.58;103.23;
1900-01-01 03:35:23;1096.0;1745688923;96.518;100.596;84.607;103.221;
1900-01-01 03:35:24;1097.0;1745688924;96.545;100.581;84.539;103.221;
1900-01-01 03:35:25;1098.0;1745688925;96.503;100.581;84.539;103.184;
1900-01-01 03:35:26;1099.0;1745688926;96.503;100.577;84.422;103.301;
1900-01-01 03:35:28;1100.0;1745688928;96.47;100.488;84.289;103.301;
1900-01-01 03:35:28;1101.0;1745688928;96.522;100.488;84.289;103.296;
1900-01-01 03:35:29;1102.0;1745688929;96.522;100.529;84.303;103.253;
1900-01-01 03:35:30;1103.0;1745688930;96.505;100.603;84.271;103.253;
1900-01-01 03:35:31;1104.0;1745688931;96.464;100.603;84.271;103.246;
1900-01-01 03:35:32;1105.0;1745688932;96.464;100.559;84.192;103.235;
1900-01-01 03:35:33;1106.0;1745688933;96.313;100.611;84.192;103.235;
1900-01-01 03:35:34;1107.0;1745688934;96.321;100.611;84.124;103.285;
1900-01-01 03:35:35;1108.0;1745688935;96.321;100.632;84.066;103.282;
1900-01-01 03:35:36;1109.0;1745688936;96.365;100.578;83.814;103.282;
1900-01-01 03:35:37;1110.0;1745688937;96.416;100.578;83.814;103.284;
1900-01-01 03:35:38;1111.0;1745688938;96.416;100.657;83.566;103.283;
1900-01-01 03:35:39;1112.0;1745688939;96.312;100.659;83.566;103.283;
1900-01-01 03:35:40;1113.0;1745688940;96.306;100.659;83.502;103.296;
1900-01-01 03:35:41;1114.0;1745688941;96.306;100.685;83.411;103.296;
1900-01-01 03:35:42;1115.0;1745688942;96.351;100.624;83.411;103.331;
1900-01-01 03:35:43;1116.0;1745688943;96.351;100.624;83.473;103.205;
1900-01-01 03:35:44;1117.0;1745688944;96.318;100.698;83.556;103.205;
1900-01-01 03:35:45;1118.0;1745688945;96.246;100.698;83.556;103.277;
1900-01-01 03:35:46;1119.0;1745688946;96.246;100.786;83.655;103.152;
1900-01-01 03:35:47;1120.0;1745688947;96.204;100.75;83.735;103.152;
1900-01-01 03:35:48;1121.0;1745688948;96.157;100.75;83.735;103.313;
1900-01-01 03:35:49;1122.0;1745688949;96.157;100.639;83.752;103.314;
1900-01-01 03:35:50;1123.0;1745688950;96.169;100.643;83.752;103.314;
1900-01-01 03:35:51;1124.0;1745688951;96.171;100.643;83.771;103.247;
1900-01-01 03:35:52;1125.0;1745688952;96.171;100.678;83.902;103.197;
1900-01-01 03:35:53;1126.0;1745688953;96.193;100.639;83.902;103.197;
1900-01-01 03:35:54;1127.0;1745688954;96.081;100.639;83.831;103.21;
1900-01-01 03:35:55;1128.0;1745688955;96.081;100.658;83.772;103.288;
1900-01-01 03:35:56;1129.0;1745688956;96.183;100.606;83.772;103.288;
1900-01-01 03:35:57;1130.0;1745688957;96.106;100.606;83.761;103.274;
1900-01-01 03:35:58;1131.0;1745688958;96.106;100.639;83.668;103.348;
1900-01-01 03:35:59;1132.0;1745688959;96.089;100.639;83.668;103.348;
1900-01-01 03:36:00;1133.0;1745688960;96.089;100.631;83.651;103.31;
1900-01-01 03:36:01;1134.0;1745688961;95.944;100.581;83.545;103.31;
1900-01-01 03:36:02;1135.0;1745688962;95.987;100.581;83.545;103.301;
1900-01-01 03:36:03;1136.0;1745688963;95.987;100.628;83.54;103.427;
1900-01-01 03:36:04;1137.0;1745688964;96.044;100.548;83.516;103.427;
1900-01-01 03:36:05;1138.0;1745688965;95.975;100.548;83.516;103.355;
1900-01-01 03:36:06;1139.0;1745688966;95.975;100.544;83.509;103.25;
1900-01-01 03:36:07;1140.0;1745688967;96.001;100.513;83.443;103.25;
1900-01-01 03:36:08;1141.0;1745688968;95.875;100.513;83.443;103.335;
1900-01-01 03:36:09;1142.0;1745688969;95.875;100.438;83.469;103.333;
1900-01-01 03:36:10;1143.0;1745688970;95.879;100.477;83.418;103.333;
1900-01-01 03:36:11;1144.0;1745688971;95.895;100.477;83.418;103.26;
1900-01-01 03:36:12;1145.0;1745688972;95.895;100.397;83.404;103.215;
1900-01-01 03:36:13;1146.0;1745688973;95.961;100.382;83.404;103.215;
1900-01-01 03:36:14;1147.0;1745688974;95.953;100.382;83.386;103.301;
1900-01-01 03:36:15;1148.0;1745688975;95.953;100.426;83.377;103.301;
1900-01-01 03:36:16;1149.0;1745688976;95.894;100.391;83.377;103.276;
1900-01-01 03:36:17;1150.0;1745688977;95.83;100.391;83.349;103.266;
1900-01-01 03:36:18;1151.0;1745688978;95.83;100.447;83.18;103.266;
1900-01-01 03:36:19;1152.0;1745688979;95.83;100.351;83.18;103.298;
1900-01-01 03:36:20;1153.0;1745688980;95.785;100.351;83.108;103.319;
1900-01-01 03:36:21;1154.0;1745688981;95.785;100.484;82.984;103.319;
1900-01-01 03:36:22;1155.0;1745688982;95.841;100.44;82.984;103.371;
1900-01-01 03:36:23;1156.0;1745688983;95.841;100.44;82.807;103.375;
1900-01-01 03:36:24;1157.0;1745688984;95.825;100.512;82.653;103.375;
1900-01-01 03:36:25;1158.0;1745688985;95.825;100.524;82.653;103.242;
1900-01-01 03:36:26;1159.0;1745688986;95.825;100.524;82.558;103.295;
1900-01-01 03:36:27;1160.0;1745688987;95.708;100.471;82.28;103.295;
1900-01-01 03:36:28;1161.0;1745688988;95.807;100.471;82.28;103.285;
1900-01-01 03:36:29;1162.0;1745688989;95.807;100.287;82.022;103.28;
1900-01-01 03:36:30;1163.0;1745688990;95.739;100.429;81.668;103.28;
1900-01-01 03:36:31;1164.0;1745688991;95.785;100.429;81.668;103.304;
1900-01-01 03:36:32;1165.0;1745688992;95.785;100.351;81.482;103.409;
1900-01-01 03:36:33;1166.0;1745688993;95.749;100.427;81.482;103.409;
1900-01-01 03:36:34;1167.0;1745688994;95.796;100.427;81.401;103.351;
1900-01-01 03:36:35;1168.0;1745688995;95.796;100.354;81.315;103.174;
1900-01-01 03:36:36;1169.0;1745688996;95.785;100.371;81.315;103.174;
1900-01-01 03:36:37;1170.0;1745688997;95.785;100.371;81.29;103.247;
1900-01-01 03:36:38;1171.0;1745688998;95.769;100.428;81.289;103.247;
1900-01-01 03:36:39;1172.0;1745688999;95.805;100.451;81.289;103.346;
1900-01-01 03:36:40;1173.0;1745689000;95.805;100.451;81.279;103.26;
1900-01-01 03:36:41;1174.0;1745689001;95.668;100.421;81.357;103.26;
1900-01-01 03:36:42;1175.0;1745689002;95.681;100.46;81.357;103.259;
1900-01-01 03:36:43;1176.0;1745689003;95.681;100.46;81.513;103.249;
1900-01-01 03:36:44;1177.0;1745689004;95.709;100.458;81.502;103.249;
1900-01-01 03:36:46;1178.0;1745689006;95.63;100.492;81.502;103.262;
1900-01-01 03:36:46;1179.0;1745689006;95.63;100.492;81.51;103.349;
1900-01-01 03:36:47;1180.0;1745689007;95.6;100.49;81.586;103.349;
1900-01-01 03:36:48;1181.0;1745689008;95.584;100.445;81.586;103.273;
1900-01-01 03:36:49;1182.0;1745689009;95.584;100.445;81.692;103.213;
1900-01-01 03:36:50;1183.0;1745689010;95.531;100.453;81.75;103.213;
1900-01-01 03:36:51;1184.0;1745689011;95.666;100.453;81.75;103.23;
1900-01-01 03:36:52;1185.0;1745689012;95.666;100.48;81.694;103.256;
1900-01-01 03:36:53;1186.0;1745689013;95.506;100.423;81.76;103.256;
1900-01-01 03:36:54;1187.0;1745689014;95.59;100.423;81.76;103.214;
1900-01-01 03:36:55;1188.0;1745689015;95.59;100.391;81.763;103.281;
1900-01-01 03:36:56;1189.0;1745689016;95.552;100.455;81.763;103.281;
1900-01-01 03:36:57;1190.0;1745689017;95.552;100.455;81.657;103.23;
1900-01-01 03:36:58;1191.0;1745689018;95.552;100.432;81.547;103.368;
1900-01-01 03:36:59;1192.0;1745689019;95.456;100.454;81.547;103.368;
1900-01-01 03:37:01;1193.0;1745689021;95.484;100.454;81.501;103.348;
1900-01-01 03:37:01;1194.0;1745689021;95.484;100.397;81.661;103.373;
1900-01-01 03:37:02;1195.0;1745689022;95.423;100.361;81.661;103.373;
1900-01-01 03:37:03;1196.0;1745689023;95.423;100.361;81.841;103.33;
1900-01-01 03:37:04;1197.0;1745689024;95.498;100.373;81.87;103.208;
1900-01-01 03:37:05;1198.0;1745689025;95.508;100.394;81.87;103.208;
1900-01-01 03:37:06;1199.0;1745689026;95.508;100.394;81.901;103.265;
1900-01-01 03:37:07;1200.0;1745689027;95.47;100.388;81.908;103.265;
