Time;Seconds from start for linreg;Unix Time;ch1 po2;ch2 po2;ch3 po2;ch4 po2;
1900-01-01 12:27:10;1.0;1745720830;101.291;102.894;97.838;101.925;
1900-01-01 12:27:11;2.0;1745720831;101.291;102.895;97.949;101.879;
1900-01-01 12:27:12;3.0;1745720832;101.284;102.886;98.052;101.879;
1900-01-01 12:27:14;4.0;1745720834;101.325;102.922;98.052;101.89;
1900-01-01 12:27:14;5.0;1745720834;101.325;102.922;98.069;101.955;
1900-01-01 12:27:15;6.0;1745720835;101.22;102.926;97.981;101.955;
1900-01-01 12:27:16;7.0;1745720836;101.224;102.97;97.981;101.914;
1900-01-01 12:27:17;8.0;1745720837;101.224;102.97;97.967;101.886;
1900-01-01 12:27:18;9.0;1745720838;101.271;103.023;97.875;101.886;
1900-01-01 12:27:19;10.0;1745720839;101.287;103.023;97.875;101.895;
1900-01-01 12:27:20;11.0;1745720840;101.287;102.957;97.904;101.933;
1900-01-01 12:27:21;12.0;1745720841;101.197;102.931;97.904;101.933;
1900-01-01 12:27:22;13.0;1745720842;101.363;102.931;97.851;101.9;
1900-01-01 12:27:23;14.0;1745720843;101.363;102.975;97.801;101.904;
1900-01-01 12:27:24;15.0;1745720844;101.394;102.966;97.801;101.904;
1900-01-01 12:27:25;16.0;1745720845;101.337;102.966;97.81;101.874;
1900-01-01 12:27:26;17.0;1745720846;101.337;102.942;97.7;101.887;
1900-01-01 12:27:27;18.0;1745720847;101.266;102.957;97.7;101.887;
1900-01-01 12:27:28;19.0;1745720848;101.266;102.957;97.826;101.954;
1900-01-01 12:27:29;20.0;1745720849;101.283;103.004;97.844;101.954;
1900-01-01 12:27:30;21.0;1745720850;101.324;102.985;97.844;101.987;
1900-01-01 12:27:31;22.0;1745720851;101.324;102.985;97.93;101.922;
1900-01-01 12:27:32;23.0;1745720852;101.308;102.904;97.912;101.922;
1900-01-01 12:27:34;24.0;1745720854;101.2;102.914;97.912;101.905;
1900-01-01 12:27:34;25.0;1745720854;101.2;102.914;97.944;101.895;
1900-01-01 12:27:35;26.0;1745720855;101.166;103.016;97.886;101.895;
1900-01-01 12:27:37;27.0;1745720857;101.141;102.983;97.886;101.918;
1900-01-01 12:27:37;28.0;1745720857;101.141;102.983;97.951;101.956;
1900-01-01 12:27:38;29.0;1745720858;101.1;102.956;97.898;101.956;
1900-01-01 12:27:39;30.0;1745720859;100.879;102.956;97.898;101.894;
1900-01-01 12:27:40;31.0;1745720860;100.879;103.017;97.819;101.954;
1900-01-01 12:27:41;32.0;1745720861;100.885;102.884;97.882;101.954;
1900-01-01 12:27:42;33.0;1745720862;100.795;102.884;97.882;101.997;
1900-01-01 12:27:43;34.0;1745720863;100.795;103.038;97.934;101.905;
1900-01-01 12:27:44;35.0;1745720864;100.823;103.033;97.934;101.905;
1900-01-01 12:27:45;36.0;1745720865;100.832;103.033;97.899;101.922;
1900-01-01 12:27:46;37.0;1745720866;100.832;103.023;97.894;101.922;
1900-01-01 12:27:47;38.0;1745720867;100.832;103.097;97.894;101.862;
1900-01-01 12:27:48;39.0;1745720868;100.767;103.097;97.857;101.882;
1900-01-01 12:27:49;40.0;1745720869;100.767;103.013;97.794;101.885;
1900-01-01 12:27:50;41.0;1745720870;100.847;102.984;97.794;101.885;
1900-01-01 12:27:51;42.0;1745720871;100.847;102.984;97.767;101.88;
1900-01-01 12:27:52;43.0;1745720872;100.831;102.943;97.806;101.923;
1900-01-01 12:27:54;44.0;1745720874;100.8;102.947;97.806;101.923;
1900-01-01 12:27:54;45.0;1745720874;100.8;102.947;97.813;101.87;
1900-01-01 12:27:55;46.0;1745720875;100.806;102.967;97.875;101.87;
1900-01-01 12:27:56;47.0;1745720876;100.979;102.996;97.875;101.999;
1900-01-01 12:27:57;48.0;1745720877;100.979;102.996;97.748;102.026;
1900-01-01 12:27:58;49.0;1745720878;100.926;103.035;97.868;102.026;
1900-01-01 12:28:00;50.0;1745720880;100.95;102.996;97.868;101.893;
1900-01-01 12:28:00;51.0;1745720880;100.95;102.996;97.771;102.043;
1900-01-01 12:28:01;52.0;1745720881;100.952;102.872;97.729;102.043;
1900-01-01 12:28:02;53.0;1745720882;100.982;102.872;97.729;101.955;
1900-01-01 12:28:03;54.0;1745720883;100.982;102.932;97.676;101.971;
1900-01-01 12:28:04;55.0;1745720884;100.947;102.914;97.71;101.971;
1900-01-01 12:28:05;56.0;1745720885;101.0;102.914;97.71;101.948;
1900-01-01 12:28:06;57.0;1745720886;101.0;102.926;97.638;102.014;
1900-01-01 12:28:07;58.0;1745720887;101.019;102.856;97.638;102.014;
1900-01-01 12:28:08;59.0;1745720888;100.948;102.856;97.611;101.973;
1900-01-01 12:28:09;60.0;1745720889;100.948;102.807;97.657;101.982;
1900-01-01 12:28:10;61.0;1745720890;100.962;102.937;97.657;101.982;
1900-01-01 12:28:11;62.0;1745720891;100.962;102.937;97.636;101.963;
1900-01-01 12:28:12;63.0;1745720892;100.958;102.939;97.662;101.986;
1900-01-01 12:28:13;64.0;1745720893;100.968;102.939;97.662;101.986;
1900-01-01 12:28:14;65.0;1745720894;100.968;102.872;97.75;101.977;
1900-01-01 12:28:15;66.0;1745720895;100.995;102.862;97.769;101.977;
1900-01-01 12:28:16;67.0;1745720896;100.988;102.862;97.769;101.883;
1900-01-01 12:28:17;68.0;1745720897;100.988;102.903;97.806;101.949;
1900-01-01 12:28:18;69.0;1745720898;101.0;102.822;97.793;101.949;
1900-01-01 12:28:20;70.0;1745720900;101.054;102.896;97.793;101.942;
1900-01-01 12:28:20;71.0;1745720900;101.054;102.896;97.811;101.985;
1900-01-01 12:28:21;72.0;1745720901;101.073;102.887;97.634;101.985;
1900-01-01 12:28:22;73.0;1745720902;101.052;102.887;97.634;101.898;
1900-01-01 12:28:23;74.0;1745720903;101.052;103.013;97.662;101.885;
1900-01-01 12:28:24;75.0;1745720904;101.059;103.071;97.662;101.885;
1900-01-01 12:28:25;76.0;1745720905;101.09;103.071;97.664;101.932;
1900-01-01 12:28:26;77.0;1745720906;101.09;102.912;97.702;101.939;
1900-01-01 12:28:27;78.0;1745720907;101.1;102.94;97.702;101.939;
1900-01-01 12:28:28;79.0;1745720908;101.082;102.94;97.762;101.963;
1900-01-01 12:28:29;80.0;1745720909;101.082;102.812;97.79;101.985;
1900-01-01 12:28:30;81.0;1745720910;101.029;102.903;97.779;101.985;
1900-01-01 12:28:31;82.0;1745720911;101.029;102.903;97.779;102.009;
1900-01-01 12:28:32;83.0;1745720912;101.059;102.929;97.802;102.032;
1900-01-01 12:28:33;84.0;1745720913;101.044;102.9;97.802;102.032;
1900-01-01 12:28:34;85.0;1745720914;101.049;102.9;97.733;101.854;
1900-01-01 12:28:35;86.0;1745720915;101.049;102.831;97.819;101.854;
1900-01-01 12:28:36;87.0;1745720916;101.136;102.858;97.819;101.95;
1900-01-01 12:28:38;88.0;1745720918;101.135;102.858;97.846;101.964;
1900-01-01 12:28:38;89.0;1745720918;101.135;102.868;97.859;101.964;
1900-01-01 12:28:39;90.0;1745720919;101.042;102.882;97.859;101.912;
1900-01-01 12:28:40;91.0;1745720920;101.042;102.882;97.816;101.943;
1900-01-01 12:28:41;92.0;1745720921;101.053;102.959;97.848;101.943;
1900-01-01 12:28:42;93.0;1745720922;101.067;102.959;97.848;101.932;
1900-01-01 12:28:43;94.0;1745720923;101.067;102.941;97.781;101.885;
1900-01-01 12:28:44;95.0;1745720924;101.037;102.947;97.781;101.885;
1900-01-01 12:28:45;96.0;1745720925;101.063;102.947;97.839;101.956;
1900-01-01 12:28:46;97.0;1745720926;101.063;102.912;97.778;101.874;
1900-01-01 12:28:47;98.0;1745720927;100.925;102.93;97.778;101.874;
1900-01-01 12:28:48;99.0;1745720928;100.939;102.93;97.599;101.879;
1900-01-01 12:28:49;100.0;1745720929;100.939;102.976;97.627;101.879;
1900-01-01 12:28:50;101.0;1745720930;101.037;102.925;97.627;101.915;
1900-01-01 12:28:51;102.0;1745720931;100.99;102.925;97.66;101.891;
1900-01-01 12:28:52;103.0;1745720932;100.99;103.023;97.583;101.891;
1900-01-01 12:28:53;104.0;1745720933;101.085;102.975;97.583;102.008;
1900-01-01 12:28:54;105.0;1745720934;101.037;102.975;97.617;101.9;
1900-01-01 12:28:55;106.0;1745720935;101.037;103.04;97.621;101.91;
1900-01-01 12:28:56;107.0;1745720936;100.901;103.04;97.621;101.91;
1900-01-01 12:28:57;108.0;1745720937;100.901;102.919;97.616;101.914;
1900-01-01 12:28:58;109.0;1745720938;100.954;102.934;97.588;101.914;
1900-01-01 12:28:59;110.0;1745720939;101.011;102.934;97.588;101.978;
1900-01-01 12:29:00;111.0;1745720940;101.011;102.886;97.564;101.942;
1900-01-01 12:29:01;112.0;1745720941;100.957;102.896;97.587;101.942;
1900-01-01 12:29:03;113.0;1745720943;101.058;102.918;97.587;101.886;
1900-01-01 12:29:03;114.0;1745720943;101.058;102.918;97.52;101.837;
1900-01-01 12:29:04;115.0;1745720944;100.907;102.918;97.452;101.837;
1900-01-01 12:29:05;116.0;1745720945;100.898;102.918;97.452;101.913;
1900-01-01 12:29:06;117.0;1745720946;100.898;102.877;97.474;101.99;
1900-01-01 12:29:07;118.0;1745720947;100.882;103.049;97.474;101.99;
1900-01-01 12:29:08;119.0;1745720948;100.932;103.049;97.473;101.986;
1900-01-01 12:29:09;120.0;1745720949;100.932;102.869;97.401;101.931;
1900-01-01 12:29:10;121.0;1745720950;100.924;102.916;97.401;101.931;
1900-01-01 12:29:11;122.0;1745720951;100.917;102.916;97.462;101.923;
1900-01-01 12:29:12;123.0;1745720952;100.917;102.843;97.439;101.907;
1900-01-01 12:29:13;124.0;1745720953;100.953;102.904;97.561;101.907;
1900-01-01 12:29:14;125.0;1745720954;101.022;102.904;97.561;101.982;
1900-01-01 12:29:15;126.0;1745720955;101.022;102.935;97.489;101.914;
1900-01-01 12:29:16;127.0;1745720956;100.983;102.937;97.489;101.914;
1900-01-01 12:29:17;128.0;1745720957;100.967;102.937;97.533;102.071;
1900-01-01 12:29:18;129.0;1745720958;100.967;102.97;97.583;101.973;
1900-01-01 12:29:19;130.0;1745720959;100.923;102.939;97.571;101.973;
1900-01-01 12:29:20;131.0;1745720960;101.052;102.939;97.571;101.885;
1900-01-01 12:29:21;132.0;1745720961;101.052;102.96;97.508;101.968;
1900-01-01 12:29:22;133.0;1745720962;100.917;103.001;97.635;101.968;
1900-01-01 12:29:24;134.0;1745720964;101.012;103.001;97.635;102.006;
1900-01-01 12:29:24;135.0;1745720964;101.012;102.921;97.574;101.926;
1900-01-01 12:29:25;136.0;1745720965;101.093;102.945;97.574;101.926;
1900-01-01 12:29:27;137.0;1745720967;101.025;102.945;97.575;102.022;
1900-01-01 12:29:27;138.0;1745720967;101.025;102.986;97.636;102.022;
1900-01-01 12:29:28;139.0;1745720968;101.023;102.96;97.636;101.995;
1900-01-01 12:29:29;140.0;1745720969;101.076;102.96;97.647;101.96;
1900-01-01 12:29:30;141.0;1745720970;101.076;102.907;97.585;101.96;
1900-01-01 12:29:31;142.0;1745720971;100.977;102.881;97.585;101.944;
1900-01-01 12:29:32;143.0;1745720972;100.977;102.881;97.579;101.996;
1900-01-01 12:29:33;144.0;1745720973;100.982;102.965;97.495;101.996;
1900-01-01 12:29:34;145.0;1745720974;100.925;102.965;97.495;102.017;
1900-01-01 12:29:35;146.0;1745720975;100.925;103.004;97.48;101.945;
1900-01-01 12:29:36;147.0;1745720976;100.904;103.045;97.461;101.945;
1900-01-01 12:29:37;148.0;1745720977;100.865;103.045;97.461;102.013;
1900-01-01 12:29:38;149.0;1745720978;100.865;103.002;97.411;101.968;
1900-01-01 12:29:39;150.0;1745720979;100.959;102.982;97.438;101.968;
1900-01-01 12:29:40;151.0;1745720980;100.905;103.036;97.438;101.993;
1900-01-01 12:29:41;152.0;1745720981;100.905;103.036;97.479;101.997;
1900-01-01 12:29:42;153.0;1745720982;100.933;103.039;97.421;101.997;
1900-01-01 12:29:43;154.0;1745720983;100.879;103.039;97.421;101.947;
1900-01-01 12:29:44;155.0;1745720984;100.879;102.975;97.476;101.933;
1900-01-01 12:29:45;156.0;1745720985;100.92;102.968;97.561;101.933;
1900-01-01 12:29:46;157.0;1745720986;100.916;102.968;97.561;102.042;
1900-01-01 12:29:47;158.0;1745720987;100.916;103.044;97.488;101.921;
1900-01-01 12:29:48;159.0;1745720988;100.87;102.972;97.488;101.921;
1900-01-01 12:29:49;160.0;1745720989;100.87;102.972;97.441;102.049;
1900-01-01 12:29:50;161.0;1745720990;100.785;102.912;97.525;101.949;
1900-01-01 12:29:51;162.0;1745720991;100.858;102.949;97.525;101.949;
1900-01-01 12:29:52;163.0;1745720992;100.858;102.949;97.412;102.014;
1900-01-01 12:29:53;164.0;1745720993;100.98;103.009;97.5;102.014;
1900-01-01 12:29:54;165.0;1745720994;100.931;102.947;97.5;102.016;
1900-01-01 12:29:55;166.0;1745720995;100.931;102.947;97.371;102.002;
1900-01-01 12:29:56;167.0;1745720996;100.996;102.954;97.357;102.002;
1900-01-01 12:29:57;168.0;1745720997;100.933;102.982;97.357;101.986;
1900-01-01 12:29:58;169.0;1745720998;100.933;102.982;97.337;101.957;
1900-01-01 12:29:59;170.0;1745720999;100.964;102.897;97.342;101.957;
1900-01-01 12:30:00;171.0;1745721000;100.878;102.897;97.342;101.947;
1900-01-01 12:30:02;172.0;1745721002;100.878;102.896;97.383;101.996;
1900-01-01 12:30:02;173.0;1745721002;100.938;102.921;97.44;101.996;
1900-01-01 12:30:03;174.0;1745721003;100.962;102.921;97.44;102.004;
1900-01-01 12:30:04;175.0;1745721004;100.962;102.907;97.455;101.964;
1900-01-01 12:30:05;176.0;1745721005;100.914;102.882;97.519;101.964;
1900-01-01 12:30:06;177.0;1745721006;101.005;102.882;97.519;101.88;
1900-01-01 12:30:07;178.0;1745721007;101.005;103.012;97.536;101.932;
1900-01-01 12:30:08;179.0;1745721008;101.034;102.943;97.584;101.932;
1900-01-01 12:30:09;180.0;1745721009;100.969;102.943;97.584;101.928;
1900-01-01 12:30:10;181.0;1745721010;100.969;102.887;97.532;101.918;
1900-01-01 12:30:12;182.0;1745721012;100.996;102.912;97.532;101.918;
1900-01-01 12:30:12;183.0;1745721012;100.996;102.912;97.532;101.906;
1900-01-01 12:30:13;184.0;1745721013;100.983;102.889;97.38;101.912;
1900-01-01 12:30:14;185.0;1745721014;100.937;102.905;97.38;101.912;
1900-01-01 12:30:15;186.0;1745721015;100.937;102.905;97.319;101.844;
1900-01-01 12:30:16;187.0;1745721016;100.961;102.939;97.381;101.861;
1900-01-01 12:30:17;188.0;1745721017;100.893;102.873;97.381;101.861;
1900-01-01 12:30:18;189.0;1745721018;100.893;102.873;97.404;101.901;
1900-01-01 12:30:19;190.0;1745721019;100.796;102.914;97.421;101.901;
1900-01-01 12:30:20;191.0;1745721020;100.779;102.842;97.421;101.945;
1900-01-01 12:30:21;192.0;1745721021;100.779;102.842;97.493;101.944;
1900-01-01 12:30:22;193.0;1745721022;100.746;102.793;97.389;101.944;
1900-01-01 12:30:23;194.0;1745721023;100.714;102.793;97.389;102.018;
1900-01-01 12:30:24;195.0;1745721024;100.714;102.848;97.333;102.028;
1900-01-01 12:30:25;196.0;1745721025;100.726;102.871;97.236;102.028;
1900-01-01 12:30:26;197.0;1745721026;100.754;102.871;97.236;101.916;
1900-01-01 12:30:27;198.0;1745721027;100.754;102.883;97.339;101.95;
1900-01-01 12:30:28;199.0;1745721028;100.689;102.828;97.339;101.95;
1900-01-01 12:30:29;200.0;1745721029;100.776;102.828;97.383;101.961;
1900-01-01 12:30:30;201.0;1745721030;100.776;102.857;97.322;101.955;
1900-01-01 12:30:31;202.0;1745721031;100.813;102.927;97.322;101.955;
1900-01-01 12:30:32;203.0;1745721032;100.813;102.927;97.326;101.998;
1900-01-01 12:30:33;204.0;1745721033;100.846;102.942;97.388;101.998;
1900-01-01 12:30:34;205.0;1745721034;100.917;102.876;97.388;101.944;
1900-01-01 12:30:35;206.0;1745721035;100.991;102.876;97.385;101.953;
1900-01-01 12:30:36;207.0;1745721036;100.991;102.96;97.434;101.953;
1900-01-01 12:30:37;208.0;1745721037;100.833;102.963;97.434;101.975;
1900-01-01 12:30:38;209.0;1745721038;100.833;102.963;97.381;101.919;
1900-01-01 12:30:39;210.0;1745721039;100.888;102.994;97.378;101.919;
1900-01-01 12:30:40;211.0;1745721040;100.861;102.994;97.378;101.995;
1900-01-01 12:30:41;212.0;1745721041;100.861;102.917;97.374;101.951;
1900-01-01 12:30:42;213.0;1745721042;100.878;102.885;97.3;101.951;
1900-01-01 12:30:43;214.0;1745721043;100.87;102.885;97.3;101.99;
1900-01-01 12:30:44;215.0;1745721044;100.87;102.914;97.363;101.888;
1900-01-01 12:30:45;216.0;1745721045;100.765;102.916;97.214;101.888;
1900-01-01 12:30:47;217.0;1745721047;100.65;102.9;97.214;102.02;
1900-01-01 12:30:47;218.0;1745721047;100.65;102.9;97.207;101.93;
1900-01-01 12:30:48;219.0;1745721048;100.81;102.947;97.182;101.93;
1900-01-01 12:30:49;220.0;1745721049;100.81;102.947;97.182;101.895;
1900-01-01 12:30:50;221.0;1745721050;100.797;102.926;97.224;101.923;
1900-01-01 12:30:51;222.0;1745721051;100.81;103.069;97.224;101.923;
1900-01-01 12:30:53;223.0;1745721053;100.792;103.069;97.225;101.836;
1900-01-01 12:30:53;224.0;1745721053;100.792;102.9;97.18;101.836;
1900-01-01 12:30:54;225.0;1745721054;100.823;102.908;97.18;101.996;
1900-01-01 12:30:55;226.0;1745721055;100.914;102.908;97.229;101.989;
1900-01-01 12:30:56;227.0;1745721056;100.914;102.917;97.275;101.989;
1900-01-01 12:30:57;228.0;1745721057;100.851;102.991;97.275;101.938;
1900-01-01 12:30:58;229.0;1745721058;100.851;102.991;97.202;101.99;
1900-01-01 12:30:59;230.0;1745721059;100.88;102.935;97.218;101.99;
1900-01-01 12:31:00;231.0;1745721060;100.802;102.935;97.218;101.959;
1900-01-01 12:31:01;232.0;1745721061;100.802;102.958;97.307;101.933;
1900-01-01 12:31:02;233.0;1745721062;100.765;102.856;97.32;101.933;
1900-01-01 12:31:03;234.0;1745721063;100.753;102.856;97.32;101.975;
1900-01-01 12:31:04;235.0;1745721064;100.753;102.934;97.293;102.014;
1900-01-01 12:31:05;236.0;1745721065;100.76;102.979;97.293;102.014;
1900-01-01 12:31:06;237.0;1745721066;100.738;102.979;97.319;101.954;
1900-01-01 12:31:07;238.0;1745721067;100.738;103.008;97.194;101.968;
1900-01-01 12:31:08;239.0;1745721068;100.8;102.967;97.194;101.968;
1900-01-01 12:31:09;240.0;1745721069;100.79;102.967;97.21;101.968;
1900-01-01 12:31:10;241.0;1745721070;100.79;102.964;97.265;102.053;
1900-01-01 12:31:11;242.0;1745721071;100.785;103.019;97.265;102.053;
1900-01-01 12:31:12;243.0;1745721072;100.785;103.019;97.166;102.029;
1900-01-01 12:31:13;244.0;1745721073;100.764;103.027;97.178;101.918;
1900-01-01 12:31:14;245.0;1745721074;100.758;102.995;97.178;101.918;
1900-01-01 12:31:15;246.0;1745721075;100.758;102.995;97.14;102.03;
1900-01-01 12:31:16;247.0;1745721076;100.763;103.003;97.104;102.03;
1900-01-01 12:31:17;248.0;1745721077;100.737;102.954;97.104;102.022;
1900-01-01 12:31:19;249.0;1745721079;100.775;102.954;97.183;101.994;
1900-01-01 12:31:19;250.0;1745721079;100.775;102.991;97.243;101.994;
1900-01-01 12:31:20;251.0;1745721080;100.904;102.945;97.243;102.012;
1900-01-01 12:31:21;252.0;1745721081;100.904;102.945;97.19;101.955;
1900-01-01 12:31:22;253.0;1745721082;100.916;102.899;97.236;101.955;
1900-01-01 12:31:23;254.0;1745721083;100.896;102.893;97.236;101.966;
1900-01-01 12:31:24;255.0;1745721084;100.896;102.893;97.082;102.008;
1900-01-01 12:31:25;256.0;1745721085;100.888;102.94;97.083;102.008;
1900-01-01 12:31:26;257.0;1745721086;100.842;102.94;97.083;101.952;
1900-01-01 12:31:27;258.0;1745721087;100.842;102.961;97.134;101.98;
1900-01-01 12:31:28;259.0;1745721088;100.814;102.795;97.142;101.98;
1900-01-01 12:31:29;260.0;1745721089;100.898;102.795;97.142;102.056;
1900-01-01 12:31:30;261.0;1745721090;100.898;102.866;97.168;102.035;
1900-01-01 12:31:31;262.0;1745721091;100.83;102.863;97.168;102.035;
1900-01-01 12:31:32;263.0;1745721092;100.761;102.863;97.197;102.017;
1900-01-01 12:31:33;264.0;1745721093;100.761;102.748;97.029;101.981;
1900-01-01 12:31:34;265.0;1745721094;100.685;102.787;97.029;101.981;
1900-01-01 12:31:35;266.0;1745721095;100.725;102.787;97.003;101.993;
1900-01-01 12:31:36;267.0;1745721096;100.725;102.866;96.995;101.993;
1900-01-01 12:31:37;268.0;1745721097;100.605;102.855;96.995;101.975;
1900-01-01 12:31:38;269.0;1745721098;100.662;102.855;97.045;101.966;
1900-01-01 12:31:39;270.0;1745721099;100.662;102.908;97.081;101.966;
1900-01-01 12:31:40;271.0;1745721100;100.569;102.907;97.081;102.042;
1900-01-01 12:31:41;272.0;1745721101;100.674;102.907;97.135;101.952;
1900-01-01 12:31:42;273.0;1745721102;100.674;102.842;97.174;101.952;
1900-01-01 12:31:43;274.0;1745721103;100.691;102.841;97.174;102.012;
1900-01-01 12:31:44;275.0;1745721104;100.691;102.841;97.216;102.013;
1900-01-01 12:31:45;276.0;1745721105;100.72;102.846;97.206;102.013;
1900-01-01 12:31:46;277.0;1745721106;100.769;102.846;97.206;102.009;
1900-01-01 12:31:47;278.0;1745721107;100.769;102.874;97.187;101.988;
1900-01-01 12:31:48;279.0;1745721108;100.867;102.829;97.122;101.988;
1900-01-01 12:31:49;280.0;1745721109;100.859;102.829;97.122;102.05;
1900-01-01 12:31:50;281.0;1745721110;100.859;102.805;97.101;101.983;
1900-01-01 12:31:51;282.0;1745721111;100.809;102.852;97.059;101.983;
1900-01-01 12:31:52;283.0;1745721112;100.788;102.8;97.059;102.031;
1900-01-01 12:31:53;284.0;1745721113;100.788;102.8;97.05;101.991;
1900-01-01 12:31:54;285.0;1745721114;100.744;102.849;96.899;101.991;
1900-01-01 12:31:55;286.0;1745721115;100.8;102.849;96.899;102.02;
1900-01-01 12:31:56;287.0;1745721116;100.8;102.806;96.861;101.958;
1900-01-01 12:31:57;288.0;1745721117;100.696;102.821;96.956;101.958;
1900-01-01 12:31:58;289.0;1745721118;100.708;102.821;96.956;101.954;
1900-01-01 12:31:59;290.0;1745721119;100.708;102.893;96.928;101.985;
1900-01-01 12:32:00;291.0;1745721120;100.656;102.928;96.928;101.985;
1900-01-01 12:32:01;292.0;1745721121;100.656;102.928;96.892;102.093;
1900-01-01 12:32:02;293.0;1745721122;100.65;102.897;96.928;102.093;
1900-01-01 12:32:03;294.0;1745721123;100.629;102.86;96.928;102.064;
1900-01-01 12:32:04;295.0;1745721124;100.629;102.86;96.94;101.941;
1900-01-01 12:32:05;296.0;1745721125;100.562;102.936;97.052;101.941;
1900-01-01 12:32:06;297.0;1745721126;100.565;102.839;97.052;101.979;
1900-01-01 12:32:07;298.0;1745721127;100.565;102.839;97.085;102.043;
1900-01-01 12:32:08;299.0;1745721128;100.536;102.855;97.007;102.043;
1900-01-01 12:32:10;300.0;1745721130;100.605;102.803;97.007;101.994;
1900-01-01 12:32:10;301.0;1745721130;100.605;102.803;96.961;102.01;
1900-01-01 12:32:11;302.0;1745721131;100.658;102.716;96.9;102.01;
1900-01-01 12:32:12;303.0;1745721132;100.597;102.716;96.9;101.991;
1900-01-01 12:32:13;304.0;1745721133;100.597;102.799;96.895;102.068;
1900-01-01 12:32:14;305.0;1745721134;100.616;102.83;96.892;102.068;
1900-01-01 12:32:15;306.0;1745721135;100.705;102.83;96.892;101.939;
1900-01-01 12:32:16;307.0;1745721136;100.705;102.769;96.932;101.989;
1900-01-01 12:32:18;308.0;1745721138;100.642;102.826;96.921;101.989;
1900-01-01 12:32:18;309.0;1745721138;100.674;102.826;96.921;101.895;
1900-01-01 12:32:19;310.0;1745721139;100.674;102.833;96.962;101.969;
1900-01-01 12:32:20;311.0;1745721140;100.647;102.8;96.962;101.969;
1900-01-01 12:32:22;312.0;1745721142;100.576;102.8;96.952;102.075;
1900-01-01 12:32:22;313.0;1745721142;100.576;102.869;96.971;102.075;
1900-01-01 12:32:23;314.0;1745721143;100.564;102.834;96.971;101.948;
1900-01-01 12:32:24;315.0;1745721144;100.626;102.834;96.941;101.956;
1900-01-01 12:32:25;316.0;1745721145;100.626;103.021;96.99;101.956;
1900-01-01 12:32:26;317.0;1745721146;100.674;102.822;96.99;101.994;
1900-01-01 12:32:27;318.0;1745721147;100.674;102.822;96.94;101.968;
1900-01-01 12:32:28;319.0;1745721148;100.645;102.894;96.951;101.968;
1900-01-01 12:32:29;320.0;1745721149;100.673;102.93;96.951;101.987;
1900-01-01 12:32:30;321.0;1745721150;100.673;102.93;96.961;101.936;
1900-01-01 12:32:31;322.0;1745721151;100.663;102.9;97.043;101.936;
1900-01-01 12:32:32;323.0;1745721152;100.657;102.772;97.043;102.038;
1900-01-01 12:32:33;324.0;1745721153;100.657;102.772;96.98;101.986;
1900-01-01 12:32:34;325.0;1745721154;100.651;102.848;96.986;101.986;
1900-01-01 12:32:35;326.0;1745721155;100.707;102.84;96.986;101.877;
1900-01-01 12:32:36;327.0;1745721156;100.707;102.84;97.035;101.965;
1900-01-01 12:32:37;328.0;1745721157;100.711;102.82;97.023;101.965;
1900-01-01 12:32:39;329.0;1745721159;100.611;102.9;97.023;101.901;
1900-01-01 12:32:39;330.0;1745721159;100.611;102.9;96.903;101.964;
1900-01-01 12:32:40;331.0;1745721160;100.7;102.806;96.973;101.964;
1900-01-01 12:32:41;332.0;1745721161;100.68;102.806;96.973;101.963;
1900-01-01 12:32:42;333.0;1745721162;100.68;102.787;96.933;101.953;
1900-01-01 12:32:43;334.0;1745721163;100.644;102.815;96.933;101.953;
1900-01-01 12:32:45;335.0;1745721165;100.658;102.815;96.852;101.989;
1900-01-01 12:32:45;336.0;1745721165;100.658;102.692;96.94;102.031;
1900-01-01 12:32:46;337.0;1745721166;100.605;102.81;96.94;102.031;
1900-01-01 12:32:47;338.0;1745721167;100.605;102.81;96.908;102.024;
1900-01-01 12:32:48;339.0;1745721168;100.663;102.772;96.827;102.024;
1900-01-01 12:32:49;340.0;1745721169;100.585;102.743;96.827;101.965;
1900-01-01 12:32:50;341.0;1745721170;100.585;102.743;96.79;102.043;
1900-01-01 12:32:51;342.0;1745721171;100.483;102.742;96.757;102.043;
1900-01-01 12:32:52;343.0;1745721172;100.49;102.752;96.757;102.011;
1900-01-01 12:32:53;344.0;1745721173;100.49;102.752;96.797;102.063;
1900-01-01 12:32:54;345.0;1745721174;100.499;102.758;96.815;102.063;
1900-01-01 12:32:55;346.0;1745721175;100.527;102.758;96.815;102.07;
1900-01-01 12:32:56;347.0;1745721176;100.527;102.716;96.716;101.997;
1900-01-01 12:32:58;348.0;1745721178;100.573;102.729;96.731;101.997;
1900-01-01 12:32:58;349.0;1745721178;100.575;102.729;96.731;101.99;
1900-01-01 12:32:59;350.0;1745721179;100.575;102.699;96.757;102.089;
1900-01-01 12:33:00;351.0;1745721180;100.51;102.777;96.743;102.089;
1900-01-01 12:33:01;352.0;1745721181;100.521;102.777;96.743;101.973;
1900-01-01 12:33:02;353.0;1745721182;100.521;102.806;96.848;102.029;
1900-01-01 12:33:03;354.0;1745721183;100.556;102.845;96.848;102.029;
1900-01-01 12:33:04;355.0;1745721184;100.58;102.845;96.839;102.019;
1900-01-01 12:33:05;356.0;1745721185;100.58;102.807;96.747;101.955;
1900-01-01 12:33:06;357.0;1745721186;100.528;102.781;96.747;101.955;
1900-01-01 12:33:07;358.0;1745721187;100.561;102.781;96.736;102.073;
1900-01-01 12:33:08;359.0;1745721188;100.561;102.88;96.732;102.073;
1900-01-01 12:33:09;360.0;1745721189;100.612;102.838;96.732;101.957;
1900-01-01 12:33:11;361.0;1745721191;100.565;102.838;96.723;102.076;
1900-01-01 12:33:11;362.0;1745721191;100.565;102.818;96.799;102.076;
1900-01-01 12:33:12;363.0;1745721192;100.434;102.829;96.799;101.987;
1900-01-01 12:33:13;364.0;1745721193;100.434;102.829;96.769;102.048;
1900-01-01 12:33:14;365.0;1745721194;100.407;102.896;96.821;102.048;
1900-01-01 12:33:15;366.0;1745721195;100.544;102.896;96.821;101.936;
1900-01-01 12:33:16;367.0;1745721196;100.544;102.894;96.731;101.936;
1900-01-01 12:33:17;368.0;1745721197;100.575;102.795;96.705;101.936;
1900-01-01 12:33:18;369.0;1745721198;100.613;102.795;96.705;101.945;
1900-01-01 12:33:19;370.0;1745721199;100.613;102.948;96.651;101.984;
1900-01-01 12:33:20;371.0;1745721200;100.678;102.847;96.651;101.984;
1900-01-01 12:33:21;372.0;1745721201;100.599;102.847;96.807;101.965;
1900-01-01 12:33:22;373.0;1745721202;100.599;102.811;96.832;102.098;
1900-01-01 12:33:23;374.0;1745721203;100.616;102.796;96.832;102.098;
1900-01-01 12:33:24;375.0;1745721204;100.616;102.796;96.831;102.037;
1900-01-01 12:33:25;376.0;1745721205;100.705;102.783;96.806;102.044;
1900-01-01 12:33:26;377.0;1745721206;100.681;102.807;96.806;102.044;
1900-01-01 12:33:27;378.0;1745721207;100.681;102.807;96.805;101.996;
1900-01-01 12:33:28;379.0;1745721208;100.613;102.796;96.832;101.996;
1900-01-01 12:33:29;380.0;1745721209;100.619;102.819;96.832;102.019;
1900-01-01 12:33:30;381.0;1745721210;100.584;102.819;96.762;101.933;
1900-01-01 12:33:31;382.0;1745721211;100.584;102.837;96.681;101.933;
1900-01-01 12:33:32;383.0;1745721212;100.495;102.857;96.681;102.042;
1900-01-01 12:33:33;384.0;1745721213;100.495;102.857;96.64;101.955;
1900-01-01 12:33:34;385.0;1745721214;100.519;102.684;96.664;101.918;
1900-01-01 12:33:35;386.0;1745721215;100.503;102.684;96.664;101.918;
1900-01-01 12:33:36;387.0;1745721216;100.503;102.743;96.702;102.071;
1900-01-01 12:33:37;388.0;1745721217;100.414;102.807;96.676;102.071;
1900-01-01 12:33:38;389.0;1745721218;100.424;102.807;96.676;101.974;
1900-01-01 12:33:39;390.0;1745721219;100.424;102.728;96.603;101.991;
1900-01-01 12:33:40;391.0;1745721220;100.385;102.732;96.623;101.991;
1900-01-01 12:33:41;392.0;1745721221;100.397;102.732;96.623;101.986;
1900-01-01 12:33:42;393.0;1745721222;100.397;102.77;96.629;101.99;
1900-01-01 12:33:43;394.0;1745721223;100.34;102.78;96.5;101.99;
1900-01-01 12:33:44;395.0;1745721224;100.34;102.78;96.5;102.006;
1900-01-01 12:33:45;396.0;1745721225;100.34;102.765;96.483;101.987;
1900-01-01 12:33:46;397.0;1745721226;100.421;102.676;96.483;101.987;
1900-01-01 12:33:47;398.0;1745721227;100.421;102.676;96.495;102.005;
1900-01-01 12:33:48;399.0;1745721228;100.421;102.702;96.542;102.005;
1900-01-01 12:33:49;400.0;1745721229;100.375;102.69;96.542;101.973;
1900-01-01 12:33:50;401.0;1745721230;100.402;102.69;96.496;101.936;
1900-01-01 12:33:51;402.0;1745721231;100.402;102.784;96.571;101.978;
1900-01-01 12:33:52;403.0;1745721232;100.449;102.688;96.571;101.978;
1900-01-01 12:33:53;404.0;1745721233;100.449;102.688;96.613;101.925;
1900-01-01 12:33:54;405.0;1745721234;100.464;102.684;96.733;101.925;
1900-01-01 12:33:55;406.0;1745721235;100.314;102.775;96.733;101.91;
1900-01-01 12:33:56;407.0;1745721236;100.314;102.775;96.659;101.961;
1900-01-01 12:33:57;408.0;1745721237;100.402;102.789;96.621;101.961;
1900-01-01 12:33:58;409.0;1745721238;100.412;102.789;96.621;101.951;
1900-01-01 12:33:59;410.0;1745721239;100.412;102.811;96.591;101.911;
1900-01-01 12:34:00;411.0;1745721240;100.362;102.749;96.685;101.911;
1900-01-01 12:34:01;412.0;1745721241;100.376;102.749;96.685;101.954;
1900-01-01 12:34:02;413.0;1745721242;100.376;102.82;96.614;101.977;
1900-01-01 12:34:03;414.0;1745721243;100.375;102.813;96.611;101.977;
1900-01-01 12:34:04;415.0;1745721244;100.377;102.813;96.611;101.983;
1900-01-01 12:34:05;416.0;1745721245;100.377;102.814;96.572;101.964;
1900-01-01 12:34:06;417.0;1745721246;100.377;102.714;96.549;101.964;
1900-01-01 12:34:07;418.0;1745721247;100.371;102.717;96.549;102.022;
1900-01-01 12:34:08;419.0;1745721248;100.371;102.717;96.597;101.954;
1900-01-01 12:34:09;420.0;1745721249;100.459;102.702;96.529;101.954;
1900-01-01 12:34:10;421.0;1745721250;100.48;102.702;96.529;102.023;
1900-01-01 12:34:11;422.0;1745721251;100.48;102.731;96.562;101.997;
1900-01-01 12:34:12;423.0;1745721252;100.492;102.745;96.55;101.997;
1900-01-01 12:34:13;424.0;1745721253;100.487;102.745;96.55;101.997;
1900-01-01 12:34:14;425.0;1745721254;100.487;102.696;96.423;102.062;
1900-01-01 12:34:15;426.0;1745721255;100.483;102.709;96.465;102.062;
1900-01-01 12:34:16;427.0;1745721256;100.501;102.709;96.465;102.041;
1900-01-01 12:34:17;428.0;1745721257;100.501;102.8;96.48;102.06;
1900-01-01 12:34:18;429.0;1745721258;100.505;102.697;96.48;102.06;
1900-01-01 12:34:19;430.0;1745721259;100.46;102.697;96.445;102.087;
1900-01-01 12:34:20;431.0;1745721260;100.46;102.727;96.501;102.014;
1900-01-01 12:34:21;432.0;1745721261;100.348;102.805;96.539;102.014;
1900-01-01 12:34:22;433.0;1745721262;100.479;102.805;96.539;101.967;
1900-01-01 12:34:23;434.0;1745721263;100.479;102.664;96.539;102.015;
1900-01-01 12:34:24;435.0;1745721264;100.517;102.721;96.539;102.015;
1900-01-01 12:34:25;436.0;1745721265;100.513;102.721;96.507;102.022;
1900-01-01 12:34:26;437.0;1745721266;100.513;102.804;96.459;102.022;
1900-01-01 12:34:27;438.0;1745721267;100.356;102.743;96.459;102.023;
1900-01-01 12:34:28;439.0;1745721268;100.367;102.743;96.52;102.055;
1900-01-01 12:34:29;440.0;1745721269;100.367;102.743;96.556;102.038;
1900-01-01 12:34:30;441.0;1745721270;100.306;102.693;96.556;102.038;
1900-01-01 12:34:31;442.0;1745721271;100.415;102.693;96.563;102.035;
1900-01-01 12:34:32;443.0;1745721272;100.415;102.73;96.479;102.023;
1900-01-01 12:34:33;444.0;1745721273;100.346;102.649;96.479;102.023;
1900-01-01 12:34:34;445.0;1745721274;100.346;102.649;96.409;101.999;
1900-01-01 12:34:35;446.0;1745721275;100.379;102.644;96.379;101.999;
1900-01-01 12:34:36;447.0;1745721276;100.272;102.695;96.379;101.999;
1900-01-01 12:34:37;448.0;1745721277;100.361;102.695;96.341;102.036;
1900-01-01 12:34:38;449.0;1745721278;100.361;102.749;96.249;102.036;
1900-01-01 12:34:39;450.0;1745721279;100.444;102.643;96.249;102.007;
1900-01-01 12:34:40;451.0;1745721280;100.444;102.643;96.331;102.036;
1900-01-01 12:34:41;452.0;1745721281;100.417;102.669;96.33;101.986;
1900-01-01 12:34:42;453.0;1745721282;100.369;102.649;96.33;101.986;
1900-01-01 12:34:43;454.0;1745721283;100.369;102.649;96.355;102.003;
1900-01-01 12:34:44;455.0;1745721284;100.382;102.705;96.412;102.003;
1900-01-01 12:34:45;456.0;1745721285;100.415;102.705;96.412;101.93;
1900-01-01 12:34:46;457.0;1745721286;100.415;102.622;96.565;102.029;
1900-01-01 12:34:47;458.0;1745721287;100.316;102.62;96.475;102.029;
1900-01-01 12:34:48;459.0;1745721288;100.334;102.62;96.475;102.024;
1900-01-01 12:34:49;460.0;1745721289;100.334;102.571;96.419;101.977;
1900-01-01 12:34:51;461.0;1745721291;100.353;102.619;96.439;101.977;
1900-01-01 12:34:51;462.0;1745721291;100.389;102.619;96.439;102.111;
1900-01-01 12:34:52;463.0;1745721292;100.389;102.619;96.379;101.953;
1900-01-01 12:34:53;464.0;1745721293;100.325;102.633;96.371;101.953;
1900-01-01 12:34:54;465.0;1745721294;100.325;102.633;96.371;102.1;
1900-01-01 12:34:55;466.0;1745721295;100.354;102.606;96.404;102.013;
1900-01-01 12:34:56;467.0;1745721296;100.431;102.571;96.404;102.013;
1900-01-01 12:34:58;468.0;1745721298;100.335;102.571;96.361;102.013;
1900-01-01 12:34:58;469.0;1745721298;100.335;102.568;96.329;102.013;
1900-01-01 12:34:59;470.0;1745721299;100.5;102.698;96.329;102.037;
1900-01-01 12:35:01;471.0;1745721301;100.314;102.698;96.238;102.013;
1900-01-01 12:35:01;472.0;1745721301;100.314;102.682;96.214;102.013;
1900-01-01 12:35:02;473.0;1745721302;100.35;102.643;96.214;101.932;
1900-01-01 12:35:03;474.0;1745721303;100.35;102.643;96.245;101.943;
1900-01-01 12:35:04;475.0;1745721304;100.34;102.688;96.21;101.943;
1900-01-01 12:35:05;476.0;1745721305;100.268;102.688;96.21;102.039;
1900-01-01 12:35:06;477.0;1745721306;100.268;102.624;96.28;101.971;
1900-01-01 12:35:07;478.0;1745721307;100.285;102.595;96.3;101.971;
1900-01-01 12:35:08;479.0;1745721308;100.342;102.661;96.3;102.002;
1900-01-01 12:35:09;480.0;1745721309;100.342;102.661;96.292;102.041;
1900-01-01 12:35:10;481.0;1745721310;100.329;102.674;96.33;102.041;
1900-01-01 12:35:11;482.0;1745721311;100.379;102.674;96.33;102.076;
1900-01-01 12:35:12;483.0;1745721312;100.379;102.586;96.387;101.964;
1900-01-01 12:35:13;484.0;1745721313;100.378;102.634;96.387;101.964;
1900-01-01 12:35:14;485.0;1745721314;100.452;102.634;96.364;101.997;
1900-01-01 12:35:15;486.0;1745721315;100.452;102.648;96.385;102.102;
1900-01-01 12:35:16;487.0;1745721316;100.418;102.685;96.385;102.102;
1900-01-01 12:35:17;488.0;1745721317;100.43;102.685;96.285;102.055;
1900-01-01 12:35:18;489.0;1745721318;100.43;102.632;96.251;101.99;
1900-01-01 12:35:19;490.0;1745721319;100.248;102.647;96.251;101.99;
1900-01-01 12:35:20;491.0;1745721320;100.347;102.647;96.263;102.057;
1900-01-01 12:35:21;492.0;1745721321;100.347;102.584;96.255;102.057;
1900-01-01 12:35:22;493.0;1745721322;100.431;102.603;96.255;102.047;
1900-01-01 12:35:23;494.0;1745721323;100.22;102.603;96.267;101.982;
1900-01-01 12:35:24;495.0;1745721324;100.22;102.701;96.209;101.982;
1900-01-01 12:35:25;496.0;1745721325;100.288;102.62;96.209;102.011;
1900-01-01 12:35:27;497.0;1745721327;100.252;102.62;96.18;101.982;
1900-01-01 12:35:27;498.0;1745721327;100.252;102.622;96.201;101.982;
1900-01-01 12:35:28;499.0;1745721328;100.237;102.713;96.201;101.978;
1900-01-01 12:35:29;500.0;1745721329;100.237;102.713;96.202;102.08;
1900-01-01 12:35:30;501.0;1745721330;100.148;102.709;96.173;102.08;
1900-01-01 12:35:31;502.0;1745721331;100.107;102.621;96.173;102.104;
1900-01-01 12:35:32;503.0;1745721332;100.107;102.621;96.282;102.073;
1900-01-01 12:35:33;504.0;1745721333;100.108;102.597;96.281;102.073;
1900-01-01 12:35:34;505.0;1745721334;100.096;102.597;96.281;102.12;
1900-01-01 12:35:35;506.0;1745721335;100.096;102.547;96.14;101.998;
1900-01-01 12:35:36;507.0;1745721336;100.074;102.585;96.14;101.998;
1900-01-01 12:35:37;508.0;1745721337;100.09;102.585;96.244;102.074;
1900-01-01 12:35:38;509.0;1745721338;100.09;102.595;96.166;102.034;
1900-01-01 12:35:39;510.0;1745721339;100.146;102.609;96.147;102.034;
1900-01-01 12:35:40;511.0;1745721340;100.161;102.609;96.147;102.067;
1900-01-01 12:35:41;512.0;1745721341;100.161;102.58;96.156;102.064;
1900-01-01 12:35:42;513.0;1745721342;100.112;102.48;96.123;102.064;
1900-01-01 12:35:43;514.0;1745721343;100.153;102.48;96.123;102.129;
1900-01-01 12:35:44;515.0;1745721344;100.153;102.44;96.18;101.963;
1900-01-01 12:35:45;516.0;1745721345;100.121;102.559;96.18;101.963;
1900-01-01 12:35:46;517.0;1745721346;100.199;102.559;96.193;101.989;
1900-01-01 12:35:47;518.0;1745721347;100.199;102.595;96.099;101.989;
1900-01-01 12:35:48;519.0;1745721348;100.165;102.478;96.099;102.051;
1900-01-01 12:35:49;520.0;1745721349;100.202;102.478;96.067;102.142;
1900-01-01 12:35:50;521.0;1745721350;100.202;102.511;96.089;102.142;
1900-01-01 12:35:51;522.0;1745721351;100.267;102.545;96.089;101.946;
1900-01-01 12:35:52;523.0;1745721352;100.165;102.545;96.091;101.973;
1900-01-01 12:35:53;524.0;1745721353;100.165;102.493;96.025;101.973;
1900-01-01 12:35:54;525.0;1745721354;100.263;102.534;96.025;102.007;
1900-01-01 12:35:55;526.0;1745721355;100.263;102.534;96.036;102.058;
1900-01-01 12:35:56;527.0;1745721356;100.323;102.588;95.999;102.058;
1900-01-01 12:35:57;528.0;1745721357;100.313;102.588;95.999;102.028;
1900-01-01 12:35:58;529.0;1745721358;100.313;102.529;96.097;102.006;
1900-01-01 12:35:59;530.0;1745721359;100.312;102.515;96.058;102.006;
1900-01-01 12:36:00;531.0;1745721360;100.3;102.515;96.058;101.972;
1900-01-01 12:36:01;532.0;1745721361;100.3;102.434;96.069;101.995;
1900-01-01 12:36:02;533.0;1745721362;100.314;102.449;96.016;101.995;
1900-01-01 12:36:03;534.0;1745721363;100.317;102.449;96.016;101.965;
1900-01-01 12:36:04;535.0;1745721364;100.317;102.476;96.111;102.149;
1900-01-01 12:36:05;536.0;1745721365;100.244;102.499;96.111;102.149;
1900-01-01 12:36:06;537.0;1745721366;100.193;102.499;96.119;102.054;
1900-01-01 12:36:07;538.0;1745721367;100.193;102.421;96.224;102.017;
1900-01-01 12:36:08;539.0;1745721368;100.235;102.457;96.224;102.017;
1900-01-01 12:36:10;540.0;1745721370;100.225;102.457;96.121;102.131;
1900-01-01 12:36:10;541.0;1745721370;100.225;102.466;96.052;102.131;
1900-01-01 12:36:11;542.0;1745721371;100.137;102.497;96.052;101.977;
1900-01-01 12:36:13;543.0;1745721373;100.171;102.497;96.023;101.948;
1900-01-01 12:36:13;544.0;1745721373;100.171;102.48;96.002;101.948;
1900-01-01 12:36:14;545.0;1745721374;100.232;102.432;96.002;101.906;
1900-01-01 12:36:15;546.0;1745721375;100.139;102.432;95.925;102.008;
1900-01-01 12:36:16;547.0;1745721376;100.139;102.485;95.974;102.008;
1900-01-01 12:36:17;548.0;1745721377;100.179;102.485;95.974;102.004;
1900-01-01 12:36:18;549.0;1745721378;100.179;102.485;96.027;102.061;
1900-01-01 12:36:19;550.0;1745721379;100.096;102.462;96.073;102.061;
1900-01-01 12:36:20;551.0;1745721380;100.092;102.4;96.073;102.012;
1900-01-01 12:36:21;552.0;1745721381;100.092;102.4;96.03;101.995;
1900-01-01 12:36:22;553.0;1745721382;100.195;102.489;95.942;101.995;
1900-01-01 12:36:23;554.0;1745721383;100.075;102.489;95.942;102.104;
1900-01-01 12:36:24;555.0;1745721384;100.075;102.429;95.825;102.073;
1900-01-01 12:36:25;556.0;1745721385;100.113;102.506;95.806;102.073;
1900-01-01 12:36:26;557.0;1745721386;100.067;102.506;95.806;102.08;
1900-01-01 12:36:27;558.0;1745721387;100.067;102.506;95.906;101.986;
1900-01-01 12:36:28;559.0;1745721388;99.996;102.448;95.865;101.986;
1900-01-01 12:36:29;560.0;1745721389;100.07;102.448;95.865;102.011;
1900-01-01 12:36:30;561.0;1745721390;100.07;102.588;95.906;102.11;
1900-01-01 12:36:31;562.0;1745721391;100.04;102.513;95.906;102.11;
1900-01-01 12:36:32;563.0;1745721392;100.1;102.513;95.879;102.039;
1900-01-01 12:36:33;564.0;1745721393;100.1;102.491;95.948;102.039;
1900-01-01 12:36:34;565.0;1745721394;100.095;102.554;95.948;102.1;
1900-01-01 12:36:36;566.0;1745721396;100.083;102.554;95.959;102.118;
1900-01-01 12:36:36;567.0;1745721396;100.083;102.498;95.993;102.118;
1900-01-01 12:36:37;568.0;1745721397;100.044;102.521;95.993;102.026;
1900-01-01 12:36:39;569.0;1745721399;100.083;102.521;96.104;102.029;
1900-01-01 12:36:39;570.0;1745721399;100.083;102.529;96.054;102.029;
1900-01-01 12:36:40;571.0;1745721400;100.098;102.48;96.054;102.148;
1900-01-01 12:36:41;572.0;1745721401;100.098;102.48;96.059;102.023;
1900-01-01 12:36:42;573.0;1745721402;100.096;102.573;95.979;102.023;
1900-01-01 12:36:43;574.0;1745721403;100.055;102.573;95.979;101.985;
1900-01-01 12:36:44;575.0;1745721404;100.055;102.491;95.946;102.019;
1900-01-01 12:36:45;576.0;1745721405;100.066;102.528;95.946;102.019;
1900-01-01 12:36:46;577.0;1745721406;100.015;102.528;95.938;102.045;
1900-01-01 12:36:47;578.0;1745721407;100.015;102.524;95.906;102.129;
1900-01-01 12:36:48;579.0;1745721408;100.01;102.563;95.846;102.129;
1900-01-01 12:36:49;580.0;1745721409;100.087;102.563;95.846;102.016;
1900-01-01 12:36:50;581.0;1745721410;100.087;102.471;95.755;102.073;
1900-01-01 12:36:51;582.0;1745721411;100.079;102.41;95.755;102.073;
1900-01-01 12:36:52;583.0;1745721412;100.126;102.41;95.685;102.063;
1900-01-01 12:36:53;584.0;1745721413;100.126;102.458;95.661;102.06;
1900-01-01 12:36:54;585.0;1745721414;100.13;102.421;95.661;102.06;
1900-01-01 12:36:55;586.0;1745721415;100.027;102.421;95.644;102.017;
1900-01-01 12:36:56;587.0;1745721416;100.027;102.454;95.643;102.017;
1900-01-01 12:36:57;588.0;1745721417;100.085;102.384;95.643;102.002;
1900-01-01 12:36:58;589.0;1745721418;100.033;102.384;95.708;102.048;
1900-01-01 12:36:59;590.0;1745721419;100.033;102.423;95.728;102.048;
1900-01-01 12:37:00;591.0;1745721420;100.053;102.365;95.728;102.121;
1900-01-01 12:37:01;592.0;1745721421;100.053;102.365;95.732;102.02;
1900-01-01 12:37:02;593.0;1745721422;100.054;102.492;95.734;102.02;
1900-01-01 12:37:03;594.0;1745721423;99.997;102.492;95.734;102.024;
1900-01-01 12:37:04;595.0;1745721424;99.997;102.47;95.776;102.096;
1900-01-01 12:37:05;596.0;1745721425;100.049;102.422;95.829;102.096;
1900-01-01 12:37:06;597.0;1745721426;100.01;102.422;95.829;101.98;
1900-01-01 12:37:07;598.0;1745721427;100.01;102.468;95.836;102.043;
1900-01-01 12:37:08;599.0;1745721428;99.927;102.469;95.836;102.043;
1900-01-01 12:37:09;600.0;1745721429;99.999;102.469;95.715;102.008;
1900-01-01 12:37:10;601.0;1745721430;99.999;102.496;95.793;102.137;
1900-01-01 12:37:11;602.0;1745721431;99.978;102.4;95.793;102.137;
1900-01-01 12:37:12;603.0;1745721432;100.009;102.4;95.786;102.015;
1900-01-01 12:37:13;604.0;1745721433;100.009;102.414;95.712;102.108;
1900-01-01 12:37:14;605.0;1745721434;100.016;102.418;95.712;102.108;
1900-01-01 12:37:15;606.0;1745721435;100.016;102.418;95.781;102.105;
1900-01-01 12:37:16;607.0;1745721436;99.97;102.357;95.814;102.069;
1900-01-01 12:37:17;608.0;1745721437;99.961;102.375;95.814;102.069;
1900-01-01 12:37:18;609.0;1745721438;99.961;102.375;95.738;102.023;
1900-01-01 12:37:19;610.0;1745721439;99.947;102.471;95.641;102.023;
1900-01-01 12:37:20;611.0;1745721440;99.968;102.471;95.641;102.044;
1900-01-01 12:37:21;612.0;1745721441;99.968;102.389;95.571;102.084;
1900-01-01 12:37:22;613.0;1745721442;100.078;102.433;95.55;102.084;
1900-01-01 12:37:24;614.0;1745721444;100.071;102.421;95.55;102.137;
1900-01-01 12:37:24;615.0;1745721444;100.071;102.421;95.55;102.001;
1900-01-01 12:37:25;616.0;1745721445;100.095;102.451;95.463;102.001;
1900-01-01 12:37:26;617.0;1745721446;100.104;102.43;95.463;102.158;
1900-01-01 12:37:28;618.0;1745721448;100.104;102.43;95.448;102.006;
1900-01-01 12:37:28;619.0;1745721448;99.99;102.392;95.448;102.006;
1900-01-01 12:37:29;620.0;1745721449;100.03;102.392;95.488;101.987;
1900-01-01 12:37:30;621.0;1745721450;100.03;102.424;95.522;102.084;
1900-01-01 12:37:31;622.0;1745721451;99.964;102.423;95.523;102.084;
1900-01-01 12:37:32;623.0;1745721452;99.958;102.423;95.523;102.063;
1900-01-01 12:37:33;624.0;1745721453;99.958;102.396;95.457;102.063;
1900-01-01 12:37:34;625.0;1745721454;99.923;102.415;95.457;102.063;
1900-01-01 12:37:35;626.0;1745721455;99.904;102.415;95.472;102.082;
1900-01-01 12:37:36;627.0;1745721456;99.904;102.445;95.54;102.007;
1900-01-01 12:37:37;628.0;1745721457;99.916;102.45;95.54;102.007;
1900-01-01 12:37:38;629.0;1745721458;99.916;102.45;95.507;102.069;
1900-01-01 12:37:39;630.0;1745721459;99.933;102.449;95.457;101.948;
1900-01-01 12:37:40;631.0;1745721460;100.015;102.356;95.457;101.948;
1900-01-01 12:37:41;632.0;1745721461;100.015;102.356;95.387;101.919;
1900-01-01 12:37:43;633.0;1745721463;99.933;102.322;95.373;101.919;
1900-01-01 12:37:43;634.0;1745721463;99.948;102.322;95.373;101.914;
1900-01-01 12:37:44;635.0;1745721464;99.948;102.385;95.41;101.99;
1900-01-01 12:37:45;636.0;1745721465;100.017;102.384;95.336;101.99;
1900-01-01 12:37:46;637.0;1745721466;99.948;102.384;95.336;102.026;
1900-01-01 12:37:47;638.0;1745721467;99.948;102.446;95.34;102.119;
1900-01-01 12:37:49;639.0;1745721469;100.081;102.375;95.436;102.119;
1900-01-01 12:37:49;640.0;1745721469;100.064;102.375;95.436;102.049;
1900-01-01 12:37:50;641.0;1745721470;100.064;102.32;95.426;102.054;
1900-01-01 12:37:52;642.0;1745721472;99.913;102.313;95.471;102.054;
1900-01-01 12:37:52;643.0;1745721472;99.913;102.313;95.471;102.026;
1900-01-01 12:37:53;644.0;1745721473;99.895;102.384;95.419;102.045;
1900-01-01 12:37:54;645.0;1745721474;99.805;102.335;95.419;102.045;
1900-01-01 12:37:56;646.0;1745721476;99.921;102.335;95.431;102.057;
1900-01-01 12:37:56;647.0;1745721476;99.921;102.338;95.412;102.057;
1900-01-01 12:37:57;648.0;1745721477;99.871;102.331;95.412;102.06;
1900-01-01 12:37:59;649.0;1745721479;99.774;102.331;95.457;101.967;
1900-01-01 12:37:59;650.0;1745721479;99.774;102.378;95.535;101.967;
1900-01-01 12:38:00;651.0;1745721480;99.867;102.321;95.535;102.08;
1900-01-01 12:38:01;652.0;1745721481;99.867;102.321;95.524;102.131;
1900-01-01 12:38:02;653.0;1745721482;99.897;102.247;95.51;102.131;
1900-01-01 12:38:03;654.0;1745721483;99.843;102.383;95.51;102.094;
1900-01-01 12:38:04;655.0;1745721484;99.843;102.383;95.606;102.02;
1900-01-01 12:38:05;656.0;1745721485;99.876;102.285;95.476;102.02;
1900-01-01 12:38:06;657.0;1745721486;99.922;102.285;95.476;101.964;
1900-01-01 12:38:07;658.0;1745721487;99.922;102.282;95.467;102.097;
1900-01-01 12:38:08;659.0;1745721488;99.972;102.36;95.467;102.097;
1900-01-01 12:38:09;660.0;1745721489;99.838;102.36;95.413;102.113;
1900-01-01 12:38:10;661.0;1745721490;99.838;102.356;95.363;102.044;
1900-01-01 12:38:11;662.0;1745721491;99.78;102.211;95.204;102.044;
1900-01-01 12:38:12;663.0;1745721492;99.849;102.211;95.204;102.01;
1900-01-01 12:38:13;664.0;1745721493;99.849;102.284;95.277;102.113;
1900-01-01 12:38:14;665.0;1745721494;99.877;102.276;95.277;102.113;
1900-01-01 12:38:16;666.0;1745721496;99.926;102.276;95.395;102.108;
1900-01-01 12:38:16;667.0;1745721496;99.926;102.301;95.505;102.044;
1900-01-01 12:38:17;668.0;1745721497;99.986;102.304;95.505;102.044;
1900-01-01 12:38:19;669.0;1745721499;100.001;102.304;95.579;102.075;
1900-01-01 12:38:19;670.0;1745721499;100.001;102.402;95.592;102.075;
1900-01-01 12:38:20;671.0;1745721500;99.962;102.422;95.592;102.136;
1900-01-01 12:38:21;672.0;1745721501;100.09;102.422;95.558;102.169;
1900-01-01 12:38:22;673.0;1745721502;100.09;102.44;95.583;102.169;
1900-01-01 12:38:23;674.0;1745721503;99.938;102.44;95.583;102.125;
1900-01-01 12:38:24;675.0;1745721504;99.938;102.365;95.596;102.031;
1900-01-01 12:38:25;676.0;1745721505;99.941;102.453;95.48;102.031;
1900-01-01 12:38:26;677.0;1745721506;99.957;102.453;95.48;102.099;
1900-01-01 12:38:27;678.0;1745721507;99.957;102.388;95.34;102.05;
1900-01-01 12:38:28;679.0;1745721508;99.757;102.287;95.361;102.05;
1900-01-01 12:38:29;680.0;1745721509;99.784;102.287;95.361;102.116;
1900-01-01 12:38:30;681.0;1745721510;99.784;102.383;95.329;101.979;
1900-01-01 12:38:31;682.0;1745721511;99.713;102.321;95.329;101.979;
1900-01-01 12:38:32;683.0;1745721512;99.695;102.321;95.299;102.092;
1900-01-01 12:38:33;684.0;1745721513;99.695;102.365;95.273;101.999;
1900-01-01 12:38:34;685.0;1745721514;99.659;102.418;95.273;101.999;
1900-01-01 12:38:35;686.0;1745721515;99.663;102.418;95.195;102.116;
1900-01-01 12:38:36;687.0;1745721516;99.663;102.407;95.223;102.054;
1900-01-01 12:38:37;688.0;1745721517;99.742;102.293;95.174;102.054;
1900-01-01 12:38:38;689.0;1745721518;99.782;102.293;95.174;102.092;
1900-01-01 12:38:39;690.0;1745721519;99.782;102.304;95.098;102.193;
1900-01-01 12:38:41;691.0;1745721521;99.738;102.403;95.125;102.193;
1900-01-01 12:38:41;692.0;1745721521;99.714;102.403;95.125;102.161;
1900-01-01 12:38:42;693.0;1745721522;99.714;102.391;95.173;102.154;
1900-01-01 12:38:43;694.0;1745721523;99.787;102.21;95.173;102.154;
1900-01-01 12:38:44;695.0;1745721524;99.787;102.21;95.261;102.084;
1900-01-01 12:38:45;696.0;1745721525;99.61;102.226;95.222;102.082;
1900-01-01 12:38:46;697.0;1745721526;99.739;102.292;95.222;102.082;
1900-01-01 12:38:47;698.0;1745721527;99.739;102.292;95.242;102.207;
1900-01-01 12:38:48;699.0;1745721528;99.695;102.23;95.162;102.207;
1900-01-01 12:38:49;700.0;1745721529;99.66;102.23;95.162;102.143;
1900-01-01 12:38:50;701.0;1745721530;99.66;102.251;95.143;102.139;
1900-01-01 12:38:51;702.0;1745721531;99.698;102.162;95.107;102.139;
1900-01-01 12:38:52;703.0;1745721532;99.714;102.162;95.107;102.02;
1900-01-01 12:38:53;704.0;1745721533;99.714;102.3;95.174;102.058;
1900-01-01 12:38:54;705.0;1745721534;99.745;102.239;95.24;102.058;
1900-01-01 12:38:55;706.0;1745721535;99.783;102.239;95.24;102.103;
1900-01-01 12:38:56;707.0;1745721536;99.783;102.176;95.214;102.076;
1900-01-01 12:38:57;708.0;1745721537;99.804;102.187;95.214;102.076;
1900-01-01 12:38:58;709.0;1745721538;99.796;102.187;95.232;102.02;
1900-01-01 12:38:59;710.0;1745721539;99.796;102.272;95.209;102.02;
1900-01-01 12:39:00;711.0;1745721540;99.733;102.172;95.209;102.069;
1900-01-01 12:39:01;712.0;1745721541;99.733;102.172;95.285;102.07;
1900-01-01 12:39:02;713.0;1745721542;99.76;102.156;95.152;102.07;
1900-01-01 12:39:04;714.0;1745721544;99.801;102.25;95.152;102.063;
1900-01-01 12:39:04;715.0;1745721544;99.801;102.25;95.055;102.155;
1900-01-01 12:39:05;716.0;1745721545;99.838;102.19;95.058;102.155;
1900-01-01 12:39:07;717.0;1745721547;99.81;102.271;95.058;102.162;
1900-01-01 12:39:07;718.0;1745721547;99.81;102.271;95.078;102.051;
1900-01-01 12:39:08;719.0;1745721548;99.787;102.24;94.976;102.051;
1900-01-01 12:39:09;720.0;1745721549;99.802;102.221;94.976;102.058;
1900-01-01 12:39:10;721.0;1745721550;99.802;102.221;95.008;102.136;
1900-01-01 12:39:11;722.0;1745721551;99.735;102.209;94.999;102.136;
1900-01-01 12:39:12;723.0;1745721552;99.709;102.209;94.999;102.074;
1900-01-01 12:39:13;724.0;1745721553;99.709;102.238;95.001;102.086;
1900-01-01 12:39:14;725.0;1745721554;99.684;102.271;94.999;102.086;
1900-01-01 12:39:15;726.0;1745721555;99.679;102.28;94.999;102.135;
1900-01-01 12:39:16;727.0;1745721556;99.679;102.28;95.107;102.122;
1900-01-01 12:39:17;728.0;1745721557;99.736;102.251;95.121;102.122;
1900-01-01 12:39:18;729.0;1745721558;99.698;102.251;95.121;102.151;
1900-01-01 12:39:19;730.0;1745721559;99.698;102.275;95.063;102.032;
1900-01-01 12:39:20;731.0;1745721560;99.654;102.266;95.192;102.032;
1900-01-01 12:39:22;732.0;1745721562;99.658;102.283;95.192;102.024;
1900-01-01 12:39:22;733.0;1745721562;99.658;102.283;95.236;102.032;
1900-01-01 12:39:23;734.0;1745721563;99.596;102.298;95.102;102.032;
1900-01-01 12:39:24;735.0;1745721564;99.675;102.298;95.102;102.083;
1900-01-01 12:39:25;736.0;1745721565;99.675;102.298;95.024;102.011;
1900-01-01 12:39:26;737.0;1745721566;99.664;102.345;95.024;102.011;
1900-01-01 12:39:27;738.0;1745721567;99.712;102.345;95.077;102.1;
1900-01-01 12:39:28;739.0;1745721568;99.712;102.201;95.142;102.101;
1900-01-01 12:39:29;740.0;1745721569;99.59;102.3;95.142;102.101;
1900-01-01 12:39:30;741.0;1745721570;99.606;102.3;95.052;102.107;
1900-01-01 12:39:31;742.0;1745721571;99.606;102.256;95.138;102.107;
1900-01-01 12:39:32;743.0;1745721572;99.592;102.185;95.138;102.078;
1900-01-01 12:39:34;744.0;1745721574;99.547;102.185;95.133;102.146;
1900-01-01 12:39:34;745.0;1745721574;99.547;102.261;95.197;102.146;
1900-01-01 12:39:35;746.0;1745721575;99.54;102.228;95.197;102.169;
1900-01-01 12:39:36;747.0;1745721576;99.586;102.228;95.053;102.039;
1900-01-01 12:39:37;748.0;1745721577;99.586;102.18;94.971;102.039;
1900-01-01 12:39:38;749.0;1745721578;99.61;102.18;94.971;102.121;
1900-01-01 12:39:39;750.0;1745721579;99.61;102.28;94.935;102.106;
1900-01-01 12:39:40;751.0;1745721580;99.67;102.218;94.904;102.106;
1900-01-01 12:39:42;752.0;1745721582;99.6;102.101;94.904;102.094;
1900-01-01 12:39:42;753.0;1745721582;99.6;102.101;94.895;102.058;
1900-01-01 12:39:43;754.0;1745721583;99.621;102.186;94.905;102.058;
1900-01-01 12:39:44;755.0;1745721584;99.66;102.186;94.905;102.137;
1900-01-01 12:39:45;756.0;1745721585;99.66;102.213;94.955;102.082;
1900-01-01 12:39:46;757.0;1745721586;99.683;102.077;94.932;102.082;
1900-01-01 12:39:47;758.0;1745721587;99.681;102.077;94.932;102.169;
1900-01-01 12:39:48;759.0;1745721588;99.681;102.136;94.835;101.986;
1900-01-01 12:39:49;760.0;1745721589;99.674;102.085;94.761;101.986;
1900-01-01 12:39:50;761.0;1745721590;99.674;102.085;94.761;102.03;
1900-01-01 12:39:51;762.0;1745721591;99.48;102.088;94.798;102.137;
1900-01-01 12:39:52;763.0;1745721592;99.492;102.069;94.798;102.137;
1900-01-01 12:39:53;764.0;1745721593;99.492;102.069;94.832;102.101;
1900-01-01 12:39:54;765.0;1745721594;99.443;102.156;94.926;102.101;
1900-01-01 12:39:55;766.0;1745721595;99.497;102.063;94.926;102.13;
1900-01-01 12:39:56;767.0;1745721596;99.497;102.063;95.012;102.039;
1900-01-01 12:39:57;768.0;1745721597;99.566;102.162;95.082;102.039;
1900-01-01 12:39:58;769.0;1745721598;99.564;102.139;95.082;102.123;
1900-01-01 12:39:59;770.0;1745721599;99.564;102.139;94.959;102.139;
1900-01-01 12:40:00;771.0;1745721600;99.678;102.099;94.944;102.139;
1900-01-01 12:40:01;772.0;1745721601;99.726;102.099;94.944;102.093;
1900-01-01 12:40:02;773.0;1745721602;99.726;102.074;94.856;102.154;
1900-01-01 12:40:03;774.0;1745721603;99.76;102.048;94.856;102.154;
1900-01-01 12:40:04;775.0;1745721604;99.746;102.048;94.885;102.198;
1900-01-01 12:40:05;776.0;1745721605;99.746;102.097;94.963;102.09;
1900-01-01 12:40:06;777.0;1745721606;99.732;102.134;94.963;102.09;
1900-01-01 12:40:07;778.0;1745721607;99.723;102.134;95.005;102.063;
1900-01-01 12:40:08;779.0;1745721608;99.723;102.009;94.917;102.154;
1900-01-01 12:40:09;780.0;1745721609;99.652;102.092;94.855;102.154;
1900-01-01 12:40:10;781.0;1745721610;99.671;102.092;94.855;102.133;
1900-01-01 12:40:11;782.0;1745721611;99.671;102.118;94.715;102.135;
1900-01-01 12:40:12;783.0;1745721612;99.561;102.092;94.688;102.135;
1900-01-01 12:40:14;784.0;1745721614;99.487;102.092;94.688;102.117;
1900-01-01 12:40:14;785.0;1745721614;99.487;101.988;94.598;102.018;
1900-01-01 12:40:15;786.0;1745721615;99.371;102.08;94.598;102.018;
1900-01-01 12:40:16;787.0;1745721616;99.371;102.08;94.616;102.091;
1900-01-01 12:40:17;788.0;1745721617;99.348;101.998;94.579;102.091;
1900-01-01 12:40:18;789.0;1745721618;99.359;102.051;94.579;102.116;
1900-01-01 12:40:19;790.0;1745721619;99.359;102.051;94.608;102.097;
1900-01-01 12:40:20;791.0;1745721620;99.352;102.173;94.714;102.097;
1900-01-01 12:40:21;792.0;1745721621;99.327;102.173;94.714;102.083;
1900-01-01 12:40:22;793.0;1745721622;99.327;102.016;94.666;102.122;
1900-01-01 12:40:23;794.0;1745721623;99.375;102.094;94.646;102.122;
1900-01-01 12:40:24;795.0;1745721624;99.45;102.094;94.646;102.138;
1900-01-01 12:40:25;796.0;1745721625;99.45;102.075;94.678;102.038;
1900-01-01 12:40:26;797.0;1745721626;99.407;102.075;94.678;102.038;
1900-01-01 12:40:27;798.0;1745721627;99.423;102.075;94.645;102.031;
1900-01-01 12:40:28;799.0;1745721628;99.423;102.095;94.65;102.079;
1900-01-01 12:40:29;800.0;1745721629;99.533;102.1;94.65;102.079;
1900-01-01 12:40:30;801.0;1745721630;99.533;102.1;94.589;102.069;
1900-01-01 12:40:31;802.0;1745721631;99.448;102.092;94.636;102.069;
1900-01-01 12:40:33;803.0;1745721633;99.518;102.004;94.636;102.126;
1900-01-01 12:40:33;804.0;1745721633;99.518;102.004;94.604;102.082;
1900-01-01 12:40:34;805.0;1745721634;99.477;101.96;94.561;102.082;
1900-01-01 12:40:35;806.0;1745721635;99.556;101.96;94.561;102.143;
1900-01-01 12:40:36;807.0;1745721636;99.556;102.024;94.64;102.092;
1900-01-01 12:40:37;808.0;1745721637;99.554;101.972;94.59;102.092;
1900-01-01 12:40:38;809.0;1745721638;99.472;102.021;94.59;102.062;
1900-01-01 12:40:39;810.0;1745721639;99.472;102.021;94.606;102.155;
1900-01-01 12:40:40;811.0;1745721640;99.497;101.941;94.539;102.155;
1900-01-01 12:40:41;812.0;1745721641;99.391;101.971;94.539;102.068;
1900-01-01 12:40:42;813.0;1745721642;99.391;101.971;94.597;102.096;
1900-01-01 12:40:43;814.0;1745721643;99.468;102.01;94.535;102.096;
1900-01-01 12:40:44;815.0;1745721644;99.486;102.01;94.535;102.098;
1900-01-01 12:40:45;816.0;1745721645;99.486;101.879;94.669;102.163;
1900-01-01 12:40:46;817.0;1745721646;99.429;101.858;94.688;102.163;
1900-01-01 12:40:47;818.0;1745721647;99.413;101.858;94.688;102.057;
1900-01-01 12:40:48;819.0;1745721648;99.413;101.917;94.607;102.148;
1900-01-01 12:40:49;820.0;1745721649;99.403;101.989;94.46;102.148;
1900-01-01 12:40:50;821.0;1745721650;99.358;101.989;94.46;102.02;
1900-01-01 12:40:51;822.0;1745721651;99.358;101.98;94.361;102.039;
1900-01-01 12:40:52;823.0;1745721652;99.379;101.804;94.361;102.039;
1900-01-01 12:40:53;824.0;1745721653;99.354;101.804;94.247;102.052;
1900-01-01 12:40:54;825.0;1745721654;99.354;101.968;94.335;102.052;
1900-01-01 12:40:55;826.0;1745721655;99.353;101.936;94.335;102.058;
1900-01-01 12:40:56;827.0;1745721656;99.353;101.936;94.352;102.036;
1900-01-01 12:40:57;828.0;1745721657;99.456;102.01;94.433;102.036;
1900-01-01 12:40:58;829.0;1745721658;99.523;101.97;94.433;102.014;
1900-01-01 12:40:59;830.0;1745721659;99.523;101.97;94.364;102.11;
1900-01-01 12:41:00;831.0;1745721660;99.546;101.967;94.396;102.11;
1900-01-01 12:41:01;832.0;1745721661;99.522;101.967;94.396;102.004;
1900-01-01 12:41:02;833.0;1745721662;99.522;101.949;94.364;102.025;
1900-01-01 12:41:03;834.0;1745721663;99.537;101.967;94.364;102.025;
1900-01-01 12:41:04;835.0;1745721664;99.366;101.967;94.464;102.071;
1900-01-01 12:41:05;836.0;1745721665;99.366;102.003;94.44;102.061;
1900-01-01 12:41:06;837.0;1745721666;99.293;101.936;94.44;102.061;
1900-01-01 12:41:07;838.0;1745721667;99.346;101.936;94.535;102.062;
1900-01-01 12:41:09;839.0;1745721669;99.346;101.892;94.496;102.093;
1900-01-01 12:41:09;840.0;1745721669;99.322;101.934;94.496;102.093;
1900-01-01 12:41:10;841.0;1745721670;99.228;101.934;94.574;102.114;
1900-01-01 12:41:11;842.0;1745721671;99.228;101.912;94.592;102.113;
1900-01-01 12:41:12;843.0;1745721672;99.332;101.944;94.592;102.113;
1900-01-01 12:41:13;844.0;1745721673;99.332;101.944;94.482;102.124;
1900-01-01 12:41:14;845.0;1745721674;99.289;101.967;94.508;102.124;
1900-01-01 12:41:15;846.0;1745721675;99.284;102.03;94.508;102.073;
1900-01-01 12:41:17;847.0;1745721677;99.238;102.03;94.428;102.142;
1900-01-01 12:41:17;848.0;1745721677;99.238;101.892;94.441;102.142;
1900-01-01 12:41:18;849.0;1745721678;99.283;102.027;94.441;102.188;
1900-01-01 12:41:19;850.0;1745721679;99.283;102.027;94.435;102.084;
1900-01-01 12:41:20;851.0;1745721680;99.198;102.013;94.478;102.084;
1900-01-01 12:41:21;852.0;1745721681;99.276;102.013;94.478;102.072;
1900-01-01 12:41:23;853.0;1745721683;99.276;101.943;94.399;102.1;
1900-01-01 12:41:23;854.0;1745721683;99.272;101.913;94.399;102.1;
1900-01-01 12:41:24;855.0;1745721684;99.273;101.913;94.412;102.023;
1900-01-01 12:41:25;856.0;1745721685;99.273;102.007;94.429;102.132;
1900-01-01 12:41:26;857.0;1745721686;99.311;101.939;94.429;102.132;
1900-01-01 12:41:27;858.0;1745721687;99.271;101.939;94.413;102.017;
1900-01-01 12:41:28;859.0;1745721688;99.271;101.946;94.289;102.017;
1900-01-01 12:41:29;860.0;1745721689;99.492;102.021;94.289;102.109;
1900-01-01 12:41:30;861.0;1745721690;99.492;102.021;94.197;102.016;
1900-01-01 12:41:31;862.0;1745721691;99.357;102.03;94.091;102.168;
1900-01-01 12:41:33;863.0;1745721693;99.47;101.87;94.091;102.168;
1900-01-01 12:41:33;864.0;1745721693;99.47;101.87;93.949;102.028;
1900-01-01 12:41:34;865.0;1745721694;99.413;101.973;93.992;102.028;
1900-01-01 12:41:35;866.0;1745721695;99.341;101.942;93.992;102.081;
1900-01-01 12:41:36;867.0;1745721696;99.341;101.942;93.95;102.109;
1900-01-01 12:41:37;868.0;1745721697;99.347;101.88;93.976;102.109;
1900-01-01 12:41:39;869.0;1745721699;99.24;101.926;93.976;102.078;
1900-01-01 12:41:39;870.0;1745721699;99.24;101.926;93.96;102.052;
1900-01-01 12:41:40;871.0;1745721700;99.128;101.956;93.926;102.052;
1900-01-01 12:41:41;872.0;1745721701;99.216;101.956;93.926;102.108;
1900-01-01 12:41:42;873.0;1745721702;99.216;101.981;94.037;102.043;
1900-01-01 12:41:43;874.0;1745721703;99.186;101.924;94.037;102.043;
1900-01-01 12:41:44;875.0;1745721704;99.199;101.924;94.049;102.092;
1900-01-01 12:41:45;876.0;1745721705;99.199;101.924;94.089;102.092;
1900-01-01 12:41:46;877.0;1745721706;99.237;101.878;94.089;102.097;
1900-01-01 12:41:47;878.0;1745721707;99.243;101.878;94.126;102.193;
1900-01-01 12:41:48;879.0;1745721708;99.243;101.811;94.09;102.065;
1900-01-01 12:41:49;880.0;1745721709;99.293;101.829;94.09;102.065;
1900-01-01 12:41:50;881.0;1745721710;99.293;101.829;94.083;102.064;
1900-01-01 12:41:51;882.0;1745721711;99.332;101.829;93.967;102.14;
1900-01-01 12:41:53;883.0;1745721713;99.252;101.89;93.967;102.14;
1900-01-01 12:41:53;884.0;1745721713;99.252;101.89;93.93;102.149;
1900-01-01 12:41:54;885.0;1745721714;99.313;101.849;93.947;102.149;
1900-01-01 12:41:55;886.0;1745721716;99.366;101.847;93.947;102.052;
1900-01-01 12:41:56;887.0;1745721716;99.366;101.847;93.959;102.088;
1900-01-01 12:41:57;888.0;1745721717;99.365;101.812;94.008;102.088;
1900-01-01 12:41:58;889.0;1745721718;99.324;101.812;94.008;102.008;
1900-01-01 12:41:59;890.0;1745721719;99.324;101.904;93.985;102.083;
1900-01-01 12:42:00;891.0;1745721720;99.333;101.902;94.041;102.083;
1900-01-01 12:42:01;892.0;1745721721;99.292;101.902;94.041;102.134;
1900-01-01 12:42:02;893.0;1745721722;99.292;101.803;94.028;102.061;
1900-01-01 12:42:03;894.0;1745721723;99.245;101.713;93.996;102.061;
1900-01-01 12:42:04;895.0;1745721724;99.307;101.713;93.996;102.074;
1900-01-01 12:42:05;896.0;1745721725;99.307;101.748;93.982;102.084;
1900-01-01 12:42:07;897.0;1745721727;99.228;101.838;93.996;102.084;
1900-01-01 12:42:07;898.0;1745721727;99.179;101.838;93.996;102.055;
1900-01-01 12:42:08;899.0;1745721728;99.179;101.875;94.025;102.085;
1900-01-01 12:42:09;900.0;1745721729;99.155;101.771;94.025;102.085;
1900-01-01 12:42:10;901.0;1745721730;99.155;101.771;94.033;102.074;
1900-01-01 12:42:11;902.0;1745721731;99.164;101.769;93.978;102.078;
1900-01-01 12:42:12;903.0;1745721732;99.028;101.769;93.978;102.078;
1900-01-01 12:42:13;904.0;1745721733;99.028;101.902;93.923;102.152;
1900-01-01 12:42:14;905.0;1745721734;99.062;101.878;93.956;102.152;
1900-01-01 12:42:15;906.0;1745721735;99.141;101.943;93.956;102.088;
1900-01-01 12:42:16;907.0;1745721736;99.141;101.943;93.867;102.123;
1900-01-01 12:42:17;908.0;1745721737;99.11;101.83;93.814;102.123;
1900-01-01 12:42:18;909.0;1745721738;99.172;101.837;93.814;101.994;
1900-01-01 12:42:19;910.0;1745721739;99.172;101.837;93.811;102.162;
1900-01-01 12:42:20;911.0;1745721740;99.168;101.84;93.832;102.162;
1900-01-01 12:42:21;912.0;1745721741;99.138;101.851;93.832;102.168;
1900-01-01 12:42:22;913.0;1745721742;99.138;101.851;93.839;102.039;
1900-01-01 12:42:23;914.0;1745721743;99.203;101.777;93.857;102.039;
1900-01-01 12:42:24;915.0;1745721744;99.121;101.777;93.857;102.091;
1900-01-01 12:42:25;916.0;1745721745;99.121;101.866;93.765;102.123;
1900-01-01 12:42:26;917.0;1745721746;99.105;101.789;93.765;102.123;
1900-01-01 12:42:27;918.0;1745721747;99.112;101.789;93.713;102.126;
1900-01-01 12:42:28;919.0;1745721748;99.112;101.785;93.77;102.031;
1900-01-01 12:42:29;920.0;1745721749;99.069;101.816;93.563;102.031;
1900-01-01 12:42:30;921.0;1745721750;99.076;101.816;93.563;102.162;
1900-01-01 12:42:31;922.0;1745721751;99.076;101.835;93.603;102.076;
1900-01-01 12:42:32;923.0;1745721752;99.043;101.819;93.603;102.076;
1900-01-01 12:42:33;924.0;1745721753;99.076;101.819;93.61;102.085;
1900-01-01 12:42:34;925.0;1745721754;99.076;101.753;93.56;102.085;
1900-01-01 12:42:35;926.0;1745721755;99.121;101.759;93.56;102.084;
1900-01-01 12:42:36;927.0;1745721756;99.041;101.759;93.573;102.119;
1900-01-01 12:42:37;928.0;1745721757;99.041;101.848;93.487;102.119;
1900-01-01 12:42:38;929.0;1745721758;99.009;101.78;93.487;102.116;
1900-01-01 12:42:39;930.0;1745721759;99.009;101.78;93.489;102.089;
1900-01-01 12:42:40;931.0;1745721760;99.119;101.693;93.405;102.089;
1900-01-01 12:42:42;932.0;1745721762;98.974;101.743;93.405;102.145;
1900-01-01 12:42:42;933.0;1745721762;98.974;101.743;93.346;102.084;
1900-01-01 12:42:43;934.0;1745721763;99.068;101.693;93.253;102.084;
1900-01-01 12:42:44;935.0;1745721764;99.118;101.724;93.253;102.114;
1900-01-01 12:42:45;936.0;1745721765;99.118;101.724;93.2;102.127;
1900-01-01 12:42:46;937.0;1745721766;99.128;101.752;93.096;102.127;
1900-01-01 12:42:47;938.0;1745721767;99.107;101.752;93.096;102.061;
1900-01-01 12:42:48;939.0;1745721768;99.107;101.694;93.125;102.185;
1900-01-01 12:42:49;940.0;1745721769;99.053;101.693;93.125;102.185;
1900-01-01 12:42:50;941.0;1745721770;99.098;101.693;93.171;102.085;
1900-01-01 12:42:51;942.0;1745721771;99.098;101.68;93.106;102.085;
1900-01-01 12:42:52;943.0;1745721772;99.089;101.714;93.106;102.097;
1900-01-01 12:42:53;944.0;1745721773;99.133;101.714;93.14;102.14;
1900-01-01 12:42:54;945.0;1745721774;99.133;101.684;93.238;102.14;
1900-01-01 12:42:55;946.0;1745721775;99.053;101.723;93.238;102.271;
1900-01-01 12:42:56;947.0;1745721776;99.046;101.723;93.292;102.17;
1900-01-01 12:42:57;948.0;1745721777;99.046;101.741;93.23;102.164;
1900-01-01 12:42:58;949.0;1745721778;99.064;101.741;93.23;102.164;
1900-01-01 12:42:59;950.0;1745721779;99.064;101.733;93.165;102.077;
1900-01-01 12:43:00;951.0;1745721780;99.055;101.728;93.144;102.077;
1900-01-01 12:43:01;952.0;1745721781;99.036;101.767;93.144;102.086;
1900-01-01 12:43:02;953.0;1745721782;99.036;101.767;93.119;102.193;
1900-01-01 12:43:03;954.0;1745721783;99.041;101.701;93.134;102.193;
1900-01-01 12:43:04;955.0;1745721784;99.039;101.742;93.134;102.103;
1900-01-01 12:43:05;956.0;1745721785;99.039;101.742;93.091;102.092;
1900-01-01 12:43:06;957.0;1745721786;99.083;101.778;92.993;102.092;
1900-01-01 12:43:07;958.0;1745721787;99.104;101.778;92.993;102.118;
1900-01-01 12:43:08;959.0;1745721788;99.104;101.84;93.005;102.053;
1900-01-01 12:43:09;960.0;1745721789;99.058;101.826;93.005;102.053;
1900-01-01 12:43:10;961.0;1745721790;99.107;101.826;92.979;102.094;
1900-01-01 12:43:11;962.0;1745721791;99.107;101.746;92.888;102.138;
1900-01-01 12:43:12;963.0;1745721792;99.082;101.717;92.888;102.138;
1900-01-01 12:43:13;964.0;1745721793;99.045;101.717;92.846;102.085;
1900-01-01 12:43:14;965.0;1745721794;99.045;101.721;92.81;102.145;
1900-01-01 12:43:15;966.0;1745721795;99.03;101.81;92.81;102.145;
1900-01-01 12:43:16;967.0;1745721796;99.03;101.81;92.7;102.215;
1900-01-01 12:43:17;968.0;1745721797;99.025;101.758;92.752;102.124;
1900-01-01 12:43:18;969.0;1745721798;98.932;101.826;92.752;102.124;
1900-01-01 12:43:19;970.0;1745721799;98.932;101.826;92.809;102.076;
1900-01-01 12:43:20;971.0;1745721800;99.021;101.706;92.856;102.114;
1900-01-01 12:43:21;972.0;1745721801;98.93;101.772;92.856;102.114;
1900-01-01 12:43:22;973.0;1745721802;98.93;101.772;92.883;102.13;
1900-01-01 12:43:23;974.0;1745721803;98.958;101.718;92.921;102.13;
1900-01-01 12:43:24;975.0;1745721804;98.949;101.718;92.921;102.048;
1900-01-01 12:43:25;976.0;1745721805;98.949;101.724;92.875;102.091;
1900-01-01 12:43:26;977.0;1745721806;98.902;101.594;92.865;102.091;
1900-01-01 12:43:27;978.0;1745721807;98.92;101.594;92.865;102.091;
1900-01-01 12:43:28;979.0;1745721808;98.92;101.743;92.831;102.152;
1900-01-01 12:43:29;980.0;1745721809;98.906;101.706;92.831;102.152;
1900-01-01 12:43:30;981.0;1745721810;98.875;101.706;92.849;102.076;
1900-01-01 12:43:31;982.0;1745721811;98.875;101.623;92.789;102.144;
1900-01-01 12:43:32;983.0;1745721812;98.868;101.707;92.789;102.144;
1900-01-01 12:43:33;984.0;1745721813;98.862;101.707;92.648;102.045;
1900-01-01 12:43:34;985.0;1745721814;98.862;101.691;92.683;102.065;
1900-01-01 12:43:35;986.0;1745721815;98.817;101.697;92.683;102.065;
1900-01-01 12:43:36;987.0;1745721816;98.817;101.697;92.715;102.087;
1900-01-01 12:43:37;988.0;1745721817;98.848;101.601;92.718;102.126;
1900-01-01 12:43:38;989.0;1745721818;98.891;101.667;92.718;102.126;
1900-01-01 12:43:39;990.0;1745721819;98.775;101.667;92.773;102.095;
1900-01-01 12:43:40;991.0;1745721820;98.775;101.644;92.853;102.095;
1900-01-01 12:43:41;992.0;1745721821;98.792;101.648;92.853;102.12;
1900-01-01 12:43:42;993.0;1745721822;98.788;101.648;92.641;101.981;
1900-01-01 12:43:43;994.0;1745721823;98.788;101.688;92.632;102.125;
1900-01-01 12:43:44;995.0;1745721824;98.921;101.675;92.632;102.125;
1900-01-01 12:43:45;996.0;1745721825;98.878;101.675;92.66;102.066;
1900-01-01 12:43:47;997.0;1745721827;98.878;101.643;92.53;102.039;
1900-01-01 12:43:47;998.0;1745721827;98.869;101.591;92.53;102.039;
1900-01-01 12:43:48;999.0;1745721828;98.869;101.591;92.563;102.12;
1900-01-01 12:43:49;1000.0;1745721829;98.908;101.598;92.542;102.12;
1900-01-01 12:43:50;1001.0;1745721830;98.946;101.598;92.542;102.206;
1900-01-01 12:43:51;1002.0;1745721831;98.946;101.632;92.481;102.075;
1900-01-01 12:43:52;1003.0;1745721832;98.871;101.663;92.494;102.075;
1900-01-01 12:43:53;1004.0;1745721833;98.923;101.663;92.494;102.139;
1900-01-01 12:43:54;1005.0;1745721834;98.923;101.592;92.436;102.148;
1900-01-01 12:43:55;1006.0;1745721835;98.92;101.593;92.434;102.148;
1900-01-01 12:43:56;1007.0;1745721836;98.894;101.593;92.434;102.068;
1900-01-01 12:43:57;1008.0;1745721837;98.894;101.557;92.371;102.162;
1900-01-01 12:43:58;1009.0;1745721838;98.847;101.53;92.371;102.162;
1900-01-01 12:43:59;1010.0;1745721839;98.745;101.53;92.321;102.025;
1900-01-01 12:44:00;1011.0;1745721840;98.745;101.589;92.441;102.025;
1900-01-01 12:44:01;1012.0;1745721841;98.817;101.534;92.441;102.128;
1900-01-01 12:44:02;1013.0;1745721842;98.835;101.534;92.542;102.171;
1900-01-01 12:44:03;1014.0;1745721843;98.835;101.594;92.571;102.123;
1900-01-01 12:44:04;1015.0;1745721844;98.76;101.584;92.571;102.123;
1900-01-01 12:44:05;1016.0;1745721845;98.76;101.584;92.495;102.1;
1900-01-01 12:44:06;1017.0;1745721846;98.795;101.687;92.455;102.1;
1900-01-01 12:44:07;1018.0;1745721847;98.713;101.64;92.455;102.112;
1900-01-01 12:44:08;1019.0;1745721848;98.815;101.64;92.431;102.143;
1900-01-01 12:44:09;1020.0;1745721849;98.815;101.631;92.482;102.143;
1900-01-01 12:44:10;1021.0;1745721850;98.787;101.679;92.482;102.079;
1900-01-01 12:44:11;1022.0;1745721851;98.809;101.679;92.446;102.088;
1900-01-01 12:44:12;1023.0;1745721852;98.809;101.672;92.455;102.138;
1900-01-01 12:44:13;1024.0;1745721853;98.789;101.644;92.455;102.138;
1900-01-01 12:44:14;1025.0;1745721854;98.789;101.644;92.334;102.169;
1900-01-01 12:44:15;1026.0;1745721855;98.646;101.605;92.28;102.169;
1900-01-01 12:44:16;1027.0;1745721856;98.688;101.601;92.28;102.112;
1900-01-01 12:44:17;1028.0;1745721857;98.762;101.601;92.322;102.116;
1900-01-01 12:44:18;1029.0;1745721858;98.762;101.623;92.345;102.116;
1900-01-01 12:44:19;1030.0;1745721859;98.763;101.56;92.345;102.159;
1900-01-01 12:44:20;1031.0;1745721860;98.687;101.56;92.412;102.107;
1900-01-01 12:44:21;1032.0;1745721861;98.687;101.578;92.35;102.173;
1900-01-01 12:44:22;1033.0;1745721862;98.73;101.616;92.35;102.173;
1900-01-01 12:44:23;1034.0;1745721863;98.73;101.616;92.217;101.996;
1900-01-01 12:44:24;1035.0;1745721864;98.771;101.561;92.261;101.996;
1900-01-01 12:44:25;1036.0;1745721865;98.824;101.563;92.261;102.12;
1900-01-01 12:44:26;1037.0;1745721866;98.824;101.563;92.091;102.151;
1900-01-01 12:44:27;1038.0;1745721867;98.824;101.555;92.142;102.089;
1900-01-01 12:44:28;1039.0;1745721868;98.846;101.593;92.142;102.089;
1900-01-01 12:44:29;1040.0;1745721869;98.846;101.593;92.178;102.086;
1900-01-01 12:44:30;1041.0;1745721870;98.897;101.501;92.165;102.155;
1900-01-01 12:44:31;1042.0;1745721871;98.904;101.49;92.165;102.155;
1900-01-01 12:44:32;1043.0;1745721872;98.813;101.49;92.173;102.104;
1900-01-01 12:44:33;1044.0;1745721873;98.813;101.526;92.145;102.104;
1900-01-01 12:44:34;1045.0;1745721874;98.759;101.524;92.145;102.118;
1900-01-01 12:44:35;1046.0;1745721875;98.847;101.524;92.159;102.163;
1900-01-01 12:44:36;1047.0;1745721876;98.847;101.54;92.149;102.105;
1900-01-01 12:44:37;1048.0;1745721877;98.753;101.517;92.149;102.105;
1900-01-01 12:44:39;1049.0;1745721879;98.67;101.517;92.129;102.11;
1900-01-01 12:44:39;1050.0;1745721879;98.67;101.369;92.112;102.11;
1900-01-01 12:44:40;1051.0;1745721880;98.669;101.479;92.112;102.112;
1900-01-01 12:44:41;1052.0;1745721881;98.706;101.479;92.142;102.077;
1900-01-01 12:44:42;1053.0;1745721882;98.706;101.494;92.113;102.083;
1900-01-01 12:44:43;1054.0;1745721883;98.536;101.449;92.113;102.083;
1900-01-01 12:44:44;1055.0;1745721884;98.536;101.449;92.071;102.08;
1900-01-01 12:44:45;1056.0;1745721885;98.592;101.472;92.06;102.08;
1900-01-01 12:44:46;1057.0;1745721886;98.663;101.568;92.06;102.194;
1900-01-01 12:44:47;1058.0;1745721887;98.529;101.568;92.059;102.12;
1900-01-01 12:44:48;1059.0;1745721888;98.529;101.541;91.918;102.258;
1900-01-01 12:44:49;1060.0;1745721889;98.607;101.53;91.918;102.258;
1900-01-01 12:44:50;1061.0;1745721890;98.607;101.53;91.832;102.207;
1900-01-01 12:44:51;1062.0;1745721891;98.677;101.432;91.767;102.184;
1900-01-01 12:44:52;1063.0;1745721892;98.577;101.457;91.767;102.184;
1900-01-01 12:44:53;1064.0;1745721893;98.742;101.457;91.791;102.17;
1900-01-01 12:44:54;1065.0;1745721894;98.742;101.351;91.919;102.17;
1900-01-01 12:44:55;1066.0;1745721895;98.737;101.407;91.919;102.134;
1900-01-01 12:44:56;1067.0;1745721896;98.695;101.407;91.952;102.063;
1900-01-01 12:44:57;1068.0;1745721897;98.695;101.529;91.89;102.053;
1900-01-01 12:44:58;1069.0;1745721898;98.721;101.455;91.89;102.053;
1900-01-01 12:44:59;1070.0;1745721899;98.774;101.455;91.993;102.139;
1900-01-01 12:45:00;1071.0;1745721900;98.774;101.476;92.049;102.126;
1900-01-01 12:45:01;1072.0;1745721901;98.669;101.508;92.049;102.126;
1900-01-01 12:45:02;1073.0;1745721902;98.645;101.508;92.072;102.109;
1900-01-01 12:45:03;1074.0;1745721903;98.645;101.378;91.968;102.134;
1900-01-01 12:45:04;1075.0;1745721904;98.593;101.432;92.035;102.134;
1900-01-01 12:45:05;1076.0;1745721905;98.613;101.432;92.035;102.2;
1900-01-01 12:45:06;1077.0;1745721906;98.613;101.483;91.893;102.145;
1900-01-01 12:45:07;1078.0;1745721907;98.676;101.432;91.87;102.145;
1900-01-01 12:45:08;1079.0;1745721908;98.695;101.432;91.87;102.146;
1900-01-01 12:45:09;1080.0;1745721909;98.695;101.419;91.897;102.093;
1900-01-01 12:45:10;1081.0;1745721910;98.581;101.408;91.897;102.093;
1900-01-01 12:45:11;1082.0;1745721911;98.653;101.408;91.793;102.214;
1900-01-01 12:45:12;1083.0;1745721912;98.653;101.406;91.81;102.065;
1900-01-01 12:45:13;1084.0;1745721913;98.613;101.448;91.75;102.065;
1900-01-01 12:45:14;1085.0;1745721914;98.665;101.448;91.75;102.157;
1900-01-01 12:45:15;1086.0;1745721915;98.665;101.387;91.73;102.204;
1900-01-01 12:45:16;1087.0;1745721916;98.598;101.457;91.765;102.204;
1900-01-01 12:45:17;1088.0;1745721917;98.595;101.457;91.765;102.184;
1900-01-01 12:45:18;1089.0;1745721918;98.595;101.489;91.86;102.126;
1900-01-01 12:45:19;1090.0;1745721919;98.635;101.371;91.86;102.126;
1900-01-01 12:45:20;1091.0;1745721920;98.652;101.371;91.814;102.132;
1900-01-01 12:45:21;1092.0;1745721921;98.652;101.327;91.768;102.135;
1900-01-01 12:45:22;1093.0;1745721922;98.671;101.431;91.794;102.135;
1900-01-01 12:45:24;1094.0;1745721924;98.718;101.461;91.794;102.16;
1900-01-01 12:45:24;1095.0;1745721924;98.718;101.461;91.82;102.106;
1900-01-01 12:45:25;1096.0;1745721925;98.656;101.425;91.781;102.106;
1900-01-01 12:45:26;1097.0;1745721926;98.653;101.425;91.781;102.102;
1900-01-01 12:45:27;1098.0;1745721927;98.653;101.371;91.681;102.154;
1900-01-01 12:45:29;1099.0;1745721929;98.65;101.482;91.579;102.154;
1900-01-01 12:45:29;1100.0;1745721929;98.621;101.482;91.579;102.053;
1900-01-01 12:45:30;1101.0;1745721930;98.621;101.395;91.527;102.205;
1900-01-01 12:45:31;1102.0;1745721931;98.551;101.404;91.411;102.205;
1900-01-01 12:45:32;1103.0;1745721932;98.454;101.322;91.411;102.084;
1900-01-01 12:45:33;1104.0;1745721933;98.454;101.322;91.393;102.112;
1900-01-01 12:45:34;1105.0;1745721934;98.516;101.353;91.548;102.112;
1900-01-01 12:45:35;1106.0;1745721935;98.514;101.353;91.548;102.115;
1900-01-01 12:45:36;1107.0;1745721936;98.514;101.38;91.532;102.084;
1900-01-01 12:45:37;1108.0;1745721937;98.378;101.331;91.573;102.084;
1900-01-01 12:45:38;1109.0;1745721938;98.54;101.356;91.573;102.263;
1900-01-01 12:45:39;1110.0;1745721939;98.54;101.356;91.583;102.123;
1900-01-01 12:45:40;1111.0;1745721940;98.416;101.283;91.523;102.123;
1900-01-01 12:45:41;1112.0;1745721941;98.421;101.283;91.523;102.127;
1900-01-01 12:45:42;1113.0;1745721942;98.421;101.295;91.551;102.114;
1900-01-01 12:45:44;1114.0;1745721944;98.461;101.318;91.642;102.114;
1900-01-01 12:45:44;1115.0;1745721944;98.42;101.318;91.642;102.106;
1900-01-01 12:45:45;1116.0;1745721945;98.42;101.314;91.695;102.18;
1900-01-01 12:45:46;1117.0;1745721946;98.432;101.446;91.568;102.18;
1900-01-01 12:45:47;1118.0;1745721947;98.51;101.446;91.568;102.129;
1900-01-01 12:45:48;1119.0;1745721948;98.51;101.325;91.4;102.153;
1900-01-01 12:45:49;1120.0;1745721949;98.46;101.379;91.4;102.153;
1900-01-01 12:45:50;1121.0;1745721950;98.403;101.379;91.449;102.104;
1900-01-01 12:45:51;1122.0;1745721951;98.403;101.401;91.31;102.064;
1900-01-01 12:45:52;1123.0;1745721952;98.469;101.299;91.284;102.064;
1900-01-01 12:45:53;1124.0;1745721953;98.524;101.299;91.284;102.145;
1900-01-01 12:45:54;1125.0;1745721954;98.524;101.281;91.273;102.106;
1900-01-01 12:45:55;1126.0;1745721955;98.572;101.235;91.337;102.106;
1900-01-01 12:45:56;1127.0;1745721956;98.554;101.235;91.337;102.171;
1900-01-01 12:45:57;1128.0;1745721957;98.554;101.301;91.454;102.124;
1900-01-01 12:45:58;1129.0;1745721958;98.54;101.238;91.454;102.124;
1900-01-01 12:45:59;1130.0;1745721959;98.505;101.238;91.442;102.189;
1900-01-01 12:46:00;1131.0;1745721960;98.505;101.352;91.48;102.111;
1900-01-01 12:46:01;1132.0;1745721961;98.531;101.297;91.486;102.111;
1900-01-01 12:46:02;1133.0;1745721962;98.452;101.297;91.486;102.1;
1900-01-01 12:46:03;1134.0;1745721963;98.452;101.318;91.491;102.184;
1900-01-01 12:46:04;1135.0;1745721964;98.477;101.148;91.305;102.184;
1900-01-01 12:46:05;1136.0;1745721965;98.455;101.148;91.305;102.21;
1900-01-01 12:46:06;1137.0;1745721966;98.455;101.168;91.244;102.122;
1900-01-01 12:46:07;1138.0;1745721967;98.45;101.256;91.244;102.122;
1900-01-01 12:46:09;1139.0;1745721969;98.434;101.256;91.205;102.14;
1900-01-01 12:46:09;1140.0;1745721969;98.434;101.185;91.321;102.251;
1900-01-01 12:46:10;1141.0;1745721970;98.382;101.227;91.321;102.251;
1900-01-01 12:46:11;1142.0;1745721971;98.382;101.227;91.28;102.156;
1900-01-01 12:46:12;1143.0;1745721972;98.519;101.181;91.313;102.156;
1900-01-01 12:46:13;1144.0;1745721973;98.505;101.269;91.313;102.189;
1900-01-01 12:46:14;1145.0;1745721974;98.505;101.269;91.267;102.201;
1900-01-01 12:46:15;1146.0;1745721975;98.519;101.292;91.277;102.201;
1900-01-01 12:46:16;1147.0;1745721976;98.523;101.266;91.277;102.079;
1900-01-01 12:46:17;1148.0;1745721977;98.523;101.266;91.225;102.081;
1900-01-01 12:46:18;1149.0;1745721978;98.421;101.292;91.158;102.081;
1900-01-01 12:46:19;1150.0;1745721979;98.384;101.292;91.158;102.164;
1900-01-01 12:46:20;1151.0;1745721980;98.384;101.266;91.115;102.157;
1900-01-01 12:46:21;1152.0;1745721981;98.435;101.254;91.115;102.157;
1900-01-01 12:46:22;1153.0;1745721982;98.294;101.254;91.042;102.19;
1900-01-01 12:46:23;1154.0;1745721983;98.294;101.228;91.106;102.184;
1900-01-01 12:46:24;1155.0;1745721984;98.301;101.181;91.13;102.184;
1900-01-01 12:46:25;1156.0;1745721985;98.331;101.181;91.13;102.071;
1900-01-01 12:46:26;1157.0;1745721986;98.331;101.161;91.176;102.133;
1900-01-01 12:46:27;1158.0;1745721987;98.347;101.159;91.183;102.133;
1900-01-01 12:46:28;1159.0;1745721988;98.342;101.159;91.183;102.154;
1900-01-01 12:46:29;1160.0;1745721989;98.342;101.153;91.304;102.176;
1900-01-01 12:46:30;1161.0;1745721990;98.338;101.307;91.304;102.176;
1900-01-01 12:46:31;1162.0;1745721991;98.303;101.307;91.31;102.221;
1900-01-01 12:46:32;1163.0;1745721992;98.303;101.217;91.323;102.169;
1900-01-01 12:46:33;1164.0;1745721993;98.398;101.222;91.323;102.169;
1900-01-01 12:46:34;1165.0;1745721994;98.398;101.222;91.286;102.208;
1900-01-01 12:46:35;1166.0;1745721995;98.354;101.206;91.335;102.208;
1900-01-01 12:46:36;1167.0;1745721996;98.373;101.293;91.335;102.203;
1900-01-01 12:46:37;1168.0;1745721997;98.373;101.293;91.147;102.115;
1900-01-01 12:46:38;1169.0;1745721998;98.292;101.28;91.135;102.115;
1900-01-01 12:46:40;1170.0;1745722000;98.322;101.263;91.135;102.161;
1900-01-01 12:46:40;1171.0;1745722000;98.322;101.263;91.096;102.186;
1900-01-01 12:46:41;1172.0;1745722001;98.278;101.235;91.074;102.186;
1900-01-01 12:46:42;1173.0;1745722002;98.415;101.235;91.074;102.156;
1900-01-01 12:46:43;1174.0;1745722003;98.415;101.261;90.971;102.146;
1900-01-01 12:46:44;1175.0;1745722004;98.313;101.218;90.877;102.146;
1900-01-01 12:46:46;1176.0;1745722006;98.21;101.218;90.877;102.083;
1900-01-01 12:46:46;1177.0;1745722006;98.21;101.182;90.907;102.111;
1900-01-01 12:46:47;1178.0;1745722007;98.28;101.179;90.907;102.111;
1900-01-01 12:46:48;1179.0;1745722008;98.259;101.179;90.972;102.142;
1900-01-01 12:46:49;1180.0;1745722009;98.259;101.235;90.968;102.142;
1900-01-01 12:46:50;1181.0;1745722010;98.253;101.259;90.968;102.17;
1900-01-01 12:46:51;1182.0;1745722011;98.362;101.259;91.037;102.213;
1900-01-01 12:46:52;1183.0;1745722012;98.362;101.229;91.017;102.213;
1900-01-01 12:46:53;1184.0;1745722013;98.253;101.147;91.017;102.153;
1900-01-01 12:46:54;1185.0;1745722014;98.287;101.147;90.934;102.112;
1900-01-01 12:46:55;1186.0;1745722015;98.287;101.168;90.929;102.112;
1900-01-01 12:46:56;1187.0;1745722016;98.254;101.182;90.929;102.168;
1900-01-01 12:46:57;1188.0;1745722017;98.213;101.182;90.933;102.073;
1900-01-01 12:46:58;1189.0;1745722018;98.213;101.113;90.975;102.113;
1900-01-01 12:46:59;1190.0;1745722019;98.178;101.113;90.975;102.113;
1900-01-01 12:47:00;1191.0;1745722020;98.178;101.074;90.979;102.141;
1900-01-01 12:47:01;1192.0;1745722021;98.216;101.066;90.95;102.141;
1900-01-01 12:47:02;1193.0;1745722022;98.154;101.066;90.95;102.172;
1900-01-01 12:47:03;1194.0;1745722023;98.154;101.093;90.91;102.157;
1900-01-01 12:47:04;1195.0;1745722024;98.205;101.116;91.061;102.157;
1900-01-01 12:47:05;1196.0;1745722025;98.205;101.116;91.061;102.171;
1900-01-01 12:47:06;1197.0;1745722026;98.205;101.133;91.004;102.17;
1900-01-01 12:47:08;1198.0;1745722028;98.214;101.149;91.038;102.17;
1900-01-01 12:47:08;1199.0;1745722028;98.24;101.149;91.038;102.084;
1900-01-01 12:47:09;1200.0;1745722029;98.24;101.138;90.968;102.125;
