Time;Seconds from start for linreg;Unix Time;ch1 po2;ch2 po2;ch3 po2;ch4 po2;
1900-01-01 16:52:07;1.0;1745650327;100.001;102.763;98.573;113.247;
1900-01-01 16:52:08;2.0;1745650328;100.001;102.763;98.566;113.272;
1900-01-01 16:52:09;3.0;1745650329;99.999;102.823;98.554;113.272;
1900-01-01 16:52:10;4.0;1745650330;99.955;102.823;98.554;113.262;
1900-01-01 16:52:11;5.0;1745650331;99.955;102.789;98.525;113.313;
1900-01-01 16:52:12;6.0;1745650332;99.971;102.783;98.525;113.313;
1900-01-01 16:52:13;7.0;1745650333;100.017;102.783;98.535;113.231;
1900-01-01 16:52:14;8.0;1745650334;100.017;102.746;98.551;113.382;
1900-01-01 16:52:15;9.0;1745650335;99.907;102.795;98.551;113.382;
1900-01-01 16:52:16;10.0;1745650336;99.994;102.795;98.569;113.325;
1900-01-01 16:52:17;11.0;1745650337;99.994;102.723;98.488;113.345;
1900-01-01 16:52:18;12.0;1745650338;100.006;102.634;98.488;113.345;
1900-01-01 16:52:19;13.0;1745650339;100.02;102.634;98.567;113.251;
1900-01-01 16:52:20;14.0;1745650340;100.02;102.545;98.578;113.281;
1900-01-01 16:52:21;15.0;1745650341;99.985;102.64;98.578;113.281;
1900-01-01 16:52:22;16.0;1745650342;99.985;102.64;98.575;113.355;
1900-01-01 16:52:24;17.0;1745650344;99.954;102.727;98.549;113.387;
1900-01-01 16:52:24;18.0;1745650344;99.913;102.727;98.549;113.387;
1900-01-01 16:52:25;19.0;1745650345;99.913;102.693;98.503;113.334;
1900-01-01 16:52:26;20.0;1745650346;99.874;102.782;98.53;113.334;
1900-01-01 16:52:27;21.0;1745650347;99.784;102.782;98.53;113.355;
1900-01-01 16:52:28;22.0;1745650348;99.784;102.804;98.538;113.358;
1900-01-01 16:52:29;23.0;1745650349;99.649;102.78;98.538;113.358;
1900-01-01 16:52:30;24.0;1745650350;99.731;102.78;98.603;113.3;
1900-01-01 16:52:31;25.0;1745650351;99.731;102.842;98.518;113.261;
1900-01-01 16:52:32;26.0;1745650352;99.724;102.687;98.531;113.261;
1900-01-01 16:52:33;27.0;1745650353;99.638;102.687;98.531;113.231;
1900-01-01 16:52:34;28.0;1745650354;99.638;102.571;98.502;113.369;
1900-01-01 16:52:35;29.0;1745650355;99.701;102.462;98.502;113.369;
1900-01-01 16:52:36;30.0;1745650356;99.747;102.462;98.516;113.301;
1900-01-01 16:52:37;31.0;1745650357;99.747;102.534;98.53;113.308;
1900-01-01 16:52:38;32.0;1745650358;99.822;102.358;98.507;113.308;
1900-01-01 16:52:39;33.0;1745650359;99.688;102.358;98.507;113.313;
1900-01-01 16:52:40;34.0;1745650360;99.688;102.417;98.508;113.331;
1900-01-01 16:52:41;35.0;1745650361;99.667;102.508;98.463;113.331;
1900-01-01 16:52:43;36.0;1745650363;99.716;102.508;98.463;113.264;
1900-01-01 16:52:43;37.0;1745650363;99.716;102.468;98.513;113.267;
1900-01-01 16:52:44;38.0;1745650364;99.677;102.528;98.513;113.267;
1900-01-01 16:52:45;39.0;1745650365;99.677;102.528;98.51;113.278;
1900-01-01 16:52:46;40.0;1745650366;99.466;102.452;98.588;113.293;
1900-01-01 16:52:47;41.0;1745650367;99.46;102.554;98.588;113.293;
1900-01-01 16:52:48;42.0;1745650368;99.436;102.554;98.553;113.234;
1900-01-01 16:52:49;43.0;1745650369;99.436;102.513;98.535;113.234;
1900-01-01 16:52:50;44.0;1745650370;99.448;102.555;98.535;113.339;
1900-01-01 16:52:51;45.0;1745650371;99.448;102.555;98.412;113.403;
1900-01-01 16:52:52;46.0;1745650372;99.472;102.487;98.463;113.403;
1900-01-01 16:52:53;47.0;1745650373;99.461;102.487;98.463;113.298;
1900-01-01 16:52:54;48.0;1745650374;99.461;102.316;98.561;113.282;
1900-01-01 16:52:55;49.0;1745650375;99.587;102.464;98.561;113.282;
1900-01-01 16:52:56;50.0;1745650376;99.549;102.464;98.485;113.35;
1900-01-01 16:52:57;51.0;1745650377;99.549;102.373;98.55;113.226;
1900-01-01 16:52:58;52.0;1745650378;99.543;102.465;98.538;113.226;
1900-01-01 16:52:59;53.0;1745650379;99.508;102.408;98.538;113.244;
1900-01-01 16:53:00;54.0;1745650380;99.508;102.408;98.514;113.324;
1900-01-01 16:53:01;55.0;1745650381;99.465;102.381;98.532;113.324;
1900-01-01 16:53:02;56.0;1745650382;99.412;102.381;98.532;113.263;
1900-01-01 16:53:03;57.0;1745650383;99.412;102.42;98.529;113.371;
1900-01-01 16:53:04;58.0;1745650384;99.419;102.471;98.529;113.371;
1900-01-01 16:53:05;59.0;1745650385;99.274;102.471;98.473;113.242;
1900-01-01 16:53:06;60.0;1745650386;99.274;102.49;98.564;113.396;
1900-01-01 16:53:07;61.0;1745650387;99.13;102.462;98.564;113.396;
1900-01-01 16:53:08;62.0;1745650388;99.158;102.462;98.453;113.353;
1900-01-01 16:53:09;63.0;1745650389;99.158;102.505;98.51;113.234;
1900-01-01 16:53:10;64.0;1745650390;99.116;102.39;98.473;113.234;
1900-01-01 16:53:11;65.0;1745650391;99.086;102.39;98.473;113.352;
1900-01-01 16:53:12;66.0;1745650392;99.086;102.461;98.495;113.264;
1900-01-01 16:53:13;67.0;1745650393;99.166;102.373;98.495;113.264;
1900-01-01 16:53:14;68.0;1745650394;99.188;102.373;98.428;113.285;
1900-01-01 16:53:15;69.0;1745650395;99.188;102.458;98.532;113.32;
1900-01-01 16:53:16;70.0;1745650396;99.145;102.463;98.532;113.32;
1900-01-01 16:53:17;71.0;1745650397;99.087;102.463;98.411;113.325;
1900-01-01 16:53:18;72.0;1745650398;99.087;102.396;98.425;113.276;
1900-01-01 16:53:19;73.0;1745650399;99.029;102.488;98.425;113.276;
1900-01-01 16:53:20;74.0;1745650400;98.999;102.488;98.407;113.174;
1900-01-01 16:53:21;75.0;1745650401;98.999;102.437;98.457;113.257;
1900-01-01 16:53:22;76.0;1745650402;99.045;102.447;98.457;113.257;
1900-01-01 16:53:23;77.0;1745650403;99.045;102.447;98.441;113.302;
1900-01-01 16:53:24;78.0;1745650404;99.08;102.336;98.393;113.302;
1900-01-01 16:53:25;79.0;1745650405;99.085;102.336;98.393;113.264;
1900-01-01 16:53:26;80.0;1745650406;99.085;102.375;98.339;113.297;
1900-01-01 16:53:27;81.0;1745650407;99.073;102.325;98.456;113.297;
1900-01-01 16:53:28;82.0;1745650408;98.997;102.325;98.456;113.272;
1900-01-01 16:53:29;83.0;1745650409;98.997;102.326;98.462;113.263;
1900-01-01 16:53:31;84.0;1745650411;99.083;102.353;98.438;113.263;
1900-01-01 16:53:31;85.0;1745650411;99.029;102.353;98.438;113.278;
1900-01-01 16:53:32;86.0;1745650412;99.029;102.457;98.469;113.209;
1900-01-01 16:53:33;87.0;1745650413;99.015;102.298;98.469;113.209;
1900-01-01 16:53:34;88.0;1745650414;98.875;102.298;98.379;113.363;
1900-01-01 16:53:35;89.0;1745650415;98.875;102.298;98.389;113.266;
1900-01-01 16:53:36;90.0;1745650416;98.95;102.317;98.389;113.266;
1900-01-01 16:53:37;91.0;1745650417;98.95;102.317;98.476;113.367;
1900-01-01 16:53:38;92.0;1745650418;98.775;102.372;98.43;113.367;
1900-01-01 16:53:39;93.0;1745650419;98.605;102.397;98.43;113.417;
1900-01-01 16:53:41;94.0;1745650421;98.699;102.397;98.532;113.302;
1900-01-01 16:53:41;95.0;1745650421;98.699;102.369;98.615;113.302;
1900-01-01 16:53:42;96.0;1745650422;98.589;102.331;98.615;113.369;
1900-01-01 16:53:43;97.0;1745650423;98.589;102.331;98.538;113.355;
1900-01-01 16:53:44;98.0;1745650424;98.611;102.338;98.567;113.296;
1900-01-01 16:53:45;99.0;1745650425;98.67;102.338;98.567;113.296;
1900-01-01 16:53:46;100.0;1745650426;98.67;102.403;98.505;113.336;
1900-01-01 16:53:47;101.0;1745650427;98.651;102.429;98.477;113.336;
1900-01-01 16:53:49;102.0;1745650429;98.624;102.392;98.477;113.162;
1900-01-01 16:53:49;103.0;1745650429;98.624;102.392;98.556;113.395;
1900-01-01 16:53:50;104.0;1745650430;98.628;102.369;98.492;113.395;
1900-01-01 16:53:51;105.0;1745650431;98.614;102.324;98.492;113.27;
1900-01-01 16:53:52;106.0;1745650432;98.614;102.324;98.531;113.337;
1900-01-01 16:53:53;107.0;1745650433;98.602;102.292;98.45;113.337;
1900-01-01 16:53:54;108.0;1745650434;98.586;102.292;98.45;113.337;
1900-01-01 16:53:55;109.0;1745650435;98.586;102.176;98.479;113.246;
1900-01-01 16:53:56;110.0;1745650436;98.665;102.26;98.417;113.246;
1900-01-01 16:53:58;111.0;1745650438;98.648;102.257;98.417;113.235;
1900-01-01 16:53:58;112.0;1745650438;98.648;102.257;98.426;113.322;
1900-01-01 16:53:59;113.0;1745650439;98.616;102.19;98.444;113.322;
1900-01-01 16:54:00;114.0;1745650440;98.701;102.141;98.444;113.274;
1900-01-01 16:54:01;115.0;1745650441;98.701;102.141;98.455;113.281;
1900-01-01 16:54:02;116.0;1745650442;98.623;102.114;98.373;113.281;
1900-01-01 16:54:03;117.0;1745650443;98.648;102.114;98.373;113.278;
1900-01-01 16:54:04;118.0;1745650444;98.648;102.098;98.352;113.226;
1900-01-01 16:54:05;119.0;1745650445;98.574;102.139;98.352;113.226;
1900-01-01 16:54:06;120.0;1745650446;98.621;102.139;98.421;113.404;
1900-01-01 16:54:07;121.0;1745650447;98.621;102.069;98.324;113.404;
1900-01-01 16:54:08;122.0;1745650448;98.522;102.122;98.324;113.391;
1900-01-01 16:54:09;123.0;1745650449;98.502;102.122;98.279;113.406;
1900-01-01 16:54:10;124.0;1745650450;98.502;102.198;98.346;113.251;
1900-01-01 16:54:11;125.0;1745650451;98.51;102.1;98.407;113.251;
1900-01-01 16:54:12;126.0;1745650452;98.51;102.1;98.407;113.35;
1900-01-01 16:54:13;127.0;1745650453;98.502;102.13;98.385;113.317;
1900-01-01 16:54:14;128.0;1745650454;98.438;102.171;98.385;113.317;
1900-01-01 16:54:15;129.0;1745650455;98.396;102.171;98.381;113.312;
1900-01-01 16:54:16;130.0;1745650456;98.396;102.146;98.378;113.312;
1900-01-01 16:54:17;131.0;1745650457;98.504;102.136;98.378;113.349;
1900-01-01 16:54:18;132.0;1745650458;98.43;102.136;98.438;113.32;
1900-01-01 16:54:19;133.0;1745650459;98.43;102.122;98.406;113.212;
1900-01-01 16:54:20;134.0;1745650460;98.373;102.041;98.406;113.212;
1900-01-01 16:54:21;135.0;1745650461;98.35;102.041;98.48;113.265;
1900-01-01 16:54:22;136.0;1745650462;98.35;102.023;98.482;113.265;
1900-01-01 16:54:23;137.0;1745650463;98.316;102.033;98.482;113.335;
1900-01-01 16:54:24;138.0;1745650464;98.25;102.033;98.468;113.306;
1900-01-01 16:54:25;139.0;1745650465;98.25;101.957;98.428;113.306;
1900-01-01 16:54:26;140.0;1745650466;98.354;101.977;98.428;113.31;
1900-01-01 16:54:27;141.0;1745650467;98.354;101.977;98.405;113.348;
1900-01-01 16:54:28;142.0;1745650468;98.354;101.913;98.431;113.348;
1900-01-01 16:54:29;143.0;1745650469;98.381;101.913;98.431;113.284;
1900-01-01 16:54:30;144.0;1745650470;98.381;101.867;98.42;113.28;
1900-01-01 16:54:31;145.0;1745650471;98.328;101.976;98.432;113.28;
1900-01-01 16:54:32;146.0;1745650472;98.366;101.976;98.432;113.237;
1900-01-01 16:54:33;147.0;1745650473;98.366;101.924;98.428;113.405;
1900-01-01 16:54:34;148.0;1745650474;98.286;101.883;98.397;113.405;
1900-01-01 16:54:35;149.0;1745650475;98.311;101.883;98.397;113.329;
1900-01-01 16:54:36;150.0;1745650476;98.311;101.805;98.484;113.333;
1900-01-01 16:54:37;151.0;1745650477;98.311;101.855;98.436;113.333;
1900-01-01 16:54:39;152.0;1745650479;98.263;101.855;98.436;113.342;
1900-01-01 16:54:39;153.0;1745650479;98.263;101.84;98.465;113.204;
1900-01-01 16:54:40;154.0;1745650480;98.236;101.836;98.465;113.204;
1900-01-01 16:54:41;155.0;1745650481;98.236;101.836;98.492;113.253;
1900-01-01 16:54:42;156.0;1745650482;98.195;101.845;98.489;113.295;
1900-01-01 16:54:43;157.0;1745650483;98.216;101.829;98.489;113.295;
1900-01-01 16:54:44;158.0;1745650484;98.216;101.829;98.49;113.376;
1900-01-01 16:54:45;159.0;1745650485;98.079;101.861;98.475;113.376;
1900-01-01 16:54:46;160.0;1745650486;98.138;101.92;98.475;113.352;
1900-01-01 16:54:47;161.0;1745650487;98.135;101.92;98.522;113.25;
1900-01-01 16:54:48;162.0;1745650488;98.135;101.893;98.424;113.25;
1900-01-01 16:54:49;163.0;1745650489;98.099;101.863;98.424;113.283;
1900-01-01 16:54:50;164.0;1745650490;98.099;101.863;98.481;113.318;
1900-01-01 16:54:51;165.0;1745650491;98.032;101.768;98.489;113.318;
1900-01-01 16:54:52;166.0;1745650492;98.034;101.768;98.489;113.387;
1900-01-01 16:54:53;167.0;1745650493;98.034;101.789;98.448;113.307;
1900-01-01 16:54:54;168.0;1745650494;97.895;101.776;98.517;113.307;
1900-01-01 16:54:55;169.0;1745650495;97.857;101.776;98.517;113.285;
1900-01-01 16:54:57;170.0;1745650497;97.857;101.873;98.494;113.35;
1900-01-01 16:54:57;171.0;1745650497;97.922;101.841;98.494;113.35;
1900-01-01 16:54:58;172.0;1745650498;97.9;101.841;98.495;113.345;
1900-01-01 16:54:59;173.0;1745650499;97.9;101.742;98.471;113.306;
1900-01-01 16:55:00;174.0;1745650500;97.799;101.754;98.471;113.306;
1900-01-01 16:55:01;175.0;1745650501;97.799;101.754;98.546;113.364;
1900-01-01 16:55:02;176.0;1745650502;97.727;101.715;98.531;113.282;
1900-01-01 16:55:03;177.0;1745650503;97.746;101.749;98.531;113.282;
1900-01-01 16:55:04;178.0;1745650504;97.746;101.749;98.476;113.291;
1900-01-01 16:55:05;179.0;1745650505;97.795;101.701;98.535;113.291;
1900-01-01 16:55:06;180.0;1745650506;97.812;101.732;98.535;113.257;
1900-01-01 16:55:07;181.0;1745650507;97.812;101.732;98.392;113.245;
1900-01-01 16:55:08;182.0;1745650508;97.696;101.853;98.388;113.245;
1900-01-01 16:55:09;183.0;1745650509;97.694;101.853;98.388;113.275;
1900-01-01 16:55:10;184.0;1745650510;97.694;101.712;98.468;113.341;
1900-01-01 16:55:11;185.0;1745650511;97.646;101.82;98.439;113.341;
1900-01-01 16:55:13;186.0;1745650513;97.563;101.796;98.439;113.312;
1900-01-01 16:55:13;187.0;1745650513;97.563;101.796;98.361;113.255;
1900-01-01 16:55:14;188.0;1745650514;97.649;101.696;98.426;113.255;
1900-01-01 16:55:15;189.0;1745650515;97.489;101.696;98.426;113.236;
1900-01-01 16:55:16;190.0;1745650516;97.489;101.619;98.515;113.24;
1900-01-01 16:55:17;191.0;1745650517;97.489;101.55;98.515;113.24;
1900-01-01 16:55:18;192.0;1745650518;97.566;101.55;98.415;113.298;
1900-01-01 16:55:19;193.0;1745650519;97.566;101.651;98.463;113.264;
1900-01-01 16:55:21;194.0;1745650521;97.491;101.622;98.403;113.264;
1900-01-01 16:55:21;195.0;1745650521;97.542;101.622;98.403;113.231;
1900-01-01 16:55:22;196.0;1745650522;97.542;101.591;98.39;113.215;
1900-01-01 16:55:23;197.0;1745650523;97.549;101.612;98.442;113.215;
1900-01-01 16:55:24;198.0;1745650524;97.532;101.612;98.442;113.178;
1900-01-01 16:55:25;199.0;1745650525;97.532;101.53;98.322;113.337;
1900-01-01 16:55:26;200.0;1745650526;97.617;101.49;98.296;113.337;
1900-01-01 16:55:28;201.0;1745650528;97.526;101.49;98.296;113.343;
1900-01-01 16:55:28;202.0;1745650528;97.526;101.546;98.301;113.278;
1900-01-01 16:55:29;203.0;1745650529;97.597;101.519;98.301;113.278;
1900-01-01 16:55:31;204.0;1745650531;97.566;101.519;98.312;113.266;
1900-01-01 16:55:31;205.0;1745650531;97.566;101.52;98.338;113.266;
1900-01-01 16:55:32;206.0;1745650532;97.555;101.571;98.338;113.196;
1900-01-01 16:55:33;207.0;1745650533;97.555;101.571;98.396;113.281;
1900-01-01 16:55:34;208.0;1745650534;97.524;101.744;98.416;113.281;
1900-01-01 16:55:35;209.0;1745650535;97.442;101.669;98.416;113.294;
1900-01-01 16:55:36;210.0;1745650536;97.442;101.669;98.316;113.335;
1900-01-01 16:55:37;211.0;1745650537;97.49;101.732;98.32;113.335;
1900-01-01 16:55:38;212.0;1745650538;97.52;101.732;98.32;113.165;
1900-01-01 16:55:39;213.0;1745650539;97.52;101.648;98.453;113.244;
1900-01-01 16:55:40;214.0;1745650540;97.533;101.667;98.453;113.244;
1900-01-01 16:55:41;215.0;1745650541;97.472;101.667;98.49;113.287;
1900-01-01 16:55:42;216.0;1745650542;97.472;101.559;98.464;113.251;
1900-01-01 16:55:43;217.0;1745650543;97.443;101.564;98.464;113.251;
1900-01-01 16:55:44;218.0;1745650544;97.443;101.564;98.501;113.287;
1900-01-01 16:55:45;219.0;1745650545;97.454;101.591;98.453;113.32;
1900-01-01 16:55:46;220.0;1745650546;97.468;101.561;98.453;113.32;
1900-01-01 16:55:47;221.0;1745650547;97.468;101.561;98.374;113.321;
1900-01-01 16:55:48;222.0;1745650548;97.41;101.503;98.439;113.321;
1900-01-01 16:55:49;223.0;1745650549;97.31;101.43;98.439;113.17;
1900-01-01 16:55:50;224.0;1745650550;97.31;101.43;98.428;113.365;
1900-01-01 16:55:51;225.0;1745650551;97.278;101.384;98.348;113.365;
1900-01-01 16:55:52;226.0;1745650552;97.285;101.384;98.348;113.318;
1900-01-01 16:55:53;227.0;1745650553;97.285;101.409;98.461;113.316;
1900-01-01 16:55:54;228.0;1745650554;97.252;101.376;98.329;113.316;
1900-01-01 16:55:55;229.0;1745650555;97.302;101.327;98.329;113.346;
1900-01-01 16:55:56;230.0;1745650556;97.302;101.327;98.491;113.351;
1900-01-01 16:55:57;231.0;1745650557;97.257;101.403;98.367;113.351;
1900-01-01 16:55:58;232.0;1745650558;97.224;101.403;98.367;113.379;
1900-01-01 16:55:59;233.0;1745650559;97.224;101.34;98.397;113.28;
1900-01-01 16:56:00;234.0;1745650560;97.197;101.303;98.397;113.28;
1900-01-01 16:56:01;235.0;1745650561;97.126;101.303;98.433;113.249;
1900-01-01 16:56:02;236.0;1745650562;97.126;101.356;98.358;113.284;
1900-01-01 16:56:03;237.0;1745650563;97.08;101.384;98.358;113.284;
1900-01-01 16:56:04;238.0;1745650564;97.103;101.384;98.448;113.332;
1900-01-01 16:56:05;239.0;1745650565;97.103;101.296;98.394;113.387;
1900-01-01 16:56:06;240.0;1745650566;96.999;101.397;98.394;113.387;
1900-01-01 16:56:07;241.0;1745650567;96.999;101.397;98.439;113.324;
1900-01-01 16:56:08;242.0;1745650568;96.996;101.513;98.474;113.324;
1900-01-01 16:56:09;243.0;1745650569;97.045;101.513;98.474;113.325;
1900-01-01 16:56:10;244.0;1745650570;97.045;101.419;98.513;113.326;
1900-01-01 16:56:11;245.0;1745650571;96.913;101.433;98.429;113.326;
1900-01-01 16:56:12;246.0;1745650572;96.953;101.433;98.429;113.321;
1900-01-01 16:56:13;247.0;1745650573;96.953;101.333;98.535;113.306;
1900-01-01 16:56:15;248.0;1745650575;96.804;101.309;98.464;113.306;
1900-01-01 16:56:15;249.0;1745650575;96.882;101.309;98.464;113.218;
1900-01-01 16:56:16;250.0;1745650576;96.882;101.29;98.537;113.359;
1900-01-01 16:56:17;251.0;1745650577;96.875;101.136;98.485;113.359;
1900-01-01 16:56:18;252.0;1745650578;96.908;101.136;98.485;113.303;
1900-01-01 16:56:19;253.0;1745650579;96.908;101.145;98.442;113.284;
1900-01-01 16:56:20;254.0;1745650580;96.965;101.195;98.579;113.284;
1900-01-01 16:56:21;255.0;1745650581;96.965;101.195;98.579;113.194;
1900-01-01 16:56:22;256.0;1745650582;96.953;101.138;98.448;113.336;
1900-01-01 16:56:23;257.0;1745650583;96.957;101.125;98.448;113.336;
1900-01-01 16:56:24;258.0;1745650584;96.957;101.125;98.455;113.295;
1900-01-01 16:56:25;259.0;1745650585;96.853;101.044;98.411;113.295;
1900-01-01 16:56:26;260.0;1745650586;96.85;101.064;98.411;113.233;
1900-01-01 16:56:27;261.0;1745650587;96.85;101.064;98.437;113.269;
1900-01-01 16:56:28;262.0;1745650588;96.762;100.965;98.472;113.269;
1900-01-01 16:56:30;263.0;1745650590;96.827;100.937;98.472;113.307;
1900-01-01 16:56:30;264.0;1745650590;96.827;100.937;98.453;113.261;
1900-01-01 16:56:31;265.0;1745650591;96.692;100.94;98.422;113.261;
1900-01-01 16:56:32;266.0;1745650592;96.771;100.885;98.422;113.249;
1900-01-01 16:56:33;267.0;1745650593;96.771;100.885;98.404;113.334;
1900-01-01 16:56:34;268.0;1745650594;96.781;100.93;98.472;113.334;
1900-01-01 16:56:35;269.0;1745650595;96.744;100.866;98.472;113.218;
1900-01-01 16:56:36;270.0;1745650596;96.744;100.866;98.357;113.271;
1900-01-01 16:56:37;271.0;1745650597;96.78;101.007;98.463;113.271;
1900-01-01 16:56:38;272.0;1745650598;96.705;101.007;98.463;113.305;
1900-01-01 16:56:39;273.0;1745650599;96.705;101.041;98.471;113.28;
1900-01-01 16:56:40;274.0;1745650600;96.61;101.011;98.436;113.28;
1900-01-01 16:56:41;275.0;1745650601;96.592;101.011;98.436;113.233;
1900-01-01 16:56:42;276.0;1745650602;96.592;101.104;98.358;113.243;
1900-01-01 16:56:43;277.0;1745650603;96.592;101.118;98.358;113.243;
1900-01-01 16:56:44;278.0;1745650604;96.566;101.118;98.358;113.315;
1900-01-01 16:56:45;279.0;1745650605;96.566;101.185;98.573;113.263;
1900-01-01 16:56:46;280.0;1745650606;96.558;101.2;98.573;113.263;
1900-01-01 16:56:47;281.0;1745650607;96.558;101.2;98.482;113.292;
1900-01-01 16:56:48;282.0;1745650608;96.52;101.224;98.465;113.255;
1900-01-01 16:56:49;283.0;1745650609;96.499;101.237;98.465;113.255;
1900-01-01 16:56:50;284.0;1745650610;96.499;101.237;98.509;113.252;
1900-01-01 16:56:51;285.0;1745650611;96.501;101.228;98.471;113.252;
1900-01-01 16:56:52;286.0;1745650612;96.428;101.163;98.471;113.255;
1900-01-01 16:56:53;287.0;1745650613;96.428;101.163;98.476;113.313;
1900-01-01 16:56:54;288.0;1745650614;96.478;101.238;98.47;113.313;
1900-01-01 16:56:55;289.0;1745650615;96.545;101.152;98.47;113.286;
1900-01-01 16:56:56;290.0;1745650616;96.545;101.152;98.481;113.328;
1900-01-01 16:56:57;291.0;1745650617;96.473;101.234;98.543;113.328;
1900-01-01 16:56:58;292.0;1745650618;96.415;101.234;98.543;113.282;
1900-01-01 16:56:59;293.0;1745650619;96.415;101.164;98.51;113.348;
1900-01-01 16:57:00;294.0;1745650620;96.328;101.13;98.461;113.348;
1900-01-01 16:57:01;295.0;1745650621;96.294;101.13;98.461;113.266;
1900-01-01 16:57:02;296.0;1745650622;96.294;101.105;98.497;113.344;
1900-01-01 16:57:03;297.0;1745650623;96.379;101.084;98.496;113.344;
1900-01-01 16:57:04;298.0;1745650624;96.355;100.983;98.496;113.301;
1900-01-01 16:57:05;299.0;1745650625;96.355;100.983;98.534;113.339;
1900-01-01 16:57:06;300.0;1745650626;96.487;101.017;98.549;113.339;
1900-01-01 16:57:07;301.0;1745650627;96.531;101.017;98.549;113.315;
1900-01-01 16:57:08;302.0;1745650628;96.531;100.986;98.49;113.351;
1900-01-01 16:57:09;303.0;1745650629;96.488;100.988;98.49;113.351;
1900-01-01 16:57:10;304.0;1745650630;96.47;100.988;98.51;113.358;
1900-01-01 16:57:11;305.0;1745650631;96.47;100.968;98.578;113.251;
1900-01-01 16:57:12;306.0;1745650632;96.513;100.954;98.578;113.251;
1900-01-01 16:57:13;307.0;1745650633;96.399;100.954;98.481;113.23;
1900-01-01 16:57:15;308.0;1745650635;96.399;100.947;98.466;113.285;
1900-01-01 16:57:15;309.0;1745650635;96.382;100.901;98.466;113.285;
1900-01-01 16:57:16;310.0;1745650636;96.273;100.901;98.495;113.262;
1900-01-01 16:57:17;311.0;1745650637;96.273;100.877;98.553;113.262;
1900-01-01 16:57:18;312.0;1745650638;96.209;100.898;98.553;113.311;
1900-01-01 16:57:19;313.0;1745650639;96.209;100.898;98.52;113.324;
1900-01-01 16:57:20;314.0;1745650640;96.16;100.843;98.532;113.324;
1900-01-01 16:57:21;315.0;1745650641;96.068;100.843;98.532;113.281;
1900-01-01 16:57:22;316.0;1745650642;96.068;100.873;98.587;113.246;
1900-01-01 16:57:23;317.0;1745650643;96.032;100.789;98.587;113.246;
1900-01-01 16:57:24;318.0;1745650644;95.999;100.789;98.559;113.258;
1900-01-01 16:57:25;319.0;1745650645;95.999;100.881;98.525;113.303;
1900-01-01 16:57:26;320.0;1745650646;95.932;100.94;98.525;113.303;
1900-01-01 16:57:27;321.0;1745650647;95.826;100.94;98.552;113.221;
1900-01-01 16:57:28;322.0;1745650648;95.826;100.788;98.539;113.304;
1900-01-01 16:57:29;323.0;1745650649;95.764;100.773;98.539;113.304;
1900-01-01 16:57:30;324.0;1745650650;95.764;100.773;98.414;113.384;
1900-01-01 16:57:31;325.0;1745650651;95.787;100.834;98.481;113.384;
1900-01-01 16:57:32;326.0;1745650652;95.725;100.854;98.481;113.322;
1900-01-01 16:57:33;327.0;1745650653;95.745;100.854;98.509;113.246;
1900-01-01 16:57:34;328.0;1745650654;95.745;100.735;98.395;113.246;
1900-01-01 16:57:35;329.0;1745650655;95.656;100.718;98.395;113.276;
1900-01-01 16:57:36;330.0;1745650656;95.656;100.718;98.401;113.252;
1900-01-01 16:57:37;331.0;1745650657;95.656;100.688;98.44;113.252;
1900-01-01 16:57:38;332.0;1745650658;95.712;100.73;98.44;113.317;
1900-01-01 16:57:39;333.0;1745650659;95.712;100.73;98.44;113.293;
1900-01-01 16:57:40;334.0;1745650660;95.725;100.676;98.383;113.293;
1900-01-01 16:57:41;335.0;1745650661;95.887;100.729;98.383;113.368;
1900-01-01 16:57:42;336.0;1745650662;95.887;100.729;98.446;113.308;
1900-01-01 16:57:43;337.0;1745650663;95.914;100.783;98.445;113.308;
1900-01-01 16:57:44;338.0;1745650664;95.975;100.783;98.445;113.387;
1900-01-01 16:57:45;339.0;1745650665;95.975;100.819;98.436;113.231;
1900-01-01 16:57:46;340.0;1745650666;95.962;100.771;98.432;113.231;
1900-01-01 16:57:47;341.0;1745650667;95.966;100.771;98.432;113.294;
1900-01-01 16:57:48;342.0;1745650668;95.966;100.684;98.549;113.302;
1900-01-01 16:57:49;343.0;1745650669;95.903;100.746;98.549;113.302;
1900-01-01 16:57:50;344.0;1745650670;95.905;100.746;98.506;113.273;
1900-01-01 16:57:51;345.0;1745650671;95.905;100.589;98.478;113.307;
1900-01-01 16:57:52;346.0;1745650672;95.895;100.512;98.478;113.307;
1900-01-01 16:57:53;347.0;1745650673;95.884;100.512;98.473;113.247;
1900-01-01 16:57:54;348.0;1745650674;95.884;100.484;98.552;113.247;
1900-01-01 16:57:55;349.0;1745650675;95.82;100.511;98.552;113.198;
1900-01-01 16:57:56;350.0;1745650676;95.779;100.511;98.539;113.3;
1900-01-01 16:57:57;351.0;1745650677;95.779;100.519;98.565;113.3;
1900-01-01 16:57:58;352.0;1745650678;95.703;100.518;98.565;113.317;
1900-01-01 16:57:59;353.0;1745650679;95.703;100.518;98.548;113.271;
1900-01-01 16:58:00;354.0;1745650680;95.683;100.496;98.528;113.271;
1900-01-01 16:58:01;355.0;1745650681;95.699;100.481;98.528;113.249;
1900-01-01 16:58:02;356.0;1745650682;95.699;100.481;98.562;113.304;
1900-01-01 16:58:03;357.0;1745650683;95.708;100.535;98.416;113.304;
1900-01-01 16:58:04;358.0;1745650684;95.69;100.535;98.416;113.262;
1900-01-01 16:58:05;359.0;1745650685;95.69;100.561;98.458;113.214;
1900-01-01 16:58:07;360.0;1745650687;95.706;100.503;98.516;113.214;
1900-01-01 16:58:07;361.0;1745650687;95.585;100.503;98.516;113.231;
1900-01-01 16:58:08;362.0;1745650688;95.585;100.58;98.354;113.309;
1900-01-01 16:58:09;363.0;1745650689;95.649;100.641;98.46;113.309;
1900-01-01 16:58:10;364.0;1745650690;95.584;100.641;98.46;113.265;
1900-01-01 16:58:11;365.0;1745650691;95.584;100.531;98.432;113.273;
1900-01-01 16:58:12;366.0;1745650692;95.503;100.493;98.432;113.273;
1900-01-01 16:58:13;367.0;1745650693;95.499;100.493;98.47;113.341;
1900-01-01 16:58:14;368.0;1745650694;95.499;100.523;98.479;113.276;
1900-01-01 16:58:15;369.0;1745650695;95.474;100.451;98.479;113.276;
1900-01-01 16:58:16;370.0;1745650696;95.42;100.451;98.539;113.232;
1900-01-01 16:58:17;371.0;1745650697;95.42;100.336;98.609;113.28;
1900-01-01 16:58:18;372.0;1745650698;95.4;100.417;98.609;113.28;
1900-01-01 16:58:19;373.0;1745650699;95.4;100.417;98.563;113.394;
1900-01-01 16:58:20;374.0;1745650700;95.292;100.469;98.526;113.394;
1900-01-01 16:58:22;375.0;1745650702;95.3;100.443;98.526;113.316;
1900-01-01 16:58:22;376.0;1745650702;95.3;100.443;98.546;113.402;
1900-01-01 16:58:23;377.0;1745650703;95.215;100.405;98.524;113.402;
1900-01-01 16:58:24;378.0;1745650704;95.256;100.405;98.524;113.315;
1900-01-01 16:58:25;379.0;1745650705;95.256;100.354;98.48;113.302;
1900-01-01 16:58:26;380.0;1745650706;95.148;100.349;98.532;113.302;
1900-01-01 16:58:27;381.0;1745650707;95.078;100.349;98.532;113.207;
1900-01-01 16:58:28;382.0;1745650708;95.078;100.439;98.511;113.306;
1900-01-01 16:58:29;383.0;1745650709;95.097;100.43;98.601;113.306;
1900-01-01 16:58:30;384.0;1745650710;95.089;100.43;98.601;113.333;
1900-01-01 16:58:31;385.0;1745650711;95.089;100.416;98.52;113.309;
1900-01-01 16:58:32;386.0;1745650712;95.177;100.303;98.52;113.309;
1900-01-01 16:58:34;387.0;1745650714;95.119;100.303;98.464;113.34;
1900-01-01 16:58:34;388.0;1745650714;95.119;100.396;98.483;113.252;
1900-01-01 16:58:35;389.0;1745650715;95.203;100.477;98.483;113.252;
1900-01-01 16:58:37;390.0;1745650717;95.083;100.477;98.542;113.229;
1900-01-01 16:58:37;391.0;1745650717;95.083;100.426;98.502;113.229;
1900-01-01 16:58:38;392.0;1745650718;95.093;100.372;98.502;113.262;
1900-01-01 16:58:39;393.0;1745650719;95.114;100.372;98.401;113.334;
1900-01-01 16:58:40;394.0;1745650720;95.114;100.414;98.455;113.334;
1900-01-01 16:58:41;395.0;1745650721;95.079;100.318;98.455;113.3;
1900-01-01 16:58:42;396.0;1745650722;95.079;100.318;98.418;113.316;
1900-01-01 16:58:43;397.0;1745650723;94.95;100.391;98.416;113.316;
1900-01-01 16:58:44;398.0;1745650724;94.847;100.39;98.416;113.376;
1900-01-01 16:58:45;399.0;1745650725;94.847;100.39;98.409;113.307;
1900-01-01 16:58:46;400.0;1745650726;94.838;100.275;98.48;113.307;
1900-01-01 16:58:47;401.0;1745650727;94.773;100.335;98.48;113.345;
1900-01-01 16:58:48;402.0;1745650728;94.773;100.335;98.478;113.293;
1900-01-01 16:58:49;403.0;1745650729;94.687;100.221;98.42;113.293;
1900-01-01 16:58:50;404.0;1745650730;94.603;100.294;98.42;113.253;
1900-01-01 16:58:51;405.0;1745650731;94.603;100.294;98.436;113.367;
1900-01-01 16:58:52;406.0;1745650732;94.658;100.29;98.501;113.367;
1900-01-01 16:58:53;407.0;1745650733;94.615;100.331;98.501;113.262;
1900-01-01 16:58:54;408.0;1745650734;94.615;100.331;98.464;113.31;
1900-01-01 16:58:55;409.0;1745650735;94.585;100.307;98.385;113.31;
1900-01-01 16:58:56;410.0;1745650736;94.642;100.196;98.385;113.198;
1900-01-01 16:58:57;411.0;1745650737;94.642;100.196;98.454;113.289;
1900-01-01 16:58:58;412.0;1745650738;94.552;100.384;98.482;113.289;
1900-01-01 16:58:59;413.0;1745650739;94.593;100.308;98.482;113.237;
1900-01-01 16:59:00;414.0;1745650740;94.593;100.308;98.454;113.282;
1900-01-01 16:59:01;415.0;1745650741;94.559;100.264;98.419;113.282;
1900-01-01 16:59:02;416.0;1745650742;94.539;100.264;98.419;113.272;
1900-01-01 16:59:03;417.0;1745650743;94.539;100.304;98.44;113.361;
1900-01-01 16:59:05;418.0;1745650745;94.419;100.258;98.488;113.361;
1900-01-01 16:59:05;419.0;1745650745;94.469;100.258;98.488;113.282;
1900-01-01 16:59:06;420.0;1745650746;94.469;100.226;98.5;113.271;
1900-01-01 16:59:07;421.0;1745650747;94.354;100.219;98.496;113.271;
1900-01-01 16:59:08;422.0;1745650748;94.347;100.219;98.496;113.197;
1900-01-01 16:59:09;423.0;1745650749;94.347;100.255;98.426;113.314;
1900-01-01 16:59:10;424.0;1745650750;94.216;100.199;98.426;113.314;
1900-01-01 16:59:11;425.0;1745650751;94.126;100.199;98.443;113.299;
1900-01-01 16:59:12;426.0;1745650752;94.126;100.227;98.459;113.301;
1900-01-01 16:59:14;427.0;1745650754;94.091;100.145;98.474;113.301;
1900-01-01 16:59:14;428.0;1745650754;93.994;100.145;98.474;113.296;
1900-01-01 16:59:15;429.0;1745650755;93.994;100.027;98.418;113.323;
1900-01-01 16:59:16;430.0;1745650756;94.026;100.079;98.418;113.323;
1900-01-01 16:59:17;431.0;1745650757;93.902;100.079;98.384;113.357;
1900-01-01 16:59:18;432.0;1745650758;93.902;100.072;98.427;113.257;
1900-01-01 16:59:19;433.0;1745650759;93.832;100.057;98.427;113.257;
1900-01-01 16:59:20;434.0;1745650760;93.894;100.057;98.343;113.266;
1900-01-01 16:59:21;435.0;1745650761;93.894;99.948;98.382;113.265;
1900-01-01 16:59:22;436.0;1745650762;93.93;100.018;98.472;113.265;
1900-01-01 16:59:23;437.0;1745650763;94.036;100.018;98.472;113.361;
1900-01-01 16:59:24;438.0;1745650764;94.036;99.905;98.402;113.255;
1900-01-01 16:59:25;439.0;1745650765;93.968;99.993;98.402;113.255;
1900-01-01 16:59:26;440.0;1745650766;93.944;99.993;98.506;113.271;
1900-01-01 16:59:27;441.0;1745650767;93.944;99.971;98.391;113.271;
1900-01-01 16:59:28;442.0;1745650768;93.909;99.979;98.391;113.29;
1900-01-01 16:59:29;443.0;1745650769;93.909;99.979;98.439;113.216;
1900-01-01 16:59:30;444.0;1745650770;93.866;99.946;98.474;113.216;
1900-01-01 16:59:31;445.0;1745650771;93.941;100.038;98.474;113.334;
1900-01-01 16:59:32;446.0;1745650772;93.941;100.038;98.479;113.233;
1900-01-01 16:59:33;447.0;1745650773;93.872;99.879;98.407;113.233;
1900-01-01 16:59:34;448.0;1745650774;93.755;99.959;98.407;113.267;
1900-01-01 16:59:35;449.0;1745650775;93.755;99.959;98.391;113.187;
1900-01-01 16:59:36;450.0;1745650776;93.825;99.961;98.396;113.187;
1900-01-01 16:59:37;451.0;1745650777;93.786;99.825;98.396;113.299;
1900-01-01 16:59:38;452.0;1745650778;93.786;99.825;98.347;113.226;
1900-01-01 16:59:39;453.0;1745650779;93.837;99.913;98.394;113.226;
1900-01-01 16:59:40;454.0;1745650780;93.893;99.913;98.394;113.207;
1900-01-01 16:59:41;455.0;1745650781;93.893;99.983;98.414;113.221;
1900-01-01 16:59:42;456.0;1745650782;93.888;99.979;98.414;113.221;
1900-01-01 16:59:43;457.0;1745650783;93.866;99.979;98.456;113.251;
1900-01-01 16:59:44;458.0;1745650784;93.866;99.861;98.347;113.271;
1900-01-01 16:59:45;459.0;1745650785;93.956;99.935;98.376;113.271;
1900-01-01 16:59:47;460.0;1745650787;93.956;99.935;98.376;113.276;
1900-01-01 16:59:47;461.0;1745650787;93.956;99.934;98.396;113.323;
1900-01-01 16:59:48;462.0;1745650788;93.846;99.986;98.433;113.323;
1900-01-01 16:59:49;463.0;1745650789;93.846;99.986;98.433;113.268;
1900-01-01 16:59:50;464.0;1745650790;93.767;99.915;98.333;113.21;
1900-01-01 16:59:51;465.0;1745650791;93.694;99.886;98.333;113.21;
1900-01-01 16:59:52;466.0;1745650792;93.694;99.886;98.345;113.345;
1900-01-01 16:59:53;467.0;1745650793;93.623;99.793;98.333;113.345;
1900-01-01 16:59:54;468.0;1745650794;93.531;99.858;98.333;113.305;
1900-01-01 16:59:55;469.0;1745650795;93.531;99.858;98.352;113.255;
1900-01-01 16:59:56;470.0;1745650796;93.481;99.799;98.417;113.255;
1900-01-01 16:59:57;471.0;1745650797;93.465;99.799;98.417;113.204;
1900-01-01 16:59:59;472.0;1745650799;93.465;99.766;98.354;113.364;
1900-01-01 16:59:59;473.0;1745650799;93.494;99.726;98.424;113.364;
1900-01-01 17:00:00;474.0;1745650800;93.459;99.726;98.424;113.196;
1900-01-01 17:00:01;475.0;1745650801;93.459;99.762;98.345;113.298;
1900-01-01 17:00:02;476.0;1745650802;93.469;99.736;98.395;113.298;
1900-01-01 17:00:03;477.0;1745650803;93.515;99.736;98.395;113.295;
1900-01-01 17:00:04;478.0;1745650804;93.515;99.784;98.352;113.176;
1900-01-01 17:00:05;479.0;1745650805;93.374;99.753;98.352;113.176;
1900-01-01 17:00:06;480.0;1745650806;93.375;99.753;98.389;113.279;
1900-01-01 17:00:07;481.0;1745650807;93.375;99.663;98.388;113.21;
1900-01-01 17:00:08;482.0;1745650808;93.372;99.664;98.388;113.21;
1900-01-01 17:00:09;483.0;1745650809;93.372;99.664;98.367;113.091;
1900-01-01 17:00:10;484.0;1745650810;93.306;99.64;98.43;113.243;
1900-01-01 17:00:11;485.0;1745650811;93.264;99.607;98.43;113.243;
1900-01-01 17:00:13;486.0;1745650813;93.215;99.607;98.447;113.219;
1900-01-01 17:00:13;487.0;1745650813;93.215;99.631;98.48;113.219;
1900-01-01 17:00:14;488.0;1745650814;93.253;99.651;98.48;113.227;
1900-01-01 17:00:15;489.0;1745650815;93.308;99.651;98.444;113.15;
1900-01-01 17:00:16;490.0;1745650816;93.308;99.654;98.47;113.15;
1900-01-01 17:00:17;491.0;1745650817;93.237;99.545;98.47;113.253;
1900-01-01 17:00:18;492.0;1745650818;93.253;99.545;98.362;113.269;
1900-01-01 17:00:19;493.0;1745650819;93.253;99.604;98.376;113.269;
1900-01-01 17:00:20;494.0;1745650820;93.195;99.576;98.376;113.215;
1900-01-01 17:00:21;495.0;1745650821;93.195;99.576;98.442;113.302;
1900-01-01 17:00:22;496.0;1745650822;93.267;99.563;98.443;113.302;
1900-01-01 17:00:23;497.0;1745650823;93.252;99.551;98.443;113.239;
1900-01-01 17:00:24;498.0;1745650824;93.252;99.551;98.511;113.166;
1900-01-01 17:00:25;499.0;1745650825;93.237;99.537;98.513;113.166;
1900-01-01 17:00:26;500.0;1745650826;93.189;99.537;98.513;113.266;
1900-01-01 17:00:27;501.0;1745650827;93.189;99.698;98.482;113.258;
1900-01-01 17:00:28;502.0;1745650828;93.228;99.649;98.482;113.258;
1900-01-01 17:00:29;503.0;1745650829;93.232;99.649;98.453;113.233;
1900-01-01 17:00:30;504.0;1745650830;93.232;99.64;98.497;113.256;
1900-01-01 17:00:31;505.0;1745650831;93.179;99.76;98.497;113.256;
1900-01-01 17:00:32;506.0;1745650832;93.129;99.76;98.503;113.279;
1900-01-01 17:00:33;507.0;1745650833;93.129;99.737;98.534;113.279;
1900-01-01 17:00:34;508.0;1745650834;93.032;99.62;98.534;113.276;
1900-01-01 17:00:35;509.0;1745650835;92.953;99.62;98.538;113.267;
1900-01-01 17:00:36;510.0;1745650836;92.953;99.69;98.586;113.267;
1900-01-01 17:00:37;511.0;1745650837;92.889;99.692;98.586;113.213;
1900-01-01 17:00:38;512.0;1745650838;92.884;99.692;98.649;113.267;
1900-01-01 17:00:39;513.0;1745650839;92.884;99.714;98.514;113.267;
1900-01-01 17:00:40;514.0;1745650840;92.808;99.579;98.514;113.271;
1900-01-01 17:00:41;515.0;1745650841;92.808;99.579;98.61;113.278;
1900-01-01 17:00:42;516.0;1745650842;92.743;99.651;98.563;113.278;
1900-01-01 17:00:43;517.0;1745650843;92.684;99.651;98.563;113.335;
1900-01-01 17:00:44;518.0;1745650844;92.684;99.78;98.566;113.17;
1900-01-01 17:00:45;519.0;1745650845;92.509;99.742;98.566;113.17;
1900-01-01 17:00:46;520.0;1745650846;92.541;99.742;98.614;113.283;
1900-01-01 17:00:47;521.0;1745650847;92.541;99.674;98.571;113.275;
1900-01-01 17:00:48;522.0;1745650848;92.48;99.616;98.549;113.275;
1900-01-01 17:00:49;523.0;1745650849;92.451;99.616;98.549;113.276;
1900-01-01 17:00:50;524.0;1745650850;92.451;99.531;98.614;113.285;
1900-01-01 17:00:51;525.0;1745650851;92.428;99.515;98.614;113.285;
1900-01-01 17:00:52;526.0;1745650852;92.495;99.515;98.569;113.314;
1900-01-01 17:00:53;527.0;1745650853;92.495;99.347;98.592;113.303;
1900-01-01 17:00:54;528.0;1745650854;92.522;99.35;98.592;113.303;
1900-01-01 17:00:55;529.0;1745650855;92.547;99.35;98.581;113.272;
1900-01-01 17:00:56;530.0;1745650856;92.547;99.266;98.525;113.309;
1900-01-01 17:00:57;531.0;1745650857;92.628;99.312;98.547;113.309;
1900-01-01 17:00:58;532.0;1745650858;92.721;99.312;98.547;113.222;
1900-01-01 17:00:59;533.0;1745650859;92.721;99.248;98.476;113.38;
1900-01-01 17:01:00;534.0;1745650860;92.74;99.311;98.476;113.38;
1900-01-01 17:01:01;535.0;1745650861;92.74;99.311;98.507;113.296;
1900-01-01 17:01:02;536.0;1745650862;92.679;99.312;98.473;113.317;
1900-01-01 17:01:03;537.0;1745650863;92.645;99.308;98.473;113.317;
1900-01-01 17:01:04;538.0;1745650864;92.645;99.308;98.444;113.281;
1900-01-01 17:01:05;539.0;1745650865;92.625;99.445;98.37;113.281;
1900-01-01 17:01:06;540.0;1745650866;92.559;99.299;98.37;113.238;
1900-01-01 17:01:07;541.0;1745650867;92.559;99.299;98.446;113.228;
1900-01-01 17:01:08;542.0;1745650868;92.52;99.393;98.408;113.228;
1900-01-01 17:01:09;543.0;1745650869;92.463;99.393;98.408;113.243;
1900-01-01 17:01:10;544.0;1745650870;92.463;99.343;98.408;113.22;
1900-01-01 17:01:12;545.0;1745650872;92.451;99.427;98.442;113.22;
1900-01-01 17:01:12;546.0;1745650872;92.505;99.427;98.442;113.24;
1900-01-01 17:01:13;547.0;1745650873;92.505;99.3;98.373;113.314;
1900-01-01 17:01:14;548.0;1745650874;92.471;99.329;98.408;113.314;
1900-01-01 17:01:16;549.0;1745650876;92.426;99.329;98.408;113.263;
1900-01-01 17:01:16;550.0;1745650876;92.426;99.325;98.463;113.233;
1900-01-01 17:01:17;551.0;1745650877;92.418;99.35;98.463;113.233;
1900-01-01 17:01:18;552.0;1745650878;92.324;99.35;98.419;113.187;
1900-01-01 17:01:19;553.0;1745650879;92.324;99.287;98.479;113.187;
1900-01-01 17:01:20;554.0;1745650880;92.335;99.323;98.479;113.274;
1900-01-01 17:01:21;555.0;1745650881;92.412;99.323;98.395;113.083;
1900-01-01 17:01:22;556.0;1745650882;92.412;99.234;98.471;113.265;
1900-01-01 17:01:23;557.0;1745650883;92.355;99.24;98.471;113.265;
1900-01-01 17:01:24;558.0;1745650884;92.355;99.24;98.512;113.204;
1900-01-01 17:01:25;559.0;1745650885;92.348;99.261;98.409;113.204;
1900-01-01 17:01:26;560.0;1745650886;92.278;99.251;98.409;113.216;
1900-01-01 17:01:27;561.0;1745650887;92.278;99.251;98.485;113.206;
1900-01-01 17:01:28;562.0;1745650888;92.084;99.246;98.536;113.206;
1900-01-01 17:01:29;563.0;1745650889;92.049;99.246;98.536;113.218;
1900-01-01 17:01:30;564.0;1745650890;92.049;99.408;98.48;113.257;
1900-01-01 17:01:31;565.0;1745650891;91.966;99.34;98.495;113.257;
1900-01-01 17:01:32;566.0;1745650892;91.892;99.34;98.495;113.216;
1900-01-01 17:01:33;567.0;1745650893;91.892;99.338;98.468;113.153;
1900-01-01 17:01:34;568.0;1745650894;91.813;99.374;98.475;113.153;
1900-01-01 17:01:35;569.0;1745650895;91.881;99.374;98.475;113.243;
1900-01-01 17:01:36;570.0;1745650896;91.881;99.26;98.424;113.206;
1900-01-01 17:01:37;571.0;1745650897;91.815;99.244;98.424;113.206;
1900-01-01 17:01:38;572.0;1745650898;91.815;99.244;98.489;113.25;
1900-01-01 17:01:39;573.0;1745650899;91.739;99.113;98.505;113.281;
1900-01-01 17:01:40;574.0;1745650900;91.781;99.23;98.505;113.281;
1900-01-01 17:01:41;575.0;1745650901;91.781;99.23;98.452;113.189;
1900-01-01 17:01:42;576.0;1745650902;91.706;99.15;98.455;113.189;
1900-01-01 17:01:43;577.0;1745650903;91.769;99.078;98.455;113.174;
1900-01-01 17:01:44;578.0;1745650904;91.769;99.078;98.412;113.161;
1900-01-01 17:01:45;579.0;1745650905;91.849;99.021;98.422;113.161;
1900-01-01 17:01:47;580.0;1745650907;91.916;99.066;98.422;113.238;
1900-01-01 17:01:47;581.0;1745650907;91.916;99.066;98.467;113.195;
1900-01-01 17:01:48;582.0;1745650908;91.962;99.182;98.361;113.195;
1900-01-01 17:01:49;583.0;1745650909;91.928;99.182;98.361;113.159;
1900-01-01 17:01:50;584.0;1745650910;91.928;99.053;98.409;113.142;
1900-01-01 17:01:51;585.0;1745650911;91.97;99.158;98.396;113.142;
1900-01-01 17:01:52;586.0;1745650912;92.026;99.158;98.396;113.211;
1900-01-01 17:01:53;587.0;1745650913;92.026;99.164;98.485;113.184;
1900-01-01 17:01:54;588.0;1745650914;92.008;99.108;98.485;113.184;
1900-01-01 17:01:55;589.0;1745650915;91.944;99.108;98.45;113.155;
1900-01-01 17:01:56;590.0;1745650916;91.944;99.091;98.458;113.249;
1900-01-01 17:01:57;591.0;1745650917;91.874;99.114;98.458;113.249;
1900-01-01 17:01:58;592.0;1745650918;91.822;99.114;98.402;113.18;
1900-01-01 17:01:59;593.0;1745650919;91.822;99.059;98.402;113.086;
1900-01-01 17:02:00;594.0;1745650920;91.765;99.075;98.402;113.086;
1900-01-01 17:02:01;595.0;1745650921;91.634;99.075;98.459;113.13;
1900-01-01 17:02:02;596.0;1745650922;91.634;99.102;98.401;113.238;
1900-01-01 17:02:03;597.0;1745650923;91.641;99.08;98.401;113.238;
1900-01-01 17:02:04;598.0;1745650924;91.641;99.08;98.421;113.259;
1900-01-01 17:02:05;599.0;1745650925;91.671;98.986;98.463;113.259;
1900-01-01 17:02:06;600.0;1745650926;91.728;99.019;98.463;113.268;
1900-01-01 17:02:07;601.0;1745650927;91.728;99.019;98.38;113.207;
1900-01-01 17:02:08;602.0;1745650928;91.685;98.992;98.445;113.207;
1900-01-01 17:02:09;603.0;1745650929;91.602;98.917;98.445;113.261;
1900-01-01 17:02:10;604.0;1745650930;91.602;98.917;98.468;113.271;
1900-01-01 17:02:11;605.0;1745650931;91.56;98.91;98.459;113.271;
1900-01-01 17:02:12;606.0;1745650932;91.468;98.915;98.459;113.23;
1900-01-01 17:02:13;607.0;1745650933;91.468;98.915;98.427;113.235;
1900-01-01 17:02:14;608.0;1745650934;91.523;98.894;98.489;113.235;
1900-01-01 17:02:15;609.0;1745650935;91.471;98.894;98.489;113.223;
1900-01-01 17:02:16;610.0;1745650936;91.471;98.887;98.442;113.03;
1900-01-01 17:02:17;611.0;1745650937;91.325;98.849;98.488;113.03;
1900-01-01 17:02:18;612.0;1745650938;91.274;98.849;98.488;113.205;
1900-01-01 17:02:19;613.0;1745650939;91.274;98.89;98.528;113.133;
1900-01-01 17:02:20;614.0;1745650940;91.206;98.845;98.599;113.133;
1900-01-01 17:02:21;615.0;1745650941;91.204;98.845;98.599;113.269;
1900-01-01 17:02:22;616.0;1745650942;91.204;98.849;98.478;113.229;
1900-01-01 17:02:23;617.0;1745650943;91.204;98.774;98.478;113.229;
1900-01-01 17:02:24;618.0;1745650944;91.204;98.774;98.514;113.337;
1900-01-01 17:02:25;619.0;1745650945;91.26;98.839;98.466;113.289;
1900-01-01 17:02:26;620.0;1745650946;91.262;98.839;98.466;113.289;
1900-01-01 17:02:27;621.0;1745650947;91.262;98.822;98.453;113.154;
1900-01-01 17:02:28;622.0;1745650948;91.264;98.858;98.459;113.154;
1900-01-01 17:02:29;623.0;1745650949;91.24;98.833;98.459;113.194;
1900-01-01 17:02:30;624.0;1745650950;91.258;98.833;98.526;113.193;
1900-01-01 17:02:31;625.0;1745650951;91.258;98.861;98.563;113.232;
1900-01-01 17:02:32;626.0;1745650952;91.325;98.861;98.563;113.232;
1900-01-01 17:02:33;627.0;1745650953;91.325;98.861;98.469;113.196;
1900-01-01 17:02:34;628.0;1745650954;91.204;98.8;98.531;113.196;
1900-01-01 17:02:35;629.0;1745650955;91.184;98.879;98.531;113.236;
1900-01-01 17:02:36;630.0;1745650956;91.184;98.879;98.478;113.226;
1900-01-01 17:02:37;631.0;1745650957;91.153;98.857;98.542;113.226;
1900-01-01 17:02:38;632.0;1745650958;91.085;98.818;98.542;113.228;
1900-01-01 17:02:39;633.0;1745650959;91.085;98.818;98.503;113.206;
1900-01-01 17:02:40;634.0;1745650960;91.183;98.683;98.529;113.206;
1900-01-01 17:02:41;635.0;1745650961;91.138;98.634;98.529;113.243;
1900-01-01 17:02:42;636.0;1745650962;91.138;98.634;98.563;113.141;
1900-01-01 17:02:43;637.0;1745650963;91.213;98.592;98.517;113.141;
1900-01-01 17:02:44;638.0;1745650964;91.192;98.549;98.517;113.249;
1900-01-01 17:02:45;639.0;1745650965;91.192;98.549;98.518;113.246;
1900-01-01 17:02:46;640.0;1745650966;91.198;98.653;98.518;113.246;
1900-01-01 17:02:47;641.0;1745650967;91.114;98.653;98.558;113.234;
1900-01-01 17:02:48;642.0;1745650968;91.114;98.68;98.494;113.195;
1900-01-01 17:02:49;643.0;1745650969;91.116;98.683;98.494;113.195;
1900-01-01 17:02:50;644.0;1745650970;90.96;98.683;98.506;113.239;
1900-01-01 17:02:51;645.0;1745650971;90.96;98.574;98.493;113.185;
1900-01-01 17:02:52;646.0;1745650972;90.89;98.71;98.493;113.185;
1900-01-01 17:02:53;647.0;1745650973;90.89;98.71;98.494;113.164;
1900-01-01 17:02:54;648.0;1745650974;90.795;98.717;98.562;113.164;
1900-01-01 17:02:55;649.0;1745650975;90.691;98.604;98.562;113.25;
1900-01-01 17:02:57;650.0;1745650977;90.74;98.604;98.598;113.164;
1900-01-01 17:02:57;651.0;1745650977;90.74;98.668;98.572;113.164;
1900-01-01 17:02:58;652.0;1745650978;90.735;98.764;98.572;113.327;
1900-01-01 17:02:59;653.0;1745650979;90.735;98.764;98.492;113.194;
1900-01-01 17:03:00;654.0;1745650980;90.949;98.601;98.566;113.194;
1900-01-01 17:03:01;655.0;1745650981;90.898;98.601;98.566;113.217;
1900-01-01 17:03:02;656.0;1745650982;90.898;98.652;98.625;113.196;
1900-01-01 17:03:03;657.0;1745650983;90.914;98.631;98.625;113.196;
1900-01-01 17:03:04;658.0;1745650984;90.974;98.631;98.55;113.266;
1900-01-01 17:03:05;659.0;1745650985;90.974;98.584;98.541;113.208;
1900-01-01 17:03:06;660.0;1745650986;90.879;98.646;98.568;113.208;
1900-01-01 17:03:07;661.0;1745650987;90.814;98.646;98.568;113.223;
1900-01-01 17:03:08;662.0;1745650988;90.814;98.555;98.563;113.271;
1900-01-01 17:03:09;663.0;1745650989;90.735;98.543;98.64;113.271;
1900-01-01 17:03:10;664.0;1745650990;90.666;98.543;98.64;113.112;
1900-01-01 17:03:11;665.0;1745650991;90.666;98.471;98.644;113.258;
1900-01-01 17:03:12;666.0;1745650992;90.587;98.463;98.644;113.258;
1900-01-01 17:03:13;667.0;1745650993;90.503;98.463;98.528;113.142;
1900-01-01 17:03:14;668.0;1745650994;90.503;98.425;98.611;113.188;
1900-01-01 17:03:15;669.0;1745650995;90.5;98.389;98.611;113.188;
1900-01-01 17:03:16;670.0;1745650996;90.537;98.389;98.559;113.196;
1900-01-01 17:03:17;671.0;1745650997;90.537;98.422;98.626;113.196;
1900-01-01 17:03:18;672.0;1745650998;90.571;98.468;98.626;113.182;
1900-01-01 17:03:19;673.0;1745650999;90.678;98.468;98.471;113.201;
1900-01-01 17:03:20;674.0;1745651000;90.678;98.488;98.451;113.201;
1900-01-01 17:03:21;675.0;1745651001;90.723;98.421;98.451;113.108;
1900-01-01 17:03:22;676.0;1745651002;90.723;98.421;98.585;113.214;
1900-01-01 17:03:23;677.0;1745651003;90.676;98.356;98.573;113.214;
1900-01-01 17:03:24;678.0;1745651004;90.711;98.454;98.573;113.158;
1900-01-01 17:03:25;679.0;1745651005;90.711;98.454;98.607;113.238;
1900-01-01 17:03:26;680.0;1745651006;90.689;98.299;98.567;113.238;
1900-01-01 17:03:27;681.0;1745651007;90.703;98.299;98.567;113.231;
1900-01-01 17:03:28;682.0;1745651008;90.703;98.359;98.615;113.2;
1900-01-01 17:03:30;683.0;1745651010;90.766;98.374;98.589;113.2;
1900-01-01 17:03:30;684.0;1745651010;90.564;98.374;98.589;113.17;
1900-01-01 17:03:31;685.0;1745651011;90.564;98.347;98.563;113.171;
1900-01-01 17:03:32;686.0;1745651012;90.653;98.367;98.563;113.171;
1900-01-01 17:03:33;687.0;1745651013;90.641;98.367;98.59;113.224;
1900-01-01 17:03:34;688.0;1745651014;90.641;98.303;98.597;113.2;
1900-01-01 17:03:35;689.0;1745651015;90.611;98.355;98.597;113.2;
1900-01-01 17:03:36;690.0;1745651016;90.575;98.355;98.511;113.196;
1900-01-01 17:03:37;691.0;1745651017;90.575;98.459;98.534;113.098;
1900-01-01 17:03:38;692.0;1745651018;90.408;98.393;98.476;113.098;
1900-01-01 17:03:40;693.0;1745651020;90.42;98.393;98.476;113.165;
1900-01-01 17:03:40;694.0;1745651020;90.42;98.436;98.423;113.219;
1900-01-01 17:03:41;695.0;1745651021;90.316;98.511;98.423;113.219;
1900-01-01 17:03:42;696.0;1745651022;90.238;98.511;98.504;113.171;
1900-01-01 17:03:43;697.0;1745651023;90.238;98.464;98.423;113.198;
1900-01-01 17:03:44;698.0;1745651024;90.08;98.417;98.423;113.198;
1900-01-01 17:03:45;699.0;1745651025;90.067;98.417;98.379;113.15;
1900-01-01 17:03:46;700.0;1745651026;90.067;98.359;98.411;113.15;
1900-01-01 17:03:47;701.0;1745651027;90.03;98.31;98.411;113.256;
1900-01-01 17:03:48;702.0;1745651028;90.011;98.31;98.4;113.165;
1900-01-01 17:03:49;703.0;1745651029;90.011;98.377;98.485;113.165;
1900-01-01 17:03:50;704.0;1745651030;90.017;98.281;98.485;113.125;
1900-01-01 17:03:51;705.0;1745651031;90.017;98.281;98.459;113.163;
1900-01-01 17:03:52;706.0;1745651032;89.957;98.307;98.364;113.163;
1900-01-01 17:03:53;707.0;1745651033;89.966;98.307;98.364;113.146;
1900-01-01 17:03:54;708.0;1745651034;89.966;98.337;98.357;113.207;
1900-01-01 17:03:55;709.0;1745651035;89.932;98.282;98.518;113.207;
1900-01-01 17:03:56;710.0;1745651036;89.928;98.282;98.518;113.2;
1900-01-01 17:03:57;711.0;1745651037;89.928;98.27;98.374;113.236;
1900-01-01 17:03:58;712.0;1745651038;89.845;98.206;98.374;113.236;
1900-01-01 17:03:59;713.0;1745651039;89.847;98.206;98.402;113.05;
1900-01-01 17:04:00;714.0;1745651040;89.847;98.299;98.433;113.167;
1900-01-01 17:04:01;715.0;1745651041;89.747;98.185;98.433;113.167;
1900-01-01 17:04:02;716.0;1745651042;89.747;98.185;98.325;113.095;
1900-01-01 17:04:03;717.0;1745651043;89.778;98.289;98.361;113.095;
1900-01-01 17:04:04;718.0;1745651044;89.732;98.306;98.361;113.206;
1900-01-01 17:04:05;719.0;1745651045;89.772;98.306;98.418;113.163;
1900-01-01 17:04:06;720.0;1745651046;89.772;98.115;98.417;113.163;
1900-01-01 17:04:07;721.0;1745651047;89.83;98.248;98.417;113.136;
1900-01-01 17:04:08;722.0;1745651048;89.83;98.248;98.3;113.229;
1900-01-01 17:04:09;723.0;1745651049;89.739;98.242;98.356;113.132;
1900-01-01 17:04:10;724.0;1745651050;89.76;98.192;98.356;113.132;
1900-01-01 17:04:12;725.0;1745651052;89.8;98.192;98.404;113.213;
1900-01-01 17:04:12;726.0;1745651052;89.8;98.131;98.432;113.213;
1900-01-01 17:04:13;727.0;1745651053;89.694;98.138;98.432;113.198;
1900-01-01 17:04:14;728.0;1745651054;89.595;98.138;98.502;113.23;
1900-01-01 17:04:15;729.0;1745651055;89.595;98.071;98.445;113.243;
1900-01-01 17:04:16;730.0;1745651056;89.573;98.078;98.445;113.243;
1900-01-01 17:04:17;731.0;1745651057;89.573;98.078;98.473;113.169;
1900-01-01 17:04:18;732.0;1745651058;89.432;98.004;98.51;113.169;
1900-01-01 17:04:19;733.0;1745651059;89.476;98.107;98.51;113.162;
1900-01-01 17:04:20;734.0;1745651060;89.453;98.107;98.465;113.125;
1900-01-01 17:04:21;735.0;1745651061;89.453;98.043;98.476;113.129;
1900-01-01 17:04:22;736.0;1745651062;89.498;98.048;98.476;113.129;
1900-01-01 17:04:23;737.0;1745651063;89.498;98.048;98.495;113.206;
1900-01-01 17:04:24;738.0;1745651064;89.582;97.972;98.443;113.206;
1900-01-01 17:04:25;739.0;1745651065;89.514;97.954;98.443;113.043;
1900-01-01 17:04:26;740.0;1745651066;89.59;97.954;98.455;113.076;
1900-01-01 17:04:28;741.0;1745651068;89.59;97.996;98.464;113.218;
1900-01-01 17:04:28;742.0;1745651068;89.514;97.945;98.464;113.218;
1900-01-01 17:04:29;743.0;1745651069;89.514;97.945;98.552;113.235;
1900-01-01 17:04:30;744.0;1745651070;89.521;97.998;98.486;113.19;
1900-01-01 17:04:31;745.0;1745651071;89.495;97.998;98.486;113.19;
1900-01-01 17:04:32;746.0;1745651072;89.495;98.033;98.478;113.23;
1900-01-01 17:04:33;747.0;1745651073;89.427;97.95;98.594;113.23;
1900-01-01 17:04:34;748.0;1745651074;89.445;98.019;98.594;113.237;
1900-01-01 17:04:35;749.0;1745651075;89.445;98.019;98.6;113.159;
1900-01-01 17:04:36;750.0;1745651076;89.409;98.076;98.439;113.159;
1900-01-01 17:04:37;751.0;1745651077;89.415;98.076;98.439;113.205;
1900-01-01 17:04:38;752.0;1745651078;89.415;98.076;98.5;113.089;
1900-01-01 17:04:39;753.0;1745651079;89.29;97.921;98.468;113.089;
1900-01-01 17:04:40;754.0;1745651080;89.339;97.921;98.468;113.151;
1900-01-01 17:04:41;755.0;1745651081;89.339;97.921;98.446;113.155;
1900-01-01 17:04:42;756.0;1745651082;89.249;97.942;98.452;113.155;
1900-01-01 17:04:43;757.0;1745651083;89.159;97.942;98.452;113.157;
1900-01-01 17:04:44;758.0;1745651084;89.159;97.99;98.541;113.183;
1900-01-01 17:04:46;759.0;1745651086;89.018;97.978;98.338;113.183;
1900-01-01 17:04:46;760.0;1745651086;88.906;97.978;98.338;113.116;
1900-01-01 17:04:47;761.0;1745651087;88.906;97.939;98.42;113.144;
1900-01-01 17:04:48;762.0;1745651088;88.893;97.944;98.412;113.144;
1900-01-01 17:04:49;763.0;1745651089;88.898;97.944;98.412;113.118;
1900-01-01 17:04:50;764.0;1745651090;88.898;97.976;98.36;113.17;
1900-01-01 17:04:51;765.0;1745651091;88.944;98.059;98.36;113.17;
1900-01-01 17:04:52;766.0;1745651092;88.968;98.059;98.338;113.233;
1900-01-01 17:04:53;767.0;1745651093;88.968;98.041;98.368;113.195;
1900-01-01 17:04:54;768.0;1745651094;88.908;98.007;98.368;113.195;
1900-01-01 17:04:55;769.0;1745651095;88.908;98.007;98.314;113.185;
1900-01-01 17:04:56;770.0;1745651096;88.996;97.947;98.383;113.185;
1900-01-01 17:04:57;771.0;1745651097;88.806;97.937;98.383;113.112;
1900-01-01 17:04:58;772.0;1745651098;88.806;97.937;98.412;113.196;
1900-01-01 17:04:59;773.0;1745651099;88.806;97.877;98.42;113.196;
1900-01-01 17:05:00;774.0;1745651100;88.722;97.817;98.42;113.159;
1900-01-01 17:05:01;775.0;1745651101;88.722;97.817;98.398;113.162;
1900-01-01 17:05:03;776.0;1745651103;88.723;97.726;98.416;113.162;
1900-01-01 17:05:03;777.0;1745651103;88.706;97.726;98.416;113.074;
1900-01-01 17:05:04;778.0;1745651104;88.706;97.801;98.407;113.115;
1900-01-01 17:05:05;779.0;1745651105;88.785;97.79;98.407;113.115;
1900-01-01 17:05:06;780.0;1745651106;88.743;97.79;98.5;113.154;
1900-01-01 17:05:07;781.0;1745651107;88.743;97.748;98.457;113.209;
1900-01-01 17:05:08;782.0;1745651108;88.684;97.764;98.457;113.209;
1900-01-01 17:05:09;783.0;1745651109;88.586;97.764;98.452;113.178;
1900-01-01 17:05:10;784.0;1745651110;88.586;97.638;98.443;113.171;
1900-01-01 17:05:12;785.0;1745651112;88.556;97.629;98.461;113.171;
1900-01-01 17:05:12;786.0;1745651112;88.556;97.629;98.461;113.226;
1900-01-01 17:05:13;787.0;1745651113;88.43;97.587;98.494;113.226;
1900-01-01 17:05:14;788.0;1745651114;88.503;97.466;98.494;113.213;
1900-01-01 17:05:15;789.0;1745651115;88.531;97.466;98.555;113.141;
1900-01-01 17:05:16;790.0;1745651116;88.531;97.58;98.582;113.141;
1900-01-01 17:05:17;791.0;1745651117;88.455;97.623;98.582;113.239;
1900-01-01 17:05:18;792.0;1745651118;88.52;97.623;98.547;113.268;
1900-01-01 17:05:19;793.0;1745651119;88.52;97.448;98.491;113.233;
1900-01-01 17:05:20;794.0;1745651120;88.298;97.487;98.491;113.233;
1900-01-01 17:05:21;795.0;1745651121;88.298;97.487;98.495;113.141;
1900-01-01 17:05:22;796.0;1745651122;88.196;97.422;98.485;113.141;
1900-01-01 17:05:23;797.0;1745651123;88.106;97.422;98.485;113.159;
1900-01-01 17:05:24;798.0;1745651124;88.106;97.443;98.419;113.167;
1900-01-01 17:05:25;799.0;1745651125;87.94;97.378;98.357;113.167;
1900-01-01 17:05:27;800.0;1745651127;87.815;97.547;98.357;113.181;
1900-01-01 17:05:27;801.0;1745651127;87.815;97.547;98.365;113.109;
1900-01-01 17:05:28;802.0;1745651128;87.609;97.47;98.345;113.109;
1900-01-01 17:05:29;803.0;1745651129;87.579;97.47;98.345;113.131;
1900-01-01 17:05:30;804.0;1745651130;87.579;97.433;98.316;113.229;
1900-01-01 17:05:31;805.0;1745651131;87.805;97.392;98.316;113.229;
1900-01-01 17:05:32;806.0;1745651132;87.698;97.392;98.372;113.231;
1900-01-01 17:05:33;807.0;1745651133;87.698;97.494;98.391;113.234;
1900-01-01 17:05:34;808.0;1745651134;87.78;97.456;98.391;113.234;
1900-01-01 17:05:35;809.0;1745651135;87.852;97.456;98.395;113.189;
1900-01-01 17:05:36;810.0;1745651136;87.852;97.353;98.383;113.189;
1900-01-01 17:05:37;811.0;1745651137;87.808;97.41;98.383;113.201;
1900-01-01 17:05:38;812.0;1745651138;87.948;97.41;98.477;113.259;
1900-01-01 17:05:39;813.0;1745651139;87.948;97.516;98.438;113.259;
1900-01-01 17:05:40;814.0;1745651140;87.93;97.486;98.438;113.149;
1900-01-01 17:05:41;815.0;1745651141;87.93;97.486;98.406;113.126;
1900-01-01 17:05:42;816.0;1745651142;87.96;97.492;98.538;113.126;
1900-01-01 17:05:43;817.0;1745651143;87.919;97.492;98.538;113.253;
1900-01-01 17:05:44;818.0;1745651144;87.919;97.491;98.479;113.159;
1900-01-01 17:05:45;819.0;1745651145;87.985;97.512;98.442;113.159;
1900-01-01 17:05:46;820.0;1745651146;87.988;97.512;98.442;113.217;
1900-01-01 17:05:47;821.0;1745651147;87.988;97.618;98.412;113.133;
1900-01-01 17:05:48;822.0;1745651148;88.024;97.695;98.379;113.133;
1900-01-01 17:05:49;823.0;1745651149;87.927;97.695;98.379;113.237;
1900-01-01 17:05:50;824.0;1745651150;87.927;97.578;98.381;113.144;
1900-01-01 17:05:51;825.0;1745651151;87.902;97.512;98.509;113.144;
1900-01-01 17:05:53;826.0;1745651153;87.743;97.464;98.509;113.099;
1900-01-01 17:05:53;827.0;1745651153;87.743;97.464;98.457;113.163;
1900-01-01 17:05:54;828.0;1745651154;87.759;97.483;98.466;113.163;
1900-01-01 17:05:55;829.0;1745651155;87.628;97.483;98.466;113.177;
1900-01-01 17:05:56;830.0;1745651156;87.628;97.514;98.477;113.176;
1900-01-01 17:05:57;831.0;1745651157;87.665;97.524;98.477;113.176;
1900-01-01 17:05:58;832.0;1745651158;87.669;97.524;98.42;113.179;
1900-01-01 17:05:59;833.0;1745651159;87.669;97.585;98.473;113.179;
1900-01-01 17:06:00;834.0;1745651160;87.659;97.499;98.473;113.06;
1900-01-01 17:06:01;835.0;1745651161;87.658;97.499;98.466;113.112;
1900-01-01 17:06:02;836.0;1745651162;87.658;97.505;98.455;113.112;
1900-01-01 17:06:03;837.0;1745651163;87.618;97.439;98.455;113.22;
1900-01-01 17:06:05;838.0;1745651165;87.54;97.439;98.391;113.133;
1900-01-01 17:06:05;839.0;1745651165;87.54;97.347;98.391;113.133;
1900-01-01 17:06:06;840.0;1745651166;87.49;97.296;98.391;113.149;
1900-01-01 17:06:08;841.0;1745651168;87.49;97.296;98.474;113.073;
1900-01-01 17:06:08;842.0;1745651168;87.548;97.245;98.463;113.073;
1900-01-01 17:06:09;843.0;1745651169;87.537;97.189;98.463;113.011;
1900-01-01 17:06:10;844.0;1745651170;87.537;97.189;98.469;113.147;
1900-01-01 17:06:11;845.0;1745651171;87.512;97.167;98.41;113.147;
1900-01-01 17:06:12;846.0;1745651172;87.452;97.167;98.41;112.991;
1900-01-01 17:06:13;847.0;1745651173;87.452;97.33;98.477;113.118;
1900-01-01 17:06:14;848.0;1745651174;87.447;97.2;98.477;113.118;
1900-01-01 17:06:15;849.0;1745651175;87.518;97.2;98.519;113.067;
1900-01-01 17:06:16;850.0;1745651176;87.518;97.349;98.46;113.07;
1900-01-01 17:06:17;851.0;1745651177;87.495;97.249;98.46;113.07;
1900-01-01 17:06:18;852.0;1745651178;87.441;97.249;98.457;113.1;
1900-01-01 17:06:19;853.0;1745651179;87.441;97.277;98.483;113.009;
1900-01-01 17:06:20;854.0;1745651180;87.419;97.229;98.483;113.009;
1900-01-01 17:06:21;855.0;1745651181;87.491;97.229;98.464;113.138;
1900-01-01 17:06:22;856.0;1745651182;87.491;97.383;98.364;113.212;
1900-01-01 17:06:23;857.0;1745651183;87.417;97.273;98.364;113.212;
1900-01-01 17:06:25;858.0;1745651185;87.426;97.273;98.375;113.044;
1900-01-01 17:06:25;859.0;1745651185;87.426;97.272;98.402;113.198;
1900-01-01 17:06:26;860.0;1745651186;87.332;97.287;98.402;113.198;
1900-01-01 17:06:28;861.0;1745651188;87.194;97.287;98.385;113.092;
1900-01-01 17:06:28;862.0;1745651188;87.194;97.235;98.403;113.092;
1900-01-01 17:06:29;863.0;1745651189;87.109;97.317;98.403;113.205;
1900-01-01 17:06:30;864.0;1745651190;87.109;97.317;98.391;113.167;
1900-01-01 17:06:31;865.0;1745651191;87.028;97.225;98.37;113.167;
1900-01-01 17:06:32;866.0;1745651192;86.979;97.21;98.37;113.103;
1900-01-01 17:06:33;867.0;1745651193;86.979;97.21;98.469;113.118;
1900-01-01 17:06:34;868.0;1745651194;86.897;97.174;98.422;113.118;
1900-01-01 17:06:35;869.0;1745651195;86.802;97.183;98.422;113.161;
1900-01-01 17:06:36;870.0;1745651196;86.802;97.183;98.48;113.094;
1900-01-01 17:06:37;871.0;1745651197;86.728;97.217;98.431;113.094;
1900-01-01 17:06:38;872.0;1745651198;86.735;97.217;98.431;113.078;
1900-01-01 17:06:39;873.0;1745651199;86.735;97.203;98.434;113.105;
1900-01-01 17:06:40;874.0;1745651200;86.728;97.128;98.434;113.105;
1900-01-01 17:06:41;875.0;1745651201;86.822;97.128;98.506;113.104;
1900-01-01 17:06:42;876.0;1745651202;86.822;97.232;98.579;113.048;
1900-01-01 17:06:43;877.0;1745651203;86.825;97.149;98.579;113.048;
1900-01-01 17:06:44;878.0;1745651204;86.966;97.149;98.591;113.034;
1900-01-01 17:06:45;879.0;1745651205;86.966;97.181;98.508;113.034;
1900-01-01 17:06:46;880.0;1745651206;87.027;97.162;98.508;113.15;
1900-01-01 17:06:47;881.0;1745651207;87.027;97.162;98.549;113.22;
1900-01-01 17:06:48;882.0;1745651208;87.106;97.161;98.544;113.22;
1900-01-01 17:06:49;883.0;1745651209;87.181;97.079;98.544;113.146;
1900-01-01 17:06:50;884.0;1745651210;87.181;97.079;98.555;113.132;
1900-01-01 17:06:51;885.0;1745651211;87.21;97.093;98.589;113.132;
1900-01-01 17:06:52;886.0;1745651212;87.216;97.093;98.589;113.148;
1900-01-01 17:06:53;887.0;1745651213;87.216;97.063;98.526;113.167;
1900-01-01 17:06:54;888.0;1745651214;87.148;97.093;98.555;113.167;
1900-01-01 17:06:55;889.0;1745651215;87.156;97.053;98.555;113.044;
1900-01-01 17:06:56;890.0;1745651216;87.156;97.053;98.583;113.161;
1900-01-01 17:06:57;891.0;1745651217;87.172;96.936;98.577;113.161;
1900-01-01 17:06:58;892.0;1745651218;87.125;96.933;98.577;113.267;
1900-01-01 17:06:59;893.0;1745651219;87.125;96.933;98.553;113.219;
1900-01-01 17:07:00;894.0;1745651220;87.143;96.981;98.452;113.219;
1900-01-01 17:07:01;895.0;1745651221;87.099;97.036;98.452;113.196;
1900-01-01 17:07:02;896.0;1745651222;87.099;97.036;98.468;113.151;
1900-01-01 17:07:03;897.0;1745651223;87.016;96.953;98.465;113.151;
1900-01-01 17:07:04;898.0;1745651224;86.984;96.953;98.465;113.187;
1900-01-01 17:07:05;899.0;1745651225;86.984;96.959;98.496;113.032;
1900-01-01 17:07:06;900.0;1745651226;86.876;96.921;98.496;113.032;
1900-01-01 17:07:07;901.0;1745651227;86.748;96.921;98.483;113.032;
1900-01-01 17:07:08;902.0;1745651228;86.748;97.014;98.458;113.114;
1900-01-01 17:07:09;903.0;1745651229;86.729;96.909;98.458;113.114;
1900-01-01 17:07:10;904.0;1745651230;86.541;96.909;98.491;113.251;
1900-01-01 17:07:11;905.0;1745651231;86.541;96.955;98.435;113.216;
1900-01-01 17:07:12;906.0;1745651232;86.572;96.924;98.435;113.216;
1900-01-01 17:07:13;907.0;1745651233;86.636;96.924;98.461;113.093;
1900-01-01 17:07:14;908.0;1745651234;86.636;96.912;98.527;113.173;
1900-01-01 17:07:15;909.0;1745651235;86.654;96.887;98.527;113.173;
1900-01-01 17:07:16;910.0;1745651236;86.654;96.887;98.483;113.074;
1900-01-01 17:07:17;911.0;1745651237;86.597;96.932;98.499;113.074;
1900-01-01 17:07:18;912.0;1745651238;86.547;96.932;98.499;113.145;
1900-01-01 17:07:19;913.0;1745651239;86.547;96.911;98.561;113.131;
1900-01-01 17:07:20;914.0;1745651240;86.536;96.87;98.547;113.131;
1900-01-01 17:07:21;915.0;1745651241;86.467;96.87;98.547;113.186;
1900-01-01 17:07:22;916.0;1745651242;86.467;96.921;98.423;113.089;
1900-01-01 17:07:23;917.0;1745651243;86.47;96.93;98.506;113.089;
1900-01-01 17:07:24;918.0;1745651244;86.44;96.93;98.506;113.076;
1900-01-01 17:07:25;919.0;1745651245;86.44;96.935;98.423;113.073;
1900-01-01 17:07:26;920.0;1745651246;86.407;96.949;98.423;113.073;
1900-01-01 17:07:27;921.0;1745651247;86.374;96.949;98.444;113.145;
1900-01-01 17:07:28;922.0;1745651248;86.374;96.776;98.405;112.999;
1900-01-01 17:07:29;923.0;1745651249;86.224;96.889;98.392;112.999;
1900-01-01 17:07:30;924.0;1745651250;86.118;96.889;98.392;113.211;
1900-01-01 17:07:31;925.0;1745651251;86.118;96.845;98.383;112.957;
1900-01-01 17:07:32;926.0;1745651252;86.091;96.85;98.383;112.957;
1900-01-01 17:07:33;927.0;1745651253;86.013;96.85;98.335;113.011;
1900-01-01 17:07:34;928.0;1745651254;86.013;96.763;98.403;113.011;
1900-01-01 17:07:35;929.0;1745651255;85.927;96.845;98.403;113.1;
1900-01-01 17:07:36;930.0;1745651256;85.921;96.845;98.43;113.085;
1900-01-01 17:07:37;931.0;1745651257;85.921;96.762;98.42;113.085;
1900-01-01 17:07:38;932.0;1745651258;85.885;96.753;98.42;113.079;
1900-01-01 17:07:39;933.0;1745651259;85.855;96.753;98.438;113.02;
1900-01-01 17:07:40;934.0;1745651260;85.855;96.765;98.468;113.02;
1900-01-01 17:07:41;935.0;1745651261;85.811;96.681;98.468;113.046;
1900-01-01 17:07:42;936.0;1745651262;85.811;96.681;98.471;112.977;
1900-01-01 17:07:43;937.0;1745651263;85.715;96.699;98.516;112.977;
1900-01-01 17:07:44;938.0;1745651264;85.693;96.699;98.516;113.046;
1900-01-01 17:07:45;939.0;1745651265;85.693;96.579;98.543;113.011;
1900-01-01 17:07:46;940.0;1745651266;85.67;96.518;98.514;113.011;
1900-01-01 17:07:47;941.0;1745651267;85.644;96.518;98.514;113.09;
1900-01-01 17:07:48;942.0;1745651268;85.644;96.602;98.54;113.067;
1900-01-01 17:07:50;943.0;1745651270;85.639;96.512;98.514;113.067;
1900-01-01 17:07:50;944.0;1745651270;85.637;96.512;98.514;113.103;
1900-01-01 17:07:51;945.0;1745651271;85.637;96.578;98.579;113.086;
1900-01-01 17:07:52;946.0;1745651272;85.63;96.544;98.579;113.086;
1900-01-01 17:07:53;947.0;1745651273;85.545;96.544;98.552;113.127;
1900-01-01 17:07:54;948.0;1745651274;85.545;96.517;98.521;113.131;
1900-01-01 17:07:55;949.0;1745651275;85.592;96.503;98.521;113.131;
1900-01-01 17:07:56;950.0;1745651276;85.592;96.503;98.557;113.122;
1900-01-01 17:07:57;951.0;1745651277;85.495;96.53;98.525;113.122;
1900-01-01 17:07:58;952.0;1745651278;85.421;96.581;98.525;113.063;
1900-01-01 17:07:59;953.0;1745651279;85.421;96.581;98.547;113.084;
1900-01-01 17:08:00;954.0;1745651280;85.419;96.581;98.529;113.084;
1900-01-01 17:08:01;955.0;1745651281;85.356;96.631;98.529;113.009;
1900-01-01 17:08:02;956.0;1745651282;85.356;96.631;98.525;113.008;
1900-01-01 17:08:03;957.0;1745651283;85.28;96.491;98.54;113.008;
1900-01-01 17:08:04;958.0;1745651284;85.253;96.491;98.54;113.178;
1900-01-01 17:08:05;959.0;1745651285;85.253;96.494;98.548;113.105;
1900-01-01 17:08:06;960.0;1745651286;85.222;96.552;98.507;113.105;
1900-01-01 17:08:07;961.0;1745651287;85.226;96.552;98.507;113.197;
1900-01-01 17:08:08;962.0;1745651288;85.226;96.519;98.487;113.071;
1900-01-01 17:08:09;963.0;1745651289;85.271;96.513;98.47;113.071;
1900-01-01 17:08:10;964.0;1745651290;85.194;96.513;98.47;113.173;
1900-01-01 17:08:11;965.0;1745651291;85.194;96.512;98.447;113.085;
1900-01-01 17:08:12;966.0;1745651292;85.196;96.495;98.43;113.085;
1900-01-01 17:08:13;967.0;1745651293;85.18;96.495;98.43;113.194;
1900-01-01 17:08:14;968.0;1745651294;85.18;96.518;98.4;113.174;
1900-01-01 17:08:15;969.0;1745651295;85.199;96.477;98.4;113.174;
1900-01-01 17:08:17;970.0;1745651297;85.249;96.477;98.395;113.241;
1900-01-01 17:08:17;971.0;1745651297;85.249;96.541;98.405;113.241;
1900-01-01 17:08:18;972.0;1745651298;85.223;96.535;98.405;113.051;
1900-01-01 17:08:20;973.0;1745651300;85.281;96.535;98.419;113.193;
1900-01-01 17:08:20;974.0;1745651300;85.281;96.507;98.437;113.193;
1900-01-01 17:08:21;975.0;1745651301;85.247;96.541;98.437;113.088;
1900-01-01 17:08:22;976.0;1745651302;85.247;96.541;98.387;113.091;
1900-01-01 17:08:23;977.0;1745651303;85.203;96.623;98.469;113.091;
1900-01-01 17:08:24;978.0;1745651304;85.076;96.516;98.469;113.24;
1900-01-01 17:08:25;979.0;1745651305;85.076;96.516;98.417;113.084;
1900-01-01 17:08:26;980.0;1745651306;85.129;96.428;98.418;113.084;
1900-01-01 17:08:27;981.0;1745651307;85.108;96.428;98.418;113.07;
1900-01-01 17:08:28;982.0;1745651308;85.108;96.479;98.445;113.054;
1900-01-01 17:08:29;983.0;1745651309;85.036;96.364;98.445;113.054;
1900-01-01 17:08:30;984.0;1745651310;85.156;96.364;98.52;113.089;
1900-01-01 17:08:31;985.0;1745651311;85.156;96.421;98.441;113.074;
1900-01-01 17:08:32;986.0;1745651312;85.275;96.424;98.433;113.074;
1900-01-01 17:08:33;987.0;1745651313;85.284;96.424;98.433;113.159;
1900-01-01 17:08:34;988.0;1745651314;85.284;96.36;98.495;113.107;
1900-01-01 17:08:35;989.0;1745651315;85.211;96.304;98.442;113.107;
1900-01-01 17:08:36;990.0;1745651316;85.143;96.304;98.442;113.015;
1900-01-01 17:08:37;991.0;1745651317;85.143;96.296;98.506;113.016;
1900-01-01 17:08:38;992.0;1745651318;85.03;96.31;98.506;113.016;
1900-01-01 17:08:39;993.0;1745651319;84.978;96.31;98.432;113.065;
1900-01-01 17:08:40;994.0;1745651320;84.978;96.224;98.401;113.065;
1900-01-01 17:08:41;995.0;1745651321;84.855;96.204;98.401;113.065;
1900-01-01 17:08:42;996.0;1745651322;84.795;96.204;98.428;113.017;
1900-01-01 17:08:43;997.0;1745651323;84.795;96.177;98.429;113.036;
1900-01-01 17:08:45;998.0;1745651325;84.813;96.256;98.429;113.036;
1900-01-01 17:08:45;999.0;1745651325;84.813;96.256;98.406;112.993;
1900-01-01 17:08:46;1000.0;1745651326;84.758;96.253;98.341;112.993;
1900-01-01 17:08:48;1001.0;1745651328;84.669;96.228;98.341;113.002;
1900-01-01 17:08:48;1002.0;1745651328;84.669;96.228;98.42;113.027;
1900-01-01 17:08:49;1003.0;1745651329;84.598;96.241;98.368;113.027;
1900-01-01 17:08:50;1004.0;1745651330;84.535;96.241;98.368;113.095;
1900-01-01 17:08:51;1005.0;1745651331;84.535;96.27;98.416;113.002;
1900-01-01 17:08:52;1006.0;1745651332;84.473;96.192;98.441;113.002;
1900-01-01 17:08:53;1007.0;1745651333;84.462;96.192;98.441;113.08;
1900-01-01 17:08:54;1008.0;1745651334;84.462;96.169;98.423;112.989;
1900-01-01 17:08:55;1009.0;1745651335;84.392;96.03;98.441;112.989;
1900-01-01 17:08:56;1010.0;1745651336;84.338;96.03;98.441;112.991;
1900-01-01 17:08:57;1011.0;1745651337;84.338;96.097;98.34;113.026;
1900-01-01 17:08:58;1012.0;1745651338;84.426;96.101;98.34;113.026;
1900-01-01 17:08:59;1013.0;1745651339;84.457;96.101;98.419;113.034;
1900-01-01 17:09:00;1014.0;1745651340;84.457;96.19;98.5;113.034;
1900-01-01 17:09:01;1015.0;1745651341;84.53;96.154;98.5;113.036;
1900-01-01 17:09:03;1016.0;1745651343;84.56;96.154;98.454;113.095;
1900-01-01 17:09:03;1017.0;1745651343;84.56;96.114;98.505;113.095;
1900-01-01 17:09:04;1018.0;1745651344;84.509;96.143;98.505;112.977;
1900-01-01 17:09:05;1019.0;1745651345;84.509;96.143;98.494;113.053;
1900-01-01 17:09:06;1020.0;1745651346;84.507;96.124;98.567;113.053;
1900-01-01 17:09:07;1021.0;1745651347;84.387;96.212;98.567;112.975;
1900-01-01 17:09:08;1022.0;1745651348;84.387;96.212;98.524;113.055;
1900-01-01 17:09:09;1023.0;1745651349;84.366;96.183;98.545;113.064;
1900-01-01 17:09:10;1024.0;1745651350;84.39;96.027;98.545;113.064;
1900-01-01 17:09:11;1025.0;1745651351;84.39;96.027;98.468;113.116;
1900-01-01 17:09:12;1026.0;1745651352;84.47;96.14;98.457;113.116;
1900-01-01 17:09:13;1027.0;1745651353;84.447;96.14;98.457;113.096;
1900-01-01 17:09:14;1028.0;1745651354;84.447;96.028;98.41;113.041;
1900-01-01 17:09:15;1029.0;1745651355;84.445;96.043;98.429;113.041;
1900-01-01 17:09:16;1030.0;1745651356;84.61;96.032;98.429;113.118;
1900-01-01 17:09:17;1031.0;1745651357;84.588;96.032;98.29;112.974;
1900-01-01 17:09:18;1032.0;1745651358;84.588;96.095;98.358;112.974;
1900-01-01 17:09:19;1033.0;1745651359;84.641;96.009;98.358;113.13;
1900-01-01 17:09:20;1034.0;1745651360;84.641;96.009;98.42;112.995;
1900-01-01 17:09:21;1035.0;1745651361;84.568;96.04;98.332;112.995;
1900-01-01 17:09:22;1036.0;1745651362;84.49;96.037;98.332;113.066;
1900-01-01 17:09:23;1037.0;1745651363;84.503;96.037;98.384;113.088;
1900-01-01 17:09:24;1038.0;1745651364;84.503;96.011;98.344;113.088;
1900-01-01 17:09:25;1039.0;1745651365;84.459;95.98;98.344;113.087;
1900-01-01 17:09:26;1040.0;1745651366;84.459;95.98;98.361;113.052;
1900-01-01 17:09:27;1041.0;1745651367;84.339;96.033;98.361;113.052;
1900-01-01 17:09:28;1042.0;1745651368;84.185;96.033;98.361;113.194;
1900-01-01 17:09:29;1043.0;1745651369;84.185;96.105;98.379;112.967;
1900-01-01 17:09:30;1044.0;1745651370;84.027;95.997;98.447;112.967;
1900-01-01 17:09:31;1045.0;1745651371;83.89;96.083;98.447;113.202;
1900-01-01 17:09:32;1046.0;1745651372;83.89;96.083;98.408;113.195;
1900-01-01 17:09:33;1047.0;1745651373;83.815;96.046;98.385;113.195;
1900-01-01 17:09:34;1048.0;1745651374;83.807;96.046;98.385;112.981;
1900-01-01 17:09:35;1049.0;1745651375;83.807;96.019;98.38;112.975;
1900-01-01 17:09:36;1050.0;1745651376;83.771;96.017;98.38;112.975;
1900-01-01 17:09:37;1051.0;1745651377;83.751;96.017;98.395;113.037;
1900-01-01 17:09:38;1052.0;1745651378;83.751;96.07;98.405;113.037;
1900-01-01 17:09:39;1053.0;1745651379;83.674;96.001;98.405;113.036;
1900-01-01 17:09:40;1054.0;1745651380;83.724;96.001;98.408;113.099;
1900-01-01 17:09:41;1055.0;1745651381;83.724;95.909;98.378;113.018;
1900-01-01 17:09:42;1056.0;1745651382;83.717;95.99;98.422;113.018;
1900-01-01 17:09:43;1057.0;1745651383;83.717;95.99;98.422;113.041;
1900-01-01 17:09:44;1058.0;1745651384;83.777;95.851;98.391;113.028;
1900-01-01 17:09:45;1059.0;1745651385;83.825;95.899;98.391;113.028;
1900-01-01 17:09:46;1060.0;1745651386;83.856;95.899;98.381;112.983;
1900-01-01 17:09:47;1061.0;1745651387;83.856;95.828;98.328;112.983;
1900-01-01 17:09:48;1062.0;1745651388;83.851;95.765;98.328;113.082;
1900-01-01 17:09:49;1063.0;1745651389;83.822;95.765;98.376;113.085;
1900-01-01 17:09:50;1064.0;1745651390;83.822;95.758;98.388;113.085;
1900-01-01 17:09:51;1065.0;1745651391;83.821;95.677;98.388;113.065;
1900-01-01 17:09:52;1066.0;1745651392;83.821;95.677;98.426;113.026;
1900-01-01 17:09:53;1067.0;1745651393;83.698;95.676;98.468;113.026;
1900-01-01 17:09:54;1068.0;1745651394;83.683;95.676;98.468;113.037;
1900-01-01 17:09:55;1069.0;1745651395;83.683;95.644;98.467;112.99;
1900-01-01 17:09:56;1070.0;1745651396;83.711;95.696;98.532;112.99;
1900-01-01 17:09:57;1071.0;1745651397;83.638;95.696;98.532;113.03;
1900-01-01 17:09:58;1072.0;1745651398;83.638;95.736;98.407;113.084;
1900-01-01 17:09:59;1073.0;1745651399;83.644;95.813;98.407;113.084;
1900-01-01 17:10:00;1074.0;1745651400;83.636;95.813;98.503;113.036;
1900-01-01 17:10:01;1075.0;1745651401;83.636;95.755;98.509;113.024;
1900-01-01 17:10:03;1076.0;1745651403;83.624;95.7;98.537;113.024;
1900-01-01 17:10:03;1077.0;1745651403;83.593;95.7;98.537;112.911;
1900-01-01 17:10:04;1078.0;1745651404;83.593;95.683;98.54;113.059;
1900-01-01 17:10:05;1079.0;1745651405;83.614;95.659;98.54;113.059;
1900-01-01 17:10:06;1080.0;1745651406;83.614;95.659;98.579;113.059;
1900-01-01 17:10:07;1081.0;1745651407;83.578;95.703;98.507;113.059;
1900-01-01 17:10:08;1082.0;1745651408;83.482;95.694;98.507;113.067;
1900-01-01 17:10:09;1083.0;1745651409;83.482;95.694;98.498;113.037;
1900-01-01 17:10:10;1084.0;1745651410;83.419;95.634;98.618;113.037;
1900-01-01 17:10:12;1085.0;1745651412;83.283;95.685;98.618;113.147;
1900-01-01 17:10:12;1086.0;1745651412;83.283;95.685;98.562;113.063;
1900-01-01 17:10:13;1087.0;1745651413;83.158;95.598;98.549;113.063;
1900-01-01 17:10:14;1088.0;1745651414;83.059;95.591;98.549;113.006;
1900-01-01 17:10:15;1089.0;1745651415;83.03;95.591;98.561;113.077;
1900-01-01 17:10:16;1090.0;1745651416;83.03;95.562;98.528;113.077;
1900-01-01 17:10:17;1091.0;1745651417;82.971;95.653;98.528;113.014;
1900-01-01 17:10:18;1092.0;1745651418;82.971;95.653;98.497;112.979;
1900-01-01 17:10:19;1093.0;1745651419;82.871;95.552;98.499;112.979;
1900-01-01 17:10:20;1094.0;1745651420;82.837;95.552;98.499;113.042;
1900-01-01 17:10:21;1095.0;1745651421;82.837;95.561;98.387;112.94;
1900-01-01 17:10:23;1096.0;1745651423;82.776;95.612;98.361;112.94;
1900-01-01 17:10:23;1097.0;1745651423;82.816;95.612;98.361;113.077;
1900-01-01 17:10:24;1098.0;1745651424;82.816;95.695;98.389;113.023;
1900-01-01 17:10:26;1099.0;1745651426;82.805;95.684;98.327;113.023;
1900-01-01 17:10:26;1100.0;1745651426;82.779;95.684;98.327;113.079;
1900-01-01 17:10:27;1101.0;1745651427;82.779;95.625;98.371;113.015;
1900-01-01 17:10:28;1102.0;1745651428;82.827;95.675;98.411;113.015;
1900-01-01 17:10:29;1103.0;1745651429;82.827;95.675;98.411;113.003;
1900-01-01 17:10:30;1104.0;1745651430;82.878;95.583;98.461;113.154;
1900-01-01 17:10:31;1105.0;1745651431;82.922;95.544;98.461;113.154;
1900-01-01 17:10:32;1106.0;1745651432;82.886;95.544;98.395;112.966;
1900-01-01 17:10:33;1107.0;1745651433;82.886;95.472;98.464;112.966;
1900-01-01 17:10:34;1108.0;1745651434;82.916;95.496;98.464;113.044;
1900-01-01 17:10:35;1109.0;1745651435;82.916;95.496;98.392;113.044;
1900-01-01 17:10:36;1110.0;1745651436;82.911;95.412;98.396;113.044;
1900-01-01 17:10:37;1111.0;1745651437;82.919;95.369;98.396;113.015;
1900-01-01 17:10:39;1112.0;1745651439;82.919;95.369;98.434;112.976;
1900-01-01 17:10:39;1113.0;1745651439;82.853;95.376;98.427;112.976;
1900-01-01 17:10:40;1114.0;1745651440;82.843;95.376;98.427;113.04;
1900-01-01 17:10:41;1115.0;1745651441;82.843;95.293;98.476;113.002;
1900-01-01 17:10:42;1116.0;1745651442;82.808;95.34;98.476;113.002;
1900-01-01 17:10:43;1117.0;1745651443;82.746;95.34;98.482;112.979;
1900-01-01 17:10:44;1118.0;1745651444;82.746;95.377;98.498;113.016;
1900-01-01 17:10:45;1119.0;1745651445;82.701;95.336;98.466;113.016;
1900-01-01 17:10:46;1120.0;1745651446;82.635;95.336;98.466;113.028;
1900-01-01 17:10:47;1121.0;1745651447;82.635;95.294;98.581;113.044;
1900-01-01 17:10:48;1122.0;1745651448;82.561;95.357;98.537;113.044;
1900-01-01 17:10:49;1123.0;1745651449;82.545;95.357;98.537;112.915;
1900-01-01 17:10:50;1124.0;1745651450;82.545;95.373;98.493;113.015;
1900-01-01 17:10:51;1125.0;1745651451;82.496;95.339;98.419;113.015;
1900-01-01 17:10:52;1126.0;1745651452;82.376;95.339;98.419;113.009;
1900-01-01 17:10:53;1127.0;1745651453;82.376;95.321;98.46;112.996;
1900-01-01 17:10:54;1128.0;1745651454;82.368;95.361;98.46;112.996;
1900-01-01 17:10:55;1129.0;1745651455;82.354;95.361;98.473;113.035;
1900-01-01 17:10:56;1130.0;1745651456;82.354;95.283;98.441;113.019;
1900-01-01 17:10:57;1131.0;1745651457;82.421;95.352;98.441;113.019;
1900-01-01 17:10:58;1132.0;1745651458;82.327;95.352;98.459;113.055;
1900-01-01 17:10:59;1133.0;1745651459;82.327;95.342;98.498;113.065;
1900-01-01 17:11:00;1134.0;1745651460;82.286;95.319;98.498;113.065;
1900-01-01 17:11:01;1135.0;1745651461;82.286;95.319;98.548;112.957;
1900-01-01 17:11:03;1136.0;1745651463;82.32;95.394;98.444;113.001;
1900-01-01 17:11:03;1137.0;1745651463;82.365;95.406;98.444;113.001;
1900-01-01 17:11:04;1138.0;1745651464;82.365;95.406;98.407;112.934;
1900-01-01 17:11:06;1139.0;1745651466;82.419;95.322;98.396;112.934;
1900-01-01 17:11:06;1140.0;1745651466;82.452;95.322;98.396;112.973;
1900-01-01 17:11:07;1141.0;1745651467;82.452;95.244;98.496;113.029;
1900-01-01 17:11:09;1142.0;1745651469;82.461;95.206;98.405;113.029;
1900-01-01 17:11:09;1143.0;1745651469;82.535;95.206;98.405;113.083;
1900-01-01 17:11:10;1144.0;1745651470;82.535;95.188;98.401;113.104;
1900-01-01 17:11:12;1145.0;1745651472;82.528;95.214;98.388;113.104;
1900-01-01 17:11:12;1146.0;1745651472;82.653;95.214;98.388;113.051;
1900-01-01 17:11:13;1147.0;1745651473;82.653;95.203;98.424;113.047;
1900-01-01 17:11:14;1148.0;1745651474;82.658;95.187;98.424;113.047;
1900-01-01 17:11:15;1149.0;1745651475;82.658;95.187;98.363;113.058;
1900-01-01 17:11:16;1150.0;1745651476;82.63;95.164;98.424;113.058;
1900-01-01 17:11:17;1151.0;1745651477;82.625;95.127;98.424;112.999;
1900-01-01 17:11:18;1152.0;1745651478;82.549;95.127;98.503;112.992;
1900-01-01 17:11:19;1153.0;1745651479;82.549;95.039;98.4;112.992;
1900-01-01 17:11:20;1154.0;1745651480;82.506;95.232;98.4;113.045;
1900-01-01 17:11:21;1155.0;1745651481;82.447;95.232;98.521;113.065;
1900-01-01 17:11:22;1156.0;1745651482;82.447;95.139;98.522;113.0;
1900-01-01 17:11:23;1157.0;1745651483;82.338;95.054;98.522;113.0;
1900-01-01 17:11:24;1158.0;1745651484;82.338;95.054;98.43;113.002;
1900-01-01 17:11:25;1159.0;1745651485;82.376;95.154;98.505;113.002;
1900-01-01 17:11:26;1160.0;1745651486;82.358;95.082;98.505;113.024;
1900-01-01 17:11:28;1161.0;1745651488;82.392;95.082;98.578;112.968;
1900-01-01 17:11:28;1162.0;1745651488;82.392;95.076;98.561;112.968;
1900-01-01 17:11:29;1163.0;1745651489;82.363;95.131;98.561;113.026;
1900-01-01 17:11:30;1164.0;1745651490;82.363;95.131;98.509;113.018;
1900-01-01 17:11:31;1165.0;1745651491;82.267;95.084;98.509;113.018;
1900-01-01 17:11:32;1166.0;1745651492;82.286;95.084;98.509;112.989;
1900-01-01 17:11:33;1167.0;1745651493;82.286;95.054;98.517;112.95;
1900-01-01 17:11:34;1168.0;1745651494;82.216;95.177;98.517;112.95;
1900-01-01 17:11:35;1169.0;1745651495;82.168;95.177;98.461;113.012;
1900-01-01 17:11:36;1170.0;1745651496;82.168;95.117;98.541;113.073;
1900-01-01 17:11:37;1171.0;1745651497;81.972;95.199;98.541;113.073;
1900-01-01 17:11:38;1172.0;1745651498;81.955;95.199;98.48;113.153;
1900-01-01 17:11:39;1173.0;1745651499;81.955;95.101;98.459;113.165;
1900-01-01 17:11:40;1174.0;1745651500;81.921;94.997;98.459;113.165;
1900-01-01 17:11:41;1175.0;1745651501;81.926;94.997;98.449;113.085;
1900-01-01 17:11:42;1176.0;1745651502;81.926;95.048;98.538;113.035;
1900-01-01 17:11:43;1177.0;1745651503;81.842;95.005;98.538;113.035;
1900-01-01 17:11:44;1178.0;1745651504;81.842;95.005;98.484;113.064;
1900-01-01 17:11:45;1179.0;1745651505;81.837;94.965;98.532;113.03;
1900-01-01 17:11:46;1180.0;1745651506;81.813;94.965;98.532;113.03;
1900-01-01 17:11:47;1181.0;1745651507;81.813;94.96;98.526;112.96;
1900-01-01 17:11:48;1182.0;1745651508;81.876;94.991;98.478;112.96;
1900-01-01 17:11:49;1183.0;1745651509;81.809;94.991;98.478;112.9;
1900-01-01 17:11:50;1184.0;1745651510;81.809;94.974;98.519;112.88;
1900-01-01 17:11:51;1185.0;1745651511;81.76;94.952;98.486;112.88;
1900-01-01 17:11:53;1186.0;1745651513;81.649;94.934;98.486;112.942;
1900-01-01 17:11:53;1187.0;1745651513;81.649;94.934;98.455;112.969;
1900-01-01 17:11:54;1188.0;1745651514;81.579;94.925;98.438;112.969;
1900-01-01 17:11:55;1189.0;1745651515;81.487;94.911;98.438;112.953;
1900-01-01 17:11:56;1190.0;1745651516;81.487;94.911;98.453;112.999;
1900-01-01 17:11:57;1191.0;1745651517;81.432;94.807;98.476;112.999;
1900-01-01 17:11:58;1192.0;1745651518;81.368;94.807;98.476;112.972;
1900-01-01 17:11:59;1193.0;1745651519;81.368;94.902;98.483;112.94;
1900-01-01 17:12:00;1194.0;1745651520;81.338;94.987;98.483;112.94;
1900-01-01 17:12:01;1195.0;1745651521;81.256;94.987;98.514;112.993;
1900-01-01 17:12:02;1196.0;1745651522;81.256;94.996;98.475;112.986;
1900-01-01 17:12:03;1197.0;1745651523;81.258;94.963;98.475;112.986;
1900-01-01 17:12:04;1198.0;1745651524;81.161;94.963;98.429;112.907;
1900-01-01 17:12:05;1199.0;1745651525;81.161;94.927;98.546;113.01;
1900-01-01 17:12:06;1200.0;1745651526;81.106;94.885;98.546;113.01;
