Time;Seconds from start for linreg;Unix Time;ch1 po2;ch2 po2;ch3 po2;ch4 po2;
1900-01-01 10:22:09;1.0;1745713329;101.382;103.441;98.016;102.419;
1900-01-01 10:22:10;2.0;1745713330;101.427;103.433;98.016;102.419;
1900-01-01 10:22:11;3.0;1745713331;101.485;103.433;97.986;102.444;
1900-01-01 10:22:12;4.0;1745713332;101.485;103.391;98.01;102.444;
1900-01-01 10:22:13;5.0;1745713333;101.483;103.33;98.01;102.454;
1900-01-01 10:22:14;6.0;1745713334;101.397;103.33;97.905;102.488;
1900-01-01 10:22:15;7.0;1745713335;101.397;103.339;97.777;102.388;
1900-01-01 10:22:17;8.0;1745713337;101.408;103.404;97.777;102.388;
1900-01-01 10:22:17;9.0;1745713337;101.408;103.404;97.798;102.493;
1900-01-01 10:22:18;10.0;1745713338;101.358;103.464;97.794;102.493;
1900-01-01 10:22:19;11.0;1745713339;101.301;103.46;97.794;102.453;
1900-01-01 10:22:20;12.0;1745713340;101.301;103.46;97.79;102.475;
1900-01-01 10:22:21;13.0;1745713341;101.284;103.501;97.824;102.475;
1900-01-01 10:22:22;14.0;1745713342;101.306;103.442;97.824;102.474;
1900-01-01 10:22:24;15.0;1745713344;101.287;103.442;97.806;102.413;
1900-01-01 10:22:24;16.0;1745713344;101.287;103.619;97.998;102.413;
1900-01-01 10:22:25;17.0;1745713345;101.236;103.447;97.998;102.429;
1900-01-01 10:22:26;18.0;1745713346;101.236;103.447;97.903;102.408;
1900-01-01 10:22:27;19.0;1745713347;101.21;103.532;97.881;102.408;
1900-01-01 10:22:28;20.0;1745713348;101.186;103.524;97.881;102.418;
1900-01-01 10:22:29;21.0;1745713349;101.186;103.524;97.873;102.451;
1900-01-01 10:22:30;22.0;1745713350;101.187;103.418;97.909;102.451;
1900-01-01 10:22:31;23.0;1745713351;101.223;103.418;97.909;102.445;
1900-01-01 10:22:32;24.0;1745713352;101.223;103.439;97.837;102.458;
1900-01-01 10:22:33;25.0;1745713353;101.23;103.526;97.837;102.458;
1900-01-01 10:22:34;26.0;1745713354;101.215;103.526;97.74;102.395;
1900-01-01 10:22:35;27.0;1745713355;101.215;103.535;97.675;102.38;
1900-01-01 10:22:36;28.0;1745713356;101.283;103.54;97.675;102.38;
1900-01-01 10:22:37;29.0;1745713357;101.192;103.54;97.573;102.462;
1900-01-01 10:22:38;30.0;1745713358;101.192;103.522;97.563;102.404;
1900-01-01 10:22:39;31.0;1745713359;101.288;103.629;97.563;102.404;
1900-01-01 10:22:40;32.0;1745713360;101.288;103.629;97.697;102.357;
1900-01-01 10:22:41;33.0;1745713361;101.211;103.487;97.67;102.406;
1900-01-01 10:22:42;34.0;1745713362;101.307;103.543;97.67;102.406;
1900-01-01 10:22:43;35.0;1745713363;101.124;103.543;97.828;102.295;
1900-01-01 10:22:44;36.0;1745713364;101.124;103.513;97.756;102.295;
1900-01-01 10:22:45;37.0;1745713365;101.191;103.467;97.756;102.379;
1900-01-01 10:22:46;38.0;1745713366;101.191;103.467;97.723;102.384;
1900-01-01 10:22:47;39.0;1745713367;101.272;103.553;97.737;102.384;
1900-01-01 10:22:48;40.0;1745713368;101.187;103.553;97.737;102.428;
1900-01-01 10:22:49;41.0;1745713369;101.187;103.476;97.745;102.454;
1900-01-01 10:22:50;42.0;1745713370;101.262;103.463;97.745;102.454;
1900-01-01 10:22:51;43.0;1745713371;101.236;103.463;97.832;102.42;
1900-01-01 10:22:52;44.0;1745713372;101.236;103.544;97.806;102.31;
1900-01-01 10:22:53;45.0;1745713373;101.335;103.416;97.806;102.31;
1900-01-01 10:22:54;46.0;1745713374;101.275;103.416;97.755;102.432;
1900-01-01 10:22:55;47.0;1745713375;101.275;103.503;97.799;102.415;
1900-01-01 10:22:56;48.0;1745713376;101.355;103.374;97.799;102.415;
1900-01-01 10:22:57;49.0;1745713377;101.368;103.374;97.767;102.386;
1900-01-01 10:22:58;50.0;1745713378;101.368;103.459;97.719;102.433;
1900-01-01 10:22:59;51.0;1745713379;101.331;103.408;97.684;102.433;
1900-01-01 10:23:00;52.0;1745713380;101.467;103.408;97.684;102.379;
1900-01-01 10:23:01;53.0;1745713381;101.467;103.462;97.678;102.469;
1900-01-01 10:23:02;54.0;1745713382;101.43;103.409;97.678;102.469;
1900-01-01 10:23:03;55.0;1745713383;101.385;103.409;97.693;102.391;
1900-01-01 10:23:04;56.0;1745713384;101.385;103.466;97.752;102.391;
1900-01-01 10:23:05;57.0;1745713385;101.42;103.39;97.752;102.437;
1900-01-01 10:23:06;58.0;1745713386;101.385;103.39;97.681;102.43;
1900-01-01 10:23:07;59.0;1745713387;101.385;103.376;97.709;102.402;
1900-01-01 10:23:08;60.0;1745713388;101.401;103.356;97.709;102.402;
1900-01-01 10:23:09;61.0;1745713389;101.401;103.356;97.688;102.407;
1900-01-01 10:23:10;62.0;1745713390;101.361;103.353;97.646;102.407;
1900-01-01 10:23:11;63.0;1745713391;101.353;103.353;97.646;102.426;
1900-01-01 10:23:12;64.0;1745713392;101.353;103.472;97.559;102.539;
1900-01-01 10:23:13;65.0;1745713393;101.293;103.412;97.62;102.539;
1900-01-01 10:23:15;66.0;1745713395;101.238;103.398;97.62;102.497;
1900-01-01 10:23:15;67.0;1745713395;101.238;103.398;97.553;102.419;
1900-01-01 10:23:16;68.0;1745713396;101.284;103.387;97.546;102.419;
1900-01-01 10:23:17;69.0;1745713397;101.276;103.387;97.546;102.514;
1900-01-01 10:23:18;70.0;1745713398;101.276;103.458;97.562;102.446;
1900-01-01 10:23:19;71.0;1745713399;101.12;103.493;97.562;102.446;
1900-01-01 10:23:20;72.0;1745713400;101.153;103.493;97.543;102.441;
1900-01-01 10:23:21;73.0;1745713401;101.153;103.441;97.481;102.441;
1900-01-01 10:23:22;74.0;1745713402;101.109;103.456;97.481;102.489;
1900-01-01 10:23:24;75.0;1745713404;101.038;103.456;97.373;102.558;
1900-01-01 10:23:24;76.0;1745713404;101.038;103.475;97.424;102.558;
1900-01-01 10:23:25;77.0;1745713405;101.017;103.418;97.424;102.443;
1900-01-01 10:23:26;78.0;1745713406;101.017;103.418;97.399;102.423;
1900-01-01 10:23:27;79.0;1745713407;101.017;103.346;97.478;102.423;
1900-01-01 10:23:28;80.0;1745713408;101.023;103.432;97.478;102.466;
1900-01-01 10:23:29;81.0;1745713409;101.023;103.432;97.511;102.548;
1900-01-01 10:23:30;82.0;1745713410;100.993;103.346;97.508;102.548;
1900-01-01 10:23:31;83.0;1745713411;101.033;103.346;97.508;102.486;
1900-01-01 10:23:32;84.0;1745713412;101.033;103.405;97.433;102.505;
1900-01-01 10:23:33;85.0;1745713413;101.011;103.426;97.377;102.505;
1900-01-01 10:23:34;86.0;1745713414;101.008;103.426;97.377;102.492;
1900-01-01 10:23:35;87.0;1745713415;101.008;103.446;97.516;102.505;
1900-01-01 10:23:36;88.0;1745713416;100.954;103.376;97.516;102.505;
1900-01-01 10:23:37;89.0;1745713417;100.899;103.376;97.518;102.53;
1900-01-01 10:23:38;90.0;1745713418;100.899;103.39;97.593;102.486;
1900-01-01 10:23:39;91.0;1745713419;100.953;103.412;97.616;102.486;
1900-01-01 10:23:40;92.0;1745713420;101.03;103.412;97.616;102.405;
1900-01-01 10:23:41;93.0;1745713421;101.03;103.346;97.616;102.44;
1900-01-01 10:23:42;94.0;1745713422;100.999;103.268;97.608;102.44;
1900-01-01 10:23:43;95.0;1745713423;101.109;103.268;97.608;102.392;
1900-01-01 10:23:44;96.0;1745713424;101.109;103.306;97.539;102.332;
1900-01-01 10:23:45;97.0;1745713425;101.134;103.366;97.539;102.332;
1900-01-01 10:23:46;98.0;1745713426;101.134;103.366;97.467;102.493;
1900-01-01 10:23:47;99.0;1745713427;101.14;103.344;97.467;102.406;
1900-01-01 10:23:48;100.0;1745713428;101.205;103.397;97.467;102.406;
1900-01-01 10:23:50;101.0;1745713430;101.134;103.397;97.441;102.444;
1900-01-01 10:23:50;102.0;1745713430;101.134;103.312;97.361;102.444;
1900-01-01 10:23:51;103.0;1745713431;101.167;103.379;97.361;102.483;
1900-01-01 10:23:52;104.0;1745713432;101.167;103.379;97.453;102.554;
1900-01-01 10:23:53;105.0;1745713433;101.27;103.354;97.377;102.554;
1900-01-01 10:23:54;106.0;1745713434;101.301;103.354;97.377;102.408;
1900-01-01 10:23:55;107.0;1745713435;101.301;103.362;97.381;102.492;
1900-01-01 10:23:56;108.0;1745713436;101.267;103.421;97.319;102.492;
1900-01-01 10:23:58;109.0;1745713438;101.282;103.429;97.319;102.501;
1900-01-01 10:23:58;110.0;1745713438;101.282;103.429;97.258;102.438;
1900-01-01 10:23:59;111.0;1745713439;101.267;103.406;97.391;102.438;
1900-01-01 10:24:00;112.0;1745713440;101.29;103.406;97.391;102.471;
1900-01-01 10:24:01;113.0;1745713441;101.29;103.433;97.518;102.501;
1900-01-01 10:24:02;114.0;1745713442;101.216;103.408;97.518;102.501;
1900-01-01 10:24:03;115.0;1745713443;101.182;103.408;97.501;102.391;
1900-01-01 10:24:04;116.0;1745713444;101.182;103.419;97.386;102.464;
1900-01-01 10:24:05;117.0;1745713445;101.215;103.397;97.386;102.464;
1900-01-01 10:24:07;118.0;1745713447;101.101;103.397;97.364;102.445;
1900-01-01 10:24:07;119.0;1745713447;101.101;103.406;97.404;102.445;
1900-01-01 10:24:08;120.0;1745713448;101.128;103.411;97.404;102.506;
1900-01-01 10:24:09;121.0;1745713449;101.124;103.411;97.263;102.438;
1900-01-01 10:24:10;122.0;1745713450;101.124;103.295;97.322;102.514;
1900-01-01 10:24:11;123.0;1745713451;101.097;103.393;97.322;102.514;
1900-01-01 10:24:12;124.0;1745713452;101.097;103.393;97.343;102.517;
1900-01-01 10:24:13;125.0;1745713453;101.043;103.373;97.467;102.537;
1900-01-01 10:24:14;126.0;1745713454;100.962;103.415;97.467;102.537;
1900-01-01 10:24:15;127.0;1745713455;101.024;103.415;97.321;102.51;
1900-01-01 10:24:16;128.0;1745713456;101.024;103.39;97.371;102.51;
1900-01-01 10:24:17;129.0;1745713457;101.01;103.46;97.371;102.519;
1900-01-01 10:24:18;130.0;1745713458;100.999;103.46;97.412;102.515;
1900-01-01 10:24:19;131.0;1745713459;100.999;103.483;97.515;102.533;
1900-01-01 10:24:20;132.0;1745713460;101.014;103.493;97.515;102.533;
1900-01-01 10:24:21;133.0;1745713461;100.936;103.493;97.36;102.553;
1900-01-01 10:24:22;134.0;1745713462;100.936;103.417;97.356;102.553;
1900-01-01 10:24:23;135.0;1745713463;100.95;103.44;97.356;102.485;
1900-01-01 10:24:24;136.0;1745713464;100.943;103.44;97.382;102.43;
1900-01-01 10:24:25;137.0;1745713465;100.943;103.468;97.36;102.43;
1900-01-01 10:24:26;138.0;1745713466;100.888;103.424;97.36;102.465;
1900-01-01 10:24:27;139.0;1745713467;100.888;103.424;97.408;102.462;
1900-01-01 10:24:28;140.0;1745713468;100.868;103.396;97.31;102.462;
1900-01-01 10:24:30;141.0;1745713470;100.901;103.455;97.31;102.44;
1900-01-01 10:24:30;142.0;1745713470;100.901;103.455;97.236;102.488;
1900-01-01 10:24:31;143.0;1745713471;100.937;103.397;97.174;102.488;
1900-01-01 10:24:32;144.0;1745713472;100.848;103.397;97.174;102.383;
1900-01-01 10:24:33;145.0;1745713473;100.848;103.47;97.166;102.486;
1900-01-01 10:24:34;146.0;1745713474;100.889;103.436;97.194;102.486;
1900-01-01 10:24:35;147.0;1745713475;100.932;103.436;97.194;102.546;
1900-01-01 10:24:36;148.0;1745713476;100.932;103.47;97.12;102.499;
1900-01-01 10:24:37;149.0;1745713477;100.9;103.485;97.12;102.499;
1900-01-01 10:24:38;150.0;1745713478;100.836;103.485;97.124;102.424;
1900-01-01 10:24:39;151.0;1745713479;100.836;103.479;97.095;102.424;
1900-01-01 10:24:40;152.0;1745713480;100.875;103.461;97.095;102.391;
1900-01-01 10:24:41;153.0;1745713481;100.796;103.461;97.118;102.401;
1900-01-01 10:24:42;154.0;1745713482;100.796;103.399;97.087;102.459;
1900-01-01 10:24:43;155.0;1745713483;100.723;103.374;97.191;102.459;
1900-01-01 10:24:44;156.0;1745713484;100.723;103.374;97.191;102.437;
1900-01-01 10:24:45;157.0;1745713485;100.802;103.441;97.152;102.479;
1900-01-01 10:24:46;158.0;1745713486;100.793;103.47;97.152;102.479;
1900-01-01 10:24:48;159.0;1745713488;100.848;103.47;97.218;102.419;
1900-01-01 10:24:48;160.0;1745713488;100.848;103.463;97.204;102.419;
1900-01-01 10:24:49;161.0;1745713489;100.8;103.464;97.204;102.464;
1900-01-01 10:24:50;162.0;1745713490;100.878;103.464;97.223;102.454;
1900-01-01 10:24:51;163.0;1745713491;100.878;103.436;97.222;102.454;
1900-01-01 10:24:52;164.0;1745713492;100.911;103.436;97.222;102.472;
1900-01-01 10:24:53;165.0;1745713493;100.911;103.428;97.111;102.435;
1900-01-01 10:24:54;166.0;1745713494;100.931;103.41;97.123;102.435;
1900-01-01 10:24:55;167.0;1745713495;100.931;103.41;97.123;102.408;
1900-01-01 10:24:56;168.0;1745713496;100.931;103.427;97.229;102.466;
1900-01-01 10:24:57;169.0;1745713497;100.881;103.349;97.206;102.466;
1900-01-01 10:24:58;170.0;1745713498;100.994;103.349;97.206;102.469;
1900-01-01 10:24:59;171.0;1745713499;100.994;103.315;97.273;102.554;
1900-01-01 10:25:00;172.0;1745713500;100.95;103.343;97.19;102.554;
1900-01-01 10:25:01;173.0;1745713501;100.95;103.343;97.19;102.367;
1900-01-01 10:25:02;174.0;1745713502;101.054;103.376;97.038;102.414;
1900-01-01 10:25:03;175.0;1745713503;100.951;103.3;97.038;102.414;
1900-01-01 10:25:04;176.0;1745713504;100.951;103.3;97.065;102.512;
1900-01-01 10:25:05;177.0;1745713505;100.975;103.414;97.076;102.512;
1900-01-01 10:25:06;178.0;1745713506;101.048;103.4;97.076;102.497;
1900-01-01 10:25:07;179.0;1745713507;101.048;103.4;97.097;102.5;
1900-01-01 10:25:08;180.0;1745713508;100.96;103.407;97.195;102.5;
1900-01-01 10:25:09;181.0;1745713509;100.848;103.392;97.195;102.478;
1900-01-01 10:25:10;182.0;1745713510;100.848;103.392;97.137;102.499;
1900-01-01 10:25:11;183.0;1745713511;100.866;103.391;97.21;102.499;
1900-01-01 10:25:12;184.0;1745713512;100.782;103.372;97.21;102.565;
1900-01-01 10:25:13;185.0;1745713513;100.782;103.372;97.206;102.435;
1900-01-01 10:25:14;186.0;1745713514;100.79;103.295;97.144;102.435;
1900-01-01 10:25:15;187.0;1745713515;100.697;103.315;97.144;102.496;
1900-01-01 10:25:16;188.0;1745713516;100.697;103.315;97.168;102.525;
1900-01-01 10:25:17;189.0;1745713517;100.753;103.289;97.173;102.525;
1900-01-01 10:25:18;190.0;1745713518;100.614;103.289;97.173;102.528;
1900-01-01 10:25:19;191.0;1745713519;100.614;103.3;97.054;102.442;
1900-01-01 10:25:20;192.0;1745713520;100.653;103.291;97.011;102.442;
1900-01-01 10:25:21;193.0;1745713521;100.717;103.291;97.011;102.514;
1900-01-01 10:25:22;194.0;1745713522;100.717;103.357;96.938;102.523;
1900-01-01 10:25:23;195.0;1745713523;100.742;103.395;96.938;102.523;
1900-01-01 10:25:24;196.0;1745713524;100.792;103.395;96.872;102.495;
1900-01-01 10:25:25;197.0;1745713525;100.792;103.393;96.914;102.501;
1900-01-01 10:25:26;198.0;1745713526;100.905;103.469;96.914;102.501;
1900-01-01 10:25:27;199.0;1745713527;100.947;103.469;96.931;102.487;
1900-01-01 10:25:28;200.0;1745713528;100.947;103.402;96.901;102.54;
1900-01-01 10:25:29;201.0;1745713529;100.991;103.414;96.901;102.54;
1900-01-01 10:25:30;202.0;1745713530;101.022;103.414;97.004;102.521;
1900-01-01 10:25:31;203.0;1745713531;101.022;103.52;97.07;102.457;
1900-01-01 10:25:32;204.0;1745713532;101.028;103.433;97.07;102.457;
1900-01-01 10:25:33;205.0;1745713533;101.028;103.433;97.069;102.445;
1900-01-01 10:25:34;206.0;1745713534;101.002;103.461;97.073;102.445;
1900-01-01 10:25:36;207.0;1745713536;100.975;103.41;97.073;102.49;
1900-01-01 10:25:36;208.0;1745713536;100.975;103.41;97.108;102.506;
1900-01-01 10:25:37;209.0;1745713537;100.939;103.491;97.097;102.506;
1900-01-01 10:25:39;210.0;1745713539;101.004;103.387;97.097;102.495;
1900-01-01 10:25:39;211.0;1745713539;101.004;103.387;97.081;102.452;
1900-01-01 10:25:40;212.0;1745713540;100.893;103.399;97.089;102.452;
1900-01-01 10:25:41;213.0;1745713541;100.811;103.399;97.089;102.417;
1900-01-01 10:25:42;214.0;1745713542;100.811;103.32;97.063;102.431;
1900-01-01 10:25:43;215.0;1745713543;100.76;103.353;96.942;102.431;
1900-01-01 10:25:44;216.0;1745713544;100.821;103.353;96.942;102.511;
1900-01-01 10:25:45;217.0;1745713545;100.821;103.406;96.936;102.453;
1900-01-01 10:25:46;218.0;1745713546;100.755;103.334;96.936;102.453;
1900-01-01 10:25:47;219.0;1745713547;100.697;103.334;96.915;102.541;
1900-01-01 10:25:48;220.0;1745713548;100.697;103.406;96.839;102.482;
1900-01-01 10:25:49;221.0;1745713549;100.832;103.35;96.839;102.482;
1900-01-01 10:25:50;222.0;1745713550;100.858;103.35;96.919;102.545;
1900-01-01 10:25:51;223.0;1745713551;100.858;103.298;96.926;102.468;
1900-01-01 10:25:52;224.0;1745713552;100.806;103.391;96.833;102.468;
1900-01-01 10:25:53;225.0;1745713553;100.806;103.391;96.833;102.427;
1900-01-01 10:25:54;226.0;1745713554;100.844;103.427;96.76;102.427;
1900-01-01 10:25:55;227.0;1745713555;100.806;103.383;96.76;102.439;
1900-01-01 10:25:57;228.0;1745713557;100.892;103.383;96.746;102.441;
1900-01-01 10:25:57;229.0;1745713557;100.892;103.369;96.767;102.441;
1900-01-01 10:25:58;230.0;1745713558;100.911;103.311;96.767;102.483;
1900-01-01 10:25:59;231.0;1745713559;100.911;103.311;96.851;102.464;
1900-01-01 10:26:00;232.0;1745713560;100.856;103.388;96.937;102.464;
1900-01-01 10:26:01;233.0;1745713561;100.878;103.285;96.937;102.543;
1900-01-01 10:26:02;234.0;1745713562;100.878;103.285;96.93;102.534;
1900-01-01 10:26:03;235.0;1745713563;100.912;103.379;96.924;102.534;
1900-01-01 10:26:04;236.0;1745713564;100.857;103.379;96.924;102.531;
1900-01-01 10:26:05;237.0;1745713565;100.857;103.261;96.894;102.552;
1900-01-01 10:26:06;238.0;1745713566;100.903;103.263;96.894;102.552;
1900-01-01 10:26:07;239.0;1745713567;100.904;103.263;96.884;102.564;
1900-01-01 10:26:08;240.0;1745713568;100.904;103.358;96.802;102.564;
1900-01-01 10:26:09;241.0;1745713569;100.836;103.268;96.802;102.542;
1900-01-01 10:26:10;242.0;1745713570;100.705;103.268;96.765;102.535;
1900-01-01 10:26:11;243.0;1745713571;100.705;103.4;96.795;102.535;
1900-01-01 10:26:12;244.0;1745713572;100.643;103.394;96.795;102.574;
1900-01-01 10:26:14;245.0;1745713574;100.638;103.394;96.681;102.526;
1900-01-01 10:26:14;246.0;1745713574;100.638;103.35;96.716;102.526;
1900-01-01 10:26:15;247.0;1745713575;100.636;103.467;96.716;102.562;
1900-01-01 10:26:16;248.0;1745713576;100.636;103.467;96.763;102.52;
1900-01-01 10:26:17;249.0;1745713577;100.676;103.419;96.773;102.52;
1900-01-01 10:26:18;250.0;1745713578;100.599;103.419;96.773;102.503;
1900-01-01 10:26:19;251.0;1745713579;100.599;103.416;96.818;102.475;
1900-01-01 10:26:20;252.0;1745713580;100.756;103.46;96.8;102.475;
1900-01-01 10:26:21;253.0;1745713581;100.522;103.431;96.8;102.549;
1900-01-01 10:26:22;254.0;1745713582;100.522;103.431;96.748;102.547;
1900-01-01 10:26:23;255.0;1745713583;100.671;103.45;96.73;102.547;
1900-01-01 10:26:24;256.0;1745713584;100.644;103.45;96.73;102.413;
1900-01-01 10:26:25;257.0;1745713585;100.644;103.465;96.688;102.463;
1900-01-01 10:26:27;258.0;1745713587;100.622;103.342;96.733;102.463;
1900-01-01 10:26:27;259.0;1745713587;100.588;103.342;96.733;102.481;
1900-01-01 10:26:28;260.0;1745713588;100.588;103.363;96.734;102.498;
1900-01-01 10:26:29;261.0;1745713589;100.629;103.308;96.771;102.498;
1900-01-01 10:26:30;262.0;1745713590;100.588;103.308;96.771;102.584;
1900-01-01 10:26:31;263.0;1745713591;100.588;103.319;96.82;102.462;
1900-01-01 10:26:32;264.0;1745713592;100.67;103.27;96.82;102.462;
1900-01-01 10:26:33;265.0;1745713593;100.691;103.27;96.694;102.608;
1900-01-01 10:26:34;266.0;1745713594;100.691;103.317;96.6;102.608;
1900-01-01 10:26:35;267.0;1745713595;100.668;103.271;96.6;102.532;
1900-01-01 10:26:36;268.0;1745713596;100.716;103.271;96.604;102.515;
1900-01-01 10:26:37;269.0;1745713597;100.716;103.238;96.563;102.515;
1900-01-01 10:26:38;270.0;1745713598;100.726;103.235;96.563;102.481;
1900-01-01 10:26:39;271.0;1745713599;100.726;103.235;96.535;102.511;
1900-01-01 10:26:40;272.0;1745713600;100.748;103.187;96.56;102.511;
1900-01-01 10:26:41;273.0;1745713601;100.65;103.187;96.56;102.485;
1900-01-01 10:26:42;274.0;1745713602;100.65;103.279;96.516;102.474;
1900-01-01 10:26:43;275.0;1745713603;100.657;103.278;96.658;102.474;
1900-01-01 10:26:45;276.0;1745713605;100.735;103.332;96.658;102.547;
1900-01-01 10:26:45;277.0;1745713605;100.735;103.332;96.685;102.523;
1900-01-01 10:26:46;278.0;1745713606;100.601;103.256;96.723;102.523;
1900-01-01 10:26:47;279.0;1745713607;100.634;103.256;96.723;102.543;
1900-01-01 10:26:48;280.0;1745713608;100.634;103.224;96.753;102.611;
1900-01-01 10:26:49;281.0;1745713609;100.598;103.093;96.753;102.611;
1900-01-01 10:26:50;282.0;1745713610;100.598;103.093;96.707;102.577;
1900-01-01 10:26:51;283.0;1745713611;100.563;103.312;96.613;102.486;
1900-01-01 10:26:52;284.0;1745713612;100.499;103.284;96.613;102.486;
1900-01-01 10:26:53;285.0;1745713613;100.499;103.284;96.604;102.564;
1900-01-01 10:26:54;286.0;1745713614;100.462;103.216;96.627;102.564;
1900-01-01 10:26:55;287.0;1745713615;100.435;103.161;96.627;102.64;
1900-01-01 10:26:56;288.0;1745713616;100.435;103.161;96.577;102.622;
1900-01-01 10:26:57;289.0;1745713617;100.412;103.246;96.697;102.622;
1900-01-01 10:26:58;290.0;1745713618;100.398;103.325;96.697;102.571;
1900-01-01 10:26:59;291.0;1745713619;100.398;103.325;96.586;102.622;
1900-01-01 10:27:00;292.0;1745713620;100.496;103.231;96.515;102.622;
1900-01-01 10:27:01;293.0;1745713621;100.435;103.231;96.515;102.461;
1900-01-01 10:27:02;294.0;1745713622;100.435;103.312;96.407;102.539;
1900-01-01 10:27:03;295.0;1745713623;100.492;103.271;96.388;102.539;
1900-01-01 10:27:04;296.0;1745713624;100.504;103.271;96.388;102.629;
1900-01-01 10:27:05;297.0;1745713625;100.504;103.303;96.507;102.544;
1900-01-01 10:27:06;298.0;1745713626;100.465;103.159;96.481;102.544;
1900-01-01 10:27:07;299.0;1745713627;100.478;103.159;96.481;102.582;
1900-01-01 10:27:08;300.0;1745713628;100.478;103.234;96.49;102.571;
1900-01-01 10:27:09;301.0;1745713629;100.534;103.251;96.502;102.571;
1900-01-01 10:27:10;302.0;1745713630;100.6;103.251;96.502;102.536;
1900-01-01 10:27:11;303.0;1745713631;100.6;103.22;96.495;102.461;
1900-01-01 10:27:12;304.0;1745713632;100.67;103.184;96.495;102.461;
1900-01-01 10:27:13;305.0;1745713633;100.67;103.184;96.483;102.498;
1900-01-01 10:27:14;306.0;1745713634;100.633;103.134;96.393;102.572;
1900-01-01 10:27:15;307.0;1745713635;100.701;103.17;96.393;102.572;
1900-01-01 10:27:16;308.0;1745713636;100.701;103.17;96.438;102.598;
1900-01-01 10:27:17;309.0;1745713637;100.657;103.064;96.45;102.598;
1900-01-01 10:27:18;310.0;1745713638;100.647;103.036;96.45;102.621;
1900-01-01 10:27:20;311.0;1745713640;100.684;103.036;96.363;102.523;
1900-01-01 10:27:20;312.0;1745713640;100.684;103.071;96.404;102.523;
1900-01-01 10:27:21;313.0;1745713641;100.683;103.084;96.404;102.529;
1900-01-01 10:27:22;314.0;1745713642;100.683;103.084;96.425;102.504;
1900-01-01 10:27:23;315.0;1745713643;100.61;103.215;96.471;102.504;
1900-01-01 10:27:24;316.0;1745713644;100.651;103.149;96.471;102.546;
1900-01-01 10:27:25;317.0;1745713645;100.651;103.149;96.497;102.497;
1900-01-01 10:27:26;318.0;1745713646;100.616;103.191;96.532;102.497;
1900-01-01 10:27:27;319.0;1745713647;100.628;103.191;96.532;102.529;
1900-01-01 10:27:28;320.0;1745713648;100.628;103.176;96.471;102.604;
1900-01-01 10:27:29;321.0;1745713649;100.524;103.251;96.471;102.604;
1900-01-01 10:27:30;322.0;1745713650;100.446;103.251;96.498;102.579;
1900-01-01 10:27:31;323.0;1745713651;100.446;103.277;96.42;102.579;
1900-01-01 10:27:32;324.0;1745713652;100.566;103.373;96.42;102.544;
1900-01-01 10:27:33;325.0;1745713653;100.351;103.373;96.529;102.521;
1900-01-01 10:27:34;326.0;1745713654;100.351;103.326;96.439;102.55;
1900-01-01 10:27:35;327.0;1745713655;100.317;103.329;96.439;102.55;
1900-01-01 10:27:36;328.0;1745713656;100.388;103.329;96.377;102.572;
1900-01-01 10:27:37;329.0;1745713657;100.388;103.296;96.316;102.603;
1900-01-01 10:27:38;330.0;1745713658;100.459;103.29;96.316;102.603;
1900-01-01 10:27:39;331.0;1745713659;100.459;103.29;96.208;102.526;
1900-01-01 10:27:40;332.0;1745713660;100.473;103.301;96.226;102.548;
1900-01-01 10:27:41;333.0;1745713661;100.488;103.232;96.226;102.548;
1900-01-01 10:27:42;334.0;1745713662;100.488;103.232;96.256;102.519;
1900-01-01 10:27:43;335.0;1745713663;100.461;103.184;96.28;102.519;
1900-01-01 10:27:45;336.0;1745713665;100.577;103.218;96.28;102.552;
1900-01-01 10:27:45;337.0;1745713665;100.577;103.218;96.329;102.577;
1900-01-01 10:27:46;338.0;1745713666;100.479;103.276;96.353;102.577;
1900-01-01 10:27:48;339.0;1745713668;100.521;103.162;96.353;102.497;
1900-01-01 10:27:48;340.0;1745713668;100.521;103.162;96.334;102.48;
1900-01-01 10:27:49;341.0;1745713669;100.443;103.162;96.289;102.48;
1900-01-01 10:27:50;342.0;1745713670;100.37;103.162;96.289;102.51;
1900-01-01 10:27:51;343.0;1745713671;100.37;103.143;96.265;102.476;
1900-01-01 10:27:52;344.0;1745713672;100.355;103.203;96.196;102.476;
1900-01-01 10:27:53;345.0;1745713673;100.212;103.203;96.196;102.574;
1900-01-01 10:27:54;346.0;1745713674;100.212;103.189;96.11;102.498;
1900-01-01 10:27:55;347.0;1745713675;100.228;103.235;96.11;102.498;
1900-01-01 10:27:57;348.0;1745713677;100.179;103.235;96.194;102.504;
1900-01-01 10:27:57;349.0;1745713677;100.179;103.18;96.168;102.504;
1900-01-01 10:27:58;350.0;1745713678;100.156;103.11;96.168;102.555;
1900-01-01 10:28:00;351.0;1745713680;100.102;103.11;96.252;102.522;
1900-01-01 10:28:00;352.0;1745713680;100.102;103.069;96.119;102.522;
1900-01-01 10:28:02;353.0;1745713682;100.16;103.061;96.119;102.561;
1900-01-01 10:28:02;354.0;1745713682;100.16;103.061;96.159;102.569;
1900-01-01 10:28:03;355.0;1745713683;100.214;103.219;96.222;102.569;
1900-01-01 10:28:05;356.0;1745713685;100.21;103.205;96.222;102.554;
1900-01-01 10:28:05;357.0;1745713685;100.21;103.205;96.286;102.58;
1900-01-01 10:28:06;358.0;1745713686;100.251;103.164;96.34;102.58;
1900-01-01 10:28:07;359.0;1745713687;100.28;103.164;96.34;102.608;
1900-01-01 10:28:08;360.0;1745713688;100.28;103.17;96.289;102.567;
1900-01-01 10:28:09;361.0;1745713689;100.43;103.126;96.289;102.567;
1900-01-01 10:28:10;362.0;1745713690;100.486;103.126;96.331;102.516;
1900-01-01 10:28:11;363.0;1745713691;100.486;103.227;96.198;102.516;
1900-01-01 10:28:12;364.0;1745713692;100.52;103.165;96.198;102.585;
1900-01-01 10:28:13;365.0;1745713693;100.517;103.165;96.207;102.483;
1900-01-01 10:28:14;366.0;1745713694;100.517;103.171;96.283;102.478;
1900-01-01 10:28:15;367.0;1745713695;100.504;103.291;96.283;102.478;
1900-01-01 10:28:16;368.0;1745713696;100.504;103.291;96.216;102.538;
1900-01-01 10:28:17;369.0;1745713697;100.55;103.273;96.248;102.538;
1900-01-01 10:28:18;370.0;1745713698;100.576;103.158;96.248;102.551;
1900-01-01 10:28:19;371.0;1745713699;100.497;103.158;96.188;102.557;
1900-01-01 10:28:20;372.0;1745713700;100.497;103.234;96.11;102.557;
1900-01-01 10:28:21;373.0;1745713701;100.593;103.135;96.11;102.531;
1900-01-01 10:28:22;374.0;1745713702;100.593;103.135;96.122;102.506;
1900-01-01 10:28:23;375.0;1745713703;100.532;103.155;96.064;102.506;
1900-01-01 10:28:24;376.0;1745713704;100.526;103.155;96.064;102.659;
1900-01-01 10:28:25;377.0;1745713705;100.526;103.155;95.975;102.635;
1900-01-01 10:28:27;378.0;1745713707;100.562;103.107;96.065;102.635;
1900-01-01 10:28:27;379.0;1745713707;100.423;103.107;96.065;102.604;
1900-01-01 10:28:28;380.0;1745713708;100.423;103.048;95.985;102.55;
1900-01-01 10:28:29;381.0;1745713709;100.459;103.023;95.985;102.55;
1900-01-01 10:28:30;382.0;1745713710;100.402;103.023;96.008;102.596;
1900-01-01 10:28:31;383.0;1745713711;100.402;103.085;95.922;102.541;
1900-01-01 10:28:32;384.0;1745713712;100.396;103.139;95.922;102.541;
1900-01-01 10:28:33;385.0;1745713713;100.369;103.139;95.955;102.609;
1900-01-01 10:28:34;386.0;1745713714;100.369;103.152;95.96;102.551;
1900-01-01 10:28:35;387.0;1745713715;100.348;103.075;95.96;102.551;
1900-01-01 10:28:36;388.0;1745713716;100.348;103.075;96.026;102.569;
1900-01-01 10:28:37;389.0;1745713717;100.256;103.166;95.972;102.569;
1900-01-01 10:28:38;390.0;1745713718;100.266;103.166;95.972;102.53;
1900-01-01 10:28:39;391.0;1745713719;100.266;103.054;96.061;102.541;
1900-01-01 10:28:40;392.0;1745713720;100.304;103.113;95.968;102.541;
1900-01-01 10:28:41;393.0;1745713721;100.349;103.113;95.968;102.622;
1900-01-01 10:28:42;394.0;1745713722;100.349;103.126;96.06;102.591;
1900-01-01 10:28:43;395.0;1745713723;100.307;103.118;96.06;102.591;
1900-01-01 10:28:44;396.0;1745713724;100.293;103.118;95.984;102.631;
1900-01-01 10:28:46;397.0;1745713726;100.293;103.034;96.062;102.506;
1900-01-01 10:28:46;398.0;1745713726;100.274;103.04;96.062;102.506;
1900-01-01 10:28:47;399.0;1745713727;100.268;103.04;96.067;102.686;
1900-01-01 10:28:48;400.0;1745713728;100.268;103.062;96.025;102.539;
1900-01-01 10:28:49;401.0;1745713729;100.149;103.125;96.025;102.539;
1900-01-01 10:28:50;402.0;1745713730;100.211;103.125;95.962;102.534;
1900-01-01 10:28:52;403.0;1745713732;100.211;103.09;95.995;102.533;
1900-01-01 10:28:52;404.0;1745713732;100.12;103.163;95.995;102.533;
1900-01-01 10:28:53;405.0;1745713733;100.128;103.163;95.911;102.482;
1900-01-01 10:28:54;406.0;1745713734;100.128;103.117;95.941;102.469;
1900-01-01 10:28:55;407.0;1745713735;100.106;103.154;95.941;102.469;
1900-01-01 10:28:56;408.0;1745713736;100.106;103.154;95.924;102.486;
1900-01-01 10:28:57;409.0;1745713737;100.084;103.18;95.882;102.486;
1900-01-01 10:28:59;410.0;1745713739;100.104;103.143;95.882;102.527;
1900-01-01 10:28:59;411.0;1745713739;100.104;103.143;95.923;102.451;
1900-01-01 10:29:00;412.0;1745713740;100.082;103.118;95.92;102.451;
1900-01-01 10:29:01;413.0;1745713741;100.151;103.118;95.92;102.555;
1900-01-01 10:29:02;414.0;1745713742;100.151;103.146;95.891;102.587;
1900-01-01 10:29:03;415.0;1745713743;100.216;103.22;95.9;102.587;
1900-01-01 10:29:04;416.0;1745713744;100.252;103.138;95.9;102.52;
1900-01-01 10:29:05;417.0;1745713745;100.252;103.138;95.915;102.538;
1900-01-01 10:29:06;418.0;1745713746;100.267;103.141;95.915;102.538;
1900-01-01 10:29:07;419.0;1745713747;100.319;103.141;95.877;102.524;
1900-01-01 10:29:08;420.0;1745713748;100.319;103.123;95.892;102.467;
1900-01-01 10:29:09;421.0;1745713749;100.357;103.194;95.784;102.467;
1900-01-01 10:29:10;422.0;1745713750;100.338;103.194;95.784;102.516;
1900-01-01 10:29:11;423.0;1745713751;100.338;103.178;95.882;102.586;
1900-01-01 10:29:12;424.0;1745713752;100.378;103.147;95.891;102.586;
1900-01-01 10:29:13;425.0;1745713753;100.346;103.147;95.891;102.477;
1900-01-01 10:29:14;426.0;1745713754;100.346;103.072;95.814;102.423;
1900-01-01 10:29:15;427.0;1745713755;100.346;103.166;95.809;102.423;
1900-01-01 10:29:17;428.0;1745713757;100.401;103.13;95.809;102.49;
1900-01-01 10:29:17;429.0;1745713757;100.401;103.13;95.689;102.578;
1900-01-01 10:29:18;430.0;1745713758;100.369;103.26;95.744;102.578;
1900-01-01 10:29:19;431.0;1745713759;100.373;103.26;95.744;102.648;
1900-01-01 10:29:20;432.0;1745713760;100.373;103.129;95.712;102.549;
1900-01-01 10:29:21;433.0;1745713761;100.3;103.146;95.76;102.549;
1900-01-01 10:29:22;434.0;1745713762;100.191;103.146;95.76;102.562;
1900-01-01 10:29:23;435.0;1745713763;100.191;103.021;95.718;102.528;
1900-01-01 10:29:24;436.0;1745713764;100.181;103.09;95.702;102.528;
1900-01-01 10:29:25;437.0;1745713765;100.153;103.09;95.702;102.501;
1900-01-01 10:29:26;438.0;1745713766;100.153;103.103;95.771;102.643;
1900-01-01 10:29:27;439.0;1745713767;100.105;102.999;95.771;102.643;
1900-01-01 10:29:28;440.0;1745713768;100.068;102.999;95.766;102.523;
1900-01-01 10:29:29;441.0;1745713769;100.068;103.057;95.793;102.599;
1900-01-01 10:29:30;442.0;1745713770;100.026;103.004;95.793;102.599;
1900-01-01 10:29:31;443.0;1745713771;100.033;103.004;95.818;102.604;
1900-01-01 10:29:32;444.0;1745713772;100.033;103.081;95.888;102.616;
1900-01-01 10:29:33;445.0;1745713773;100.007;103.02;95.888;102.616;
1900-01-01 10:29:34;446.0;1745713774;100.007;103.02;95.842;102.638;
1900-01-01 10:29:35;447.0;1745713775;99.986;103.02;95.801;102.59;
1900-01-01 10:29:36;448.0;1745713776;100.029;103.032;95.801;102.59;
1900-01-01 10:29:37;449.0;1745713777;100.029;103.032;95.742;102.599;
1900-01-01 10:29:39;450.0;1745713779;99.881;103.067;95.616;102.595;
1900-01-01 10:29:39;451.0;1745713779;99.929;103.067;95.616;102.595;
1900-01-01 10:29:40;452.0;1745713780;99.929;103.124;95.659;102.589;
1900-01-01 10:29:41;453.0;1745713781;99.935;103.033;95.557;102.589;
1900-01-01 10:29:42;454.0;1745713782;99.955;103.033;95.557;102.594;
1900-01-01 10:29:43;455.0;1745713783;99.955;103.03;95.564;102.637;
1900-01-01 10:29:44;456.0;1745713784;100.016;102.991;95.564;102.637;
1900-01-01 10:29:45;457.0;1745713785;100.033;102.991;95.564;102.562;
1900-01-01 10:29:46;458.0;1745713786;100.033;103.042;95.65;102.514;
1900-01-01 10:29:48;459.0;1745713788;100.006;102.986;95.669;102.514;
1900-01-01 10:29:48;460.0;1745713788;100.039;102.986;95.669;102.629;
1900-01-01 10:29:49;461.0;1745713789;100.039;102.975;95.783;102.566;
1900-01-01 10:29:50;462.0;1745713790;100.103;103.01;95.785;102.566;
1900-01-01 10:29:51;463.0;1745713791;100.153;103.01;95.785;102.579;
1900-01-01 10:29:52;464.0;1745713792;100.153;102.891;95.736;102.64;
1900-01-01 10:29:53;465.0;1745713793;100.188;102.89;95.736;102.64;
1900-01-01 10:29:54;466.0;1745713794;100.099;102.89;95.815;102.643;
1900-01-01 10:29:55;467.0;1745713795;100.099;102.911;95.648;102.591;
1900-01-01 10:29:56;468.0;1745713796;100.096;102.916;95.648;102.591;
1900-01-01 10:29:57;469.0;1745713797;100.203;102.916;95.62;102.567;
1900-01-01 10:29:58;470.0;1745713798;100.203;102.948;95.503;102.567;
1900-01-01 10:29:59;471.0;1745713799;100.175;102.918;95.503;102.65;
1900-01-01 10:30:00;472.0;1745713800;100.149;102.918;95.523;102.581;
1900-01-01 10:30:01;473.0;1745713801;100.149;102.958;95.529;102.581;
1900-01-01 10:30:02;474.0;1745713802;100.153;102.99;95.529;102.426;
1900-01-01 10:30:03;475.0;1745713803;100.153;102.99;95.558;102.499;
1900-01-01 10:30:04;476.0;1745713804;100.198;102.99;95.603;102.499;
1900-01-01 10:30:05;477.0;1745713805;100.163;102.994;95.603;102.56;
1900-01-01 10:30:06;478.0;1745713806;100.163;102.994;95.549;102.533;
1900-01-01 10:30:07;479.0;1745713807;100.132;103.057;95.579;102.533;
1900-01-01 10:30:08;480.0;1745713808;100.193;103.057;95.579;102.508;
1900-01-01 10:30:09;481.0;1745713809;100.193;102.961;95.563;102.544;
1900-01-01 10:30:10;482.0;1745713810;100.118;103.078;95.563;102.544;
1900-01-01 10:30:11;483.0;1745713811;100.176;103.078;95.515;102.573;
1900-01-01 10:30:12;484.0;1745713812;100.176;102.987;95.601;102.612;
1900-01-01 10:30:13;485.0;1745713813;100.036;102.904;95.601;102.612;
1900-01-01 10:30:14;486.0;1745713814;100.025;102.904;95.52;102.576;
1900-01-01 10:30:15;487.0;1745713815;100.025;102.884;95.549;102.563;
1900-01-01 10:30:16;488.0;1745713816;100.054;102.919;95.549;102.563;
1900-01-01 10:30:17;489.0;1745713817;100.054;102.919;95.492;102.533;
1900-01-01 10:30:18;490.0;1745713818;100.008;102.925;95.552;102.533;
1900-01-01 10:30:19;491.0;1745713819;99.962;102.955;95.552;102.58;
1900-01-01 10:30:21;492.0;1745713821;99.929;102.955;95.533;102.557;
1900-01-01 10:30:21;493.0;1745713821;99.929;102.935;95.444;102.557;
1900-01-01 10:30:22;494.0;1745713822;99.929;103.017;95.444;102.655;
1900-01-01 10:30:23;495.0;1745713823;99.914;103.017;95.42;102.517;
1900-01-01 10:30:24;496.0;1745713824;99.914;103.044;95.491;102.517;
1900-01-01 10:30:25;497.0;1745713825;99.884;103.044;95.491;102.545;
1900-01-01 10:30:26;498.0;1745713826;99.884;103.044;95.461;102.498;
1900-01-01 10:30:27;499.0;1745713827;99.989;103.009;95.566;102.498;
1900-01-01 10:30:28;500.0;1745713828;99.944;102.985;95.566;102.506;
1900-01-01 10:30:29;501.0;1745713829;99.944;102.985;95.357;102.529;
1900-01-01 10:30:30;502.0;1745713830;99.937;102.952;95.426;102.529;
1900-01-01 10:30:31;503.0;1745713831;99.931;102.952;95.426;102.623;
1900-01-01 10:30:32;504.0;1745713832;99.931;103.011;95.316;102.61;
1900-01-01 10:30:33;505.0;1745713833;100.002;103.003;95.388;102.61;
1900-01-01 10:30:34;506.0;1745713834;99.928;103.003;95.388;102.611;
1900-01-01 10:30:35;507.0;1745713835;99.928;102.961;95.337;102.595;
1900-01-01 10:30:36;508.0;1745713837;99.942;102.974;95.434;102.595;
1900-01-01 10:30:37;509.0;1745713837;99.921;102.974;95.434;102.405;
1900-01-01 10:30:38;510.0;1745713838;99.921;102.9;95.343;102.543;
1900-01-01 10:30:40;511.0;1745713840;99.975;102.943;95.355;102.543;
1900-01-01 10:30:40;512.0;1745713840;99.939;102.943;95.355;102.511;
1900-01-01 10:30:41;513.0;1745713841;99.939;102.94;95.287;102.531;
1900-01-01 10:30:42;514.0;1745713842;99.956;102.905;95.287;102.531;
1900-01-01 10:30:43;515.0;1745713843;99.956;102.905;95.259;102.507;
1900-01-01 10:30:44;516.0;1745713844;99.933;102.998;95.237;102.558;
1900-01-01 10:30:45;517.0;1745713845;99.883;102.998;95.237;102.558;
1900-01-01 10:30:46;518.0;1745713846;99.883;102.951;95.313;102.601;
1900-01-01 10:30:47;519.0;1745713847;99.943;102.964;95.318;102.601;
1900-01-01 10:30:48;520.0;1745713848;99.871;102.964;95.318;102.568;
1900-01-01 10:30:49;521.0;1745713849;99.871;102.972;95.361;102.599;
1900-01-01 10:30:50;522.0;1745713850;99.897;103.044;95.418;102.599;
1900-01-01 10:30:51;523.0;1745713851;99.88;103.044;95.418;102.583;
1900-01-01 10:30:52;524.0;1745713852;99.88;102.948;95.423;102.605;
1900-01-01 10:30:53;525.0;1745713853;99.832;102.936;95.394;102.605;
1900-01-01 10:30:54;526.0;1745713854;99.82;102.936;95.394;102.557;
1900-01-01 10:30:55;527.0;1745713855;99.82;102.933;95.369;102.563;
1900-01-01 10:30:56;528.0;1745713856;99.736;102.86;95.284;102.563;
1900-01-01 10:30:57;529.0;1745713857;99.736;102.86;95.284;102.615;
1900-01-01 10:30:58;530.0;1745713858;99.79;102.88;95.348;102.615;
1900-01-01 10:30:59;531.0;1745713859;99.817;102.866;95.348;102.54;
1900-01-01 10:31:00;532.0;1745713860;99.915;102.866;95.344;102.508;
1900-01-01 10:31:01;533.0;1745713861;99.915;102.817;95.331;102.508;
1900-01-01 10:31:02;534.0;1745713862;99.919;102.797;95.331;102.562;
1900-01-01 10:31:03;535.0;1745713863;99.919;102.797;95.383;102.607;
1900-01-01 10:31:04;536.0;1745713864;100.01;102.864;95.28;102.626;
1900-01-01 10:31:06;537.0;1745713866;100.006;102.765;95.28;102.626;
1900-01-01 10:31:06;538.0;1745713866;100.006;102.765;95.201;102.578;
1900-01-01 10:31:07;539.0;1745713867;99.938;102.667;95.154;102.578;
1900-01-01 10:31:08;540.0;1745713868;99.988;102.769;95.154;102.546;
1900-01-01 10:31:09;541.0;1745713869;99.988;102.769;95.194;102.562;
1900-01-01 10:31:10;542.0;1745713870;100.0;102.767;95.191;102.562;
1900-01-01 10:31:11;543.0;1745713871;99.959;102.767;95.191;102.572;
1900-01-01 10:31:12;544.0;1745713872;99.959;102.839;95.266;102.589;
1900-01-01 10:31:13;545.0;1745713873;99.904;102.766;95.27;102.589;
1900-01-01 10:31:14;546.0;1745713874;99.985;102.766;95.27;102.574;
1900-01-01 10:31:15;547.0;1745713875;99.985;102.756;95.228;102.589;
1900-01-01 10:31:16;548.0;1745713876;100.028;102.768;95.228;102.589;
1900-01-01 10:31:17;549.0;1745713877;99.949;102.768;95.245;102.595;
1900-01-01 10:31:18;550.0;1745713878;99.949;102.813;95.17;102.595;
1900-01-01 10:31:19;551.0;1745713879;100.012;102.85;95.17;102.651;
1900-01-01 10:31:20;552.0;1745713880;99.925;102.85;95.208;102.632;
1900-01-01 10:31:21;553.0;1745713881;99.925;102.862;95.121;102.632;
1900-01-01 10:31:22;554.0;1745713882;99.825;102.754;95.121;102.724;
1900-01-01 10:31:23;555.0;1745713883;99.825;102.754;95.127;102.611;
1900-01-01 10:31:24;556.0;1745713884;99.884;102.814;95.111;102.611;
1900-01-01 10:31:25;557.0;1745713885;99.79;102.811;95.111;102.646;
1900-01-01 10:31:26;558.0;1745713886;99.79;102.811;95.113;102.589;
1900-01-01 10:31:27;559.0;1745713887;99.824;102.806;95.182;102.589;
1900-01-01 10:31:28;560.0;1745713888;99.776;102.806;95.182;102.609;
1900-01-01 10:31:29;561.0;1745713889;99.776;102.915;95.201;102.617;
1900-01-01 10:31:30;562.0;1745713890;99.658;102.872;95.201;102.617;
1900-01-01 10:31:31;563.0;1745713891;99.743;102.872;95.082;102.596;
1900-01-01 10:31:32;564.0;1745713892;99.743;102.858;95.125;102.561;
1900-01-01 10:31:33;565.0;1745713893;99.612;102.874;95.175;102.561;
1900-01-01 10:31:34;566.0;1745713894;99.612;102.874;95.175;102.543;
1900-01-01 10:31:35;567.0;1745713895;99.665;102.813;95.119;102.618;
1900-01-01 10:31:36;568.0;1745713896;99.687;102.747;95.119;102.618;
1900-01-01 10:31:37;569.0;1745713897;99.687;102.747;95.109;102.589;
1900-01-01 10:31:38;570.0;1745713898;99.779;102.797;95.026;102.589;
1900-01-01 10:31:39;571.0;1745713899;99.785;102.784;95.026;102.575;
1900-01-01 10:31:41;572.0;1745713901;99.779;102.784;95.068;102.563;
1900-01-01 10:31:41;573.0;1745713901;99.779;102.749;95.111;102.563;
1900-01-01 10:31:42;574.0;1745713902;99.742;102.713;95.111;102.56;
1900-01-01 10:31:43;575.0;1745713903;99.767;102.713;95.085;102.556;
1900-01-01 10:31:44;576.0;1745713904;99.767;102.685;94.917;102.556;
1900-01-01 10:31:45;577.0;1745713905;99.862;102.689;94.917;102.615;
1900-01-01 10:31:46;578.0;1745713906;99.862;102.689;94.947;102.605;
1900-01-01 10:31:47;579.0;1745713907;99.675;102.688;94.992;102.605;
1900-01-01 10:31:48;580.0;1745713908;99.667;102.688;94.992;102.591;
1900-01-01 10:31:49;581.0;1745713909;99.667;102.746;95.033;102.603;
1900-01-01 10:31:50;582.0;1745713910;99.666;102.579;95.064;102.603;
1900-01-01 10:31:51;583.0;1745713911;99.584;102.579;95.064;102.566;
1900-01-01 10:31:53;584.0;1745713913;99.584;102.622;95.06;102.602;
1900-01-01 10:31:53;585.0;1745713913;99.497;102.717;95.06;102.602;
1900-01-01 10:31:54;586.0;1745713914;99.481;102.717;94.98;102.554;
1900-01-01 10:31:55;587.0;1745713915;99.481;102.68;94.942;102.539;
1900-01-01 10:31:56;588.0;1745713916;99.593;102.698;94.942;102.539;
1900-01-01 10:31:57;589.0;1745713917;99.527;102.698;94.941;102.567;
1900-01-01 10:31:58;590.0;1745713918;99.527;102.796;94.909;102.567;
1900-01-01 10:31:59;591.0;1745713919;99.592;102.688;94.909;102.506;
1900-01-01 10:32:00;592.0;1745713920;99.728;102.688;94.945;102.564;
1900-01-01 10:32:01;593.0;1745713921;99.728;102.755;94.958;102.564;
1900-01-01 10:32:02;594.0;1745713922;99.763;102.77;94.958;102.554;
1900-01-01 10:32:03;595.0;1745713923;99.763;102.77;94.879;102.582;
1900-01-01 10:32:04;596.0;1745713924;99.81;102.737;94.92;102.582;
1900-01-01 10:32:05;597.0;1745713925;99.863;102.737;94.92;102.622;
1900-01-01 10:32:06;598.0;1745713926;99.863;102.832;94.874;102.577;
1900-01-01 10:32:07;599.0;1745713927;99.869;102.81;94.827;102.577;
1900-01-01 10:32:08;600.0;1745713928;99.768;102.81;94.827;102.577;
1900-01-01 10:32:09;601.0;1745713929;99.768;102.802;94.786;102.638;
1900-01-01 10:32:10;602.0;1745713930;99.825;102.876;94.73;102.638;
1900-01-01 10:32:11;603.0;1745713931;99.807;102.876;94.73;102.634;
1900-01-01 10:32:12;604.0;1745713932;99.807;102.865;94.745;102.613;
1900-01-01 10:32:13;605.0;1745713933;99.813;102.889;94.789;102.613;
1900-01-01 10:32:14;606.0;1745713934;99.869;102.889;94.789;102.587;
1900-01-01 10:32:15;607.0;1745713935;99.869;102.733;94.958;102.569;
1900-01-01 10:32:16;608.0;1745713936;99.64;102.825;94.958;102.569;
1900-01-01 10:32:17;609.0;1745713937;99.692;102.825;94.979;102.558;
1900-01-01 10:32:18;610.0;1745713938;99.692;102.709;95.049;102.542;
1900-01-01 10:32:19;611.0;1745713939;99.714;102.761;95.049;102.542;
1900-01-01 10:32:20;612.0;1745713940;99.696;102.761;94.976;102.596;
1900-01-01 10:32:21;613.0;1745713941;99.696;102.803;94.973;102.582;
1900-01-01 10:32:22;614.0;1745713942;99.678;102.742;94.973;102.582;
1900-01-01 10:32:24;615.0;1745713944;99.609;102.742;94.931;102.629;
1900-01-01 10:32:24;616.0;1745713944;99.609;102.768;94.86;102.629;
1900-01-01 10:32:25;617.0;1745713945;99.536;102.672;94.86;102.605;
1900-01-01 10:32:27;618.0;1745713947;99.528;102.672;94.932;102.65;
1900-01-01 10:32:27;619.0;1745713947;99.528;102.676;94.826;102.65;
1900-01-01 10:32:28;620.0;1745713948;99.522;102.632;94.826;102.624;
1900-01-01 10:32:29;621.0;1745713949;99.522;102.632;94.759;102.554;
1900-01-01 10:32:30;622.0;1745713950;99.529;102.663;94.665;102.554;
1900-01-01 10:32:31;623.0;1745713951;99.569;102.663;94.665;102.563;
1900-01-01 10:32:32;624.0;1745713952;99.569;102.651;94.711;102.568;
1900-01-01 10:32:33;625.0;1745713953;99.608;102.593;94.773;102.568;
1900-01-01 10:32:34;626.0;1745713954;99.608;102.593;94.773;102.612;
1900-01-01 10:32:35;627.0;1745713955;99.608;102.532;94.703;102.535;
1900-01-01 10:32:37;628.0;1745713957;99.667;102.565;94.678;102.535;
1900-01-01 10:32:37;629.0;1745713957;99.62;102.565;94.678;102.623;
1900-01-01 10:32:38;630.0;1745713958;99.62;102.644;94.757;102.577;
1900-01-01 10:32:39;631.0;1745713959;99.645;102.766;94.757;102.577;
1900-01-01 10:32:40;632.0;1745713960;99.611;102.766;94.745;102.56;
1900-01-01 10:32:41;633.0;1745713961;99.611;102.743;94.655;102.606;
1900-01-01 10:32:42;634.0;1745713962;99.532;102.727;94.655;102.606;
1900-01-01 10:32:43;635.0;1745713963;99.437;102.727;94.658;102.583;
1900-01-01 10:32:44;636.0;1745713964;99.437;102.716;94.56;102.627;
1900-01-01 10:32:45;637.0;1745713965;99.433;102.775;94.56;102.627;
1900-01-01 10:32:46;638.0;1745713966;99.4;102.775;94.612;102.665;
1900-01-01 10:32:47;639.0;1745713967;99.4;102.694;94.601;102.602;
1900-01-01 10:32:49;640.0;1745713969;99.344;102.649;94.648;102.602;
1900-01-01 10:32:49;641.0;1745713969;99.344;102.649;94.648;102.643;
1900-01-01 10:32:50;642.0;1745713970;99.384;102.602;94.675;102.591;
1900-01-01 10:32:51;643.0;1745713971;99.423;102.611;94.675;102.591;
1900-01-01 10:32:53;644.0;1745713973;99.492;102.611;94.746;102.529;
1900-01-01 10:32:53;645.0;1745713973;99.492;102.552;94.718;102.529;
1900-01-01 10:32:54;646.0;1745713974;99.507;102.65;94.718;102.68;
1900-01-01 10:32:55;647.0;1745713975;99.465;102.65;94.699;102.521;
1900-01-01 10:32:56;648.0;1745713976;99.465;102.549;94.667;102.577;
1900-01-01 10:32:57;649.0;1745713977;99.525;102.554;94.667;102.577;
1900-01-01 10:32:58;650.0;1745713978;99.525;102.554;94.771;102.561;
1900-01-01 10:32:59;651.0;1745713979;99.547;102.598;94.629;102.527;
1900-01-01 10:33:00;652.0;1745713980;99.539;102.562;94.629;102.527;
1900-01-01 10:33:01;653.0;1745713981;99.539;102.562;94.679;102.573;
1900-01-01 10:33:02;654.0;1745713982;99.485;102.619;94.781;102.573;
1900-01-01 10:33:03;655.0;1745713983;99.416;102.619;94.781;102.565;
1900-01-01 10:33:04;656.0;1745713984;99.416;102.583;94.778;102.633;
1900-01-01 10:33:05;657.0;1745713985;99.431;102.515;94.64;102.633;
1900-01-01 10:33:06;658.0;1745713986;99.421;102.515;94.64;102.662;
1900-01-01 10:33:07;659.0;1745713987;99.421;102.591;94.763;102.637;
1900-01-01 10:33:08;660.0;1745713988;99.45;102.685;94.763;102.637;
1900-01-01 10:33:09;661.0;1745713989;99.513;102.685;94.685;102.575;
1900-01-01 10:33:10;662.0;1745713990;99.513;102.642;94.612;102.612;
1900-01-01 10:33:12;663.0;1745713992;99.442;102.635;94.551;102.612;
1900-01-01 10:33:12;664.0;1745713992;99.512;102.635;94.551;102.563;
1900-01-01 10:33:13;665.0;1745713993;99.512;102.701;94.548;102.477;
1900-01-01 10:33:15;666.0;1745713995;99.561;102.706;94.548;102.477;
1900-01-01 10:33:15;667.0;1745713995;99.561;102.706;94.538;102.651;
1900-01-01 10:33:16;668.0;1745713996;99.476;102.689;94.48;102.521;
1900-01-01 10:33:17;669.0;1745713997;99.472;102.689;94.48;102.521;
1900-01-01 10:33:18;670.0;1745713998;99.472;102.532;94.403;102.522;
1900-01-01 10:33:19;671.0;1745713999;99.532;102.563;94.605;102.609;
1900-01-01 10:33:20;672.0;1745714000;99.489;102.593;94.605;102.609;
1900-01-01 10:33:21;673.0;1745714001;99.489;102.593;94.486;102.662;
1900-01-01 10:33:22;674.0;1745714002;99.431;102.474;94.555;102.662;
1900-01-01 10:33:23;675.0;1745714003;99.468;102.474;94.555;102.592;
1900-01-01 10:33:24;676.0;1745714004;99.468;102.487;94.534;102.554;
1900-01-01 10:33:25;677.0;1745714005;99.422;102.499;94.501;102.554;
1900-01-01 10:33:26;678.0;1745714006;99.441;102.411;94.501;102.562;
1900-01-01 10:33:27;679.0;1745714007;99.441;102.411;94.45;102.563;
1900-01-01 10:33:28;680.0;1745714008;99.33;102.444;94.35;102.563;
1900-01-01 10:33:29;681.0;1745714009;99.42;102.444;94.35;102.636;
1900-01-01 10:33:30;682.0;1745714010;99.42;102.366;94.447;102.596;
1900-01-01 10:33:31;683.0;1745714011;99.405;102.428;94.298;102.596;
1900-01-01 10:33:32;684.0;1745714012;99.281;102.428;94.298;102.596;
1900-01-01 10:33:33;685.0;1745714013;99.281;102.384;94.328;102.614;
1900-01-01 10:33:34;686.0;1745714014;99.322;102.424;94.328;102.614;
1900-01-01 10:33:35;687.0;1745714015;99.303;102.424;94.449;102.678;
1900-01-01 10:33:36;688.0;1745714016;99.303;102.461;94.417;102.666;
1900-01-01 10:33:37;689.0;1745714017;99.247;102.508;94.417;102.666;
1900-01-01 10:33:38;690.0;1745714018;99.28;102.508;94.374;102.636;
1900-01-01 10:33:40;691.0;1745714020;99.28;102.468;94.412;102.627;
1900-01-01 10:33:40;692.0;1745714020;99.217;102.489;94.412;102.627;
1900-01-01 10:33:41;693.0;1745714021;99.212;102.489;94.377;102.607;
1900-01-01 10:33:42;694.0;1745714022;99.212;102.51;94.396;102.607;
1900-01-01 10:33:43;695.0;1745714023;99.27;102.486;94.396;102.531;
1900-01-01 10:33:44;696.0;1745714024;99.204;102.486;94.294;102.63;
1900-01-01 10:33:45;697.0;1745714025;99.204;102.502;94.283;102.636;
1900-01-01 10:33:46;698.0;1745714026;99.212;102.545;94.283;102.636;
1900-01-01 10:33:47;699.0;1745714027;99.212;102.545;94.27;102.643;
1900-01-01 10:33:48;700.0;1745714028;99.29;102.569;94.396;102.643;
1900-01-01 10:33:49;701.0;1745714029;99.296;102.569;94.396;102.609;
1900-01-01 10:33:50;702.0;1745714030;99.296;102.578;94.456;102.596;
1900-01-01 10:33:51;703.0;1745714031;99.28;102.587;94.383;102.596;
1900-01-01 10:33:52;704.0;1745714032;99.269;102.587;94.383;102.613;
1900-01-01 10:33:54;705.0;1745714034;99.269;102.586;94.302;102.694;
1900-01-01 10:33:54;706.0;1745714034;99.261;102.547;94.275;102.694;
1900-01-01 10:33:55;707.0;1745714035;99.257;102.547;94.275;102.637;
1900-01-01 10:33:56;708.0;1745714036;99.257;102.654;94.259;102.582;
1900-01-01 10:33:57;709.0;1745714037;99.193;102.598;94.259;102.582;
1900-01-01 10:33:58;710.0;1745714038;99.28;102.598;94.327;102.664;
1900-01-01 10:33:59;711.0;1745714039;99.28;102.471;94.355;102.7;
1900-01-01 10:34:00;712.0;1745714040;99.298;102.564;94.355;102.7;
1900-01-01 10:34:01;713.0;1745714041;99.292;102.564;94.328;102.562;
1900-01-01 10:34:02;714.0;1745714042;99.292;102.584;94.228;102.664;
1900-01-01 10:34:03;715.0;1745714043;99.254;102.509;94.228;102.664;
1900-01-01 10:34:04;716.0;1745714044;99.305;102.509;94.189;102.669;
1900-01-01 10:34:05;717.0;1745714045;99.305;102.48;94.132;102.541;
1900-01-01 10:34:06;718.0;1745714046;99.325;102.577;94.132;102.541;
1900-01-01 10:34:07;719.0;1745714047;99.325;102.577;94.196;102.587;
1900-01-01 10:34:08;720.0;1745714048;99.368;102.508;94.14;102.587;
1900-01-01 10:34:09;721.0;1745714049;99.359;102.461;94.14;102.541;
1900-01-01 10:34:10;722.0;1745714050;99.482;102.461;94.236;102.669;
1900-01-01 10:34:11;723.0;1745714051;99.482;102.421;94.287;102.669;
1900-01-01 10:34:12;724.0;1745714052;99.434;102.463;94.287;102.631;
1900-01-01 10:34:13;725.0;1745714053;99.434;102.463;94.265;102.634;
1900-01-01 10:34:14;726.0;1745714054;99.449;102.422;94.296;102.638;
1900-01-01 10:34:15;727.0;1745714055;99.461;102.319;94.296;102.638;
1900-01-01 10:34:16;728.0;1745714056;99.461;102.319;94.287;102.615;
1900-01-01 10:34:17;729.0;1745714057;99.421;102.388;94.285;102.615;
1900-01-01 10:34:18;730.0;1745714058;99.313;102.445;94.285;102.595;
1900-01-01 10:34:19;731.0;1745714059;99.313;102.445;94.221;102.65;
1900-01-01 10:34:20;732.0;1745714060;99.213;102.422;94.216;102.516;
1900-01-01 10:34:21;733.0;1745714061;99.061;102.371;94.216;102.516;
1900-01-01 10:34:22;734.0;1745714062;99.061;102.371;94.111;102.687;
1900-01-01 10:34:23;735.0;1745714063;98.995;102.478;94.016;102.687;
1900-01-01 10:34:24;736.0;1745714064;99.035;102.473;94.016;102.551;
1900-01-01 10:34:25;737.0;1745714065;99.035;102.473;94.093;102.682;
1900-01-01 10:34:26;738.0;1745714066;99.041;102.517;94.109;102.682;
1900-01-01 10:34:27;739.0;1745714067;99.032;102.517;94.109;102.574;
1900-01-01 10:34:28;740.0;1745714068;99.032;102.48;94.096;102.657;
1900-01-01 10:34:29;741.0;1745714069;99.052;102.436;94.163;102.657;
1900-01-01 10:34:30;742.0;1745714070;99.105;102.439;94.163;102.512;
1900-01-01 10:34:31;743.0;1745714071;99.105;102.439;94.099;102.639;
1900-01-01 10:34:32;744.0;1745714072;99.12;102.46;94.099;102.639;
1900-01-01 10:34:33;745.0;1745714073;99.123;102.46;93.963;102.614;
1900-01-01 10:34:34;746.0;1745714074;99.123;102.437;94.082;102.69;
1900-01-01 10:34:35;747.0;1745714075;99.074;102.437;94.082;102.69;
1900-01-01 10:34:36;748.0;1745714076;99.212;102.437;94.184;102.651;
1900-01-01 10:34:37;749.0;1745714077;99.212;102.397;94.147;102.622;
1900-01-01 10:34:38;750.0;1745714078;99.193;102.494;94.147;102.622;
1900-01-01 10:34:39;751.0;1745714079;99.128;102.494;94.138;102.504;
1900-01-01 10:34:40;752.0;1745714080;99.128;102.368;94.023;102.504;
1900-01-01 10:34:41;753.0;1745714081;99.172;102.3;94.023;102.682;
1900-01-01 10:34:42;754.0;1745714082;99.2;102.3;94.058;102.59;
1900-01-01 10:34:43;755.0;1745714083;99.2;102.357;93.977;102.59;
1900-01-01 10:34:44;756.0;1745714084;99.318;102.43;93.977;102.634;
1900-01-01 10:34:45;757.0;1745714085;99.318;102.43;93.976;102.562;
1900-01-01 10:34:46;758.0;1745714086;99.189;102.275;93.954;102.562;
1900-01-01 10:34:47;759.0;1745714087;99.193;102.322;93.954;102.595;
1900-01-01 10:34:48;760.0;1745714088;99.193;102.322;94.064;102.614;
1900-01-01 10:34:49;761.0;1745714089;99.262;102.246;94.009;102.614;
1900-01-01 10:34:50;762.0;1745714090;99.149;102.246;94.009;102.678;
1900-01-01 10:34:51;763.0;1745714091;99.149;102.299;93.963;102.575;
1900-01-01 10:34:52;764.0;1745714092;99.215;102.312;93.945;102.575;
1900-01-01 10:34:53;765.0;1745714093;99.23;102.312;93.945;102.627;
1900-01-01 10:34:54;766.0;1745714094;99.23;102.402;93.774;102.602;
1900-01-01 10:34:55;767.0;1745714095;99.094;102.37;93.767;102.602;
1900-01-01 10:34:56;768.0;1745714096;99.143;102.37;93.767;102.554;
1900-01-01 10:34:57;769.0;1745714097;99.143;102.303;93.767;102.512;
1900-01-01 10:34:58;770.0;1745714098;99.116;102.327;93.767;102.512;
1900-01-01 10:34:59;771.0;1745714099;99.08;102.327;93.843;102.599;
1900-01-01 10:35:00;772.0;1745714100;99.08;102.373;93.865;102.599;
1900-01-01 10:35:01;773.0;1745714101;99.029;102.341;93.865;102.543;
1900-01-01 10:35:02;774.0;1745714102;99.011;102.341;93.973;102.651;
1900-01-01 10:35:03;775.0;1745714103;99.011;102.285;94.017;102.651;
1900-01-01 10:35:04;776.0;1745714104;99.034;102.347;94.017;102.615;
1900-01-01 10:35:05;777.0;1745714105;99.034;102.347;93.984;102.571;
1900-01-01 10:35:06;778.0;1745714106;99.103;102.39;93.954;102.571;
1900-01-01 10:35:07;779.0;1745714107;99.141;102.372;93.954;102.671;
1900-01-01 10:35:08;780.0;1745714108;99.141;102.372;93.925;102.569;
1900-01-01 10:35:09;781.0;1745714109;99.067;102.282;93.824;102.569;
1900-01-01 10:35:11;782.0;1745714111;99.06;102.338;93.824;102.599;
1900-01-01 10:35:11;783.0;1745714111;99.06;102.338;93.922;102.662;
1900-01-01 10:35:12;784.0;1745714112;99.079;102.394;93.838;102.662;
1900-01-01 10:35:13;785.0;1745714113;99.07;102.45;93.838;102.602;
1900-01-01 10:35:14;786.0;1745714114;99.07;102.45;93.904;102.62;
1900-01-01 10:35:15;787.0;1745714115;99.126;102.278;93.963;102.62;
1900-01-01 10:35:16;788.0;1745714116;99.132;102.278;93.963;102.713;
1900-01-01 10:35:17;789.0;1745714117;99.132;102.303;93.881;102.743;
1900-01-01 10:35:18;790.0;1745714118;99.234;102.324;93.832;102.743;
1900-01-01 10:35:19;791.0;1745714119;99.14;102.324;93.832;102.666;
1900-01-01 10:35:20;792.0;1745714120;99.14;102.316;93.794;102.581;
1900-01-01 10:35:21;793.0;1745714121;99.244;102.358;93.794;102.581;
1900-01-01 10:35:22;794.0;1745714122;99.244;102.358;93.824;102.608;
1900-01-01 10:35:23;795.0;1745714123;99.252;102.286;93.784;102.608;
1900-01-01 10:35:24;796.0;1745714124;99.26;102.381;93.784;102.744;
1900-01-01 10:35:26;797.0;1745714126;99.141;102.381;93.816;102.604;
1900-01-01 10:35:26;798.0;1745714126;99.141;102.383;93.87;102.604;
1900-01-01 10:35:27;799.0;1745714127;99.099;102.307;93.87;102.538;
1900-01-01 10:35:28;800.0;1745714128;99.099;102.307;93.836;102.599;
1900-01-01 10:35:29;801.0;1745714129;99.119;102.306;93.797;102.599;
1900-01-01 10:35:30;802.0;1745714130;99.019;102.294;93.797;102.547;
1900-01-01 10:35:31;803.0;1745714131;99.019;102.294;93.703;102.675;
1900-01-01 10:35:32;804.0;1745714132;98.899;102.4;93.786;102.675;
1900-01-01 10:35:33;805.0;1745714133;98.901;102.383;93.786;102.632;
1900-01-01 10:35:34;806.0;1745714134;98.901;102.383;93.779;102.613;
1900-01-01 10:35:35;807.0;1745714135;98.95;102.41;93.803;102.613;
1900-01-01 10:35:36;808.0;1745714136;98.943;102.41;93.803;102.592;
1900-01-01 10:35:37;809.0;1745714137;98.943;102.361;93.816;102.651;
1900-01-01 10:35:38;810.0;1745714138;98.861;102.329;93.816;102.651;
1900-01-01 10:35:39;811.0;1745714139;98.953;102.329;93.867;102.636;
1900-01-01 10:35:40;812.0;1745714140;98.953;102.294;93.828;102.646;
1900-01-01 10:35:41;813.0;1745714141;98.834;102.301;93.843;102.646;
1900-01-01 10:35:42;814.0;1745714142;98.85;102.301;93.843;102.668;
1900-01-01 10:35:43;815.0;1745714143;98.85;102.278;93.805;102.583;
1900-01-01 10:35:44;816.0;1745714144;98.901;102.224;93.805;102.583;
1900-01-01 10:35:45;817.0;1745714145;98.875;102.224;93.739;102.589;
1900-01-01 10:35:47;818.0;1745714147;98.875;102.228;93.745;102.689;
1900-01-01 10:35:47;819.0;1745714147;98.902;102.269;93.745;102.689;
1900-01-01 10:35:48;820.0;1745714148;98.953;102.269;93.736;102.674;
1900-01-01 10:35:49;821.0;1745714149;98.953;102.193;93.79;102.674;
1900-01-01 10:35:50;822.0;1745714150;99.019;102.18;93.79;102.634;
1900-01-01 10:35:51;823.0;1745714151;98.972;102.18;93.822;102.663;
1900-01-01 10:35:52;824.0;1745714152;98.972;102.165;93.663;102.663;
1900-01-01 10:35:53;825.0;1745714153;99.028;102.107;93.663;102.688;
1900-01-01 10:35:55;826.0;1745714155;99.066;102.107;93.584;102.67;
1900-01-01 10:35:55;827.0;1745714155;99.066;102.109;93.531;102.67;
1900-01-01 10:35:56;828.0;1745714156;99.011;102.181;93.531;102.555;
1900-01-01 10:35:57;829.0;1745714157;99.011;102.181;93.489;102.595;
1900-01-01 10:35:58;830.0;1745714158;99.035;102.161;93.546;102.595;
1900-01-01 10:35:59;831.0;1745714159;99.044;102.182;93.546;102.599;
1900-01-01 10:36:00;832.0;1745714160;99.044;102.182;93.596;102.62;
1900-01-01 10:36:01;833.0;1745714161;99.069;102.14;93.62;102.62;
1900-01-01 10:36:02;834.0;1745714162;99.053;102.14;93.62;102.709;
1900-01-01 10:36:03;835.0;1745714163;99.053;102.183;93.682;102.585;
1900-01-01 10:36:04;836.0;1745714164;99.053;102.088;93.682;102.585;
1900-01-01 10:36:05;837.0;1745714165;98.994;102.088;93.606;102.69;
1900-01-01 10:36:06;838.0;1745714166;98.994;102.09;93.608;102.567;
1900-01-01 10:36:07;839.0;1745714167;98.881;102.115;93.608;102.567;
1900-01-01 10:36:08;840.0;1745714168;98.881;102.115;93.529;102.654;
1900-01-01 10:36:09;841.0;1745714169;98.845;102.203;93.463;102.74;
1900-01-01 10:36:10;842.0;1745714170;98.923;102.16;93.463;102.74;
1900-01-01 10:36:11;843.0;1745714171;98.923;102.16;93.432;102.642;
1900-01-01 10:36:12;844.0;1745714172;98.831;102.198;93.456;102.642;
1900-01-01 10:36:14;845.0;1745714174;98.882;102.284;93.456;102.673;
1900-01-01 10:36:14;846.0;1745714174;98.882;102.284;93.565;102.783;
1900-01-01 10:36:15;847.0;1745714175;98.796;102.331;93.5;102.783;
1900-01-01 10:36:17;848.0;1745714177;98.84;102.279;93.5;102.696;
1900-01-01 10:36:17;849.0;1745714177;98.84;102.279;93.435;102.666;
1900-01-01 10:36:18;850.0;1745714178;98.825;102.264;93.478;102.666;
1900-01-01 10:36:19;851.0;1745714179;98.742;102.329;93.478;102.623;
1900-01-01 10:36:20;852.0;1745714180;98.742;102.329;93.5;102.692;
1900-01-01 10:36:21;853.0;1745714181;98.77;102.324;93.566;102.692;
1900-01-01 10:36:22;854.0;1745714182;98.826;102.324;93.566;102.62;
1900-01-01 10:36:23;855.0;1745714183;98.826;102.291;93.588;102.644;
1900-01-01 10:36:24;856.0;1745714184;98.871;102.215;93.588;102.644;
1900-01-01 10:36:25;857.0;1745714185;98.828;102.215;93.507;102.638;
1900-01-01 10:36:26;858.0;1745714186;98.828;102.157;93.473;102.641;
1900-01-01 10:36:27;859.0;1745714187;98.881;102.22;93.473;102.641;
1900-01-01 10:36:28;860.0;1745714188;98.865;102.22;93.45;102.586;
1900-01-01 10:36:29;861.0;1745714189;98.865;102.181;93.362;102.638;
1900-01-01 10:36:30;862.0;1745714190;98.877;102.112;93.362;102.638;
1900-01-01 10:36:31;863.0;1745714191;98.824;102.112;93.462;102.601;
1900-01-01 10:36:32;864.0;1745714192;98.824;102.121;93.37;102.669;
1900-01-01 10:36:33;865.0;1745714193;98.797;102.103;93.37;102.669;
1900-01-01 10:36:34;866.0;1745714194;98.797;102.103;93.387;102.598;
1900-01-01 10:36:35;867.0;1745714195;98.847;102.184;93.51;102.598;
1900-01-01 10:36:36;868.0;1745714196;98.828;102.196;93.51;102.577;
1900-01-01 10:36:37;869.0;1745714197;98.828;102.196;93.465;102.644;
1900-01-01 10:36:38;870.0;1745714198;98.718;102.095;93.33;102.644;
1900-01-01 10:36:39;871.0;1745714199;98.767;102.095;93.33;102.584;
1900-01-01 10:36:40;872.0;1745714200;98.767;102.146;93.355;102.641;
1900-01-01 10:36:41;873.0;1745714201;98.643;102.022;93.355;102.641;
1900-01-01 10:36:42;874.0;1745714202;98.639;102.022;93.525;102.664;
1900-01-01 10:36:43;875.0;1745714203;98.639;102.18;93.388;102.682;
1900-01-01 10:36:44;876.0;1745714204;98.667;102.124;93.388;102.682;
1900-01-01 10:36:45;877.0;1745714205;98.66;102.124;93.349;102.665;
1900-01-01 10:36:46;878.0;1745714206;98.66;102.168;93.303;102.665;
1900-01-01 10:36:47;879.0;1745714207;98.599;102.129;93.303;102.628;
1900-01-01 10:36:48;880.0;1745714208;98.647;102.129;93.323;102.65;
1900-01-01 10:36:49;881.0;1745714209;98.647;102.129;93.275;102.65;
1900-01-01 10:36:50;882.0;1745714210;98.646;102.046;93.275;102.691;
1900-01-01 10:36:51;883.0;1745714211;98.646;102.046;93.303;102.63;
1900-01-01 10:36:52;884.0;1745714212;98.713;102.14;93.161;102.606;
1900-01-01 10:36:53;885.0;1745714213;98.725;102.128;93.161;102.606;
1900-01-01 10:36:54;886.0;1745714214;98.725;102.128;93.162;102.656;
1900-01-01 10:36:55;887.0;1745714215;98.785;102.158;93.249;102.656;
1900-01-01 10:36:56;888.0;1745714216;98.675;102.17;93.249;102.602;
1900-01-01 10:36:57;889.0;1745714217;98.675;102.17;93.313;102.659;
1900-01-01 10:36:58;890.0;1745714218;98.708;102.067;93.241;102.659;
1900-01-01 10:37:00;891.0;1745714220;98.714;102.149;93.241;102.686;
1900-01-01 10:37:00;892.0;1745714220;98.714;102.149;93.274;102.711;
1900-01-01 10:37:01;893.0;1745714221;98.718;102.1;93.255;102.711;
1900-01-01 10:37:02;894.0;1745714222;98.613;102.126;93.255;102.675;
1900-01-01 10:37:03;895.0;1745714223;98.613;102.126;93.238;102.653;
1900-01-01 10:37:04;896.0;1745714224;98.517;101.995;93.239;102.653;
1900-01-01 10:37:05;897.0;1745714225;98.578;101.995;93.239;102.76;
1900-01-01 10:37:06;898.0;1745714226;98.578;102.064;93.265;102.688;
1900-01-01 10:37:07;899.0;1745714227;98.531;102.032;93.366;102.688;
1900-01-01 10:37:08;900.0;1745714228;98.485;102.032;93.366;102.655;
1900-01-01 10:37:09;901.0;1745714229;98.485;102.031;93.339;102.557;
1900-01-01 10:37:10;902.0;1745714230;98.367;102.087;93.339;102.557;
1900-01-01 10:37:11;903.0;1745714231;98.441;102.087;93.288;102.687;
1900-01-01 10:37:12;904.0;1745714232;98.441;102.119;93.227;102.687;
1900-01-01 10:37:13;905.0;1745714233;98.41;102.111;93.227;102.716;
1900-01-01 10:37:14;906.0;1745714234;98.41;102.111;93.167;102.677;
1900-01-01 10:37:15;907.0;1745714235;98.456;102.138;93.184;102.677;
1900-01-01 10:37:16;908.0;1745714236;98.504;102.212;93.184;102.556;
1900-01-01 10:37:17;909.0;1745714237;98.504;102.212;93.095;102.659;
1900-01-01 10:37:18;910.0;1745714238;98.535;102.119;93.109;102.659;
1900-01-01 10:37:19;911.0;1745714239;98.539;102.119;93.109;102.63;
1900-01-01 10:37:20;912.0;1745714240;98.539;102.027;92.986;102.713;
1900-01-01 10:37:21;913.0;1745714241;98.646;102.078;92.986;102.713;
1900-01-01 10:37:22;914.0;1745714242;98.602;102.078;92.986;102.615;
1900-01-01 10:37:23;915.0;1745714243;98.602;101.977;92.944;102.583;
1900-01-01 10:37:24;916.0;1745714244;98.634;101.998;92.944;102.583;
1900-01-01 10:37:25;917.0;1745714245;98.611;101.998;92.927;102.696;
1900-01-01 10:37:26;918.0;1745714246;98.611;102.048;92.915;102.72;
1900-01-01 10:37:27;919.0;1745714247;98.625;102.043;92.915;102.72;
1900-01-01 10:37:28;920.0;1745714248;98.613;102.043;92.979;102.637;
1900-01-01 10:37:29;921.0;1745714249;98.613;101.935;93.087;102.642;
1900-01-01 10:37:30;922.0;1745714250;98.68;102.005;93.116;102.642;
1900-01-01 10:37:31;923.0;1745714251;98.68;102.005;93.116;102.619;
1900-01-01 10:37:32;924.0;1745714252;98.703;101.964;93.103;102.637;
1900-01-01 10:37:33;925.0;1745714253;98.678;102.019;93.103;102.637;
1900-01-01 10:37:35;926.0;1745714255;98.648;102.019;93.099;102.661;
1900-01-01 10:37:35;927.0;1745714255;98.648;101.922;93.0;102.771;
1900-01-01 10:37:37;928.0;1745714257;98.719;102.015;93.0;102.771;
1900-01-01 10:37:37;929.0;1745714257;98.719;102.015;93.03;102.724;
1900-01-01 10:37:38;930.0;1745714258;98.636;102.018;93.01;102.714;
1900-01-01 10:37:39;931.0;1745714259;98.604;102.018;93.01;102.714;
1900-01-01 10:37:40;932.0;1745714260;98.604;101.954;93.07;102.752;
1900-01-01 10:37:41;933.0;1745714261;98.64;101.942;93.126;102.752;
1900-01-01 10:37:42;934.0;1745714262;98.631;101.973;93.126;102.702;
1900-01-01 10:37:43;935.0;1745714263;98.631;101.973;92.944;102.732;
1900-01-01 10:37:44;936.0;1745714264;98.462;101.898;93.017;102.732;
1900-01-01 10:37:45;937.0;1745714265;98.477;101.898;93.017;102.644;
1900-01-01 10:37:46;938.0;1745714266;98.477;101.939;92.95;102.727;
1900-01-01 10:37:47;939.0;1745714267;98.379;101.968;93.018;102.727;
1900-01-01 10:37:48;940.0;1745714268;98.376;101.968;93.018;102.622;
1900-01-01 10:37:49;941.0;1745714269;98.376;101.94;93.042;102.64;
1900-01-01 10:37:50;942.0;1745714270;98.313;101.987;93.045;102.64;
1900-01-01 10:37:51;943.0;1745714271;98.313;101.987;93.045;102.707;
1900-01-01 10:37:52;944.0;1745714272;98.385;101.943;92.912;102.707;
1900-01-01 10:37:53;945.0;1745714273;98.38;101.881;92.912;102.707;
1900-01-01 10:37:54;946.0;1745714274;98.407;101.881;92.948;102.701;
1900-01-01 10:37:55;947.0;1745714275;98.407;101.873;92.965;102.701;
1900-01-01 10:37:56;948.0;1745714276;98.459;101.947;92.965;102.69;
1900-01-01 10:37:57;949.0;1745714277;98.563;101.947;92.987;102.716;
1900-01-01 10:37:58;950.0;1745714278;98.563;101.958;92.977;102.716;
1900-01-01 10:37:59;951.0;1745714279;98.477;101.958;92.977;102.691;
1900-01-01 10:38:00;952.0;1745714280;98.477;101.952;93.089;102.653;
1900-01-01 10:38:01;953.0;1745714281;98.516;101.974;93.089;102.653;
1900-01-01 10:38:02;954.0;1745714282;98.526;101.838;93.089;102.643;
1900-01-01 10:38:03;955.0;1745714283;98.526;101.838;93.059;102.671;
1900-01-01 10:38:04;956.0;1745714284;98.455;101.862;93.039;102.671;
1900-01-01 10:38:05;957.0;1745714285;98.371;101.862;93.039;102.712;
1900-01-01 10:38:06;958.0;1745714286;98.371;101.868;92.915;102.575;
1900-01-01 10:38:07;959.0;1745714287;98.281;101.955;92.915;102.575;
1900-01-01 10:38:08;960.0;1745714288;98.264;101.955;92.829;102.655;
1900-01-01 10:38:09;961.0;1745714289;98.264;101.778;92.816;102.708;
1900-01-01 10:38:10;962.0;1745714290;98.255;101.848;92.858;102.708;
1900-01-01 10:38:11;963.0;1745714291;98.279;101.848;92.858;102.636;
1900-01-01 10:38:12;964.0;1745714292;98.279;101.871;92.756;102.655;
1900-01-01 10:38:13;965.0;1745714293;98.262;101.919;92.756;102.655;
1900-01-01 10:38:14;966.0;1745714294;98.245;101.919;92.723;102.678;
1900-01-01 10:38:15;967.0;1745714295;98.245;101.824;92.632;102.678;
1900-01-01 10:38:16;968.0;1745714296;98.325;101.808;92.632;102.578;
1900-01-01 10:38:17;969.0;1745714297;98.392;101.808;92.695;102.564;
1900-01-01 10:38:18;970.0;1745714298;98.392;101.875;92.747;102.564;
1900-01-01 10:38:19;971.0;1745714299;98.296;101.905;92.747;102.668;
1900-01-01 10:38:20;972.0;1745714300;98.296;101.905;92.782;102.657;
1900-01-01 10:38:21;973.0;1745714301;98.336;101.991;92.789;102.727;
1900-01-01 10:38:22;974.0;1745714302;98.304;101.991;92.789;102.727;
1900-01-01 10:38:23;975.0;1745714303;98.304;101.958;92.696;102.725;
1900-01-01 10:38:24;976.0;1745714304;98.354;101.942;92.764;102.725;
1900-01-01 10:38:25;977.0;1745714305;98.426;101.962;92.764;102.644;
1900-01-01 10:38:26;978.0;1745714306;98.426;101.962;92.729;102.611;
1900-01-01 10:38:27;979.0;1745714307;98.334;101.888;92.694;102.611;
1900-01-01 10:38:29;980.0;1745714309;98.409;102.007;92.694;102.688;
1900-01-01 10:38:29;981.0;1745714309;98.409;102.007;92.762;102.679;
1900-01-01 10:38:30;982.0;1745714310;98.292;101.969;92.746;102.679;
1900-01-01 10:38:31;983.0;1745714311;98.271;101.969;92.746;102.649;
1900-01-01 10:38:32;984.0;1745714312;98.271;102.013;92.756;102.652;
1900-01-01 10:38:33;985.0;1745714313;98.278;101.906;92.848;102.652;
1900-01-01 10:38:34;986.0;1745714314;98.236;101.906;92.848;102.702;
1900-01-01 10:38:35;987.0;1745714315;98.236;101.862;92.794;102.665;
1900-01-01 10:38:36;988.0;1745714316;98.201;101.953;92.794;102.665;
1900-01-01 10:38:37;989.0;1745714317;98.201;101.953;92.638;102.603;
1900-01-01 10:38:38;990.0;1745714318;98.068;102.04;92.689;102.683;
1900-01-01 10:38:39;991.0;1745714319;98.002;101.855;92.689;102.683;
1900-01-01 10:38:40;992.0;1745714320;98.019;101.855;92.671;102.594;
1900-01-01 10:38:41;993.0;1745714321;98.019;101.875;92.672;102.601;
1900-01-01 10:38:42;994.0;1745714322;97.887;101.954;92.672;102.601;
1900-01-01 10:38:43;995.0;1745714323;97.887;101.954;92.634;102.704;
1900-01-01 10:38:44;996.0;1745714324;97.869;101.825;92.644;102.61;
1900-01-01 10:38:45;997.0;1745714325;97.851;101.879;92.644;102.61;
1900-01-01 10:38:46;998.0;1745714326;97.851;101.879;92.657;102.652;
1900-01-01 10:38:47;999.0;1745714327;97.772;101.827;92.557;102.652;
1900-01-01 10:38:48;1000.0;1745714328;97.773;101.819;92.557;102.753;
1900-01-01 10:38:49;1001.0;1745714329;97.773;101.819;92.545;102.753;
1900-01-01 10:38:50;1002.0;1745714330;97.72;101.787;92.625;102.753;
1900-01-01 10:38:51;1003.0;1745714331;97.683;101.787;92.625;102.687;
1900-01-01 10:38:52;1004.0;1745714332;97.683;101.783;92.632;102.674;
1900-01-01 10:38:53;1005.0;1745714333;97.581;101.809;92.657;102.674;
1900-01-01 10:38:54;1006.0;1745714334;97.622;101.809;92.657;102.74;
1900-01-01 10:38:55;1007.0;1745714335;97.622;101.695;92.714;102.726;
1900-01-01 10:38:56;1008.0;1745714336;97.59;101.743;92.714;102.726;
1900-01-01 10:38:57;1009.0;1745714337;97.69;101.743;92.68;102.677;
1900-01-01 10:38:58;1010.0;1745714338;97.69;101.685;92.672;102.596;
1900-01-01 10:38:59;1011.0;1745714339;97.637;101.818;92.672;102.596;
1900-01-01 10:39:00;1012.0;1745714340;97.647;101.818;92.537;102.674;
1900-01-01 10:39:01;1013.0;1745714341;97.647;101.763;92.577;102.674;
1900-01-01 10:39:02;1014.0;1745714342;97.628;101.676;92.577;102.678;
1900-01-01 10:39:03;1015.0;1745714343;97.628;101.676;92.525;102.734;
1900-01-01 10:39:04;1016.0;1745714344;97.581;101.746;92.499;102.734;
1900-01-01 10:39:05;1017.0;1745714345;97.636;101.738;92.499;102.68;
1900-01-01 10:39:06;1018.0;1745714346;97.636;101.738;92.445;102.656;
1900-01-01 10:39:07;1019.0;1745714347;97.57;101.752;92.503;102.656;
1900-01-01 10:39:08;1020.0;1745714348;97.571;101.752;92.503;102.714;
1900-01-01 10:39:09;1021.0;1745714349;97.571;101.706;92.52;102.696;
1900-01-01 10:39:10;1022.0;1745714350;97.495;101.708;92.495;102.696;
1900-01-01 10:39:11;1023.0;1745714351;97.54;101.69;92.495;102.716;
1900-01-01 10:39:12;1024.0;1745714352;97.54;101.69;92.529;102.685;
1900-01-01 10:39:13;1025.0;1745714353;97.576;101.728;92.485;102.685;
1900-01-01 10:39:14;1026.0;1745714354;97.522;101.77;92.485;102.619;
1900-01-01 10:39:15;1027.0;1745714355;97.522;101.77;92.586;102.682;
1900-01-01 10:39:17;1028.0;1745714357;97.584;101.738;92.661;102.746;
1900-01-01 10:39:17;1029.0;1745714357;97.472;101.738;92.661;102.746;
1900-01-01 10:39:18;1030.0;1745714358;97.472;101.761;92.623;102.599;
1900-01-01 10:39:19;1031.0;1745714359;97.557;101.743;92.608;102.599;
1900-01-01 10:39:20;1032.0;1745714360;97.482;101.714;92.608;102.636;
1900-01-01 10:39:22;1033.0;1745714362;97.528;101.714;92.573;102.71;
1900-01-01 10:39:22;1034.0;1745714362;97.528;101.749;92.509;102.71;
1900-01-01 10:39:23;1035.0;1745714363;97.483;101.755;92.509;102.651;
1900-01-01 10:39:24;1036.0;1745714364;97.483;101.755;92.476;102.66;
1900-01-01 10:39:25;1037.0;1745714365;97.523;101.713;92.464;102.66;
1900-01-01 10:39:26;1038.0;1745714366;97.501;101.713;92.464;102.702;
1900-01-01 10:39:27;1039.0;1745714367;97.501;101.711;92.376;102.66;
1900-01-01 10:39:28;1040.0;1745714368;97.5;101.67;92.376;102.66;
1900-01-01 10:39:29;1041.0;1745714369;97.472;101.67;92.373;102.679;
1900-01-01 10:39:30;1042.0;1745714370;97.472;101.716;92.428;102.764;
1900-01-01 10:39:32;1043.0;1745714372;97.575;101.684;92.419;102.764;
1900-01-01 10:39:32;1044.0;1745714372;97.576;101.684;92.419;102.645;
1900-01-01 10:39:33;1045.0;1745714373;97.576;101.65;92.401;102.677;
1900-01-01 10:39:34;1046.0;1745714374;97.579;101.665;92.327;102.677;
1900-01-01 10:39:35;1047.0;1745714375;97.579;101.665;92.327;102.774;
1900-01-01 10:39:36;1048.0;1745714376;97.615;101.566;92.398;102.676;
1900-01-01 10:39:38;1049.0;1745714378;97.603;101.59;92.398;102.676;
1900-01-01 10:39:38;1050.0;1745714378;97.603;101.59;92.452;102.701;
1900-01-01 10:39:39;1051.0;1745714379;97.563;101.491;92.398;102.722;
1900-01-01 10:39:40;1052.0;1745714380;97.615;101.527;92.398;102.722;
1900-01-01 10:39:42;1053.0;1745714382;97.649;101.527;92.413;102.736;
1900-01-01 10:39:42;1054.0;1745714382;97.649;101.595;92.421;102.736;
1900-01-01 10:39:43;1055.0;1745714383;97.572;101.618;92.421;102.658;
1900-01-01 10:39:44;1056.0;1745714384;97.572;101.618;92.41;102.733;
1900-01-01 10:39:45;1057.0;1745714385;97.607;101.583;92.359;102.824;
1900-01-01 10:39:46;1058.0;1745714386;97.674;101.583;92.359;102.824;
1900-01-01 10:39:47;1059.0;1745714387;97.674;101.682;92.324;102.645;
1900-01-01 10:39:48;1060.0;1745714388;97.634;101.737;92.279;102.645;
1900-01-01 10:39:49;1061.0;1745714389;97.673;101.709;92.279;102.77;
1900-01-01 10:39:50;1062.0;1745714390;97.673;101.709;92.22;102.693;
1900-01-01 10:39:51;1063.0;1745714391;97.612;101.599;92.194;102.693;
1900-01-01 10:39:52;1064.0;1745714392;97.667;101.599;92.194;102.692;
1900-01-01 10:39:53;1065.0;1745714393;97.667;101.706;92.215;102.722;
1900-01-01 10:39:54;1066.0;1745714394;97.584;101.59;92.215;102.722;
1900-01-01 10:39:55;1067.0;1745714395;97.603;101.59;92.224;102.746;
1900-01-01 10:39:56;1068.0;1745714396;97.603;101.683;92.245;102.749;
1900-01-01 10:39:57;1069.0;1745714397;97.593;101.661;92.245;102.749;
1900-01-01 10:39:59;1070.0;1745714399;97.545;101.661;92.233;102.58;
1900-01-01 10:39:59;1071.0;1745714399;97.545;101.667;92.216;102.58;
1900-01-01 10:40:00;1072.0;1745714400;97.506;101.635;92.216;102.743;
1900-01-01 10:40:01;1073.0;1745714401;97.566;101.635;92.119;102.673;
1900-01-01 10:40:02;1074.0;1745714402;97.566;101.648;92.073;102.673;
1900-01-01 10:40:03;1075.0;1745714403;97.447;101.656;92.073;102.741;
1900-01-01 10:40:05;1076.0;1745714405;97.386;101.656;92.072;102.623;
1900-01-01 10:40:05;1077.0;1745714405;97.386;101.596;92.067;102.623;
1900-01-01 10:40:06;1078.0;1745714406;97.367;101.553;92.067;102.703;
1900-01-01 10:40:07;1079.0;1745714407;97.367;101.553;92.082;102.663;
1900-01-01 10:40:08;1080.0;1745714408;97.425;101.544;92.043;102.663;
1900-01-01 10:40:09;1081.0;1745714409;97.362;101.544;92.043;102.696;
1900-01-01 10:40:10;1082.0;1745714410;97.362;101.623;92.17;102.712;
1900-01-01 10:40:11;1083.0;1745714411;97.386;101.573;92.208;102.712;
1900-01-01 10:40:13;1084.0;1745714413;97.36;101.729;92.208;102.67;
1900-01-01 10:40:13;1085.0;1745714413;97.36;101.729;92.182;102.697;
1900-01-01 10:40:14;1086.0;1745714414;97.233;101.523;92.154;102.697;
1900-01-01 10:40:15;1087.0;1745714415;97.312;101.526;92.154;102.616;
1900-01-01 10:40:16;1088.0;1745714416;97.312;101.526;92.204;102.664;
1900-01-01 10:40:17;1089.0;1745714417;97.369;101.523;91.984;102.664;
1900-01-01 10:40:18;1090.0;1745714418;97.274;101.523;91.984;102.636;
1900-01-01 10:40:19;1091.0;1745714419;97.274;101.568;92.019;102.644;
1900-01-01 10:40:20;1092.0;1745714420;97.297;101.568;92.019;102.644;
1900-01-01 10:40:21;1093.0;1745714421;97.274;101.568;91.987;102.716;
1900-01-01 10:40:22;1094.0;1745714422;97.274;101.491;92.037;102.711;
1900-01-01 10:40:23;1095.0;1745714423;97.263;101.559;91.962;102.711;
1900-01-01 10:40:24;1096.0;1745714424;97.263;101.559;91.962;102.728;
1900-01-01 10:40:25;1097.0;1745714425;97.178;101.553;91.91;102.694;
1900-01-01 10:40:26;1098.0;1745714426;97.231;101.635;91.91;102.694;
1900-01-01 10:40:27;1099.0;1745714427;97.285;101.635;91.974;102.743;
1900-01-01 10:40:28;1100.0;1745714428;97.285;101.588;92.006;102.743;
1900-01-01 10:40:29;1101.0;1745714429;97.255;101.584;92.006;102.704;
1900-01-01 10:40:30;1102.0;1745714430;97.197;101.584;92.084;102.605;
1900-01-01 10:40:31;1103.0;1745714431;97.197;101.525;92.074;102.605;
1900-01-01 10:40:32;1104.0;1745714432;97.17;101.605;92.074;102.66;
1900-01-01 10:40:33;1105.0;1745714433;97.17;101.605;92.038;102.704;
1900-01-01 10:40:34;1106.0;1745714434;97.129;101.618;91.942;102.704;
1900-01-01 10:40:35;1107.0;1745714435;97.232;101.59;91.942;102.63;
1900-01-01 10:40:36;1108.0;1745714436;97.232;101.59;91.912;102.716;
1900-01-01 10:40:38;1109.0;1745714438;97.169;101.602;91.984;102.716;
1900-01-01 10:40:38;1110.0;1745714438;97.183;101.602;91.984;102.72;
1900-01-01 10:40:39;1111.0;1745714439;97.183;101.486;92.003;102.774;
1900-01-01 10:40:41;1112.0;1745714441;97.115;101.589;91.986;102.774;
1900-01-01 10:40:41;1113.0;1745714441;97.091;101.589;91.986;102.722;
1900-01-01 10:40:42;1114.0;1745714442;97.091;101.579;91.981;102.72;
1900-01-01 10:40:44;1115.0;1745714444;97.078;101.586;91.895;102.72;
1900-01-01 10:40:44;1116.0;1745714444;96.955;101.586;91.895;102.759;
1900-01-01 10:40:45;1117.0;1745714445;96.955;101.59;91.957;102.757;
1900-01-01 10:40:46;1118.0;1745714446;97.008;101.647;91.957;102.757;
1900-01-01 10:40:47;1119.0;1745714447;97.048;101.647;92.012;102.713;
1900-01-01 10:40:48;1120.0;1745714448;97.048;101.509;91.994;102.76;
1900-01-01 10:40:49;1121.0;1745714449;97.009;101.674;91.994;102.76;
1900-01-01 10:40:50;1122.0;1745714450;97.009;101.674;91.977;102.616;
1900-01-01 10:40:51;1123.0;1745714451;96.982;101.559;91.892;102.616;
1900-01-01 10:40:52;1124.0;1745714452;96.985;101.528;91.892;102.772;
1900-01-01 10:40:53;1125.0;1745714453;96.985;101.528;91.769;102.707;
1900-01-01 10:40:54;1126.0;1745714454;96.985;101.548;91.643;102.707;
1900-01-01 10:40:55;1127.0;1745714455;96.955;101.644;91.643;102.714;
1900-01-01 10:40:57;1128.0;1745714457;96.988;101.644;91.593;102.723;
1900-01-01 10:40:57;1129.0;1745714457;96.988;101.598;91.574;102.723;
1900-01-01 10:40:58;1130.0;1745714458;96.832;101.532;91.574;102.709;
1900-01-01 10:40:59;1131.0;1745714459;96.832;101.532;91.527;102.764;
1900-01-01 10:41:00;1132.0;1745714460;96.825;101.468;91.636;102.764;
1900-01-01 10:41:01;1133.0;1745714461;96.764;101.561;91.636;102.682;
1900-01-01 10:41:02;1134.0;1745714462;96.764;101.561;91.574;102.726;
1900-01-01 10:41:03;1135.0;1745714463;96.739;101.48;91.581;102.726;
1900-01-01 10:41:04;1136.0;1745714464;96.735;101.48;91.581;102.717;
1900-01-01 10:41:05;1137.0;1745714465;96.735;101.48;91.599;102.626;
1900-01-01 10:41:06;1138.0;1745714466;96.692;101.433;91.599;102.626;
1900-01-01 10:41:07;1139.0;1745714467;96.685;101.433;91.662;102.73;
1900-01-01 10:41:08;1140.0;1745714468;96.685;101.521;91.688;102.759;
1900-01-01 10:41:09;1141.0;1745714469;96.676;101.468;91.688;102.759;
1900-01-01 10:41:10;1142.0;1745714470;96.638;101.468;91.667;102.719;
1900-01-01 10:41:11;1143.0;1745714471;96.638;101.427;91.622;102.719;
1900-01-01 10:41:12;1144.0;1745714472;96.643;101.514;91.622;102.872;
1900-01-01 10:41:13;1145.0;1745714473;96.589;101.514;91.574;102.75;
1900-01-01 10:41:14;1146.0;1745714474;96.589;101.433;91.582;102.75;
1900-01-01 10:41:15;1147.0;1745714475;96.634;101.413;91.582;102.756;
1900-01-01 10:41:16;1148.0;1745714476;96.634;101.413;91.553;102.596;
1900-01-01 10:41:17;1149.0;1745714477;96.599;101.449;91.593;102.596;
1900-01-01 10:41:18;1150.0;1745714478;96.588;101.5;91.593;102.692;
1900-01-01 10:41:19;1151.0;1745714479;96.588;101.5;91.652;102.7;
1900-01-01 10:41:20;1152.0;1745714480;96.59;101.406;91.715;102.7;
1900-01-01 10:41:21;1153.0;1745714481;96.529;101.406;91.715;102.713;
1900-01-01 10:41:22;1154.0;1745714482;96.529;101.477;91.675;102.75;
1900-01-01 10:41:24;1155.0;1745714484;96.631;101.411;91.626;102.75;
1900-01-01 10:41:24;1156.0;1745714484;96.607;101.411;91.626;102.689;
1900-01-01 10:41:25;1157.0;1745714485;96.607;101.455;91.564;102.746;
1900-01-01 10:41:26;1158.0;1745714486;96.586;101.409;91.49;102.746;
1900-01-01 10:41:27;1159.0;1745714487;96.617;101.409;91.49;102.72;
1900-01-01 10:41:28;1160.0;1745714488;96.617;101.454;91.564;102.807;
1900-01-01 10:41:29;1161.0;1745714489;96.579;101.444;91.46;102.807;
1900-01-01 10:41:30;1162.0;1745714490;96.598;101.444;91.46;102.741;
1900-01-01 10:41:31;1163.0;1745714491;96.598;101.547;91.415;102.774;
1900-01-01 10:41:32;1164.0;1745714492;96.582;101.441;91.435;102.774;
1900-01-01 10:41:33;1165.0;1745714493;96.572;101.441;91.435;102.707;
1900-01-01 10:41:34;1166.0;1745714494;96.572;101.471;91.334;102.804;
1900-01-01 10:41:35;1167.0;1745714495;96.492;101.473;91.334;102.804;
1900-01-01 10:41:36;1168.0;1745714496;96.397;101.473;91.383;102.771;
1900-01-01 10:41:37;1169.0;1745714497;96.397;101.498;91.234;102.771;
1900-01-01 10:41:38;1170.0;1745714498;96.511;101.368;91.234;102.721;
1900-01-01 10:41:39;1171.0;1745714499;96.511;101.368;91.266;102.741;
1900-01-01 10:41:40;1172.0;1745714500;96.347;101.418;91.225;102.741;
1900-01-01 10:41:41;1173.0;1745714501;96.366;101.441;91.225;102.775;
1900-01-01 10:41:42;1174.0;1745714502;96.366;101.441;91.194;102.709;
1900-01-01 10:41:43;1175.0;1745714503;96.375;101.379;91.187;102.709;
1900-01-01 10:41:44;1176.0;1745714504;96.374;101.38;91.187;102.831;
1900-01-01 10:41:46;1177.0;1745714506;96.379;101.38;91.268;102.783;
1900-01-01 10:41:46;1178.0;1745714506;96.379;101.448;91.176;102.783;
1900-01-01 10:41:47;1179.0;1745714507;96.344;101.361;91.176;102.757;
1900-01-01 10:41:48;1180.0;1745714508;96.344;101.361;91.251;102.704;
1900-01-01 10:41:49;1181.0;1745714509;96.355;101.421;91.218;102.704;
1900-01-01 10:41:50;1182.0;1745714510;96.269;101.421;91.218;102.716;
1900-01-01 10:41:51;1183.0;1745714511;96.269;101.403;91.224;102.743;
1900-01-01 10:41:52;1184.0;1745714512;96.298;101.325;91.224;102.743;
1900-01-01 10:41:53;1185.0;1745714513;96.244;101.325;91.129;102.626;
1900-01-01 10:41:54;1186.0;1745714514;96.244;101.362;91.079;102.769;
1900-01-01 10:41:55;1187.0;1745714515;96.195;101.38;91.079;102.769;
1900-01-01 10:41:56;1188.0;1745714516;96.261;101.38;91.056;102.644;
1900-01-01 10:41:57;1189.0;1745714517;96.261;101.314;90.996;102.714;
1900-01-01 10:41:58;1190.0;1745714518;96.289;101.31;90.996;102.714;
1900-01-01 10:41:59;1191.0;1745714519;96.242;101.31;90.901;102.714;
1900-01-01 10:42:00;1192.0;1745714520;96.242;101.308;90.903;102.71;
1900-01-01 10:42:01;1193.0;1745714521;96.213;101.317;90.903;102.71;
1900-01-01 10:42:02;1194.0;1745714522;96.213;101.317;90.83;102.705;
1900-01-01 10:42:03;1195.0;1745714523;96.262;101.214;90.824;102.749;
1900-01-01 10:42:04;1196.0;1745714524;96.158;101.266;90.824;102.749;
1900-01-01 10:42:05;1197.0;1745714525;96.158;101.266;90.832;102.716;
1900-01-01 10:42:06;1198.0;1745714526;96.35;101.357;90.956;102.716;
1900-01-01 10:42:08;1199.0;1745714528;96.281;101.229;90.956;102.733;
1900-01-01 10:42:08;1200.0;1745714528;96.281;101.229;91.016;102.721;
