Time;Seconds from start for linreg;Unix Time;ch1 po2;ch2 po2;ch3 po2;ch4 po2;
1900-01-01 19:22:07;1.0;1745659327;99.521;101.103;96.265;107.683;
1900-01-01 19:22:08;2.0;1745659328;99.349;101.169;96.213;107.731;
1900-01-01 19:22:09;3.0;1745659329;99.342;101.169;96.213;107.731;
1900-01-01 19:22:10;4.0;1745659330;99.342;101.02;96.184;107.663;
1900-01-01 19:22:11;5.0;1745659331;99.291;101.035;96.169;107.663;
1900-01-01 19:22:12;6.0;1745659332;99.352;101.035;96.169;107.709;
1900-01-01 19:22:13;7.0;1745659333;99.352;101.122;96.104;107.615;
1900-01-01 19:22:14;8.0;1745659334;99.331;101.052;96.107;107.615;
1900-01-01 19:22:15;9.0;1745659335;99.373;101.052;96.107;107.67;
1900-01-01 19:22:16;10.0;1745659336;99.373;101.065;96.152;107.712;
1900-01-01 19:22:17;11.0;1745659337;99.427;101.109;96.16;107.712;
1900-01-01 19:22:18;12.0;1745659338;99.499;101.104;96.16;107.608;
1900-01-01 19:22:19;13.0;1745659339;99.499;101.104;96.198;107.709;
1900-01-01 19:22:20;14.0;1745659340;99.503;101.045;96.178;107.709;
1900-01-01 19:22:21;15.0;1745659341;99.536;101.045;96.178;107.69;
1900-01-01 19:22:22;16.0;1745659342;99.536;100.978;96.165;107.663;
1900-01-01 19:22:23;17.0;1745659343;99.574;101.008;96.165;107.663;
1900-01-01 19:22:24;18.0;1745659344;99.523;101.008;96.125;107.75;
1900-01-01 19:22:25;19.0;1745659345;99.523;101.001;96.107;107.661;
1900-01-01 19:22:26;20.0;1745659346;99.624;101.031;96.107;107.661;
1900-01-01 19:22:27;21.0;1745659347;99.445;101.031;96.079;107.641;
1900-01-01 19:22:28;22.0;1745659348;99.445;100.992;96.204;107.715;
1900-01-01 19:22:29;23.0;1745659349;99.448;100.964;96.204;107.715;
1900-01-01 19:22:30;24.0;1745659350;99.448;100.964;96.206;107.649;
1900-01-01 19:22:31;25.0;1745659351;99.395;101.07;96.175;107.613;
1900-01-01 19:22:32;26.0;1745659352;99.493;101.062;96.175;107.613;
1900-01-01 19:22:33;27.0;1745659353;99.493;101.062;96.049;107.619;
1900-01-01 19:22:34;28.0;1745659354;99.475;101.026;96.022;107.619;
1900-01-01 19:22:35;29.0;1745659355;99.368;101.123;96.022;107.579;
1900-01-01 19:22:36;30.0;1745659356;99.368;101.123;96.021;107.65;
1900-01-01 19:22:37;31.0;1745659357;99.352;101.059;96.116;107.65;
1900-01-01 19:22:38;32.0;1745659358;99.293;101.059;96.116;107.646;
1900-01-01 19:22:39;33.0;1745659359;99.293;100.954;96.046;107.652;
1900-01-01 19:22:40;34.0;1745659360;99.266;101.087;96.055;107.652;
1900-01-01 19:22:41;35.0;1745659361;99.262;101.087;96.055;107.702;
1900-01-01 19:22:42;36.0;1745659362;99.262;101.087;96.055;107.707;
1900-01-01 19:22:43;37.0;1745659363;99.132;100.992;96.053;107.707;
1900-01-01 19:22:44;38.0;1745659364;99.128;100.992;96.053;107.676;
1900-01-01 19:22:45;39.0;1745659365;99.128;101.009;96.089;107.676;
1900-01-01 19:22:46;40.0;1745659366;99.121;100.96;96.089;107.728;
1900-01-01 19:22:47;41.0;1745659367;99.033;100.96;96.076;107.732;
1900-01-01 19:22:48;42.0;1745659368;99.033;100.966;96.089;107.732;
1900-01-01 19:22:49;43.0;1745659369;99.05;100.989;96.089;107.729;
1900-01-01 19:22:50;44.0;1745659370;99.135;100.989;96.088;107.594;
1900-01-01 19:22:51;45.0;1745659371;99.135;100.89;96.075;107.703;
1900-01-01 19:22:52;46.0;1745659372;99.082;100.9;96.075;107.703;
1900-01-01 19:22:53;47.0;1745659373;99.082;100.9;95.948;107.601;
1900-01-01 19:22:54;48.0;1745659374;99.124;100.883;95.984;107.601;
1900-01-01 19:22:55;49.0;1745659375;99.106;100.963;95.984;107.607;
1900-01-01 19:22:56;50.0;1745659376;99.106;100.963;95.917;107.783;
1900-01-01 19:22:57;51.0;1745659377;99.058;100.93;95.947;107.783;
1900-01-01 19:22:58;52.0;1745659378;99.044;100.954;95.947;107.649;
1900-01-01 19:22:59;53.0;1745659379;99.044;100.954;95.999;107.687;
1900-01-01 19:23:00;54.0;1745659380;99.043;100.898;96.017;107.687;
1900-01-01 19:23:02;55.0;1745659382;98.971;101.032;96.017;107.634;
1900-01-01 19:23:02;56.0;1745659382;98.971;101.032;96.055;107.613;
1900-01-01 19:23:03;57.0;1745659383;98.98;100.919;96.078;107.613;
1900-01-01 19:23:04;58.0;1745659384;98.985;100.919;96.078;107.666;
1900-01-01 19:23:05;59.0;1745659385;98.985;100.89;95.949;107.572;
1900-01-01 19:23:06;60.0;1745659386;98.945;100.912;95.949;107.572;
1900-01-01 19:23:07;61.0;1745659387;98.933;100.912;95.927;107.683;
1900-01-01 19:23:08;62.0;1745659388;98.933;100.939;95.83;107.649;
1900-01-01 19:23:09;63.0;1745659389;98.997;100.768;95.83;107.649;
1900-01-01 19:23:10;64.0;1745659390;99.003;100.768;95.752;107.519;
1900-01-01 19:23:11;65.0;1745659391;99.003;100.862;95.754;107.519;
1900-01-01 19:23:12;66.0;1745659392;98.878;100.876;95.754;107.575;
1900-01-01 19:23:13;67.0;1745659393;98.909;100.876;95.702;107.575;
1900-01-01 19:23:14;68.0;1745659394;98.909;100.849;95.712;107.575;
1900-01-01 19:23:15;69.0;1745659395;98.883;100.855;95.712;107.649;
1900-01-01 19:23:16;70.0;1745659396;98.883;100.855;95.696;107.616;
1900-01-01 19:23:17;71.0;1745659397;98.916;100.859;95.536;107.616;
1900-01-01 19:23:18;72.0;1745659398;98.899;100.859;95.536;107.666;
1900-01-01 19:23:19;73.0;1745659399;98.899;100.794;95.52;107.743;
1900-01-01 19:23:20;74.0;1745659400;98.958;100.751;95.462;107.743;
1900-01-01 19:23:21;75.0;1745659401;98.92;100.751;95.462;107.673;
1900-01-01 19:23:22;76.0;1745659402;98.92;100.875;95.411;107.665;
1900-01-01 19:23:23;77.0;1745659403;98.84;100.847;95.411;107.665;
1900-01-01 19:23:24;78.0;1745659404;98.885;100.847;95.453;107.629;
1900-01-01 19:23:25;79.0;1745659405;98.885;100.982;95.463;107.674;
1900-01-01 19:23:26;80.0;1745659406;98.835;100.834;95.463;107.674;
1900-01-01 19:23:27;81.0;1745659407;98.931;100.834;95.537;107.672;
1900-01-01 19:23:28;82.0;1745659408;98.931;100.81;95.516;107.614;
1900-01-01 19:23:30;83.0;1745659410;98.874;100.864;95.563;107.614;
1900-01-01 19:23:30;84.0;1745659410;98.782;100.864;95.563;107.734;
1900-01-01 19:23:31;85.0;1745659411;98.782;100.852;95.562;107.633;
1900-01-01 19:23:32;86.0;1745659412;98.877;100.862;95.609;107.633;
1900-01-01 19:23:33;87.0;1745659413;98.794;100.862;95.609;107.739;
1900-01-01 19:23:34;88.0;1745659414;98.794;100.789;95.651;107.683;
1900-01-01 19:23:35;89.0;1745659415;98.772;100.766;95.651;107.683;
1900-01-01 19:23:37;90.0;1745659417;98.738;100.766;95.649;107.64;
1900-01-01 19:23:37;91.0;1745659417;98.738;100.688;95.523;107.623;
1900-01-01 19:23:38;92.0;1745659418;98.752;100.774;95.523;107.623;
1900-01-01 19:23:39;93.0;1745659419;98.752;100.774;95.519;107.605;
1900-01-01 19:23:40;94.0;1745659420;98.665;100.822;95.472;107.605;
1900-01-01 19:23:41;95.0;1745659421;98.635;100.766;95.472;107.586;
1900-01-01 19:23:42;96.0;1745659422;98.654;100.766;95.38;107.679;
1900-01-01 19:23:43;97.0;1745659423;98.654;100.714;95.365;107.679;
1900-01-01 19:23:44;98.0;1745659424;98.612;100.741;95.365;107.613;
1900-01-01 19:23:45;99.0;1745659425;98.612;100.741;95.379;107.689;
1900-01-01 19:23:46;100.0;1745659426;98.59;100.75;95.339;107.689;
1900-01-01 19:23:47;101.0;1745659427;98.545;100.75;95.339;107.724;
1900-01-01 19:23:48;102.0;1745659428;98.545;100.675;95.416;107.638;
1900-01-01 19:23:49;103.0;1745659429;98.567;100.713;95.416;107.638;
1900-01-01 19:23:50;104.0;1745659430;98.55;100.713;95.407;107.654;
1900-01-01 19:23:51;105.0;1745659431;98.55;100.681;95.455;107.689;
1900-01-01 19:23:52;106.0;1745659432;98.477;100.653;95.455;107.689;
1900-01-01 19:23:53;107.0;1745659433;98.472;100.653;95.431;107.755;
1900-01-01 19:23:54;108.0;1745659434;98.472;100.634;95.545;107.669;
1900-01-01 19:23:55;109.0;1745659435;98.42;100.567;95.545;107.669;
1900-01-01 19:23:56;110.0;1745659436;98.446;100.567;95.523;107.638;
1900-01-01 19:23:57;111.0;1745659437;98.446;100.597;95.412;107.597;
1900-01-01 19:23:58;112.0;1745659438;98.434;100.569;95.412;107.597;
1900-01-01 19:23:59;113.0;1745659439;98.434;100.569;95.432;107.632;
1900-01-01 19:24:00;114.0;1745659440;98.48;100.734;95.479;107.632;
1900-01-01 19:24:01;115.0;1745659441;98.421;100.631;95.479;107.644;
1900-01-01 19:24:02;116.0;1745659442;98.421;100.631;95.453;107.646;
1900-01-01 19:24:03;117.0;1745659443;98.379;100.661;95.432;107.646;
1900-01-01 19:24:04;118.0;1745659444;98.43;100.652;95.432;107.546;
1900-01-01 19:24:05;119.0;1745659445;98.43;100.652;95.368;107.657;
1900-01-01 19:24:06;120.0;1745659446;98.399;100.622;95.37;107.657;
1900-01-01 19:24:07;121.0;1745659447;98.416;100.622;95.37;107.558;
1900-01-01 19:24:08;122.0;1745659448;98.416;100.615;95.31;107.602;
1900-01-01 19:24:09;123.0;1745659449;98.388;100.587;95.39;107.602;
1900-01-01 19:24:10;124.0;1745659450;98.478;100.602;95.39;107.631;
1900-01-01 19:24:11;125.0;1745659451;98.478;100.602;95.34;107.608;
1900-01-01 19:24:12;126.0;1745659452;98.336;100.484;95.348;107.608;
1900-01-01 19:24:13;127.0;1745659453;98.439;100.484;95.348;107.654;
1900-01-01 19:24:14;128.0;1745659454;98.439;100.589;95.344;107.615;
1900-01-01 19:24:15;129.0;1745659455;98.333;100.604;95.296;107.615;
1900-01-01 19:24:16;130.0;1745659456;98.26;100.604;95.296;107.624;
1900-01-01 19:24:17;131.0;1745659457;98.26;100.523;95.271;107.722;
1900-01-01 19:24:18;132.0;1745659458;98.214;100.564;95.303;107.722;
1900-01-01 19:24:19;133.0;1745659459;98.135;100.502;95.303;107.605;
1900-01-01 19:24:20;134.0;1745659460;98.135;100.502;95.252;107.568;
1900-01-01 19:24:21;135.0;1745659461;98.102;100.494;95.319;107.568;
1900-01-01 19:24:22;136.0;1745659462;98.032;100.494;95.319;107.635;
1900-01-01 19:24:23;137.0;1745659463;98.032;100.541;95.272;107.576;
1900-01-01 19:24:24;138.0;1745659464;98.083;100.518;95.319;107.576;
1900-01-01 19:24:25;139.0;1745659465;98.03;100.518;95.319;107.614;
1900-01-01 19:24:26;140.0;1745659466;98.03;100.372;95.326;107.775;
1900-01-01 19:24:28;141.0;1745659468;98.087;100.422;95.345;107.775;
1900-01-01 19:24:28;142.0;1745659468;98.115;100.422;95.345;107.582;
1900-01-01 19:24:29;143.0;1745659469;98.115;100.432;95.312;107.566;
1900-01-01 19:24:30;144.0;1745659470;98.086;100.5;95.312;107.566;
1900-01-01 19:24:31;145.0;1745659471;98.096;100.5;95.314;107.598;
1900-01-01 19:24:32;146.0;1745659472;98.096;100.451;95.312;107.569;
1900-01-01 19:24:33;147.0;1745659473;98.054;100.409;95.312;107.569;
1900-01-01 19:24:35;148.0;1745659475;97.99;100.409;95.121;107.599;
1900-01-01 19:24:35;149.0;1745659475;97.99;100.381;95.087;107.599;
1900-01-01 19:24:36;150.0;1745659476;97.988;100.401;95.087;107.598;
1900-01-01 19:24:37;151.0;1745659477;97.934;100.401;95.142;107.691;
1900-01-01 19:24:38;152.0;1745659478;97.934;100.435;95.021;107.543;
1900-01-01 19:24:39;153.0;1745659479;97.973;100.313;95.021;107.543;
1900-01-01 19:24:40;154.0;1745659480;97.973;100.313;95.076;107.647;
1900-01-01 19:24:41;155.0;1745659481;97.812;100.337;95.135;107.619;
1900-01-01 19:24:42;156.0;1745659482;97.843;100.449;95.135;107.619;
1900-01-01 19:24:43;157.0;1745659483;97.843;100.449;95.08;107.65;
1900-01-01 19:24:44;158.0;1745659484;97.839;100.435;95.027;107.65;
1900-01-01 19:24:45;159.0;1745659485;97.825;100.435;95.027;107.641;
1900-01-01 19:24:46;160.0;1745659486;97.825;100.373;94.943;107.624;
1900-01-01 19:24:47;161.0;1745659487;97.769;100.381;94.992;107.624;
1900-01-01 19:24:48;162.0;1745659488;97.697;100.381;94.992;107.626;
1900-01-01 19:24:49;163.0;1745659489;97.697;100.32;95.094;107.734;
1900-01-01 19:24:50;164.0;1745659490;97.669;100.331;95.097;107.734;
1900-01-01 19:24:51;165.0;1745659491;97.625;100.331;95.097;107.713;
1900-01-01 19:24:52;166.0;1745659492;97.625;100.362;95.093;107.583;
1900-01-01 19:24:54;167.0;1745659494;97.725;100.258;95.107;107.583;
1900-01-01 19:24:54;168.0;1745659494;97.722;100.258;95.107;107.676;
1900-01-01 19:24:55;169.0;1745659495;97.722;100.276;95.074;107.624;
1900-01-01 19:24:56;170.0;1745659496;97.703;100.238;95.074;107.624;
1900-01-01 19:24:57;171.0;1745659497;97.699;100.238;95.168;107.653;
1900-01-01 19:24:58;172.0;1745659498;97.699;100.206;95.143;107.603;
1900-01-01 19:24:59;173.0;1745659499;97.616;100.3;95.143;107.603;
1900-01-01 19:25:00;174.0;1745659500;97.616;100.3;95.094;107.646;
1900-01-01 19:25:01;175.0;1745659501;97.557;100.279;95.075;107.646;
1900-01-01 19:25:02;176.0;1745659502;97.516;100.326;95.075;107.662;
1900-01-01 19:25:03;177.0;1745659503;97.432;100.326;95.038;107.665;
1900-01-01 19:25:04;178.0;1745659504;97.432;100.204;95.014;107.665;
1900-01-01 19:25:05;179.0;1745659505;97.293;100.204;95.014;107.691;
1900-01-01 19:25:06;180.0;1745659506;97.293;100.168;95.037;107.628;
1900-01-01 19:25:07;181.0;1745659507;97.36;100.176;95.061;107.628;
1900-01-01 19:25:08;182.0;1745659508;97.319;100.324;95.061;107.701;
1900-01-01 19:25:09;183.0;1745659509;97.319;100.324;95.039;107.685;
1900-01-01 19:25:10;184.0;1745659510;97.403;100.288;95.013;107.685;
1900-01-01 19:25:11;185.0;1745659511;97.397;100.286;95.013;107.56;
1900-01-01 19:25:12;186.0;1745659512;97.397;100.286;94.992;107.582;
1900-01-01 19:25:13;187.0;1745659513;97.376;100.255;94.89;107.582;
1900-01-01 19:25:14;188.0;1745659514;97.456;100.255;94.89;107.572;
1900-01-01 19:25:15;189.0;1745659515;97.456;100.248;95.006;107.663;
1900-01-01 19:25:16;190.0;1745659516;97.395;100.364;94.903;107.663;
1900-01-01 19:25:17;191.0;1745659517;97.49;100.364;94.903;107.672;
1900-01-01 19:25:18;192.0;1745659518;97.49;100.272;94.911;107.622;
1900-01-01 19:25:19;193.0;1745659519;97.313;100.302;94.911;107.622;
1900-01-01 19:25:20;194.0;1745659520;97.332;100.302;94.978;107.658;
1900-01-01 19:25:21;195.0;1745659521;97.332;100.211;94.962;107.588;
1900-01-01 19:25:22;196.0;1745659522;97.296;100.296;94.962;107.588;
1900-01-01 19:25:23;197.0;1745659523;97.261;100.296;94.925;107.694;
1900-01-01 19:25:24;198.0;1745659524;97.261;100.249;94.968;107.628;
1900-01-01 19:25:25;199.0;1745659525;97.252;100.187;94.968;107.628;
1900-01-01 19:25:26;200.0;1745659526;97.252;100.187;94.956;107.598;
1900-01-01 19:25:27;201.0;1745659527;97.179;100.223;95.011;107.598;
1900-01-01 19:25:28;202.0;1745659528;97.236;100.298;95.011;107.596;
1900-01-01 19:25:29;203.0;1745659529;97.236;100.298;95.012;107.566;
1900-01-01 19:25:30;204.0;1745659530;97.224;100.209;95.026;107.566;
1900-01-01 19:25:32;205.0;1745659532;97.355;100.287;95.026;107.583;
1900-01-01 19:25:32;206.0;1745659532;97.355;100.287;95.016;107.5;
1900-01-01 19:25:33;207.0;1745659533;97.427;100.179;94.815;107.5;
1900-01-01 19:25:34;208.0;1745659534;97.523;100.179;94.815;107.581;
1900-01-01 19:25:35;209.0;1745659535;97.523;100.2;94.755;107.587;
1900-01-01 19:25:36;210.0;1745659536;97.52;100.049;94.741;107.587;
1900-01-01 19:25:37;211.0;1745659537;97.524;100.049;94.741;107.648;
1900-01-01 19:25:38;212.0;1745659538;97.524;100.148;94.836;107.541;
1900-01-01 19:25:39;213.0;1745659539;97.566;100.051;94.817;107.541;
1900-01-01 19:25:40;214.0;1745659540;97.511;100.051;94.817;107.552;
1900-01-01 19:25:41;215.0;1745659541;97.511;100.11;94.947;107.568;
1900-01-01 19:25:42;216.0;1745659542;97.451;100.117;94.947;107.568;
1900-01-01 19:25:43;217.0;1745659543;97.348;100.117;94.874;107.677;
1900-01-01 19:25:44;218.0;1745659544;97.348;100.056;94.843;107.509;
1900-01-01 19:25:45;219.0;1745659545;97.269;100.051;94.843;107.509;
1900-01-01 19:25:46;220.0;1745659546;97.29;100.051;94.95;107.57;
1900-01-01 19:25:48;221.0;1745659548;97.29;100.049;94.867;107.52;
1900-01-01 19:25:48;222.0;1745659548;97.178;100.028;94.867;107.52;
1900-01-01 19:25:49;223.0;1745659549;97.216;100.028;94.938;107.605;
1900-01-01 19:25:50;224.0;1745659550;97.216;100.058;94.837;107.605;
1900-01-01 19:25:51;225.0;1745659551;97.239;99.982;94.837;107.592;
1900-01-01 19:25:53;226.0;1745659553;97.204;99.982;94.884;107.656;
1900-01-01 19:25:53;227.0;1745659553;97.204;99.955;94.858;107.656;
1900-01-01 19:25:54;228.0;1745659554;97.135;99.921;94.858;107.695;
1900-01-01 19:25:55;229.0;1745659555;97.135;99.921;94.688;107.53;
1900-01-01 19:25:56;230.0;1745659556;97.09;99.865;94.63;107.53;
1900-01-01 19:25:57;231.0;1745659557;97.087;99.865;94.63;107.621;
1900-01-01 19:25:58;232.0;1745659558;97.087;99.865;94.648;107.614;
1900-01-01 19:25:59;233.0;1745659559;97.146;99.846;94.644;107.614;
1900-01-01 19:26:00;234.0;1745659560;97.09;99.846;94.644;107.587;
1900-01-01 19:26:01;235.0;1745659561;97.09;99.811;94.556;107.674;
1900-01-01 19:26:02;236.0;1745659562;96.987;99.883;94.56;107.674;
1900-01-01 19:26:03;237.0;1745659563;97.063;99.883;94.56;107.569;
1900-01-01 19:26:04;238.0;1745659564;97.063;99.862;94.49;107.644;
1900-01-01 19:26:05;239.0;1745659565;96.98;99.837;94.49;107.644;
1900-01-01 19:26:06;240.0;1745659566;97.002;99.837;94.508;107.681;
1900-01-01 19:26:07;241.0;1745659567;97.002;99.799;94.478;107.681;
1900-01-01 19:26:08;242.0;1745659568;96.958;99.87;94.478;107.539;
1900-01-01 19:26:09;243.0;1745659569;96.906;99.87;94.524;107.561;
1900-01-01 19:26:10;244.0;1745659570;96.906;99.852;94.579;107.561;
1900-01-01 19:26:11;245.0;1745659571;96.919;99.859;94.579;107.596;
1900-01-01 19:26:13;246.0;1745659573;96.895;99.859;94.596;107.6;
1900-01-01 19:26:13;247.0;1745659573;96.895;99.873;94.721;107.6;
1900-01-01 19:26:14;248.0;1745659574;96.948;99.941;94.721;107.605;
1900-01-01 19:26:15;249.0;1745659575;96.948;99.941;94.72;107.601;
1900-01-01 19:26:16;250.0;1745659576;96.99;99.86;94.765;107.601;
1900-01-01 19:26:17;251.0;1745659577;97.078;99.86;94.765;107.6;
1900-01-01 19:26:18;252.0;1745659578;97.078;99.888;94.786;107.562;
1900-01-01 19:26:19;253.0;1745659579;96.953;99.787;94.792;107.562;
1900-01-01 19:26:20;254.0;1745659580;96.945;99.772;94.792;107.61;
1900-01-01 19:26:21;255.0;1745659581;96.945;99.772;94.688;107.598;
1900-01-01 19:26:22;256.0;1745659582;96.88;99.843;94.633;107.598;
1900-01-01 19:26:23;257.0;1745659583;96.701;99.843;94.633;107.548;
1900-01-01 19:26:24;258.0;1745659584;96.701;99.843;94.714;107.528;
1900-01-01 19:26:25;259.0;1745659585;96.711;99.77;94.76;107.528;
1900-01-01 19:26:26;260.0;1745659586;96.799;99.77;94.76;107.618;
1900-01-01 19:26:27;261.0;1745659587;96.799;99.881;94.782;107.692;
1900-01-01 19:26:29;262.0;1745659589;96.74;99.916;94.726;107.692;
1900-01-01 19:26:29;263.0;1745659589;96.74;99.916;94.726;107.618;
1900-01-01 19:26:30;264.0;1745659590;96.783;99.842;94.627;107.517;
1900-01-01 19:26:31;265.0;1745659591;96.763;99.857;94.627;107.517;
1900-01-01 19:26:32;266.0;1745659592;96.82;99.857;94.418;107.565;
1900-01-01 19:26:33;267.0;1745659593;96.82;99.849;94.394;107.565;
1900-01-01 19:26:34;268.0;1745659594;96.827;99.898;94.394;107.601;
1900-01-01 19:26:35;269.0;1745659595;96.875;99.898;94.332;107.571;
1900-01-01 19:26:36;270.0;1745659596;96.875;99.853;94.32;107.571;
1900-01-01 19:26:37;271.0;1745659597;96.876;99.85;94.32;107.532;
1900-01-01 19:26:39;272.0;1745659599;96.876;99.85;94.406;107.66;
1900-01-01 19:26:39;273.0;1745659599;96.873;99.818;94.368;107.66;
1900-01-01 19:26:40;274.0;1745659600;96.987;99.852;94.368;107.723;
1900-01-01 19:26:41;275.0;1745659601;96.987;99.852;94.495;107.634;
1900-01-01 19:26:42;276.0;1745659602;96.889;99.862;94.403;107.634;
1900-01-01 19:26:43;277.0;1745659603;96.889;99.862;94.403;107.599;
1900-01-01 19:26:44;278.0;1745659604;96.889;99.759;94.41;107.622;
1900-01-01 19:26:45;279.0;1745659605;96.851;99.822;94.37;107.622;
1900-01-01 19:26:46;280.0;1745659606;96.964;99.822;94.37;107.644;
1900-01-01 19:26:47;281.0;1745659607;96.964;99.782;94.404;107.658;
1900-01-01 19:26:48;282.0;1745659608;96.887;99.74;94.404;107.658;
1900-01-01 19:26:49;283.0;1745659609;96.872;99.74;94.412;107.57;
1900-01-01 19:26:50;284.0;1745659610;96.872;99.746;94.462;107.53;
1900-01-01 19:26:51;285.0;1745659611;96.845;99.675;94.462;107.53;
1900-01-01 19:26:52;286.0;1745659612;96.863;99.675;94.451;107.618;
1900-01-01 19:26:53;287.0;1745659613;96.863;99.673;94.476;107.599;
1900-01-01 19:26:54;288.0;1745659614;96.824;99.638;94.476;107.599;
1900-01-01 19:26:56;289.0;1745659616;96.804;99.638;94.446;107.68;
1900-01-01 19:26:56;290.0;1745659616;96.804;99.604;94.391;107.68;
1900-01-01 19:26:57;291.0;1745659617;96.768;99.572;94.391;107.662;
1900-01-01 19:26:58;292.0;1745659618;96.729;99.572;94.447;107.548;
1900-01-01 19:26:59;293.0;1745659619;96.729;99.653;94.438;107.548;
1900-01-01 19:27:00;294.0;1745659620;96.725;99.649;94.438;107.606;
1900-01-01 19:27:01;295.0;1745659621;96.725;99.649;94.246;107.583;
1900-01-01 19:27:02;296.0;1745659622;96.562;99.576;94.361;107.583;
1900-01-01 19:27:03;297.0;1745659623;96.529;99.519;94.361;107.688;
1900-01-01 19:27:04;298.0;1745659624;96.529;99.519;94.369;107.588;
1900-01-01 19:27:05;299.0;1745659625;96.52;99.493;94.399;107.588;
1900-01-01 19:27:06;300.0;1745659626;96.52;99.493;94.399;107.541;
1900-01-01 19:27:07;301.0;1745659627;96.52;99.545;94.315;107.615;
1900-01-01 19:27:08;302.0;1745659628;96.507;99.442;94.315;107.615;
1900-01-01 19:27:09;303.0;1745659629;96.521;99.442;94.38;107.64;
1900-01-01 19:27:10;304.0;1745659630;96.521;99.5;94.377;107.64;
1900-01-01 19:27:11;305.0;1745659631;96.49;99.519;94.377;107.645;
1900-01-01 19:27:13;306.0;1745659633;96.569;99.519;94.352;107.633;
1900-01-01 19:27:13;307.0;1745659633;96.569;99.45;94.431;107.597;
1900-01-01 19:27:14;308.0;1745659634;96.553;99.414;94.431;107.597;
1900-01-01 19:27:15;309.0;1745659635;96.553;99.414;94.376;107.743;
1900-01-01 19:27:16;310.0;1745659636;96.576;99.373;94.316;107.625;
1900-01-01 19:27:18;311.0;1745659638;96.561;99.502;94.316;107.625;
1900-01-01 19:27:18;312.0;1745659638;96.561;99.502;94.311;107.657;
1900-01-01 19:27:19;313.0;1745659639;96.585;99.408;94.278;107.657;
1900-01-01 19:27:20;314.0;1745659640;96.512;99.408;94.278;107.7;
1900-01-01 19:27:21;315.0;1745659641;96.512;99.492;94.213;107.657;
1900-01-01 19:27:22;316.0;1745659642;96.504;99.532;94.167;107.657;
1900-01-01 19:27:23;317.0;1745659643;96.453;99.532;94.167;107.636;
1900-01-01 19:27:24;318.0;1745659644;96.453;99.492;94.083;107.608;
1900-01-01 19:27:26;319.0;1745659646;96.307;99.451;94.127;107.608;
1900-01-01 19:27:26;320.0;1745659646;96.351;99.451;94.127;107.594;
1900-01-01 19:27:27;321.0;1745659647;96.351;99.47;94.103;107.705;
1900-01-01 19:27:28;322.0;1745659648;96.347;99.491;94.054;107.705;
1900-01-01 19:27:29;323.0;1745659649;96.463;99.39;94.054;107.682;
1900-01-01 19:27:30;324.0;1745659650;96.463;99.39;93.978;107.686;
1900-01-01 19:27:31;325.0;1745659651;96.388;99.339;93.959;107.686;
1900-01-01 19:27:32;326.0;1745659652;96.496;99.339;93.959;107.571;
1900-01-01 19:27:33;327.0;1745659653;96.496;99.326;94.004;107.684;
1900-01-01 19:27:34;328.0;1745659654;96.528;99.356;94.117;107.684;
1900-01-01 19:27:35;329.0;1745659655;96.565;99.356;94.117;107.603;
1900-01-01 19:27:36;330.0;1745659656;96.565;99.285;94.245;107.709;
1900-01-01 19:27:37;331.0;1745659657;96.533;99.32;94.282;107.709;
1900-01-01 19:27:39;332.0;1745659659;96.429;99.32;94.282;107.717;
1900-01-01 19:27:39;333.0;1745659659;96.429;99.28;94.204;107.624;
1900-01-01 19:27:40;334.0;1745659660;96.365;99.352;94.204;107.624;
1900-01-01 19:27:42;335.0;1745659662;96.302;99.352;94.191;107.642;
1900-01-01 19:27:42;336.0;1745659662;96.302;99.291;94.113;107.642;
1900-01-01 19:27:43;337.0;1745659663;96.268;99.297;94.113;107.671;
1900-01-01 19:27:45;338.0;1745659665;96.127;99.297;94.06;107.684;
1900-01-01 19:27:45;339.0;1745659665;96.127;99.314;94.089;107.684;
1900-01-01 19:27:46;340.0;1745659666;96.093;99.257;94.089;107.602;
1900-01-01 19:27:48;341.0;1745659668;96.08;99.257;94.074;107.673;
1900-01-01 19:27:48;342.0;1745659668;96.08;99.299;94.062;107.673;
1900-01-01 19:27:49;343.0;1745659669;96.007;99.226;94.062;107.641;
1900-01-01 19:27:50;344.0;1745659670;96.007;99.226;94.056;107.661;
1900-01-01 19:27:51;345.0;1745659671;96.036;99.321;94.009;107.661;
1900-01-01 19:27:52;346.0;1745659672;96.047;99.321;94.009;107.619;
1900-01-01 19:27:53;347.0;1745659673;96.047;99.275;93.94;107.697;
1900-01-01 19:27:54;348.0;1745659674;96.036;99.234;93.984;107.697;
1900-01-01 19:27:55;349.0;1745659675;96.127;99.234;93.984;107.615;
1900-01-01 19:27:56;350.0;1745659676;96.127;99.257;93.918;107.626;
1900-01-01 19:27:57;351.0;1745659677;96.156;99.229;93.985;107.626;
1900-01-01 19:27:58;352.0;1745659678;96.225;99.229;93.985;107.644;
1900-01-01 19:27:59;353.0;1745659679;96.225;99.242;94.003;107.691;
1900-01-01 19:28:01;354.0;1745659681;96.277;99.243;94.064;107.691;
1900-01-01 19:28:01;355.0;1745659681;96.267;99.243;94.064;107.592;
1900-01-01 19:28:02;356.0;1745659682;96.267;99.173;94.123;107.605;
1900-01-01 19:28:03;357.0;1745659683;96.334;99.227;94.123;107.605;
1900-01-01 19:28:04;358.0;1745659684;96.334;99.227;94.022;107.635;
1900-01-01 19:28:05;359.0;1745659685;96.35;99.238;93.871;107.683;
1900-01-01 19:28:06;360.0;1745659686;96.254;99.229;93.871;107.683;
1900-01-01 19:28:07;361.0;1745659687;96.277;99.229;93.812;107.533;
1900-01-01 19:28:08;362.0;1745659688;96.277;99.096;93.837;107.533;
1900-01-01 19:28:09;363.0;1745659689;96.249;99.22;93.837;107.609;
1900-01-01 19:28:10;364.0;1745659690;96.195;99.22;93.847;107.571;
1900-01-01 19:28:11;365.0;1745659691;96.195;99.119;93.862;107.571;
1900-01-01 19:28:12;366.0;1745659692;96.111;99.114;93.862;107.589;
1900-01-01 19:28:13;367.0;1745659693;96.111;99.114;93.891;107.622;
1900-01-01 19:28:14;368.0;1745659694;96.149;99.154;93.937;107.622;
1900-01-01 19:28:15;369.0;1745659695;96.126;99.097;93.937;107.602;
1900-01-01 19:28:16;370.0;1745659696;96.126;99.097;93.942;107.559;
1900-01-01 19:28:17;371.0;1745659697;96.247;99.179;93.993;107.559;
1900-01-01 19:28:18;372.0;1745659698;96.213;99.179;93.993;107.608;
1900-01-01 19:28:19;373.0;1745659699;96.213;99.151;93.941;107.613;
1900-01-01 19:28:20;374.0;1745659700;96.224;99.094;93.941;107.613;
1900-01-01 19:28:21;375.0;1745659701;96.101;99.094;93.781;107.603;
1900-01-01 19:28:22;376.0;1745659702;96.101;99.098;93.809;107.646;
1900-01-01 19:28:23;377.0;1745659703;96.091;99.18;93.809;107.646;
1900-01-01 19:28:24;378.0;1745659704;96.086;99.18;93.76;107.573;
1900-01-01 19:28:26;379.0;1745659706;96.086;99.143;93.796;107.623;
1900-01-01 19:28:26;380.0;1745659706;96.029;99.1;93.796;107.623;
1900-01-01 19:28:27;381.0;1745659707;96.029;99.1;93.652;107.544;
1900-01-01 19:28:28;382.0;1745659708;95.972;99.107;93.584;107.544;
1900-01-01 19:28:29;383.0;1745659709;95.976;99.14;93.584;107.572;
1900-01-01 19:28:30;384.0;1745659710;95.976;99.14;93.669;107.622;
1900-01-01 19:28:31;385.0;1745659711;95.871;99.171;93.69;107.622;
1900-01-01 19:28:32;386.0;1745659712;96.004;99.171;93.69;107.588;
1900-01-01 19:28:33;387.0;1745659713;96.004;99.133;93.749;107.574;
1900-01-01 19:28:34;388.0;1745659714;95.998;99.095;93.748;107.574;
1900-01-01 19:28:35;389.0;1745659715;95.937;99.095;93.748;107.553;
1900-01-01 19:28:36;390.0;1745659716;95.937;99.126;93.798;107.535;
1900-01-01 19:28:37;391.0;1745659717;96.038;99.102;93.842;107.535;
1900-01-01 19:28:38;392.0;1745659718;95.953;99.102;93.842;107.623;
1900-01-01 19:28:39;393.0;1745659719;95.953;99.152;93.803;107.566;
1900-01-01 19:28:40;394.0;1745659720;95.854;99.105;93.864;107.566;
1900-01-01 19:28:41;395.0;1745659721;95.874;99.132;93.864;107.613;
1900-01-01 19:28:42;396.0;1745659722;95.874;99.132;93.883;107.624;
1900-01-01 19:28:43;397.0;1745659723;95.858;99.052;93.864;107.624;
1900-01-01 19:28:44;398.0;1745659724;95.801;99.052;93.864;107.496;
1900-01-01 19:28:45;399.0;1745659725;95.801;99.123;93.744;107.535;
1900-01-01 19:28:46;400.0;1745659726;95.797;98.979;93.744;107.535;
1900-01-01 19:28:47;401.0;1745659727;95.823;98.979;93.564;107.65;
1900-01-01 19:28:48;402.0;1745659728;95.823;98.999;93.574;107.611;
1900-01-01 19:28:49;403.0;1745659729;95.846;99.082;93.574;107.611;
1900-01-01 19:28:50;404.0;1745659730;95.968;99.082;93.552;107.583;
1900-01-01 19:28:51;405.0;1745659731;95.968;99.027;93.555;107.565;
1900-01-01 19:28:52;406.0;1745659732;95.925;99.051;93.555;107.565;
1900-01-01 19:28:53;407.0;1745659733;95.925;99.051;93.628;107.585;
1900-01-01 19:28:54;408.0;1745659734;95.92;98.95;93.623;107.415;
1900-01-01 19:28:55;409.0;1745659735;95.906;98.926;93.623;107.415;
1900-01-01 19:28:56;410.0;1745659736;95.906;98.926;93.539;107.525;
1900-01-01 19:28:57;411.0;1745659737;95.933;98.894;93.537;107.525;
1900-01-01 19:28:58;412.0;1745659738;95.887;98.894;93.537;107.583;
1900-01-01 19:28:59;413.0;1745659739;95.887;98.926;93.41;107.517;
1900-01-01 19:29:01;414.0;1745659741;95.896;98.934;93.379;107.517;
1900-01-01 19:29:01;415.0;1745659741;95.849;98.934;93.379;107.525;
1900-01-01 19:29:02;416.0;1745659742;95.849;98.924;93.324;107.516;
1900-01-01 19:29:03;417.0;1745659743;95.692;98.835;93.288;107.516;
1900-01-01 19:29:04;418.0;1745659744;95.749;98.835;93.288;107.546;
1900-01-01 19:29:05;419.0;1745659745;95.749;98.89;93.362;107.6;
1900-01-01 19:29:06;420.0;1745659746;95.682;98.903;93.362;107.6;
1900-01-01 19:29:07;421.0;1745659747;95.67;98.903;93.427;107.633;
1900-01-01 19:29:08;422.0;1745659748;95.67;98.951;93.429;107.633;
1900-01-01 19:29:09;423.0;1745659749;95.704;98.872;93.429;107.607;
1900-01-01 19:29:10;424.0;1745659750;95.726;98.872;93.458;107.591;
1900-01-01 19:29:11;425.0;1745659751;95.726;98.893;93.391;107.544;
1900-01-01 19:29:12;426.0;1745659752;95.841;98.905;93.391;107.544;
1900-01-01 19:29:13;427.0;1745659753;95.841;98.905;93.455;107.614;
1900-01-01 19:29:14;428.0;1745659754;95.775;98.929;93.26;107.644;
1900-01-01 19:29:15;429.0;1745659755;95.776;98.822;93.26;107.644;
1900-01-01 19:29:16;430.0;1745659756;95.769;98.822;93.282;107.622;
1900-01-01 19:29:17;431.0;1745659757;95.769;98.803;93.292;107.661;
1900-01-01 19:29:18;432.0;1745659758;95.741;98.837;93.292;107.661;
1900-01-01 19:29:19;433.0;1745659759;95.728;98.837;93.265;107.618;
1900-01-01 19:29:20;434.0;1745659760;95.728;98.716;93.308;107.581;
1900-01-01 19:29:21;435.0;1745659761;95.748;98.827;93.406;107.581;
1900-01-01 19:29:22;436.0;1745659762;95.748;98.827;93.406;107.628;
1900-01-01 19:29:23;437.0;1745659763;95.647;98.824;93.332;107.647;
1900-01-01 19:29:24;438.0;1745659764;95.641;98.771;93.332;107.647;
1900-01-01 19:29:26;439.0;1745659766;95.542;98.771;93.218;107.617;
1900-01-01 19:29:26;440.0;1745659766;95.542;98.799;93.232;107.649;
1900-01-01 19:29:27;441.0;1745659767;95.467;98.809;93.232;107.649;
1900-01-01 19:29:28;442.0;1745659768;95.467;98.809;93.271;107.683;
1900-01-01 19:29:29;443.0;1745659769;95.568;98.755;93.283;107.683;
1900-01-01 19:29:30;444.0;1745659770;95.528;98.663;93.283;107.645;
1900-01-01 19:29:32;445.0;1745659772;95.407;98.663;93.241;107.593;
1900-01-01 19:29:32;446.0;1745659772;95.407;98.739;93.331;107.593;
1900-01-01 19:29:33;447.0;1745659773;95.362;98.662;93.331;107.548;
1900-01-01 19:29:34;448.0;1745659774;95.362;98.662;93.28;107.694;
1900-01-01 19:29:35;449.0;1745659775;95.421;98.698;93.298;107.694;
1900-01-01 19:29:36;450.0;1745659776;95.395;98.687;93.298;107.671;
1900-01-01 19:29:37;451.0;1745659777;95.395;98.687;93.212;107.625;
1900-01-01 19:29:38;452.0;1745659778;95.494;98.682;93.209;107.625;
1900-01-01 19:29:39;453.0;1745659779;95.483;98.682;93.209;107.538;
1900-01-01 19:29:40;454.0;1745659780;95.483;98.666;93.192;107.635;
1900-01-01 19:29:41;455.0;1745659781;95.572;98.643;93.126;107.635;
1900-01-01 19:29:42;456.0;1745659782;95.494;98.643;93.126;107.601;
1900-01-01 19:29:43;457.0;1745659783;95.494;98.644;93.254;107.553;
1900-01-01 19:29:44;458.0;1745659784;95.426;98.68;93.166;107.553;
1900-01-01 19:29:45;459.0;1745659785;95.468;98.68;93.166;107.57;
1900-01-01 19:29:46;460.0;1745659786;95.468;98.72;93.187;107.479;
1900-01-01 19:29:47;461.0;1745659787;95.436;98.732;93.187;107.479;
1900-01-01 19:29:48;462.0;1745659788;95.351;98.732;93.188;107.633;
1900-01-01 19:29:49;463.0;1745659789;95.351;98.72;93.274;107.62;
1900-01-01 19:29:50;464.0;1745659790;95.355;98.606;93.274;107.62;
1900-01-01 19:29:51;465.0;1745659791;95.249;98.606;93.256;107.553;
1900-01-01 19:29:52;466.0;1745659792;95.249;98.695;93.169;107.553;
1900-01-01 19:29:53;467.0;1745659793;95.226;98.563;93.169;107.59;
1900-01-01 19:29:54;468.0;1745659794;95.245;98.563;93.041;107.528;
1900-01-01 19:29:55;469.0;1745659795;95.245;98.626;93.144;107.528;
1900-01-01 19:29:56;470.0;1745659796;95.223;98.644;93.144;107.606;
1900-01-01 19:29:57;471.0;1745659797;95.156;98.644;93.012;107.573;
1900-01-01 19:29:58;472.0;1745659798;95.156;98.478;93.05;107.573;
1900-01-01 19:29:59;473.0;1745659799;95.085;98.63;93.05;107.504;
1900-01-01 19:30:00;474.0;1745659800;95.085;98.63;93.162;107.653;
1900-01-01 19:30:01;475.0;1745659801;95.207;98.584;93.145;107.653;
1900-01-01 19:30:02;476.0;1745659802;95.268;98.584;93.145;107.547;
1900-01-01 19:30:03;477.0;1745659803;95.268;98.507;93.109;107.596;
1900-01-01 19:30:04;478.0;1745659804;95.319;98.426;93.102;107.596;
1900-01-01 19:30:06;479.0;1745659806;95.398;98.52;93.102;107.523;
1900-01-01 19:30:06;480.0;1745659806;95.398;98.52;93.019;107.589;
1900-01-01 19:30:07;481.0;1745659807;95.442;98.46;93.132;107.589;
1900-01-01 19:30:08;482.0;1745659808;95.398;98.46;93.132;107.643;
1900-01-01 19:30:09;483.0;1745659809;95.398;98.516;93.133;107.621;
1900-01-01 19:30:10;484.0;1745659810;95.388;98.47;92.996;107.621;
1900-01-01 19:30:11;485.0;1745659811;95.437;98.47;92.996;107.524;
1900-01-01 19:30:12;486.0;1745659812;95.437;98.516;93.028;107.566;
1900-01-01 19:30:13;487.0;1745659813;95.413;98.548;93.028;107.566;
1900-01-01 19:30:14;488.0;1745659814;95.338;98.548;92.997;107.625;
1900-01-01 19:30:15;489.0;1745659815;95.338;98.482;93.0;107.625;
1900-01-01 19:30:16;490.0;1745659816;95.317;98.553;93.0;107.607;
1900-01-01 19:30:17;491.0;1745659817;95.242;98.553;92.76;107.6;
1900-01-01 19:30:18;492.0;1745659818;95.242;98.509;92.804;107.549;
1900-01-01 19:30:19;493.0;1745659819;95.197;98.479;92.804;107.549;
1900-01-01 19:30:20;494.0;1745659820;95.178;98.479;92.735;107.597;
1900-01-01 19:30:21;495.0;1745659821;95.178;98.444;92.849;107.597;
1900-01-01 19:30:22;496.0;1745659822;95.281;98.558;92.849;107.613;
1900-01-01 19:30:23;497.0;1745659823;95.281;98.558;92.953;107.598;
1900-01-01 19:30:24;498.0;1745659824;95.157;98.494;92.856;107.598;
1900-01-01 19:30:25;499.0;1745659825;95.132;98.494;92.856;107.616;
1900-01-01 19:30:26;500.0;1745659826;95.132;98.482;92.874;107.484;
1900-01-01 19:30:27;501.0;1745659827;95.262;98.392;92.832;107.484;
1900-01-01 19:30:28;502.0;1745659828;95.174;98.392;92.832;107.657;
1900-01-01 19:30:29;503.0;1745659829;95.174;98.471;92.767;107.519;
1900-01-01 19:30:31;504.0;1745659831;95.131;98.416;92.82;107.519;
1900-01-01 19:30:31;505.0;1745659831;95.219;98.416;92.82;107.574;
1900-01-01 19:30:32;506.0;1745659832;95.219;98.348;92.753;107.561;
1900-01-01 19:30:33;507.0;1745659833;95.044;98.31;92.736;107.561;
1900-01-01 19:30:34;508.0;1745659834;95.11;98.31;92.736;107.642;
1900-01-01 19:30:35;509.0;1745659835;95.11;98.404;92.76;107.56;
1900-01-01 19:30:36;510.0;1745659836;95.004;98.307;92.76;107.56;
1900-01-01 19:30:37;511.0;1745659837;95.087;98.307;92.906;107.515;
1900-01-01 19:30:38;512.0;1745659838;95.087;98.302;92.838;107.515;
1900-01-01 19:30:39;513.0;1745659839;95.015;98.284;92.838;107.549;
1900-01-01 19:30:40;514.0;1745659840;95.015;98.284;92.695;107.524;
1900-01-01 19:30:41;515.0;1745659841;94.961;98.373;92.669;107.524;
1900-01-01 19:30:42;516.0;1745659842;94.934;98.373;92.669;107.512;
1900-01-01 19:30:43;517.0;1745659843;94.934;98.335;92.691;107.645;
1900-01-01 19:30:44;518.0;1745659844;94.876;98.273;92.615;107.645;
1900-01-01 19:30:45;519.0;1745659845;94.838;98.273;92.615;107.606;
1900-01-01 19:30:46;520.0;1745659846;94.838;98.322;92.75;107.583;
1900-01-01 19:30:47;521.0;1745659847;94.824;98.342;92.756;107.583;
1900-01-01 19:30:48;522.0;1745659848;94.874;98.342;92.756;107.606;
1900-01-01 19:30:49;523.0;1745659849;94.874;98.324;92.753;107.576;
1900-01-01 19:30:50;524.0;1745659850;94.84;98.306;92.79;107.576;
1900-01-01 19:30:51;525.0;1745659851;94.861;98.306;92.79;107.602;
1900-01-01 19:30:52;526.0;1745659852;94.861;98.266;92.727;107.47;
1900-01-01 19:30:53;527.0;1745659853;94.918;98.16;92.727;107.47;
1900-01-01 19:30:54;528.0;1745659854;94.926;98.16;92.69;107.496;
1900-01-01 19:30:55;529.0;1745659855;94.926;98.157;92.642;107.58;
1900-01-01 19:30:57;530.0;1745659857;95.004;98.113;92.541;107.58;
1900-01-01 19:30:57;531.0;1745659857;94.97;98.113;92.541;107.537;
1900-01-01 19:30:58;532.0;1745659858;94.97;98.13;92.4;107.559;
1900-01-01 19:30:59;533.0;1745659859;94.965;98.168;92.472;107.559;
1900-01-01 19:31:00;534.0;1745659860;94.892;98.168;92.472;107.626;
1900-01-01 19:31:01;535.0;1745659861;94.892;98.163;92.548;107.602;
1900-01-01 19:31:02;536.0;1745659862;94.83;98.1;92.548;107.602;
1900-01-01 19:31:03;537.0;1745659863;94.83;98.1;92.634;107.527;
1900-01-01 19:31:04;538.0;1745659864;94.767;98.105;92.637;107.592;
1900-01-01 19:31:06;539.0;1745659866;94.836;98.144;92.637;107.592;
1900-01-01 19:31:06;540.0;1745659866;94.836;98.144;92.607;107.544;
1900-01-01 19:31:07;541.0;1745659867;94.819;98.174;92.668;107.544;
1900-01-01 19:31:08;542.0;1745659868;94.818;98.151;92.668;107.462;
1900-01-01 19:31:09;543.0;1745659869;94.818;98.151;92.71;107.667;
1900-01-01 19:31:10;544.0;1745659870;94.739;98.106;92.635;107.667;
1900-01-01 19:31:11;545.0;1745659871;94.723;98.113;92.635;107.557;
1900-01-01 19:31:12;546.0;1745659872;94.723;98.113;92.542;107.598;
1900-01-01 19:31:13;547.0;1745659873;94.72;98.254;92.538;107.598;
1900-01-01 19:31:14;548.0;1745659874;94.702;98.254;92.538;107.576;
1900-01-01 19:31:15;549.0;1745659875;94.702;98.134;92.428;107.571;
1900-01-01 19:31:16;550.0;1745659876;94.795;98.164;92.399;107.571;
1900-01-01 19:31:17;551.0;1745659877;94.772;98.164;92.399;107.573;
1900-01-01 19:31:18;552.0;1745659878;94.772;98.068;92.42;107.575;
1900-01-01 19:31:19;553.0;1745659879;94.793;98.097;92.42;107.575;
1900-01-01 19:31:21;554.0;1745659881;94.683;98.097;92.482;107.553;
1900-01-01 19:31:21;555.0;1745659881;94.683;98.095;92.558;107.553;
1900-01-01 19:31:22;556.0;1745659882;94.726;98.075;92.558;107.621;
1900-01-01 19:31:24;557.0;1745659884;94.727;98.075;92.643;107.601;
1900-01-01 19:31:24;558.0;1745659884;94.727;97.977;92.642;107.601;
1900-01-01 19:31:25;559.0;1745659885;94.78;98.006;92.642;107.634;
1900-01-01 19:31:26;560.0;1745659886;94.805;98.006;92.686;107.557;
1900-01-01 19:31:27;561.0;1745659887;94.805;98.079;92.676;107.557;
1900-01-01 19:31:28;562.0;1745659888;94.807;97.98;92.676;107.64;
1900-01-01 19:31:29;563.0;1745659889;94.807;97.98;92.586;107.544;
1900-01-01 19:31:30;564.0;1745659890;94.817;98.081;92.449;107.544;
1900-01-01 19:31:31;565.0;1745659891;94.705;98.081;92.449;107.559;
1900-01-01 19:31:32;566.0;1745659892;94.705;98.055;92.379;107.552;
1900-01-01 19:31:33;567.0;1745659893;94.718;98.018;92.376;107.552;
1900-01-01 19:31:35;568.0;1745659895;94.711;98.06;92.376;107.479;
1900-01-01 19:31:35;569.0;1745659895;94.711;98.06;92.426;107.515;
1900-01-01 19:31:36;570.0;1745659896;94.76;98.09;92.339;107.515;
1900-01-01 19:31:37;571.0;1745659897;94.669;98.09;92.339;107.6;
1900-01-01 19:31:38;572.0;1745659898;94.669;98.057;92.296;107.547;
1900-01-01 19:31:39;573.0;1745659899;94.595;97.983;92.24;107.547;
1900-01-01 19:31:41;574.0;1745659901;94.718;97.983;92.24;107.48;
1900-01-01 19:31:41;575.0;1745659901;94.718;98.012;92.175;107.539;
1900-01-01 19:31:42;576.0;1745659902;94.66;97.976;92.175;107.539;
1900-01-01 19:31:43;577.0;1745659903;94.637;97.976;92.186;107.584;
1900-01-01 19:31:44;578.0;1745659904;94.637;98.12;92.111;107.589;
1900-01-01 19:31:45;579.0;1745659905;94.704;97.963;92.111;107.589;
1900-01-01 19:31:46;580.0;1745659906;94.704;97.963;92.148;107.474;
1900-01-01 19:31:47;581.0;1745659907;94.583;97.89;92.275;107.458;
1900-01-01 19:31:49;582.0;1745659909;94.507;98.005;92.275;107.458;
1900-01-01 19:31:49;583.0;1745659909;94.507;98.005;92.327;107.533;
1900-01-01 19:31:50;584.0;1745659910;94.652;97.933;92.394;107.533;
1900-01-01 19:31:51;585.0;1745659911;94.573;97.933;92.394;107.525;
1900-01-01 19:31:52;586.0;1745659912;94.573;97.908;92.303;107.591;
1900-01-01 19:31:53;587.0;1745659913;94.549;97.873;92.223;107.591;
1900-01-01 19:31:54;588.0;1745659914;94.499;97.873;92.223;107.624;
1900-01-01 19:31:55;589.0;1745659915;94.499;97.86;92.172;107.571;
1900-01-01 19:31:56;590.0;1745659916;94.521;97.828;92.158;107.571;
1900-01-01 19:31:57;591.0;1745659917;94.53;97.828;92.158;107.561;
1900-01-01 19:31:58;592.0;1745659918;94.53;97.828;92.139;107.559;
1900-01-01 19:31:59;593.0;1745659919;94.516;97.95;92.139;107.559;
1900-01-01 19:32:00;594.0;1745659920;94.439;97.95;92.176;107.584;
1900-01-01 19:32:01;595.0;1745659921;94.439;97.85;92.17;107.527;
1900-01-01 19:32:02;596.0;1745659922;94.438;97.824;92.123;107.527;
1900-01-01 19:32:03;597.0;1745659923;94.492;97.824;92.123;107.469;
1900-01-01 19:32:04;598.0;1745659924;94.492;97.787;92.151;107.59;
1900-01-01 19:32:05;599.0;1745659925;94.49;97.869;92.2;107.59;
1900-01-01 19:32:06;600.0;1745659926;94.457;97.869;92.2;107.612;
1900-01-01 19:32:07;601.0;1745659927;94.457;97.807;92.114;107.612;
1900-01-01 19:32:08;602.0;1745659928;94.461;97.848;92.114;107.54;
1900-01-01 19:32:09;603.0;1745659929;94.445;97.848;92.077;107.596;
1900-01-01 19:32:10;604.0;1745659930;94.445;97.855;92.117;107.611;
1900-01-01 19:32:11;605.0;1745659931;94.324;97.883;92.117;107.611;
1900-01-01 19:32:12;606.0;1745659932;94.324;97.883;92.158;107.522;
1900-01-01 19:32:13;607.0;1745659933;94.446;97.83;92.255;107.547;
1900-01-01 19:32:14;608.0;1745659934;94.354;97.764;92.255;107.547;
1900-01-01 19:32:15;609.0;1745659935;94.354;97.764;92.188;107.486;
1900-01-01 19:32:16;610.0;1745659936;94.45;97.793;92.22;107.57;
1900-01-01 19:32:17;611.0;1745659937;94.412;97.793;92.22;107.57;
1900-01-01 19:32:18;612.0;1745659938;94.412;97.754;92.131;107.615;
1900-01-01 19:32:19;613.0;1745659939;94.378;97.776;92.07;107.615;
1900-01-01 19:32:20;614.0;1745659940;94.448;97.728;92.07;107.61;
1900-01-01 19:32:21;615.0;1745659941;94.448;97.728;92.109;107.502;
1900-01-01 19:32:22;616.0;1745659942;94.438;97.679;92.076;107.502;
1900-01-01 19:32:23;617.0;1745659943;94.472;97.716;92.076;107.496;
1900-01-01 19:32:24;618.0;1745659944;94.472;97.716;92.101;107.532;
1900-01-01 19:32:25;619.0;1745659945;94.48;97.683;92.168;107.532;
1900-01-01 19:32:26;620.0;1745659946;94.594;97.683;92.168;107.522;
1900-01-01 19:32:27;621.0;1745659947;94.594;97.711;92.228;107.584;
1900-01-01 19:32:28;622.0;1745659948;94.442;97.685;92.228;107.584;
1900-01-01 19:32:29;623.0;1745659949;94.42;97.685;92.182;107.506;
1900-01-01 19:32:30;624.0;1745659950;94.42;97.713;92.05;107.553;
1900-01-01 19:32:32;625.0;1745659952;94.375;97.619;91.994;107.553;
1900-01-01 19:32:32;626.0;1745659952;94.375;97.619;91.994;107.506;
1900-01-01 19:32:33;627.0;1745659953;94.313;97.737;91.919;107.563;
1900-01-01 19:32:34;628.0;1745659954;94.228;97.641;91.919;107.563;
1900-01-01 19:32:35;629.0;1745659955;94.228;97.641;91.834;107.546;
1900-01-01 19:32:36;630.0;1745659956;94.265;97.598;91.849;107.546;
1900-01-01 19:32:37;631.0;1745659957;94.155;97.651;91.849;107.504;
1900-01-01 19:32:39;632.0;1745659959;94.114;97.651;91.847;107.488;
1900-01-01 19:32:39;633.0;1745659959;94.114;97.7;91.911;107.488;
1900-01-01 19:32:40;634.0;1745659960;94.039;97.652;91.911;107.558;
1900-01-01 19:32:41;635.0;1745659961;94.039;97.652;91.897;107.537;
1900-01-01 19:32:42;636.0;1745659962;94.097;97.632;91.932;107.529;
1900-01-01 19:32:43;637.0;1745659963;94.062;97.632;91.932;107.529;
1900-01-01 19:32:44;638.0;1745659964;94.062;97.458;91.874;107.615;
1900-01-01 19:32:45;639.0;1745659965;93.94;97.548;91.846;107.615;
1900-01-01 19:32:46;640.0;1745659966;93.895;97.548;91.846;107.579;
1900-01-01 19:32:47;641.0;1745659967;93.895;97.503;91.829;107.479;
1900-01-01 19:32:48;642.0;1745659968;93.975;97.487;91.88;107.479;
1900-01-01 19:32:50;643.0;1745659970;94.091;97.524;91.88;107.569;
1900-01-01 19:32:50;644.0;1745659970;94.091;97.524;91.999;107.524;
1900-01-01 19:32:51;645.0;1745659971;94.045;97.455;92.038;107.524;
1900-01-01 19:32:52;646.0;1745659972;94.059;97.455;92.038;107.417;
1900-01-01 19:32:53;647.0;1745659973;94.059;97.395;91.964;107.571;
1900-01-01 19:32:54;648.0;1745659974;94.076;97.503;91.964;107.571;
1900-01-01 19:32:55;649.0;1745659975;94.076;97.503;92.023;107.571;
1900-01-01 19:32:56;650.0;1745659976;94.132;97.468;91.953;107.527;
1900-01-01 19:32:57;651.0;1745659977;94.158;97.417;91.953;107.527;
1900-01-01 19:32:58;652.0;1745659978;94.158;97.417;91.783;107.479;
1900-01-01 19:32:59;653.0;1745659979;94.212;97.393;91.784;107.562;
1900-01-01 19:33:00;654.0;1745659980;94.28;97.494;91.784;107.562;
1900-01-01 19:33:01;655.0;1745659981;94.28;97.494;91.761;107.474;
1900-01-01 19:33:02;656.0;1745659982;94.163;97.527;91.836;107.504;
1900-01-01 19:33:03;657.0;1745659983;94.16;97.515;91.836;107.504;
1900-01-01 19:33:04;658.0;1745659984;94.16;97.515;91.829;107.63;
1900-01-01 19:33:05;659.0;1745659985;94.167;97.5;91.781;107.63;
1900-01-01 19:33:06;660.0;1745659986;94.091;97.5;91.781;107.545;
1900-01-01 19:33:07;661.0;1745659987;94.091;97.441;91.692;107.505;
1900-01-01 19:33:09;662.0;1745659989;94.029;97.474;91.718;107.505;
1900-01-01 19:33:09;663.0;1745659989;94.017;97.474;91.718;107.521;
1900-01-01 19:33:10;664.0;1745659990;94.017;97.405;91.775;107.537;
1900-01-01 19:33:11;665.0;1745659991;93.897;97.398;91.775;107.537;
1900-01-01 19:33:12;666.0;1745659992;93.953;97.398;91.707;107.526;
1900-01-01 19:33:13;667.0;1745659993;93.953;97.437;91.792;107.526;
1900-01-01 19:33:14;668.0;1745659994;93.913;97.318;91.792;107.526;
1900-01-01 19:33:15;669.0;1745659995;93.978;97.318;91.729;107.527;
1900-01-01 19:33:16;670.0;1745659996;93.978;97.505;91.69;107.594;
1900-01-01 19:33:17;671.0;1745659997;93.949;97.434;91.69;107.594;
1900-01-01 19:33:18;672.0;1745659998;93.96;97.434;91.725;107.527;
1900-01-01 19:33:19;673.0;1745659999;93.96;97.452;91.687;107.544;
1900-01-01 19:33:20;674.0;1745660000;93.882;97.398;91.687;107.544;
1900-01-01 19:33:21;675.0;1745660001;93.882;97.398;91.775;107.591;
1900-01-01 19:33:22;676.0;1745660002;93.891;97.342;91.682;107.611;
1900-01-01 19:33:23;677.0;1745660003;93.973;97.336;91.682;107.611;
1900-01-01 19:33:24;678.0;1745660004;93.973;97.336;91.699;107.518;
1900-01-01 19:33:25;679.0;1745660005;93.986;97.436;91.6;107.561;
1900-01-01 19:33:26;680.0;1745660006;93.899;97.363;91.6;107.561;
1900-01-01 19:33:27;681.0;1745660007;93.899;97.363;91.618;107.495;
1900-01-01 19:33:28;682.0;1745660008;93.959;97.351;91.575;107.495;
1900-01-01 19:33:29;683.0;1745660009;93.948;97.309;91.575;107.539;
1900-01-01 19:33:30;684.0;1745660010;93.948;97.309;91.554;107.581;
1900-01-01 19:33:31;685.0;1745660011;93.985;97.376;91.717;107.581;
1900-01-01 19:33:32;686.0;1745660012;93.944;97.31;91.717;107.52;
1900-01-01 19:33:33;687.0;1745660013;93.944;97.31;91.654;107.459;
1900-01-01 19:33:34;688.0;1745660014;93.876;97.335;91.528;107.459;
1900-01-01 19:33:35;689.0;1745660015;93.808;97.335;91.528;107.54;
1900-01-01 19:33:36;690.0;1745660016;93.808;97.335;91.541;107.568;
1900-01-01 19:33:37;691.0;1745660017;93.802;97.317;91.541;107.568;
1900-01-01 19:33:38;692.0;1745660018;93.742;97.317;91.498;107.521;
1900-01-01 19:33:39;693.0;1745660019;93.742;97.255;91.497;107.542;
1900-01-01 19:33:40;694.0;1745660020;93.7;97.183;91.497;107.542;
1900-01-01 19:33:41;695.0;1745660021;93.658;97.183;91.455;107.625;
1900-01-01 19:33:42;696.0;1745660022;93.658;97.297;91.481;107.532;
1900-01-01 19:33:43;697.0;1745660023;93.697;97.272;91.481;107.532;
1900-01-01 19:33:44;698.0;1745660024;93.639;97.272;91.497;107.491;
1900-01-01 19:33:45;699.0;1745660025;93.639;97.216;91.486;107.491;
1900-01-01 19:33:46;700.0;1745660026;93.718;97.262;91.486;107.599;
1900-01-01 19:33:47;701.0;1745660027;93.718;97.262;91.422;107.519;
1900-01-01 19:33:48;702.0;1745660028;93.721;97.248;91.425;107.519;
1900-01-01 19:33:49;703.0;1745660029;93.716;97.22;91.425;107.508;
1900-01-01 19:33:50;704.0;1745660030;93.716;97.22;91.377;107.493;
1900-01-01 19:33:51;705.0;1745660031;93.71;97.086;91.376;107.493;
1900-01-01 19:33:52;706.0;1745660032;93.572;97.086;91.376;107.493;
1900-01-01 19:33:53;707.0;1745660033;93.572;97.196;91.336;107.553;
1900-01-01 19:33:54;708.0;1745660034;93.653;97.172;91.335;107.553;
1900-01-01 19:33:55;709.0;1745660035;93.639;97.168;91.335;107.658;
1900-01-01 19:33:56;710.0;1745660036;93.639;97.168;91.42;107.592;
1900-01-01 19:33:57;711.0;1745660037;93.596;97.076;91.459;107.592;
1900-01-01 19:33:58;712.0;1745660038;93.564;97.076;91.459;107.602;
1900-01-01 19:33:59;713.0;1745660039;93.564;97.112;91.519;107.539;
1900-01-01 19:34:01;714.0;1745660041;93.509;97.133;91.46;107.539;
1900-01-01 19:34:01;715.0;1745660041;93.515;97.133;91.46;107.552;
1900-01-01 19:34:02;716.0;1745660042;93.515;97.137;91.361;107.434;
1900-01-01 19:34:03;717.0;1745660043;93.549;97.128;91.326;107.434;
1900-01-01 19:34:04;718.0;1745660044;93.569;97.128;91.326;107.609;
1900-01-01 19:34:05;719.0;1745660045;93.569;97.176;91.378;107.485;
1900-01-01 19:34:06;720.0;1745660046;93.624;97.085;91.378;107.485;
1900-01-01 19:34:07;721.0;1745660047;93.616;97.085;91.441;107.566;
1900-01-01 19:34:08;722.0;1745660048;93.616;97.102;91.5;107.477;
1900-01-01 19:34:09;723.0;1745660049;93.689;97.162;91.5;107.477;
1900-01-01 19:34:10;724.0;1745660050;93.733;97.162;91.452;107.555;
1900-01-01 19:34:11;725.0;1745660051;93.733;97.101;91.358;107.599;
1900-01-01 19:34:12;726.0;1745660052;93.674;97.089;91.359;107.599;
1900-01-01 19:34:13;727.0;1745660053;93.694;97.089;91.359;107.542;
1900-01-01 19:34:14;728.0;1745660054;93.694;97.093;91.41;107.56;
1900-01-01 19:34:15;729.0;1745660055;93.523;97.024;91.41;107.56;
1900-01-01 19:34:16;730.0;1745660056;93.535;97.024;91.36;107.524;
1900-01-01 19:34:17;731.0;1745660057;93.535;97.077;91.385;107.553;
1900-01-01 19:34:18;732.0;1745660058;93.524;97.004;91.385;107.553;
1900-01-01 19:34:19;733.0;1745660059;93.542;97.004;91.318;107.584;
1900-01-01 19:34:20;734.0;1745660060;93.542;96.986;91.285;107.651;
1900-01-01 19:34:21;735.0;1745660061;93.585;96.946;91.278;107.651;
1900-01-01 19:34:22;736.0;1745660062;93.612;96.946;91.278;107.594;
1900-01-01 19:34:23;737.0;1745660063;93.612;97.01;91.324;107.44;
1900-01-01 19:34:24;738.0;1745660064;93.563;96.986;91.324;107.44;
1900-01-01 19:34:25;739.0;1745660065;93.518;96.986;91.323;107.5;
1900-01-01 19:34:26;740.0;1745660066;93.518;97.025;91.234;107.46;
1900-01-01 19:34:27;741.0;1745660067;93.532;96.999;91.234;107.46;
1900-01-01 19:34:28;742.0;1745660068;93.482;96.999;91.215;107.505;
1900-01-01 19:34:29;743.0;1745660069;93.482;96.952;91.114;107.573;
1900-01-01 19:34:30;744.0;1745660070;93.397;96.966;91.097;107.573;
1900-01-01 19:34:31;745.0;1745660071;93.361;96.966;91.097;107.539;
1900-01-01 19:34:32;746.0;1745660072;93.361;96.949;91.065;107.524;
1900-01-01 19:34:33;747.0;1745660073;93.332;96.969;91.065;107.524;
1900-01-01 19:34:35;748.0;1745660075;93.282;96.969;91.09;107.496;
1900-01-01 19:34:35;749.0;1745660075;93.282;96.938;91.133;107.496;
1900-01-01 19:34:36;750.0;1745660076;93.223;96.986;91.133;107.527;
1900-01-01 19:34:37;751.0;1745660077;93.223;96.986;91.151;107.468;
1900-01-01 19:34:38;752.0;1745660078;93.315;97.009;90.983;107.468;
1900-01-01 19:34:39;753.0;1745660079;93.298;96.994;90.983;107.562;
1900-01-01 19:34:40;754.0;1745660080;93.298;96.994;91.052;107.51;
1900-01-01 19:34:41;755.0;1745660081;93.325;97.001;91.097;107.51;
1900-01-01 19:34:42;756.0;1745660082;93.327;96.915;91.097;107.569;
1900-01-01 19:34:43;757.0;1745660083;93.327;96.915;91.033;107.549;
1900-01-01 19:34:44;758.0;1745660084;93.265;96.983;91.074;107.535;
1900-01-01 19:34:45;759.0;1745660085;93.275;96.908;91.074;107.535;
1900-01-01 19:34:46;760.0;1745660086;93.275;96.908;91.0;107.487;
1900-01-01 19:34:47;761.0;1745660087;93.297;96.983;91.013;107.487;
1900-01-01 19:34:48;762.0;1745660088;93.274;96.949;91.013;107.479;
1900-01-01 19:34:49;763.0;1745660089;93.274;96.949;91.096;107.543;
1900-01-01 19:34:50;764.0;1745660090;93.326;96.97;91.031;107.543;
1900-01-01 19:34:51;765.0;1745660091;93.316;96.978;91.031;107.594;
1900-01-01 19:34:52;766.0;1745660092;93.316;96.978;91.091;107.579;
1900-01-01 19:34:53;767.0;1745660093;93.264;96.939;91.11;107.579;
1900-01-01 19:34:54;768.0;1745660094;93.29;96.939;91.11;107.623;
1900-01-01 19:34:55;769.0;1745660095;93.29;96.839;91.153;107.499;
1900-01-01 19:34:56;770.0;1745660096;93.21;96.932;90.998;107.499;
1900-01-01 19:34:57;771.0;1745660097;93.247;96.932;90.998;107.591;
1900-01-01 19:34:58;772.0;1745660098;93.247;96.963;91.027;107.558;
1900-01-01 19:34:59;773.0;1745660099;93.376;96.898;91.027;107.558;
1900-01-01 19:35:00;774.0;1745660100;93.315;96.898;90.879;107.627;
1900-01-01 19:35:01;775.0;1745660101;93.315;96.885;90.89;107.59;
1900-01-01 19:35:02;776.0;1745660102;93.246;96.865;90.962;107.59;
1900-01-01 19:35:03;777.0;1745660103;93.232;96.865;90.962;107.567;
1900-01-01 19:35:04;778.0;1745660104;93.232;96.807;90.988;107.646;
1900-01-01 19:35:06;779.0;1745660106;93.201;96.726;91.016;107.646;
1900-01-01 19:35:06;780.0;1745660106;93.153;96.726;91.016;107.564;
1900-01-01 19:35:07;781.0;1745660107;93.153;96.751;91.05;107.512;
1900-01-01 19:35:08;782.0;1745660108;93.193;96.733;91.05;107.512;
1900-01-01 19:35:09;783.0;1745660109;93.193;96.733;91.152;107.528;
1900-01-01 19:35:10;784.0;1745660110;93.163;96.743;91.055;107.534;
1900-01-01 19:35:11;785.0;1745660111;93.181;96.743;91.055;107.534;
1900-01-01 19:35:12;786.0;1745660112;93.181;96.76;91.072;107.522;
1900-01-01 19:35:13;787.0;1745660113;93.212;96.688;90.927;107.522;
1900-01-01 19:35:14;788.0;1745660114;93.2;96.688;90.927;107.567;
1900-01-01 19:35:15;789.0;1745660115;93.2;96.647;90.741;107.618;
1900-01-01 19:35:16;790.0;1745660116;93.116;96.66;90.68;107.618;
1900-01-01 19:35:18;791.0;1745660118;93.031;96.665;90.68;107.49;
1900-01-01 19:35:18;792.0;1745660118;93.031;96.665;90.763;107.469;
1900-01-01 19:35:19;793.0;1745660119;93.054;96.542;90.836;107.469;
1900-01-01 19:35:20;794.0;1745660120;93.015;96.542;90.836;107.52;
1900-01-01 19:35:21;795.0;1745660121;93.015;96.523;90.776;107.535;
1900-01-01 19:35:22;796.0;1745660122;93.017;96.515;90.777;107.535;
1900-01-01 19:35:24;797.0;1745660124;92.968;96.515;90.777;107.432;
1900-01-01 19:35:24;798.0;1745660124;92.968;96.484;90.817;107.504;
1900-01-01 19:35:25;799.0;1745660125;93.016;96.501;90.817;107.504;
1900-01-01 19:35:26;800.0;1745660126;93.001;96.501;90.778;107.553;
1900-01-01 19:35:28;801.0;1745660128;93.001;96.388;90.752;107.594;
1900-01-01 19:35:28;802.0;1745660128;93.061;96.453;90.752;107.594;
1900-01-01 19:35:29;803.0;1745660129;93.128;96.453;90.769;107.559;
1900-01-01 19:35:30;804.0;1745660130;93.128;96.511;90.803;107.535;
1900-01-01 19:35:31;805.0;1745660131;93.066;96.408;90.803;107.535;
1900-01-01 19:35:32;806.0;1745660132;93.066;96.408;90.851;107.494;
1900-01-01 19:35:33;807.0;1745660133;93.055;96.441;90.861;107.486;
1900-01-01 19:35:34;808.0;1745660134;93.033;96.413;90.861;107.486;
1900-01-01 19:35:35;809.0;1745660135;93.033;96.413;90.798;107.467;
1900-01-01 19:35:36;810.0;1745660136;92.975;96.387;90.759;107.548;
1900-01-01 19:35:38;811.0;1745660138;92.97;96.53;90.759;107.548;
1900-01-01 19:35:38;812.0;1745660138;92.97;96.53;90.801;107.446;
1900-01-01 19:35:39;813.0;1745660139;92.984;96.511;90.782;107.446;
1900-01-01 19:35:40;814.0;1745660140;92.9;96.488;90.782;107.554;
1900-01-01 19:35:41;815.0;1745660141;92.9;96.488;90.752;107.423;
1900-01-01 19:35:42;816.0;1745660142;92.949;96.523;90.684;107.423;
1900-01-01 19:35:44;817.0;1745660144;92.876;96.367;90.684;107.496;
1900-01-01 19:35:44;818.0;1745660144;92.876;96.367;90.639;107.505;
1900-01-01 19:35:45;819.0;1745660145;92.809;96.406;90.627;107.505;
1900-01-01 19:35:46;820.0;1745660146;92.844;96.406;90.627;107.504;
1900-01-01 19:35:47;821.0;1745660147;92.844;96.41;90.67;107.503;
1900-01-01 19:35:48;822.0;1745660148;92.885;96.358;90.753;107.503;
1900-01-01 19:35:49;823.0;1745660149;92.902;96.358;90.753;107.525;
1900-01-01 19:35:50;824.0;1745660150;92.902;96.376;90.702;107.478;
1900-01-01 19:35:51;825.0;1745660151;92.853;96.439;90.702;107.478;
1900-01-01 19:35:52;826.0;1745660152;92.835;96.439;90.65;107.418;
1900-01-01 19:35:53;827.0;1745660153;92.835;96.46;90.664;107.418;
1900-01-01 19:35:54;828.0;1745660154;92.835;96.439;90.664;107.424;
1900-01-01 19:35:55;829.0;1745660155;92.835;96.439;90.64;107.379;
1900-01-01 19:35:56;830.0;1745660156;92.787;96.47;90.666;107.379;
1900-01-01 19:35:57;831.0;1745660157;92.714;96.389;90.666;107.546;
1900-01-01 19:35:58;832.0;1745660158;92.714;96.389;90.623;107.489;
1900-01-01 19:35:59;833.0;1745660159;92.662;96.424;90.699;107.489;
1900-01-01 19:36:00;834.0;1745660160;92.621;96.404;90.699;107.474;
1900-01-01 19:36:01;835.0;1745660161;92.621;96.404;90.601;107.508;
1900-01-01 19:36:02;836.0;1745660162;92.596;96.408;90.475;107.508;
1900-01-01 19:36:03;837.0;1745660163;92.762;96.402;90.475;107.415;
1900-01-01 19:36:04;838.0;1745660164;92.762;96.402;90.446;107.537;
1900-01-01 19:36:05;839.0;1745660165;92.681;96.366;90.434;107.537;
1900-01-01 19:36:06;840.0;1745660166;92.711;96.418;90.434;107.491;
1900-01-01 19:36:07;841.0;1745660167;92.711;96.418;90.447;107.537;
1900-01-01 19:36:08;842.0;1745660168;92.777;96.399;90.536;107.537;
1900-01-01 19:36:09;843.0;1745660169;92.763;96.399;90.536;107.538;
1900-01-01 19:36:10;844.0;1745660170;92.763;96.417;90.445;107.426;
1900-01-01 19:36:11;845.0;1745660171;92.721;96.294;90.445;107.426;
1900-01-01 19:36:12;846.0;1745660172;92.769;96.294;90.313;107.561;
1900-01-01 19:36:13;847.0;1745660173;92.769;96.312;90.314;107.528;
1900-01-01 19:36:14;848.0;1745660174;92.745;96.289;90.287;107.528;
1900-01-01 19:36:15;849.0;1745660175;92.765;96.289;90.287;107.451;
1900-01-01 19:36:16;850.0;1745660176;92.765;96.251;90.26;107.448;
1900-01-01 19:36:17;851.0;1745660177;92.715;96.235;90.26;107.448;
1900-01-01 19:36:18;852.0;1745660178;92.686;96.235;90.336;107.536;
1900-01-01 19:36:19;853.0;1745660179;92.686;96.197;90.302;107.536;
1900-01-01 19:36:20;854.0;1745660180;92.618;96.219;90.302;107.537;
1900-01-01 19:36:21;855.0;1745660181;92.577;96.219;90.452;107.497;
1900-01-01 19:36:22;856.0;1745660182;92.577;96.203;90.474;107.497;
1900-01-01 19:36:23;857.0;1745660183;92.569;96.219;90.474;107.537;
1900-01-01 19:36:24;858.0;1745660184;92.569;96.219;90.452;107.538;
1900-01-01 19:36:25;859.0;1745660185;92.545;96.123;90.452;107.538;
1900-01-01 19:36:26;860.0;1745660186;92.574;96.234;90.452;107.498;
1900-01-01 19:36:27;861.0;1745660187;92.574;96.234;90.394;107.464;
1900-01-01 19:36:28;862.0;1745660188;92.52;96.165;90.355;107.464;
1900-01-01 19:36:29;863.0;1745660189;92.575;96.165;90.355;107.396;
1900-01-01 19:36:30;864.0;1745660190;92.575;96.169;90.23;107.478;
1900-01-01 19:36:31;865.0;1745660191;92.572;96.208;90.23;107.478;
1900-01-01 19:36:32;866.0;1745660192;92.605;96.208;90.246;107.533;
1900-01-01 19:36:33;867.0;1745660193;92.605;96.133;90.234;107.533;
1900-01-01 19:36:34;868.0;1745660194;92.537;96.081;90.234;107.467;
1900-01-01 19:36:35;869.0;1745660195;92.656;96.081;90.287;107.469;
1900-01-01 19:36:36;870.0;1745660196;92.656;96.213;90.332;107.458;
1900-01-01 19:36:37;871.0;1745660197;92.603;96.102;90.332;107.458;
1900-01-01 19:36:38;872.0;1745660198;92.607;96.102;90.278;107.471;
1900-01-01 19:36:39;873.0;1745660199;92.607;96.1;90.305;107.553;
1900-01-01 19:36:40;874.0;1745660200;92.58;96.088;90.305;107.553;
1900-01-01 19:36:41;875.0;1745660201;92.533;96.088;90.343;107.461;
1900-01-01 19:36:42;876.0;1745660202;92.533;96.13;90.3;107.461;
1900-01-01 19:36:43;877.0;1745660203;92.549;96.049;90.3;107.451;
1900-01-01 19:36:44;878.0;1745660204;92.505;96.049;90.379;107.476;
1900-01-01 19:36:45;879.0;1745660205;92.505;96.163;90.398;107.476;
1900-01-01 19:36:46;880.0;1745660206;92.453;96.113;90.398;107.427;
1900-01-01 19:36:47;881.0;1745660207;92.453;96.113;90.41;107.491;
1900-01-01 19:36:48;882.0;1745660208;92.441;96.061;90.381;107.491;
1900-01-01 19:36:50;883.0;1745660210;92.554;95.99;90.381;107.541;
1900-01-01 19:36:50;884.0;1745660210;92.554;95.99;90.298;107.437;
1900-01-01 19:36:51;885.0;1745660211;92.439;96.07;90.183;107.437;
1900-01-01 19:36:52;886.0;1745660212;92.456;95.877;90.183;107.514;
1900-01-01 19:36:53;887.0;1745660213;92.456;95.877;90.305;107.494;
1900-01-01 19:36:54;888.0;1745660214;92.43;95.994;90.313;107.494;
1900-01-01 19:36:55;889.0;1745660215;92.438;95.994;90.313;107.42;
1900-01-01 19:36:56;890.0;1745660216;92.438;95.95;90.333;107.49;
1900-01-01 19:36:57;891.0;1745660217;92.383;95.903;90.333;107.49;
1900-01-01 19:36:58;892.0;1745660218;92.471;95.903;90.261;107.495;
1900-01-01 19:36:59;893.0;1745660219;92.471;95.938;90.255;107.502;
1900-01-01 19:37:00;894.0;1745660220;92.471;95.891;90.255;107.502;
1900-01-01 19:37:01;895.0;1745660221;92.446;95.891;90.166;107.513;
1900-01-01 19:37:02;896.0;1745660222;92.446;95.962;90.095;107.513;
1900-01-01 19:37:03;897.0;1745660223;92.42;95.911;90.095;107.441;
1900-01-01 19:37:04;898.0;1745660224;92.435;95.911;90.107;107.501;
1900-01-01 19:37:05;899.0;1745660225;92.435;95.975;90.113;107.501;
1900-01-01 19:37:06;900.0;1745660226;92.284;95.971;90.113;107.619;
1900-01-01 19:37:07;901.0;1745660227;92.284;95.971;90.139;107.569;
1900-01-01 19:37:08;902.0;1745660228;92.329;96.013;90.115;107.569;
1900-01-01 19:37:09;903.0;1745660229;92.295;96.013;90.115;107.577;
1900-01-01 19:37:10;904.0;1745660230;92.295;95.861;90.101;107.515;
1900-01-01 19:37:11;905.0;1745660231;92.263;95.853;90.084;107.515;
1900-01-01 19:37:12;906.0;1745660232;92.255;95.853;90.084;107.489;
1900-01-01 19:37:13;907.0;1745660233;92.255;95.893;90.225;107.482;
1900-01-01 19:37:14;908.0;1745660234;92.17;95.91;90.204;107.482;
1900-01-01 19:37:15;909.0;1745660235;92.216;95.91;90.204;107.494;
1900-01-01 19:37:16;910.0;1745660236;92.216;95.823;90.123;107.532;
1900-01-01 19:37:17;911.0;1745660237;92.25;95.882;90.021;107.532;
1900-01-01 19:37:18;912.0;1745660238;92.196;95.882;90.021;107.418;
1900-01-01 19:37:19;913.0;1745660239;92.196;95.852;90.037;107.447;
1900-01-01 19:37:20;914.0;1745660240;92.255;95.9;90.158;107.447;
1900-01-01 19:37:21;915.0;1745660241;92.217;95.9;90.158;107.432;
1900-01-01 19:37:22;916.0;1745660242;92.217;95.787;90.06;107.507;
1900-01-01 19:37:23;917.0;1745660243;92.185;95.829;90.06;107.507;
1900-01-01 19:37:24;918.0;1745660244;92.138;95.829;90.08;107.635;
1900-01-01 19:37:25;919.0;1745660245;92.138;95.804;90.1;107.518;
1900-01-01 19:37:26;920.0;1745660246;92.036;95.739;90.1;107.518;
1900-01-01 19:37:27;921.0;1745660247;92.076;95.739;90.0;107.469;
1900-01-01 19:37:28;922.0;1745660248;92.076;95.823;89.926;107.469;
1900-01-01 19:37:29;923.0;1745660249;92.076;95.784;89.926;107.456;
1900-01-01 19:37:30;924.0;1745660250;92.088;95.784;89.916;107.435;
1900-01-01 19:37:31;925.0;1745660251;92.088;95.786;89.83;107.435;
1900-01-01 19:37:32;926.0;1745660252;92.039;95.806;89.83;107.537;
1900-01-01 19:37:33;927.0;1745660253;91.959;95.806;89.855;107.399;
1900-01-01 19:37:34;928.0;1745660254;91.959;95.78;89.808;107.399;
1900-01-01 19:37:35;929.0;1745660255;91.983;95.775;89.808;107.443;
1900-01-01 19:37:36;930.0;1745660256;91.983;95.775;89.913;107.471;
1900-01-01 19:37:37;931.0;1745660257;91.932;95.772;89.855;107.471;
1900-01-01 19:37:39;932.0;1745660259;91.953;95.629;89.855;107.379;
1900-01-01 19:37:39;933.0;1745660259;91.953;95.629;89.825;107.322;
1900-01-01 19:37:40;934.0;1745660260;91.878;95.729;89.741;107.322;
1900-01-01 19:37:41;935.0;1745660261;91.902;95.729;89.741;107.413;
1900-01-01 19:37:42;936.0;1745660262;91.902;95.641;89.626;107.353;
1900-01-01 19:37:43;937.0;1745660263;91.806;95.708;89.677;107.353;
1900-01-01 19:37:44;938.0;1745660264;91.91;95.708;89.677;107.364;
1900-01-01 19:37:45;939.0;1745660265;91.91;95.616;89.663;107.496;
1900-01-01 19:37:46;940.0;1745660266;91.945;95.617;89.663;107.496;
1900-01-01 19:37:47;941.0;1745660267;91.866;95.617;89.607;107.441;
1900-01-01 19:37:48;942.0;1745660268;91.866;95.628;89.633;107.495;
1900-01-01 19:37:49;943.0;1745660269;91.834;95.671;89.633;107.495;
1900-01-01 19:37:50;944.0;1745660270;91.865;95.671;89.718;107.487;
1900-01-01 19:37:51;945.0;1745660271;91.865;95.62;89.786;107.441;
1900-01-01 19:37:52;946.0;1745660272;91.858;95.659;89.786;107.441;
1900-01-01 19:37:53;947.0;1745660273;91.896;95.659;89.883;107.434;
1900-01-01 19:37:54;948.0;1745660274;91.896;95.626;89.879;107.434;
1900-01-01 19:37:55;949.0;1745660275;91.836;95.59;89.879;107.395;
1900-01-01 19:37:56;950.0;1745660276;91.972;95.59;89.95;107.402;
1900-01-01 19:37:57;951.0;1745660277;91.972;95.573;89.887;107.513;
1900-01-01 19:37:58;952.0;1745660278;91.904;95.614;89.887;107.513;
1900-01-01 19:37:59;953.0;1745660279;91.948;95.614;89.869;107.496;
1900-01-01 19:38:00;954.0;1745660280;91.948;95.592;89.777;107.457;
1900-01-01 19:38:01;955.0;1745660281;91.98;95.546;89.777;107.457;
1900-01-01 19:38:02;956.0;1745660282;91.98;95.546;89.756;107.371;
1900-01-01 19:38:03;957.0;1745660283;91.937;95.576;89.701;107.371;
1900-01-01 19:38:05;958.0;1745660285;91.808;95.455;89.701;107.365;
1900-01-01 19:38:05;959.0;1745660285;91.808;95.455;89.725;107.407;
1900-01-01 19:38:06;960.0;1745660286;91.829;95.531;89.733;107.407;
1900-01-01 19:38:07;961.0;1745660287;91.836;95.487;89.733;107.367;
1900-01-01 19:38:08;962.0;1745660288;91.836;95.487;89.751;107.434;
1900-01-01 19:38:09;963.0;1745660289;91.801;95.486;89.769;107.434;
1900-01-01 19:38:10;964.0;1745660290;91.816;95.469;89.769;107.488;
1900-01-01 19:38:12;965.0;1745660292;91.816;95.469;89.68;107.434;
1900-01-01 19:38:12;966.0;1745660292;91.774;95.421;89.572;107.434;
1900-01-01 19:38:13;967.0;1745660293;91.797;95.421;89.572;107.5;
1900-01-01 19:38:14;968.0;1745660294;91.797;95.425;89.542;107.52;
1900-01-01 19:38:15;969.0;1745660295;91.759;95.334;89.623;107.52;
1900-01-01 19:38:16;970.0;1745660296;91.816;95.334;89.623;107.479;
1900-01-01 19:38:17;971.0;1745660297;91.816;95.469;89.563;107.501;
1900-01-01 19:38:18;972.0;1745660298;91.838;95.366;89.563;107.501;
1900-01-01 19:38:19;973.0;1745660299;91.821;95.366;89.61;107.416;
1900-01-01 19:38:20;974.0;1745660300;91.821;95.317;89.65;107.416;
1900-01-01 19:38:21;975.0;1745660301;91.771;95.303;89.65;107.464;
1900-01-01 19:38:23;976.0;1745660303;91.814;95.303;89.601;107.425;
1900-01-01 19:38:23;977.0;1745660303;91.814;95.368;89.613;107.425;
1900-01-01 19:38:24;978.0;1745660304;91.712;95.428;89.613;107.473;
1900-01-01 19:38:25;979.0;1745660305;91.712;95.428;89.501;107.406;
1900-01-01 19:38:26;980.0;1745660306;91.763;95.348;89.528;107.406;
1900-01-01 19:38:27;981.0;1745660307;91.708;95.339;89.528;107.511;
1900-01-01 19:38:28;982.0;1745660308;91.708;95.339;89.448;107.431;
1900-01-01 19:38:29;983.0;1745660309;91.641;95.36;89.549;107.431;
1900-01-01 19:38:30;984.0;1745660310;91.685;95.36;89.549;107.461;
1900-01-01 19:38:31;985.0;1745660311;91.685;95.31;89.576;107.478;
1900-01-01 19:38:32;986.0;1745660312;91.662;95.292;89.576;107.478;
1900-01-01 19:38:33;987.0;1745660313;91.724;95.292;89.681;107.495;
1900-01-01 19:38:34;988.0;1745660314;91.724;95.349;89.567;107.468;
1900-01-01 19:38:35;989.0;1745660315;91.69;95.2;89.567;107.468;
1900-01-01 19:38:36;990.0;1745660316;91.751;95.2;89.508;107.469;
1900-01-01 19:38:37;991.0;1745660317;91.751;95.296;89.416;107.464;
1900-01-01 19:38:38;992.0;1745660318;91.638;95.261;89.416;107.464;
1900-01-01 19:38:39;993.0;1745660319;91.697;95.261;89.484;107.454;
1900-01-01 19:38:40;994.0;1745660320;91.697;95.208;89.484;107.461;
1900-01-01 19:38:41;995.0;1745660321;91.609;95.199;89.4;107.461;
1900-01-01 19:38:42;996.0;1745660322;91.609;95.199;89.4;107.499;
1900-01-01 19:38:43;997.0;1745660323;91.595;95.18;89.395;107.455;
1900-01-01 19:38:44;998.0;1745660324;91.6;95.086;89.395;107.455;
1900-01-01 19:38:46;999.0;1745660326;91.648;95.086;89.345;107.508;
1900-01-01 19:38:46;1000.0;1745660326;91.648;95.247;89.327;107.508;
1900-01-01 19:38:47;1001.0;1745660327;91.68;95.146;89.327;107.486;
1900-01-01 19:38:49;1002.0;1745660329;91.598;95.146;89.377;107.445;
1900-01-01 19:38:49;1003.0;1745660329;91.598;95.162;89.331;107.445;
1900-01-01 19:38:50;1004.0;1745660330;91.63;95.092;89.331;107.428;
1900-01-01 19:38:51;1005.0;1745660331;91.63;95.092;89.344;107.523;
1900-01-01 19:38:52;1006.0;1745660332;91.597;95.172;89.269;107.523;
1900-01-01 19:38:53;1007.0;1745660333;91.564;95.239;89.269;107.443;
1900-01-01 19:38:54;1008.0;1745660334;91.564;95.239;89.308;107.523;
1900-01-01 19:38:55;1009.0;1745660335;91.454;95.209;89.276;107.523;
1900-01-01 19:38:56;1010.0;1745660336;91.433;95.209;89.276;107.519;
1900-01-01 19:38:57;1011.0;1745660337;91.433;95.242;89.338;107.43;
1900-01-01 19:38:58;1012.0;1745660338;91.422;95.2;89.338;107.43;
1900-01-01 19:38:59;1013.0;1745660339;91.389;95.2;89.424;107.459;
1900-01-01 19:39:00;1014.0;1745660340;91.389;95.3;89.384;107.437;
1900-01-01 19:39:01;1015.0;1745660341;91.282;95.168;89.384;107.437;
1900-01-01 19:39:02;1016.0;1745660342;91.35;95.168;89.344;107.418;
1900-01-01 19:39:03;1017.0;1745660343;91.35;95.259;89.373;107.418;
1900-01-01 19:39:04;1018.0;1745660344;91.384;95.227;89.373;107.415;
1900-01-01 19:39:05;1019.0;1745660345;91.37;95.227;89.386;107.437;
1900-01-01 19:39:06;1020.0;1745660346;91.37;95.173;89.365;107.435;
1900-01-01 19:39:07;1021.0;1745660347;91.445;95.141;89.365;107.435;
1900-01-01 19:39:08;1022.0;1745660348;91.445;95.141;89.225;107.44;
1900-01-01 19:39:09;1023.0;1745660349;91.431;95.16;89.213;107.44;
1900-01-01 19:39:10;1024.0;1745660350;91.378;95.146;89.213;107.42;
1900-01-01 19:39:11;1025.0;1745660351;91.434;95.146;89.224;107.476;
1900-01-01 19:39:12;1026.0;1745660352;91.434;95.168;89.214;107.476;
1900-01-01 19:39:13;1027.0;1745660353;91.346;95.126;89.214;107.48;
1900-01-01 19:39:14;1028.0;1745660354;91.346;95.126;89.208;107.382;
1900-01-01 19:39:15;1029.0;1745660355;91.353;95.18;89.079;107.482;
1900-01-01 19:39:16;1030.0;1745660356;91.261;95.079;89.079;107.482;
1900-01-01 19:39:17;1031.0;1745660357;91.31;95.079;89.183;107.439;
1900-01-01 19:39:18;1032.0;1745660358;91.31;95.107;89.08;107.395;
1900-01-01 19:39:19;1033.0;1745660359;91.333;95.101;89.08;107.395;
1900-01-01 19:39:20;1034.0;1745660360;91.333;95.101;89.104;107.494;
1900-01-01 19:39:21;1035.0;1745660361;91.283;95.068;89.154;107.494;
1900-01-01 19:39:22;1036.0;1745660362;91.324;95.105;89.154;107.452;
1900-01-01 19:39:24;1037.0;1745660364;91.279;95.105;89.212;107.425;
1900-01-01 19:39:24;1038.0;1745660364;91.279;95.034;89.17;107.425;
1900-01-01 19:39:25;1039.0;1745660365;91.266;95.03;89.17;107.498;
1900-01-01 19:39:26;1040.0;1745660366;91.175;95.03;89.071;107.519;
1900-01-01 19:39:27;1041.0;1745660367;91.175;95.01;89.137;107.519;
1900-01-01 19:39:28;1042.0;1745660368;91.163;95.036;89.137;107.522;
1900-01-01 19:39:29;1043.0;1745660369;91.163;95.036;89.139;107.441;
1900-01-01 19:39:30;1044.0;1745660370;91.165;95.038;89.218;107.441;
1900-01-01 19:39:31;1045.0;1745660371;91.087;95.038;89.218;107.426;
1900-01-01 19:39:32;1046.0;1745660372;91.087;95.014;89.203;107.46;
1900-01-01 19:39:33;1047.0;1745660373;91.114;94.989;89.125;107.46;
1900-01-01 19:39:34;1048.0;1745660374;91.116;94.989;89.125;107.494;
1900-01-01 19:39:35;1049.0;1745660375;91.116;94.97;89.097;107.416;
1900-01-01 19:39:36;1050.0;1745660376;91.073;94.986;89.073;107.416;
1900-01-01 19:39:37;1051.0;1745660377;91.056;94.986;89.073;107.456;
1900-01-01 19:39:38;1052.0;1745660378;91.056;94.942;89.046;107.511;
1900-01-01 19:39:39;1053.0;1745660379;91.0;94.933;89.046;107.511;
1900-01-01 19:39:40;1054.0;1745660380;90.939;94.933;89.03;107.53;
1900-01-01 19:39:41;1055.0;1745660381;90.939;94.962;89.068;107.507;
1900-01-01 19:39:42;1056.0;1745660382;90.932;94.91;89.013;107.507;
1900-01-01 19:39:43;1057.0;1745660383;90.917;94.91;89.013;107.524;
1900-01-01 19:39:44;1058.0;1745660384;90.917;94.823;89.036;107.552;
1900-01-01 19:39:45;1059.0;1745660385;90.859;94.891;89.036;107.552;
1900-01-01 19:39:46;1060.0;1745660386;90.859;94.891;88.981;107.475;
1900-01-01 19:39:47;1061.0;1745660387;90.836;94.804;88.926;107.381;
1900-01-01 19:39:49;1062.0;1745660389;90.875;94.811;88.926;107.381;
1900-01-01 19:39:49;1063.0;1745660389;90.875;94.811;88.955;107.489;
1900-01-01 19:39:50;1064.0;1745660390;90.852;94.753;88.932;107.489;
1900-01-01 19:39:51;1065.0;1745660391;90.892;94.753;88.932;107.343;
1900-01-01 19:39:52;1066.0;1745660392;90.892;94.802;88.997;107.275;
1900-01-01 19:39:53;1067.0;1745660393;90.899;94.778;88.89;107.275;
1900-01-01 19:39:54;1068.0;1745660394;90.902;94.778;88.89;107.468;
1900-01-01 19:39:55;1069.0;1745660395;90.902;94.77;89.007;107.381;
1900-01-01 19:39:56;1070.0;1745660396;90.842;94.735;88.944;107.381;
1900-01-01 19:39:57;1071.0;1745660397;90.948;94.735;88.944;107.381;
1900-01-01 19:39:58;1072.0;1745660398;90.948;94.731;88.901;107.462;
1900-01-01 19:39:59;1073.0;1745660399;90.896;94.699;88.667;107.462;
1900-01-01 19:40:00;1074.0;1745660400;90.913;94.699;88.667;107.46;
1900-01-01 19:40:01;1075.0;1745660401;90.913;94.802;88.675;107.525;
1900-01-01 19:40:02;1076.0;1745660402;90.902;94.641;88.563;107.525;
1900-01-01 19:40:03;1077.0;1745660403;90.902;94.641;88.563;107.449;
1900-01-01 19:40:04;1078.0;1745660404;90.924;94.613;88.584;107.498;
1900-01-01 19:40:05;1079.0;1745660405;90.858;94.674;88.584;107.498;
1900-01-01 19:40:06;1080.0;1745660406;90.858;94.674;88.779;107.409;
1900-01-01 19:40:07;1081.0;1745660407;90.888;94.67;88.79;107.372;
1900-01-01 19:40:08;1082.0;1745660408;90.82;94.592;88.79;107.372;
1900-01-01 19:40:09;1083.0;1745660409;90.82;94.592;88.805;107.485;
1900-01-01 19:40:10;1084.0;1745660410;90.846;94.644;88.822;107.485;
1900-01-01 19:40:11;1085.0;1745660411;90.79;94.502;88.822;107.526;
1900-01-01 19:40:12;1086.0;1745660412;90.79;94.502;88.87;107.39;
1900-01-01 19:40:13;1087.0;1745660413;90.844;94.592;88.791;107.39;
1900-01-01 19:40:14;1088.0;1745660414;90.832;94.592;88.791;107.406;
1900-01-01 19:40:15;1089.0;1745660415;90.832;94.527;88.866;107.416;
1900-01-01 19:40:16;1090.0;1745660416;90.822;94.531;88.935;107.416;
1900-01-01 19:40:17;1091.0;1745660417;90.768;94.531;88.935;107.42;
1900-01-01 19:40:18;1092.0;1745660418;90.768;94.555;88.93;107.383;
1900-01-01 19:40:19;1093.0;1745660419;90.77;94.571;88.902;107.383;
1900-01-01 19:40:20;1094.0;1745660420;90.747;94.55;88.902;107.339;
1900-01-01 19:40:21;1095.0;1745660421;90.747;94.55;88.873;107.398;
1900-01-01 19:40:22;1096.0;1745660422;90.801;94.443;88.879;107.398;
1900-01-01 19:40:23;1097.0;1745660423;90.693;94.443;88.879;107.465;
1900-01-01 19:40:24;1098.0;1745660424;90.693;94.484;88.716;107.312;
1900-01-01 19:40:25;1099.0;1745660425;90.729;94.484;88.716;107.312;
1900-01-01 19:40:26;1100.0;1745660426;90.659;94.484;88.677;107.392;
1900-01-01 19:40:27;1101.0;1745660427;90.659;94.522;88.539;107.406;
1900-01-01 19:40:28;1102.0;1745660428;90.695;94.534;88.539;107.406;
1900-01-01 19:40:29;1103.0;1745660429;90.695;94.534;88.532;107.393;
1900-01-01 19:40:30;1104.0;1745660430;90.619;94.51;88.47;107.453;
1900-01-01 19:40:31;1105.0;1745660431;90.68;94.51;88.47;107.453;
1900-01-01 19:40:32;1106.0;1745660432;90.68;94.478;88.532;107.451;
1900-01-01 19:40:33;1107.0;1745660433;90.623;94.451;88.435;107.451;
1900-01-01 19:40:34;1108.0;1745660434;90.693;94.451;88.435;107.445;
1900-01-01 19:40:35;1109.0;1745660435;90.693;94.559;88.438;107.417;
1900-01-01 19:40:36;1110.0;1745660436;90.638;94.541;88.355;107.417;
1900-01-01 19:40:37;1111.0;1745660437;90.593;94.541;88.355;107.413;
1900-01-01 19:40:38;1112.0;1745660438;90.593;94.551;88.368;107.485;
1900-01-01 19:40:39;1113.0;1745660439;90.405;94.521;88.204;107.485;
1900-01-01 19:40:40;1114.0;1745660440;90.47;94.521;88.204;107.364;
1900-01-01 19:40:41;1115.0;1745660441;90.47;94.53;88.239;107.432;
1900-01-01 19:40:42;1116.0;1745660442;90.343;94.544;88.239;107.432;
1900-01-01 19:40:43;1117.0;1745660443;90.332;94.544;88.336;107.404;
1900-01-01 19:40:44;1118.0;1745660444;90.332;94.408;88.292;107.37;
1900-01-01 19:40:45;1119.0;1745660445;90.305;94.4;88.285;107.37;
1900-01-01 19:40:46;1120.0;1745660446;90.164;94.4;88.285;107.41;
1900-01-01 19:40:47;1121.0;1745660447;90.164;94.386;88.297;107.468;
1900-01-01 19:40:48;1122.0;1745660448;90.235;94.426;88.297;107.468;
1900-01-01 19:40:49;1123.0;1745660449;90.172;94.426;88.259;107.412;
1900-01-01 19:40:50;1124.0;1745660450;90.172;94.472;88.315;107.451;
1900-01-01 19:40:51;1125.0;1745660451;90.129;94.415;88.315;107.451;
1900-01-01 19:40:52;1126.0;1745660452;90.071;94.415;88.345;107.439;
1900-01-01 19:40:53;1127.0;1745660453;90.071;94.534;88.323;107.498;
1900-01-01 19:40:54;1128.0;1745660454;90.173;94.507;88.323;107.498;
1900-01-01 19:40:55;1129.0;1745660455;90.173;94.507;88.3;107.409;
1900-01-01 19:40:57;1130.0;1745660457;90.09;94.416;88.244;107.367;
1900-01-01 19:40:57;1131.0;1745660457;90.13;94.443;88.244;107.367;
1900-01-01 19:40:58;1132.0;1745660458;90.13;94.443;88.254;107.409;
1900-01-01 19:40:59;1133.0;1745660459;90.072;94.42;88.197;107.409;
1900-01-01 19:41:00;1134.0;1745660460;90.081;94.42;88.197;107.424;
1900-01-01 19:41:01;1135.0;1745660461;90.081;94.413;88.133;107.441;
1900-01-01 19:41:02;1136.0;1745660462;90.087;94.394;88.133;107.441;
1900-01-01 19:41:03;1137.0;1745660463;90.038;94.394;88.065;107.415;
1900-01-01 19:41:04;1138.0;1745660464;90.038;94.412;88.128;107.394;
1900-01-01 19:41:05;1139.0;1745660465;90.001;94.327;88.082;107.394;
1900-01-01 19:41:06;1140.0;1745660466;89.919;94.327;88.082;107.434;
1900-01-01 19:41:07;1141.0;1745660467;89.919;94.316;88.168;107.473;
1900-01-01 19:41:09;1142.0;1745660469;89.973;94.296;88.113;107.473;
1900-01-01 19:41:09;1143.0;1745660469;89.838;94.296;88.113;107.46;
1900-01-01 19:41:10;1144.0;1745660470;89.838;94.303;88.244;107.501;
1900-01-01 19:41:11;1145.0;1745660471;89.839;94.308;88.244;107.501;
1900-01-01 19:41:12;1146.0;1745660472;89.839;94.308;88.272;107.542;
1900-01-01 19:41:13;1147.0;1745660473;89.698;94.321;88.364;107.432;
1900-01-01 19:41:14;1148.0;1745660474;89.65;94.296;88.364;107.432;
1900-01-01 19:41:15;1149.0;1745660475;89.65;94.296;88.361;107.425;
1900-01-01 19:41:16;1150.0;1745660476;89.612;94.292;88.329;107.425;
1900-01-01 19:41:17;1151.0;1745660477;89.573;94.257;88.329;107.444;
1900-01-01 19:41:19;1152.0;1745660479;89.576;94.257;88.319;107.373;
1900-01-01 19:41:19;1153.0;1745660479;89.576;94.185;88.265;107.373;
1900-01-01 19:41:20;1154.0;1745660480;89.468;94.263;88.265;107.482;
1900-01-01 19:41:21;1155.0;1745660481;89.468;94.263;88.222;107.382;
1900-01-01 19:41:22;1156.0;1745660482;89.437;94.214;88.213;107.382;
1900-01-01 19:41:23;1157.0;1745660483;89.481;94.221;88.213;107.381;
1900-01-01 19:41:24;1158.0;1745660484;89.481;94.221;88.122;107.439;
1900-01-01 19:41:25;1159.0;1745660485;89.492;94.217;88.16;107.439;
1900-01-01 19:41:26;1160.0;1745660486;89.372;94.217;88.16;107.419;
1900-01-01 19:41:27;1161.0;1745660487;89.372;94.147;88.144;107.44;
1900-01-01 19:41:28;1162.0;1745660488;89.412;94.221;88.121;107.44;
1900-01-01 19:41:29;1163.0;1745660489;89.371;94.221;88.121;107.383;
1900-01-01 19:41:30;1164.0;1745660490;89.371;94.22;88.169;107.423;
1900-01-01 19:41:31;1165.0;1745660491;89.475;94.182;88.199;107.423;
1900-01-01 19:41:33;1166.0;1745660493;89.389;94.185;88.199;107.455;
1900-01-01 19:41:33;1167.0;1745660493;89.389;94.185;88.164;107.434;
1900-01-01 19:41:34;1168.0;1745660494;89.37;94.135;88.152;107.434;
1900-01-01 19:41:35;1169.0;1745660495;89.393;94.135;88.152;107.512;
1900-01-01 19:41:36;1170.0;1745660496;89.393;94.086;88.144;107.426;
1900-01-01 19:41:37;1171.0;1745660497;89.352;94.165;88.144;107.426;
1900-01-01 19:41:38;1172.0;1745660498;89.454;94.165;88.087;107.403;
1900-01-01 19:41:40;1173.0;1745660500;89.454;94.103;88.11;107.411;
1900-01-01 19:41:40;1174.0;1745660500;89.463;94.174;88.11;107.411;
1900-01-01 19:41:41;1175.0;1745660501;89.41;94.174;88.162;107.421;
1900-01-01 19:41:42;1176.0;1745660502;89.41;94.055;88.053;107.421;
1900-01-01 19:41:43;1177.0;1745660503;89.426;94.051;88.053;107.421;
1900-01-01 19:41:44;1178.0;1745660504;89.426;94.051;88.072;107.462;
1900-01-01 19:41:45;1179.0;1745660505;89.379;94.057;88.122;107.398;
1900-01-01 19:41:46;1180.0;1745660506;89.377;94.062;88.122;107.398;
1900-01-01 19:41:47;1181.0;1745660507;89.377;94.062;88.035;107.467;
1900-01-01 19:41:48;1182.0;1745660508;89.306;94.018;87.997;107.467;
1900-01-01 19:41:49;1183.0;1745660509;89.296;94.002;87.997;107.485;
1900-01-01 19:41:50;1184.0;1745660510;89.296;94.002;88.023;107.414;
1900-01-01 19:41:51;1185.0;1745660511;89.252;93.938;87.996;107.414;
1900-01-01 19:41:52;1186.0;1745660512;89.285;93.938;87.996;107.53;
1900-01-01 19:41:53;1187.0;1745660513;89.285;93.935;87.88;107.445;
1900-01-01 19:41:54;1188.0;1745660514;89.251;93.915;87.912;107.445;
1900-01-01 19:41:55;1189.0;1745660515;89.233;93.915;87.912;107.397;
1900-01-01 19:41:56;1190.0;1745660516;89.233;93.875;87.882;107.335;
1900-01-01 19:41:57;1191.0;1745660517;89.207;93.869;87.873;107.335;
1900-01-01 19:41:58;1192.0;1745660518;89.124;93.868;87.873;107.459;
1900-01-01 19:41:59;1193.0;1745660519;89.124;93.868;87.896;107.48;
1900-01-01 19:42:00;1194.0;1745660520;89.172;93.86;87.777;107.48;
1900-01-01 19:42:01;1195.0;1745660521;89.125;93.86;87.777;107.443;
1900-01-01 19:42:02;1196.0;1745660522;89.125;93.842;87.76;107.359;
1900-01-01 19:42:03;1197.0;1745660523;89.117;93.914;87.733;107.359;
1900-01-01 19:42:04;1198.0;1745660524;89.155;93.914;87.733;107.327;
1900-01-01 19:42:05;1199.0;1745660525;89.155;93.834;87.701;107.414;
1900-01-01 19:42:06;1200.0;1745660526;89.045;93.905;87.701;107.414;
