Time;Seconds from start for linreg;Unix Time;ch1 po2;ch2 po2;ch3 po2;ch4 po2;
1900-01-01 00:22:08;1.0;1745677328;100.017;102.215;96.879;103.357;
1900-01-01 00:22:09;2.0;1745677329;100.017;102.226;96.945;103.338;
1900-01-01 00:22:10;3.0;1745677330;99.946;102.125;96.994;103.338;
1900-01-01 00:22:11;4.0;1745677331;100.003;102.125;96.994;103.288;
1900-01-01 00:22:12;5.0;1745677332;100.003;102.153;97.052;103.338;
1900-01-01 00:22:13;6.0;1745677333;99.875;102.251;97.097;103.338;
1900-01-01 00:22:14;7.0;1745677334;100.006;102.251;97.097;103.254;
1900-01-01 00:22:15;8.0;1745677335;100.006;102.263;97.116;103.299;
1900-01-01 00:22:16;9.0;1745677336;99.895;102.274;97.116;103.299;
1900-01-01 00:22:17;10.0;1745677337;99.983;102.274;97.096;103.333;
1900-01-01 00:22:18;11.0;1745677338;99.983;102.278;97.159;103.346;
1900-01-01 00:22:19;12.0;1745677339;99.924;102.25;97.159;103.346;
1900-01-01 00:22:20;13.0;1745677340;99.873;102.25;97.105;103.31;
1900-01-01 00:22:21;14.0;1745677341;99.873;102.252;97.103;103.321;
1900-01-01 00:22:22;15.0;1745677342;99.876;102.31;97.103;103.321;
1900-01-01 00:22:23;16.0;1745677343;99.898;102.31;97.067;103.364;
1900-01-01 00:22:24;17.0;1745677344;99.898;102.278;97.041;103.289;
1900-01-01 00:22:25;18.0;1745677345;99.982;102.278;97.041;103.289;
1900-01-01 00:22:27;19.0;1745677347;99.899;102.278;97.046;103.36;
1900-01-01 00:22:27;20.0;1745677347;99.899;102.27;97.004;103.26;
1900-01-01 00:22:28;21.0;1745677348;99.911;102.217;97.004;103.26;
1900-01-01 00:22:29;22.0;1745677349;99.932;102.217;97.055;103.345;
1900-01-01 00:22:30;23.0;1745677350;99.932;102.258;97.027;103.345;
1900-01-01 00:22:31;24.0;1745677351;99.96;102.159;97.027;103.329;
1900-01-01 00:22:32;25.0;1745677352;100.0;102.159;96.988;103.22;
1900-01-01 00:22:33;26.0;1745677353;100.0;102.293;97.019;103.22;
1900-01-01 00:22:34;27.0;1745677354;100.064;102.293;97.019;103.348;
1900-01-01 00:22:35;28.0;1745677355;100.064;102.226;97.204;103.244;
1900-01-01 00:22:36;29.0;1745677356;99.953;102.312;97.158;103.244;
1900-01-01 00:22:37;30.0;1745677357;99.998;102.312;97.158;103.314;
1900-01-01 00:22:38;31.0;1745677358;99.998;102.226;97.106;103.397;
1900-01-01 00:22:39;32.0;1745677359;100.036;102.249;97.115;103.397;
1900-01-01 00:22:40;33.0;1745677360;100.072;102.249;97.115;103.33;
1900-01-01 00:22:41;34.0;1745677361;100.072;102.292;97.23;103.193;
1900-01-01 00:22:42;35.0;1745677362;99.991;102.252;97.275;103.193;
1900-01-01 00:22:43;36.0;1745677363;100.04;102.252;97.275;103.271;
1900-01-01 00:22:44;37.0;1745677364;100.04;102.24;97.287;103.327;
1900-01-01 00:22:46;38.0;1745677366;100.038;102.222;97.124;103.327;
1900-01-01 00:22:46;39.0;1745677366;100.038;102.222;97.124;103.351;
1900-01-01 00:22:47;40.0;1745677367;99.998;102.264;96.996;103.298;
1900-01-01 00:22:48;41.0;1745677368;99.985;102.301;96.996;103.298;
1900-01-01 00:22:49;42.0;1745677369;99.985;102.301;96.782;103.433;
1900-01-01 00:22:50;43.0;1745677370;99.972;102.305;96.747;103.318;
1900-01-01 00:22:51;44.0;1745677371;100.0;102.305;96.747;103.318;
1900-01-01 00:22:52;45.0;1745677372;100.0;102.207;96.783;103.341;
1900-01-01 00:22:53;46.0;1745677373;100.1;102.263;96.772;103.341;
1900-01-01 00:22:54;47.0;1745677374;100.015;102.209;96.772;103.303;
1900-01-01 00:22:55;48.0;1745677375;100.015;102.209;96.802;103.379;
1900-01-01 00:22:56;49.0;1745677376;99.978;102.224;96.762;103.379;
1900-01-01 00:22:57;50.0;1745677377;99.984;102.177;96.762;103.361;
1900-01-01 00:22:58;51.0;1745677378;99.984;102.177;96.71;103.3;
1900-01-01 00:22:59;52.0;1745677379;100.008;102.209;96.662;103.3;
1900-01-01 00:23:00;53.0;1745677380;99.969;102.209;96.662;103.361;
1900-01-01 00:23:01;54.0;1745677381;99.969;102.181;96.625;103.346;
1900-01-01 00:23:02;55.0;1745677382;99.894;102.198;96.625;103.346;
1900-01-01 00:23:03;56.0;1745677383;99.972;102.198;96.718;103.349;
1900-01-01 00:23:04;57.0;1745677384;99.972;102.165;96.861;103.29;
1900-01-01 00:23:05;58.0;1745677385;99.836;102.215;96.861;103.29;
1900-01-01 00:23:06;59.0;1745677386;99.878;102.215;96.893;103.307;
1900-01-01 00:23:07;60.0;1745677387;99.878;102.255;96.99;103.339;
1900-01-01 00:23:08;61.0;1745677388;99.861;102.223;96.99;103.339;
1900-01-01 00:23:09;62.0;1745677389;99.861;102.223;96.904;103.355;
1900-01-01 00:23:10;63.0;1745677390;99.792;102.218;96.827;103.471;
1900-01-01 00:23:11;64.0;1745677391;99.796;102.218;96.827;103.471;
1900-01-01 00:23:12;65.0;1745677392;99.796;102.288;96.794;103.366;
1900-01-01 00:23:13;66.0;1745677393;99.73;102.249;96.804;103.366;
1900-01-01 00:23:14;67.0;1745677394;99.764;102.249;96.804;103.342;
1900-01-01 00:23:15;68.0;1745677395;99.764;102.247;96.803;103.458;
1900-01-01 00:23:16;69.0;1745677396;99.702;102.28;96.775;103.458;
1900-01-01 00:23:17;70.0;1745677397;99.708;102.28;96.775;103.412;
1900-01-01 00:23:18;71.0;1745677398;99.708;102.126;96.7;103.423;
1900-01-01 00:23:19;72.0;1745677399;99.613;102.185;96.698;103.423;
1900-01-01 00:23:20;73.0;1745677400;99.605;102.185;96.698;103.318;
1900-01-01 00:23:21;74.0;1745677401;99.605;102.158;96.691;103.283;
1900-01-01 00:23:22;75.0;1745677402;99.587;102.167;96.691;103.283;
1900-01-01 00:23:23;76.0;1745677403;99.563;102.167;96.694;103.355;
1900-01-01 00:23:24;77.0;1745677404;99.563;102.103;96.764;103.355;
1900-01-01 00:23:25;78.0;1745677405;99.588;102.087;96.764;103.353;
1900-01-01 00:23:26;79.0;1745677406;99.556;102.087;96.758;103.373;
1900-01-01 00:23:27;80.0;1745677407;99.556;102.084;96.776;103.373;
1900-01-01 00:23:28;81.0;1745677408;99.495;102.122;96.776;103.408;
1900-01-01 00:23:29;82.0;1745677409;99.495;102.122;96.751;103.368;
1900-01-01 00:23:30;83.0;1745677410;99.451;102.092;96.678;103.368;
1900-01-01 00:23:31;84.0;1745677411;99.55;102.105;96.678;103.308;
1900-01-01 00:23:32;85.0;1745677412;99.55;102.105;96.725;103.407;
1900-01-01 00:23:33;86.0;1745677413;99.513;102.168;96.674;103.407;
1900-01-01 00:23:34;87.0;1745677414;99.388;102.011;96.674;103.359;
1900-01-01 00:23:35;88.0;1745677415;99.388;102.011;96.692;103.294;
1900-01-01 00:23:36;89.0;1745677416;99.419;102.131;96.629;103.294;
1900-01-01 00:23:37;90.0;1745677417;99.54;102.06;96.629;103.353;
1900-01-01 00:23:38;91.0;1745677418;99.54;102.06;96.652;103.411;
1900-01-01 00:23:39;92.0;1745677419;99.51;101.991;96.554;103.411;
1900-01-01 00:23:40;93.0;1745677420;99.505;101.991;96.554;103.419;
1900-01-01 00:23:41;94.0;1745677421;99.505;102.057;96.565;103.358;
1900-01-01 00:23:42;95.0;1745677422;99.61;102.1;96.565;103.358;
1900-01-01 00:23:43;96.0;1745677423;99.564;102.1;96.468;103.405;
1900-01-01 00:23:44;97.0;1745677424;99.564;102.027;96.545;103.405;
1900-01-01 00:23:45;98.0;1745677425;99.523;102.062;96.545;103.45;
1900-01-01 00:23:46;99.0;1745677426;99.483;102.062;96.533;103.332;
1900-01-01 00:23:47;100.0;1745677427;99.483;102.132;96.632;103.332;
1900-01-01 00:23:48;101.0;1745677428;99.483;102.121;96.632;103.302;
1900-01-01 00:23:50;102.0;1745677430;99.374;102.121;96.603;103.325;
1900-01-01 00:23:50;103.0;1745677430;99.374;102.071;96.504;103.325;
1900-01-01 00:23:51;104.0;1745677431;99.326;102.049;96.504;103.361;
1900-01-01 00:23:52;105.0;1745677432;99.326;102.049;96.416;103.418;
1900-01-01 00:23:53;106.0;1745677433;99.363;102.083;96.433;103.418;
1900-01-01 00:23:54;107.0;1745677434;99.343;102.042;96.433;103.372;
1900-01-01 00:23:55;108.0;1745677435;99.343;102.042;96.375;103.279;
1900-01-01 00:23:56;109.0;1745677436;99.438;102.043;96.427;103.279;
1900-01-01 00:23:57;110.0;1745677437;99.483;102.043;96.427;103.224;
1900-01-01 00:23:58;111.0;1745677438;99.483;102.046;96.465;103.279;
1900-01-01 00:23:59;112.0;1745677439;99.457;102.104;96.465;103.279;
1900-01-01 00:24:00;113.0;1745677440;99.465;102.104;96.383;103.257;
1900-01-01 00:24:01;114.0;1745677441;99.465;102.071;96.407;103.456;
1900-01-01 00:24:02;115.0;1745677442;99.485;102.032;96.407;103.456;
1900-01-01 00:24:03;116.0;1745677443;99.485;102.032;96.454;103.35;
1900-01-01 00:24:04;117.0;1745677444;99.478;101.981;96.433;103.36;
1900-01-01 00:24:05;118.0;1745677445;99.412;102.051;96.433;103.36;
1900-01-01 00:24:06;119.0;1745677446;99.412;102.051;96.387;103.408;
1900-01-01 00:24:07;120.0;1745677447;99.399;101.991;96.403;103.408;
1900-01-01 00:24:08;121.0;1745677448;99.397;102.027;96.403;103.406;
1900-01-01 00:24:09;122.0;1745677449;99.339;102.027;96.405;103.32;
1900-01-01 00:24:10;123.0;1745677450;99.339;102.087;96.467;103.354;
1900-01-01 00:24:11;124.0;1745677451;99.288;102.0;96.467;103.354;
1900-01-01 00:24:12;125.0;1745677452;99.288;102.0;96.499;103.398;
1900-01-01 00:24:13;126.0;1745677453;99.218;102.082;96.46;103.398;
1900-01-01 00:24:14;127.0;1745677454;99.243;101.983;96.46;103.338;
1900-01-01 00:24:15;128.0;1745677455;99.243;101.983;96.508;103.32;
1900-01-01 00:24:16;129.0;1745677456;99.284;102.076;96.595;103.32;
1900-01-01 00:24:17;130.0;1745677457;99.304;102.068;96.595;103.343;
1900-01-01 00:24:18;131.0;1745677458;99.304;102.068;96.524;103.343;
1900-01-01 00:24:19;132.0;1745677459;99.338;102.02;96.572;103.456;
1900-01-01 00:24:21;133.0;1745677461;99.255;102.045;96.572;103.456;
1900-01-01 00:24:21;134.0;1745677461;99.255;102.045;96.573;103.383;
1900-01-01 00:24:22;135.0;1745677462;99.267;102.128;96.518;103.383;
1900-01-01 00:24:23;136.0;1745677463;99.261;101.995;96.518;103.32;
1900-01-01 00:24:24;137.0;1745677464;99.261;101.995;96.529;103.424;
1900-01-01 00:24:25;138.0;1745677465;99.305;102.017;96.49;103.424;
1900-01-01 00:24:26;139.0;1745677466;99.268;102.017;96.49;103.458;
1900-01-01 00:24:27;140.0;1745677467;99.268;101.956;96.558;103.377;
1900-01-01 00:24:28;141.0;1745677468;99.244;102.023;96.545;103.377;
1900-01-01 00:24:30;142.0;1745677470;99.212;102.04;96.545;103.433;
1900-01-01 00:24:30;143.0;1745677470;99.212;102.04;96.458;103.363;
1900-01-01 00:24:31;144.0;1745677471;99.248;102.015;96.338;103.363;
1900-01-01 00:24:32;145.0;1745677472;99.189;102.015;96.338;103.352;
1900-01-01 00:24:33;146.0;1745677473;99.189;102.069;96.213;103.293;
1900-01-01 00:24:34;147.0;1745677474;99.151;102.101;96.213;103.293;
1900-01-01 00:24:35;148.0;1745677475;99.187;102.101;96.177;103.304;
1900-01-01 00:24:36;149.0;1745677476;99.187;102.131;96.132;103.294;
1900-01-01 00:24:37;150.0;1745677477;99.259;102.105;96.205;103.294;
1900-01-01 00:24:38;151.0;1745677478;99.268;102.105;96.205;103.303;
1900-01-01 00:24:39;152.0;1745677479;99.268;102.057;96.146;103.338;
1900-01-01 00:24:40;153.0;1745677480;99.265;101.991;96.146;103.338;
1900-01-01 00:24:41;154.0;1745677481;99.25;101.991;96.236;103.361;
1900-01-01 00:24:42;155.0;1745677482;99.25;101.992;96.24;103.361;
1900-01-01 00:24:43;156.0;1745677483;99.274;102.052;96.24;103.353;
1900-01-01 00:24:44;157.0;1745677484;99.296;102.052;96.316;103.336;
1900-01-01 00:24:45;158.0;1745677485;99.296;101.946;96.24;103.384;
1900-01-01 00:24:46;159.0;1745677486;99.218;101.902;96.24;103.384;
1900-01-01 00:24:47;160.0;1745677487;99.218;101.902;96.175;103.28;
1900-01-01 00:24:48;161.0;1745677488;99.292;102.004;96.081;103.28;
1900-01-01 00:24:49;162.0;1745677489;99.217;102.004;96.081;103.367;
1900-01-01 00:24:50;163.0;1745677490;99.217;101.938;96.097;103.366;
1900-01-01 00:24:51;164.0;1745677491;99.211;101.962;96.005;103.366;
1900-01-01 00:24:52;165.0;1745677492;99.177;101.962;96.005;103.335;
1900-01-01 00:24:53;166.0;1745677493;99.177;101.985;96.018;103.361;
1900-01-01 00:24:54;167.0;1745677494;99.092;101.954;96.018;103.361;
1900-01-01 00:24:55;168.0;1745677495;99.127;101.954;96.011;103.383;
1900-01-01 00:24:56;169.0;1745677496;99.127;101.916;96.01;103.436;
1900-01-01 00:24:57;170.0;1745677497;99.102;101.966;96.01;103.436;
1900-01-01 00:24:58;171.0;1745677498;99.07;101.966;96.093;103.3;
1900-01-01 00:24:59;172.0;1745677499;99.07;101.903;96.034;103.37;
1900-01-01 00:25:00;173.0;1745677500;99.118;101.936;96.034;103.37;
1900-01-01 00:25:02;174.0;1745677502;99.04;101.936;96.168;103.435;
1900-01-01 00:25:02;175.0;1745677502;99.04;101.936;96.193;103.459;
1900-01-01 00:25:03;176.0;1745677503;99.116;101.949;96.193;103.459;
1900-01-01 00:25:04;177.0;1745677504;99.11;101.949;96.22;103.404;
1900-01-01 00:25:05;178.0;1745677505;99.11;101.83;96.212;103.404;
1900-01-01 00:25:06;179.0;1745677506;99.089;101.935;96.212;103.401;
1900-01-01 00:25:07;180.0;1745677507;99.089;101.935;96.155;103.438;
1900-01-01 00:25:08;181.0;1745677508;99.082;101.974;96.131;103.392;
1900-01-01 00:25:09;182.0;1745677509;99.06;101.974;96.131;103.392;
1900-01-01 00:25:10;183.0;1745677510;99.06;101.973;96.156;103.448;
1900-01-01 00:25:11;184.0;1745677511;99.022;101.918;96.114;103.448;
1900-01-01 00:25:12;185.0;1745677512;98.977;101.939;96.114;103.425;
1900-01-01 00:25:13;186.0;1745677513;98.977;101.939;96.129;103.464;
1900-01-01 00:25:14;187.0;1745677514;99.009;101.931;96.097;103.464;
1900-01-01 00:25:15;188.0;1745677515;98.908;101.889;96.097;103.465;
1900-01-01 00:25:16;189.0;1745677516;98.908;101.889;96.159;103.499;
1900-01-01 00:25:17;190.0;1745677517;98.872;101.96;96.08;103.499;
1900-01-01 00:25:18;191.0;1745677518;98.837;101.96;96.08;103.43;
1900-01-01 00:25:19;192.0;1745677519;98.837;101.946;96.066;103.439;
1900-01-01 00:25:20;193.0;1745677520;98.805;101.884;96.0;103.439;
1900-01-01 00:25:21;194.0;1745677521;98.775;101.884;96.0;103.442;
1900-01-01 00:25:22;195.0;1745677522;98.775;101.851;96.092;103.378;
1900-01-01 00:25:23;196.0;1745677523;98.643;101.908;96.092;103.378;
1900-01-01 00:25:24;197.0;1745677524;98.643;101.908;96.059;103.416;
1900-01-01 00:25:25;198.0;1745677525;98.611;101.896;96.237;103.406;
1900-01-01 00:25:26;199.0;1745677526;98.742;101.791;96.237;103.406;
1900-01-01 00:25:27;200.0;1745677527;98.742;101.791;96.191;103.34;
1900-01-01 00:25:28;201.0;1745677528;98.693;101.819;96.156;103.34;
1900-01-01 00:25:29;202.0;1745677529;98.753;101.865;96.156;103.331;
1900-01-01 00:25:30;203.0;1745677530;98.753;101.865;96.007;103.343;
1900-01-01 00:25:31;204.0;1745677531;98.831;101.84;95.956;103.343;
1900-01-01 00:25:32;205.0;1745677532;98.816;101.791;95.956;103.326;
1900-01-01 00:25:33;206.0;1745677533;98.816;101.791;95.918;103.351;
1900-01-01 00:25:34;207.0;1745677534;98.916;101.717;95.961;103.351;
1900-01-01 00:25:35;208.0;1745677535;98.882;101.717;95.961;103.368;
1900-01-01 00:25:36;209.0;1745677536;98.882;101.729;95.976;103.37;
1900-01-01 00:25:37;210.0;1745677537;98.844;101.793;95.976;103.37;
1900-01-01 00:25:38;211.0;1745677538;98.79;101.793;95.958;103.269;
1900-01-01 00:25:39;212.0;1745677539;98.79;101.701;95.943;103.38;
1900-01-01 00:25:40;213.0;1745677540;98.826;101.721;95.943;103.38;
1900-01-01 00:25:41;214.0;1745677541;98.864;101.721;95.978;103.397;
1900-01-01 00:25:42;215.0;1745677542;98.864;101.833;96.0;103.384;
1900-01-01 00:25:43;216.0;1745677543;98.867;101.746;96.0;103.384;
1900-01-01 00:25:44;217.0;1745677544;98.867;101.746;95.963;103.268;
1900-01-01 00:25:45;218.0;1745677545;98.838;101.794;95.935;103.268;
1900-01-01 00:25:46;219.0;1745677546;98.834;101.838;95.935;103.421;
1900-01-01 00:25:48;220.0;1745677548;98.854;101.838;95.833;103.296;
1900-01-01 00:25:48;221.0;1745677548;98.854;101.825;95.759;103.296;
1900-01-01 00:25:49;222.0;1745677549;98.86;101.807;95.759;103.294;
1900-01-01 00:25:50;223.0;1745677550;98.86;101.807;95.725;103.381;
1900-01-01 00:25:51;224.0;1745677551;98.707;101.823;95.69;103.381;
1900-01-01 00:25:52;225.0;1745677552;98.809;101.823;95.69;103.36;
1900-01-01 00:25:53;226.0;1745677553;98.809;101.794;95.687;103.379;
1900-01-01 00:25:54;227.0;1745677554;98.77;101.846;95.675;103.379;
1900-01-01 00:25:55;228.0;1745677555;98.741;101.846;95.675;103.273;
1900-01-01 00:25:56;229.0;1745677556;98.741;101.865;95.703;103.403;
1900-01-01 00:25:57;230.0;1745677557;98.666;101.863;95.778;103.403;
1900-01-01 00:25:59;231.0;1745677559;98.655;101.863;95.778;103.457;
1900-01-01 00:25:59;232.0;1745677559;98.655;101.841;95.778;103.36;
1900-01-01 00:26:00;233.0;1745677560;98.643;101.892;95.784;103.36;
1900-01-01 00:26:02;234.0;1745677562;98.711;101.892;95.784;103.408;
1900-01-01 00:26:02;235.0;1745677562;98.711;101.78;95.855;103.387;
1900-01-01 00:26:03;236.0;1745677563;98.724;101.805;95.855;103.387;
1900-01-01 00:26:04;237.0;1745677564;98.724;101.805;95.838;103.332;
1900-01-01 00:26:05;238.0;1745677565;98.742;101.785;95.846;103.332;
1900-01-01 00:26:06;239.0;1745677566;98.587;101.673;95.846;103.374;
1900-01-01 00:26:07;240.0;1745677567;98.587;101.673;95.809;103.301;
1900-01-01 00:26:08;241.0;1745677568;98.638;101.721;95.784;103.301;
1900-01-01 00:26:10;242.0;1745677570;98.668;101.679;95.784;103.348;
1900-01-01 00:26:10;243.0;1745677570;98.668;101.679;95.768;103.324;
1900-01-01 00:26:11;244.0;1745677571;98.611;101.761;95.849;103.324;
1900-01-01 00:26:12;245.0;1745677572;98.577;101.761;95.849;103.383;
1900-01-01 00:26:13;246.0;1745677573;98.577;101.877;95.8;103.407;
1900-01-01 00:26:14;247.0;1745677574;98.629;101.783;95.835;103.407;
1900-01-01 00:26:15;248.0;1745677575;98.597;101.783;95.835;103.449;
1900-01-01 00:26:16;249.0;1745677576;98.597;101.728;95.82;103.458;
1900-01-01 00:26:17;250.0;1745677577;98.651;101.684;95.824;103.458;
1900-01-01 00:26:18;251.0;1745677578;98.711;101.684;95.824;103.416;
1900-01-01 00:26:19;252.0;1745677579;98.711;101.731;95.776;103.482;
1900-01-01 00:26:20;253.0;1745677580;98.665;101.755;95.83;103.482;
1900-01-01 00:26:21;254.0;1745677581;98.599;101.755;95.83;103.378;
1900-01-01 00:26:22;255.0;1745677582;98.599;101.654;95.756;103.382;
1900-01-01 00:26:23;256.0;1745677583;98.701;101.603;95.756;103.382;
1900-01-01 00:26:24;257.0;1745677584;98.709;101.603;95.682;103.396;
1900-01-01 00:26:25;258.0;1745677585;98.709;101.718;95.735;103.352;
1900-01-01 00:26:26;259.0;1745677586;98.636;101.742;95.735;103.352;
1900-01-01 00:26:27;260.0;1745677587;98.613;101.742;95.668;103.424;
1900-01-01 00:26:28;261.0;1745677588;98.613;101.675;95.679;103.424;
1900-01-01 00:26:29;262.0;1745677589;98.624;101.643;95.679;103.396;
1900-01-01 00:26:30;263.0;1745677590;98.638;101.643;95.572;103.394;
1900-01-01 00:26:31;264.0;1745677591;98.638;101.716;95.396;103.394;
1900-01-01 00:26:32;265.0;1745677592;98.66;101.615;95.396;103.353;
1900-01-01 00:26:33;266.0;1745677593;98.66;101.615;95.536;103.403;
1900-01-01 00:26:34;267.0;1745677594;98.639;101.7;95.55;103.403;
1900-01-01 00:26:35;268.0;1745677595;98.542;101.7;95.55;103.334;
1900-01-01 00:26:36;269.0;1745677596;98.542;101.555;95.571;103.345;
1900-01-01 00:26:38;270.0;1745677598;98.613;101.686;95.564;103.345;
1900-01-01 00:26:38;271.0;1745677598;98.516;101.686;95.564;103.416;
1900-01-01 00:26:39;272.0;1745677599;98.516;101.636;95.486;103.312;
1900-01-01 00:26:40;273.0;1745677600;98.536;101.643;95.552;103.312;
1900-01-01 00:26:41;274.0;1745677601;98.394;101.643;95.552;103.436;
1900-01-01 00:26:42;275.0;1745677602;98.394;101.588;95.509;103.371;
1900-01-01 00:26:43;276.0;1745677603;98.461;101.708;95.509;103.371;
1900-01-01 00:26:44;277.0;1745677604;98.461;101.708;95.639;103.447;
1900-01-01 00:26:45;278.0;1745677605;98.422;101.607;95.607;103.402;
1900-01-01 00:26:46;279.0;1745677606;98.338;101.611;95.607;103.402;
1900-01-01 00:26:47;280.0;1745677607;98.338;101.611;95.621;103.343;
1900-01-01 00:26:48;281.0;1745677608;98.25;101.534;95.589;103.343;
1900-01-01 00:26:49;282.0;1745677609;98.234;101.503;95.589;103.431;
1900-01-01 00:26:50;283.0;1745677610;98.234;101.503;95.517;103.441;
1900-01-01 00:26:51;284.0;1745677611;98.126;101.598;95.544;103.441;
1900-01-01 00:26:52;285.0;1745677612;98.151;101.563;95.544;103.331;
1900-01-01 00:26:53;286.0;1745677613;98.151;101.563;95.559;103.384;
1900-01-01 00:26:54;287.0;1745677614;98.178;101.658;95.584;103.384;
1900-01-01 00:26:55;288.0;1745677615;98.205;101.658;95.584;103.483;
1900-01-01 00:26:56;289.0;1745677616;98.205;101.57;95.586;103.412;
1900-01-01 00:26:57;290.0;1745677617;98.267;101.621;95.586;103.412;
1900-01-01 00:26:58;291.0;1745677618;98.306;101.621;95.541;103.277;
1900-01-01 00:26:59;292.0;1745677619;98.306;101.578;95.517;103.502;
1900-01-01 00:27:00;293.0;1745677620;98.322;101.564;95.517;103.502;
1900-01-01 00:27:01;294.0;1745677621;98.316;101.564;95.432;103.363;
1900-01-01 00:27:02;295.0;1745677622;98.316;101.639;95.513;103.479;
1900-01-01 00:27:03;296.0;1745677623;98.366;101.621;95.513;103.479;
1900-01-01 00:27:04;297.0;1745677624;98.303;101.621;95.524;103.373;
1900-01-01 00:27:05;298.0;1745677625;98.303;101.659;95.521;103.506;
1900-01-01 00:27:06;299.0;1745677626;98.424;101.636;95.454;103.506;
1900-01-01 00:27:07;300.0;1745677627;98.424;101.636;95.454;103.396;
1900-01-01 00:27:08;301.0;1745677628;98.341;101.598;95.471;103.439;
1900-01-01 00:27:09;302.0;1745677629;98.462;101.647;95.471;103.439;
1900-01-01 00:27:10;303.0;1745677630;98.462;101.647;95.337;103.414;
1900-01-01 00:27:11;304.0;1745677631;98.377;101.729;95.282;103.414;
1900-01-01 00:27:12;305.0;1745677632;98.396;101.714;95.282;103.384;
1900-01-01 00:27:13;306.0;1745677633;98.396;101.714;95.291;103.334;
1900-01-01 00:27:14;307.0;1745677634;98.378;101.619;95.385;103.334;
1900-01-01 00:27:15;308.0;1745677635;98.304;101.583;95.385;103.384;
1900-01-01 00:27:16;309.0;1745677636;98.304;101.583;95.334;103.335;
1900-01-01 00:27:17;310.0;1745677637;98.245;101.701;95.443;103.335;
1900-01-01 00:27:18;311.0;1745677638;98.149;101.701;95.443;103.411;
1900-01-01 00:27:19;312.0;1745677639;98.149;101.663;95.348;103.339;
1900-01-01 00:27:20;313.0;1745677640;98.075;101.629;95.348;103.339;
1900-01-01 00:27:21;314.0;1745677641;98.042;101.629;95.306;103.257;
1900-01-01 00:27:22;315.0;1745677642;98.042;101.721;95.171;103.257;
1900-01-01 00:27:23;316.0;1745677643;98.145;101.714;95.171;103.301;
1900-01-01 00:27:24;317.0;1745677644;98.057;101.714;95.241;103.396;
1900-01-01 00:27:25;318.0;1745677645;98.057;101.634;95.235;103.388;
1900-01-01 00:27:26;319.0;1745677646;98.025;101.595;95.235;103.388;
1900-01-01 00:27:27;320.0;1745677647;98.025;101.595;95.191;103.413;
1900-01-01 00:27:28;321.0;1745677648;98.106;101.643;95.241;103.413;
1900-01-01 00:27:29;322.0;1745677649;98.111;101.586;95.241;103.482;
1900-01-01 00:27:30;323.0;1745677650;98.111;101.586;95.379;103.402;
1900-01-01 00:27:31;324.0;1745677651;98.142;101.563;95.333;103.402;
1900-01-01 00:27:32;325.0;1745677652;98.196;101.523;95.333;103.393;
1900-01-01 00:27:33;326.0;1745677653;98.196;101.523;95.366;103.392;
1900-01-01 00:27:34;327.0;1745677654;98.218;101.574;95.362;103.392;
1900-01-01 00:27:35;328.0;1745677655;98.236;101.578;95.362;103.329;
1900-01-01 00:27:36;329.0;1745677656;98.236;101.578;95.296;103.406;
1900-01-01 00:27:37;330.0;1745677657;98.357;101.428;95.19;103.406;
1900-01-01 00:27:38;331.0;1745677658;98.359;101.428;95.19;103.397;
1900-01-01 00:27:39;332.0;1745677659;98.359;101.498;95.231;103.409;
1900-01-01 00:27:40;333.0;1745677660;98.305;101.447;95.237;103.409;
1900-01-01 00:27:42;334.0;1745677662;98.291;101.539;95.237;103.473;
1900-01-01 00:27:42;335.0;1745677662;98.291;101.539;95.205;103.454;
1900-01-01 00:27:43;336.0;1745677663;98.243;101.52;95.23;103.454;
1900-01-01 00:27:44;337.0;1745677664;98.167;101.52;95.23;103.41;
1900-01-01 00:27:45;338.0;1745677665;98.167;101.491;95.319;103.477;
1900-01-01 00:27:46;339.0;1745677666;98.179;101.49;95.32;103.477;
1900-01-01 00:27:47;340.0;1745677667;98.081;101.49;95.32;103.467;
1900-01-01 00:27:48;341.0;1745677668;98.081;101.517;95.26;103.308;
1900-01-01 00:27:49;342.0;1745677669;98.11;101.522;95.26;103.308;
1900-01-01 00:27:50;343.0;1745677670;98.11;101.522;95.235;103.321;
1900-01-01 00:27:51;344.0;1745677671;98.049;101.52;95.255;103.267;
1900-01-01 00:27:52;345.0;1745677672;97.993;101.35;95.255;103.267;
1900-01-01 00:27:53;346.0;1745677673;97.993;101.35;95.206;103.336;
1900-01-01 00:27:54;347.0;1745677674;97.992;101.51;95.195;103.336;
1900-01-01 00:27:55;348.0;1745677675;98.004;101.428;95.195;103.408;
1900-01-01 00:27:56;349.0;1745677676;98.004;101.428;95.216;103.391;
1900-01-01 00:27:57;350.0;1745677677;98.034;101.473;95.056;103.391;
1900-01-01 00:27:58;351.0;1745677678;97.965;101.502;95.056;103.324;
1900-01-01 00:27:59;352.0;1745677679;97.965;101.502;95.102;103.369;
1900-01-01 00:28:00;353.0;1745677680;97.936;101.497;94.993;103.369;
1900-01-01 00:28:01;354.0;1745677681;97.938;101.497;94.993;103.356;
1900-01-01 00:28:02;355.0;1745677682;97.938;101.473;95.053;103.321;
1900-01-01 00:28:03;356.0;1745677683;97.974;101.468;95.053;103.321;
1900-01-01 00:28:04;357.0;1745677684;97.939;101.468;95.086;103.428;
1900-01-01 00:28:05;358.0;1745677685;97.939;101.416;94.994;103.428;
1900-01-01 00:28:06;359.0;1745677686;97.933;101.471;94.994;103.4;
1900-01-01 00:28:07;360.0;1745677687;97.935;101.471;94.982;103.432;
1900-01-01 00:28:08;361.0;1745677688;97.935;101.436;95.038;103.448;
1900-01-01 00:28:09;362.0;1745677689;97.926;101.419;95.038;103.448;
1900-01-01 00:28:10;363.0;1745677690;97.872;101.419;95.032;103.415;
1900-01-01 00:28:11;364.0;1745677691;97.872;101.451;95.092;103.396;
1900-01-01 00:28:12;365.0;1745677692;97.884;101.352;95.092;103.396;
1900-01-01 00:28:13;366.0;1745677693;97.884;101.352;95.075;103.381;
1900-01-01 00:28:14;367.0;1745677694;97.864;101.382;95.061;103.415;
1900-01-01 00:28:15;368.0;1745677695;97.874;101.344;95.061;103.415;
1900-01-01 00:28:16;369.0;1745677696;97.874;101.344;95.047;103.361;
1900-01-01 00:28:17;370.0;1745677697;97.796;101.37;95.026;103.361;
1900-01-01 00:28:18;371.0;1745677698;97.822;101.265;95.026;103.439;
1900-01-01 00:28:19;372.0;1745677699;97.822;101.265;94.966;103.355;
1900-01-01 00:28:20;373.0;1745677700;97.866;101.295;94.922;103.355;
1900-01-01 00:28:21;374.0;1745677701;97.879;101.407;94.922;103.391;
1900-01-01 00:28:22;375.0;1745677702;97.879;101.407;94.919;103.477;
1900-01-01 00:28:23;376.0;1745677703;97.941;101.427;94.876;103.477;
1900-01-01 00:28:24;377.0;1745677704;97.909;101.427;94.876;103.386;
1900-01-01 00:28:25;378.0;1745677705;97.909;101.441;94.848;103.504;
1900-01-01 00:28:26;379.0;1745677706;97.928;101.416;94.848;103.504;
1900-01-01 00:28:27;380.0;1745677707;97.964;101.416;94.874;103.471;
1900-01-01 00:28:28;381.0;1745677708;97.964;101.358;94.888;103.403;
1900-01-01 00:28:29;382.0;1745677709;97.987;101.381;94.888;103.403;
1900-01-01 00:28:30;383.0;1745677710;97.951;101.381;94.888;103.453;
1900-01-01 00:28:31;384.0;1745677711;97.951;101.389;94.821;103.455;
1900-01-01 00:28:32;385.0;1745677712;97.963;101.429;94.821;103.455;
1900-01-01 00:28:33;386.0;1745677713;97.963;101.429;94.795;103.433;
1900-01-01 00:28:34;387.0;1745677714;97.994;101.407;94.881;103.439;
1900-01-01 00:28:36;388.0;1745677716;97.887;101.334;94.881;103.439;
1900-01-01 00:28:36;389.0;1745677716;97.887;101.334;94.795;103.436;
1900-01-01 00:28:37;390.0;1745677717;97.964;101.378;94.831;103.436;
1900-01-01 00:28:38;391.0;1745677718;97.942;101.378;94.831;103.328;
1900-01-01 00:28:39;392.0;1745677719;97.942;101.348;94.867;103.445;
1900-01-01 00:28:40;393.0;1745677720;97.926;101.36;94.913;103.445;
1900-01-01 00:28:41;394.0;1745677721;97.994;101.36;94.913;103.385;
1900-01-01 00:28:42;395.0;1745677722;97.994;101.413;94.865;103.367;
1900-01-01 00:28:43;396.0;1745677723;97.981;101.323;94.88;103.367;
1900-01-01 00:28:44;397.0;1745677724;97.91;101.323;94.88;103.394;
1900-01-01 00:28:45;398.0;1745677725;97.91;101.328;94.779;103.443;
1900-01-01 00:28:46;399.0;1745677726;97.981;101.396;94.752;103.443;
1900-01-01 00:28:47;400.0;1745677727;97.834;101.396;94.752;103.457;
1900-01-01 00:28:48;401.0;1745677728;97.834;101.445;94.771;103.419;
1900-01-01 00:28:49;402.0;1745677729;97.885;101.408;94.771;103.419;
1900-01-01 00:28:50;403.0;1745677730;97.815;101.408;94.729;103.46;
1900-01-01 00:28:51;404.0;1745677731;97.815;101.267;94.782;103.443;
1900-01-01 00:28:52;405.0;1745677732;97.773;101.403;94.928;103.443;
1900-01-01 00:28:53;406.0;1745677733;97.791;101.403;94.928;103.395;
1900-01-01 00:28:54;407.0;1745677734;97.791;101.328;94.944;103.38;
1900-01-01 00:28:55;408.0;1745677735;97.688;101.411;94.944;103.38;
1900-01-01 00:28:56;409.0;1745677736;97.706;101.411;94.883;103.363;
1900-01-01 00:28:57;410.0;1745677737;97.706;101.352;95.043;103.363;
1900-01-01 00:28:58;411.0;1745677738;97.788;101.353;95.043;103.462;
1900-01-01 00:28:59;412.0;1745677739;97.788;101.353;94.995;103.352;
1900-01-01 00:29:00;413.0;1745677740;97.844;101.282;95.029;103.352;
1900-01-01 00:29:01;414.0;1745677741;97.769;101.299;95.029;103.371;
1900-01-01 00:29:02;415.0;1745677742;97.769;101.299;94.827;103.335;
1900-01-01 00:29:03;416.0;1745677743;97.781;101.243;94.766;103.335;
1900-01-01 00:29:04;417.0;1745677744;97.782;101.213;94.766;103.378;
1900-01-01 00:29:05;418.0;1745677745;97.782;101.213;94.749;103.404;
1900-01-01 00:29:06;419.0;1745677746;97.633;101.343;94.685;103.404;
1900-01-01 00:29:07;420.0;1745677747;97.543;101.331;94.685;103.318;
1900-01-01 00:29:08;421.0;1745677748;97.543;101.331;94.725;103.423;
1900-01-01 00:29:09;422.0;1745677749;97.662;101.291;94.724;103.423;
1900-01-01 00:29:10;423.0;1745677750;97.543;101.291;94.724;103.386;
1900-01-01 00:29:11;424.0;1745677751;97.543;101.309;94.669;103.384;
1900-01-01 00:29:12;425.0;1745677752;97.621;101.208;94.631;103.384;
1900-01-01 00:29:13;426.0;1745677753;97.602;101.355;94.631;103.386;
1900-01-01 00:29:14;427.0;1745677754;97.602;101.355;94.681;103.318;
1900-01-01 00:29:15;428.0;1745677755;97.603;101.303;94.584;103.318;
1900-01-01 00:29:16;429.0;1745677756;97.649;101.303;94.584;103.463;
1900-01-01 00:29:17;430.0;1745677757;97.649;101.261;94.554;103.341;
1900-01-01 00:29:18;431.0;1745677758;97.661;101.274;94.471;103.341;
1900-01-01 00:29:19;432.0;1745677759;97.569;101.348;94.471;103.404;
1900-01-01 00:29:21;433.0;1745677761;97.519;101.348;94.534;103.398;
1900-01-01 00:29:21;434.0;1745677761;97.519;101.29;94.701;103.398;
1900-01-01 00:29:22;435.0;1745677762;97.483;101.301;94.701;103.34;
1900-01-01 00:29:23;436.0;1745677763;97.483;101.301;94.654;103.368;
1900-01-01 00:29:24;437.0;1745677764;97.493;101.266;94.773;103.368;
1900-01-01 00:29:25;438.0;1745677765;97.385;101.266;94.773;103.346;
1900-01-01 00:29:26;439.0;1745677766;97.385;101.257;94.78;103.335;
1900-01-01 00:29:27;440.0;1745677767;97.43;101.269;94.758;103.335;
1900-01-01 00:29:29;441.0;1745677769;97.299;101.218;94.758;103.461;
1900-01-01 00:29:29;442.0;1745677769;97.299;101.218;94.702;103.317;
1900-01-01 00:29:30;443.0;1745677770;97.388;101.295;94.539;103.317;
1900-01-01 00:29:32;444.0;1745677772;97.491;101.228;94.539;103.377;
1900-01-01 00:29:32;445.0;1745677772;97.491;101.228;94.59;103.45;
1900-01-01 00:29:34;446.0;1745677774;97.415;101.2;94.572;103.45;
1900-01-01 00:29:34;447.0;1745677774;97.393;101.2;94.572;103.354;
1900-01-01 00:29:35;448.0;1745677775;97.393;101.204;94.574;103.388;
1900-01-01 00:29:36;449.0;1745677776;97.485;101.175;94.574;103.388;
1900-01-01 00:29:37;450.0;1745677777;97.485;101.175;94.574;103.372;
1900-01-01 00:29:38;451.0;1745677778;97.516;101.241;94.617;103.371;
1900-01-01 00:29:39;452.0;1745677779;97.478;101.243;94.617;103.371;
1900-01-01 00:29:40;453.0;1745677780;97.478;101.243;94.564;103.442;
1900-01-01 00:29:41;454.0;1745677781;97.486;101.249;94.555;103.442;
1900-01-01 00:29:42;455.0;1745677782;97.479;101.098;94.555;103.331;
1900-01-01 00:29:43;456.0;1745677783;97.479;101.098;94.553;103.397;
1900-01-01 00:29:44;457.0;1745677784;97.393;101.161;94.413;103.397;
1900-01-01 00:29:45;458.0;1745677785;97.43;101.191;94.413;103.424;
1900-01-01 00:29:46;459.0;1745677786;97.43;101.191;94.307;103.485;
1900-01-01 00:29:47;460.0;1745677787;97.322;101.141;94.332;103.485;
1900-01-01 00:29:49;461.0;1745677789;97.375;101.164;94.332;103.388;
1900-01-01 00:29:49;462.0;1745677789;97.375;101.164;94.465;103.455;
1900-01-01 00:29:50;463.0;1745677790;97.334;101.174;94.497;103.455;
1900-01-01 00:29:51;464.0;1745677791;97.313;101.174;94.497;103.52;
1900-01-01 00:29:52;465.0;1745677792;97.313;101.059;94.456;103.411;
1900-01-01 00:29:53;466.0;1745677793;97.37;101.1;94.456;103.411;
1900-01-01 00:29:54;467.0;1745677794;97.298;101.1;94.394;103.326;
1900-01-01 00:29:55;468.0;1745677795;97.298;101.055;94.307;103.416;
1900-01-01 00:29:57;469.0;1745677797;97.395;101.172;94.367;103.416;
1900-01-01 00:29:57;470.0;1745677797;97.362;101.172;94.367;103.448;
1900-01-01 00:29:58;471.0;1745677798;97.362;100.986;94.352;103.504;
1900-01-01 00:29:59;472.0;1745677799;97.288;101.026;94.352;103.504;
1900-01-01 00:30:00;473.0;1745677800;97.416;101.026;94.336;103.443;
1900-01-01 00:30:01;474.0;1745677801;97.416;101.105;94.403;103.525;
1900-01-01 00:30:02;475.0;1745677802;97.449;101.075;94.403;103.525;
1900-01-01 00:30:03;476.0;1745677803;97.316;101.075;94.272;103.466;
1900-01-01 00:30:04;477.0;1745677804;97.316;101.121;94.223;103.495;
1900-01-01 00:30:05;478.0;1745677805;97.391;101.185;94.223;103.495;
1900-01-01 00:30:06;479.0;1745677806;97.385;101.185;94.237;103.424;
1900-01-01 00:30:07;480.0;1745677807;97.385;101.019;94.207;103.424;
1900-01-01 00:30:08;481.0;1745677808;97.437;101.099;94.207;103.456;
1900-01-01 00:30:09;482.0;1745677809;97.437;101.099;94.244;103.419;
1900-01-01 00:30:10;483.0;1745677810;97.333;101.11;94.339;103.419;
1900-01-01 00:30:11;484.0;1745677811;97.34;101.11;94.339;103.509;
1900-01-01 00:30:12;485.0;1745677812;97.34;101.074;94.337;103.483;
1900-01-01 00:30:13;486.0;1745677813;97.276;101.213;94.261;103.483;
1900-01-01 00:30:15;487.0;1745677815;97.244;101.084;94.261;103.544;
1900-01-01 00:30:15;488.0;1745677815;97.244;101.084;94.222;103.395;
1900-01-01 00:30:16;489.0;1745677816;97.146;101.065;94.147;103.395;
1900-01-01 00:30:17;490.0;1745677817;97.102;101.065;94.147;103.395;
1900-01-01 00:30:18;491.0;1745677818;97.102;101.086;94.119;103.432;
1900-01-01 00:30:19;492.0;1745677819;97.092;100.977;94.146;103.432;
1900-01-01 00:30:21;493.0;1745677821;97.089;100.977;94.146;103.418;
1900-01-01 00:30:21;494.0;1745677821;97.089;101.099;94.155;103.406;
1900-01-01 00:30:22;495.0;1745677822;97.009;101.028;94.155;103.406;
1900-01-01 00:30:23;496.0;1745677823;97.046;101.028;94.197;103.44;
1900-01-01 00:30:24;497.0;1745677824;97.046;101.006;94.131;103.44;
1900-01-01 00:30:25;498.0;1745677825;97.121;101.04;94.131;103.458;
1900-01-01 00:30:26;499.0;1745677826;97.115;101.04;94.094;103.391;
1900-01-01 00:30:27;500.0;1745677827;97.115;101.047;94.063;103.405;
1900-01-01 00:30:28;501.0;1745677828;97.272;101.024;94.063;103.405;
1900-01-01 00:30:29;502.0;1745677829;97.272;101.024;93.984;103.424;
1900-01-01 00:30:30;503.0;1745677830;97.161;100.971;94.071;103.422;
1900-01-01 00:30:31;504.0;1745677831;97.223;101.053;94.071;103.422;
1900-01-01 00:30:33;505.0;1745677833;97.247;101.053;94.194;103.399;
1900-01-01 00:30:33;506.0;1745677833;97.247;101.044;94.124;103.399;
1900-01-01 00:30:35;507.0;1745677835;97.224;101.045;94.124;103.403;
1900-01-01 00:30:35;508.0;1745677835;97.224;101.045;94.185;103.469;
1900-01-01 00:30:36;509.0;1745677836;97.242;100.977;94.093;103.469;
1900-01-01 00:30:38;510.0;1745677838;97.369;100.959;94.093;103.422;
1900-01-01 00:30:38;511.0;1745677838;97.369;100.959;94.05;103.401;
1900-01-01 00:30:39;512.0;1745677839;97.283;101.037;94.116;103.401;
1900-01-01 00:30:41;513.0;1745677841;97.217;101.022;94.116;103.399;
1900-01-01 00:30:41;514.0;1745677841;97.217;101.022;94.097;103.337;
1900-01-01 00:30:42;515.0;1745677842;97.277;100.985;94.054;103.337;
1900-01-01 00:30:43;516.0;1745677843;97.199;101.007;94.054;103.371;
1900-01-01 00:30:44;517.0;1745677844;97.199;101.007;94.105;103.472;
1900-01-01 00:30:45;518.0;1745677845;97.12;101.015;94.105;103.472;
1900-01-01 00:30:46;519.0;1745677846;97.09;101.015;94.122;103.447;
1900-01-01 00:30:47;520.0;1745677847;97.09;100.954;94.206;103.386;
1900-01-01 00:30:48;521.0;1745677848;97.061;100.986;94.206;103.386;
1900-01-01 00:30:49;522.0;1745677849;97.173;100.986;94.155;103.437;
1900-01-01 00:30:50;523.0;1745677850;97.173;100.983;94.167;103.437;
1900-01-01 00:30:51;524.0;1745677851;97.149;100.945;94.167;103.426;
1900-01-01 00:30:52;525.0;1745677852;97.144;100.945;94.095;103.451;
1900-01-01 00:30:53;526.0;1745677853;97.144;100.906;94.185;103.451;
1900-01-01 00:30:54;527.0;1745677854;97.157;100.962;94.185;103.402;
1900-01-01 00:30:55;528.0;1745677855;97.147;100.962;94.108;103.322;
1900-01-01 00:30:56;529.0;1745677856;97.147;100.998;94.064;103.322;
1900-01-01 00:30:57;530.0;1745677857;97.122;101.003;94.064;103.465;
1900-01-01 00:30:58;531.0;1745677858;97.122;101.003;94.057;103.372;
1900-01-01 00:30:59;532.0;1745677859;97.062;101.027;94.026;103.372;
1900-01-01 00:31:00;533.0;1745677860;97.18;100.99;94.026;103.443;
1900-01-01 00:31:01;534.0;1745677861;97.18;100.99;93.952;103.38;
1900-01-01 00:31:02;535.0;1745677862;97.08;101.064;93.928;103.38;
1900-01-01 00:31:03;536.0;1745677863;97.162;101.064;93.928;103.435;
1900-01-01 00:31:04;537.0;1745677864;97.162;100.974;93.943;103.433;
1900-01-01 00:31:05;538.0;1745677865;97.113;100.939;93.969;103.433;
1900-01-01 00:31:06;539.0;1745677866;97.155;101.016;93.969;103.432;
1900-01-01 00:31:07;540.0;1745677867;97.155;101.016;93.993;103.387;
1900-01-01 00:31:08;541.0;1745677868;97.118;100.918;94.048;103.387;
1900-01-01 00:31:09;542.0;1745677869;97.124;100.918;94.048;103.379;
1900-01-01 00:31:10;543.0;1745677870;97.124;100.965;94.05;103.417;
1900-01-01 00:31:11;544.0;1745677871;97.12;100.982;94.05;103.417;
1900-01-01 00:31:12;545.0;1745677872;97.104;100.982;94.097;103.496;
1900-01-01 00:31:13;546.0;1745677873;97.104;100.928;94.16;103.496;
1900-01-01 00:31:14;547.0;1745677874;97.027;100.947;94.16;103.448;
1900-01-01 00:31:16;548.0;1745677876;97.096;100.947;94.158;103.45;
1900-01-01 00:31:16;549.0;1745677876;97.096;100.935;94.184;103.45;
1900-01-01 00:31:17;550.0;1745677877;96.952;100.918;94.184;103.422;
1900-01-01 00:31:18;551.0;1745677878;96.952;100.918;94.125;103.511;
1900-01-01 00:31:19;552.0;1745677879;96.886;100.946;94.156;103.511;
1900-01-01 00:31:20;553.0;1745677880;96.817;100.851;94.156;103.411;
1900-01-01 00:31:21;554.0;1745677881;96.817;100.851;93.999;103.446;
1900-01-01 00:31:22;555.0;1745677882;96.866;100.822;93.887;103.446;
1900-01-01 00:31:23;556.0;1745677883;96.787;100.822;93.887;103.508;
1900-01-01 00:31:24;557.0;1745677884;96.787;100.837;93.784;103.454;
1900-01-01 00:31:25;558.0;1745677885;96.792;100.85;93.784;103.454;
1900-01-01 00:31:26;559.0;1745677886;96.807;100.85;93.675;103.431;
1900-01-01 00:31:27;560.0;1745677887;96.807;100.791;93.606;103.385;
1900-01-01 00:31:28;561.0;1745677888;96.754;100.829;93.606;103.385;
1900-01-01 00:31:29;562.0;1745677889;96.851;100.829;93.56;103.471;
1900-01-01 00:31:30;563.0;1745677890;96.851;100.913;93.552;103.471;
1900-01-01 00:31:31;564.0;1745677891;96.809;100.919;93.552;103.422;
1900-01-01 00:31:32;565.0;1745677892;96.801;100.919;93.643;103.445;
1900-01-01 00:31:33;566.0;1745677893;96.801;100.978;93.633;103.465;
1900-01-01 00:31:34;567.0;1745677894;96.81;100.787;93.633;103.465;
1900-01-01 00:31:35;568.0;1745677895;96.81;100.787;93.575;103.382;
1900-01-01 00:31:36;569.0;1745677896;96.82;100.871;93.642;103.382;
1900-01-01 00:31:37;570.0;1745677897;96.777;100.83;93.642;103.365;
1900-01-01 00:31:38;571.0;1745677898;96.777;100.83;93.626;103.427;
1900-01-01 00:31:39;572.0;1745677899;96.73;100.821;93.556;103.427;
1900-01-01 00:31:40;573.0;1745677900;96.726;100.785;93.556;103.488;
1900-01-01 00:31:41;574.0;1745677901;96.726;100.785;93.693;103.479;
1900-01-01 00:31:42;575.0;1745677902;96.704;100.82;93.714;103.479;
1900-01-01 00:31:43;576.0;1745677903;96.696;100.808;93.714;103.47;
1900-01-01 00:31:44;577.0;1745677904;96.696;100.808;93.754;103.324;
1900-01-01 00:31:45;578.0;1745677905;96.72;100.834;93.733;103.324;
1900-01-01 00:31:46;579.0;1745677906;96.712;100.834;93.733;103.361;
1900-01-01 00:31:47;580.0;1745677907;96.712;100.818;93.659;103.472;
1900-01-01 00:31:49;581.0;1745677909;96.76;100.756;93.739;103.472;
1900-01-01 00:31:49;582.0;1745677909;96.712;100.756;93.739;103.422;
1900-01-01 00:31:50;583.0;1745677910;96.712;100.83;93.773;103.42;
1900-01-01 00:31:51;584.0;1745677911;96.72;100.834;93.773;103.42;
1900-01-01 00:31:52;585.0;1745677912;96.685;100.834;93.793;103.454;
1900-01-01 00:31:54;586.0;1745677914;96.685;100.86;93.756;103.417;
1900-01-01 00:31:54;587.0;1745677914;96.755;100.775;93.756;103.417;
1900-01-01 00:31:55;588.0;1745677915;96.737;100.775;93.766;103.463;
1900-01-01 00:31:56;589.0;1745677916;96.737;100.753;93.669;103.463;
1900-01-01 00:31:57;590.0;1745677917;96.735;100.726;93.669;103.508;
1900-01-01 00:31:58;591.0;1745677918;96.735;100.726;93.58;103.343;
1900-01-01 00:31:59;592.0;1745677919;96.729;100.685;93.575;103.343;
1900-01-01 00:32:00;593.0;1745677920;96.661;100.725;93.575;103.321;
1900-01-01 00:32:01;594.0;1745677921;96.661;100.725;93.582;103.465;
1900-01-01 00:32:02;595.0;1745677922;96.774;100.698;93.662;103.465;
1900-01-01 00:32:03;596.0;1745677923;96.73;100.73;93.662;103.45;
1900-01-01 00:32:04;597.0;1745677924;96.73;100.73;93.515;103.427;
1900-01-01 00:32:05;598.0;1745677925;96.741;100.701;93.622;103.427;
1900-01-01 00:32:06;599.0;1745677926;96.723;100.654;93.622;103.486;
1900-01-01 00:32:07;600.0;1745677927;96.723;100.654;93.571;103.366;
1900-01-01 00:32:08;601.0;1745677928;96.754;100.706;93.525;103.366;
1900-01-01 00:32:09;602.0;1745677929;96.68;100.706;93.525;103.37;
1900-01-01 00:32:10;603.0;1745677930;96.68;100.603;93.519;103.341;
1900-01-01 00:32:11;604.0;1745677931;96.665;100.67;93.519;103.341;
1900-01-01 00:32:12;605.0;1745677932;96.644;100.67;93.483;103.451;
1900-01-01 00:32:13;606.0;1745677933;96.644;100.669;93.499;103.412;
1900-01-01 00:32:14;607.0;1745677934;96.577;100.657;93.499;103.412;
1900-01-01 00:32:15;608.0;1745677935;96.572;100.657;93.462;103.429;
1900-01-01 00:32:16;609.0;1745677936;96.572;100.638;93.508;103.443;
1900-01-01 00:32:17;610.0;1745677937;96.63;100.681;93.508;103.443;
1900-01-01 00:32:18;611.0;1745677938;96.616;100.681;93.46;103.476;
1900-01-01 00:32:19;612.0;1745677939;96.616;100.597;93.437;103.442;
1900-01-01 00:32:20;613.0;1745677940;96.51;100.644;93.437;103.442;
1900-01-01 00:32:21;614.0;1745677941;96.534;100.644;93.413;103.567;
1900-01-01 00:32:22;615.0;1745677942;96.534;100.673;93.405;103.482;
1900-01-01 00:32:23;616.0;1745677943;96.44;100.684;93.405;103.482;
1900-01-01 00:32:24;617.0;1745677944;96.44;100.684;93.372;103.465;
1900-01-01 00:32:25;618.0;1745677945;96.474;100.6;93.306;103.465;
1900-01-01 00:32:26;619.0;1745677946;96.416;100.6;93.306;103.439;
1900-01-01 00:32:27;620.0;1745677947;96.416;100.722;93.415;103.521;
1900-01-01 00:32:28;621.0;1745677948;96.484;100.601;93.449;103.521;
1900-01-01 00:32:29;622.0;1745677949;96.5;100.601;93.449;103.473;
1900-01-01 00:32:30;623.0;1745677950;96.5;100.673;93.489;103.516;
1900-01-01 00:32:31;624.0;1745677951;96.538;100.584;93.499;103.516;
1900-01-01 00:32:32;625.0;1745677952;96.489;100.584;93.499;103.442;
1900-01-01 00:32:33;626.0;1745677953;96.489;100.623;93.491;103.343;
1900-01-01 00:32:34;627.0;1745677954;96.542;100.6;93.53;103.343;
1900-01-01 00:32:35;628.0;1745677955;96.501;100.6;93.53;103.429;
1900-01-01 00:32:36;629.0;1745677956;96.501;100.663;93.512;103.546;
1900-01-01 00:32:37;630.0;1745677957;96.549;100.624;93.512;103.546;
1900-01-01 00:32:38;631.0;1745677958;96.507;100.624;93.488;103.367;
1900-01-01 00:32:39;632.0;1745677959;96.507;100.592;93.531;103.438;
1900-01-01 00:32:40;633.0;1745677960;96.583;100.572;93.531;103.438;
1900-01-01 00:32:42;634.0;1745677962;96.573;100.572;93.535;103.447;
1900-01-01 00:32:42;635.0;1745677962;96.573;100.591;93.459;103.447;
1900-01-01 00:32:43;636.0;1745677963;96.444;100.57;93.459;103.395;
1900-01-01 00:32:44;637.0;1745677964;96.444;100.57;93.354;103.481;
1900-01-01 00:32:45;638.0;1745677965;96.543;100.607;93.41;103.481;
1900-01-01 00:32:46;639.0;1745677966;96.452;100.625;93.41;103.462;
1900-01-01 00:32:47;640.0;1745677967;96.452;100.625;93.388;103.548;
1900-01-01 00:32:48;641.0;1745677968;96.443;100.607;93.369;103.548;
1900-01-01 00:32:49;642.0;1745677969;96.408;100.608;93.369;103.455;
1900-01-01 00:32:50;643.0;1745677970;96.408;100.608;93.321;103.514;
1900-01-01 00:32:51;644.0;1745677971;96.42;100.514;93.345;103.514;
1900-01-01 00:32:52;645.0;1745677972;96.424;100.514;93.345;103.415;
1900-01-01 00:32:53;646.0;1745677973;96.424;100.572;93.213;103.458;
1900-01-01 00:32:54;647.0;1745677974;96.401;100.592;93.213;103.458;
1900-01-01 00:32:55;648.0;1745677975;96.415;100.592;93.18;103.462;
1900-01-01 00:32:56;649.0;1745677976;96.415;100.513;93.084;103.423;
1900-01-01 00:32:58;650.0;1745677978;96.373;100.573;93.104;103.423;
1900-01-01 00:32:58;651.0;1745677978;96.409;100.573;93.104;103.382;
1900-01-01 00:32:59;652.0;1745677979;96.409;100.567;93.023;103.44;
1900-01-01 00:33:00;653.0;1745677980;96.412;100.482;93.023;103.44;
1900-01-01 00:33:01;654.0;1745677981;96.412;100.482;93.117;103.393;
1900-01-01 00:33:02;655.0;1745677982;96.454;100.575;93.115;103.393;
1900-01-01 00:33:03;656.0;1745677983;96.542;100.539;93.115;103.374;
1900-01-01 00:33:04;657.0;1745677984;96.478;100.539;93.19;103.417;
1900-01-01 00:33:05;658.0;1745677985;96.478;100.55;93.121;103.467;
1900-01-01 00:33:06;659.0;1745677986;96.45;100.568;93.121;103.467;
1900-01-01 00:33:07;660.0;1745677987;96.455;100.568;93.132;103.527;
1900-01-01 00:33:08;661.0;1745677988;96.455;100.616;93.145;103.455;
1900-01-01 00:33:09;662.0;1745677989;96.442;100.49;93.145;103.455;
1900-01-01 00:33:10;663.0;1745677990;96.442;100.49;93.253;103.481;
1900-01-01 00:33:11;664.0;1745677991;96.412;100.465;93.204;103.492;
1900-01-01 00:33:13;665.0;1745677993;96.278;100.44;93.204;103.492;
1900-01-01 00:33:13;666.0;1745677993;96.278;100.44;93.361;103.462;
1900-01-01 00:33:14;667.0;1745677994;96.164;100.536;93.263;103.462;
1900-01-01 00:33:16;668.0;1745677996;96.222;100.473;93.263;103.405;
1900-01-01 00:33:16;669.0;1745677996;96.222;100.473;93.327;103.4;
1900-01-01 00:33:17;670.0;1745677997;96.111;100.446;93.383;103.4;
1900-01-01 00:33:18;671.0;1745677998;96.162;100.446;93.383;103.436;
1900-01-01 00:33:19;672.0;1745677999;96.162;100.425;93.303;103.541;
1900-01-01 00:33:20;673.0;1745678000;96.038;100.451;93.259;103.541;
1900-01-01 00:33:21;674.0;1745678001;96.07;100.462;93.259;103.449;
1900-01-01 00:33:22;675.0;1745678002;96.07;100.462;93.145;103.478;
1900-01-01 00:33:23;676.0;1745678003;96.147;100.382;93.149;103.478;
1900-01-01 00:33:24;677.0;1745678004;96.059;100.382;93.149;103.465;
1900-01-01 00:33:25;678.0;1745678005;96.059;100.496;93.067;103.535;
1900-01-01 00:33:26;679.0;1745678006;96.129;100.35;93.01;103.535;
1900-01-01 00:33:27;680.0;1745678007;96.14;100.35;93.01;103.53;
1900-01-01 00:33:28;681.0;1745678008;96.14;100.41;93.091;103.556;
1900-01-01 00:33:29;682.0;1745678009;96.025;100.463;93.15;103.556;
1900-01-01 00:33:30;683.0;1745678010;96.033;100.463;93.15;103.455;
1900-01-01 00:33:31;684.0;1745678011;96.033;100.422;93.168;103.47;
1900-01-01 00:33:32;685.0;1745678012;96.042;100.348;93.168;103.47;
1900-01-01 00:33:33;686.0;1745678013;96.092;100.348;93.196;103.391;
1900-01-01 00:33:34;687.0;1745678014;96.092;100.446;93.131;103.391;
1900-01-01 00:33:35;688.0;1745678015;96.075;100.402;93.131;103.521;
1900-01-01 00:33:36;689.0;1745678016;96.098;100.402;93.064;103.424;
1900-01-01 00:33:37;690.0;1745678017;96.098;100.34;92.973;103.424;
1900-01-01 00:33:38;691.0;1745678018;96.093;100.382;92.973;103.49;
1900-01-01 00:33:39;692.0;1745678019;96.093;100.382;92.869;103.421;
1900-01-01 00:33:40;693.0;1745678020;96.086;100.395;92.724;103.421;
1900-01-01 00:33:41;694.0;1745678021;96.131;100.329;92.724;103.497;
1900-01-01 00:33:42;695.0;1745678022;96.131;100.329;92.737;103.367;
1900-01-01 00:33:43;696.0;1745678023;96.05;100.421;92.717;103.367;
1900-01-01 00:33:44;697.0;1745678024;96.083;100.41;92.717;103.463;
1900-01-01 00:33:45;698.0;1745678025;96.083;100.41;92.762;103.397;
1900-01-01 00:33:46;699.0;1745678026;96.096;100.459;92.777;103.397;
1900-01-01 00:33:47;700.0;1745678027;96.064;100.459;92.777;103.456;
1900-01-01 00:33:48;701.0;1745678028;96.064;100.437;92.852;103.393;
1900-01-01 00:33:49;702.0;1745678029;96.112;100.446;92.852;103.393;
1900-01-01 00:33:50;703.0;1745678030;96.07;100.446;92.986;103.529;
1900-01-01 00:33:51;704.0;1745678031;96.07;100.367;92.955;103.422;
1900-01-01 00:33:52;705.0;1745678032;96.088;100.403;92.955;103.422;
1900-01-01 00:33:53;706.0;1745678033;96.061;100.403;92.849;103.431;
1900-01-01 00:33:54;707.0;1745678034;96.061;100.447;92.783;103.472;
1900-01-01 00:33:55;708.0;1745678035;96.027;100.352;92.783;103.472;
1900-01-01 00:33:56;709.0;1745678036;96.027;100.352;92.838;103.453;
1900-01-01 00:33:57;710.0;1745678037;96.12;100.443;92.95;103.453;
1900-01-01 00:33:58;711.0;1745678038;96.066;100.401;92.95;103.428;
1900-01-01 00:33:59;712.0;1745678039;96.066;100.401;92.809;103.504;
1900-01-01 00:34:00;713.0;1745678040;96.074;100.401;92.793;103.504;
1900-01-01 00:34:01;714.0;1745678041;96.067;100.384;92.793;103.533;
1900-01-01 00:34:02;715.0;1745678042;96.094;100.384;92.721;103.443;
1900-01-01 00:34:03;716.0;1745678043;96.094;100.472;92.666;103.443;
1900-01-01 00:34:04;717.0;1745678044;96.071;100.352;92.666;103.461;
1900-01-01 00:34:05;718.0;1745678045;96.071;100.352;92.77;103.425;
1900-01-01 00:34:06;719.0;1745678046;96.079;100.353;92.757;103.425;
1900-01-01 00:34:07;720.0;1745678047;96.102;100.392;92.757;103.386;
1900-01-01 00:34:09;721.0;1745678049;96.093;100.392;92.766;103.454;
1900-01-01 00:34:09;722.0;1745678049;96.093;100.37;92.825;103.454;
1900-01-01 00:34:10;723.0;1745678050;96.105;100.337;92.825;103.482;
1900-01-01 00:34:11;724.0;1745678051;96.105;100.337;92.789;103.373;
1900-01-01 00:34:12;725.0;1745678052;96.032;100.372;92.813;103.373;
1900-01-01 00:34:13;726.0;1745678053;96.063;100.362;92.813;103.469;
1900-01-01 00:34:14;727.0;1745678054;96.063;100.362;92.839;103.529;
1900-01-01 00:34:15;728.0;1745678055;96.109;100.338;92.836;103.529;
1900-01-01 00:34:16;729.0;1745678056;96.05;100.381;92.836;103.423;
1900-01-01 00:34:17;730.0;1745678057;96.033;100.381;92.84;103.45;
1900-01-01 00:34:18;731.0;1745678058;96.033;100.25;92.775;103.45;
1900-01-01 00:34:19;732.0;1745678059;95.953;100.247;92.775;103.423;
1900-01-01 00:34:20;733.0;1745678060;95.953;100.247;92.722;103.506;
1900-01-01 00:34:21;734.0;1745678061;95.923;100.178;92.705;103.506;
1900-01-01 00:34:22;735.0;1745678062;95.977;100.23;92.705;103.475;
1900-01-01 00:34:23;736.0;1745678063;95.977;100.23;92.743;103.441;
1900-01-01 00:34:24;737.0;1745678064;95.902;100.295;92.691;103.441;
1900-01-01 00:34:25;738.0;1745678065;95.878;100.164;92.691;103.462;
1900-01-01 00:34:26;739.0;1745678066;95.878;100.164;92.7;103.464;
1900-01-01 00:34:27;740.0;1745678067;95.855;100.216;92.685;103.464;
1900-01-01 00:34:28;741.0;1745678068;95.796;100.146;92.685;103.423;
1900-01-01 00:34:29;742.0;1745678069;95.796;100.146;92.767;103.399;
1900-01-01 00:34:30;743.0;1745678070;95.777;100.152;92.785;103.399;
1900-01-01 00:34:31;744.0;1745678071;95.806;100.152;92.785;103.507;
1900-01-01 00:34:32;745.0;1745678072;95.806;100.176;92.605;103.539;
1900-01-01 00:34:33;746.0;1745678073;95.812;100.11;92.584;103.539;
1900-01-01 00:34:34;747.0;1745678074;95.871;100.11;92.584;103.474;
1900-01-01 00:34:35;748.0;1745678075;95.871;100.101;92.597;103.535;
1900-01-01 00:34:36;749.0;1745678076;95.747;100.056;92.645;103.535;
1900-01-01 00:34:37;750.0;1745678077;95.782;100.056;92.645;103.559;
1900-01-01 00:34:38;751.0;1745678078;95.782;100.156;92.678;103.522;
1900-01-01 00:34:39;752.0;1745678079;95.821;100.16;92.621;103.522;
1900-01-01 00:34:40;753.0;1745678080;95.776;100.16;92.621;103.538;
1900-01-01 00:34:41;754.0;1745678081;95.776;100.08;92.722;103.512;
1900-01-01 00:34:42;755.0;1745678082;95.715;100.102;92.722;103.512;
1900-01-01 00:34:43;756.0;1745678083;95.793;100.102;92.585;103.509;
1900-01-01 00:34:44;757.0;1745678084;95.793;100.213;92.628;103.489;
1900-01-01 00:34:45;758.0;1745678085;95.769;100.2;92.628;103.489;
1900-01-01 00:34:46;759.0;1745678086;95.745;100.2;92.557;103.552;
1900-01-01 00:34:47;760.0;1745678087;95.745;100.21;92.54;103.552;
1900-01-01 00:34:48;761.0;1745678088;95.728;100.184;92.54;103.524;
1900-01-01 00:34:49;762.0;1745678089;95.703;100.184;92.634;103.507;
1900-01-01 00:34:50;763.0;1745678090;95.703;100.209;92.671;103.507;
1900-01-01 00:34:51;764.0;1745678091;95.702;100.29;92.671;103.517;
1900-01-01 00:34:52;765.0;1745678092;95.702;100.29;92.649;103.484;
1900-01-01 00:34:53;766.0;1745678093;95.681;100.152;92.593;103.484;
1900-01-01 00:34:54;767.0;1745678094;95.672;100.178;92.593;103.427;
1900-01-01 00:34:55;768.0;1745678095;95.672;100.178;92.597;103.457;
1900-01-01 00:34:56;769.0;1745678096;95.699;100.258;92.633;103.457;
1900-01-01 00:34:57;770.0;1745678097;95.717;100.258;92.633;103.584;
1900-01-01 00:34:58;771.0;1745678098;95.717;100.227;92.492;103.49;
1900-01-01 00:34:59;772.0;1745678099;95.6;100.252;92.492;103.49;
1900-01-01 00:35:00;773.0;1745678100;95.616;100.252;92.408;103.566;
1900-01-01 00:35:01;774.0;1745678101;95.616;100.167;92.422;103.421;
1900-01-01 00:35:02;775.0;1745678102;95.675;100.129;92.489;103.421;
1900-01-01 00:35:03;776.0;1745678103;95.632;100.129;92.489;103.451;
1900-01-01 00:35:04;777.0;1745678104;95.632;100.165;92.494;103.501;
1900-01-01 00:35:05;778.0;1745678105;95.655;100.071;92.494;103.501;
1900-01-01 00:35:06;779.0;1745678106;95.599;100.071;92.408;103.454;
1900-01-01 00:35:07;780.0;1745678107;95.599;100.11;92.404;103.425;
1900-01-01 00:35:08;781.0;1745678108;95.623;100.071;92.404;103.425;
1900-01-01 00:35:10;782.0;1745678110;95.595;100.071;92.385;103.411;
1900-01-01 00:35:10;783.0;1745678110;95.595;100.026;92.437;103.501;
1900-01-01 00:35:11;784.0;1745678111;95.628;100.081;92.437;103.501;
1900-01-01 00:35:13;785.0;1745678113;95.641;100.081;92.34;103.489;
1900-01-01 00:35:13;786.0;1745678113;95.641;100.022;92.356;103.489;
1900-01-01 00:35:14;787.0;1745678114;95.634;100.141;92.356;103.401;
1900-01-01 00:35:15;788.0;1745678115;95.634;100.141;92.32;103.419;
1900-01-01 00:35:16;789.0;1745678116;95.598;100.102;92.338;103.419;
1900-01-01 00:35:17;790.0;1745678117;95.57;100.122;92.338;103.434;
1900-01-01 00:35:18;791.0;1745678118;95.57;100.122;92.385;103.47;
1900-01-01 00:35:19;792.0;1745678119;95.573;100.046;92.393;103.47;
1900-01-01 00:35:20;793.0;1745678120;95.644;100.046;92.393;103.535;
1900-01-01 00:35:21;794.0;1745678121;95.644;100.088;92.433;103.561;
1900-01-01 00:35:22;795.0;1745678122;95.602;100.065;92.413;103.561;
1900-01-01 00:35:23;796.0;1745678123;95.594;100.065;92.413;103.488;
1900-01-01 00:35:24;797.0;1745678124;95.594;100.042;92.309;103.46;
1900-01-01 00:35:25;798.0;1745678125;95.679;100.147;92.309;103.46;
1900-01-01 00:35:27;799.0;1745678127;95.709;100.147;92.235;103.421;
1900-01-01 00:35:27;800.0;1745678127;95.709;100.05;92.109;103.531;
1900-01-01 00:35:28;801.0;1745678128;95.618;100.033;92.109;103.531;
1900-01-01 00:35:29;802.0;1745678129;95.618;100.033;92.159;103.386;
1900-01-01 00:35:30;803.0;1745678130;95.697;100.101;92.248;103.386;
1900-01-01 00:35:31;804.0;1745678131;95.677;100.057;92.248;103.463;
1900-01-01 00:35:32;805.0;1745678132;95.61;100.057;92.302;103.527;
1900-01-01 00:35:33;806.0;1745678133;95.61;100.094;92.251;103.507;
1900-01-01 00:35:34;807.0;1745678134;95.475;100.094;92.251;103.507;
1900-01-01 00:35:35;808.0;1745678135;95.475;100.021;92.197;103.48;
1900-01-01 00:35:36;809.0;1745678136;95.363;100.053;92.239;103.48;
1900-01-01 00:35:37;810.0;1745678137;95.371;100.089;92.239;103.413;
1900-01-01 00:35:38;811.0;1745678138;95.371;100.089;92.242;103.474;
1900-01-01 00:35:39;812.0;1745678139;95.452;99.94;92.192;103.474;
1900-01-01 00:35:40;813.0;1745678140;95.338;99.866;92.192;103.507;
1900-01-01 00:35:41;814.0;1745678141;95.338;99.866;92.151;103.436;
1900-01-01 00:35:42;815.0;1745678142;95.393;100.015;92.252;103.436;
1900-01-01 00:35:43;816.0;1745678143;95.4;99.925;92.252;103.521;
1900-01-01 00:35:44;817.0;1745678144;95.4;99.925;92.209;103.562;
1900-01-01 00:35:45;818.0;1745678145;95.389;99.917;92.213;103.562;
1900-01-01 00:35:46;819.0;1745678146;95.37;99.917;92.213;103.576;
1900-01-01 00:35:47;820.0;1745678147;95.37;99.85;92.158;103.517;
1900-01-01 00:35:48;821.0;1745678148;95.392;99.955;92.266;103.517;
1900-01-01 00:35:49;822.0;1745678149;95.403;99.955;92.266;103.493;
1900-01-01 00:35:50;823.0;1745678150;95.403;99.901;92.281;103.426;
1900-01-01 00:35:51;824.0;1745678151;95.392;99.887;92.281;103.426;
1900-01-01 00:35:53;825.0;1745678153;95.42;99.887;92.295;103.563;
1900-01-01 00:35:53;826.0;1745678153;95.42;99.822;92.226;103.563;
1900-01-01 00:35:54;827.0;1745678154;95.371;99.837;92.226;103.477;
1900-01-01 00:35:55;828.0;1745678155;95.477;99.837;92.174;103.422;
1900-01-01 00:35:56;829.0;1745678156;95.477;99.871;92.192;103.422;
1900-01-01 00:35:57;830.0;1745678157;95.393;99.91;92.192;103.45;
1900-01-01 00:35:58;831.0;1745678158;95.393;99.91;92.207;103.527;
1900-01-01 00:36:00;832.0;1745678160;95.414;99.863;92.153;103.473;
1900-01-01 00:36:00;833.0;1745678160;95.439;99.863;92.153;103.473;
1900-01-01 00:36:01;834.0;1745678161;95.439;99.963;92.145;103.472;
1900-01-01 00:36:02;835.0;1745678162;95.41;99.932;92.145;103.472;
1900-01-01 00:36:03;836.0;1745678163;95.457;99.932;92.015;103.456;
1900-01-01 00:36:04;837.0;1745678164;95.457;99.885;91.97;103.44;
1900-01-01 00:36:06;838.0;1745678166;95.421;99.84;92.056;103.44;
1900-01-01 00:36:06;839.0;1745678166;95.371;99.84;92.056;103.447;
1900-01-01 00:36:07;840.0;1745678167;95.371;99.914;92.114;103.426;
1900-01-01 00:36:08;841.0;1745678168;95.397;99.834;92.084;103.426;
1900-01-01 00:36:09;842.0;1745678169;95.309;99.834;92.084;103.391;
1900-01-01 00:36:10;843.0;1745678170;95.309;99.908;92.083;103.416;
1900-01-01 00:36:11;844.0;1745678171;95.366;99.897;92.083;103.416;
1900-01-01 00:36:12;845.0;1745678172;95.353;99.897;92.086;103.438;
1900-01-01 00:36:13;846.0;1745678173;95.353;99.824;92.053;103.505;
1900-01-01 00:36:14;847.0;1745678174;95.365;99.836;92.053;103.505;
1900-01-01 00:36:15;848.0;1745678175;95.291;99.836;92.064;103.492;
1900-01-01 00:36:16;849.0;1745678176;95.291;99.926;92.057;103.492;
1900-01-01 00:36:17;850.0;1745678177;95.309;99.857;92.057;103.528;
1900-01-01 00:36:18;851.0;1745678178;95.353;99.857;92.039;103.419;
1900-01-01 00:36:19;852.0;1745678179;95.353;99.807;92.013;103.419;
1900-01-01 00:36:20;853.0;1745678180;95.345;99.81;92.013;103.532;
1900-01-01 00:36:21;854.0;1745678181;95.345;99.81;92.163;103.452;
1900-01-01 00:36:22;855.0;1745678182;95.292;99.754;92.032;103.452;
1900-01-01 00:36:23;856.0;1745678183;95.274;99.783;92.032;103.461;
1900-01-01 00:36:24;857.0;1745678184;95.274;99.783;92.007;103.482;
1900-01-01 00:36:25;858.0;1745678185;95.263;99.772;92.019;103.482;
1900-01-01 00:36:26;859.0;1745678186;95.279;99.804;92.019;103.496;
1900-01-01 00:36:27;860.0;1745678187;95.279;99.804;91.954;103.441;
1900-01-01 00:36:28;861.0;1745678188;95.156;99.781;91.886;103.441;
1900-01-01 00:36:29;862.0;1745678189;95.238;99.781;91.886;103.513;
1900-01-01 00:36:30;863.0;1745678190;95.238;99.744;91.87;103.487;
1900-01-01 00:36:31;864.0;1745678191;95.151;99.846;91.87;103.487;
1900-01-01 00:36:32;865.0;1745678192;95.177;99.846;91.781;103.493;
1900-01-01 00:36:33;866.0;1745678193;95.177;99.733;91.774;103.459;
1900-01-01 00:36:34;867.0;1745678194;95.239;99.696;91.697;103.459;
1900-01-01 00:36:35;868.0;1745678195;95.192;99.696;91.697;103.482;
1900-01-01 00:36:36;869.0;1745678196;95.192;99.805;91.671;103.477;
1900-01-01 00:36:37;870.0;1745678197;95.262;99.74;91.671;103.477;
1900-01-01 00:36:38;871.0;1745678198;95.219;99.74;91.653;103.442;
1900-01-01 00:36:39;872.0;1745678199;95.219;99.852;91.713;103.442;
1900-01-01 00:36:40;873.0;1745678200;95.296;99.792;91.713;103.423;
1900-01-01 00:36:41;874.0;1745678201;95.155;99.792;91.7;103.466;
1900-01-01 00:36:42;875.0;1745678202;95.155;99.709;91.731;103.466;
1900-01-01 00:36:43;876.0;1745678203;95.251;99.792;91.731;103.494;
1900-01-01 00:36:44;877.0;1745678204;95.251;99.792;91.707;103.496;
1900-01-01 00:36:45;878.0;1745678205;95.222;99.723;91.688;103.468;
1900-01-01 00:36:46;879.0;1745678206;95.156;99.723;91.688;103.468;
1900-01-01 00:36:47;880.0;1745678207;95.156;99.707;91.568;103.439;
1900-01-01 00:36:48;881.0;1745678208;95.188;99.726;91.697;103.439;
1900-01-01 00:36:49;882.0;1745678209;95.107;99.731;91.697;103.464;
1900-01-01 00:36:50;883.0;1745678210;95.107;99.731;91.677;103.439;
1900-01-01 00:36:51;884.0;1745678211;95.076;99.725;91.744;103.439;
1900-01-01 00:36:52;885.0;1745678212;95.069;99.685;91.744;103.491;
1900-01-01 00:36:53;886.0;1745678213;95.069;99.685;91.749;103.462;
1900-01-01 00:36:54;887.0;1745678214;94.985;99.677;91.8;103.462;
1900-01-01 00:36:55;888.0;1745678215;94.932;99.677;91.8;103.452;
1900-01-01 00:36:56;889.0;1745678216;94.932;99.693;91.844;103.427;
1900-01-01 00:36:57;890.0;1745678217;95.021;99.626;91.844;103.427;
1900-01-01 00:36:58;891.0;1745678218;95.086;99.626;91.782;103.485;
1900-01-01 00:36:59;892.0;1745678219;95.086;99.683;91.766;103.454;
1900-01-01 00:37:00;893.0;1745678220;95.032;99.686;91.766;103.454;
1900-01-01 00:37:01;894.0;1745678221;95.016;99.686;91.645;103.547;
1900-01-01 00:37:02;895.0;1745678222;95.016;99.641;91.64;103.48;
1900-01-01 00:37:03;896.0;1745678223;95.04;99.669;91.64;103.48;
1900-01-01 00:37:04;897.0;1745678224;95.04;99.669;91.577;103.454;
1900-01-01 00:37:05;898.0;1745678225;95.137;99.647;91.537;103.454;
1900-01-01 00:37:06;899.0;1745678226;95.029;99.63;91.537;103.469;
1900-01-01 00:37:07;900.0;1745678227;95.029;99.63;91.539;103.501;
1900-01-01 00:37:08;901.0;1745678228;94.994;99.638;91.609;103.501;
1900-01-01 00:37:09;902.0;1745678229;94.98;99.638;91.609;103.544;
1900-01-01 00:37:10;903.0;1745678230;94.98;99.647;91.557;103.538;
1900-01-01 00:37:12;904.0;1745678232;94.993;99.668;91.695;103.538;
1900-01-01 00:37:12;905.0;1745678232;94.933;99.668;91.695;103.507;
1900-01-01 00:37:13;906.0;1745678233;94.933;99.689;91.796;103.415;
1900-01-01 00:37:14;907.0;1745678234;95.007;99.618;91.796;103.415;
1900-01-01 00:37:15;908.0;1745678235;94.963;99.618;91.867;103.531;
1900-01-01 00:37:16;909.0;1745678236;94.963;99.685;91.82;103.527;
1900-01-01 00:37:17;910.0;1745678237;94.844;99.643;91.82;103.527;
1900-01-01 00:37:18;911.0;1745678238;94.856;99.643;91.778;103.552;
1900-01-01 00:37:19;912.0;1745678239;94.856;99.623;91.702;103.45;
1900-01-01 00:37:20;913.0;1745678240;94.854;99.635;91.702;103.45;
1900-01-01 00:37:21;914.0;1745678241;94.854;99.635;91.667;103.567;
1900-01-01 00:37:22;915.0;1745678242;94.824;99.566;91.776;103.455;
1900-01-01 00:37:23;916.0;1745678243;94.837;99.629;91.776;103.455;
1900-01-01 00:37:24;917.0;1745678244;94.837;99.629;91.731;103.551;
1900-01-01 00:37:25;918.0;1745678245;94.845;99.584;91.752;103.551;
1900-01-01 00:37:26;919.0;1745678246;94.849;99.613;91.752;103.49;
1900-01-01 00:37:27;920.0;1745678247;94.849;99.613;91.661;103.507;
1900-01-01 00:37:28;921.0;1745678248;94.807;99.574;91.583;103.507;
1900-01-01 00:37:29;922.0;1745678249;94.89;99.67;91.583;103.583;
1900-01-01 00:37:30;923.0;1745678250;94.89;99.67;91.631;103.527;
1900-01-01 00:37:31;924.0;1745678251;94.812;99.652;91.53;103.527;
1900-01-01 00:37:32;925.0;1745678252;94.909;99.652;91.53;103.5;
1900-01-01 00:37:33;926.0;1745678253;94.909;99.67;91.433;103.509;
1900-01-01 00:37:34;927.0;1745678254;94.832;99.543;91.454;103.509;
1900-01-01 00:37:35;928.0;1745678255;94.869;99.543;91.454;103.542;
1900-01-01 00:37:36;929.0;1745678256;94.869;99.598;91.42;103.53;
1900-01-01 00:37:37;930.0;1745678257;94.843;99.613;91.42;103.53;
1900-01-01 00:37:38;931.0;1745678258;94.87;99.613;91.377;103.438;
1900-01-01 00:37:39;932.0;1745678259;94.87;99.507;91.204;103.454;
1900-01-01 00:37:40;933.0;1745678260;94.867;99.572;91.204;103.454;
1900-01-01 00:37:41;934.0;1745678261;94.9;99.572;91.137;103.546;
1900-01-01 00:37:42;935.0;1745678262;94.9;99.558;91.159;103.546;
1900-01-01 00:37:43;936.0;1745678263;94.842;99.578;91.159;103.516;
1900-01-01 00:37:44;937.0;1745678264;94.862;99.578;91.251;103.522;
1900-01-01 00:37:45;938.0;1745678265;94.862;99.488;91.219;103.562;
1900-01-01 00:37:46;939.0;1745678266;94.855;99.539;91.219;103.562;
1900-01-01 00:37:47;940.0;1745678267;94.824;99.539;91.385;103.487;
1900-01-01 00:37:48;941.0;1745678268;94.824;99.524;91.403;103.487;
1900-01-01 00:37:49;942.0;1745678269;94.848;99.561;91.403;103.545;
1900-01-01 00:37:50;943.0;1745678270;94.848;99.561;91.374;103.492;
1900-01-01 00:37:51;944.0;1745678271;94.812;99.48;91.378;103.492;
1900-01-01 00:37:52;945.0;1745678272;94.741;99.48;91.378;103.499;
1900-01-01 00:37:53;946.0;1745678273;94.741;99.587;91.311;103.475;
1900-01-01 00:37:54;947.0;1745678274;94.772;99.569;91.311;103.475;
1900-01-01 00:37:55;948.0;1745678275;94.712;99.569;91.247;103.475;
1900-01-01 00:37:56;949.0;1745678276;94.712;99.54;91.197;103.446;
1900-01-01 00:37:57;950.0;1745678277;94.666;99.52;91.176;103.446;
1900-01-01 00:37:58;951.0;1745678278;94.666;99.52;91.176;103.493;
1900-01-01 00:37:59;952.0;1745678279;94.666;99.521;91.08;103.493;
1900-01-01 00:38:00;953.0;1745678280;94.56;99.538;91.071;103.493;
1900-01-01 00:38:01;954.0;1745678281;94.532;99.538;91.071;103.535;
1900-01-01 00:38:02;955.0;1745678282;94.532;99.483;91.031;103.527;
1900-01-01 00:38:03;956.0;1745678283;94.551;99.496;91.031;103.527;
1900-01-01 00:38:04;957.0;1745678284;94.487;99.496;91.122;103.522;
1900-01-01 00:38:05;958.0;1745678285;94.487;99.437;91.141;103.522;
1900-01-01 00:38:06;959.0;1745678286;94.604;99.497;91.141;103.517;
1900-01-01 00:38:07;960.0;1745678287;94.612;99.497;91.157;103.439;
1900-01-01 00:38:08;961.0;1745678288;94.612;99.479;91.112;103.508;
1900-01-01 00:38:09;962.0;1745678289;94.58;99.448;91.112;103.508;
1900-01-01 00:38:10;963.0;1745678290;94.603;99.448;91.154;103.474;
1900-01-01 00:38:11;964.0;1745678291;94.603;99.438;91.002;103.474;
1900-01-01 00:38:12;965.0;1745678292;94.589;99.445;91.002;103.439;
1900-01-01 00:38:13;966.0;1745678293;94.589;99.445;90.905;103.432;
1900-01-01 00:38:14;967.0;1745678294;94.516;99.411;90.77;103.432;
1900-01-01 00:38:15;968.0;1745678295;94.426;99.411;90.77;103.497;
1900-01-01 00:38:16;969.0;1745678296;94.426;99.382;90.625;103.478;
1900-01-01 00:38:17;970.0;1745678297;94.455;99.461;90.652;103.478;
1900-01-01 00:38:18;971.0;1745678298;94.45;99.461;90.652;103.394;
1900-01-01 00:38:19;972.0;1745678299;94.45;99.383;90.626;103.51;
1900-01-01 00:38:20;973.0;1745678300;94.387;99.436;90.626;103.51;
1900-01-01 00:38:21;974.0;1745678301;94.474;99.436;90.797;103.505;
1900-01-01 00:38:22;975.0;1745678302;94.474;99.4;90.924;103.672;
1900-01-01 00:38:23;976.0;1745678303;94.435;99.366;90.924;103.672;
1900-01-01 00:38:24;977.0;1745678304;94.429;99.366;90.994;103.485;
1900-01-01 00:38:25;978.0;1745678305;94.429;99.384;90.966;103.484;
1900-01-01 00:38:26;979.0;1745678306;94.495;99.345;90.966;103.484;
1900-01-01 00:38:27;980.0;1745678307;94.495;99.345;91.012;103.489;
1900-01-01 00:38:28;981.0;1745678308;94.549;99.398;90.886;103.472;
1900-01-01 00:38:29;982.0;1745678309;94.474;99.398;90.886;103.472;
1900-01-01 00:38:30;983.0;1745678310;94.474;99.388;90.836;103.531;
1900-01-01 00:38:31;984.0;1745678311;94.537;99.331;90.836;103.531;
1900-01-01 00:38:32;985.0;1745678312;94.479;99.331;90.836;103.48;
1900-01-01 00:38:33;986.0;1745678313;94.479;99.334;90.81;103.581;
1900-01-01 00:38:34;987.0;1745678314;94.504;99.25;90.76;103.581;
1900-01-01 00:38:35;988.0;1745678315;94.459;99.25;90.76;103.54;
1900-01-01 00:38:36;989.0;1745678316;94.459;99.282;90.893;103.431;
1900-01-01 00:38:37;990.0;1745678317;94.48;99.254;90.855;103.431;
1900-01-01 00:38:38;991.0;1745678318;94.461;99.345;90.855;103.475;
1900-01-01 00:38:39;992.0;1745678319;94.461;99.345;90.918;103.531;
1900-01-01 00:38:40;993.0;1745678320;94.479;99.338;90.854;103.531;
1900-01-01 00:38:41;994.0;1745678321;94.481;99.338;90.854;103.467;
1900-01-01 00:38:42;995.0;1745678322;94.481;99.363;90.728;103.536;
1900-01-01 00:38:43;996.0;1745678323;94.425;99.37;90.728;103.536;
1900-01-01 00:38:44;997.0;1745678324;94.463;99.37;90.735;103.448;
1900-01-01 00:38:45;998.0;1745678325;94.463;99.242;90.7;103.547;
1900-01-01 00:38:46;999.0;1745678326;94.458;99.317;90.7;103.547;
1900-01-01 00:38:47;1000.0;1745678327;94.458;99.317;90.724;103.448;
1900-01-01 00:38:48;1001.0;1745678328;94.431;99.318;90.716;103.543;
1900-01-01 00:38:49;1002.0;1745678329;94.473;99.325;90.716;103.543;
1900-01-01 00:38:50;1003.0;1745678330;94.473;99.325;90.715;103.494;
1900-01-01 00:38:51;1004.0;1745678331;94.466;99.323;90.757;103.494;
1900-01-01 00:38:52;1005.0;1745678332;94.399;99.323;90.757;103.46;
1900-01-01 00:38:53;1006.0;1745678333;94.399;99.319;90.798;103.544;
1900-01-01 00:38:54;1007.0;1745678334;94.319;99.371;90.693;103.544;
1900-01-01 00:38:55;1008.0;1745678335;94.443;99.371;90.693;103.44;
1900-01-01 00:38:56;1009.0;1745678336;94.443;99.322;90.75;103.435;
1900-01-01 00:38:57;1010.0;1745678337;94.42;99.331;90.777;103.435;
1900-01-01 00:38:58;1011.0;1745678338;94.37;99.331;90.777;103.412;
1900-01-01 00:38:59;1012.0;1745678339;94.37;99.406;90.835;103.504;
1900-01-01 00:39:00;1013.0;1745678340;94.346;99.303;90.744;103.504;
1900-01-01 00:39:01;1014.0;1745678341;94.346;99.303;90.744;103.483;
1900-01-01 00:39:02;1015.0;1745678342;94.311;99.237;90.748;103.447;
1900-01-01 00:39:03;1016.0;1745678343;94.296;99.225;90.748;103.447;
1900-01-01 00:39:04;1017.0;1745678344;94.187;99.225;90.856;103.511;
1900-01-01 00:39:05;1018.0;1745678345;94.187;99.276;90.757;103.498;
1900-01-01 00:39:06;1019.0;1745678346;94.181;99.322;90.757;103.498;
1900-01-01 00:39:07;1020.0;1745678347;94.181;99.322;90.711;103.456;
1900-01-01 00:39:08;1021.0;1745678348;94.252;99.296;90.745;103.456;
1900-01-01 00:39:09;1022.0;1745678349;94.261;99.175;90.745;103.468;
1900-01-01 00:39:10;1023.0;1745678350;94.29;99.175;90.758;103.46;
1900-01-01 00:39:11;1024.0;1745678351;94.29;99.216;90.71;103.46;
1900-01-01 00:39:12;1025.0;1745678352;94.291;99.253;90.71;103.477;
1900-01-01 00:39:13;1026.0;1745678353;94.291;99.253;90.597;103.515;
1900-01-01 00:39:14;1027.0;1745678354;94.413;99.188;90.56;103.515;
1900-01-01 00:39:15;1028.0;1745678355;94.401;99.187;90.56;103.497;
1900-01-01 00:39:16;1029.0;1745678356;94.323;99.187;90.52;103.539;
1900-01-01 00:39:17;1030.0;1745678357;94.323;99.158;90.499;103.539;
1900-01-01 00:39:18;1031.0;1745678358;94.35;99.217;90.499;103.56;
1900-01-01 00:39:19;1032.0;1745678359;94.355;99.217;90.507;103.508;
1900-01-01 00:39:20;1033.0;1745678360;94.355;99.16;90.455;103.54;
1900-01-01 00:39:21;1034.0;1745678361;94.344;99.158;90.455;103.54;
1900-01-01 00:39:22;1035.0;1745678362;94.344;99.158;90.461;103.544;
1900-01-01 00:39:23;1036.0;1745678363;94.281;99.164;90.537;103.541;
1900-01-01 00:39:24;1037.0;1745678364;94.373;99.199;90.537;103.541;
1900-01-01 00:39:25;1038.0;1745678365;94.373;99.199;90.458;103.489;
1900-01-01 00:39:26;1039.0;1745678366;94.203;99.202;90.522;103.489;
1900-01-01 00:39:27;1040.0;1745678367;94.259;99.162;90.522;103.598;
1900-01-01 00:39:28;1041.0;1745678368;94.259;99.162;90.568;103.516;
1900-01-01 00:39:29;1042.0;1745678369;94.239;99.078;90.64;103.516;
1900-01-01 00:39:30;1043.0;1745678370;94.158;99.111;90.64;103.531;
1900-01-01 00:39:31;1044.0;1745678371;94.158;99.111;90.584;103.507;
1900-01-01 00:39:32;1045.0;1745678372;94.303;99.1;90.59;103.507;
1900-01-01 00:39:34;1046.0;1745678374;94.142;99.119;90.59;103.485;
1900-01-01 00:39:34;1047.0;1745678374;94.142;99.119;90.505;103.481;
1900-01-01 00:39:35;1048.0;1745678375;94.273;99.159;90.371;103.481;
1900-01-01 00:39:36;1049.0;1745678376;94.237;99.159;90.371;103.482;
1900-01-01 00:39:37;1050.0;1745678377;94.237;99.101;90.368;103.489;
1900-01-01 00:39:38;1051.0;1745678378;94.208;99.095;90.368;103.489;
1900-01-01 00:39:39;1052.0;1745678379;94.254;99.095;90.41;103.531;
1900-01-01 00:39:40;1053.0;1745678380;94.254;99.097;90.397;103.506;
1900-01-01 00:39:41;1054.0;1745678381;94.171;99.098;90.516;103.506;
1900-01-01 00:39:43;1055.0;1745678383;94.137;99.143;90.516;103.512;
1900-01-01 00:39:43;1056.0;1745678383;94.137;99.143;90.545;103.564;
1900-01-01 00:39:44;1057.0;1745678384;94.032;99.168;90.565;103.564;
1900-01-01 00:39:45;1058.0;1745678385;94.096;99.168;90.565;103.547;
1900-01-01 00:39:46;1059.0;1745678386;94.096;99.187;90.578;103.493;
1900-01-01 00:39:47;1060.0;1745678387;94.028;99.126;90.578;103.493;
1900-01-01 00:39:48;1061.0;1745678388;94.099;99.126;90.478;103.551;
1900-01-01 00:39:49;1062.0;1745678389;94.099;99.062;90.518;103.551;
1900-01-01 00:39:50;1063.0;1745678390;93.97;99.078;90.518;103.548;
1900-01-01 00:39:51;1064.0;1745678391;93.885;99.078;90.503;103.511;
1900-01-01 00:39:52;1065.0;1745678392;93.885;99.088;90.415;103.511;
1900-01-01 00:39:53;1066.0;1745678393;93.876;99.074;90.415;103.578;
1900-01-01 00:39:54;1067.0;1745678394;93.876;99.074;90.469;103.52;
1900-01-01 00:39:55;1068.0;1745678395;93.949;98.998;90.501;103.52;
1900-01-01 00:39:56;1069.0;1745678396;93.877;98.998;90.501;103.409;
1900-01-01 00:39:57;1070.0;1745678397;93.877;99.02;90.478;103.494;
1900-01-01 00:39:58;1071.0;1745678398;93.96;99.039;90.478;103.494;
1900-01-01 00:39:59;1072.0;1745678399;93.955;99.039;90.377;103.503;
1900-01-01 00:40:00;1073.0;1745678400;93.955;98.984;90.338;103.459;
1900-01-01 00:40:01;1074.0;1745678401;93.953;98.931;90.338;103.459;
1900-01-01 00:40:02;1075.0;1745678402;93.944;98.931;90.264;103.434;
1900-01-01 00:40:03;1076.0;1745678403;93.944;98.938;90.292;103.552;
1900-01-01 00:40:04;1077.0;1745678404;93.922;98.958;90.292;103.552;
1900-01-01 00:40:05;1078.0;1745678405;93.922;98.958;90.296;103.502;
1900-01-01 00:40:06;1079.0;1745678406;93.946;98.955;90.315;103.502;
1900-01-01 00:40:07;1080.0;1745678407;93.907;99.03;90.315;103.47;
1900-01-01 00:40:08;1081.0;1745678408;93.826;99.03;90.282;103.484;
1900-01-01 00:40:09;1082.0;1745678409;93.826;98.93;90.263;103.484;
1900-01-01 00:40:10;1083.0;1745678410;93.86;98.936;90.263;103.404;
1900-01-01 00:40:11;1084.0;1745678411;93.86;98.936;90.25;103.468;
1900-01-01 00:40:12;1085.0;1745678412;93.803;99.014;90.154;103.5;
1900-01-01 00:40:14;1086.0;1745678414;93.888;98.973;90.154;103.5;
1900-01-01 00:40:14;1087.0;1745678414;93.888;98.973;90.176;103.496;
1900-01-01 00:40:15;1088.0;1745678415;93.958;99.005;90.191;103.496;
1900-01-01 00:40:16;1089.0;1745678416;94.066;98.945;90.191;103.565;
1900-01-01 00:40:17;1090.0;1745678417;94.066;98.945;90.172;103.484;
1900-01-01 00:40:18;1091.0;1745678418;93.999;98.891;90.252;103.484;
1900-01-01 00:40:19;1092.0;1745678419;94.136;98.891;90.252;103.557;
1900-01-01 00:40:20;1093.0;1745678420;94.136;98.996;90.301;103.497;
1900-01-01 00:40:21;1094.0;1745678421;94.112;98.954;90.347;103.497;
1900-01-01 00:40:22;1095.0;1745678422;94.049;98.954;90.347;103.539;
1900-01-01 00:40:23;1096.0;1745678423;94.049;98.929;90.311;103.57;
1900-01-01 00:40:24;1097.0;1745678424;94.022;98.906;90.392;103.57;
1900-01-01 00:40:25;1098.0;1745678425;93.987;98.906;90.392;103.577;
1900-01-01 00:40:26;1099.0;1745678426;93.987;98.922;90.381;103.529;
1900-01-01 00:40:27;1100.0;1745678427;93.918;98.926;90.381;103.529;
1900-01-01 00:40:28;1101.0;1745678428;93.935;98.926;90.301;103.527;
1900-01-01 00:40:29;1102.0;1745678429;93.935;98.956;90.252;103.527;
1900-01-01 00:40:30;1103.0;1745678430;93.869;98.916;90.252;103.569;
1900-01-01 00:40:32;1104.0;1745678432;93.878;98.916;90.234;103.605;
1900-01-01 00:40:32;1105.0;1745678432;93.878;98.8;90.248;103.605;
1900-01-01 00:40:33;1106.0;1745678433;93.836;98.884;90.248;103.578;
1900-01-01 00:40:34;1107.0;1745678434;93.797;98.884;90.222;103.474;
1900-01-01 00:40:35;1108.0;1745678435;93.797;98.849;90.266;103.474;
1900-01-01 00:40:36;1109.0;1745678436;93.779;98.849;90.266;103.512;
1900-01-01 00:40:37;1110.0;1745678437;93.779;98.93;90.184;103.579;
1900-01-01 00:40:39;1111.0;1745678439;93.804;98.949;90.187;103.579;
1900-01-01 00:40:39;1112.0;1745678439;93.86;98.949;90.187;103.546;
1900-01-01 00:40:40;1113.0;1745678440;93.86;98.9;90.159;103.616;
1900-01-01 00:40:41;1114.0;1745678441;93.843;98.839;90.159;103.616;
1900-01-01 00:40:42;1115.0;1745678442;93.922;98.839;90.084;103.505;
1900-01-01 00:40:43;1116.0;1745678443;93.922;98.902;90.04;103.522;
1900-01-01 00:40:44;1117.0;1745678444;93.924;98.894;90.04;103.522;
1900-01-01 00:40:45;1118.0;1745678445;93.978;98.894;89.973;103.453;
1900-01-01 00:40:46;1119.0;1745678446;93.978;98.89;89.97;103.542;
1900-01-01 00:40:48;1120.0;1745678448;93.92;98.866;89.994;103.542;
1900-01-01 00:40:48;1121.0;1745678448;93.928;98.866;89.994;103.488;
1900-01-01 00:40:49;1122.0;1745678449;93.928;98.874;89.97;103.516;
1900-01-01 00:40:50;1123.0;1745678450;93.883;98.929;89.97;103.516;
1900-01-01 00:40:52;1124.0;1745678452;93.857;98.929;90.038;103.516;
1900-01-01 00:40:52;1125.0;1745678452;93.857;98.864;90.04;103.516;
1900-01-01 00:40:53;1126.0;1745678453;93.841;98.81;90.04;103.47;
1900-01-01 00:40:55;1127.0;1745678455;93.821;98.81;90.077;103.544;
1900-01-01 00:40:55;1128.0;1745678455;93.821;98.813;90.134;103.544;
1900-01-01 00:40:56;1129.0;1745678456;93.765;98.769;90.134;103.481;
1900-01-01 00:40:57;1130.0;1745678457;93.765;98.769;90.074;103.559;
1900-01-01 00:40:58;1131.0;1745678458;93.737;98.82;90.125;103.559;
1900-01-01 00:40:59;1132.0;1745678459;93.749;98.791;90.125;103.551;
1900-01-01 00:41:00;1133.0;1745678460;93.749;98.791;90.0;103.452;
1900-01-01 00:41:01;1134.0;1745678461;93.748;98.762;90.018;103.452;
1900-01-01 00:41:02;1135.0;1745678462;93.701;98.762;90.018;103.534;
1900-01-01 00:41:03;1136.0;1745678463;93.701;98.689;89.971;103.436;
1900-01-01 00:41:04;1137.0;1745678464;93.721;98.725;89.963;103.436;
1900-01-01 00:41:05;1138.0;1745678465;93.629;98.725;89.963;103.561;
1900-01-01 00:41:06;1139.0;1745678466;93.629;98.757;90.052;103.472;
1900-01-01 00:41:07;1140.0;1745678467;93.639;98.658;90.052;103.472;
1900-01-01 00:41:08;1141.0;1745678468;93.561;98.658;89.908;103.484;
1900-01-01 00:41:09;1142.0;1745678469;93.561;98.727;89.943;103.484;
1900-01-01 00:41:10;1143.0;1745678470;93.608;98.766;89.943;103.498;
1900-01-01 00:41:11;1144.0;1745678471;93.582;98.766;89.838;103.539;
1900-01-01 00:41:12;1145.0;1745678472;93.582;98.715;89.768;103.539;
1900-01-01 00:41:13;1146.0;1745678473;93.615;98.704;89.768;103.468;
1900-01-01 00:41:14;1147.0;1745678474;93.468;98.704;89.762;103.457;
1900-01-01 00:41:15;1148.0;1745678475;93.468;98.714;89.783;103.457;
1900-01-01 00:41:16;1149.0;1745678476;93.451;98.743;89.783;103.516;
1900-01-01 00:41:18;1150.0;1745678478;93.454;98.743;89.929;103.563;
1900-01-01 00:41:18;1151.0;1745678478;93.454;98.679;89.91;103.563;
1900-01-01 00:41:19;1152.0;1745678479;93.383;98.695;89.91;103.412;
1900-01-01 00:41:20;1153.0;1745678480;93.383;98.695;89.999;103.475;
1900-01-01 00:41:21;1154.0;1745678481;93.403;98.69;89.894;103.475;
1900-01-01 00:41:22;1155.0;1745678482;93.47;98.69;89.894;103.449;
1900-01-01 00:41:23;1156.0;1745678483;93.47;98.692;89.769;103.468;
1900-01-01 00:41:24;1157.0;1745678484;93.563;98.734;89.868;103.468;
1900-01-01 00:41:26;1158.0;1745678486;93.526;98.69;89.868;103.495;
1900-01-01 00:41:26;1159.0;1745678486;93.526;98.69;89.897;103.469;
1900-01-01 00:41:27;1160.0;1745678487;93.587;98.696;89.963;103.469;
1900-01-01 00:41:28;1161.0;1745678488;93.668;98.696;89.963;103.402;
1900-01-01 00:41:29;1162.0;1745678489;93.668;98.708;90.115;103.575;
1900-01-01 00:41:30;1163.0;1745678490;93.617;98.686;90.115;103.575;
1900-01-01 00:41:31;1164.0;1745678491;93.653;98.686;90.039;103.467;
1900-01-01 00:41:32;1165.0;1745678492;93.653;98.682;90.005;103.469;
1900-01-01 00:41:33;1166.0;1745678493;93.517;98.702;89.93;103.469;
1900-01-01 00:41:34;1167.0;1745678494;93.576;98.702;89.93;103.527;
1900-01-01 00:41:35;1168.0;1745678495;93.576;98.644;89.992;103.522;
1900-01-01 00:41:36;1169.0;1745678496;93.521;98.714;89.992;103.522;
1900-01-01 00:41:37;1170.0;1745678497;93.487;98.714;89.945;103.553;
1900-01-01 00:41:38;1171.0;1745678498;93.487;98.609;89.999;103.553;
1900-01-01 00:41:39;1172.0;1745678499;93.537;98.663;89.999;103.51;
1900-01-01 00:41:40;1173.0;1745678500;93.456;98.663;89.966;103.582;
1900-01-01 00:41:41;1174.0;1745678501;93.456;98.691;89.749;103.547;
1900-01-01 00:41:42;1175.0;1745678502;93.439;98.528;89.749;103.547;
1900-01-01 00:41:43;1176.0;1745678503;93.439;98.528;89.616;103.618;
1900-01-01 00:41:44;1177.0;1745678504;93.455;98.603;89.529;103.547;
1900-01-01 00:41:45;1178.0;1745678505;93.5;98.603;89.529;103.547;
1900-01-01 00:41:46;1179.0;1745678506;93.5;98.56;89.627;103.509;
1900-01-01 00:41:47;1180.0;1745678507;93.45;98.653;89.514;103.509;
1900-01-01 00:41:48;1181.0;1745678508;93.5;98.653;89.514;103.532;
1900-01-01 00:41:49;1182.0;1745678509;93.5;98.593;89.556;103.5;
1900-01-01 00:41:50;1183.0;1745678510;93.474;98.557;89.556;103.5;
1900-01-01 00:41:51;1184.0;1745678511;93.408;98.557;89.532;103.56;
1900-01-01 00:41:52;1185.0;1745678512;93.408;98.635;89.465;103.596;
1900-01-01 00:41:53;1186.0;1745678513;93.358;98.534;89.465;103.596;
1900-01-01 00:41:54;1187.0;1745678514;93.351;98.534;89.571;103.568;
1900-01-01 00:41:55;1188.0;1745678515;93.351;98.576;89.497;103.593;
1900-01-01 00:41:56;1189.0;1745678516;93.248;98.591;89.594;103.593;
1900-01-01 00:41:57;1190.0;1745678517;93.312;98.591;89.594;103.552;
1900-01-01 00:41:58;1191.0;1745678518;93.312;98.557;89.562;103.449;
1900-01-01 00:41:59;1192.0;1745678519;93.246;98.621;89.562;103.449;
1900-01-01 00:42:00;1193.0;1745678520;93.204;98.621;89.651;103.505;
1900-01-01 00:42:01;1194.0;1745678521;93.204;98.537;89.618;103.505;
1900-01-01 00:42:02;1195.0;1745678522;93.226;98.565;89.618;103.519;
1900-01-01 00:42:04;1196.0;1745678524;93.257;98.565;89.531;103.564;
1900-01-01 00:42:04;1197.0;1745678524;93.257;98.669;89.592;103.564;
1900-01-01 00:42:05;1198.0;1745678525;93.274;98.59;89.592;103.533;
1900-01-01 00:42:06;1199.0;1745678526;93.269;98.59;89.56;103.535;
1900-01-01 00:42:07;1200.0;1745678527;93.269;98.611;89.524;103.488;
