Time;Seconds from start for linreg;Unix Time;ch1 po2;ch2 po2;ch3 po2;ch4 po2;
1900-01-01 23:57:08;1.0;1745675828;100.139;102.024;96.597;103.143;
1900-01-01 23:57:09;2.0;1745675829;100.147;102.041;96.597;103.143;
1900-01-01 23:57:10;3.0;1745675830;100.147;102.041;96.625;103.206;
1900-01-01 23:57:11;4.0;1745675831;100.142;102.063;96.647;103.206;
1900-01-01 23:57:13;5.0;1745675833;100.201;102.092;96.647;103.132;
1900-01-01 23:57:13;6.0;1745675833;100.201;102.092;96.546;103.193;
1900-01-01 23:57:14;7.0;1745675834;100.139;102.117;96.683;103.193;
1900-01-01 23:57:15;8.0;1745675835;100.163;102.041;96.683;103.215;
1900-01-01 23:57:16;9.0;1745675836;100.163;102.041;96.696;103.18;
1900-01-01 23:57:17;10.0;1745675837;100.17;102.165;96.772;103.18;
1900-01-01 23:57:18;11.0;1745675838;100.218;102.126;96.772;103.209;
1900-01-01 23:57:19;12.0;1745675839;100.218;102.126;96.678;103.157;
1900-01-01 23:57:20;13.0;1745675840;100.211;102.138;96.478;103.157;
1900-01-01 23:57:21;14.0;1745675841;100.225;102.138;96.478;103.119;
1900-01-01 23:57:22;15.0;1745675842;100.225;102.098;96.422;103.141;
1900-01-01 23:57:23;16.0;1745675843;100.163;102.077;96.4;103.141;
1900-01-01 23:57:24;17.0;1745675844;100.127;102.077;96.4;103.171;
1900-01-01 23:57:25;18.0;1745675845;100.127;102.071;96.384;103.149;
1900-01-01 23:57:26;19.0;1745675846;100.037;102.09;96.384;103.149;
1900-01-01 23:57:27;20.0;1745675847;100.042;102.09;96.467;103.176;
1900-01-01 23:57:28;21.0;1745675848;100.042;102.087;96.506;103.279;
1900-01-01 23:57:29;22.0;1745675849;100.014;102.046;96.506;103.279;
1900-01-01 23:57:30;23.0;1745675850;99.898;102.046;96.569;103.119;
1900-01-01 23:57:31;24.0;1745675851;99.898;102.006;96.553;103.152;
1900-01-01 23:57:32;25.0;1745675852;99.963;102.058;96.553;103.152;
1900-01-01 23:57:33;26.0;1745675853;99.963;102.058;96.573;103.199;
1900-01-01 23:57:34;27.0;1745675854;99.946;101.967;96.515;103.199;
1900-01-01 23:57:35;28.0;1745675855;99.982;101.879;96.515;103.103;
1900-01-01 23:57:36;29.0;1745675856;100.023;101.879;96.452;103.212;
1900-01-01 23:57:37;30.0;1745675857;100.023;101.845;96.362;103.212;
1900-01-01 23:57:38;31.0;1745675858;100.054;101.976;96.362;103.12;
1900-01-01 23:57:39;32.0;1745675859;100.054;101.976;96.351;103.184;
1900-01-01 23:57:40;33.0;1745675860;100.185;101.915;96.205;103.184;
1900-01-01 23:57:41;34.0;1745675861;100.159;101.915;96.205;103.219;
1900-01-01 23:57:42;35.0;1745675862;100.159;101.835;96.266;103.137;
1900-01-01 23:57:43;36.0;1745675863;100.236;101.903;96.266;103.137;
1900-01-01 23:57:44;37.0;1745675864;100.173;101.903;96.186;103.198;
1900-01-01 23:57:45;38.0;1745675865;100.173;101.9;96.14;103.22;
1900-01-01 23:57:47;39.0;1745675867;100.182;101.88;96.098;103.22;
1900-01-01 23:57:47;40.0;1745675867;100.258;101.88;96.098;103.201;
1900-01-01 23:57:48;41.0;1745675868;100.258;101.847;96.164;103.108;
1900-01-01 23:57:50;42.0;1745675870;100.173;101.904;96.175;103.108;
1900-01-01 23:57:50;43.0;1745675870;100.164;101.904;96.175;103.253;
1900-01-01 23:57:51;44.0;1745675871;100.164;101.938;96.142;103.215;
1900-01-01 23:57:52;45.0;1745675872;100.139;101.869;96.142;103.215;
1900-01-01 23:57:53;46.0;1745675873;100.139;101.869;96.173;103.209;
1900-01-01 23:57:54;47.0;1745675874;100.209;101.858;96.162;103.209;
1900-01-01 23:57:55;48.0;1745675875;100.191;101.858;96.162;103.162;
1900-01-01 23:57:56;49.0;1745675876;100.191;101.804;96.053;103.201;
1900-01-01 23:57:57;50.0;1745675877;100.227;101.838;96.055;103.201;
1900-01-01 23:57:58;51.0;1745675878;100.219;101.907;96.055;103.239;
1900-01-01 23:57:59;52.0;1745675879;100.219;101.907;95.991;103.183;
1900-01-01 23:58:00;53.0;1745675880;100.148;101.866;96.073;103.183;
1900-01-01 23:58:01;54.0;1745675881;100.28;101.879;96.073;103.158;
1900-01-01 23:58:02;55.0;1745675882;100.28;101.879;96.009;103.102;
1900-01-01 23:58:03;56.0;1745675883;100.285;101.892;96.004;103.102;
1900-01-01 23:58:04;57.0;1745675884;100.266;101.892;96.004;103.161;
1900-01-01 23:58:05;58.0;1745675885;100.266;101.925;96.066;103.133;
1900-01-01 23:58:06;59.0;1745675886;100.147;101.833;96.066;103.133;
1900-01-01 23:58:07;60.0;1745675887;100.091;101.833;96.107;103.153;
1900-01-01 23:58:08;61.0;1745675888;100.091;101.911;96.133;103.197;
1900-01-01 23:58:09;62.0;1745675889;100.021;101.863;96.133;103.197;
1900-01-01 23:58:10;63.0;1745675890;99.965;101.863;96.177;103.196;
1900-01-01 23:58:11;64.0;1745675891;99.965;101.847;96.282;103.187;
1900-01-01 23:58:13;65.0;1745675893;99.915;101.821;96.296;103.187;
1900-01-01 23:58:13;66.0;1745675893;99.915;101.821;96.296;103.211;
1900-01-01 23:58:14;67.0;1745675894;99.848;101.809;96.348;103.221;
1900-01-01 23:58:15;68.0;1745675895;99.808;101.83;96.348;103.221;
1900-01-01 23:58:16;69.0;1745675896;99.722;101.83;96.431;103.197;
1900-01-01 23:58:17;70.0;1745675897;99.722;101.801;96.542;103.197;
1900-01-01 23:58:18;71.0;1745675898;99.797;101.773;96.542;103.327;
1900-01-01 23:58:19;72.0;1745675899;99.797;101.773;96.499;103.184;
1900-01-01 23:58:20;73.0;1745675900;99.74;101.862;96.546;103.184;
1900-01-01 23:58:21;74.0;1745675901;99.745;101.862;96.546;103.15;
1900-01-01 23:58:22;75.0;1745675902;99.745;101.794;96.431;103.201;
1900-01-01 23:58:23;76.0;1745675903;99.785;101.829;96.364;103.201;
1900-01-01 23:58:24;77.0;1745675904;99.768;101.829;96.364;103.263;
1900-01-01 23:58:25;78.0;1745675905;99.768;101.741;96.252;103.245;
1900-01-01 23:58:26;79.0;1745675906;99.932;101.669;96.238;103.245;
1900-01-01 23:58:27;80.0;1745675907;99.972;101.669;96.238;103.07;
1900-01-01 23:58:28;81.0;1745675908;99.972;101.693;96.206;103.204;
1900-01-01 23:58:29;82.0;1745675909;100.092;101.741;96.206;103.204;
1900-01-01 23:58:30;83.0;1745675910;99.975;101.741;96.154;103.219;
1900-01-01 23:58:31;84.0;1745675911;99.975;101.809;96.112;103.212;
1900-01-01 23:58:32;85.0;1745675912;99.915;101.818;96.112;103.212;
1900-01-01 23:58:33;86.0;1745675913;99.911;101.818;96.123;103.262;
1900-01-01 23:58:34;87.0;1745675914;99.911;101.83;96.148;103.235;
1900-01-01 23:58:35;88.0;1745675915;99.879;101.755;96.148;103.235;
1900-01-01 23:58:36;89.0;1745675916;99.814;101.755;96.089;103.172;
1900-01-01 23:58:37;90.0;1745675917;99.814;101.761;96.04;103.278;
1900-01-01 23:58:38;91.0;1745675918;99.775;101.805;96.025;103.278;
1900-01-01 23:58:40;92.0;1745675920;99.68;101.805;96.025;103.247;
1900-01-01 23:58:40;93.0;1745675920;99.68;101.709;95.952;103.312;
1900-01-01 23:58:41;94.0;1745675921;99.642;101.676;95.952;103.312;
1900-01-01 23:58:42;95.0;1745675922;99.73;101.676;95.888;103.222;
1900-01-01 23:58:43;96.0;1745675923;99.73;101.852;95.939;103.222;
1900-01-01 23:58:44;97.0;1745675924;99.579;101.763;95.939;103.295;
1900-01-01 23:58:45;98.0;1745675925;99.611;101.763;95.94;103.196;
1900-01-01 23:58:46;99.0;1745675926;99.611;101.792;95.886;103.155;
1900-01-01 23:58:47;100.0;1745675927;99.602;101.761;95.886;103.155;
1900-01-01 23:58:48;101.0;1745675928;99.682;101.761;95.828;103.14;
1900-01-01 23:58:49;102.0;1745675929;99.682;101.79;95.849;103.19;
1900-01-01 23:58:50;103.0;1745675930;99.678;101.799;95.849;103.19;
1900-01-01 23:58:51;104.0;1745675931;99.678;101.799;95.722;103.139;
1900-01-01 23:58:52;105.0;1745675932;99.673;101.802;95.605;103.139;
1900-01-01 23:58:53;106.0;1745675933;99.816;101.831;95.605;103.171;
1900-01-01 23:58:54;107.0;1745675934;99.816;101.831;95.552;103.141;
1900-01-01 23:58:55;108.0;1745675935;99.798;101.808;95.408;103.141;
1900-01-01 23:58:57;109.0;1745675937;99.712;101.755;95.408;103.115;
1900-01-01 23:58:57;110.0;1745675937;99.712;101.755;95.428;103.169;
1900-01-01 23:58:58;111.0;1745675938;99.801;101.805;95.315;103.169;
1900-01-01 23:58:59;112.0;1745675939;99.766;101.805;95.315;103.181;
1900-01-01 23:59:00;113.0;1745675940;99.766;101.858;95.367;103.201;
1900-01-01 23:59:01;114.0;1745675941;99.791;101.792;95.415;103.201;
1900-01-01 23:59:02;115.0;1745675942;99.759;101.792;95.415;103.233;
1900-01-01 23:59:03;116.0;1745675943;99.759;101.788;95.439;103.215;
1900-01-01 23:59:04;117.0;1745675944;99.769;101.741;95.439;103.215;
1900-01-01 23:59:05;118.0;1745675945;99.868;101.741;95.375;103.158;
1900-01-01 23:59:06;119.0;1745675946;99.868;101.722;95.442;103.158;
1900-01-01 23:59:07;120.0;1745675947;99.749;101.772;95.442;103.226;
1900-01-01 23:59:08;121.0;1745675948;99.818;101.772;95.417;103.214;
1900-01-01 23:59:09;122.0;1745675949;99.818;101.774;95.358;103.184;
1900-01-01 23:59:10;123.0;1745675950;99.748;101.667;95.358;103.184;
1900-01-01 23:59:11;124.0;1745675951;99.748;101.667;95.357;103.167;
1900-01-01 23:59:12;125.0;1745675952;99.726;101.73;95.426;103.167;
1900-01-01 23:59:13;126.0;1745675953;99.791;101.66;95.426;103.2;
1900-01-01 23:59:14;127.0;1745675954;99.661;101.66;95.278;103.084;
1900-01-01 23:59:15;128.0;1745675955;99.661;101.682;95.341;103.134;
1900-01-01 23:59:16;129.0;1745675956;99.711;101.676;95.341;103.134;
1900-01-01 23:59:17;130.0;1745675957;99.711;101.676;95.287;103.086;
1900-01-01 23:59:18;131.0;1745675958;99.649;101.693;95.295;103.174;
1900-01-01 23:59:19;132.0;1745675959;99.658;101.623;95.295;103.174;
1900-01-01 23:59:20;133.0;1745675960;99.697;101.623;95.347;103.112;
1900-01-01 23:59:21;134.0;1745675961;99.697;101.666;95.373;103.112;
1900-01-01 23:59:22;135.0;1745675962;99.599;101.65;95.373;103.244;
1900-01-01 23:59:23;136.0;1745675963;99.599;101.65;95.373;103.189;
1900-01-01 23:59:24;137.0;1745675964;99.676;101.593;95.399;103.189;
1900-01-01 23:59:25;138.0;1745675965;99.727;101.617;95.399;103.137;
1900-01-01 23:59:26;139.0;1745675966;99.727;101.617;95.388;103.128;
1900-01-01 23:59:28;140.0;1745675968;99.639;101.66;95.418;103.128;
1900-01-01 23:59:28;141.0;1745675968;99.581;101.66;95.418;103.221;
1900-01-01 23:59:29;142.0;1745675969;99.581;101.65;95.417;103.262;
1900-01-01 23:59:31;143.0;1745675971;99.595;101.697;95.394;103.262;
1900-01-01 23:59:31;144.0;1745675971;99.645;101.697;95.394;103.147;
1900-01-01 23:59:32;145.0;1745675972;99.645;101.68;95.298;103.163;
1900-01-01 23:59:34;146.0;1745675974;99.561;101.601;95.239;103.163;
1900-01-01 23:59:34;147.0;1745675974;99.568;101.601;95.239;103.158;
1900-01-01 23:59:35;148.0;1745675975;99.568;101.607;95.304;103.157;
1900-01-01 23:59:37;149.0;1745675977;99.592;101.641;95.22;103.157;
1900-01-01 23:59:37;150.0;1745675977;99.592;101.641;95.22;103.141;
1900-01-01 23:59:38;151.0;1745675978;99.488;101.606;95.133;103.195;
1900-01-01 23:59:39;152.0;1745675979;99.573;101.624;95.133;103.195;
1900-01-01 23:59:40;153.0;1745675980;99.573;101.624;94.978;103.116;
1900-01-01 23:59:41;154.0;1745675981;99.43;101.64;94.879;103.116;
1900-01-01 23:59:42;155.0;1745675982;99.465;101.553;94.879;103.221;
1900-01-01 23:59:43;156.0;1745675983;99.465;101.553;94.89;103.167;
1900-01-01 23:59:44;157.0;1745675984;99.385;101.62;94.87;103.167;
1900-01-01 23:59:45;158.0;1745675985;99.348;101.461;94.87;103.108;
1900-01-01 23:59:46;159.0;1745675986;99.348;101.461;94.964;103.252;
1900-01-01 23:59:47;160.0;1745675987;99.366;101.474;95.03;103.252;
1900-01-01 23:59:48;161.0;1745675988;99.372;101.474;95.03;103.24;
1900-01-01 23:59:49;162.0;1745675989;99.372;101.457;95.043;103.193;
1900-01-01 23:59:50;163.0;1745675990;99.415;101.46;95.248;103.193;
1900-01-01 23:59:51;164.0;1745675991;99.405;101.46;95.248;103.223;
1900-01-01 23:59:52;165.0;1745675992;99.405;101.488;95.196;103.179;
1900-01-01 23:59:53;166.0;1745675993;99.416;101.446;95.123;103.179;
1900-01-01 23:59:54;167.0;1745675994;99.427;101.446;95.123;103.133;
1900-01-01 23:59:55;168.0;1745675995;99.427;101.506;95.045;103.318;
1900-01-01 23:59:56;169.0;1745675996;99.389;101.577;95.113;103.318;
1900-01-01 23:59:57;170.0;1745675997;99.427;101.577;95.113;103.283;
1900-01-01 23:59:58;171.0;1745675998;99.427;101.517;95.081;103.177;
1900-01-01 23:59:59;-86228.0;1745675999;99.371;101.555;95.066;103.177;
1900-01-01 00:00:00;-86227.0;1745676000;99.291;101.555;95.066;103.166;
1900-01-01 00:00:01;-86226.0;1745676001;99.291;101.489;95.05;103.21;
1900-01-01 00:00:02;-86225.0;1745676002;99.318;101.581;95.05;103.21;
1900-01-01 00:00:03;-86224.0;1745676003;99.306;101.581;95.025;103.221;
1900-01-01 00:00:04;-86223.0;1745676004;99.306;101.597;94.861;103.253;
1900-01-01 00:00:05;-86222.0;1745676005;99.295;101.534;94.861;103.253;
1900-01-01 00:00:06;-86221.0;1745676006;99.428;101.534;94.868;103.213;
1900-01-01 00:00:07;-86220.0;1745676007;99.428;101.531;94.864;103.295;
1900-01-01 00:00:08;-86219.0;1745676008;99.459;101.559;94.864;103.295;
1900-01-01 00:00:09;-86218.0;1745676009;99.459;101.559;94.911;103.261;
1900-01-01 00:00:10;-86217.0;1745676010;99.52;101.473;94.868;103.137;
1900-01-01 00:00:12;-86216.0;1745676012;99.528;101.588;94.868;103.137;
1900-01-01 00:00:12;-86215.0;1745676012;99.528;101.588;94.87;103.188;
1900-01-01 00:00:13;-86214.0;1745676013;99.501;101.554;94.866;103.188;
1900-01-01 00:00:14;-86213.0;1745676014;99.549;101.489;94.866;103.172;
1900-01-01 00:00:15;-86212.0;1745676015;99.549;101.489;94.927;103.227;
1900-01-01 00:00:16;-86211.0;1745676016;99.434;101.54;95.007;103.227;
1900-01-01 00:00:17;-86210.0;1745676017;99.467;101.456;95.007;103.294;
1900-01-01 00:00:18;-86209.0;1745676018;99.467;101.456;95.059;103.266;
1900-01-01 00:00:19;-86208.0;1745676019;99.491;101.55;95.014;103.266;
1900-01-01 00:00:20;-86207.0;1745676020;99.489;101.55;95.014;103.236;
1900-01-01 00:00:21;-86206.0;1745676021;99.489;101.519;94.887;103.222;
1900-01-01 00:00:23;-86205.0;1745676023;99.454;101.459;94.783;103.222;
1900-01-01 00:00:23;-86204.0;1745676023;99.342;101.459;94.783;103.192;
1900-01-01 00:00:24;-86203.0;1745676024;99.342;101.455;94.858;103.262;
1900-01-01 00:00:25;-86202.0;1745676025;99.394;101.469;94.81;103.262;
1900-01-01 00:00:26;-86201.0;1745676026;99.385;101.469;94.81;103.235;
1900-01-01 00:00:27;-86200.0;1745676027;99.385;101.545;94.82;103.161;
1900-01-01 00:00:28;-86199.0;1745676028;99.401;101.534;94.878;103.161;
1900-01-01 00:00:29;-86198.0;1745676029;99.322;101.534;94.878;103.15;
1900-01-01 00:00:30;-86197.0;1745676030;99.322;101.526;94.893;103.189;
1900-01-01 00:00:32;-86196.0;1745676032;99.369;101.528;94.881;103.189;
1900-01-01 00:00:32;-86195.0;1745676032;99.287;101.528;94.881;103.175;
1900-01-01 00:00:33;-86194.0;1745676033;99.287;101.505;94.807;103.214;
1900-01-01 00:00:34;-86193.0;1745676034;99.376;101.369;94.807;103.214;
1900-01-01 00:00:35;-86192.0;1745676035;99.191;101.369;94.758;103.158;
1900-01-01 00:00:36;-86191.0;1745676036;99.191;101.5;94.627;103.16;
1900-01-01 00:00:37;-86190.0;1745676037;99.234;101.524;94.627;103.16;
1900-01-01 00:00:38;-86189.0;1745676038;99.234;101.524;94.588;103.155;
1900-01-01 00:00:39;-86188.0;1745676039;99.155;101.455;94.517;103.155;
1900-01-01 00:00:40;-86187.0;1745676040;99.144;101.579;94.517;103.147;
1900-01-01 00:00:41;-86186.0;1745676041;99.144;101.579;94.564;103.197;
1900-01-01 00:00:42;-86185.0;1745676042;99.197;101.554;94.576;103.197;
1900-01-01 00:00:43;-86184.0;1745676043;99.212;101.451;94.576;103.247;
1900-01-01 00:00:44;-86183.0;1745676044;99.212;101.451;94.552;103.177;
1900-01-01 00:00:45;-86182.0;1745676045;99.227;101.517;94.541;103.177;
1900-01-01 00:00:46;-86181.0;1745676046;99.146;101.517;94.541;103.261;
1900-01-01 00:00:47;-86180.0;1745676047;99.146;101.404;94.575;103.25;
1900-01-01 00:00:48;-86179.0;1745676048;99.08;101.466;94.515;103.25;
1900-01-01 00:00:49;-86178.0;1745676049;99.145;101.466;94.515;103.153;
1900-01-01 00:00:50;-86177.0;1745676050;99.145;101.421;94.513;103.246;
1900-01-01 00:00:51;-86176.0;1745676051;99.132;101.377;94.513;103.246;
1900-01-01 00:00:52;-86175.0;1745676052;99.185;101.377;94.578;103.316;
1900-01-01 00:00:53;-86174.0;1745676053;99.185;101.375;94.608;103.286;
1900-01-01 00:00:54;-86173.0;1745676054;99.183;101.317;94.608;103.286;
1900-01-01 00:00:55;-86172.0;1745676055;99.044;101.317;94.604;103.14;
1900-01-01 00:00:56;-86171.0;1745676056;99.044;101.335;94.632;103.152;
1900-01-01 00:00:57;-86170.0;1745676057;99.162;101.316;94.632;103.152;
1900-01-01 00:00:58;-86169.0;1745676058;99.063;101.316;94.657;103.215;
1900-01-01 00:00:59;-86168.0;1745676059;99.063;101.283;94.679;103.215;
1900-01-01 00:01:00;-86167.0;1745676060;99.087;101.398;94.679;103.274;
1900-01-01 00:01:01;-86166.0;1745676061;99.087;101.398;94.605;103.206;
1900-01-01 00:01:02;-86165.0;1745676062;99.053;101.328;94.608;103.206;
1900-01-01 00:01:03;-86164.0;1745676063;99.105;101.416;94.608;103.149;
1900-01-01 00:01:04;-86163.0;1745676064;99.105;101.416;94.566;103.186;
1900-01-01 00:01:05;-86162.0;1745676065;99.092;101.355;94.588;103.186;
1900-01-01 00:01:06;-86161.0;1745676066;99.146;101.355;94.588;103.263;
1900-01-01 00:01:07;-86160.0;1745676067;99.146;101.379;94.531;103.269;
1900-01-01 00:01:08;-86159.0;1745676068;99.203;101.357;94.531;103.269;
1900-01-01 00:01:09;-86158.0;1745676069;99.19;101.357;94.48;103.213;
1900-01-01 00:01:10;-86157.0;1745676070;99.19;101.324;94.425;103.325;
1900-01-01 00:01:11;-86156.0;1745676071;99.168;101.38;94.425;103.325;
1900-01-01 00:01:12;-86155.0;1745676072;99.202;101.38;94.321;103.137;
1900-01-01 00:01:13;-86154.0;1745676073;99.202;101.208;94.241;103.29;
1900-01-01 00:01:14;-86153.0;1745676074;99.244;101.297;94.177;103.29;
1900-01-01 00:01:15;-86152.0;1745676075;99.295;101.297;94.177;103.242;
1900-01-01 00:01:16;-86151.0;1745676076;99.295;101.332;94.158;103.168;
1900-01-01 00:01:17;-86150.0;1745676077;99.253;101.364;94.158;103.168;
1900-01-01 00:01:18;-86149.0;1745676078;99.23;101.364;94.065;103.322;
1900-01-01 00:01:19;-86148.0;1745676079;99.23;101.43;94.09;103.322;
1900-01-01 00:01:20;-86147.0;1745676080;99.24;101.356;94.09;103.149;
1900-01-01 00:01:22;-86146.0;1745676082;99.173;101.356;94.018;103.108;
1900-01-01 00:01:22;-86145.0;1745676082;99.173;101.333;94.182;103.108;
1900-01-01 00:01:23;-86144.0;1745676083;99.092;101.321;94.182;103.214;
1900-01-01 00:01:24;-86143.0;1745676084;99.092;101.321;94.151;103.271;
1900-01-01 00:01:25;-86142.0;1745676085;99.179;101.354;94.16;103.271;
1900-01-01 00:01:26;-86141.0;1745676086;99.083;101.246;94.16;103.249;
1900-01-01 00:01:27;-86140.0;1745676087;99.083;101.246;94.12;103.245;
1900-01-01 00:01:28;-86139.0;1745676088;99.101;101.281;94.091;103.245;
1900-01-01 00:01:29;-86138.0;1745676089;99.066;101.281;94.091;103.125;
1900-01-01 00:01:30;-86137.0;1745676090;99.066;101.289;94.102;103.242;
1900-01-01 00:01:31;-86136.0;1745676091;99.108;101.331;94.102;103.242;
1900-01-01 00:01:32;-86135.0;1745676092;99.073;101.331;94.145;103.21;
1900-01-01 00:01:33;-86134.0;1745676093;99.073;101.323;94.19;103.248;
1900-01-01 00:01:34;-86133.0;1745676094;99.058;101.34;94.128;103.248;
1900-01-01 00:01:35;-86132.0;1745676095;99.089;101.34;94.128;103.214;
1900-01-01 00:01:36;-86131.0;1745676096;99.089;101.319;94.089;103.359;
1900-01-01 00:01:37;-86130.0;1745676097;99.081;101.292;94.154;103.359;
1900-01-01 00:01:39;-86129.0;1745676099;98.987;101.292;94.154;103.253;
1900-01-01 00:01:39;-86128.0;1745676099;98.987;101.253;94.18;103.207;
1900-01-01 00:01:40;-86127.0;1745676100;98.982;101.263;94.18;103.207;
1900-01-01 00:01:42;-86126.0;1745676102;98.995;101.263;94.015;103.275;
1900-01-01 00:01:42;-86125.0;1745676102;98.995;101.298;93.923;103.275;
1900-01-01 00:01:43;-86124.0;1745676103;98.898;101.28;93.923;103.261;
1900-01-01 00:01:44;-86123.0;1745676104;98.898;101.28;93.871;103.244;
1900-01-01 00:01:45;-86122.0;1745676105;98.811;101.224;93.688;103.244;
1900-01-01 00:01:46;-86121.0;1745676106;98.873;101.224;93.688;103.207;
1900-01-01 00:01:47;-86120.0;1745676107;98.873;101.294;93.653;103.305;
1900-01-01 00:01:48;-86119.0;1745676108;98.859;101.254;93.726;103.305;
1900-01-01 00:01:49;-86118.0;1745676109;98.898;101.254;93.726;103.217;
1900-01-01 00:01:50;-86117.0;1745676110;98.898;101.292;93.739;103.193;
1900-01-01 00:01:51;-86116.0;1745676111;98.852;101.245;93.739;103.193;
1900-01-01 00:01:52;-86115.0;1745676112;98.954;101.245;93.692;103.275;
1900-01-01 00:01:53;-86114.0;1745676113;98.954;101.181;93.665;103.238;
1900-01-01 00:01:54;-86113.0;1745676114;98.954;101.245;93.665;103.238;
1900-01-01 00:01:55;-86112.0;1745676115;98.954;101.245;93.629;103.273;
1900-01-01 00:01:56;-86111.0;1745676116;98.984;101.299;93.665;103.243;
1900-01-01 00:01:57;-86110.0;1745676117;98.969;101.363;93.665;103.243;
1900-01-01 00:01:58;-86109.0;1745676118;98.969;101.363;93.522;103.263;
1900-01-01 00:01:59;-86108.0;1745676119;98.905;101.213;93.459;103.263;
1900-01-01 00:02:01;-86107.0;1745676121;98.799;101.18;93.459;103.246;
1900-01-01 00:02:01;-86106.0;1745676121;98.799;101.18;93.387;103.185;
1900-01-01 00:02:02;-86105.0;1745676122;98.818;101.267;93.441;103.185;
1900-01-01 00:02:04;-86104.0;1745676124;98.76;101.351;93.441;103.131;
1900-01-01 00:02:04;-86103.0;1745676124;98.76;101.351;93.433;103.216;
1900-01-01 00:02:05;-86102.0;1745676125;98.663;101.216;93.431;103.216;
1900-01-01 00:02:06;-86101.0;1745676126;98.611;101.267;93.431;103.162;
1900-01-01 00:02:07;-86100.0;1745676127;98.611;101.267;93.47;103.245;
1900-01-01 00:02:08;-86099.0;1745676128;98.653;101.329;93.45;103.245;
1900-01-01 00:02:09;-86098.0;1745676129;98.698;101.329;93.45;103.185;
1900-01-01 00:02:10;-86097.0;1745676130;98.698;101.301;93.431;103.216;
1900-01-01 00:02:11;-86096.0;1745676131;98.657;101.254;93.431;103.216;
1900-01-01 00:02:12;-86095.0;1745676132;98.784;101.254;93.38;103.228;
1900-01-01 00:02:13;-86094.0;1745676133;98.784;101.265;93.315;103.195;
1900-01-01 00:02:14;-86093.0;1745676134;98.73;101.236;93.383;103.195;
1900-01-01 00:02:15;-86092.0;1745676135;98.767;101.236;93.383;103.242;
1900-01-01 00:02:16;-86091.0;1745676136;98.767;101.154;93.367;103.242;
1900-01-01 00:02:17;-86090.0;1745676137;98.754;101.209;93.367;103.28;
1900-01-01 00:02:18;-86089.0;1745676138;98.716;101.209;93.482;103.236;
1900-01-01 00:02:19;-86088.0;1745676139;98.716;101.229;93.565;103.184;
1900-01-01 00:02:20;-86087.0;1745676140;98.667;101.23;93.565;103.184;
1900-01-01 00:02:21;-86086.0;1745676141;98.667;101.23;93.571;103.226;
1900-01-01 00:02:22;-86085.0;1745676142;98.654;101.222;93.612;103.226;
1900-01-01 00:02:23;-86084.0;1745676143;98.674;101.196;93.612;103.21;
1900-01-01 00:02:24;-86083.0;1745676144;98.674;101.196;93.59;103.26;
1900-01-01 00:02:25;-86082.0;1745676145;98.776;101.147;93.684;103.26;
1900-01-01 00:02:26;-86081.0;1745676146;98.7;101.147;93.684;103.23;
1900-01-01 00:02:27;-86080.0;1745676147;98.7;101.067;93.712;103.321;
1900-01-01 00:02:29;-86079.0;1745676149;98.703;101.001;93.64;103.321;
1900-01-01 00:02:29;-86078.0;1745676149;98.734;101.001;93.64;103.213;
1900-01-01 00:02:30;-86077.0;1745676150;98.734;101.08;93.619;103.252;
1900-01-01 00:02:31;-86076.0;1745676151;98.74;101.011;93.689;103.252;
1900-01-01 00:02:32;-86075.0;1745676152;98.72;101.011;93.689;103.257;
1900-01-01 00:02:34;-86074.0;1745676154;98.72;101.01;93.631;103.2;
1900-01-01 00:02:34;-86073.0;1745676154;98.739;101.002;93.631;103.2;
1900-01-01 00:02:35;-86072.0;1745676155;98.749;101.002;93.652;103.356;
1900-01-01 00:02:36;-86071.0;1745676156;98.749;101.056;93.672;103.26;
1900-01-01 00:02:37;-86070.0;1745676157;98.789;101.108;93.672;103.26;
1900-01-01 00:02:38;-86069.0;1745676158;98.729;101.108;93.6;103.226;
1900-01-01 00:02:39;-86068.0;1745676159;98.729;101.018;93.613;103.226;
1900-01-01 00:02:40;-86067.0;1745676160;98.717;101.107;93.613;103.179;
1900-01-01 00:02:41;-86066.0;1745676161;98.717;101.107;93.63;103.263;
1900-01-01 00:02:42;-86065.0;1745676162;98.771;101.065;93.504;103.224;
1900-01-01 00:02:44;-86064.0;1745676164;98.84;101.005;93.504;103.224;
1900-01-01 00:02:44;-86063.0;1745676164;98.84;101.005;93.56;103.224;
1900-01-01 00:02:45;-86062.0;1745676165;98.735;101.024;93.522;103.194;
1900-01-01 00:02:46;-86061.0;1745676166;98.719;101.024;93.522;103.194;
1900-01-01 00:02:47;-86060.0;1745676167;98.719;100.99;93.409;103.229;
1900-01-01 00:02:48;-86059.0;1745676168;98.774;101.085;93.353;103.229;
1900-01-01 00:02:50;-86058.0;1745676170;98.711;101.071;93.353;103.226;
1900-01-01 00:02:50;-86057.0;1745676170;98.711;101.071;93.328;103.235;
1900-01-01 00:02:51;-86056.0;1745676171;98.636;101.104;93.22;103.235;
1900-01-01 00:02:53;-86055.0;1745676173;98.692;101.043;93.22;103.178;
1900-01-01 00:02:53;-86054.0;1745676173;98.692;101.043;93.229;103.294;
1900-01-01 00:02:54;-86053.0;1745676174;98.705;101.149;93.18;103.294;
1900-01-01 00:02:55;-86052.0;1745676175;98.665;101.149;93.18;103.191;
1900-01-01 00:02:56;-86051.0;1745676176;98.665;101.17;93.163;103.204;
1900-01-01 00:02:57;-86050.0;1745676177;98.551;101.108;93.163;103.204;
1900-01-01 00:02:58;-86049.0;1745676178;98.585;101.108;93.089;103.171;
1900-01-01 00:02:59;-86048.0;1745676179;98.585;101.11;92.946;103.171;
1900-01-01 00:03:00;-86047.0;1745676180;98.565;101.132;92.946;103.244;
1900-01-01 00:03:01;-86046.0;1745676181;98.504;101.132;92.879;103.265;
1900-01-01 00:03:03;-86045.0;1745676183;98.504;101.038;92.766;103.296;
1900-01-01 00:03:03;-86044.0;1745676183;98.5;101.105;92.766;103.296;
1900-01-01 00:03:04;-86043.0;1745676184;98.5;101.105;92.722;103.192;
1900-01-01 00:03:05;-86042.0;1745676185;98.53;101.054;92.736;103.192;
1900-01-01 00:03:06;-86041.0;1745676186;98.424;101.054;92.736;103.239;
1900-01-01 00:03:07;-86040.0;1745676187;98.424;101.107;92.761;103.248;
1900-01-01 00:03:08;-86039.0;1745676188;98.522;101.109;92.779;103.248;
1900-01-01 00:03:09;-86038.0;1745676189;98.437;101.109;92.779;103.307;
1900-01-01 00:03:10;-86037.0;1745676190;98.437;101.076;92.698;103.199;
1900-01-01 00:03:11;-86036.0;1745676191;98.427;100.939;92.698;103.199;
1900-01-01 00:03:12;-86035.0;1745676192;98.494;100.939;92.68;103.285;
1900-01-01 00:03:13;-86034.0;1745676193;98.494;101.13;92.704;103.304;
1900-01-01 00:03:14;-86033.0;1745676194;98.441;101.033;92.704;103.304;
1900-01-01 00:03:15;-86032.0;1745676195;98.494;101.033;92.661;103.337;
1900-01-01 00:03:16;-86031.0;1745676196;98.494;101.024;92.672;103.284;
1900-01-01 00:03:17;-86030.0;1745676197;98.51;101.053;92.672;103.284;
1900-01-01 00:03:18;-86029.0;1745676198;98.503;101.053;92.642;103.27;
1900-01-01 00:03:19;-86028.0;1745676199;98.503;101.032;92.628;103.208;
1900-01-01 00:03:20;-86027.0;1745676200;98.411;101.027;92.628;103.208;
1900-01-01 00:03:21;-86026.0;1745676201;98.411;101.027;92.6;103.228;
1900-01-01 00:03:22;-86025.0;1745676202;98.448;101.004;92.471;103.239;
1900-01-01 00:03:23;-86024.0;1745676203;98.482;100.909;92.471;103.239;
1900-01-01 00:03:24;-86023.0;1745676204;98.532;100.909;92.488;103.237;
1900-01-01 00:03:25;-86022.0;1745676205;98.532;100.931;92.364;103.237;
1900-01-01 00:03:26;-86021.0;1745676206;98.5;100.974;92.364;103.261;
1900-01-01 00:03:27;-86020.0;1745676207;98.5;100.974;92.334;103.217;
1900-01-01 00:03:28;-86019.0;1745676208;98.527;100.977;92.169;103.235;
1900-01-01 00:03:29;-86018.0;1745676209;98.498;100.977;92.169;103.235;
1900-01-01 00:03:30;-86017.0;1745676210;98.498;100.995;92.081;103.231;
1900-01-01 00:03:31;-86016.0;1745676211;98.566;100.943;91.977;103.231;
1900-01-01 00:03:32;-86015.0;1745676212;98.55;100.943;91.977;103.349;
1900-01-01 00:03:33;-86014.0;1745676213;98.55;100.968;91.857;103.221;
1900-01-01 00:03:34;-86013.0;1745676214;98.494;100.992;91.777;103.221;
1900-01-01 00:03:35;-86012.0;1745676215;98.56;100.992;91.777;103.193;
1900-01-01 00:03:36;-86011.0;1745676216;98.56;100.984;91.608;103.334;
1900-01-01 00:03:37;-86010.0;1745676217;98.512;100.985;91.59;103.334;
1900-01-01 00:03:38;-86009.0;1745676218;98.405;100.985;91.59;103.247;
1900-01-01 00:03:39;-86008.0;1745676219;98.405;100.947;91.596;103.29;
1900-01-01 00:03:40;-86007.0;1745676220;98.379;100.978;91.596;103.29;
1900-01-01 00:03:42;-86006.0;1745676222;98.362;100.978;91.667;103.298;
1900-01-01 00:03:42;-86005.0;1745676222;98.362;100.966;91.77;103.309;
1900-01-01 00:03:43;-86004.0;1745676223;98.287;100.9;91.77;103.309;
1900-01-01 00:03:44;-86003.0;1745676224;98.271;100.9;91.709;103.22;
1900-01-01 00:03:45;-86002.0;1745676225;98.271;100.802;91.567;103.22;
1900-01-01 00:03:46;-86001.0;1745676226;98.201;100.9;91.567;103.211;
1900-01-01 00:03:48;-86000.0;1745676228;98.266;100.9;91.466;103.209;
1900-01-01 00:03:48;-85999.0;1745676228;98.266;100.847;91.464;103.209;
1900-01-01 00:03:49;-85998.0;1745676229;98.228;100.82;91.464;103.232;
1900-01-01 00:03:50;-85997.0;1745676230;98.228;100.82;91.512;103.247;
1900-01-01 00:03:51;-85996.0;1745676231;98.334;100.844;91.646;103.247;
1900-01-01 00:03:52;-85995.0;1745676232;98.224;100.868;91.646;103.303;
1900-01-01 00:03:53;-85994.0;1745676233;98.224;100.868;91.842;103.191;
1900-01-01 00:03:54;-85993.0;1745676234;98.219;100.89;91.931;103.191;
1900-01-01 00:03:55;-85992.0;1745676235;98.167;100.89;91.931;103.236;
1900-01-01 00:03:56;-85991.0;1745676236;98.167;100.895;91.914;103.223;
1900-01-01 00:03:57;-85990.0;1745676237;98.278;100.85;91.858;103.223;
1900-01-01 00:03:58;-85989.0;1745676238;98.299;100.85;91.858;103.229;
1900-01-01 00:03:59;-85988.0;1745676239;98.299;100.813;91.859;103.231;
1900-01-01 00:04:00;-85987.0;1745676240;98.294;100.816;91.738;103.231;
1900-01-01 00:04:01;-85986.0;1745676241;98.322;100.816;91.738;103.264;
1900-01-01 00:04:02;-85985.0;1745676242;98.322;100.872;91.593;103.168;
1900-01-01 00:04:03;-85984.0;1745676243;98.318;100.693;91.57;103.168;
1900-01-01 00:04:04;-85983.0;1745676244;98.359;100.693;91.57;103.241;
1900-01-01 00:04:05;-85982.0;1745676245;98.359;100.82;91.636;103.184;
1900-01-01 00:04:06;-85981.0;1745676246;98.274;100.806;91.636;103.184;
1900-01-01 00:04:07;-85980.0;1745676247;98.341;100.806;91.753;103.177;
1900-01-01 00:04:08;-85979.0;1745676248;98.341;100.818;91.818;103.177;
1900-01-01 00:04:09;-85978.0;1745676249;98.246;100.771;91.818;103.29;
1900-01-01 00:04:10;-85977.0;1745676250;98.373;100.771;91.944;103.22;
1900-01-01 00:04:11;-85976.0;1745676251;98.373;100.74;91.985;103.229;
1900-01-01 00:04:12;-85975.0;1745676252;98.292;100.83;92.007;103.229;
1900-01-01 00:04:13;-85974.0;1745676253;98.369;100.83;92.007;103.233;
1900-01-01 00:04:14;-85973.0;1745676254;98.369;100.765;91.923;103.194;
1900-01-01 00:04:15;-85972.0;1745676255;98.318;100.832;91.923;103.194;
1900-01-01 00:04:16;-85971.0;1745676256;98.286;100.832;91.901;103.251;
1900-01-01 00:04:17;-85970.0;1745676257;98.286;100.763;91.714;103.237;
1900-01-01 00:04:18;-85969.0;1745676258;98.261;100.839;91.587;103.237;
1900-01-01 00:04:19;-85968.0;1745676259;98.234;100.839;91.587;103.215;
1900-01-01 00:04:20;-85967.0;1745676260;98.234;100.736;91.504;103.207;
1900-01-01 00:04:21;-85966.0;1745676261;98.261;100.728;91.456;103.207;
1900-01-01 00:04:22;-85965.0;1745676262;98.191;100.728;91.456;103.309;
1900-01-01 00:04:23;-85964.0;1745676263;98.191;100.798;91.51;103.171;
1900-01-01 00:04:24;-85963.0;1745676264;98.254;100.791;91.51;103.171;
1900-01-01 00:04:25;-85962.0;1745676265;98.251;100.791;91.527;103.287;
1900-01-01 00:04:26;-85961.0;1745676266;98.251;100.819;91.508;103.239;
1900-01-01 00:04:27;-85960.0;1745676267;98.245;100.805;91.508;103.239;
1900-01-01 00:04:28;-85959.0;1745676268;98.243;100.805;91.331;103.239;
1900-01-01 00:04:29;-85958.0;1745676269;98.243;100.704;91.218;103.261;
1900-01-01 00:04:30;-85957.0;1745676270;98.272;100.8;91.218;103.261;
1900-01-01 00:04:32;-85956.0;1745676272;98.231;100.8;91.246;103.29;
1900-01-01 00:04:32;-85955.0;1745676272;98.231;100.766;91.164;103.29;
1900-01-01 00:04:33;-85954.0;1745676273;98.207;100.781;91.164;103.256;
1900-01-01 00:04:35;-85953.0;1745676275;98.184;100.781;91.254;103.136;
1900-01-01 00:04:35;-85952.0;1745676275;98.184;100.679;91.183;103.136;
1900-01-01 00:04:36;-85951.0;1745676276;98.248;100.753;91.183;103.32;
1900-01-01 00:04:37;-85950.0;1745676277;98.248;100.753;91.037;103.333;
1900-01-01 00:04:38;-85949.0;1745676278;98.253;100.725;91.007;103.333;
1900-01-01 00:04:39;-85948.0;1745676279;98.234;100.825;91.007;103.28;
1900-01-01 00:04:40;-85947.0;1745676280;98.234;100.825;91.056;103.29;
1900-01-01 00:04:41;-85946.0;1745676281;98.299;100.807;91.08;103.29;
1900-01-01 00:04:43;-85945.0;1745676283;98.311;100.77;91.08;103.241;
1900-01-01 00:04:43;-85944.0;1745676283;98.311;100.77;91.071;103.251;
1900-01-01 00:04:44;-85943.0;1745676284;98.279;100.766;91.012;103.251;
1900-01-01 00:04:45;-85942.0;1745676285;98.276;100.766;91.012;103.244;
1900-01-01 00:04:46;-85941.0;1745676286;98.276;100.744;91.142;103.219;
1900-01-01 00:04:47;-85940.0;1745676287;98.285;100.843;91.097;103.219;
1900-01-01 00:04:49;-85939.0;1745676289;98.203;100.843;91.097;103.266;
1900-01-01 00:04:49;-85938.0;1745676289;98.203;100.767;91.045;103.268;
1900-01-01 00:04:50;-85937.0;1745676290;98.24;100.764;91.045;103.268;
1900-01-01 00:04:51;-85936.0;1745676291;98.26;100.764;90.986;103.143;
1900-01-01 00:04:52;-85935.0;1745676292;98.26;100.77;90.806;103.143;
1900-01-01 00:04:53;-85934.0;1745676293;98.14;100.741;90.806;103.25;
1900-01-01 00:04:55;-85933.0;1745676295;98.084;100.741;90.851;103.206;
1900-01-01 00:04:55;-85932.0;1745676295;98.084;100.717;90.8;103.206;
1900-01-01 00:04:56;-85931.0;1745676296;98.095;100.714;90.8;103.277;
1900-01-01 00:04:57;-85930.0;1745676297;98.095;100.714;90.809;103.169;
1900-01-01 00:04:58;-85929.0;1745676298;98.078;100.66;90.787;103.169;
1900-01-01 00:04:59;-85928.0;1745676299;97.959;100.674;90.787;103.146;
1900-01-01 00:05:00;-85927.0;1745676300;97.991;100.674;90.784;103.195;
1900-01-01 00:05:01;-85926.0;1745676301;97.991;100.708;90.735;103.195;
1900-01-01 00:05:02;-85925.0;1745676302;98.082;100.677;90.735;103.27;
1900-01-01 00:05:03;-85924.0;1745676303;98.082;100.677;90.768;103.334;
1900-01-01 00:05:04;-85923.0;1745676304;98.047;100.711;90.711;103.334;
1900-01-01 00:05:05;-85922.0;1745676305;97.921;100.711;90.711;103.179;
1900-01-01 00:05:06;-85921.0;1745676306;97.921;100.656;90.696;103.23;
1900-01-01 00:05:08;-85920.0;1745676308;97.961;100.651;90.78;103.23;
1900-01-01 00:05:08;-85919.0;1745676308;97.95;100.651;90.78;103.174;
1900-01-01 00:05:09;-85918.0;1745676309;97.95;100.591;90.83;103.18;
1900-01-01 00:05:10;-85917.0;1745676310;97.983;100.578;90.83;103.18;
1900-01-01 00:05:11;-85916.0;1745676311;97.947;100.578;91.03;103.206;
1900-01-01 00:05:12;-85915.0;1745676312;97.947;100.605;91.008;103.273;
1900-01-01 00:05:13;-85914.0;1745676313;97.905;100.492;91.068;103.273;
1900-01-01 00:05:14;-85913.0;1745676314;97.984;100.492;91.068;103.168;
1900-01-01 00:05:15;-85912.0;1745676315;97.984;100.599;91.006;103.257;
1900-01-01 00:05:17;-85911.0;1745676317;97.968;100.53;90.815;103.257;
1900-01-01 00:05:17;-85910.0;1745676317;97.935;100.53;90.815;103.267;
1900-01-01 00:05:18;-85909.0;1745676318;97.935;100.571;90.634;103.188;
1900-01-01 00:05:19;-85908.0;1745676319;97.923;100.626;90.634;103.188;
1900-01-01 00:05:20;-85907.0;1745676320;97.923;100.626;90.56;103.227;
1900-01-01 00:05:21;-85906.0;1745676321;97.802;100.592;90.496;103.227;
1900-01-01 00:05:22;-85905.0;1745676322;97.925;100.624;90.496;103.225;
1900-01-01 00:05:23;-85904.0;1745676323;97.925;100.624;90.571;103.291;
1900-01-01 00:05:24;-85903.0;1745676324;97.921;100.572;90.523;103.291;
1900-01-01 00:05:25;-85902.0;1745676325;97.877;100.631;90.523;103.258;
1900-01-01 00:05:26;-85901.0;1745676326;97.877;100.631;90.37;103.262;
1900-01-01 00:05:27;-85900.0;1745676327;97.849;100.5;90.292;103.262;
1900-01-01 00:05:28;-85899.0;1745676328;97.823;100.5;90.292;103.252;
1900-01-01 00:05:29;-85898.0;1745676329;97.823;100.536;90.308;103.255;
1900-01-01 00:05:30;-85897.0;1745676330;97.782;100.485;90.321;103.255;
1900-01-01 00:05:31;-85896.0;1745676331;97.806;100.514;90.321;103.218;
1900-01-01 00:05:32;-85895.0;1745676332;97.806;100.514;90.355;103.251;
1900-01-01 00:05:33;-85894.0;1745676333;97.864;100.603;90.441;103.251;
1900-01-01 00:05:34;-85893.0;1745676334;97.85;100.603;90.441;103.262;
1900-01-01 00:05:35;-85892.0;1745676335;97.85;100.525;90.364;103.153;
1900-01-01 00:05:36;-85891.0;1745676336;97.961;100.578;90.364;103.153;
1900-01-01 00:05:37;-85890.0;1745676337;97.985;100.578;90.291;103.356;
1900-01-01 00:05:38;-85889.0;1745676338;97.985;100.541;90.278;103.323;
1900-01-01 00:05:40;-85888.0;1745676340;97.979;100.469;90.352;103.323;
1900-01-01 00:05:40;-85887.0;1745676340;98.021;100.469;90.352;103.2;
1900-01-01 00:05:41;-85886.0;1745676341;98.021;100.508;90.291;103.351;
1900-01-01 00:05:43;-85885.0;1745676343;97.93;100.614;90.406;103.351;
1900-01-01 00:05:43;-85884.0;1745676343;97.93;100.614;90.406;103.291;
1900-01-01 00:05:44;-85883.0;1745676344;97.978;100.493;90.275;103.266;
1900-01-01 00:05:45;-85882.0;1745676345;97.907;100.478;90.275;103.266;
1900-01-01 00:05:46;-85881.0;1745676346;97.907;100.478;90.317;103.294;
1900-01-01 00:05:48;-85880.0;1745676348;97.815;100.587;90.33;103.224;
1900-01-01 00:05:48;-85879.0;1745676348;97.797;100.41;90.33;103.224;
1900-01-01 00:05:49;-85878.0;1745676349;97.797;100.41;90.408;103.291;
1900-01-01 00:05:50;-85877.0;1745676350;97.786;100.483;90.279;103.291;
1900-01-01 00:05:51;-85876.0;1745676351;97.877;100.483;90.279;103.299;
1900-01-01 00:05:52;-85875.0;1745676352;97.877;100.516;90.27;103.202;
1900-01-01 00:05:53;-85874.0;1745676353;97.74;100.507;90.234;103.202;
1900-01-01 00:05:55;-85873.0;1745676355;97.731;100.487;90.234;103.202;
1900-01-01 00:05:55;-85872.0;1745676355;97.731;100.487;90.182;103.251;
1900-01-01 00:05:56;-85871.0;1745676356;97.67;100.457;90.23;103.251;
1900-01-01 00:05:57;-85870.0;1745676357;97.662;100.457;90.23;103.282;
1900-01-01 00:05:58;-85869.0;1745676358;97.662;100.423;90.381;103.225;
1900-01-01 00:06:00;-85868.0;1745676360;97.633;100.456;90.401;103.225;
1900-01-01 00:06:00;-85867.0;1745676360;97.633;100.456;90.401;103.232;
1900-01-01 00:06:01;-85866.0;1745676361;97.542;100.41;90.36;103.247;
1900-01-01 00:06:02;-85865.0;1745676362;97.562;100.408;90.36;103.247;
1900-01-01 00:06:03;-85864.0;1745676363;97.562;100.408;90.318;103.228;
1900-01-01 00:06:04;-85863.0;1745676364;97.439;100.492;90.291;103.254;
1900-01-01 00:06:05;-85862.0;1745676365;97.568;100.455;90.291;103.254;
1900-01-01 00:06:07;-85861.0;1745676367;97.546;100.455;90.191;103.24;
1900-01-01 00:06:07;-85860.0;1745676367;97.546;100.431;90.269;103.24;
1900-01-01 00:06:08;-85859.0;1745676368;97.444;100.466;90.269;103.235;
1900-01-01 00:06:09;-85858.0;1745676369;97.444;100.466;90.246;103.223;
1900-01-01 00:06:10;-85857.0;1745676370;97.412;100.366;90.183;103.254;
1900-01-01 00:06:11;-85856.0;1745676371;97.421;100.436;90.183;103.254;
1900-01-01 00:06:12;-85855.0;1745676372;97.421;100.436;90.099;103.242;
1900-01-01 00:06:13;-85854.0;1745676373;97.332;100.417;89.925;103.242;
1900-01-01 00:06:14;-85853.0;1745676374;97.334;100.399;89.925;103.299;
1900-01-01 00:06:15;-85852.0;1745676375;97.334;100.399;89.777;103.236;
1900-01-01 00:06:16;-85851.0;1745676376;97.295;100.447;89.749;103.236;
1900-01-01 00:06:17;-85850.0;1745676377;97.296;100.43;89.749;103.263;
1900-01-01 00:06:18;-85849.0;1745676378;97.296;100.43;89.763;103.277;
1900-01-01 00:06:19;-85848.0;1745676379;97.193;100.269;89.761;103.277;
1900-01-01 00:06:20;-85847.0;1745676380;97.268;100.429;89.761;103.297;
1900-01-01 00:06:21;-85846.0;1745676381;97.268;100.429;89.809;103.258;
1900-01-01 00:06:22;-85845.0;1745676382;97.205;100.444;89.666;103.258;
1900-01-01 00:06:24;-85844.0;1745676384;97.174;100.411;89.666;103.298;
1900-01-01 00:06:24;-85843.0;1745676384;97.174;100.411;89.636;103.282;
1900-01-01 00:06:25;-85842.0;1745676385;97.161;100.409;89.636;103.282;
1900-01-01 00:06:26;-85841.0;1745676386;97.248;100.409;89.571;103.292;
1900-01-01 00:06:27;-85840.0;1745676387;97.248;100.426;89.637;103.292;
1900-01-01 00:06:28;-85839.0;1745676388;97.16;100.417;89.637;103.354;
1900-01-01 00:06:30;-85838.0;1745676390;97.278;100.417;89.63;103.199;
1900-01-01 00:06:30;-85837.0;1745676390;97.278;100.352;89.608;103.199;
1900-01-01 00:06:31;-85836.0;1745676391;97.089;100.433;89.608;103.207;
1900-01-01 00:06:33;-85835.0;1745676393;97.151;100.433;89.608;103.211;
1900-01-01 00:06:33;-85834.0;1745676393;97.151;100.323;89.584;103.211;
1900-01-01 00:06:34;-85833.0;1745676394;97.227;100.392;89.584;103.309;
1900-01-01 00:06:35;-85832.0;1745676395;97.227;100.392;89.582;103.233;
1900-01-01 00:06:36;-85831.0;1745676396;97.261;100.356;89.558;103.233;
1900-01-01 00:06:37;-85830.0;1745676397;97.212;100.356;89.558;103.249;
1900-01-01 00:06:38;-85829.0;1745676398;97.212;100.347;89.539;103.277;
1900-01-01 00:06:39;-85828.0;1745676399;97.214;100.386;89.533;103.277;
1900-01-01 00:06:40;-85827.0;1745676400;97.271;100.386;89.533;103.255;
1900-01-01 00:06:41;-85826.0;1745676401;97.271;100.346;89.619;103.268;
1900-01-01 00:06:42;-85825.0;1745676402;97.225;100.306;89.555;103.268;
1900-01-01 00:06:44;-85824.0;1745676404;97.258;100.231;89.555;103.259;
1900-01-01 00:06:44;-85823.0;1745676404;97.258;100.231;89.468;103.31;
1900-01-01 00:06:45;-85822.0;1745676405;97.221;100.234;89.518;103.31;
1900-01-01 00:06:46;-85821.0;1745676406;97.206;100.234;89.518;103.335;
1900-01-01 00:06:48;-85820.0;1745676408;97.206;100.231;89.5;103.246;
1900-01-01 00:06:48;-85819.0;1745676408;97.137;100.16;89.5;103.246;
1900-01-01 00:06:49;-85818.0;1745676409;97.042;100.16;89.568;103.215;
1900-01-01 00:06:50;-85817.0;1745676410;97.042;100.203;89.6;103.211;
1900-01-01 00:06:51;-85816.0;1745676411;97.036;100.193;89.6;103.211;
1900-01-01 00:06:52;-85815.0;1745676412;96.994;100.193;89.638;103.318;
1900-01-01 00:06:53;-85814.0;1745676413;96.994;100.244;89.646;103.318;
1900-01-01 00:06:54;-85813.0;1745676414;97.059;100.266;89.646;103.237;
1900-01-01 00:06:55;-85812.0;1745676415;96.998;100.266;89.634;103.199;
1900-01-01 00:06:56;-85811.0;1745676416;96.998;100.259;89.58;103.108;
1900-01-01 00:06:57;-85810.0;1745676417;96.961;100.221;89.58;103.108;
1900-01-01 00:06:58;-85809.0;1745676418;96.961;100.221;89.632;103.212;
1900-01-01 00:07:00;-85808.0;1745676420;96.903;100.231;89.641;103.135;
1900-01-01 00:07:00;-85807.0;1745676420;96.923;100.231;89.641;103.135;
1900-01-01 00:07:01;-85806.0;1745676421;96.923;100.221;89.678;103.213;
1900-01-01 00:07:02;-85805.0;1745676422;96.865;100.18;89.587;103.213;
1900-01-01 00:07:03;-85804.0;1745676423;96.828;100.18;89.587;103.224;
1900-01-01 00:07:04;-85803.0;1745676424;96.828;100.297;89.606;103.21;
1900-01-01 00:07:05;-85802.0;1745676425;96.892;100.285;89.606;103.21;
1900-01-01 00:07:06;-85801.0;1745676426;96.735;100.285;89.464;103.202;
1900-01-01 00:07:07;-85800.0;1745676427;96.735;100.278;89.439;103.193;
1900-01-01 00:07:08;-85799.0;1745676428;96.785;100.285;89.439;103.193;
1900-01-01 00:07:09;-85798.0;1745676429;96.82;100.285;89.355;103.2;
1900-01-01 00:07:10;-85797.0;1745676430;96.82;100.211;89.376;103.28;
1900-01-01 00:07:11;-85796.0;1745676431;96.794;100.22;89.376;103.28;
1900-01-01 00:07:12;-85795.0;1745676432;96.746;100.22;89.442;103.269;
1900-01-01 00:07:13;-85794.0;1745676433;96.746;100.176;89.34;103.251;
1900-01-01 00:07:14;-85793.0;1745676434;96.751;100.236;89.34;103.251;
1900-01-01 00:07:15;-85792.0;1745676435;96.724;100.236;89.288;103.198;
1900-01-01 00:07:16;-85791.0;1745676436;96.724;100.169;89.351;103.312;
1900-01-01 00:07:17;-85790.0;1745676437;96.779;100.248;89.351;103.312;
1900-01-01 00:07:18;-85789.0;1745676438;96.779;100.248;89.264;103.299;
1900-01-01 00:07:19;-85788.0;1745676439;96.692;100.156;89.365;103.299;
1900-01-01 00:07:20;-85787.0;1745676440;96.697;100.129;89.365;103.334;
1900-01-01 00:07:21;-85786.0;1745676441;96.65;100.129;89.375;103.21;
1900-01-01 00:07:22;-85785.0;1745676442;96.65;100.193;89.368;103.21;
1900-01-01 00:07:23;-85784.0;1745676443;96.702;100.168;89.368;103.266;
1900-01-01 00:07:24;-85783.0;1745676444;96.702;100.168;89.331;103.313;
1900-01-01 00:07:25;-85782.0;1745676445;96.662;100.222;89.175;103.313;
1900-01-01 00:07:26;-85781.0;1745676446;96.604;100.222;89.175;103.214;
1900-01-01 00:07:27;-85780.0;1745676447;96.604;100.191;89.054;103.308;
1900-01-01 00:07:28;-85779.0;1745676448;96.596;100.175;88.929;103.308;
1900-01-01 00:07:29;-85778.0;1745676449;96.565;100.175;88.929;103.303;
1900-01-01 00:07:30;-85777.0;1745676450;96.565;100.13;88.924;103.167;
1900-01-01 00:07:32;-85776.0;1745676452;96.571;100.198;88.879;103.167;
1900-01-01 00:07:32;-85775.0;1745676452;96.628;100.198;88.879;103.289;
1900-01-01 00:07:33;-85774.0;1745676453;96.628;100.174;88.922;103.258;
1900-01-01 00:07:34;-85773.0;1745676454;96.627;100.184;88.889;103.258;
1900-01-01 00:07:35;-85772.0;1745676455;96.516;100.184;88.889;103.259;
1900-01-01 00:07:36;-85771.0;1745676456;96.516;100.158;88.895;103.204;
1900-01-01 00:07:38;-85770.0;1745676458;96.57;100.181;88.92;103.204;
1900-01-01 00:07:38;-85769.0;1745676458;96.57;100.181;88.92;103.289;
1900-01-01 00:07:39;-85768.0;1745676459;96.542;100.153;89.071;103.232;
1900-01-01 00:07:40;-85767.0;1745676460;96.517;100.136;89.071;103.232;
1900-01-01 00:07:41;-85766.0;1745676461;96.517;100.136;89.11;103.25;
1900-01-01 00:07:42;-85765.0;1745676462;96.577;100.112;88.961;103.25;
1900-01-01 00:07:43;-85764.0;1745676463;96.51;100.112;88.961;103.304;
1900-01-01 00:07:44;-85763.0;1745676464;96.51;100.037;88.883;103.209;
1900-01-01 00:07:45;-85762.0;1745676465;96.494;100.106;88.954;103.209;
1900-01-01 00:07:46;-85761.0;1745676466;96.506;100.106;88.954;103.267;
1900-01-01 00:07:47;-85760.0;1745676467;96.506;100.127;89.081;103.347;
1900-01-01 00:07:48;-85759.0;1745676468;96.443;100.169;89.102;103.347;
1900-01-01 00:07:49;-85758.0;1745676469;96.406;100.073;89.102;103.304;
1900-01-01 00:07:50;-85757.0;1745676470;96.406;100.073;89.151;103.232;
1900-01-01 00:07:51;-85756.0;1745676471;96.38;100.124;89.101;103.232;
1900-01-01 00:07:52;-85755.0;1745676472;96.426;100.124;89.101;103.239;
1900-01-01 00:07:53;-85754.0;1745676473;96.426;100.14;89.092;103.32;
1900-01-01 00:07:54;-85753.0;1745676474;96.357;100.079;88.994;103.32;
1900-01-01 00:07:55;-85752.0;1745676475;96.403;100.079;88.994;103.256;
1900-01-01 00:07:56;-85751.0;1745676476;96.403;100.119;88.983;103.263;
1900-01-01 00:07:57;-85750.0;1745676477;96.427;100.118;88.983;103.263;
1900-01-01 00:07:58;-85749.0;1745676478;96.256;100.118;88.996;103.328;
1900-01-01 00:07:59;-85748.0;1745676479;96.256;100.19;89.042;103.232;
1900-01-01 00:08:00;-85747.0;1745676480;96.291;100.169;89.042;103.232;
1900-01-01 00:08:01;-85746.0;1745676481;96.272;100.169;88.968;103.22;
1900-01-01 00:08:02;-85745.0;1745676482;96.272;100.131;88.975;103.205;
1900-01-01 00:08:03;-85744.0;1745676483;96.234;100.061;88.975;103.205;
1900-01-01 00:08:04;-85743.0;1745676484;96.234;100.061;88.838;103.225;
1900-01-01 00:08:05;-85742.0;1745676485;96.166;100.107;88.777;103.269;
1900-01-01 00:08:06;-85741.0;1745676486;96.109;99.975;88.777;103.269;
1900-01-01 00:08:07;-85740.0;1745676487;96.109;99.975;88.714;103.32;
1900-01-01 00:08:08;-85739.0;1745676488;96.063;100.035;88.668;103.32;
1900-01-01 00:08:09;-85738.0;1745676489;96.048;100.035;88.668;103.381;
1900-01-01 00:08:10;-85737.0;1745676490;96.048;100.091;88.634;103.306;
1900-01-01 00:08:11;-85736.0;1745676491;95.972;100.028;88.583;103.306;
1900-01-01 00:08:12;-85735.0;1745676492;96.035;100.028;88.583;103.276;
1900-01-01 00:08:13;-85734.0;1745676493;96.035;99.952;88.67;103.313;
1900-01-01 00:08:14;-85733.0;1745676494;95.997;99.985;88.67;103.313;
1900-01-01 00:08:15;-85732.0;1745676495;96.093;99.985;88.777;103.238;
1900-01-01 00:08:16;-85731.0;1745676496;96.093;100.02;88.772;103.212;
1900-01-01 00:08:17;-85730.0;1745676497;96.141;99.919;88.772;103.212;
1900-01-01 00:08:18;-85729.0;1745676498;96.121;99.919;88.775;103.33;
1900-01-01 00:08:19;-85728.0;1745676499;96.121;99.988;88.66;103.248;
1900-01-01 00:08:20;-85727.0;1745676500;96.192;99.902;88.66;103.248;
1900-01-01 00:08:21;-85726.0;1745676501;96.059;99.902;88.589;103.248;
1900-01-01 00:08:22;-85725.0;1745676502;96.059;99.942;88.467;103.259;
1900-01-01 00:08:23;-85724.0;1745676503;95.992;99.981;88.467;103.259;
1900-01-01 00:08:24;-85723.0;1745676504;95.992;99.981;88.506;103.272;
1900-01-01 00:08:25;-85722.0;1745676505;95.983;99.92;88.47;103.272;
1900-01-01 00:08:27;-85721.0;1745676507;95.93;99.92;88.47;103.294;
1900-01-01 00:08:27;-85720.0;1745676507;95.93;99.92;88.553;103.291;
1900-01-01 00:08:28;-85719.0;1745676508;95.925;99.914;88.602;103.291;
1900-01-01 00:08:29;-85718.0;1745676509;95.873;99.801;88.602;103.278;
1900-01-01 00:08:30;-85717.0;1745676510;95.873;99.801;88.602;103.316;
1900-01-01 00:08:31;-85716.0;1745676511;95.898;99.924;88.61;103.316;
1900-01-01 00:08:32;-85715.0;1745676512;95.889;99.924;88.61;103.238;
1900-01-01 00:08:33;-85714.0;1745676513;95.889;99.901;88.597;103.323;
1900-01-01 00:08:34;-85713.0;1745676514;95.812;99.822;88.668;103.323;
1900-01-01 00:08:36;-85712.0;1745676516;95.799;99.869;88.668;103.296;
1900-01-01 00:08:36;-85711.0;1745676516;95.799;99.869;88.601;103.284;
1900-01-01 00:08:37;-85710.0;1745676517;95.789;99.979;88.608;103.284;
1900-01-01 00:08:38;-85709.0;1745676518;95.863;99.979;88.608;103.215;
1900-01-01 00:08:39;-85708.0;1745676519;95.863;99.93;88.479;103.223;
1900-01-01 00:08:40;-85707.0;1745676520;95.809;99.964;88.394;103.223;
1900-01-01 00:08:42;-85706.0;1745676522;95.705;99.964;88.394;103.224;
1900-01-01 00:08:42;-85705.0;1745676522;95.705;99.879;88.355;103.263;
1900-01-01 00:08:43;-85704.0;1745676523;95.782;99.8;88.355;103.263;
1900-01-01 00:08:45;-85703.0;1745676525;95.756;99.8;88.275;103.208;
1900-01-01 00:08:45;-85702.0;1745676525;95.756;99.874;88.357;103.293;
1900-01-01 00:08:46;-85701.0;1745676526;95.723;99.867;88.357;103.293;
1900-01-01 00:08:47;-85700.0;1745676527;95.706;99.867;88.447;103.318;
1900-01-01 00:08:48;-85699.0;1745676528;95.706;99.845;88.429;103.318;
1900-01-01 00:08:49;-85698.0;1745676529;95.754;99.828;88.429;103.313;
1900-01-01 00:08:50;-85697.0;1745676530;95.754;99.828;88.397;103.325;
1900-01-01 00:08:51;-85696.0;1745676531;95.73;99.836;88.356;103.325;
1900-01-01 00:08:52;-85695.0;1745676532;95.68;99.836;88.356;103.297;
1900-01-01 00:08:53;-85694.0;1745676533;95.68;99.826;88.286;103.331;
1900-01-01 00:08:54;-85693.0;1745676534;95.662;99.892;88.255;103.331;
1900-01-01 00:08:55;-85692.0;1745676535;95.651;99.892;88.255;103.294;
1900-01-01 00:08:56;-85691.0;1745676536;95.651;99.793;88.283;103.303;
1900-01-01 00:08:57;-85690.0;1745676537;95.66;99.832;88.283;103.303;
1900-01-01 00:08:58;-85689.0;1745676538;95.633;99.832;88.124;103.329;
1900-01-01 00:08:59;-85688.0;1745676539;95.633;99.676;88.082;103.329;
1900-01-01 00:09:00;-85687.0;1745676540;95.687;99.757;88.082;103.343;
1900-01-01 00:09:01;-85686.0;1745676541;95.616;99.757;87.971;103.313;
1900-01-01 00:09:02;-85685.0;1745676542;95.616;99.854;87.982;103.275;
1900-01-01 00:09:03;-85684.0;1745676543;95.623;99.783;87.982;103.275;
1900-01-01 00:09:04;-85683.0;1745676544;95.623;99.783;87.866;103.229;
1900-01-01 00:09:05;-85682.0;1745676545;95.679;99.833;87.801;103.237;
1900-01-01 00:09:06;-85681.0;1745676546;95.668;99.742;87.801;103.237;
1900-01-01 00:09:07;-85680.0;1745676547;95.668;99.742;87.774;103.342;
1900-01-01 00:09:08;-85679.0;1745676548;95.589;99.842;87.824;103.342;
1900-01-01 00:09:09;-85678.0;1745676549;95.64;99.785;87.824;103.302;
1900-01-01 00:09:10;-85677.0;1745676550;95.603;99.785;87.92;103.311;
1900-01-01 00:09:11;-85676.0;1745676551;95.603;99.805;87.982;103.311;
1900-01-01 00:09:12;-85675.0;1745676552;95.614;99.832;87.982;103.289;
1900-01-01 00:09:13;-85674.0;1745676553;95.662;99.832;87.946;103.272;
1900-01-01 00:09:14;-85673.0;1745676554;95.662;99.795;88.046;103.378;
1900-01-01 00:09:15;-85672.0;1745676555;95.497;99.822;88.046;103.378;
1900-01-01 00:09:16;-85671.0;1745676556;95.497;99.822;88.055;103.314;
1900-01-01 00:09:17;-85670.0;1745676557;95.53;99.8;88.216;103.314;
1900-01-01 00:09:18;-85669.0;1745676558;95.478;99.767;88.216;103.269;
1900-01-01 00:09:19;-85668.0;1745676559;95.452;99.767;88.262;103.334;
1900-01-01 00:09:20;-85667.0;1745676560;95.452;99.793;88.376;103.334;
1900-01-01 00:09:21;-85666.0;1745676561;95.368;99.824;88.376;103.398;
1900-01-01 00:09:22;-85665.0;1745676562;95.368;99.824;88.314;103.323;
1900-01-01 00:09:23;-85664.0;1745676563;95.325;99.792;88.331;103.3;
1900-01-01 00:09:24;-85663.0;1745676564;95.339;99.732;88.331;103.3;
1900-01-01 00:09:25;-85662.0;1745676565;95.339;99.732;88.269;103.336;
1900-01-01 00:09:26;-85661.0;1745676566;95.29;99.761;88.229;103.336;
1900-01-01 00:09:27;-85660.0;1745676567;95.3;99.761;88.229;103.276;
1900-01-01 00:09:28;-85659.0;1745676568;95.3;99.669;88.163;103.328;
1900-01-01 00:09:29;-85658.0;1745676569;95.252;99.654;88.032;103.328;
1900-01-01 00:09:30;-85657.0;1745676570;95.223;99.654;88.032;103.31;
1900-01-01 00:09:31;-85656.0;1745676571;95.223;99.68;88.074;103.323;
1900-01-01 00:09:32;-85655.0;1745676572;95.23;99.623;87.989;103.323;
1900-01-01 00:09:33;-85654.0;1745676573;95.203;99.623;87.989;103.24;
1900-01-01 00:09:34;-85653.0;1745676574;95.203;99.713;88.011;103.229;
1900-01-01 00:09:35;-85652.0;1745676575;95.169;99.625;88.058;103.229;
1900-01-01 00:09:36;-85651.0;1745676576;95.209;99.625;88.058;103.251;
1900-01-01 00:09:37;-85650.0;1745676577;95.209;99.69;88.041;103.307;
1900-01-01 00:09:38;-85649.0;1745676578;95.1;99.637;88.041;103.307;
1900-01-01 00:09:39;-85648.0;1745676579;95.048;99.637;88.092;103.3;
1900-01-01 00:09:40;-85647.0;1745676580;95.048;99.636;88.007;103.259;
1900-01-01 00:09:41;-85646.0;1745676581;95.067;99.655;87.911;103.259;
1900-01-01 00:09:42;-85645.0;1745676582;95.037;99.655;87.911;103.254;
1900-01-01 00:09:43;-85644.0;1745676583;95.037;99.675;87.8;103.287;
1900-01-01 00:09:44;-85643.0;1745676584;94.895;99.648;87.8;103.287;
1900-01-01 00:09:45;-85642.0;1745676585;94.885;99.648;87.735;103.279;
1900-01-01 00:09:46;-85641.0;1745676586;94.885;99.64;87.738;103.279;
1900-01-01 00:09:47;-85640.0;1745676587;94.879;99.617;87.738;103.34;
1900-01-01 00:09:48;-85639.0;1745676588;94.834;99.617;87.79;103.318;
1900-01-01 00:09:49;-85638.0;1745676589;94.834;99.697;87.822;103.318;
1900-01-01 00:09:50;-85637.0;1745676590;94.833;99.596;87.822;103.268;
1900-01-01 00:09:51;-85636.0;1745676591;94.833;99.596;87.756;103.306;
1900-01-01 00:09:52;-85635.0;1745676592;94.747;99.704;87.654;103.306;
1900-01-01 00:09:53;-85634.0;1745676593;94.748;99.704;87.654;103.349;
1900-01-01 00:09:54;-85633.0;1745676594;94.748;99.636;87.678;103.294;
1900-01-01 00:09:55;-85632.0;1745676595;94.769;99.638;87.618;103.294;
1900-01-01 00:09:56;-85631.0;1745676596;94.773;99.638;87.618;103.315;
1900-01-01 00:09:57;-85630.0;1745676597;94.773;99.629;87.601;103.344;
1900-01-01 00:09:58;-85629.0;1745676598;94.693;99.657;87.601;103.344;
1900-01-01 00:09:59;-85628.0;1745676599;94.656;99.657;87.616;103.248;
1900-01-01 00:10:00;-85627.0;1745676600;94.656;99.648;87.613;103.248;
1900-01-01 00:10:01;-85626.0;1745676601;94.586;99.57;87.613;103.226;
1900-01-01 00:10:02;-85625.0;1745676602;94.737;99.57;87.476;103.243;
1900-01-01 00:10:03;-85624.0;1745676603;94.737;99.541;87.425;103.279;
1900-01-01 00:10:04;-85623.0;1745676604;94.682;99.604;87.425;103.279;
1900-01-01 00:10:05;-85622.0;1745676605;94.682;99.604;87.464;103.216;
1900-01-01 00:10:06;-85621.0;1745676606;94.68;99.598;87.418;103.216;
1900-01-01 00:10:07;-85620.0;1745676607;94.634;99.593;87.418;103.271;
1900-01-01 00:10:09;-85619.0;1745676609;94.609;99.593;87.36;103.232;
1900-01-01 00:10:09;-85618.0;1745676609;94.609;99.618;87.396;103.232;
1900-01-01 00:10:10;-85617.0;1745676610;94.593;99.571;87.396;103.246;
1900-01-01 00:10:11;-85616.0;1745676611;94.593;99.571;87.473;103.321;
1900-01-01 00:10:12;-85615.0;1745676612;94.606;99.583;87.455;103.321;
1900-01-01 00:10:13;-85614.0;1745676613;94.578;99.518;87.455;103.277;
1900-01-01 00:10:14;-85613.0;1745676614;94.578;99.518;87.507;103.287;
1900-01-01 00:10:15;-85612.0;1745676615;94.598;99.489;87.528;103.287;
1900-01-01 00:10:16;-85611.0;1745676616;94.569;99.489;87.528;103.356;
1900-01-01 00:10:17;-85610.0;1745676617;94.569;99.476;87.458;103.261;
1900-01-01 00:10:18;-85609.0;1745676618;94.635;99.536;87.458;103.261;
1900-01-01 00:10:19;-85608.0;1745676619;94.574;99.536;87.476;103.181;
1900-01-01 00:10:20;-85607.0;1745676620;94.574;99.509;87.484;103.286;
1900-01-01 00:10:21;-85606.0;1745676621;94.509;99.582;87.534;103.286;
1900-01-01 00:10:22;-85605.0;1745676622;94.573;99.582;87.534;103.234;
1900-01-01 00:10:23;-85604.0;1745676623;94.573;99.469;87.554;103.168;
1900-01-01 00:10:25;-85603.0;1745676625;94.613;99.487;87.555;103.168;
1900-01-01 00:10:25;-85602.0;1745676625;94.613;99.487;87.555;103.25;
1900-01-01 00:10:26;-85601.0;1745676626;94.563;99.462;87.593;103.303;
1900-01-01 00:10:27;-85600.0;1745676627;94.642;99.515;87.593;103.303;
1900-01-01 00:10:28;-85599.0;1745676628;94.642;99.515;87.391;103.252;
1900-01-01 00:10:29;-85598.0;1745676629;94.611;99.494;87.338;103.252;
1900-01-01 00:10:30;-85597.0;1745676630;94.622;99.544;87.338;103.24;
1900-01-01 00:10:31;-85596.0;1745676631;94.622;99.544;87.345;103.303;
1900-01-01 00:10:32;-85595.0;1745676632;94.509;99.446;87.362;103.303;
1900-01-01 00:10:33;-85594.0;1745676633;94.53;99.515;87.362;103.378;
1900-01-01 00:10:34;-85593.0;1745676634;94.53;99.515;87.448;103.239;
1900-01-01 00:10:35;-85592.0;1745676635;94.531;99.614;87.549;103.239;
1900-01-01 00:10:36;-85591.0;1745676636;94.44;99.614;87.549;103.257;
1900-01-01 00:10:37;-85590.0;1745676637;94.44;99.474;87.522;103.283;
1900-01-01 00:10:38;-85589.0;1745676638;94.502;99.498;87.467;103.283;
1900-01-01 00:10:39;-85588.0;1745676639;94.472;99.498;87.467;103.313;
1900-01-01 00:10:40;-85587.0;1745676640;94.472;99.456;87.391;103.275;
1900-01-01 00:10:41;-85586.0;1745676641;94.473;99.515;87.321;103.275;
1900-01-01 00:10:42;-85585.0;1745676642;94.421;99.515;87.321;103.328;
1900-01-01 00:10:43;-85584.0;1745676643;94.421;99.504;87.137;103.378;
1900-01-01 00:10:44;-85583.0;1745676644;94.407;99.447;87.05;103.378;
1900-01-01 00:10:45;-85582.0;1745676645;94.473;99.39;87.05;103.304;
1900-01-01 00:10:46;-85581.0;1745676646;94.473;99.39;86.995;103.241;
1900-01-01 00:10:47;-85580.0;1745676647;94.432;99.521;87.032;103.241;
1900-01-01 00:10:48;-85579.0;1745676648;94.331;99.521;87.032;103.231;
1900-01-01 00:10:49;-85578.0;1745676649;94.331;99.481;87.153;103.221;
1900-01-01 00:10:50;-85577.0;1745676650;94.287;99.429;87.153;103.221;
1900-01-01 00:10:51;-85576.0;1745676651;94.263;99.429;87.265;103.171;
1900-01-01 00:10:52;-85575.0;1745676652;94.263;99.35;87.273;103.286;
1900-01-01 00:10:53;-85574.0;1745676653;94.153;99.439;87.273;103.286;
1900-01-01 00:10:55;-85573.0;1745676655;94.136;99.439;87.24;103.238;
1900-01-01 00:10:55;-85572.0;1745676655;94.136;99.405;87.335;103.238;
1900-01-01 00:10:56;-85571.0;1745676656;94.103;99.388;87.335;103.339;
1900-01-01 00:10:57;-85570.0;1745676657;94.103;99.388;87.39;103.289;
1900-01-01 00:10:58;-85569.0;1745676658;94.025;99.45;87.304;103.289;
1900-01-01 00:10:59;-85568.0;1745676659;93.931;99.342;87.304;103.245;
1900-01-01 00:11:00;-85567.0;1745676660;93.931;99.342;87.22;103.254;
1900-01-01 00:11:01;-85566.0;1745676661;93.897;99.283;87.143;103.254;
1900-01-01 00:11:02;-85565.0;1745676662;93.956;99.283;87.143;103.312;
1900-01-01 00:11:03;-85564.0;1745676663;93.956;99.329;87.136;103.297;
1900-01-01 00:11:04;-85563.0;1745676664;93.968;99.312;87.114;103.297;
1900-01-01 00:11:05;-85562.0;1745676665;93.942;99.312;87.114;103.281;
1900-01-01 00:11:06;-85561.0;1745676666;93.942;99.33;86.943;103.249;
1900-01-01 00:11:07;-85560.0;1745676667;93.886;99.381;86.886;103.249;
1900-01-01 00:11:08;-85559.0;1745676668;93.822;99.381;86.886;103.177;
1900-01-01 00:11:09;-85558.0;1745676669;93.822;99.356;86.854;103.354;
1900-01-01 00:11:10;-85557.0;1745676670;93.749;99.349;86.854;103.354;
1900-01-01 00:11:11;-85556.0;1745676671;93.823;99.349;86.942;103.274;
1900-01-01 00:11:12;-85555.0;1745676672;93.823;99.29;86.869;103.375;
1900-01-01 00:11:13;-85554.0;1745676673;93.68;99.261;86.869;103.375;
1900-01-01 00:11:14;-85553.0;1745676674;93.68;99.261;86.908;103.302;
1900-01-01 00:11:15;-85552.0;1745676675;93.782;99.255;86.966;103.306;
1900-01-01 00:11:16;-85551.0;1745676676;93.776;99.193;86.966;103.306;
1900-01-01 00:11:17;-85550.0;1745676677;93.776;99.193;86.905;103.256;
1900-01-01 00:11:18;-85549.0;1745676678;93.703;99.384;86.905;103.264;
1900-01-01 00:11:19;-85548.0;1745676679;93.751;99.244;86.905;103.264;
1900-01-01 00:11:20;-85547.0;1745676680;93.751;99.244;87.022;103.353;
1900-01-01 00:11:21;-85546.0;1745676681;93.746;99.311;86.994;103.353;
1900-01-01 00:11:22;-85545.0;1745676682;93.673;99.314;86.994;103.348;
1900-01-01 00:11:24;-85544.0;1745676684;93.69;99.314;87.0;103.357;
1900-01-01 00:11:24;-85543.0;1745676684;93.69;99.18;86.928;103.357;
1900-01-01 00:11:25;-85542.0;1745676685;93.649;99.287;86.928;103.301;
1900-01-01 00:11:26;-85541.0;1745676686;93.649;99.287;86.866;103.346;
1900-01-01 00:11:27;-85540.0;1745676687;93.603;99.229;86.813;103.346;
1900-01-01 00:11:28;-85539.0;1745676688;93.599;99.229;86.813;103.287;
1900-01-01 00:11:29;-85538.0;1745676689;93.599;99.303;86.819;103.304;
1900-01-01 00:11:30;-85537.0;1745676690;93.512;99.264;86.838;103.304;
1900-01-01 00:11:31;-85536.0;1745676691;93.538;99.264;86.838;103.338;
1900-01-01 00:11:32;-85535.0;1745676692;93.538;99.324;86.964;103.329;
1900-01-01 00:11:33;-85534.0;1745676693;93.528;99.283;86.964;103.329;
1900-01-01 00:11:34;-85533.0;1745676694;93.471;99.283;87.065;103.339;
1900-01-01 00:11:35;-85532.0;1745676695;93.471;99.305;87.074;103.301;
1900-01-01 00:11:36;-85531.0;1745676696;93.52;99.219;87.074;103.301;
1900-01-01 00:11:37;-85530.0;1745676697;93.371;99.219;87.145;103.37;
1900-01-01 00:11:38;-85529.0;1745676698;93.371;99.253;87.127;103.37;
1900-01-01 00:11:39;-85528.0;1745676699;93.41;99.235;87.127;103.273;
1900-01-01 00:11:40;-85527.0;1745676700;93.361;99.235;86.937;103.265;
1900-01-01 00:11:41;-85526.0;1745676701;93.361;99.238;86.785;103.265;
1900-01-01 00:11:42;-85525.0;1745676702;93.298;99.19;86.785;103.222;
1900-01-01 00:11:43;-85524.0;1745676703;93.298;99.19;86.732;103.246;
1900-01-01 00:11:44;-85523.0;1745676704;93.338;99.19;86.669;103.246;
1900-01-01 00:11:45;-85522.0;1745676705;93.196;99.181;86.669;103.251;
1900-01-01 00:11:46;-85521.0;1745676706;93.196;99.181;86.626;103.238;
1900-01-01 00:11:47;-85520.0;1745676707;93.215;99.138;86.605;103.238;
1900-01-01 00:11:48;-85519.0;1745676708;93.162;99.138;86.605;103.268;
1900-01-01 00:11:49;-85518.0;1745676709;93.162;99.175;86.639;103.318;
1900-01-01 00:11:50;-85517.0;1745676710;93.197;99.121;86.639;103.318;
1900-01-01 00:11:51;-85516.0;1745676711;93.137;99.121;86.616;103.264;
1900-01-01 00:11:52;-85515.0;1745676712;93.137;99.13;86.536;103.279;
1900-01-01 00:11:54;-85514.0;1745676714;93.157;99.177;86.452;103.279;
1900-01-01 00:11:54;-85513.0;1745676714;93.151;99.177;86.452;103.311;
1900-01-01 00:11:55;-85512.0;1745676715;93.151;99.082;86.406;103.206;
1900-01-01 00:11:56;-85511.0;1745676716;93.125;99.109;86.44;103.206;
1900-01-01 00:11:57;-85510.0;1745676717;93.123;99.109;86.44;103.277;
1900-01-01 00:11:58;-85509.0;1745676718;93.123;99.121;86.497;103.226;
1900-01-01 00:11:59;-85508.0;1745676719;93.139;99.044;86.497;103.226;
1900-01-01 00:12:00;-85507.0;1745676720;93.092;99.044;86.535;103.214;
1900-01-01 00:12:01;-85506.0;1745676721;93.092;99.045;86.498;103.325;
1900-01-01 00:12:02;-85505.0;1745676722;93.086;99.049;86.498;103.325;
1900-01-01 00:12:03;-85504.0;1745676723;93.094;99.049;86.475;103.212;
1900-01-01 00:12:04;-85503.0;1745676724;93.094;99.096;86.468;103.312;
1900-01-01 00:12:05;-85502.0;1745676725;93.088;99.125;86.468;103.312;
1900-01-01 00:12:06;-85501.0;1745676726;93.088;99.125;86.417;103.347;
1900-01-01 00:12:07;-85500.0;1745676727;93.053;99.059;86.566;103.347;
1900-01-01 00:12:08;-85499.0;1745676728;93.074;99.059;86.566;103.362;
1900-01-01 00:12:09;-85498.0;1745676729;93.074;99.121;86.647;103.246;
1900-01-01 00:12:10;-85497.0;1745676730;93.003;99.13;86.642;103.246;
1900-01-01 00:12:11;-85496.0;1745676731;92.99;99.13;86.642;103.416;
1900-01-01 00:12:12;-85495.0;1745676732;92.99;99.063;86.559;103.3;
1900-01-01 00:12:13;-85494.0;1745676733;92.958;99.049;86.397;103.3;
1900-01-01 00:12:14;-85493.0;1745676734;92.963;99.049;86.397;103.231;
1900-01-01 00:12:15;-85492.0;1745676735;92.963;99.105;86.138;103.319;
1900-01-01 00:12:16;-85491.0;1745676736;92.965;99.104;86.006;103.319;
1900-01-01 00:12:17;-85490.0;1745676737;92.918;99.104;86.006;103.256;
1900-01-01 00:12:18;-85489.0;1745676738;92.918;99.059;86.076;103.294;
1900-01-01 00:12:19;-85488.0;1745676739;92.883;98.969;86.147;103.294;
1900-01-01 00:12:20;-85487.0;1745676740;92.92;98.969;86.147;103.36;
1900-01-01 00:12:21;-85486.0;1745676741;92.92;99.185;86.238;103.255;
1900-01-01 00:12:22;-85485.0;1745676742;92.882;99.045;86.238;103.255;
1900-01-01 00:12:23;-85484.0;1745676743;92.882;99.045;86.384;103.369;
1900-01-01 00:12:24;-85483.0;1745676744;92.882;99.049;86.417;103.369;
1900-01-01 00:12:25;-85482.0;1745676745;92.861;99.114;86.417;103.419;
1900-01-01 00:12:26;-85481.0;1745676746;92.795;99.114;86.44;103.424;
1900-01-01 00:12:27;-85480.0;1745676747;92.795;99.077;86.454;103.424;
1900-01-01 00:12:28;-85479.0;1745676748;92.781;99.129;86.454;103.395;
1900-01-01 00:12:29;-85478.0;1745676749;92.781;99.129;86.429;103.41;
1900-01-01 00:12:30;-85477.0;1745676750;92.774;99.08;86.294;103.324;
1900-01-01 00:12:31;-85476.0;1745676751;92.717;99.07;86.294;103.324;
1900-01-01 00:12:32;-85475.0;1745676752;92.717;99.07;86.353;103.37;
1900-01-01 00:12:33;-85474.0;1745676753;92.687;99.123;86.195;103.257;
1900-01-01 00:12:34;-85473.0;1745676754;92.725;98.985;86.195;103.257;
1900-01-01 00:12:35;-85472.0;1745676755;92.725;98.985;86.061;103.37;
1900-01-01 00:12:36;-85471.0;1745676756;92.668;99.027;86.081;103.37;
1900-01-01 00:12:37;-85470.0;1745676757;92.619;99.027;86.081;103.328;
1900-01-01 00:12:38;-85469.0;1745676758;92.619;98.968;86.065;103.243;
1900-01-01 00:12:39;-85468.0;1745676759;92.615;99.015;86.056;103.243;
1900-01-01 00:12:40;-85467.0;1745676760;92.49;99.015;86.056;103.383;
1900-01-01 00:12:41;-85466.0;1745676761;92.49;98.971;86.17;103.249;
1900-01-01 00:12:42;-85465.0;1745676762;92.426;98.912;86.124;103.249;
1900-01-01 00:12:43;-85464.0;1745676763;92.392;98.912;86.124;103.377;
1900-01-01 00:12:44;-85463.0;1745676764;92.392;99.024;86.157;103.342;
1900-01-01 00:12:46;-85462.0;1745676766;92.3;98.955;86.024;103.342;
1900-01-01 00:12:46;-85461.0;1745676766;92.243;98.955;86.024;103.324;
1900-01-01 00:12:47;-85460.0;1745676767;92.243;98.929;85.923;103.321;
1900-01-01 00:12:48;-85459.0;1745676768;92.218;98.979;85.923;103.321;
1900-01-01 00:12:49;-85458.0;1745676769;92.204;98.979;85.843;103.248;
1900-01-01 00:12:50;-85457.0;1745676770;92.204;98.937;85.839;103.321;
1900-01-01 00:12:51;-85456.0;1745676771;92.209;98.947;85.839;103.321;
1900-01-01 00:12:52;-85455.0;1745676772;92.209;98.947;85.936;103.257;
1900-01-01 00:12:53;-85454.0;1745676773;92.145;98.945;85.89;103.257;
1900-01-01 00:12:54;-85453.0;1745676774;92.112;98.985;85.89;103.338;
1900-01-01 00:12:55;-85452.0;1745676775;92.112;98.985;85.893;103.363;
1900-01-01 00:12:56;-85451.0;1745676776;92.115;98.915;85.814;103.363;
1900-01-01 00:12:57;-85450.0;1745676777;92.102;98.957;85.814;103.348;
1900-01-01 00:12:58;-85449.0;1745676778;92.102;98.957;85.888;103.322;
1900-01-01 00:12:59;-85448.0;1745676779;92.039;98.947;85.968;103.322;
1900-01-01 00:13:00;-85447.0;1745676780;92.005;98.947;85.968;103.292;
1900-01-01 00:13:01;-85446.0;1745676781;92.005;98.906;85.988;103.344;
1900-01-01 00:13:02;-85445.0;1745676782;92.014;98.977;85.988;103.344;
1900-01-01 00:13:03;-85444.0;1745676783;92.069;98.977;85.953;103.284;
1900-01-01 00:13:04;-85443.0;1745676784;92.069;98.977;85.94;103.413;
1900-01-01 00:13:05;-85442.0;1745676785;91.981;98.899;85.97;103.413;
1900-01-01 00:13:06;-85441.0;1745676786;91.937;98.899;85.97;103.307;
1900-01-01 00:13:07;-85440.0;1745676787;91.937;98.882;85.972;103.339;
1900-01-01 00:13:08;-85439.0;1745676788;91.837;99.019;85.967;103.339;
1900-01-01 00:13:09;-85438.0;1745676789;91.795;99.019;85.967;103.326;
1900-01-01 00:13:10;-85437.0;1745676790;91.795;98.899;85.976;103.361;
1900-01-01 00:13:11;-85436.0;1745676791;91.749;98.882;86.042;103.361;
1900-01-01 00:13:13;-85435.0;1745676793;91.826;98.882;86.042;103.362;
1900-01-01 00:13:13;-85434.0;1745676793;91.826;98.966;86.026;103.324;
1900-01-01 00:13:14;-85433.0;1745676794;91.759;98.941;86.026;103.324;
1900-01-01 00:13:16;-85432.0;1745676796;91.687;98.941;86.086;103.395;
1900-01-01 00:13:16;-85431.0;1745676796;91.687;98.915;86.079;103.395;
1900-01-01 00:13:17;-85430.0;1745676797;91.748;98.921;86.079;103.293;
1900-01-01 00:13:18;-85429.0;1745676798;91.748;98.921;86.002;103.309;
1900-01-01 00:13:19;-85428.0;1745676799;91.652;98.89;85.827;103.309;
1900-01-01 00:13:20;-85427.0;1745676800;91.573;98.888;85.827;103.35;
1900-01-01 00:13:21;-85426.0;1745676801;91.573;98.888;85.855;103.362;
1900-01-01 00:13:22;-85425.0;1745676802;91.521;98.889;85.804;103.362;
1900-01-01 00:13:23;-85424.0;1745676803;91.437;98.846;85.804;103.248;
1900-01-01 00:13:24;-85423.0;1745676804;91.437;98.846;85.732;103.408;
1900-01-01 00:13:25;-85422.0;1745676805;91.416;98.913;85.724;103.408;
1900-01-01 00:13:26;-85421.0;1745676806;91.308;98.913;85.724;103.266;
1900-01-01 00:13:27;-85420.0;1745676807;91.308;98.826;85.732;103.318;
1900-01-01 00:13:28;-85419.0;1745676808;91.445;98.825;85.662;103.318;
1900-01-01 00:13:29;-85418.0;1745676809;91.394;98.825;85.662;103.283;
1900-01-01 00:13:30;-85417.0;1745676810;91.394;98.826;85.53;103.379;
1900-01-01 00:13:31;-85416.0;1745676811;91.328;98.812;85.53;103.379;
1900-01-01 00:13:33;-85415.0;1745676813;91.267;98.812;85.577;103.319;
1900-01-01 00:13:33;-85414.0;1745676813;91.267;98.795;85.469;103.319;
1900-01-01 00:13:34;-85413.0;1745676814;91.276;98.747;85.469;103.339;
1900-01-01 00:13:35;-85412.0;1745676815;91.276;98.747;85.389;103.386;
1900-01-01 00:13:36;-85411.0;1745676816;91.218;98.833;85.473;103.386;
1900-01-01 00:13:37;-85410.0;1745676817;91.21;98.711;85.473;103.302;
1900-01-01 00:13:38;-85409.0;1745676818;91.21;98.711;85.515;103.401;
1900-01-01 00:13:39;-85408.0;1745676819;91.186;98.695;85.5;103.401;
1900-01-01 00:13:40;-85407.0;1745676820;91.138;98.687;85.5;103.347;
1900-01-01 00:13:41;-85406.0;1745676821;91.138;98.687;85.532;103.305;
1900-01-01 00:13:42;-85405.0;1745676822;91.112;98.805;85.535;103.305;
1900-01-01 00:13:43;-85404.0;1745676823;91.104;98.724;85.535;103.403;
1900-01-01 00:13:44;-85403.0;1745676824;91.104;98.724;85.518;103.376;
1900-01-01 00:13:45;-85402.0;1745676825;91.095;98.651;85.565;103.376;
1900-01-01 00:13:46;-85401.0;1745676826;91.097;98.651;85.565;103.402;
1900-01-01 00:13:47;-85400.0;1745676827;91.097;98.672;85.445;103.4;
1900-01-01 00:13:48;-85399.0;1745676828;91.024;98.76;85.456;103.4;
1900-01-01 00:13:49;-85398.0;1745676829;91.014;98.76;85.456;103.464;
1900-01-01 00:13:50;-85397.0;1745676830;91.014;98.818;85.42;103.455;
1900-01-01 00:13:51;-85396.0;1745676831;90.912;98.745;85.42;103.455;
1900-01-01 00:13:52;-85395.0;1745676832;90.847;98.745;85.293;103.391;
1900-01-01 00:13:53;-85394.0;1745676833;90.847;98.688;85.33;103.391;
1900-01-01 00:13:54;-85393.0;1745676834;90.794;98.668;85.33;103.325;
1900-01-01 00:13:55;-85392.0;1745676835;90.717;98.668;85.32;103.373;
1900-01-01 00:13:56;-85391.0;1745676836;90.717;98.64;85.291;103.373;
1900-01-01 00:13:57;-85390.0;1745676837;90.642;98.682;85.291;103.274;
1900-01-01 00:13:58;-85389.0;1745676838;90.607;98.682;85.298;103.311;
1900-01-01 00:13:59;-85388.0;1745676839;90.607;98.716;85.35;103.311;
1900-01-01 00:14:00;-85387.0;1745676840;90.662;98.665;85.35;103.283;
1900-01-01 00:14:01;-85386.0;1745676841;90.662;98.665;85.452;103.271;
1900-01-01 00:14:02;-85385.0;1745676842;90.605;98.725;85.452;103.271;
1900-01-01 00:14:03;-85384.0;1745676843;90.63;98.725;85.471;103.331;
1900-01-01 00:14:04;-85383.0;1745676844;90.63;98.721;85.566;103.331;
1900-01-01 00:14:06;-85382.0;1745676846;90.597;98.632;85.567;103.331;
1900-01-01 00:14:06;-85381.0;1745676846;90.663;98.632;85.567;103.213;
1900-01-01 00:14:07;-85380.0;1745676847;90.663;98.563;85.507;103.315;
1900-01-01 00:14:08;-85379.0;1745676848;90.648;98.671;85.48;103.315;
1900-01-01 00:14:09;-85378.0;1745676849;90.668;98.671;85.48;103.294;
1900-01-01 00:14:10;-85377.0;1745676850;90.668;98.621;85.454;103.271;
1900-01-01 00:14:11;-85376.0;1745676851;90.601;98.584;85.454;103.271;
1900-01-01 00:14:12;-85375.0;1745676852;90.619;98.584;85.459;103.268;
1900-01-01 00:14:13;-85374.0;1745676853;90.619;98.553;85.468;103.283;
1900-01-01 00:14:14;-85373.0;1745676854;90.614;98.545;85.372;103.283;
1900-01-01 00:14:15;-85372.0;1745676855;90.605;98.503;85.372;103.32;
1900-01-01 00:14:16;-85371.0;1745676856;90.605;98.503;85.252;103.325;
1900-01-01 00:14:17;-85370.0;1745676857;90.641;98.595;85.185;103.325;
1900-01-01 00:14:18;-85369.0;1745676858;90.591;98.595;85.185;103.292;
1900-01-01 00:14:19;-85368.0;1745676859;90.591;98.559;85.218;103.392;
1900-01-01 00:14:20;-85367.0;1745676860;90.558;98.628;85.273;103.392;
1900-01-01 00:14:21;-85366.0;1745676861;90.566;98.628;85.273;103.339;
1900-01-01 00:14:22;-85365.0;1745676862;90.566;98.594;85.299;103.345;
1900-01-01 00:14:23;-85364.0;1745676863;90.593;98.568;85.237;103.345;
1900-01-01 00:14:24;-85363.0;1745676864;90.567;98.568;85.237;103.282;
1900-01-01 00:14:25;-85362.0;1745676865;90.567;98.593;85.135;103.358;
1900-01-01 00:14:26;-85361.0;1745676866;90.456;98.594;85.135;103.358;
1900-01-01 00:14:27;-85360.0;1745676867;90.468;98.594;85.012;103.282;
1900-01-01 00:14:28;-85359.0;1745676868;90.468;98.61;84.983;103.29;
1900-01-01 00:14:29;-85358.0;1745676869;90.379;98.664;84.983;103.29;
1900-01-01 00:14:30;-85357.0;1745676870;90.437;98.664;85.011;103.328;
1900-01-01 00:14:31;-85356.0;1745676871;90.437;98.526;85.024;103.333;
1900-01-01 00:14:32;-85355.0;1745676872;90.313;98.591;85.024;103.333;
1900-01-01 00:14:33;-85354.0;1745676873;90.313;98.591;85.022;103.35;
1900-01-01 00:14:34;-85353.0;1745676874;90.189;98.593;85.063;103.255;
1900-01-01 00:14:35;-85352.0;1745676875;90.077;98.662;85.063;103.255;
1900-01-01 00:14:36;-85351.0;1745676876;90.077;98.662;85.147;103.284;
1900-01-01 00:14:37;-85350.0;1745676877;90.169;98.558;85.023;103.284;
1900-01-01 00:14:38;-85349.0;1745676878;90.066;98.558;85.023;103.295;
1900-01-01 00:14:39;-85348.0;1745676879;90.066;98.552;84.978;103.306;
1900-01-01 00:14:40;-85347.0;1745676880;90.017;98.584;85.078;103.306;
1900-01-01 00:14:41;-85346.0;1745676881;89.935;98.584;85.078;103.329;
1900-01-01 00:14:42;-85345.0;1745676882;89.935;98.655;85.074;103.289;
1900-01-01 00:14:43;-85344.0;1745676883;89.812;98.545;85.131;103.289;
1900-01-01 00:14:44;-85343.0;1745676884;89.756;98.545;85.131;103.358;
1900-01-01 00:14:45;-85342.0;1745676885;89.756;98.561;85.092;103.358;
1900-01-01 00:14:46;-85341.0;1745676886;89.768;98.556;85.092;103.358;
1900-01-01 00:14:47;-85340.0;1745676887;89.654;98.556;85.106;103.38;
1900-01-01 00:14:48;-85339.0;1745676888;89.654;98.538;85.069;103.36;
1900-01-01 00:14:49;-85338.0;1745676889;89.681;98.573;85.109;103.36;
1900-01-01 00:14:50;-85337.0;1745676890;89.668;98.573;85.109;103.37;
1900-01-01 00:14:51;-85336.0;1745676891;89.668;98.628;85.103;103.32;
1900-01-01 00:14:52;-85335.0;1745676892;89.619;98.544;85.103;103.32;
1900-01-01 00:14:53;-85334.0;1745676893;89.619;98.544;85.037;103.352;
1900-01-01 00:14:54;-85333.0;1745676894;89.518;98.489;84.921;103.372;
1900-01-01 00:14:55;-85332.0;1745676895;89.585;98.489;84.921;103.372;
1900-01-01 00:14:56;-85331.0;1745676896;89.585;98.529;85.015;103.266;
1900-01-01 00:14:57;-85330.0;1745676897;89.455;98.477;84.961;103.266;
1900-01-01 00:14:58;-85329.0;1745676898;89.466;98.477;84.961;103.282;
1900-01-01 00:14:59;-85328.0;1745676899;89.466;98.552;85.049;103.23;
1900-01-01 00:15:00;-85327.0;1745676900;89.361;98.594;85.001;103.23;
1900-01-01 00:15:01;-85326.0;1745676901;89.329;98.473;85.001;103.261;
1900-01-01 00:15:02;-85325.0;1745676902;89.329;98.473;85.0;103.312;
1900-01-01 00:15:03;-85324.0;1745676903;89.265;98.497;85.044;103.312;
1900-01-01 00:15:04;-85323.0;1745676904;89.267;98.497;85.044;103.297;
1900-01-01 00:15:05;-85322.0;1745676905;89.267;98.373;85.057;103.388;
1900-01-01 00:15:06;-85321.0;1745676906;89.312;98.335;85.057;103.388;
1900-01-01 00:15:07;-85320.0;1745676907;89.313;98.335;85.104;103.332;
1900-01-01 00:15:08;-85319.0;1745676908;89.313;98.457;85.02;103.455;
1900-01-01 00:15:09;-85318.0;1745676909;89.432;98.452;85.02;103.455;
1900-01-01 00:15:10;-85317.0;1745676910;89.432;98.452;84.984;103.372;
1900-01-01 00:15:11;-85316.0;1745676911;89.456;98.388;84.964;103.372;
1900-01-01 00:15:12;-85315.0;1745676912;89.512;98.319;84.964;103.352;
1900-01-01 00:15:13;-85314.0;1745676913;89.512;98.319;85.062;103.374;
1900-01-01 00:15:14;-85313.0;1745676914;89.554;98.3;85.019;103.374;
1900-01-01 00:15:15;-85312.0;1745676915;89.551;98.263;85.019;103.372;
1900-01-01 00:15:16;-85311.0;1745676916;89.551;98.263;84.911;103.381;
1900-01-01 00:15:17;-85310.0;1745676917;89.529;98.267;84.928;103.381;
1900-01-01 00:15:18;-85309.0;1745676918;89.472;98.307;84.928;103.231;
1900-01-01 00:15:19;-85308.0;1745676919;89.472;98.307;84.866;103.345;
1900-01-01 00:15:20;-85307.0;1745676920;89.455;98.313;84.792;103.345;
1900-01-01 00:15:21;-85306.0;1745676921;89.292;98.313;84.792;103.291;
1900-01-01 00:15:22;-85305.0;1745676922;89.292;98.349;84.811;103.354;
1900-01-01 00:15:23;-85304.0;1745676923;89.22;98.354;84.785;103.354;
1900-01-01 00:15:24;-85303.0;1745676924;89.086;98.354;84.785;103.345;
1900-01-01 00:15:25;-85302.0;1745676925;89.086;98.36;84.902;103.342;
1900-01-01 00:15:26;-85301.0;1745676926;88.996;98.325;84.871;103.342;
1900-01-01 00:15:27;-85300.0;1745676927;89.033;98.325;84.871;103.371;
1900-01-01 00:15:28;-85299.0;1745676928;89.033;98.347;84.817;103.351;
1900-01-01 00:15:29;-85298.0;1745676929;88.924;98.392;84.817;103.351;
1900-01-01 00:15:31;-85297.0;1745676931;88.91;98.392;84.807;103.339;
1900-01-01 00:15:31;-85296.0;1745676931;88.91;98.288;84.71;103.304;
1900-01-01 00:15:32;-85295.0;1745676932;88.932;98.413;84.71;103.304;
1900-01-01 00:15:33;-85294.0;1745676933;88.932;98.413;84.682;103.37;
1900-01-01 00:15:34;-85293.0;1745676934;88.919;98.309;84.59;103.37;
1900-01-01 00:15:35;-85292.0;1745676935;88.876;98.311;84.59;103.317;
1900-01-01 00:15:37;-85291.0;1745676937;88.915;98.311;84.558;103.337;
1900-01-01 00:15:37;-85290.0;1745676937;88.915;98.376;84.625;103.337;
1900-01-01 00:15:38;-85289.0;1745676938;88.919;98.463;84.625;103.318;
1900-01-01 00:15:39;-85288.0;1745676939;88.919;98.463;84.633;103.411;
1900-01-01 00:15:40;-85287.0;1745676940;88.864;98.275;84.558;103.411;
1900-01-01 00:15:41;-85286.0;1745676941;88.897;98.275;84.558;103.337;
1900-01-01 00:15:42;-85285.0;1745676942;88.897;98.417;84.521;103.295;
1900-01-01 00:15:43;-85284.0;1745676943;88.954;98.348;84.521;103.295;
1900-01-01 00:15:44;-85283.0;1745676944;88.916;98.348;84.578;103.315;
1900-01-01 00:15:45;-85282.0;1745676945;88.916;98.42;84.54;103.405;
1900-01-01 00:15:46;-85281.0;1745676946;88.933;98.367;84.54;103.405;
1900-01-01 00:15:47;-85280.0;1745676947;88.888;98.367;84.713;103.282;
1900-01-01 00:15:48;-85279.0;1745676948;88.888;98.333;84.829;103.328;
1900-01-01 00:15:49;-85278.0;1745676949;88.738;98.362;84.829;103.328;
1900-01-01 00:15:50;-85277.0;1745676950;88.714;98.362;84.86;103.306;
1900-01-01 00:15:51;-85276.0;1745676951;88.714;98.27;84.861;103.371;
1900-01-01 00:15:53;-85275.0;1745676953;88.712;98.315;84.82;103.371;
1900-01-01 00:15:53;-85274.0;1745676953;88.632;98.315;84.82;103.299;
1900-01-01 00:15:54;-85273.0;1745676954;88.632;98.271;84.751;103.397;
1900-01-01 00:15:55;-85272.0;1745676955;88.624;98.252;84.751;103.397;
1900-01-01 00:15:56;-85271.0;1745676956;88.606;98.252;84.613;103.396;
1900-01-01 00:15:57;-85270.0;1745676957;88.606;98.362;84.646;103.396;
1900-01-01 00:15:58;-85269.0;1745676958;88.582;98.288;84.646;103.227;
1900-01-01 00:16:00;-85268.0;1745676960;88.61;98.288;84.578;103.343;
1900-01-01 00:16:00;-85267.0;1745676960;88.61;98.318;84.56;103.343;
1900-01-01 00:16:01;-85266.0;1745676961;88.61;98.232;84.56;103.3;
1900-01-01 00:16:02;-85265.0;1745676962;88.61;98.232;84.525;103.409;
1900-01-01 00:16:03;-85264.0;1745676963;88.569;98.234;84.532;103.409;
1900-01-01 00:16:04;-85263.0;1745676964;88.554;98.279;84.532;103.34;
1900-01-01 00:16:05;-85262.0;1745676965;88.554;98.279;84.608;103.307;
1900-01-01 00:16:06;-85261.0;1745676966;88.554;98.311;84.608;103.307;
1900-01-01 00:16:07;-85260.0;1745676967;88.612;98.311;84.57;103.4;
1900-01-01 00:16:08;-85259.0;1745676968;88.612;98.298;84.526;103.35;
1900-01-01 00:16:09;-85258.0;1745676969;88.593;98.221;84.526;103.35;
1900-01-01 00:16:10;-85257.0;1745676970;88.682;98.221;84.436;103.372;
1900-01-01 00:16:11;-85256.0;1745676971;88.682;98.286;84.373;103.442;
1900-01-01 00:16:12;-85255.0;1745676972;88.617;98.229;84.373;103.442;
1900-01-01 00:16:13;-85254.0;1745676973;88.634;98.229;84.292;103.461;
1900-01-01 00:16:14;-85253.0;1745676974;88.634;98.249;84.236;103.363;
1900-01-01 00:16:15;-85252.0;1745676975;88.682;98.189;84.236;103.363;
1900-01-01 00:16:16;-85251.0;1745676976;88.682;98.189;84.251;103.438;
1900-01-01 00:16:17;-85250.0;1745676977;88.648;98.258;84.237;103.438;
1900-01-01 00:16:18;-85249.0;1745676978;88.629;98.099;84.237;103.361;
1900-01-01 00:16:19;-85248.0;1745676979;88.629;98.099;84.245;103.388;
1900-01-01 00:16:20;-85247.0;1745676980;88.618;98.178;84.306;103.388;
1900-01-01 00:16:21;-85246.0;1745676981;88.576;98.178;84.306;103.343;
1900-01-01 00:16:22;-85245.0;1745676982;88.576;98.115;84.346;103.321;
1900-01-01 00:16:24;-85244.0;1745676984;88.582;98.139;84.312;103.321;
1900-01-01 00:16:24;-85243.0;1745676984;88.58;98.139;84.312;103.367;
1900-01-01 00:16:25;-85242.0;1745676985;88.58;98.215;84.275;103.396;
1900-01-01 00:16:26;-85241.0;1745676986;88.596;98.098;84.302;103.396;
1900-01-01 00:16:27;-85240.0;1745676987;88.556;98.098;84.302;103.337;
1900-01-01 00:16:28;-85239.0;1745676988;88.556;98.094;84.297;103.354;
1900-01-01 00:16:29;-85238.0;1745676989;88.562;98.094;84.333;103.354;
1900-01-01 00:16:30;-85237.0;1745676990;88.475;98.094;84.333;103.403;
1900-01-01 00:16:31;-85236.0;1745676991;88.475;98.005;84.305;103.353;
1900-01-01 00:16:32;-85235.0;1745676992;88.436;98.017;84.305;103.353;
1900-01-01 00:16:33;-85234.0;1745676993;88.478;98.017;84.362;103.44;
1900-01-01 00:16:34;-85233.0;1745676994;88.478;98.011;84.446;103.227;
1900-01-01 00:16:35;-85232.0;1745676995;88.417;98.046;84.446;103.227;
1900-01-01 00:16:36;-85231.0;1745676996;88.404;98.046;84.46;103.318;
1900-01-01 00:16:37;-85230.0;1745676997;88.404;98.138;84.4;103.318;
1900-01-01 00:16:38;-85229.0;1745676998;88.346;98.019;84.4;103.347;
1900-01-01 00:16:39;-85228.0;1745676999;88.342;98.019;84.415;103.39;
1900-01-01 00:16:40;-85227.0;1745677000;88.342;98.093;84.408;103.39;
1900-01-01 00:16:41;-85226.0;1745677001;88.24;98.042;84.408;103.339;
1900-01-01 00:16:42;-85225.0;1745677002;88.281;98.042;84.416;103.285;
1900-01-01 00:16:43;-85224.0;1745677003;88.281;97.964;84.311;103.332;
1900-01-01 00:16:44;-85223.0;1745677004;88.14;97.938;84.311;103.332;
1900-01-01 00:16:45;-85222.0;1745677005;88.14;97.938;84.137;103.322;
1900-01-01 00:16:46;-85221.0;1745677006;88.067;98.093;83.987;103.322;
1900-01-01 00:16:47;-85220.0;1745677007;88.057;98.093;83.987;103.314;
1900-01-01 00:16:48;-85219.0;1745677008;88.057;97.946;83.88;103.341;
1900-01-01 00:16:49;-85218.0;1745677009;88.054;98.019;83.89;103.341;
1900-01-01 00:16:50;-85217.0;1745677010;88.02;98.019;83.89;103.285;
1900-01-01 00:16:51;-85216.0;1745677011;88.02;98.063;83.875;103.283;
1900-01-01 00:16:52;-85215.0;1745677012;87.974;97.972;83.875;103.283;
1900-01-01 00:16:53;-85214.0;1745677013;87.93;97.972;83.877;103.317;
1900-01-01 00:16:54;-85213.0;1745677014;87.93;98.05;83.735;103.371;
1900-01-01 00:16:55;-85212.0;1745677015;87.869;98.043;83.735;103.371;
1900-01-01 00:16:56;-85211.0;1745677016;87.831;98.043;83.894;103.311;
1900-01-01 00:16:57;-85210.0;1745677017;87.831;98.026;83.937;103.34;
1900-01-01 00:16:58;-85209.0;1745677018;87.828;98.012;83.937;103.34;
1900-01-01 00:16:59;-85208.0;1745677019;87.828;98.012;84.075;103.308;
1900-01-01 00:17:00;-85207.0;1745677020;87.78;97.954;84.071;103.308;
1900-01-01 00:17:01;-85206.0;1745677021;87.75;97.894;84.071;103.298;
1900-01-01 00:17:02;-85205.0;1745677022;87.75;97.894;84.054;103.343;
1900-01-01 00:17:03;-85204.0;1745677023;87.734;97.911;84.15;103.343;
1900-01-01 00:17:04;-85203.0;1745677024;87.672;98.051;84.15;103.292;
1900-01-01 00:17:05;-85202.0;1745677025;87.672;98.051;84.096;103.252;
1900-01-01 00:17:06;-85201.0;1745677026;87.632;97.984;84.183;103.252;
1900-01-01 00:17:07;-85200.0;1745677027;87.622;97.984;84.183;103.314;
