Time;Seconds from start for linreg;Unix Time;ch1 po2;ch2 po2;ch3 po2;ch4 po2;
1900-01-01 11:37:10;1.0;1745717830;100.624;102.171;97.31;102.576;
1900-01-01 11:37:11;2.0;1745717831;100.652;102.171;97.31;102.534;
1900-01-01 11:37:12;3.0;1745717832;100.652;102.222;97.288;102.566;
1900-01-01 11:37:13;4.0;1745717833;100.588;102.098;97.288;102.566;
1900-01-01 11:37:14;5.0;1745717834;100.586;102.098;97.314;102.565;
1900-01-01 11:37:15;6.0;1745717835;100.586;102.18;97.256;102.572;
1900-01-01 11:37:16;7.0;1745717836;100.659;102.198;97.256;102.572;
1900-01-01 11:37:17;8.0;1745717837;100.609;102.198;97.321;102.562;
1900-01-01 11:37:18;9.0;1745717838;100.609;102.23;97.377;102.562;
1900-01-01 11:37:19;10.0;1745717839;100.698;102.228;97.377;102.617;
1900-01-01 11:37:20;11.0;1745717840;100.746;102.228;97.381;102.459;
1900-01-01 11:37:21;12.0;1745717841;100.746;102.188;97.434;102.459;
1900-01-01 11:37:22;13.0;1745717842;100.716;102.324;97.434;102.615;
1900-01-01 11:37:24;14.0;1745717844;100.768;102.324;97.454;102.632;
1900-01-01 11:37:24;15.0;1745717844;100.768;102.302;97.353;102.632;
1900-01-01 11:37:25;16.0;1745717845;100.68;102.285;97.353;102.551;
1900-01-01 11:37:26;17.0;1745717846;100.68;102.285;97.326;102.521;
1900-01-01 11:37:27;18.0;1745717847;100.683;102.209;97.257;102.521;
1900-01-01 11:37:28;19.0;1745717848;100.67;102.178;97.257;102.55;
1900-01-01 11:37:29;20.0;1745717849;100.67;102.178;97.127;102.545;
1900-01-01 11:37:30;21.0;1745717850;100.74;102.152;97.079;102.545;
1900-01-01 11:37:31;22.0;1745717851;100.701;102.152;97.079;102.563;
1900-01-01 11:37:32;23.0;1745717852;100.701;102.23;97.188;102.544;
1900-01-01 11:37:33;24.0;1745717853;100.739;102.131;97.188;102.544;
1900-01-01 11:37:34;25.0;1745717854;100.72;102.131;97.179;102.622;
1900-01-01 11:37:35;26.0;1745717855;100.72;102.172;97.276;102.632;
1900-01-01 11:37:36;27.0;1745717856;100.751;102.147;97.276;102.632;
1900-01-01 11:37:37;28.0;1745717857;100.785;102.147;97.233;102.612;
1900-01-01 11:37:38;29.0;1745717858;100.785;102.188;97.182;102.612;
1900-01-01 11:37:39;30.0;1745717859;100.815;102.132;97.182;102.608;
1900-01-01 11:37:40;31.0;1745717860;100.755;102.132;97.236;102.613;
1900-01-01 11:37:41;32.0;1745717861;100.755;102.148;97.255;102.552;
1900-01-01 11:37:42;33.0;1745717862;100.75;102.183;97.255;102.552;
1900-01-01 11:37:43;34.0;1745717863;100.75;102.183;97.174;102.64;
1900-01-01 11:37:44;35.0;1745717864;100.846;102.125;97.145;102.64;
1900-01-01 11:37:45;36.0;1745717865;100.79;102.205;97.145;102.574;
1900-01-01 11:37:46;37.0;1745717866;100.902;102.205;97.157;102.6;
1900-01-01 11:37:47;38.0;1745717867;100.902;102.09;97.122;102.6;
1900-01-01 11:37:48;39.0;1745717868;100.7;102.151;97.122;102.525;
1900-01-01 11:37:49;40.0;1745717869;100.7;102.151;96.97;102.622;
1900-01-01 11:37:50;41.0;1745717870;100.709;102.068;96.881;102.622;
1900-01-01 11:37:51;42.0;1745717871;100.71;102.068;96.881;102.602;
1900-01-01 11:37:52;43.0;1745717872;100.71;102.145;96.956;102.636;
1900-01-01 11:37:53;44.0;1745717873;100.619;102.151;96.904;102.636;
1900-01-01 11:37:54;45.0;1745717874;100.641;102.151;96.904;102.611;
1900-01-01 11:37:55;46.0;1745717875;100.641;102.067;96.885;102.561;
1900-01-01 11:37:56;47.0;1745717876;100.709;102.06;96.885;102.561;
1900-01-01 11:37:57;48.0;1745717877;100.677;102.06;96.979;102.539;
1900-01-01 11:37:58;49.0;1745717878;100.677;101.937;97.045;102.539;
1900-01-01 11:37:59;50.0;1745717879;100.665;101.986;97.045;102.517;
1900-01-01 11:38:00;51.0;1745717880;100.689;101.986;97.007;102.56;
1900-01-01 11:38:01;52.0;1745717881;100.689;101.992;96.957;102.587;
1900-01-01 11:38:02;53.0;1745717882;100.561;101.993;96.957;102.587;
1900-01-01 11:38:03;54.0;1745717883;100.611;101.993;97.005;102.574;
1900-01-01 11:38:04;55.0;1745717884;100.611;102.16;97.027;102.574;
1900-01-01 11:38:05;56.0;1745717885;100.547;102.138;97.027;102.582;
1900-01-01 11:38:06;57.0;1745717886;100.547;102.138;96.92;102.519;
1900-01-01 11:38:07;58.0;1745717887;100.599;102.104;96.995;102.519;
1900-01-01 11:38:08;59.0;1745717888;100.666;102.083;96.995;102.435;
1900-01-01 11:38:09;60.0;1745717889;100.666;102.083;97.009;102.513;
1900-01-01 11:38:10;61.0;1745717890;100.591;102.1;97.116;102.513;
1900-01-01 11:38:11;62.0;1745717891;100.587;102.1;97.116;102.57;
1900-01-01 11:38:12;63.0;1745717892;100.587;101.976;97.104;102.529;
1900-01-01 11:38:13;64.0;1745717893;100.618;102.111;97.104;102.529;
1900-01-01 11:38:14;65.0;1745717894;100.583;102.111;97.058;102.516;
1900-01-01 11:38:15;66.0;1745717895;100.583;102.183;97.102;102.543;
1900-01-01 11:38:16;67.0;1745717896;100.673;102.238;97.004;102.543;
1900-01-01 11:38:17;68.0;1745717897;100.692;102.238;97.004;102.486;
1900-01-01 11:38:18;69.0;1745717898;100.692;102.111;97.133;102.486;
1900-01-01 11:38:19;70.0;1745717899;100.714;102.248;97.133;102.486;
1900-01-01 11:38:20;71.0;1745717900;100.714;102.248;97.116;102.559;
1900-01-01 11:38:21;72.0;1745717901;100.714;102.208;97.06;102.59;
1900-01-01 11:38:22;73.0;1745717902;100.715;102.149;97.06;102.59;
1900-01-01 11:38:23;74.0;1745717903;100.647;102.149;97.07;102.592;
1900-01-01 11:38:24;75.0;1745717904;100.647;102.238;97.091;102.494;
1900-01-01 11:38:25;76.0;1745717905;100.79;102.123;97.091;102.494;
1900-01-01 11:38:26;77.0;1745717906;100.79;102.123;97.161;102.561;
1900-01-01 11:38:27;78.0;1745717907;100.731;102.26;97.151;102.586;
1900-01-01 11:38:28;79.0;1745717908;100.838;102.18;97.151;102.586;
1900-01-01 11:38:29;80.0;1745717909;100.838;102.18;97.174;102.487;
1900-01-01 11:38:30;81.0;1745717910;100.781;102.048;97.132;102.58;
1900-01-01 11:38:31;82.0;1745717911;100.66;102.048;97.132;102.58;
1900-01-01 11:38:32;83.0;1745717912;100.66;102.166;97.135;102.535;
1900-01-01 11:38:33;84.0;1745717913;100.647;102.211;97.164;102.535;
1900-01-01 11:38:35;85.0;1745717915;100.607;102.231;97.164;102.659;
1900-01-01 11:38:35;86.0;1745717915;100.607;102.231;97.182;102.566;
1900-01-01 11:38:36;87.0;1745717916;100.676;102.117;97.17;102.566;
1900-01-01 11:38:37;88.0;1745717917;100.711;102.117;97.17;102.635;
1900-01-01 11:38:38;89.0;1745717918;100.711;102.16;97.184;102.575;
1900-01-01 11:38:39;90.0;1745717919;100.634;102.186;97.139;102.575;
1900-01-01 11:38:40;91.0;1745717920;100.725;102.186;97.139;102.539;
1900-01-01 11:38:41;92.0;1745717921;100.725;102.25;97.046;102.49;
1900-01-01 11:38:42;93.0;1745717922;100.661;102.128;97.046;102.49;
1900-01-01 11:38:43;94.0;1745717923;100.69;102.128;97.127;102.559;
1900-01-01 11:38:44;95.0;1745717924;100.69;102.235;97.036;102.559;
1900-01-01 11:38:45;96.0;1745717925;100.695;102.214;97.036;102.564;
1900-01-01 11:38:46;97.0;1745717926;100.654;102.214;96.994;102.586;
1900-01-01 11:38:47;98.0;1745717927;100.654;102.104;97.034;102.586;
1900-01-01 11:38:48;99.0;1745717928;100.684;102.199;97.034;102.529;
1900-01-01 11:38:49;100.0;1745717929;100.697;102.199;96.967;102.567;
1900-01-01 11:38:50;101.0;1745717930;100.697;102.208;96.899;102.506;
1900-01-01 11:38:51;102.0;1745717931;100.66;102.208;96.899;102.506;
1900-01-01 11:38:52;103.0;1745717932;100.66;102.192;96.797;102.54;
1900-01-01 11:38:53;104.0;1745717933;100.714;102.135;96.85;102.54;
1900-01-01 11:38:54;105.0;1745717934;100.63;102.135;96.85;102.588;
1900-01-01 11:38:55;106.0;1745717935;100.63;102.217;96.842;102.616;
1900-01-01 11:38:56;107.0;1745717936;100.649;102.159;96.83;102.616;
1900-01-01 11:38:58;108.0;1745717938;100.766;102.154;96.83;102.544;
1900-01-01 11:38:58;109.0;1745717938;100.766;102.154;96.886;102.573;
1900-01-01 11:38:59;110.0;1745717939;100.664;102.053;96.905;102.573;
1900-01-01 11:39:00;111.0;1745717940;100.661;102.053;96.905;102.604;
1900-01-01 11:39:01;112.0;1745717941;100.661;102.054;96.891;102.546;
1900-01-01 11:39:02;113.0;1745717942;100.654;102.042;96.944;102.546;
1900-01-01 11:39:03;114.0;1745717943;100.65;102.042;96.944;102.59;
1900-01-01 11:39:04;115.0;1745717944;100.65;102.111;96.896;102.588;
1900-01-01 11:39:05;116.0;1745717945;100.69;102.093;96.896;102.588;
1900-01-01 11:39:06;117.0;1745717946;100.779;102.093;96.884;102.595;
1900-01-01 11:39:07;118.0;1745717947;100.779;102.039;96.869;102.481;
1900-01-01 11:39:08;119.0;1745717948;100.736;102.015;96.869;102.481;
1900-01-01 11:39:09;120.0;1745717949;100.802;102.015;96.889;102.484;
1900-01-01 11:39:10;121.0;1745717950;100.802;102.005;96.884;102.484;
1900-01-01 11:39:11;122.0;1745717951;100.729;102.079;96.884;102.55;
1900-01-01 11:39:12;123.0;1745717952;100.711;102.079;96.928;102.508;
1900-01-01 11:39:13;124.0;1745717953;100.711;102.117;96.929;102.593;
1900-01-01 11:39:15;125.0;1745717955;100.605;102.238;96.936;102.593;
1900-01-01 11:39:15;126.0;1745717955;100.605;102.238;96.936;102.607;
1900-01-01 11:39:16;127.0;1745717956;100.526;102.112;96.992;102.574;
1900-01-01 11:39:17;128.0;1745717957;100.455;102.077;96.992;102.574;
1900-01-01 11:39:18;129.0;1745717958;100.534;102.077;96.972;102.56;
1900-01-01 11:39:19;130.0;1745717959;100.534;102.167;97.024;102.56;
1900-01-01 11:39:20;131.0;1745717960;100.544;102.148;97.024;102.649;
1900-01-01 11:39:21;132.0;1745717961;100.553;102.148;97.022;102.557;
1900-01-01 11:39:22;133.0;1745717962;100.553;102.041;97.048;102.608;
1900-01-01 11:39:23;134.0;1745717963;100.571;102.118;97.048;102.608;
1900-01-01 11:39:24;135.0;1745717964;100.571;102.118;97.101;102.477;
1900-01-01 11:39:25;136.0;1745717965;100.602;102.071;96.911;102.477;
1900-01-01 11:39:26;137.0;1745717966;100.623;102.174;96.911;102.594;
1900-01-01 11:39:27;138.0;1745717967;100.664;102.174;96.898;102.546;
1900-01-01 11:39:28;139.0;1745717968;100.664;102.177;96.951;102.596;
1900-01-01 11:39:29;140.0;1745717969;100.619;102.106;96.951;102.596;
1900-01-01 11:39:30;141.0;1745717970;100.619;102.106;96.789;102.585;
1900-01-01 11:39:31;142.0;1745717971;100.639;102.172;96.775;102.585;
1900-01-01 11:39:33;143.0;1745717973;100.587;102.273;96.775;102.561;
1900-01-01 11:39:33;144.0;1745717973;100.587;102.273;96.8;102.584;
1900-01-01 11:39:34;145.0;1745717974;100.617;102.243;96.814;102.584;
1900-01-01 11:39:35;146.0;1745717975;100.605;102.243;96.814;102.58;
1900-01-01 11:39:36;147.0;1745717976;100.605;102.295;96.853;102.584;
1900-01-01 11:39:37;148.0;1745717977;100.629;102.315;96.753;102.584;
1900-01-01 11:39:38;149.0;1745717978;100.7;102.315;96.753;102.509;
1900-01-01 11:39:39;150.0;1745717979;100.7;102.316;96.813;102.57;
1900-01-01 11:39:40;151.0;1745717980;100.605;102.284;96.88;102.57;
1900-01-01 11:39:41;152.0;1745717981;100.55;102.284;96.88;102.55;
1900-01-01 11:39:42;153.0;1745717982;100.55;102.249;96.8;102.515;
1900-01-01 11:39:43;154.0;1745717983;100.457;102.223;96.8;102.515;
1900-01-01 11:39:45;155.0;1745717985;100.511;102.223;96.837;102.566;
1900-01-01 11:39:45;156.0;1745717985;100.511;102.175;96.84;102.546;
1900-01-01 11:39:46;157.0;1745717986;100.596;102.103;96.84;102.546;
1900-01-01 11:39:47;158.0;1745717987;100.538;102.103;96.896;102.536;
1900-01-01 11:39:48;159.0;1745717988;100.538;102.137;96.957;102.536;
1900-01-01 11:39:49;160.0;1745717989;100.507;102.17;96.957;102.566;
1900-01-01 11:39:50;161.0;1745717990;100.507;102.17;96.817;102.438;
1900-01-01 11:39:51;162.0;1745717991;100.538;102.138;96.7;102.438;
1900-01-01 11:39:52;163.0;1745717992;100.587;102.138;96.7;102.51;
1900-01-01 11:39:53;164.0;1745717993;100.587;102.218;96.61;102.499;
1900-01-01 11:39:54;165.0;1745717994;100.591;102.159;96.639;102.499;
1900-01-01 11:39:55;166.0;1745717995;100.587;102.093;96.639;102.59;
1900-01-01 11:39:56;167.0;1745717996;100.587;102.093;96.719;102.588;
1900-01-01 11:39:57;168.0;1745717997;100.58;102.071;96.777;102.588;
1900-01-01 11:39:58;169.0;1745717998;100.565;102.145;96.777;102.539;
1900-01-01 11:39:59;170.0;1745717999;100.565;102.145;96.85;102.56;
1900-01-01 11:40:00;171.0;1745718000;100.579;102.101;96.796;102.56;
1900-01-01 11:40:01;172.0;1745718001;100.619;102.094;96.796;102.513;
1900-01-01 11:40:02;173.0;1745718002;100.619;102.094;96.819;102.551;
1900-01-01 11:40:03;174.0;1745718003;100.642;101.967;96.866;102.551;
1900-01-01 11:40:04;175.0;1745718004;100.627;101.967;96.866;102.575;
1900-01-01 11:40:05;176.0;1745718005;100.627;102.06;96.963;102.595;
1900-01-01 11:40:07;177.0;1745718007;100.695;102.087;96.98;102.595;
1900-01-01 11:40:07;178.0;1745718007;100.736;102.087;96.98;102.519;
1900-01-01 11:40:08;179.0;1745718008;100.736;102.027;97.046;102.619;
1900-01-01 11:40:09;180.0;1745718009;100.772;102.021;96.868;102.619;
1900-01-01 11:40:10;181.0;1745718010;100.703;102.021;96.868;102.608;
1900-01-01 11:40:11;182.0;1745718011;100.703;102.033;96.874;102.508;
1900-01-01 11:40:12;183.0;1745718012;100.796;102.097;96.83;102.508;
1900-01-01 11:40:13;184.0;1745718013;100.8;102.097;96.83;102.63;
1900-01-01 11:40:14;185.0;1745718014;100.8;102.098;96.756;102.635;
1900-01-01 11:40:15;186.0;1745718015;100.709;102.024;96.756;102.635;
1900-01-01 11:40:16;187.0;1745718016;100.731;102.024;96.691;102.512;
1900-01-01 11:40:17;188.0;1745718017;100.731;102.035;96.679;102.512;
1900-01-01 11:40:18;189.0;1745718018;100.69;102.139;96.679;102.53;
1900-01-01 11:40:20;190.0;1745718020;100.59;102.139;96.608;102.571;
1900-01-01 11:40:20;191.0;1745718020;100.59;102.03;96.583;102.571;
1900-01-01 11:40:21;192.0;1745718021;100.56;102.035;96.583;102.636;
1900-01-01 11:40:22;193.0;1745718022;100.56;102.035;96.55;102.594;
1900-01-01 11:40:23;194.0;1745718023;100.589;102.028;96.551;102.594;
1900-01-01 11:40:24;195.0;1745718024;100.458;102.028;96.551;102.558;
1900-01-01 11:40:25;196.0;1745718025;100.458;101.963;96.623;102.609;
1900-01-01 11:40:26;197.0;1745718026;100.496;102.024;96.623;102.609;
1900-01-01 11:40:27;198.0;1745718027;100.458;102.024;96.644;102.687;
1900-01-01 11:40:28;199.0;1745718028;100.458;102.011;96.536;102.538;
1900-01-01 11:40:29;200.0;1745718029;100.49;102.008;96.474;102.538;
1900-01-01 11:40:30;201.0;1745718030;100.426;102.008;96.474;102.608;
1900-01-01 11:40:31;202.0;1745718031;100.426;102.085;96.424;102.58;
1900-01-01 11:40:32;203.0;1745718032;100.481;102.175;96.424;102.58;
1900-01-01 11:40:33;204.0;1745718033;100.492;102.175;96.388;102.644;
1900-01-01 11:40:34;205.0;1745718034;100.492;102.168;96.461;102.642;
1900-01-01 11:40:35;206.0;1745718035;100.541;102.125;96.461;102.642;
1900-01-01 11:40:36;207.0;1745718036;100.541;102.125;96.454;102.6;
1900-01-01 11:40:37;208.0;1745718037;100.489;102.163;96.49;102.573;
1900-01-01 11:40:38;209.0;1745718038;100.522;102.163;96.49;102.573;
1900-01-01 11:40:39;210.0;1745718039;100.522;102.151;96.541;102.505;
1900-01-01 11:40:40;211.0;1745718040;100.431;102.039;96.665;102.505;
1900-01-01 11:40:41;212.0;1745718041;100.46;102.039;96.665;102.468;
1900-01-01 11:40:42;213.0;1745718042;100.46;102.109;96.604;102.537;
1900-01-01 11:40:44;214.0;1745718044;100.404;102.008;96.681;102.537;
1900-01-01 11:40:44;215.0;1745718044;100.394;102.008;96.681;102.498;
1900-01-01 11:40:45;216.0;1745718045;100.394;102.154;96.699;102.475;
1900-01-01 11:40:46;217.0;1745718046;100.38;102.017;96.699;102.475;
1900-01-01 11:40:47;218.0;1745718047;100.386;102.017;96.712;102.515;
1900-01-01 11:40:48;219.0;1745718048;100.386;102.038;96.65;102.54;
1900-01-01 11:40:50;220.0;1745718050;100.448;102.103;96.65;102.54;
1900-01-01 11:40:50;221.0;1745718050;100.487;102.103;96.65;102.475;
1900-01-01 11:40:51;222.0;1745718051;100.487;102.089;96.558;102.444;
1900-01-01 11:40:52;223.0;1745718052;100.467;102.023;96.558;102.444;
1900-01-01 11:40:53;224.0;1745718053;100.467;102.023;96.517;102.518;
1900-01-01 11:40:54;225.0;1745718054;100.462;101.999;96.583;102.48;
1900-01-01 11:40:55;226.0;1745718055;100.508;101.96;96.583;102.48;
1900-01-01 11:40:56;227.0;1745718056;100.508;101.96;96.595;102.51;
1900-01-01 11:40:57;228.0;1745718057;100.427;102.037;96.65;102.51;
1900-01-01 11:40:58;229.0;1745718058;100.381;101.991;96.65;102.552;
1900-01-01 11:40:59;230.0;1745718059;100.381;101.991;96.71;102.481;
1900-01-01 11:41:00;231.0;1745718060;100.397;102.079;96.589;102.481;
1900-01-01 11:41:01;232.0;1745718061;100.467;102.057;96.589;102.602;
1900-01-01 11:41:02;233.0;1745718062;100.467;102.057;96.507;102.583;
1900-01-01 11:41:03;234.0;1745718063;100.323;102.023;96.464;102.583;
1900-01-01 11:41:04;235.0;1745718064;100.359;101.982;96.464;102.589;
1900-01-01 11:41:05;236.0;1745718065;100.359;101.982;96.551;102.465;
1900-01-01 11:41:06;237.0;1745718066;100.466;102.015;96.539;102.465;
1900-01-01 11:41:07;238.0;1745718067;100.491;102.015;96.539;102.499;
1900-01-01 11:41:08;239.0;1745718068;100.491;102.074;96.724;102.604;
1900-01-01 11:41:09;240.0;1745718069;100.514;102.081;96.627;102.604;
1900-01-01 11:41:10;241.0;1745718070;100.594;102.081;96.627;102.56;
1900-01-01 11:41:11;242.0;1745718071;100.594;102.066;96.672;102.574;
1900-01-01 11:41:12;243.0;1745718072;100.572;102.011;96.66;102.574;
1900-01-01 11:41:14;244.0;1745718074;100.579;102.011;96.66;102.594;
1900-01-01 11:41:14;245.0;1745718074;100.579;102.079;96.678;102.559;
1900-01-01 11:41:16;246.0;1745718076;100.575;102.061;96.647;102.559;
1900-01-01 11:41:16;247.0;1745718076;100.54;102.061;96.647;102.518;
1900-01-01 11:41:17;248.0;1745718077;100.54;102.174;96.603;102.548;
1900-01-01 11:41:18;249.0;1745718078;100.451;102.129;96.603;102.548;
1900-01-01 11:41:19;250.0;1745718079;100.51;102.129;96.511;102.475;
1900-01-01 11:41:20;251.0;1745718080;100.51;102.003;96.353;102.538;
1900-01-01 11:41:21;252.0;1745718081;100.472;102.13;96.353;102.538;
1900-01-01 11:41:22;253.0;1745718082;100.472;102.13;96.378;102.527;
1900-01-01 11:41:23;254.0;1745718083;100.416;102.096;96.416;102.527;
1900-01-01 11:41:24;255.0;1745718084;100.365;102.096;96.416;102.536;
1900-01-01 11:41:25;256.0;1745718085;100.365;102.063;96.567;102.511;
1900-01-01 11:41:26;257.0;1745718086;100.344;102.133;96.544;102.511;
1900-01-01 11:41:27;258.0;1745718087;100.284;102.107;96.544;102.527;
1900-01-01 11:41:28;259.0;1745718088;100.284;102.107;96.484;102.555;
1900-01-01 11:41:29;260.0;1745718089;100.128;102.127;96.419;102.555;
1900-01-01 11:41:31;261.0;1745718091;100.077;102.149;96.419;102.511;
1900-01-01 11:41:31;262.0;1745718091;100.077;102.149;96.501;102.502;
1900-01-01 11:41:32;263.0;1745718092;99.927;102.123;96.368;102.502;
1900-01-01 11:41:33;264.0;1745718093;99.898;102.123;96.368;102.589;
1900-01-01 11:41:34;265.0;1745718094;99.898;102.069;96.339;102.561;
1900-01-01 11:41:35;266.0;1745718095;99.945;102.068;96.339;102.561;
1900-01-01 11:41:36;267.0;1745718096;99.832;102.068;96.42;102.438;
1900-01-01 11:41:37;268.0;1745718097;99.832;102.022;96.345;102.475;
1900-01-01 11:41:38;269.0;1745718098;99.865;102.061;96.345;102.475;
1900-01-01 11:41:39;270.0;1745718099;99.877;102.061;96.278;102.479;
1900-01-01 11:41:40;271.0;1745718100;99.877;102.083;96.336;102.512;
1900-01-01 11:41:41;272.0;1745718101;99.925;102.087;96.336;102.512;
1900-01-01 11:41:42;273.0;1745718102;99.889;102.087;96.332;102.525;
1900-01-01 11:41:43;274.0;1745718103;99.889;102.019;96.291;102.478;
1900-01-01 11:41:44;275.0;1745718104;99.995;101.978;96.291;102.478;
1900-01-01 11:41:45;276.0;1745718105;99.995;101.978;96.291;102.499;
1900-01-01 11:41:46;277.0;1745718106;99.94;102.032;96.34;102.499;
1900-01-01 11:41:47;278.0;1745718107;100.083;102.046;96.34;102.517;
1900-01-01 11:41:48;279.0;1745718108;100.083;102.046;96.465;102.548;
1900-01-01 11:41:49;280.0;1745718109;100.167;102.033;96.479;102.548;
1900-01-01 11:41:50;281.0;1745718110;100.079;102.033;96.479;102.485;
1900-01-01 11:41:51;282.0;1745718111;100.079;102.103;96.516;102.569;
1900-01-01 11:41:52;283.0;1745718112;100.125;102.005;96.435;102.569;
1900-01-01 11:41:53;284.0;1745718113;100.174;102.005;96.435;102.537;
1900-01-01 11:41:54;285.0;1745718114;100.174;101.955;96.43;102.583;
1900-01-01 11:41:55;286.0;1745718115;100.21;102.044;96.43;102.583;
1900-01-01 11:41:56;287.0;1745718116;100.202;102.044;96.53;102.566;
1900-01-01 11:41:57;288.0;1745718117;100.202;102.039;96.472;102.566;
1900-01-01 11:41:58;289.0;1745718118;100.165;102.04;96.472;102.544;
1900-01-01 11:41:59;290.0;1745718119;100.198;102.04;96.482;102.527;
1900-01-01 11:42:00;291.0;1745718120;100.198;101.993;96.441;102.527;
1900-01-01 11:42:01;292.0;1745718121;100.286;101.98;96.441;102.49;
1900-01-01 11:42:02;293.0;1745718122;100.199;101.98;96.478;102.509;
1900-01-01 11:42:03;294.0;1745718123;100.199;102.005;96.388;102.533;
1900-01-01 11:42:04;295.0;1745718124;100.223;102.023;96.388;102.533;
1900-01-01 11:42:05;296.0;1745718125;100.223;102.023;96.316;102.514;
1900-01-01 11:42:06;297.0;1745718126;100.225;102.0;96.248;102.514;
1900-01-01 11:42:07;298.0;1745718127;100.226;101.993;96.248;102.468;
1900-01-01 11:42:08;299.0;1745718128;100.226;101.993;96.259;102.5;
1900-01-01 11:42:09;300.0;1745718129;100.284;101.948;96.314;102.5;
1900-01-01 11:42:11;301.0;1745718131;100.257;101.925;96.314;102.527;
1900-01-01 11:42:11;302.0;1745718131;100.257;101.925;96.305;102.537;
1900-01-01 11:42:12;303.0;1745718132;100.274;101.902;96.344;102.537;
1900-01-01 11:42:13;304.0;1745718133;100.238;101.848;96.344;102.541;
1900-01-01 11:42:14;305.0;1745718134;100.238;101.848;96.34;102.561;
1900-01-01 11:42:15;306.0;1745718135;100.228;101.869;96.399;102.561;
1900-01-01 11:42:16;307.0;1745718136;100.208;102.007;96.399;102.502;
1900-01-01 11:42:17;308.0;1745718137;100.208;102.007;96.444;102.534;
1900-01-01 11:42:18;309.0;1745718138;100.166;102.041;96.397;102.534;
1900-01-01 11:42:19;310.0;1745718139;100.245;101.987;96.397;102.469;
1900-01-01 11:42:21;311.0;1745718141;100.245;101.987;96.373;102.594;
1900-01-01 11:42:21;312.0;1745718141;100.167;102.003;96.282;102.594;
1900-01-01 11:42:22;313.0;1745718142;100.215;102.003;96.282;102.608;
1900-01-01 11:42:23;314.0;1745718143;100.215;102.032;96.316;102.51;
1900-01-01 11:42:24;315.0;1745718144;100.215;102.062;96.258;102.51;
1900-01-01 11:42:25;316.0;1745718145;100.212;102.062;96.258;102.477;
1900-01-01 11:42:26;317.0;1745718146;100.212;102.018;96.227;102.498;
1900-01-01 11:42:27;318.0;1745718147;100.136;101.983;96.227;102.498;
1900-01-01 11:42:28;319.0;1745718148;100.175;101.983;96.235;102.448;
1900-01-01 11:42:29;320.0;1745718149;100.175;102.0;96.193;102.448;
1900-01-01 11:42:30;321.0;1745718150;100.143;101.993;96.193;102.462;
1900-01-01 11:42:31;322.0;1745718151;100.072;101.993;96.202;102.474;
1900-01-01 11:42:32;323.0;1745718152;100.072;101.934;96.106;102.556;
1900-01-01 11:42:33;324.0;1745718153;100.104;101.919;96.106;102.556;
1900-01-01 11:42:34;325.0;1745718154;100.104;101.919;96.239;102.475;
1900-01-01 11:42:35;326.0;1745718155;100.113;101.984;96.169;102.502;
1900-01-01 11:42:36;327.0;1745718156;100.1;101.912;96.169;102.502;
1900-01-01 11:42:37;328.0;1745718157;100.126;101.912;96.294;102.514;
1900-01-01 11:42:38;329.0;1745718158;100.126;101.947;96.25;102.529;
1900-01-01 11:42:40;330.0;1745718160;100.121;101.996;96.21;102.529;
1900-01-01 11:42:40;331.0;1745718160;100.121;101.996;96.21;102.562;
1900-01-01 11:42:41;332.0;1745718161;100.109;101.956;96.158;102.504;
1900-01-01 11:42:42;333.0;1745718162;100.17;102.009;96.158;102.504;
1900-01-01 11:42:43;334.0;1745718163;100.181;102.009;96.174;102.469;
1900-01-01 11:42:44;335.0;1745718164;100.181;102.062;96.233;102.469;
1900-01-01 11:42:45;336.0;1745718165;100.227;102.091;96.233;102.535;
1900-01-01 11:42:46;337.0;1745718166;100.227;102.091;96.207;102.598;
1900-01-01 11:42:47;338.0;1745718167;100.245;102.054;96.269;102.598;
1900-01-01 11:42:48;339.0;1745718168;100.224;102.054;96.269;102.538;
1900-01-01 11:42:49;340.0;1745718169;100.224;102.163;96.263;102.43;
1900-01-01 11:42:50;341.0;1745718170;100.136;101.988;96.222;102.43;
1900-01-01 11:42:51;342.0;1745718171;100.106;102.023;96.222;102.549;
1900-01-01 11:42:52;343.0;1745718172;100.106;102.023;96.17;102.527;
1900-01-01 11:42:53;344.0;1745718173;100.146;101.898;96.175;102.527;
1900-01-01 11:42:55;345.0;1745718175;100.079;101.905;96.175;102.524;
1900-01-01 11:42:55;346.0;1745718175;100.079;101.905;96.138;102.457;
1900-01-01 11:42:56;347.0;1745718176;100.064;102.027;96.031;102.457;
1900-01-01 11:42:57;348.0;1745718177;100.056;102.027;96.031;102.488;
1900-01-01 11:42:58;349.0;1745718178;100.056;101.962;96.116;102.427;
1900-01-01 11:42:59;350.0;1745718179;100.08;101.972;96.116;102.427;
1900-01-01 11:43:00;351.0;1745718180;100.08;101.972;96.147;102.529;
1900-01-01 11:43:01;352.0;1745718181;100.106;101.955;96.204;102.516;
1900-01-01 11:43:03;353.0;1745718183;100.118;101.958;96.204;102.516;
1900-01-01 11:43:03;354.0;1745718183;100.118;101.958;96.128;102.486;
1900-01-01 11:43:04;355.0;1745718184;100.095;102.067;96.19;102.486;
1900-01-01 11:43:05;356.0;1745718185;100.059;101.999;96.19;102.51;
1900-01-01 11:43:06;357.0;1745718186;100.059;101.999;96.162;102.412;
1900-01-01 11:43:07;358.0;1745718187;100.105;101.996;96.167;102.412;
1900-01-01 11:43:09;359.0;1745718189;100.018;102.097;96.167;102.506;
1900-01-01 11:43:09;360.0;1745718189;100.018;102.097;96.149;102.392;
1900-01-01 11:43:10;361.0;1745718190;100.128;102.002;96.066;102.392;
1900-01-01 11:43:11;362.0;1745718191;100.096;102.002;96.066;102.474;
1900-01-01 11:43:12;363.0;1745718192;100.096;101.989;96.029;102.383;
1900-01-01 11:43:14;364.0;1745718194;100.128;102.026;96.067;102.383;
1900-01-01 11:43:14;365.0;1745718194;100.113;102.026;96.067;102.42;
1900-01-01 11:43:15;366.0;1745718195;100.113;101.975;96.027;102.455;
1900-01-01 11:43:16;367.0;1745718196;100.113;101.971;96.009;102.455;
1900-01-01 11:43:17;368.0;1745718197;100.127;101.971;96.009;102.447;
1900-01-01 11:43:18;369.0;1745718198;100.127;102.075;96.065;102.551;
1900-01-01 11:43:19;370.0;1745718199;100.188;102.06;95.941;102.551;
1900-01-01 11:43:20;371.0;1745718200;100.12;102.06;95.941;102.538;
1900-01-01 11:43:21;372.0;1745718201;100.12;102.035;96.018;102.51;
1900-01-01 11:43:22;373.0;1745718202;100.039;102.048;96.018;102.51;
1900-01-01 11:43:24;374.0;1745718204;100.011;102.048;95.945;102.511;
1900-01-01 11:43:24;375.0;1745718204;100.011;101.992;95.919;102.511;
1900-01-01 11:43:25;376.0;1745718205;100.007;101.918;95.919;102.551;
1900-01-01 11:43:26;377.0;1745718206;100.022;101.918;95.867;102.566;
1900-01-01 11:43:27;378.0;1745718207;100.022;101.88;95.803;102.566;
1900-01-01 11:43:28;379.0;1745718208;100.016;101.881;95.803;102.582;
1900-01-01 11:43:30;380.0;1745718210;99.999;101.881;95.797;102.532;
1900-01-01 11:43:30;381.0;1745718210;99.999;101.895;95.905;102.532;
1900-01-01 11:43:31;382.0;1745718211;100.043;101.89;95.905;102.639;
1900-01-01 11:43:32;383.0;1745718212;100.043;101.89;95.867;102.543;
1900-01-01 11:43:33;384.0;1745718213;100.016;101.912;95.957;102.543;
1900-01-01 11:43:34;385.0;1745718214;99.986;101.912;95.957;102.537;
1900-01-01 11:43:35;386.0;1745718215;99.986;101.838;95.898;102.577;
1900-01-01 11:43:36;387.0;1745718216;100.016;101.949;95.837;102.577;
1900-01-01 11:43:37;388.0;1745718217;99.886;101.949;95.837;102.522;
1900-01-01 11:43:38;389.0;1745718218;99.886;101.755;95.813;102.603;
1900-01-01 11:43:39;390.0;1745718219;100.059;101.846;95.813;102.603;
1900-01-01 11:43:40;391.0;1745718220;99.862;101.846;95.895;102.573;
1900-01-01 11:43:41;392.0;1745718221;99.862;101.788;95.979;102.54;
1900-01-01 11:43:42;393.0;1745718222;99.963;101.819;95.961;102.54;
1900-01-01 11:43:43;394.0;1745718223;99.963;101.819;95.961;102.619;
1900-01-01 11:43:44;395.0;1745718224;99.957;101.673;95.798;102.507;
1900-01-01 11:43:45;396.0;1745718225;99.947;101.806;95.798;102.507;
1900-01-01 11:43:47;397.0;1745718227;100.003;101.806;95.828;102.555;
1900-01-01 11:43:47;398.0;1745718227;100.003;101.759;95.779;102.555;
1900-01-01 11:43:48;399.0;1745718228;99.995;101.802;95.779;102.487;
1900-01-01 11:43:50;400.0;1745718230;100.013;101.802;95.704;102.503;
1900-01-01 11:43:50;401.0;1745718230;100.013;101.784;95.732;102.503;
1900-01-01 11:43:51;402.0;1745718231;100.037;101.76;95.732;102.5;
1900-01-01 11:43:52;403.0;1745718232;100.037;101.76;95.756;102.529;
1900-01-01 11:43:53;404.0;1745718233;99.977;101.79;95.746;102.529;
1900-01-01 11:43:54;405.0;1745718234;99.975;101.79;95.746;102.537;
1900-01-01 11:43:55;406.0;1745718235;99.975;101.848;95.739;102.442;
1900-01-01 11:43:56;407.0;1745718236;99.871;101.811;95.82;102.442;
1900-01-01 11:43:57;408.0;1745718237;99.835;101.811;95.82;102.577;
1900-01-01 11:43:58;409.0;1745718238;99.835;101.917;95.86;102.541;
1900-01-01 11:43:59;410.0;1745718239;99.832;101.81;95.826;102.541;
1900-01-01 11:44:00;411.0;1745718240;99.754;101.81;95.826;102.49;
1900-01-01 11:44:01;412.0;1745718241;99.754;101.852;95.877;102.533;
1900-01-01 11:44:02;413.0;1745718242;99.802;101.832;95.877;102.533;
1900-01-01 11:44:03;414.0;1745718243;99.82;101.832;95.938;102.567;
1900-01-01 11:44:04;415.0;1745718244;99.82;101.904;95.907;102.606;
1900-01-01 11:44:05;416.0;1745718245;99.813;101.887;95.907;102.606;
1900-01-01 11:44:06;417.0;1745718246;99.871;101.887;95.952;102.516;
1900-01-01 11:44:07;418.0;1745718247;99.871;101.918;95.986;102.459;
1900-01-01 11:44:08;419.0;1745718248;99.77;101.919;95.883;102.459;
1900-01-01 11:44:09;420.0;1745718249;99.875;101.919;95.883;102.447;
1900-01-01 11:44:10;421.0;1745718250;99.875;101.959;95.874;102.471;
1900-01-01 11:44:11;422.0;1745718251;99.811;101.818;95.874;102.471;
1900-01-01 11:44:12;423.0;1745718252;99.873;101.818;95.865;102.43;
1900-01-01 11:44:13;424.0;1745718253;99.873;101.836;95.804;102.525;
1900-01-01 11:44:15;425.0;1745718255;99.914;101.913;95.855;102.525;
1900-01-01 11:44:15;426.0;1745718255;99.865;101.913;95.855;102.471;
1900-01-01 11:44:16;427.0;1745718256;99.865;101.887;95.767;102.521;
1900-01-01 11:44:17;428.0;1745718257;99.931;101.953;95.783;102.521;
1900-01-01 11:44:18;429.0;1745718258;100.004;101.953;95.783;102.444;
1900-01-01 11:44:19;430.0;1745718259;100.004;101.867;95.77;102.508;
1900-01-01 11:44:20;431.0;1745718260;99.874;101.911;95.77;102.508;
1900-01-01 11:44:21;432.0;1745718261;99.842;101.911;95.678;102.488;
1900-01-01 11:44:22;433.0;1745718262;99.842;101.874;95.678;102.531;
1900-01-01 11:44:24;434.0;1745718264;99.96;101.907;95.597;102.531;
1900-01-01 11:44:24;435.0;1745718264;99.991;101.907;95.597;102.46;
1900-01-01 11:44:25;436.0;1745718265;99.991;101.85;95.549;102.501;
1900-01-01 11:44:26;437.0;1745718266;99.968;101.906;95.549;102.501;
1900-01-01 11:44:27;438.0;1745718267;99.968;101.906;95.54;102.507;
1900-01-01 11:44:28;439.0;1745718268;99.954;101.816;95.488;102.531;
1900-01-01 11:44:29;440.0;1745718269;99.95;101.779;95.488;102.531;
1900-01-01 11:44:30;441.0;1745718270;99.982;101.779;95.498;102.449;
1900-01-01 11:44:31;442.0;1745718271;99.982;101.862;95.509;102.449;
1900-01-01 11:44:32;443.0;1745718272;99.843;101.727;95.509;102.524;
1900-01-01 11:44:33;444.0;1745718273;99.9;101.727;95.445;102.491;
1900-01-01 11:44:34;445.0;1745718274;99.9;101.798;95.278;102.411;
1900-01-01 11:44:36;446.0;1745718276;99.89;101.758;95.278;102.411;
1900-01-01 11:44:36;447.0;1745718276;99.89;101.758;95.316;102.438;
1900-01-01 11:44:37;448.0;1745718277;99.859;101.788;95.325;102.438;
1900-01-01 11:44:38;449.0;1745718278;99.875;101.712;95.325;102.587;
1900-01-01 11:44:39;450.0;1745718279;99.875;101.712;95.321;102.48;
1900-01-01 11:44:40;451.0;1745718280;99.912;101.707;95.276;102.48;
1900-01-01 11:44:41;452.0;1745718281;99.913;101.707;95.276;102.472;
1900-01-01 11:44:42;453.0;1745718282;99.913;101.739;95.29;102.542;
1900-01-01 11:44:44;454.0;1745718284;99.954;101.802;95.328;102.542;
1900-01-01 11:44:44;455.0;1745718284;99.946;101.802;95.328;102.39;
1900-01-01 11:44:45;456.0;1745718285;99.946;101.72;95.399;102.464;
1900-01-01 11:44:46;457.0;1745718286;99.85;101.77;95.462;102.464;
1900-01-01 11:44:47;458.0;1745718287;99.897;101.77;95.462;102.432;
1900-01-01 11:44:48;459.0;1745718288;99.897;101.818;95.492;102.458;
1900-01-01 11:44:49;460.0;1745718289;99.833;101.844;95.492;102.458;
1900-01-01 11:44:50;461.0;1745718290;99.866;101.844;95.494;102.474;
1900-01-01 11:44:51;462.0;1745718291;99.866;101.847;95.473;102.511;
1900-01-01 11:44:52;463.0;1745718292;99.912;101.857;95.473;102.511;
1900-01-01 11:44:53;464.0;1745718293;99.912;101.857;95.454;102.461;
1900-01-01 11:44:54;465.0;1745718294;99.866;101.828;95.486;102.461;
1900-01-01 11:44:55;466.0;1745718295;99.832;101.83;95.486;102.479;
1900-01-01 11:44:56;467.0;1745718296;99.832;101.83;95.585;102.563;
1900-01-01 11:44:57;468.0;1745718297;99.82;101.876;95.528;102.563;
1900-01-01 11:44:58;469.0;1745718298;99.872;101.832;95.528;102.513;
1900-01-01 11:44:59;470.0;1745718299;99.872;101.832;95.513;102.531;
1900-01-01 11:45:01;471.0;1745718301;99.876;101.82;95.491;102.531;
1900-01-01 11:45:01;472.0;1745718301;99.806;101.82;95.491;102.439;
1900-01-01 11:45:02;473.0;1745718302;99.806;101.821;95.435;102.419;
1900-01-01 11:45:03;474.0;1745718303;99.781;101.728;95.501;102.419;
1900-01-01 11:45:04;475.0;1745718304;99.682;101.728;95.501;102.483;
1900-01-01 11:45:05;476.0;1745718305;99.682;101.812;95.513;102.586;
1900-01-01 11:45:06;477.0;1745718306;99.66;101.753;95.446;102.586;
1900-01-01 11:45:07;478.0;1745718307;99.529;101.777;95.446;102.506;
1900-01-01 11:45:08;479.0;1745718308;99.529;101.777;95.417;102.418;
1900-01-01 11:45:09;480.0;1745718309;99.575;101.75;95.422;102.418;
1900-01-01 11:45:10;481.0;1745718310;99.634;101.75;95.422;102.493;
1900-01-01 11:45:11;482.0;1745718311;99.634;101.803;95.359;102.436;
1900-01-01 11:45:12;483.0;1745718312;99.628;101.875;95.359;102.436;
1900-01-01 11:45:13;484.0;1745718313;99.672;101.875;95.462;102.521;
1900-01-01 11:45:14;485.0;1745718314;99.672;101.743;95.55;102.535;
1900-01-01 11:45:15;486.0;1745718315;99.745;101.8;95.55;102.535;
1900-01-01 11:45:16;487.0;1745718316;99.819;101.8;95.518;102.462;
1900-01-01 11:45:17;488.0;1745718317;99.819;101.788;95.482;102.462;
1900-01-01 11:45:18;489.0;1745718318;99.864;101.771;95.482;102.427;
1900-01-01 11:45:20;490.0;1745718320;99.91;101.771;95.492;102.449;
1900-01-01 11:45:20;491.0;1745718320;99.91;101.836;95.509;102.449;
1900-01-01 11:45:21;492.0;1745718321;99.908;101.873;95.509;102.402;
1900-01-01 11:45:22;493.0;1745718322;99.908;101.873;95.556;102.35;
1900-01-01 11:45:23;494.0;1745718323;99.819;101.816;95.554;102.35;
1900-01-01 11:45:25;495.0;1745718325;99.83;101.837;95.554;102.361;
1900-01-01 11:45:25;496.0;1745718325;99.83;101.837;95.522;102.422;
1900-01-01 11:45:26;497.0;1745718326;99.799;101.828;95.536;102.422;
1900-01-01 11:45:27;498.0;1745718327;99.802;101.828;95.536;102.426;
1900-01-01 11:45:28;499.0;1745718328;99.802;101.811;95.477;102.389;
1900-01-01 11:45:29;500.0;1745718329;99.755;101.828;95.477;102.389;
1900-01-01 11:45:30;501.0;1745718330;99.655;101.828;95.402;102.416;
1900-01-01 11:45:31;502.0;1745718331;99.655;101.851;95.297;102.363;
1900-01-01 11:45:33;503.0;1745718333;99.636;101.779;95.269;102.363;
1900-01-01 11:45:33;504.0;1745718333;99.535;101.779;95.269;102.4;
1900-01-01 11:45:34;505.0;1745718334;99.535;101.806;95.186;102.38;
1900-01-01 11:45:35;506.0;1745718335;99.584;101.808;95.186;102.38;
1900-01-01 11:45:37;507.0;1745718337;99.487;101.808;95.323;102.464;
1900-01-01 11:45:37;508.0;1745718337;99.487;101.672;95.242;102.464;
1900-01-01 11:45:38;509.0;1745718338;99.51;101.693;95.242;102.5;
1900-01-01 11:45:39;510.0;1745718339;99.51;101.693;95.176;102.504;
1900-01-01 11:45:40;511.0;1745718340;99.614;101.703;95.23;102.504;
1900-01-01 11:45:42;512.0;1745718342;99.562;101.661;95.23;102.48;
1900-01-01 11:45:42;513.0;1745718342;99.562;101.661;95.149;102.39;
1900-01-01 11:45:43;514.0;1745718343;99.584;101.759;95.273;102.39;
1900-01-01 11:45:44;515.0;1745718344;99.656;101.759;95.273;102.423;
1900-01-01 11:45:45;516.0;1745718345;99.656;101.75;95.247;102.419;
1900-01-01 11:45:46;517.0;1745718346;99.68;101.75;95.332;102.419;
1900-01-01 11:45:47;518.0;1745718347;99.576;101.75;95.332;102.454;
1900-01-01 11:45:48;519.0;1745718348;99.576;101.718;95.36;102.472;
1900-01-01 11:45:50;520.0;1745718350;99.678;101.739;95.337;102.472;
1900-01-01 11:45:50;521.0;1745718350;99.687;101.739;95.337;102.411;
1900-01-01 11:45:51;522.0;1745718351;99.687;101.746;95.362;102.474;
1900-01-01 11:45:52;523.0;1745718352;99.675;101.628;95.362;102.474;
1900-01-01 11:45:53;524.0;1745718353;99.675;101.628;95.322;102.372;
1900-01-01 11:45:54;525.0;1745718354;99.575;101.59;95.253;102.488;
1900-01-01 11:45:55;526.0;1745718355;99.702;101.597;95.253;102.488;
1900-01-01 11:45:56;527.0;1745718356;99.702;101.597;95.248;102.429;
1900-01-01 11:45:57;528.0;1745718357;99.729;101.52;95.262;102.429;
1900-01-01 11:45:58;529.0;1745718358;99.624;101.52;95.262;102.442;
1900-01-01 11:45:59;530.0;1745718359;99.624;101.56;95.248;102.445;
1900-01-01 11:46:00;531.0;1745718360;99.677;101.629;95.178;102.445;
1900-01-01 11:46:01;532.0;1745718361;99.72;101.629;95.178;102.398;
1900-01-01 11:46:02;533.0;1745718362;99.72;101.64;95.072;102.441;
1900-01-01 11:46:03;534.0;1745718363;99.672;101.68;95.164;102.441;
1900-01-01 11:46:04;535.0;1745718364;99.643;101.68;95.164;102.441;
1900-01-01 11:46:05;536.0;1745718365;99.643;101.691;95.206;102.369;
1900-01-01 11:46:06;537.0;1745718366;99.652;101.644;95.339;102.369;
1900-01-01 11:46:07;538.0;1745718367;99.718;101.644;95.339;102.5;
1900-01-01 11:46:08;539.0;1745718368;99.718;101.66;95.297;102.457;
1900-01-01 11:46:09;540.0;1745718369;99.674;101.672;95.402;102.457;
1900-01-01 11:46:10;541.0;1745718370;99.628;101.672;95.402;102.462;
1900-01-01 11:46:11;542.0;1745718371;99.628;101.687;95.301;102.467;
1900-01-01 11:46:12;543.0;1745718372;99.579;101.619;95.301;102.467;
1900-01-01 11:46:13;544.0;1745718373;99.583;101.619;95.347;102.456;
1900-01-01 11:46:14;545.0;1745718374;99.583;101.704;95.323;102.507;
1900-01-01 11:46:15;546.0;1745718375;99.589;101.651;95.323;102.507;
1900-01-01 11:46:16;547.0;1745718376;99.589;101.651;95.282;102.497;
1900-01-01 11:46:17;548.0;1745718377;99.589;101.721;95.301;102.453;
1900-01-01 11:46:18;549.0;1745718378;99.661;101.732;95.301;102.453;
1900-01-01 11:46:19;550.0;1745718379;99.661;101.732;95.229;102.441;
1900-01-01 11:46:20;551.0;1745718380;99.572;101.721;95.215;102.441;
1900-01-01 11:46:21;552.0;1745718381;99.504;101.721;95.215;102.478;
1900-01-01 11:46:22;553.0;1745718382;99.504;101.725;95.241;102.465;
1900-01-01 11:46:24;554.0;1745718384;99.62;101.741;95.133;102.465;
1900-01-01 11:46:24;555.0;1745718384;99.634;101.741;95.133;102.457;
1900-01-01 11:46:25;556.0;1745718385;99.634;101.716;95.219;102.437;
1900-01-01 11:46:26;557.0;1745718386;99.622;101.688;95.219;102.437;
1900-01-01 11:46:27;558.0;1745718387;99.623;101.688;94.927;102.47;
1900-01-01 11:46:28;559.0;1745718388;99.623;101.68;94.904;102.413;
1900-01-01 11:46:29;560.0;1745718389;99.578;101.678;94.904;102.413;
1900-01-01 11:46:30;561.0;1745718390;99.555;101.678;94.958;102.467;
1900-01-01 11:46:31;562.0;1745718391;99.555;101.647;94.886;102.437;
1900-01-01 11:46:32;563.0;1745718392;99.488;101.612;94.886;102.437;
1900-01-01 11:46:33;564.0;1745718393;99.488;101.612;94.905;102.413;
1900-01-01 11:46:34;565.0;1745718394;99.623;101.617;94.898;102.453;
1900-01-01 11:46:35;566.0;1745718395;99.612;101.675;94.898;102.453;
1900-01-01 11:46:36;567.0;1745718396;99.612;101.675;94.881;102.477;
1900-01-01 11:46:37;568.0;1745718397;99.657;101.589;94.823;102.477;
1900-01-01 11:46:38;569.0;1745718398;99.682;101.589;94.823;102.472;
1900-01-01 11:46:39;570.0;1745718399;99.682;101.622;94.837;102.442;
1900-01-01 11:46:40;571.0;1745718400;99.711;101.631;94.77;102.442;
1900-01-01 11:46:41;572.0;1745718401;99.698;101.631;94.77;102.507;
1900-01-01 11:46:42;573.0;1745718402;99.698;101.591;94.834;102.411;
1900-01-01 11:46:43;574.0;1745718403;99.677;101.623;94.834;102.411;
1900-01-01 11:46:44;575.0;1745718404;99.707;101.623;94.879;102.399;
1900-01-01 11:46:45;576.0;1745718405;99.707;101.578;94.905;102.453;
1900-01-01 11:46:46;577.0;1745718406;99.702;101.689;95.035;102.453;
1900-01-01 11:46:47;578.0;1745718407;99.603;101.689;95.035;102.412;
1900-01-01 11:46:48;579.0;1745718408;99.603;101.621;95.024;102.423;
1900-01-01 11:46:49;580.0;1745718409;99.539;101.686;94.98;102.423;
1900-01-01 11:46:51;581.0;1745718411;99.557;101.686;94.98;102.454;
1900-01-01 11:46:51;582.0;1745718411;99.557;101.659;94.977;102.446;
1900-01-01 11:46:52;583.0;1745718412;99.53;101.733;94.977;102.446;
1900-01-01 11:46:53;584.0;1745718413;99.443;101.733;95.032;102.48;
1900-01-01 11:46:54;585.0;1745718414;99.443;101.563;94.978;102.435;
1900-01-01 11:46:55;586.0;1745718415;99.408;101.549;94.978;102.435;
1900-01-01 11:46:56;587.0;1745718416;99.408;101.549;94.996;102.398;
1900-01-01 11:46:57;588.0;1745718417;99.394;101.63;94.981;102.398;
1900-01-01 11:46:58;589.0;1745718418;99.372;101.51;94.981;102.461;
1900-01-01 11:46:59;590.0;1745718419;99.372;101.51;94.99;102.411;
1900-01-01 11:47:00;591.0;1745718420;99.351;101.502;94.888;102.411;
1900-01-01 11:47:01;592.0;1745718421;99.316;101.502;94.888;102.445;
1900-01-01 11:47:02;593.0;1745718422;99.316;101.545;94.868;102.507;
1900-01-01 11:47:03;594.0;1745718423;99.348;101.582;94.842;102.507;
1900-01-01 11:47:04;595.0;1745718424;99.288;101.582;94.842;102.472;
1900-01-01 11:47:05;596.0;1745718425;99.288;101.579;94.749;102.464;
1900-01-01 11:47:06;597.0;1745718426;99.353;101.676;94.816;102.464;
1900-01-01 11:47:07;598.0;1745718427;99.446;101.676;94.816;102.454;
1900-01-01 11:47:08;599.0;1745718428;99.446;101.687;94.739;102.454;
1900-01-01 11:47:09;600.0;1745718429;99.467;101.541;94.739;102.444;
1900-01-01 11:47:10;601.0;1745718430;99.416;101.541;94.778;102.449;
1900-01-01 11:47:11;602.0;1745718431;99.416;101.575;94.834;102.449;
1900-01-01 11:47:12;603.0;1745718432;99.456;101.575;94.834;102.496;
1900-01-01 11:47:13;604.0;1745718433;99.451;101.575;94.852;102.425;
1900-01-01 11:47:14;605.0;1745718434;99.451;101.519;94.733;102.425;
1900-01-01 11:47:15;606.0;1745718435;99.392;101.54;94.733;102.483;
1900-01-01 11:47:16;607.0;1745718436;99.392;101.54;94.756;102.356;
1900-01-01 11:47:17;608.0;1745718437;99.256;101.567;94.75;102.356;
1900-01-01 11:47:18;609.0;1745718438;99.381;101.567;94.75;102.443;
1900-01-01 11:47:19;610.0;1745718439;99.381;101.559;94.739;102.387;
1900-01-01 11:47:20;611.0;1745718440;99.309;101.603;94.829;102.387;
1900-01-01 11:47:21;612.0;1745718441;99.339;101.509;94.829;102.368;
1900-01-01 11:47:22;613.0;1745718442;99.339;101.509;94.825;102.429;
1900-01-01 11:47:23;614.0;1745718443;99.438;101.598;94.896;102.429;
1900-01-01 11:47:24;615.0;1745718444;99.561;101.572;94.896;102.378;
1900-01-01 11:47:25;616.0;1745718445;99.561;101.572;94.985;102.352;
1900-01-01 11:47:26;617.0;1745718446;99.574;101.59;95.022;102.352;
1900-01-01 11:47:27;618.0;1745718447;99.64;101.59;95.022;102.469;
1900-01-01 11:47:28;619.0;1745718448;99.64;101.513;94.909;102.354;
1900-01-01 11:47:29;620.0;1745718449;99.612;101.588;94.909;102.354;
1900-01-01 11:47:30;621.0;1745718450;99.586;101.588;95.001;102.367;
1900-01-01 11:47:31;622.0;1745718451;99.586;101.588;94.965;102.345;
1900-01-01 11:47:32;623.0;1745718452;99.577;101.565;94.965;102.345;
1900-01-01 11:47:34;624.0;1745718454;99.526;101.565;95.023;102.354;
1900-01-01 11:47:34;625.0;1745718454;99.526;101.573;94.902;102.395;
1900-01-01 11:47:35;626.0;1745718455;99.522;101.587;94.902;102.395;
1900-01-01 11:47:37;627.0;1745718457;99.411;101.587;94.77;102.329;
1900-01-01 11:47:37;628.0;1745718457;99.411;101.63;94.724;102.329;
1900-01-01 11:47:38;629.0;1745718458;99.374;101.594;94.724;102.428;
1900-01-01 11:47:39;630.0;1745718459;99.374;101.594;94.726;102.404;
1900-01-01 11:47:40;631.0;1745718460;99.441;101.501;94.764;102.404;
1900-01-01 11:47:41;632.0;1745718461;99.33;101.574;94.764;102.402;
1900-01-01 11:47:42;633.0;1745718462;99.33;101.574;94.792;102.443;
1900-01-01 11:47:43;634.0;1745718463;99.34;101.558;94.811;102.443;
1900-01-01 11:47:45;635.0;1745718465;99.296;101.473;94.811;102.45;
1900-01-01 11:47:45;636.0;1745718465;99.296;101.473;94.739;102.431;
1900-01-01 11:47:46;637.0;1745718466;99.224;101.575;94.811;102.431;
1900-01-01 11:47:47;638.0;1745718467;99.304;101.575;94.811;102.439;
1900-01-01 11:47:48;639.0;1745718468;99.304;101.547;94.734;102.441;
1900-01-01 11:47:49;640.0;1745718469;99.15;101.464;94.734;102.441;
1900-01-01 11:47:50;641.0;1745718470;99.224;101.464;94.654;102.417;
1900-01-01 11:47:51;642.0;1745718471;99.224;101.512;94.661;102.48;
1900-01-01 11:47:52;643.0;1745718472;99.277;101.496;94.661;102.48;
1900-01-01 11:47:53;644.0;1745718473;99.277;101.496;94.674;102.465;
1900-01-01 11:47:54;645.0;1745718474;99.327;101.489;94.691;102.465;
1900-01-01 11:47:55;646.0;1745718475;99.211;101.52;94.691;102.44;
1900-01-01 11:47:56;647.0;1745718476;99.311;101.52;94.736;102.435;
1900-01-01 11:47:57;648.0;1745718477;99.311;101.464;94.787;102.435;
1900-01-01 11:47:58;649.0;1745718478;99.295;101.346;94.787;102.473;
1900-01-01 11:47:59;650.0;1745718479;99.295;101.346;94.776;102.394;
1900-01-01 11:48:00;651.0;1745718480;99.287;101.426;94.691;102.447;
1900-01-01 11:48:01;652.0;1745718481;99.356;101.426;94.691;102.447;
1900-01-01 11:48:02;653.0;1745718482;99.356;101.482;94.769;102.382;
1900-01-01 11:48:03;654.0;1745718483;99.31;101.479;94.799;102.382;
1900-01-01 11:48:04;655.0;1745718484;99.321;101.479;94.799;102.421;
1900-01-01 11:48:05;656.0;1745718485;99.321;101.494;94.658;102.318;
1900-01-01 11:48:06;657.0;1745718486;99.274;101.531;94.658;102.318;
1900-01-01 11:48:07;658.0;1745718487;99.284;101.531;94.568;102.449;
1900-01-01 11:48:08;659.0;1745718488;99.284;101.471;94.458;102.385;
1900-01-01 11:48:09;660.0;1745718489;99.347;101.525;94.419;102.385;
1900-01-01 11:48:10;661.0;1745718490;99.341;101.525;94.419;102.443;
1900-01-01 11:48:11;662.0;1745718491;99.341;101.411;94.425;102.376;
1900-01-01 11:48:12;663.0;1745718492;99.361;101.576;94.323;102.376;
1900-01-01 11:48:13;664.0;1745718493;99.341;101.576;94.323;102.403;
1900-01-01 11:48:14;665.0;1745718494;99.341;101.528;94.239;102.403;
1900-01-01 11:48:15;666.0;1745718495;99.372;101.439;94.239;102.306;
1900-01-01 11:48:16;667.0;1745718496;99.372;101.439;94.21;102.349;
1900-01-01 11:48:17;668.0;1745718497;99.407;101.481;94.212;102.349;
1900-01-01 11:48:18;669.0;1745718498;99.323;101.417;94.212;102.366;
1900-01-01 11:48:20;670.0;1745718500;99.35;101.417;94.35;102.335;
1900-01-01 11:48:20;671.0;1745718500;99.35;101.454;94.368;102.335;
1900-01-01 11:48:21;672.0;1745718501;99.412;101.372;94.368;102.346;
1900-01-01 11:48:22;673.0;1745718502;99.412;101.372;94.421;102.452;
1900-01-01 11:48:23;674.0;1745718503;99.298;101.386;94.437;102.452;
1900-01-01 11:48:24;675.0;1745718504;99.4;101.386;94.437;102.412;
1900-01-01 11:48:25;676.0;1745718505;99.4;101.369;94.513;102.446;
1900-01-01 11:48:26;677.0;1745718506;99.401;101.395;94.513;102.446;
1900-01-01 11:48:27;678.0;1745718507;99.293;101.395;94.397;102.402;
1900-01-01 11:48:29;679.0;1745718509;99.293;101.267;94.449;102.452;
1900-01-01 11:48:29;680.0;1745718509;99.251;101.191;94.449;102.452;
1900-01-01 11:48:30;681.0;1745718510;99.159;101.191;94.432;102.426;
1900-01-01 11:48:31;682.0;1745718511;99.159;101.308;94.491;102.45;
1900-01-01 11:48:32;683.0;1745718512;99.107;101.313;94.491;102.45;
1900-01-01 11:48:33;684.0;1745718513;99.172;101.313;94.529;102.418;
1900-01-01 11:48:34;685.0;1745718514;99.172;101.443;94.502;102.417;
1900-01-01 11:48:35;686.0;1745718515;99.167;101.377;94.502;102.417;
1900-01-01 11:48:36;687.0;1745718516;99.167;101.377;94.448;102.427;
1900-01-01 11:48:37;688.0;1745718517;99.164;101.399;94.455;102.397;
1900-01-01 11:48:38;689.0;1745718518;99.302;101.407;94.455;102.397;
1900-01-01 11:48:39;690.0;1745718519;99.302;101.407;94.436;102.34;
1900-01-01 11:48:40;691.0;1745718520;99.275;101.365;94.407;102.34;
1900-01-01 11:48:41;692.0;1745718521;99.286;101.398;94.407;102.469;
1900-01-01 11:48:42;693.0;1745718522;99.286;101.398;94.387;102.394;
1900-01-01 11:48:43;694.0;1745718523;99.286;101.444;94.416;102.394;
1900-01-01 11:48:44;695.0;1745718524;99.27;101.257;94.416;102.447;
1900-01-01 11:48:45;696.0;1745718525;99.27;101.257;94.413;102.466;
1900-01-01 11:48:46;697.0;1745718526;99.196;101.309;94.452;102.466;
1900-01-01 11:48:47;698.0;1745718527;99.249;101.309;94.452;102.479;
1900-01-01 11:48:48;699.0;1745718528;99.249;101.35;94.443;102.383;
1900-01-01 11:48:50;700.0;1745718530;99.274;101.304;94.406;102.383;
1900-01-01 11:48:50;701.0;1745718530;99.316;101.304;94.406;102.389;
1900-01-01 11:48:51;702.0;1745718531;99.316;101.209;94.49;102.38;
1900-01-01 11:48:53;703.0;1745718533;99.312;101.212;94.393;102.38;
1900-01-01 11:48:53;704.0;1745718533;99.295;101.212;94.393;102.357;
1900-01-01 11:48:54;705.0;1745718534;99.295;101.296;94.381;102.344;
1900-01-01 11:48:56;706.0;1745718536;99.298;101.384;94.38;102.344;
1900-01-01 11:48:56;707.0;1745718536;99.298;101.384;94.38;102.399;
1900-01-01 11:48:57;708.0;1745718537;99.185;101.341;94.368;102.496;
1900-01-01 11:48:59;709.0;1745718539;99.196;101.334;94.368;102.496;
1900-01-01 11:48:59;710.0;1745718539;99.196;101.334;94.238;102.367;
1900-01-01 11:49:00;711.0;1745718540;99.169;101.348;94.26;102.367;
1900-01-01 11:49:02;712.0;1745718542;99.116;101.444;94.26;102.374;
1900-01-01 11:49:02;713.0;1745718542;99.116;101.444;94.226;102.361;
1900-01-01 11:49:03;714.0;1745718543;99.028;101.413;94.284;102.361;
1900-01-01 11:49:05;715.0;1745718545;99.063;101.42;94.284;102.463;
1900-01-01 11:49:05;716.0;1745718545;99.063;101.42;94.291;102.416;
1900-01-01 11:49:06;717.0;1745718546;99.121;101.403;94.273;102.416;
1900-01-01 11:49:07;718.0;1745718547;99.151;101.484;94.273;102.364;
1900-01-01 11:49:08;719.0;1745718548;99.151;101.484;94.337;102.499;
1900-01-01 11:49:09;720.0;1745718549;99.165;101.342;94.361;102.499;
1900-01-01 11:49:10;721.0;1745718550;99.211;101.342;94.361;102.411;
1900-01-01 11:49:11;722.0;1745718551;99.211;101.426;94.281;102.467;
1900-01-01 11:49:12;723.0;1745718552;99.207;101.437;94.171;102.467;
1900-01-01 11:49:13;724.0;1745718553;99.157;101.369;94.171;102.489;
1900-01-01 11:49:15;725.0;1745718555;99.15;101.369;94.238;102.525;
1900-01-01 11:49:15;726.0;1745718555;99.15;101.433;94.29;102.525;
1900-01-01 11:49:16;727.0;1745718556;99.119;101.375;94.29;102.451;
1900-01-01 11:49:17;728.0;1745718557;99.119;101.375;94.245;102.493;
1900-01-01 11:49:18;729.0;1745718558;98.993;101.31;94.338;102.493;
1900-01-01 11:49:20;730.0;1745718560;98.992;101.367;94.338;102.455;
1900-01-01 11:49:20;731.0;1745718560;98.992;101.367;94.293;102.427;
1900-01-01 11:49:21;732.0;1745718561;98.998;101.368;94.188;102.427;
1900-01-01 11:49:22;733.0;1745718562;99.113;101.414;94.188;102.433;
1900-01-01 11:49:23;734.0;1745718563;99.113;101.414;94.201;102.351;
1900-01-01 11:49:24;735.0;1745718564;99.033;101.382;94.154;102.351;
1900-01-01 11:49:25;736.0;1745718565;99.005;101.383;94.154;102.458;
1900-01-01 11:49:26;737.0;1745718566;99.005;101.383;94.242;102.476;
1900-01-01 11:49:27;738.0;1745718567;99.142;101.415;94.212;102.476;
1900-01-01 11:49:28;739.0;1745718568;99.152;101.415;94.212;102.388;
1900-01-01 11:49:29;740.0;1745718569;99.152;101.306;94.291;102.399;
1900-01-01 11:49:30;741.0;1745718570;99.128;101.352;94.291;102.399;
1900-01-01 11:49:31;742.0;1745718571;98.992;101.352;94.397;102.454;
1900-01-01 11:49:32;743.0;1745718572;98.992;101.321;94.401;102.464;
1900-01-01 11:49:33;744.0;1745718573;99.067;101.356;94.42;102.464;
1900-01-01 11:49:34;745.0;1745718574;99.06;101.356;94.42;102.508;
1900-01-01 11:49:35;746.0;1745718575;99.06;101.291;94.277;102.377;
1900-01-01 11:49:36;747.0;1745718576;99.059;101.234;94.277;102.377;
1900-01-01 11:49:37;748.0;1745718577;99.037;101.234;94.205;102.463;
1900-01-01 11:49:38;749.0;1745718578;99.037;101.429;94.067;102.463;
1900-01-01 11:49:39;750.0;1745718579;99.076;101.267;94.067;102.427;
1900-01-01 11:49:40;751.0;1745718580;99.137;101.267;93.95;102.486;
1900-01-01 11:49:41;752.0;1745718581;99.137;101.26;94.065;102.426;
1900-01-01 11:49:42;753.0;1745718582;99.192;101.316;94.065;102.426;
1900-01-01 11:49:43;754.0;1745718583;99.167;101.316;94.078;102.426;
1900-01-01 11:49:44;755.0;1745718584;99.167;101.279;94.011;102.421;
1900-01-01 11:49:45;756.0;1745718585;99.131;101.3;94.011;102.421;
1900-01-01 11:49:46;757.0;1745718586;99.131;101.3;93.952;102.327;
1900-01-01 11:49:47;758.0;1745718587;99.106;101.287;93.946;102.327;
1900-01-01 11:49:48;759.0;1745718588;99.169;101.287;93.946;102.479;
1900-01-01 11:49:49;760.0;1745718589;99.169;101.346;93.99;102.438;
1900-01-01 11:49:50;761.0;1745718590;99.171;101.266;94.047;102.438;
1900-01-01 11:49:51;762.0;1745718591;99.055;101.266;94.047;102.496;
1900-01-01 11:49:52;763.0;1745718592;99.055;101.272;94.049;102.448;
1900-01-01 11:49:54;764.0;1745718594;99.088;101.255;94.034;102.448;
1900-01-01 11:49:54;765.0;1745718594;98.986;101.255;94.034;102.395;
1900-01-01 11:49:55;766.0;1745718595;98.986;101.198;94.07;102.427;
1900-01-01 11:49:57;767.0;1745718597;99.068;101.238;94.084;102.427;
1900-01-01 11:49:57;768.0;1745718597;98.982;101.238;94.084;102.367;
1900-01-01 11:49:58;769.0;1745718598;98.982;101.222;94.113;102.424;
1900-01-01 11:49:59;770.0;1745718599;98.872;101.169;94.113;102.424;
1900-01-01 11:50:00;771.0;1745718600;98.903;101.169;94.109;102.441;
1900-01-01 11:50:01;772.0;1745718601;98.903;101.139;94.068;102.404;
1900-01-01 11:50:02;773.0;1745718602;98.965;101.27;94.068;102.404;
1900-01-01 11:50:03;774.0;1745718603;98.965;101.27;93.963;102.413;
1900-01-01 11:50:04;775.0;1745718604;98.87;101.308;94.037;102.413;
1900-01-01 11:50:06;776.0;1745718606;98.903;101.189;94.037;102.507;
1900-01-01 11:50:06;777.0;1745718606;98.903;101.189;93.976;102.367;
1900-01-01 11:50:07;778.0;1745718607;98.91;101.31;93.994;102.367;
1900-01-01 11:50:08;779.0;1745718608;98.905;101.284;93.994;102.356;
1900-01-01 11:50:09;780.0;1745718609;98.905;101.284;93.955;102.454;
1900-01-01 11:50:10;781.0;1745718610;99.022;101.262;94.033;102.454;
1900-01-01 11:50:11;782.0;1745718611;98.944;101.213;94.033;102.387;
1900-01-01 11:50:12;783.0;1745718612;98.944;101.213;93.896;102.388;
1900-01-01 11:50:13;784.0;1745718613;98.872;101.277;93.945;102.388;
1900-01-01 11:50:14;785.0;1745718614;98.993;101.277;93.945;102.293;
1900-01-01 11:50:15;786.0;1745718615;98.993;101.29;93.935;102.363;
1900-01-01 11:50:16;787.0;1745718616;99.027;101.292;93.935;102.363;
1900-01-01 11:50:17;788.0;1745718617;99.04;101.292;93.948;102.353;
1900-01-01 11:50:18;789.0;1745718618;99.04;101.247;94.062;102.445;
1900-01-01 11:50:19;790.0;1745718619;98.977;101.245;94.062;102.445;
1900-01-01 11:50:20;791.0;1745718620;98.878;101.245;94.044;102.388;
1900-01-01 11:50:21;792.0;1745718621;98.878;101.25;94.159;102.363;
1900-01-01 11:50:22;793.0;1745718622;98.889;101.255;94.159;102.363;
1900-01-01 11:50:23;794.0;1745718623;98.818;101.255;94.079;102.39;
1900-01-01 11:50:24;795.0;1745718624;98.818;101.272;93.971;102.39;
1900-01-01 11:50:25;796.0;1745718625;98.774;101.164;93.971;102.38;
1900-01-01 11:50:26;797.0;1745718626;98.791;101.164;93.954;102.451;
1900-01-01 11:50:27;798.0;1745718627;98.791;101.226;93.897;102.451;
1900-01-01 11:50:28;799.0;1745718628;98.737;101.129;93.897;102.409;
1900-01-01 11:50:29;800.0;1745718629;98.737;101.129;93.94;102.413;
1900-01-01 11:50:30;801.0;1745718630;98.761;101.219;93.865;102.413;
1900-01-01 11:50:31;802.0;1745718631;98.816;101.251;93.865;102.446;
1900-01-01 11:50:32;803.0;1745718632;98.816;101.251;93.905;102.394;
1900-01-01 11:50:33;804.0;1745718633;98.823;101.219;93.963;102.394;
1900-01-01 11:50:34;805.0;1745718634;98.809;101.181;93.963;102.442;
1900-01-01 11:50:35;806.0;1745718635;98.809;101.181;93.845;102.439;
1900-01-01 11:50:36;807.0;1745718636;98.915;101.232;93.896;102.439;
1900-01-01 11:50:37;808.0;1745718637;98.866;101.232;93.896;102.424;
1900-01-01 11:50:38;809.0;1745718638;98.866;101.164;93.921;102.426;
1900-01-01 11:50:39;810.0;1745718639;98.892;101.116;93.865;102.426;
1900-01-01 11:50:40;811.0;1745718640;98.892;101.116;93.865;102.424;
1900-01-01 11:50:41;812.0;1745718641;98.937;101.179;93.87;102.469;
1900-01-01 11:50:42;813.0;1745718642;98.879;101.211;93.87;102.469;
1900-01-01 11:50:43;814.0;1745718643;98.902;101.211;93.795;102.436;
1900-01-01 11:50:44;815.0;1745718644;98.902;101.187;93.835;102.436;
1900-01-01 11:50:45;816.0;1745718645;98.923;101.202;93.835;102.366;
1900-01-01 11:50:46;817.0;1745718646;98.962;101.202;93.843;102.364;
1900-01-01 11:50:47;818.0;1745718647;98.962;101.125;93.909;102.308;
1900-01-01 11:50:48;819.0;1745718648;99.005;101.067;93.909;102.308;
1900-01-01 11:50:49;820.0;1745718649;99.005;101.067;93.852;102.453;
1900-01-01 11:50:50;821.0;1745718650;99.004;101.137;93.872;102.453;
1900-01-01 11:50:51;822.0;1745718651;99.047;100.997;93.872;102.37;
1900-01-01 11:50:52;823.0;1745718652;99.047;100.997;93.903;102.383;
1900-01-01 11:50:53;824.0;1745718653;99.066;101.048;93.853;102.383;
1900-01-01 11:50:54;825.0;1745718654;99.053;101.048;93.853;102.419;
1900-01-01 11:50:55;826.0;1745718655;99.053;101.016;93.906;102.386;
1900-01-01 11:50:56;827.0;1745718656;98.996;101.054;93.912;102.386;
1900-01-01 11:50:57;828.0;1745718657;98.903;101.054;93.912;102.423;
1900-01-01 11:50:58;829.0;1745718658;98.903;101.062;93.77;102.423;
1900-01-01 11:51:00;830.0;1745718660;98.981;100.972;93.834;102.423;
1900-01-01 11:51:00;831.0;1745718660;98.88;100.972;93.834;102.433;
1900-01-01 11:51:01;832.0;1745718661;98.88;100.968;93.776;102.448;
1900-01-01 11:51:02;833.0;1745718662;98.889;100.958;93.776;102.448;
1900-01-01 11:51:03;834.0;1745718663;98.848;100.958;93.764;102.379;
1900-01-01 11:51:04;835.0;1745718664;98.848;101.001;93.737;102.366;
1900-01-01 11:51:05;836.0;1745718665;98.803;100.995;93.737;102.366;
1900-01-01 11:51:06;837.0;1745718666;98.769;100.995;93.795;102.419;
1900-01-01 11:51:07;838.0;1745718667;98.769;100.969;93.774;102.419;
1900-01-01 11:51:08;839.0;1745718668;98.762;100.976;93.774;102.358;
1900-01-01 11:51:09;840.0;1745718669;98.777;100.976;93.839;102.447;
1900-01-01 11:51:10;841.0;1745718670;98.777;100.949;93.767;102.447;
1900-01-01 11:51:11;842.0;1745718671;98.809;101.018;93.767;102.442;
1900-01-01 11:51:12;843.0;1745718672;98.809;101.018;93.748;102.391;
1900-01-01 11:51:13;844.0;1745718673;98.709;101.042;93.761;102.391;
1900-01-01 11:51:14;845.0;1745718674;98.597;101.042;93.761;102.376;
1900-01-01 11:51:15;846.0;1745718675;98.597;101.023;93.703;102.416;
1900-01-01 11:51:17;847.0;1745718677;98.738;101.061;93.622;102.416;
1900-01-01 11:51:17;848.0;1745718677;98.713;101.061;93.622;102.344;
1900-01-01 11:51:18;849.0;1745718678;98.713;101.028;93.662;102.431;
1900-01-01 11:51:19;850.0;1745718679;98.805;101.051;93.561;102.431;
1900-01-01 11:51:20;851.0;1745718680;98.753;101.051;93.561;102.366;
1900-01-01 11:51:21;852.0;1745718681;98.753;101.081;93.654;102.337;
1900-01-01 11:51:22;853.0;1745718682;98.834;101.085;93.807;102.337;
1900-01-01 11:51:23;854.0;1745718683;98.889;101.085;93.807;102.366;
1900-01-01 11:51:24;855.0;1745718684;98.889;101.055;93.755;102.306;
1900-01-01 11:51:25;856.0;1745718685;98.755;101.096;93.755;102.306;
1900-01-01 11:51:26;857.0;1745718686;98.843;101.096;93.697;102.4;
1900-01-01 11:51:27;858.0;1745718687;98.843;101.141;93.699;102.379;
1900-01-01 11:51:28;859.0;1745718688;98.857;101.039;93.699;102.379;
1900-01-01 11:51:29;860.0;1745718689;98.793;101.039;93.642;102.426;
1900-01-01 11:51:30;861.0;1745718690;98.793;101.047;93.659;102.426;
1900-01-01 11:51:31;862.0;1745718691;98.852;101.037;93.659;102.381;
1900-01-01 11:51:33;863.0;1745718693;98.806;101.037;93.694;102.405;
1900-01-01 11:51:33;864.0;1745718693;98.806;101.019;93.813;102.405;
1900-01-01 11:51:34;865.0;1745718694;98.851;101.077;93.813;102.386;
1900-01-01 11:51:36;866.0;1745718696;98.83;101.077;93.71;102.433;
1900-01-01 11:51:36;867.0;1745718696;98.83;101.049;93.696;102.433;
1900-01-01 11:51:37;868.0;1745718697;98.64;101.089;93.696;102.398;
1900-01-01 11:51:38;869.0;1745718698;98.64;101.089;93.569;102.378;
1900-01-01 11:51:39;870.0;1745718699;98.695;101.043;93.619;102.378;
1900-01-01 11:51:40;871.0;1745718700;98.749;100.918;93.619;102.374;
1900-01-01 11:51:41;872.0;1745718701;98.749;100.918;93.673;102.367;
1900-01-01 11:51:42;873.0;1745718702;98.638;101.067;93.623;102.367;
1900-01-01 11:51:43;874.0;1745718703;98.728;101.067;93.623;102.421;
1900-01-01 11:51:44;875.0;1745718704;98.728;101.101;93.669;102.453;
1900-01-01 11:51:45;876.0;1745718705;98.657;101.09;93.686;102.453;
1900-01-01 11:51:46;877.0;1745718706;98.711;101.09;93.686;102.408;
1900-01-01 11:51:47;878.0;1745718707;98.711;101.02;93.697;102.396;
1900-01-01 11:51:48;879.0;1745718708;98.697;100.991;93.697;102.396;
1900-01-01 11:51:49;880.0;1745718709;98.619;100.991;93.59;102.375;
1900-01-01 11:51:50;881.0;1745718710;98.619;101.031;93.669;102.375;
1900-01-01 11:51:51;882.0;1745718711;98.617;100.968;93.669;102.379;
1900-01-01 11:51:52;883.0;1745718712;98.614;100.968;93.559;102.455;
1900-01-01 11:51:53;884.0;1745718713;98.614;101.07;93.528;102.455;
1900-01-01 11:51:54;885.0;1745718714;98.598;100.996;93.528;102.503;
1900-01-01 11:51:55;886.0;1745718715;98.598;100.996;93.514;102.303;
1900-01-01 11:51:56;887.0;1745718716;98.589;101.072;93.473;102.368;
1900-01-01 11:51:57;888.0;1745718717;98.647;101.072;93.473;102.368;
1900-01-01 11:51:58;889.0;1745718718;98.647;100.992;93.447;102.375;
1900-01-01 11:51:59;890.0;1745718719;98.628;101.026;93.57;102.375;
1900-01-01 11:52:00;891.0;1745718720;98.608;101.042;93.57;102.322;
1900-01-01 11:52:01;892.0;1745718721;98.608;101.042;93.602;102.374;
1900-01-01 11:52:02;893.0;1745718722;98.638;100.966;93.511;102.374;
1900-01-01 11:52:04;894.0;1745718724;98.644;101.035;93.511;102.33;
1900-01-01 11:52:04;895.0;1745718724;98.644;101.035;93.482;102.353;
1900-01-01 11:52:05;896.0;1745718725;98.61;100.943;93.595;102.353;
1900-01-01 11:52:06;897.0;1745718726;98.578;100.943;93.595;102.301;
1900-01-01 11:52:07;898.0;1745718727;98.578;100.929;93.581;102.415;
1900-01-01 11:52:08;899.0;1745718728;98.531;100.94;93.557;102.415;
1900-01-01 11:52:09;900.0;1745718729;98.654;100.94;93.557;102.417;
1900-01-01 11:52:10;901.0;1745718730;98.654;100.985;93.463;102.451;
1900-01-01 11:52:11;902.0;1745718731;98.649;100.953;93.463;102.451;
1900-01-01 11:52:12;903.0;1745718732;98.698;100.953;93.392;102.202;
1900-01-01 11:52:13;904.0;1745718733;98.698;100.945;93.352;102.202;
1900-01-01 11:52:14;905.0;1745718734;98.517;100.965;93.352;102.302;
1900-01-01 11:52:15;906.0;1745718735;98.543;100.965;93.246;102.418;
1900-01-01 11:52:16;907.0;1745718736;98.543;100.933;93.346;102.333;
1900-01-01 11:52:17;908.0;1745718737;98.528;100.979;93.346;102.333;
1900-01-01 11:52:18;909.0;1745718738;98.528;100.979;93.265;102.336;
1900-01-01 11:52:19;910.0;1745718739;98.54;100.999;93.29;102.336;
1900-01-01 11:52:20;911.0;1745718740;98.473;100.999;93.29;102.523;
1900-01-01 11:52:21;912.0;1745718741;98.473;100.973;93.346;102.425;
1900-01-01 11:52:22;913.0;1745718742;98.57;100.959;93.393;102.425;
1900-01-01 11:52:24;914.0;1745718744;98.498;100.919;93.393;102.378;
1900-01-01 11:52:24;915.0;1745718744;98.498;100.919;93.393;102.401;
1900-01-01 11:52:25;916.0;1745718745;98.505;100.901;93.307;102.401;
1900-01-01 11:52:26;917.0;1745718746;98.599;100.901;93.307;102.282;
1900-01-01 11:52:27;918.0;1745718747;98.599;101.0;93.353;102.344;
1900-01-01 11:52:28;919.0;1745718748;98.519;101.001;93.353;102.344;
1900-01-01 11:52:29;920.0;1745718749;98.538;101.001;93.213;102.353;
1900-01-01 11:52:30;921.0;1745718750;98.538;101.04;93.314;102.444;
1900-01-01 11:52:31;922.0;1745718751;98.585;100.933;93.317;102.444;
1900-01-01 11:52:32;923.0;1745718752;98.58;100.933;93.317;102.373;
1900-01-01 11:52:33;924.0;1745718753;98.58;100.943;93.408;102.421;
1900-01-01 11:52:34;925.0;1745718754;98.592;100.935;93.387;102.421;
1900-01-01 11:52:36;926.0;1745718756;98.569;100.935;93.387;102.415;
1900-01-01 11:52:36;927.0;1745718756;98.569;101.06;93.367;102.35;
1900-01-01 11:52:37;928.0;1745718757;98.59;100.916;93.367;102.35;
1900-01-01 11:52:38;929.0;1745718758;98.59;100.916;93.371;102.413;
1900-01-01 11:52:39;930.0;1745718759;98.584;100.9;93.423;102.413;
1900-01-01 11:52:40;931.0;1745718760;98.625;100.85;93.423;102.407;
1900-01-01 11:52:41;932.0;1745718761;98.625;100.85;93.394;102.293;
1900-01-01 11:52:42;933.0;1745718762;98.689;100.868;93.448;102.293;
1900-01-01 11:52:43;934.0;1745718763;98.687;100.841;93.448;102.352;
1900-01-01 11:52:44;935.0;1745718764;98.687;100.841;93.431;102.408;
1900-01-01 11:52:45;936.0;1745718765;98.629;100.919;93.495;102.408;
1900-01-01 11:52:47;937.0;1745718767;98.611;100.873;93.495;102.321;
1900-01-01 11:52:47;938.0;1745718767;98.611;100.873;93.416;102.346;
1900-01-01 11:52:48;939.0;1745718768;98.582;100.868;93.392;102.346;
1900-01-01 11:52:49;940.0;1745718769;98.604;100.868;93.392;102.25;
1900-01-01 11:52:50;941.0;1745718770;98.604;100.832;93.378;102.429;
1900-01-01 11:52:51;942.0;1745718771;98.528;100.841;93.296;102.429;
1900-01-01 11:52:52;943.0;1745718772;98.457;100.841;93.296;102.392;
1900-01-01 11:52:53;944.0;1745718773;98.457;100.769;93.298;102.368;
1900-01-01 11:52:54;945.0;1745718774;98.404;100.788;93.298;102.368;
1900-01-01 11:52:55;946.0;1745718775;98.461;100.788;93.289;102.344;
1900-01-01 11:52:56;947.0;1745718776;98.461;100.772;93.191;102.289;
1900-01-01 11:52:57;948.0;1745718777;98.394;100.762;93.191;102.289;
1900-01-01 11:52:58;949.0;1745718778;98.394;100.762;93.117;102.295;
1900-01-01 11:52:59;950.0;1745718779;98.434;100.809;93.012;102.295;
1900-01-01 11:53:00;951.0;1745718780;98.42;100.747;93.012;102.387;
1900-01-01 11:53:01;952.0;1745718781;98.42;100.747;92.985;102.432;
1900-01-01 11:53:02;953.0;1745718782;98.35;100.802;93.159;102.432;
1900-01-01 11:53:03;954.0;1745718783;98.471;100.775;93.159;102.315;
1900-01-01 11:53:04;955.0;1745718784;98.471;100.775;93.204;102.376;
1900-01-01 11:53:05;956.0;1745718785;98.411;100.698;93.208;102.292;
1900-01-01 11:53:06;957.0;1745718786;98.407;100.698;93.208;102.292;
1900-01-01 11:53:07;958.0;1745718787;98.407;100.764;93.226;102.325;
1900-01-01 11:53:08;959.0;1745718788;98.353;100.78;93.243;102.325;
1900-01-01 11:53:09;960.0;1745718789;98.335;100.866;93.243;102.364;
1900-01-01 11:53:10;961.0;1745718790;98.335;100.866;93.335;102.498;
1900-01-01 11:53:11;962.0;1745718791;98.309;100.826;93.27;102.498;
1900-01-01 11:53:13;963.0;1745718793;98.324;100.881;93.27;102.29;
1900-01-01 11:53:13;964.0;1745718793;98.324;100.881;93.124;102.471;
1900-01-01 11:53:14;965.0;1745718794;98.359;100.909;93.188;102.471;
1900-01-01 11:53:16;966.0;1745718796;98.329;100.871;93.188;102.384;
1900-01-01 11:53:16;967.0;1745718796;98.329;100.871;93.108;102.392;
1900-01-01 11:53:17;968.0;1745718797;98.337;100.913;93.098;102.392;
1900-01-01 11:53:18;969.0;1745718798;98.366;100.913;93.098;102.387;
1900-01-01 11:53:19;970.0;1745718799;98.366;100.954;93.114;102.413;
1900-01-01 11:53:20;971.0;1745718800;98.415;100.745;93.114;102.413;
1900-01-01 11:53:21;972.0;1745718801;98.415;100.745;93.134;102.36;
1900-01-01 11:53:22;973.0;1745718802;98.511;100.798;93.154;102.36;
1900-01-01 11:53:23;974.0;1745718803;98.513;100.805;93.154;102.383;
1900-01-01 11:53:25;975.0;1745718805;98.486;100.805;93.132;102.348;
1900-01-01 11:53:25;976.0;1745718805;98.486;100.776;93.135;102.348;
1900-01-01 11:53:26;977.0;1745718806;98.545;100.795;93.135;102.347;
1900-01-01 11:53:27;978.0;1745718807;98.545;100.795;93.074;102.35;
1900-01-01 11:53:28;979.0;1745718808;98.466;100.778;93.026;102.35;
1900-01-01 11:53:29;980.0;1745718809;98.434;100.802;93.026;102.319;
1900-01-01 11:53:30;981.0;1745718810;98.434;100.802;93.01;102.315;
1900-01-01 11:53:31;982.0;1745718811;98.407;100.819;93.087;102.315;
1900-01-01 11:53:32;983.0;1745718812;98.402;100.652;93.087;102.327;
1900-01-01 11:53:33;984.0;1745718813;98.402;100.652;92.92;102.335;
1900-01-01 11:53:34;985.0;1745718814;98.294;100.82;92.944;102.335;
1900-01-01 11:53:35;986.0;1745718816;98.179;100.82;92.944;102.363;
1900-01-01 11:53:36;987.0;1745718816;98.179;100.74;92.892;102.375;
1900-01-01 11:53:37;988.0;1745718817;98.24;100.72;92.892;102.375;
1900-01-01 11:53:38;989.0;1745718818;98.233;100.72;93.007;102.264;
1900-01-01 11:53:39;990.0;1745718819;98.233;100.686;93.001;102.382;
1900-01-01 11:53:40;991.0;1745718820;98.242;100.8;93.001;102.382;
1900-01-01 11:53:41;992.0;1745718821;98.221;100.8;92.963;102.333;
1900-01-01 11:53:42;993.0;1745718822;98.221;100.814;92.961;102.403;
1900-01-01 11:53:44;994.0;1745718824;98.293;100.764;92.964;102.403;
1900-01-01 11:53:44;995.0;1745718824;98.293;100.764;92.964;102.284;
1900-01-01 11:53:45;996.0;1745718825;98.312;100.811;93.091;102.426;
1900-01-01 11:53:46;997.0;1745718826;98.32;100.788;93.091;102.426;
1900-01-01 11:53:47;998.0;1745718827;98.32;100.788;93.097;102.366;
1900-01-01 11:53:48;999.0;1745718828;98.315;100.782;92.903;102.341;
1900-01-01 11:53:49;1000.0;1745718829;98.25;100.759;92.903;102.341;
1900-01-01 11:53:50;1001.0;1745718830;98.25;100.759;92.97;102.322;
1900-01-01 11:53:51;1002.0;1745718831;98.371;100.709;92.948;102.322;
1900-01-01 11:53:53;1003.0;1745718833;98.33;100.713;92.948;102.394;
1900-01-01 11:53:53;1004.0;1745718833;98.33;100.713;92.961;102.491;
1900-01-01 11:53:54;1005.0;1745718834;98.279;100.683;93.017;102.491;
1900-01-01 11:53:56;1006.0;1745718836;98.318;100.769;93.017;102.346;
1900-01-01 11:53:56;1007.0;1745718836;98.318;100.769;93.083;102.353;
1900-01-01 11:53:57;1008.0;1745718837;98.303;100.686;92.905;102.353;
1900-01-01 11:53:58;1009.0;1745718838;98.28;100.686;92.905;102.365;
1900-01-01 11:53:59;1010.0;1745718839;98.28;100.686;92.997;102.29;
1900-01-01 11:54:01;1011.0;1745718841;98.335;100.653;92.969;102.29;
1900-01-01 11:54:01;1012.0;1745718841;98.271;100.653;92.969;102.336;
1900-01-01 11:54:02;1013.0;1745718842;98.271;100.707;92.962;102.362;
1900-01-01 11:54:03;1014.0;1745718843;98.291;100.721;92.962;102.362;
1900-01-01 11:54:04;1015.0;1745718844;98.291;100.721;92.883;102.311;
1900-01-01 11:54:05;1016.0;1745718845;98.258;100.708;92.871;102.359;
1900-01-01 11:54:06;1017.0;1745718846;98.227;100.708;92.871;102.359;
1900-01-01 11:54:07;1018.0;1745718847;98.227;100.732;92.962;102.391;
1900-01-01 11:54:08;1019.0;1745718848;98.27;100.743;92.932;102.391;
1900-01-01 11:54:09;1020.0;1745718849;98.26;100.738;92.932;102.336;
1900-01-01 11:54:10;1021.0;1745718850;98.171;100.738;92.899;102.248;
1900-01-01 11:54:12;1022.0;1745718852;98.171;100.632;92.929;102.334;
1900-01-01 11:54:12;1023.0;1745718852;98.159;100.699;92.929;102.334;
1900-01-01 11:54:13;1024.0;1745718853;98.159;100.699;92.825;102.33;
1900-01-01 11:54:14;1025.0;1745718854;98.166;100.711;92.8;102.33;
1900-01-01 11:54:15;1026.0;1745718855;98.136;100.677;92.8;102.357;
1900-01-01 11:54:16;1027.0;1745718856;98.258;100.677;92.868;102.346;
1900-01-01 11:54:17;1028.0;1745718857;98.258;100.612;92.81;102.346;
1900-01-01 11:54:18;1029.0;1745718858;98.2;100.649;92.81;102.386;
1900-01-01 11:54:19;1030.0;1745718859;98.2;100.649;92.799;102.339;
1900-01-01 11:54:20;1031.0;1745718860;98.249;100.553;92.773;102.339;
1900-01-01 11:54:21;1032.0;1745718861;98.175;100.659;92.773;102.361;
1900-01-01 11:54:23;1033.0;1745718863;98.238;100.659;92.77;102.376;
1900-01-01 11:54:23;1034.0;1745718863;98.238;100.507;92.769;102.376;
1900-01-01 11:54:24;1035.0;1745718864;98.19;100.515;92.769;102.414;
1900-01-01 11:54:25;1036.0;1745718865;98.198;100.515;92.786;102.311;
1900-01-01 11:54:26;1037.0;1745718866;98.198;100.478;92.82;102.311;
1900-01-01 11:54:27;1038.0;1745718867;98.156;100.483;92.82;102.323;
1900-01-01 11:54:28;1039.0;1745718868;98.156;100.483;92.854;102.323;
1900-01-01 11:54:29;1040.0;1745718869;98.131;100.484;92.903;102.323;
1900-01-01 11:54:30;1041.0;1745718870;98.211;100.484;92.903;102.335;
1900-01-01 11:54:31;1042.0;1745718871;98.211;100.519;92.84;102.19;
1900-01-01 11:54:32;1043.0;1745718872;98.13;100.44;92.844;102.19;
1900-01-01 11:54:33;1044.0;1745718873;98.194;100.436;92.844;102.343;
1900-01-01 11:54:34;1045.0;1745718874;98.194;100.436;92.782;102.308;
1900-01-01 11:54:35;1046.0;1745718875;98.123;100.458;92.797;102.308;
1900-01-01 11:54:36;1047.0;1745718876;98.104;100.458;92.797;102.369;
1900-01-01 11:54:37;1048.0;1745718877;98.104;100.444;92.72;102.259;
1900-01-01 11:54:38;1049.0;1745718878;98.131;100.622;92.72;102.259;
1900-01-01 11:54:39;1050.0;1745718879;98.119;100.622;92.708;102.331;
1900-01-01 11:54:40;1051.0;1745718880;98.119;100.529;92.752;102.384;
1900-01-01 11:54:41;1052.0;1745718881;98.129;100.448;92.754;102.384;
1900-01-01 11:54:42;1053.0;1745718882;98.15;100.448;92.754;102.352;
1900-01-01 11:54:43;1054.0;1745718883;98.15;100.619;92.845;102.32;
1900-01-01 11:54:44;1055.0;1745718884;98.071;100.584;92.845;102.32;
1900-01-01 11:54:45;1056.0;1745718885;98.11;100.584;92.737;102.259;
1900-01-01 11:54:46;1057.0;1745718886;98.11;100.56;92.709;102.228;
1900-01-01 11:54:47;1058.0;1745718887;98.035;100.531;92.709;102.228;
1900-01-01 11:54:48;1059.0;1745718888;98.049;100.531;92.657;102.239;
1900-01-01 11:54:49;1060.0;1745718889;98.049;100.419;92.571;102.313;
1900-01-01 11:54:50;1061.0;1745718890;98.077;100.645;92.571;102.313;
1900-01-01 11:54:52;1062.0;1745718892;98.093;100.645;92.549;102.334;
1900-01-01 11:54:52;1063.0;1745718892;98.093;100.525;92.44;102.334;
1900-01-01 11:54:53;1064.0;1745718893;98.13;100.507;92.44;102.285;
1900-01-01 11:54:54;1065.0;1745718894;98.141;100.507;92.441;102.337;
1900-01-01 11:54:55;1066.0;1745718895;98.141;100.562;92.542;102.337;
1900-01-01 11:54:56;1067.0;1745718896;98.087;100.502;92.542;102.275;
1900-01-01 11:54:57;1068.0;1745718897;98.087;100.502;92.517;102.274;
1900-01-01 11:54:58;1069.0;1745718898;98.05;100.557;92.614;102.274;
1900-01-01 11:54:59;1070.0;1745718899;98.083;100.53;92.614;102.31;
1900-01-01 11:55:00;1071.0;1745718900;98.083;100.53;92.604;102.316;
1900-01-01 11:55:01;1072.0;1745718901;98.154;100.561;92.627;102.316;
1900-01-01 11:55:02;1073.0;1745718902;98.227;100.587;92.627;102.273;
1900-01-01 11:55:03;1074.0;1745718903;98.227;100.587;92.636;102.311;
1900-01-01 11:55:04;1075.0;1745718904;98.164;100.484;92.596;102.311;
1900-01-01 11:55:05;1076.0;1745718905;98.053;100.484;92.596;102.201;
1900-01-01 11:55:06;1077.0;1745718906;98.053;100.487;92.619;102.328;
1900-01-01 11:55:07;1078.0;1745718907;98.14;100.385;92.593;102.328;
1900-01-01 11:55:08;1079.0;1745718908;98.073;100.385;92.593;102.262;
1900-01-01 11:55:09;1080.0;1745718909;98.073;100.441;92.625;102.283;
1900-01-01 11:55:10;1081.0;1745718910;98.001;100.532;92.579;102.283;
1900-01-01 11:55:11;1082.0;1745718911;97.978;100.532;92.579;102.314;
1900-01-01 11:55:12;1083.0;1745718912;97.978;100.565;92.606;102.306;
1900-01-01 11:55:13;1084.0;1745718913;98.001;100.533;92.606;102.306;
1900-01-01 11:55:14;1085.0;1745718914;97.912;100.533;92.643;102.362;
1900-01-01 11:55:15;1086.0;1745718915;97.912;100.521;92.579;102.316;
1900-01-01 11:55:16;1087.0;1745718916;98.0;100.55;92.579;102.316;
1900-01-01 11:55:17;1088.0;1745718917;97.935;100.55;92.584;102.344;
1900-01-01 11:55:18;1089.0;1745718918;97.935;100.489;92.582;102.344;
1900-01-01 11:55:19;1090.0;1745718919;98.024;100.561;92.582;102.302;
1900-01-01 11:55:20;1091.0;1745718920;97.955;100.561;92.54;102.314;
1900-01-01 11:55:21;1092.0;1745718921;97.955;100.503;92.579;102.314;
1900-01-01 11:55:22;1093.0;1745718922;97.962;100.462;92.579;102.333;
1900-01-01 11:55:23;1094.0;1745718923;97.962;100.462;92.446;102.347;
1900-01-01 11:55:24;1095.0;1745718924;98.005;100.42;92.361;102.347;
1900-01-01 11:55:25;1096.0;1745718925;98.015;100.466;92.361;102.244;
1900-01-01 11:55:26;1097.0;1745718926;98.015;100.466;92.303;102.275;
1900-01-01 11:55:27;1098.0;1745718927;97.993;100.389;92.328;102.275;
1900-01-01 11:55:28;1099.0;1745718928;97.954;100.389;92.328;102.197;
1900-01-01 11:55:29;1100.0;1745718929;97.954;100.405;92.375;102.39;
1900-01-01 11:55:30;1101.0;1745718930;97.95;100.424;92.375;102.39;
1900-01-01 11:55:31;1102.0;1745718931;97.922;100.424;92.357;102.213;
1900-01-01 11:55:32;1103.0;1745718932;97.922;100.436;92.407;102.29;
1900-01-01 11:55:33;1104.0;1745718933;97.945;100.437;92.396;102.29;
1900-01-01 11:55:34;1105.0;1745718934;97.839;100.437;92.396;102.264;
1900-01-01 11:55:35;1106.0;1745718935;97.839;100.449;92.333;102.278;
1900-01-01 11:55:36;1107.0;1745718936;97.906;100.417;92.333;102.278;
1900-01-01 11:55:37;1108.0;1745718937;97.959;100.417;92.378;102.226;
1900-01-01 11:55:38;1109.0;1745718938;97.959;100.413;92.367;102.226;
1900-01-01 11:55:39;1110.0;1745718939;97.926;100.373;92.367;102.203;
1900-01-01 11:55:41;1111.0;1745718941;97.898;100.373;92.408;102.298;
1900-01-01 11:55:41;1112.0;1745718941;97.898;100.33;92.47;102.298;
1900-01-01 11:55:42;1113.0;1745718942;97.815;100.396;92.47;102.196;
1900-01-01 11:55:43;1114.0;1745718943;97.815;100.396;92.469;102.314;
1900-01-01 11:55:44;1115.0;1745718944;97.777;100.389;92.468;102.314;
1900-01-01 11:55:45;1116.0;1745718945;97.687;100.403;92.468;102.288;
1900-01-01 11:55:46;1117.0;1745718946;97.687;100.403;92.374;102.161;
1900-01-01 11:55:47;1118.0;1745718947;97.668;100.292;92.404;102.161;
1900-01-01 11:55:48;1119.0;1745718948;97.766;100.406;92.404;102.261;
1900-01-01 11:55:49;1120.0;1745718949;97.766;100.406;92.377;102.272;
1900-01-01 11:55:50;1121.0;1745718950;97.839;100.381;92.405;102.272;
1900-01-01 11:55:51;1122.0;1745718951;97.851;100.381;92.405;102.321;
1900-01-01 11:55:52;1123.0;1745718952;97.851;100.324;92.358;102.313;
1900-01-01 11:55:53;1124.0;1745718953;97.897;100.385;92.358;102.313;
1900-01-01 11:55:54;1125.0;1745718954;97.841;100.385;92.348;102.283;
1900-01-01 11:55:55;1126.0;1745718955;97.841;100.346;92.353;102.299;
1900-01-01 11:55:56;1127.0;1745718956;97.842;100.42;92.353;102.299;
1900-01-01 11:55:57;1128.0;1745718957;97.825;100.42;92.311;102.319;
1900-01-01 11:55:58;1129.0;1745718958;97.825;100.493;92.303;102.227;
1900-01-01 11:55:59;1130.0;1745718959;97.86;100.39;92.277;102.227;
1900-01-01 11:56:00;1131.0;1745718960;97.813;100.39;92.277;102.283;
1900-01-01 11:56:01;1132.0;1745718961;97.813;100.374;92.276;102.215;
1900-01-01 11:56:02;1133.0;1745718962;97.822;100.378;92.276;102.215;
1900-01-01 11:56:03;1134.0;1745718963;97.945;100.378;92.179;102.267;
1900-01-01 11:56:04;1135.0;1745718964;97.945;100.34;92.182;102.214;
1900-01-01 11:56:05;1136.0;1745718965;97.919;100.439;92.182;102.214;
1900-01-01 11:56:06;1137.0;1745718966;97.959;100.439;92.219;102.277;
1900-01-01 11:56:07;1138.0;1745718967;97.959;100.405;92.227;102.346;
1900-01-01 11:56:08;1139.0;1745718968;97.998;100.353;92.227;102.346;
1900-01-01 11:56:09;1140.0;1745718969;97.912;100.353;92.295;102.219;
1900-01-01 11:56:10;1141.0;1745718970;97.912;100.378;92.327;102.219;
1900-01-01 11:56:11;1142.0;1745718971;97.896;100.484;92.327;102.237;
1900-01-01 11:56:12;1143.0;1745718972;97.91;100.484;92.331;102.241;
1900-01-01 11:56:13;1144.0;1745718973;97.91;100.373;92.269;102.29;
1900-01-01 11:56:14;1145.0;1745718974;97.927;100.393;92.269;102.29;
1900-01-01 11:56:15;1146.0;1745718975;97.927;100.393;92.246;102.205;
1900-01-01 11:56:16;1147.0;1745718976;97.86;100.372;92.287;102.311;
1900-01-01 11:56:17;1148.0;1745718977;97.801;100.288;92.287;102.311;
1900-01-01 11:56:18;1149.0;1745718978;97.818;100.288;92.218;102.238;
1900-01-01 11:56:19;1150.0;1745718979;97.818;100.363;92.145;102.238;
1900-01-01 11:56:20;1151.0;1745718980;97.672;100.328;92.145;102.284;
1900-01-01 11:56:21;1152.0;1745718981;97.699;100.328;92.147;102.269;
1900-01-01 11:56:22;1153.0;1745718982;97.699;100.385;92.232;102.263;
1900-01-01 11:56:23;1154.0;1745718983;97.661;100.217;92.232;102.263;
1900-01-01 11:56:24;1155.0;1745718984;97.661;100.217;92.203;102.277;
1900-01-01 11:56:25;1156.0;1745718985;97.67;100.254;92.155;102.277;
1900-01-01 11:56:26;1157.0;1745718986;97.619;100.261;92.155;102.189;
1900-01-01 11:56:27;1158.0;1745718987;97.619;100.261;92.168;102.248;
1900-01-01 11:56:28;1159.0;1745718988;97.625;100.277;92.14;102.248;
1900-01-01 11:56:29;1160.0;1745718989;97.658;100.277;92.14;102.2;
1900-01-01 11:56:30;1161.0;1745718990;97.658;100.272;92.15;102.3;
1900-01-01 11:56:31;1162.0;1745718991;97.711;100.207;92.137;102.3;
1900-01-01 11:56:32;1163.0;1745718992;97.676;100.207;92.137;102.301;
1900-01-01 11:56:33;1164.0;1745718993;97.676;100.254;92.164;102.269;
1900-01-01 11:56:35;1165.0;1745718995;97.635;100.227;92.152;102.269;
1900-01-01 11:56:35;1166.0;1745718995;97.604;100.227;92.152;102.307;
1900-01-01 11:56:36;1167.0;1745718996;97.604;100.26;92.133;102.212;
1900-01-01 11:56:37;1168.0;1745718997;97.639;100.209;92.069;102.212;
1900-01-01 11:56:38;1169.0;1745718998;97.745;100.209;92.069;102.267;
1900-01-01 11:56:39;1170.0;1745718999;97.745;100.224;92.012;102.172;
1900-01-01 11:56:40;1171.0;1745719000;97.736;100.263;92.012;102.172;
1900-01-01 11:56:41;1172.0;1745719001;97.783;100.263;91.956;102.156;
1900-01-01 11:56:42;1173.0;1745719002;97.783;100.32;92.01;102.198;
1900-01-01 11:56:43;1174.0;1745719003;97.775;100.231;92.01;102.198;
1900-01-01 11:56:44;1175.0;1745719004;97.775;100.231;91.935;102.303;
1900-01-01 11:56:45;1176.0;1745719005;97.72;100.331;92.003;102.303;
1900-01-01 11:56:46;1177.0;1745719006;97.8;100.344;92.003;102.138;
1900-01-01 11:56:47;1178.0;1745719007;97.8;100.344;92.001;102.137;
1900-01-01 11:56:48;1179.0;1745719008;97.63;100.259;92.052;102.137;
1900-01-01 11:56:50;1180.0;1745719010;97.705;100.284;92.052;102.217;
1900-01-01 11:56:50;1181.0;1745719010;97.705;100.284;91.964;102.325;
1900-01-01 11:56:51;1182.0;1745719011;97.623;100.26;91.957;102.325;
1900-01-01 11:56:52;1183.0;1745719012;97.638;100.278;91.957;102.226;
1900-01-01 11:56:53;1184.0;1745719013;97.638;100.278;91.961;102.137;
1900-01-01 11:56:54;1185.0;1745719014;97.602;100.259;91.978;102.137;
1900-01-01 11:56:55;1186.0;1745719015;97.547;100.259;91.978;102.256;
1900-01-01 11:56:56;1187.0;1745719016;97.547;100.218;91.97;102.254;
1900-01-01 11:56:57;1188.0;1745719017;97.592;100.234;91.968;102.254;
1900-01-01 11:56:58;1189.0;1745719018;97.528;100.24;91.968;102.287;
1900-01-01 11:56:59;1190.0;1745719019;97.528;100.24;91.947;102.177;
1900-01-01 11:57:00;1191.0;1745719020;97.592;100.254;91.903;102.177;
1900-01-01 11:57:01;1192.0;1745719021;97.547;100.225;91.903;102.231;
1900-01-01 11:57:02;1193.0;1745719022;97.547;100.225;91.88;102.27;
1900-01-01 11:57:03;1194.0;1745719023;97.66;100.284;91.856;102.27;
1900-01-01 11:57:04;1195.0;1745719024;97.621;100.306;91.856;102.176;
1900-01-01 11:57:05;1196.0;1745719025;97.621;100.306;91.914;102.276;
1900-01-01 11:57:06;1197.0;1745719026;97.608;100.293;91.893;102.276;
1900-01-01 11:57:07;1198.0;1745719027;97.612;100.293;91.893;102.326;
1900-01-01 11:57:08;1199.0;1745719028;97.612;100.244;91.975;102.295;
1900-01-01 11:57:09;1200.0;1745719029;97.688;100.212;91.932;102.295;
