Time;Seconds from start for linreg;Unix Time;ch1 po2;ch2 po2;ch3 po2;ch4 po2;
1900-01-01 18:57:07;1.0;1745657827;98.787;100.992;96.089;108.163;
1900-01-01 18:57:08;2.0;1745657828;98.822;100.992;95.987;108.132;
1900-01-01 18:57:09;3.0;1745657829;98.822;101.006;95.898;108.134;
1900-01-01 18:57:10;4.0;1745657830;98.729;100.979;95.898;108.134;
1900-01-01 18:57:12;5.0;1745657832;98.754;100.979;95.92;108.137;
1900-01-01 18:57:12;6.0;1745657832;98.754;100.924;95.957;108.173;
1900-01-01 18:57:13;7.0;1745657833;98.742;100.949;95.957;108.173;
1900-01-01 18:57:14;8.0;1745657834;98.742;100.949;95.81;108.114;
1900-01-01 18:57:15;9.0;1745657835;98.755;100.964;95.797;108.114;
1900-01-01 18:57:16;10.0;1745657836;98.674;100.942;95.797;108.205;
1900-01-01 18:57:17;11.0;1745657837;98.674;100.942;95.696;108.148;
1900-01-01 18:57:18;12.0;1745657838;98.796;100.871;95.636;108.148;
1900-01-01 18:57:19;13.0;1745657839;98.706;100.91;95.636;108.145;
1900-01-01 18:57:20;14.0;1745657840;98.706;100.91;95.755;108.174;
1900-01-01 18:57:22;15.0;1745657842;98.694;100.869;95.749;108.174;
1900-01-01 18:57:22;16.0;1745657842;98.795;100.869;95.749;108.113;
1900-01-01 18:57:23;17.0;1745657843;98.795;100.813;95.683;108.177;
1900-01-01 18:57:24;18.0;1745657844;98.681;100.879;95.811;108.177;
1900-01-01 18:57:25;19.0;1745657845;98.707;100.879;95.811;108.238;
1900-01-01 18:57:26;20.0;1745657846;98.707;100.766;95.896;108.174;
1900-01-01 18:57:27;21.0;1745657847;98.599;100.833;95.958;108.174;
1900-01-01 18:57:28;22.0;1745657848;98.748;100.833;95.958;108.091;
1900-01-01 18:57:29;23.0;1745657849;98.748;100.679;95.99;108.144;
1900-01-01 18:57:30;24.0;1745657850;98.589;100.737;95.99;108.144;
1900-01-01 18:57:31;25.0;1745657851;98.629;100.737;96.047;108.185;
1900-01-01 18:57:32;26.0;1745657852;98.629;100.781;95.965;108.12;
1900-01-01 18:57:33;27.0;1745657853;98.685;100.664;95.965;108.12;
1900-01-01 18:57:34;28.0;1745657854;98.597;100.664;96.036;108.142;
1900-01-01 18:57:35;29.0;1745657855;98.597;100.782;95.973;108.144;
1900-01-01 18:57:36;30.0;1745657856;98.589;100.786;95.973;108.144;
1900-01-01 18:57:37;31.0;1745657857;98.659;100.786;95.833;108.205;
1900-01-01 18:57:38;32.0;1745657858;98.659;100.706;95.909;108.213;
1900-01-01 18:57:39;33.0;1745657859;98.583;100.706;95.909;108.213;
1900-01-01 18:57:40;34.0;1745657860;98.583;100.666;95.877;108.174;
1900-01-01 18:57:41;35.0;1745657861;98.57;100.71;95.946;108.174;
1900-01-01 18:57:42;36.0;1745657862;98.513;100.71;95.946;108.175;
1900-01-01 18:57:43;37.0;1745657863;98.513;100.72;95.967;108.236;
1900-01-01 18:57:44;38.0;1745657864;98.442;100.811;95.979;108.236;
1900-01-01 18:57:45;39.0;1745657865;98.405;100.811;95.979;108.157;
1900-01-01 18:57:46;40.0;1745657866;98.405;100.755;95.861;108.088;
1900-01-01 18:57:47;41.0;1745657867;98.374;100.825;95.861;108.088;
1900-01-01 18:57:48;42.0;1745657868;98.322;100.825;95.799;108.081;
1900-01-01 18:57:49;43.0;1745657869;98.322;100.862;95.692;108.132;
1900-01-01 18:57:51;44.0;1745657871;98.317;100.757;95.663;108.132;
1900-01-01 18:57:51;45.0;1745657871;98.29;100.757;95.663;108.164;
1900-01-01 18:57:52;46.0;1745657872;98.29;100.789;95.798;108.205;
1900-01-01 18:57:53;47.0;1745657873;98.213;100.78;95.798;108.205;
1900-01-01 18:57:54;48.0;1745657874;98.216;100.78;95.839;108.197;
1900-01-01 18:57:55;49.0;1745657875;98.216;100.801;95.9;108.197;
1900-01-01 18:57:56;50.0;1745657876;98.222;100.736;95.9;108.174;
1900-01-01 18:57:57;51.0;1745657877;98.222;100.736;95.83;108.215;
1900-01-01 18:57:58;52.0;1745657878;98.277;100.809;95.781;108.215;
1900-01-01 18:58:00;53.0;1745657880;98.214;100.844;95.781;108.236;
1900-01-01 18:58:00;54.0;1745657880;98.214;100.844;95.73;108.235;
1900-01-01 18:58:01;55.0;1745657881;98.188;100.75;95.81;108.235;
1900-01-01 18:58:02;56.0;1745657882;98.137;100.782;95.81;108.189;
1900-01-01 18:58:03;57.0;1745657883;98.137;100.782;95.778;108.246;
1900-01-01 18:58:04;58.0;1745657884;98.07;100.769;95.756;108.246;
1900-01-01 18:58:05;59.0;1745657885;98.074;100.74;95.756;108.175;
1900-01-01 18:58:06;60.0;1745657886;98.074;100.74;95.838;108.195;
1900-01-01 18:58:07;61.0;1745657887;98.045;100.706;95.875;108.195;
1900-01-01 18:58:08;62.0;1745657888;97.975;100.706;95.875;108.133;
1900-01-01 18:58:09;63.0;1745657889;97.975;100.818;95.886;108.193;
1900-01-01 18:58:11;64.0;1745657891;97.891;100.738;95.834;108.193;
1900-01-01 18:58:11;65.0;1745657891;97.891;100.738;95.834;108.155;
1900-01-01 18:58:12;66.0;1745657892;97.891;100.726;95.704;108.185;
1900-01-01 18:58:13;67.0;1745657893;97.869;100.834;95.704;108.185;
1900-01-01 18:58:14;68.0;1745657894;97.767;100.834;95.727;108.126;
1900-01-01 18:58:15;69.0;1745657895;97.767;100.853;95.602;108.078;
1900-01-01 18:58:16;70.0;1745657896;97.766;100.692;95.602;108.078;
1900-01-01 18:58:17;71.0;1745657897;97.758;100.692;95.639;108.177;
1900-01-01 18:58:18;72.0;1745657898;97.758;100.654;95.55;108.16;
1900-01-01 18:58:19;73.0;1745657899;97.736;100.618;95.55;108.16;
1900-01-01 18:58:20;74.0;1745657900;97.736;100.618;95.432;108.169;
1900-01-01 18:58:21;75.0;1745657901;97.665;100.715;95.346;108.14;
1900-01-01 18:58:23;76.0;1745657903;97.52;100.734;95.346;108.14;
1900-01-01 18:58:23;77.0;1745657903;97.52;100.734;95.236;108.151;
1900-01-01 18:58:24;78.0;1745657904;97.599;100.778;95.314;108.151;
1900-01-01 18:58:25;79.0;1745657905;97.553;100.778;95.314;108.195;
1900-01-01 18:58:26;80.0;1745657906;97.553;100.717;95.425;108.261;
1900-01-01 18:58:27;81.0;1745657907;97.463;100.643;95.583;108.261;
1900-01-01 18:58:28;82.0;1745657908;97.424;100.726;95.583;108.188;
1900-01-01 18:58:29;83.0;1745657909;97.424;100.726;95.603;108.23;
1900-01-01 18:58:30;84.0;1745657910;97.47;100.648;95.648;108.23;
1900-01-01 18:58:32;85.0;1745657912;97.496;100.622;95.648;108.165;
1900-01-01 18:58:32;86.0;1745657912;97.496;100.622;95.602;108.155;
1900-01-01 18:58:33;87.0;1745657913;97.532;100.691;95.566;108.155;
1900-01-01 18:58:34;88.0;1745657914;97.588;100.691;95.566;108.183;
1900-01-01 18:58:35;89.0;1745657915;97.588;100.54;95.425;108.196;
1900-01-01 18:58:36;90.0;1745657916;97.609;100.508;95.309;108.196;
1900-01-01 18:58:37;91.0;1745657917;97.677;100.508;95.309;108.141;
1900-01-01 18:58:38;92.0;1745657918;97.677;100.522;95.216;108.188;
1900-01-01 18:58:39;93.0;1745657919;97.698;100.549;95.216;108.188;
1900-01-01 18:58:40;94.0;1745657920;97.629;100.549;95.105;108.14;
1900-01-01 18:58:41;95.0;1745657921;97.629;100.43;95.134;108.141;
1900-01-01 18:58:42;96.0;1745657922;97.649;100.452;95.134;108.141;
1900-01-01 18:58:43;97.0;1745657923;97.649;100.452;95.202;108.131;
1900-01-01 18:58:44;98.0;1745657924;97.58;100.419;95.177;108.274;
1900-01-01 18:58:45;99.0;1745657925;97.596;100.439;95.177;108.274;
1900-01-01 18:58:47;100.0;1745657927;97.629;100.439;95.255;108.146;
1900-01-01 18:58:47;101.0;1745657927;97.629;100.432;95.272;108.146;
1900-01-01 18:58:48;102.0;1745657928;97.68;100.418;95.272;108.238;
1900-01-01 18:58:49;103.0;1745657929;97.68;100.418;95.375;108.128;
1900-01-01 18:58:50;104.0;1745657930;97.726;100.415;95.368;108.128;
1900-01-01 18:58:51;105.0;1745657931;97.746;100.494;95.368;108.2;
1900-01-01 18:58:52;106.0;1745657932;97.746;100.494;95.367;108.15;
1900-01-01 18:58:53;107.0;1745657933;97.728;100.417;95.37;108.15;
1900-01-01 18:58:54;108.0;1745657934;97.78;100.417;95.37;108.193;
1900-01-01 18:58:55;109.0;1745657935;97.78;100.434;95.256;108.211;
1900-01-01 18:58:56;110.0;1745657936;97.689;100.481;95.256;108.211;
1900-01-01 18:58:57;111.0;1745657937;97.627;100.481;95.322;108.098;
1900-01-01 18:58:58;112.0;1745657938;97.627;100.395;95.366;108.182;
1900-01-01 18:58:59;113.0;1745657939;97.564;100.377;95.366;108.182;
1900-01-01 18:59:00;114.0;1745657940;97.488;100.377;95.449;108.155;
1900-01-01 18:59:01;115.0;1745657941;97.488;100.324;95.43;108.155;
1900-01-01 18:59:02;116.0;1745657942;97.481;100.419;95.43;108.133;
1900-01-01 18:59:03;117.0;1745657943;97.402;100.419;95.408;108.07;
1900-01-01 18:59:04;118.0;1745657944;97.402;100.455;95.456;108.07;
1900-01-01 18:59:05;119.0;1745657945;97.358;100.405;95.456;108.14;
1900-01-01 18:59:06;120.0;1745657946;97.358;100.405;95.379;108.182;
1900-01-01 18:59:07;121.0;1745657947;97.267;100.32;95.316;108.182;
1900-01-01 18:59:08;122.0;1745657948;97.092;100.32;95.316;108.141;
1900-01-01 18:59:09;123.0;1745657949;97.092;100.302;95.173;108.186;
1900-01-01 18:59:10;124.0;1745657950;97.062;100.309;95.231;108.186;
1900-01-01 18:59:11;125.0;1745657951;96.979;100.463;95.231;108.154;
1900-01-01 18:59:13;126.0;1745657953;96.975;100.463;95.266;108.05;
1900-01-01 18:59:13;127.0;1745657953;96.975;100.361;95.27;108.05;
1900-01-01 18:59:14;128.0;1745657954;96.925;100.285;95.27;108.04;
1900-01-01 18:59:15;129.0;1745657955;96.925;100.285;95.359;108.126;
1900-01-01 18:59:16;130.0;1745657956;96.894;100.337;95.244;108.126;
1900-01-01 18:59:18;131.0;1745657958;96.924;100.367;95.244;108.199;
1900-01-01 18:59:18;132.0;1745657958;96.924;100.367;95.177;108.053;
1900-01-01 18:59:19;133.0;1745657959;96.948;100.351;95.107;108.053;
1900-01-01 18:59:20;134.0;1745657960;96.927;100.337;95.107;108.125;
1900-01-01 18:59:21;135.0;1745657961;96.927;100.337;95.194;108.175;
1900-01-01 18:59:22;136.0;1745657962;96.907;100.254;95.202;108.175;
1900-01-01 18:59:23;137.0;1745657963;96.917;100.254;95.202;108.113;
1900-01-01 18:59:24;138.0;1745657964;96.917;100.289;95.287;108.165;
1900-01-01 18:59:25;139.0;1745657965;96.828;100.228;95.195;108.165;
1900-01-01 18:59:26;140.0;1745657966;96.84;100.263;95.195;108.089;
1900-01-01 18:59:27;141.0;1745657967;96.84;100.263;95.121;108.206;
1900-01-01 18:59:28;142.0;1745657968;96.778;100.348;95.069;108.206;
1900-01-01 18:59:29;143.0;1745657969;96.746;100.348;95.069;108.208;
1900-01-01 18:59:30;144.0;1745657970;96.746;100.276;95.066;108.153;
1900-01-01 18:59:31;145.0;1745657971;96.674;100.227;95.17;108.153;
1900-01-01 18:59:32;146.0;1745657972;96.66;100.227;95.17;108.124;
1900-01-01 18:59:33;147.0;1745657973;96.66;100.261;95.198;108.217;
1900-01-01 18:59:34;148.0;1745657974;96.677;100.283;95.198;108.217;
1900-01-01 18:59:35;149.0;1745657975;96.627;100.283;95.184;108.088;
1900-01-01 18:59:36;150.0;1745657976;96.627;100.19;95.165;108.201;
1900-01-01 18:59:37;151.0;1745657977;96.621;100.227;95.165;108.201;
1900-01-01 18:59:38;152.0;1745657978;96.621;100.227;95.121;108.072;
1900-01-01 18:59:39;153.0;1745657979;96.618;100.241;95.019;108.072;
1900-01-01 18:59:41;154.0;1745657981;96.652;100.271;95.019;108.157;
1900-01-01 18:59:41;155.0;1745657981;96.652;100.271;94.914;108.2;
1900-01-01 18:59:42;156.0;1745657982;96.697;100.294;94.937;108.2;
1900-01-01 18:59:43;157.0;1745657983;96.798;100.262;94.937;108.026;
1900-01-01 18:59:44;158.0;1745657984;96.798;100.262;94.904;108.178;
1900-01-01 18:59:45;159.0;1745657985;96.801;100.209;94.934;108.178;
1900-01-01 18:59:46;160.0;1745657986;96.882;100.173;94.934;108.132;
1900-01-01 18:59:47;161.0;1745657987;96.882;100.173;94.959;108.099;
1900-01-01 18:59:48;162.0;1745657988;96.904;100.141;94.93;108.099;
1900-01-01 18:59:49;163.0;1745657989;96.914;100.141;94.93;108.107;
1900-01-01 18:59:50;164.0;1745657990;96.914;100.152;94.952;108.091;
1900-01-01 18:59:51;165.0;1745657991;96.953;100.113;94.954;108.091;
1900-01-01 18:59:52;166.0;1745657992;96.931;100.113;94.954;108.047;
1900-01-01 18:59:53;167.0;1745657993;96.931;100.097;94.862;108.073;
1900-01-01 18:59:55;168.0;1745657995;96.948;100.183;94.887;108.073;
1900-01-01 18:59:55;169.0;1745657995;97.031;100.183;94.887;108.111;
1900-01-01 18:59:56;170.0;1745657996;97.031;100.09;94.88;108.173;
1900-01-01 18:59:57;171.0;1745657997;97.066;100.134;94.88;108.173;
1900-01-01 18:59:59;172.0;1745657999;97.028;100.134;94.846;108.067;
1900-01-01 18:59:59;173.0;1745657999;97.028;100.11;94.885;108.067;
1900-01-01 19:00:00;174.0;1745658000;96.963;100.115;94.885;108.096;
1900-01-01 19:00:01;175.0;1745658001;96.855;100.115;94.837;108.211;
1900-01-01 19:00:02;176.0;1745658002;96.855;100.119;94.827;108.211;
1900-01-01 19:00:03;177.0;1745658003;96.803;100.098;94.827;108.025;
1900-01-01 19:00:04;178.0;1745658004;96.803;100.098;94.845;108.102;
1900-01-01 19:00:05;179.0;1745658005;96.741;100.064;94.825;108.102;
1900-01-01 19:00:06;180.0;1745658006;96.745;100.017;94.825;108.09;
1900-01-01 19:00:07;181.0;1745658007;96.745;100.017;94.803;108.096;
1900-01-01 19:00:08;182.0;1745658008;96.622;99.978;94.796;108.096;
1900-01-01 19:00:09;183.0;1745658009;96.539;100.052;94.796;108.041;
1900-01-01 19:00:10;184.0;1745658010;96.539;100.052;94.752;108.071;
1900-01-01 19:00:11;185.0;1745658011;96.551;100.04;94.798;108.071;
1900-01-01 19:00:12;186.0;1745658012;96.465;100.04;94.798;108.081;
1900-01-01 19:00:13;187.0;1745658013;96.465;100.001;94.769;108.067;
1900-01-01 19:00:14;188.0;1745658014;96.428;100.057;94.769;108.067;
1900-01-01 19:00:15;189.0;1745658015;96.437;100.057;94.754;108.11;
1900-01-01 19:00:16;190.0;1745658016;96.437;100.107;94.819;108.108;
1900-01-01 19:00:18;191.0;1745658018;96.413;100.017;94.831;108.108;
1900-01-01 19:00:18;192.0;1745658018;96.397;100.017;94.831;108.083;
1900-01-01 19:00:19;193.0;1745658019;96.397;99.984;94.861;108.208;
1900-01-01 19:00:20;194.0;1745658020;96.344;99.974;94.933;108.208;
1900-01-01 19:00:21;195.0;1745658021;96.373;99.974;94.933;108.113;
1900-01-01 19:00:22;196.0;1745658022;96.373;99.926;94.785;108.182;
1900-01-01 19:00:23;197.0;1745658023;96.414;99.956;94.785;108.182;
1900-01-01 19:00:24;198.0;1745658024;96.414;99.956;94.733;108.185;
1900-01-01 19:00:25;199.0;1745658025;96.376;99.916;94.671;108.185;
1900-01-01 19:00:26;200.0;1745658026;96.332;99.97;94.671;108.227;
1900-01-01 19:00:27;201.0;1745658027;96.332;99.97;94.825;108.102;
1900-01-01 19:00:28;202.0;1745658028;96.219;99.905;94.732;108.102;
1900-01-01 19:00:29;203.0;1745658029;96.222;99.868;94.732;108.162;
1900-01-01 19:00:30;204.0;1745658030;96.222;99.868;94.888;108.15;
1900-01-01 19:00:31;205.0;1745658031;96.202;99.938;94.847;108.15;
1900-01-01 19:00:33;206.0;1745658033;96.197;99.958;94.847;108.1;
1900-01-01 19:00:33;207.0;1745658033;96.197;99.958;94.831;108.098;
1900-01-01 19:00:34;208.0;1745658034;96.1;99.93;94.71;108.098;
1900-01-01 19:00:35;209.0;1745658035;96.026;99.914;94.71;108.084;
1900-01-01 19:00:36;210.0;1745658036;96.026;99.914;94.59;108.081;
1900-01-01 19:00:37;211.0;1745658037;96.015;99.968;94.491;108.081;
1900-01-01 19:00:38;212.0;1745658038;95.98;99.968;94.491;108.042;
1900-01-01 19:00:39;213.0;1745658039;95.98;99.894;94.493;108.074;
1900-01-01 19:00:41;214.0;1745658041;95.957;99.874;94.491;108.074;
1900-01-01 19:00:41;215.0;1745658041;96.02;99.874;94.491;108.006;
1900-01-01 19:00:42;216.0;1745658042;96.02;99.974;94.45;108.066;
1900-01-01 19:00:43;217.0;1745658043;96.074;99.894;94.45;108.066;
1900-01-01 19:00:44;218.0;1745658044;96.074;99.894;94.419;108.057;
1900-01-01 19:00:45;219.0;1745658045;96.093;99.876;94.474;108.057;
1900-01-01 19:00:46;220.0;1745658046;96.163;99.913;94.474;108.132;
1900-01-01 19:00:47;221.0;1745658047;96.198;99.913;94.546;108.12;
1900-01-01 19:00:48;222.0;1745658048;96.198;99.869;94.585;108.12;
1900-01-01 19:00:49;223.0;1745658049;96.146;99.882;94.585;108.156;
1900-01-01 19:00:50;224.0;1745658050;96.146;99.882;94.537;108.125;
1900-01-01 19:00:51;225.0;1745658051;96.088;99.957;94.495;108.125;
1900-01-01 19:00:52;226.0;1745658052;96.086;99.957;94.495;108.121;
1900-01-01 19:00:53;227.0;1745658053;96.086;99.869;94.564;108.098;
1900-01-01 19:00:54;228.0;1745658054;96.135;99.883;94.485;108.098;
1900-01-01 19:00:55;229.0;1745658055;96.153;99.883;94.485;108.077;
1900-01-01 19:00:56;230.0;1745658056;96.153;99.773;94.487;108.176;
1900-01-01 19:00:57;231.0;1745658057;96.129;99.823;94.499;108.176;
1900-01-01 19:00:58;232.0;1745658058;95.985;99.823;94.499;108.107;
1900-01-01 19:00:59;233.0;1745658059;95.985;99.827;94.39;108.111;
1900-01-01 19:01:00;234.0;1745658060;96.048;99.802;94.398;108.111;
1900-01-01 19:01:01;235.0;1745658061;95.966;99.802;94.398;108.071;
1900-01-01 19:01:02;236.0;1745658062;95.966;99.88;94.451;108.151;
1900-01-01 19:01:04;237.0;1745658064;95.986;99.839;94.508;108.151;
1900-01-01 19:01:04;238.0;1745658064;96.007;99.839;94.508;108.053;
1900-01-01 19:01:05;239.0;1745658065;96.007;99.844;94.392;108.122;
1900-01-01 19:01:06;240.0;1745658066;96.071;99.768;94.392;108.122;
1900-01-01 19:01:07;241.0;1745658067;96.071;99.768;94.348;108.144;
1900-01-01 19:01:08;242.0;1745658068;96.061;99.78;94.331;108.144;
1900-01-01 19:01:09;243.0;1745658069;96.062;99.78;94.331;108.113;
1900-01-01 19:01:10;244.0;1745658070;96.062;99.846;94.256;108.105;
1900-01-01 19:01:11;245.0;1745658071;96.027;99.718;94.31;108.105;
1900-01-01 19:01:12;246.0;1745658072;95.901;99.792;94.31;108.111;
1900-01-01 19:01:13;247.0;1745658073;95.901;99.792;94.364;108.037;
1900-01-01 19:01:14;248.0;1745658074;95.887;99.791;94.307;108.037;
1900-01-01 19:01:16;249.0;1745658076;95.934;99.829;94.307;108.033;
1900-01-01 19:01:16;250.0;1745658076;95.934;99.829;94.291;108.08;
1900-01-01 19:01:17;251.0;1745658077;95.835;99.737;94.299;108.08;
1900-01-01 19:01:19;252.0;1745658079;95.829;99.737;94.299;108.068;
1900-01-01 19:01:19;253.0;1745658079;95.829;99.778;94.322;108.104;
1900-01-01 19:01:20;254.0;1745658080;95.728;99.838;94.322;108.104;
1900-01-01 19:01:21;255.0;1745658081;95.662;99.838;94.268;108.101;
1900-01-01 19:01:22;256.0;1745658082;95.662;99.802;94.159;108.071;
1900-01-01 19:01:23;257.0;1745658083;95.631;99.755;94.159;108.071;
1900-01-01 19:01:24;258.0;1745658084;95.717;99.755;94.21;108.053;
1900-01-01 19:01:25;259.0;1745658085;95.717;99.771;94.229;108.088;
1900-01-01 19:01:26;260.0;1745658086;95.666;99.698;94.229;108.088;
1900-01-01 19:01:28;261.0;1745658088;95.645;99.698;94.336;108.072;
1900-01-01 19:01:28;262.0;1745658088;95.645;99.623;94.254;108.072;
1900-01-01 19:01:29;263.0;1745658089;95.572;99.662;94.254;108.079;
1900-01-01 19:01:30;264.0;1745658090;95.561;99.662;94.286;108.114;
1900-01-01 19:01:31;265.0;1745658091;95.561;99.651;94.226;108.114;
1900-01-01 19:01:32;266.0;1745658092;95.447;99.627;94.226;108.125;
1900-01-01 19:01:33;267.0;1745658093;95.447;99.627;94.222;108.061;
1900-01-01 19:01:34;268.0;1745658094;95.504;99.705;94.321;108.061;
1900-01-01 19:01:35;269.0;1745658095;95.566;99.705;94.321;108.104;
1900-01-01 19:01:36;270.0;1745658096;95.566;99.72;94.265;108.093;
1900-01-01 19:01:37;271.0;1745658097;95.546;99.65;94.22;108.093;
1900-01-01 19:01:38;272.0;1745658098;95.567;99.65;94.22;108.066;
1900-01-01 19:01:39;273.0;1745658099;95.567;99.676;94.248;108.12;
1900-01-01 19:01:40;274.0;1745658100;95.627;99.626;94.248;108.12;
1900-01-01 19:01:41;275.0;1745658101;95.634;99.626;94.221;108.0;
1900-01-01 19:01:42;276.0;1745658102;95.634;99.69;94.24;108.048;
1900-01-01 19:01:43;277.0;1745658103;95.553;99.603;94.24;108.048;
1900-01-01 19:01:44;278.0;1745658104;95.558;99.603;94.173;108.066;
1900-01-01 19:01:45;279.0;1745658105;95.558;99.613;94.197;108.095;
1900-01-01 19:01:46;280.0;1745658106;95.545;99.64;94.197;108.095;
1900-01-01 19:01:47;281.0;1745658107;95.425;99.64;94.125;108.013;
1900-01-01 19:01:48;282.0;1745658108;95.425;99.586;94.114;107.982;
1900-01-01 19:01:49;283.0;1745658109;95.426;99.522;94.114;107.982;
1900-01-01 19:01:50;284.0;1745658110;95.426;99.522;94.068;108.152;
1900-01-01 19:01:51;285.0;1745658111;95.441;99.44;94.103;108.152;
1900-01-01 19:01:52;286.0;1745658112;95.449;99.547;94.103;108.181;
1900-01-01 19:01:53;287.0;1745658113;95.449;99.547;94.139;108.027;
1900-01-01 19:01:54;288.0;1745658114;95.383;99.57;94.088;108.027;
1900-01-01 19:01:55;289.0;1745658115;95.428;99.533;94.088;108.147;
1900-01-01 19:01:56;290.0;1745658116;95.428;99.533;94.127;108.092;
1900-01-01 19:01:57;291.0;1745658117;95.226;99.508;94.229;108.092;
1900-01-01 19:01:58;292.0;1745658118;95.336;99.508;94.229;107.962;
1900-01-01 19:01:59;293.0;1745658119;95.336;99.493;94.209;108.096;
1900-01-01 19:02:00;294.0;1745658120;95.309;99.513;94.209;108.096;
1900-01-01 19:02:01;295.0;1745658121;95.303;99.513;94.071;108.055;
1900-01-01 19:02:02;296.0;1745658122;95.303;99.492;94.026;108.033;
1900-01-01 19:02:03;297.0;1745658123;95.258;99.457;94.039;108.033;
1900-01-01 19:02:04;298.0;1745658124;95.298;99.457;94.039;108.114;
1900-01-01 19:02:05;299.0;1745658125;95.298;99.393;93.99;107.995;
1900-01-01 19:02:06;300.0;1745658126;95.238;99.437;94.044;107.995;
1900-01-01 19:02:08;301.0;1745658128;95.269;99.437;94.044;108.049;
1900-01-01 19:02:08;302.0;1745658128;95.269;99.478;94.034;108.054;
1900-01-01 19:02:09;303.0;1745658129;95.235;99.489;94.034;108.054;
1900-01-01 19:02:10;304.0;1745658130;95.235;99.489;93.902;108.075;
1900-01-01 19:02:11;305.0;1745658131;95.228;99.464;93.882;108.038;
1900-01-01 19:02:12;306.0;1745658132;95.244;99.517;93.882;108.038;
1900-01-01 19:02:13;307.0;1745658133;95.244;99.517;93.933;108.099;
1900-01-01 19:02:14;308.0;1745658134;95.205;99.415;93.989;108.099;
1900-01-01 19:02:15;309.0;1745658135;95.185;99.415;93.989;108.049;
1900-01-01 19:02:16;310.0;1745658136;95.185;99.448;94.032;108.018;
1900-01-01 19:02:17;311.0;1745658137;95.314;99.392;94.03;108.018;
1900-01-01 19:02:18;312.0;1745658138;95.28;99.392;94.03;108.025;
1900-01-01 19:02:19;313.0;1745658139;95.28;99.271;93.971;108.073;
1900-01-01 19:02:20;314.0;1745658140;95.25;99.298;93.878;108.073;
1900-01-01 19:02:21;315.0;1745658141;95.237;99.298;93.878;108.053;
1900-01-01 19:02:22;316.0;1745658142;95.237;99.263;93.806;108.097;
1900-01-01 19:02:23;317.0;1745658143;95.193;99.305;93.806;108.097;
1900-01-01 19:02:24;318.0;1745658144;95.117;99.305;93.834;108.014;
1900-01-01 19:02:25;319.0;1745658145;95.117;99.311;93.914;108.044;
1900-01-01 19:02:26;320.0;1745658146;95.101;99.248;93.914;108.044;
1900-01-01 19:02:28;321.0;1745658148;95.031;99.248;93.91;108.089;
1900-01-01 19:02:28;322.0;1745658148;95.031;99.274;93.862;108.086;
1900-01-01 19:02:29;323.0;1745658149;95.031;99.353;93.862;108.086;
1900-01-01 19:02:31;324.0;1745658151;94.982;99.353;93.866;108.03;
1900-01-01 19:02:31;325.0;1745658151;94.982;99.282;93.793;108.03;
1900-01-01 19:02:32;326.0;1745658152;95.035;99.303;93.793;108.049;
1900-01-01 19:02:33;327.0;1745658153;94.964;99.303;93.902;108.151;
1900-01-01 19:02:34;328.0;1745658154;94.964;99.284;93.948;108.151;
1900-01-01 19:02:35;329.0;1745658155;94.956;99.243;93.948;108.064;
1900-01-01 19:02:36;330.0;1745658156;94.956;99.243;93.901;107.995;
1900-01-01 19:02:37;331.0;1745658157;95.065;99.211;93.828;107.995;
1900-01-01 19:02:39;332.0;1745658159;94.959;99.287;93.828;108.038;
1900-01-01 19:02:39;333.0;1745658159;94.959;99.287;93.752;108.087;
1900-01-01 19:02:40;334.0;1745658160;95.004;99.258;93.655;108.087;
1900-01-01 19:02:41;335.0;1745658161;95.031;99.234;93.655;108.131;
1900-01-01 19:02:42;336.0;1745658162;95.031;99.234;93.698;108.078;
1900-01-01 19:02:43;337.0;1745658163;94.95;99.206;93.651;108.078;
1900-01-01 19:02:44;338.0;1745658164;94.973;99.206;93.651;108.133;
1900-01-01 19:02:45;339.0;1745658165;94.973;99.205;93.698;108.06;
1900-01-01 19:02:46;340.0;1745658166;94.913;99.334;93.685;108.06;
1900-01-01 19:02:47;341.0;1745658167;94.999;99.334;93.685;108.034;
1900-01-01 19:02:48;342.0;1745658168;94.999;99.252;93.684;108.033;
1900-01-01 19:02:49;343.0;1745658169;94.912;99.263;93.684;108.033;
1900-01-01 19:02:50;344.0;1745658170;94.863;99.263;93.703;108.014;
1900-01-01 19:02:51;345.0;1745658171;94.863;99.2;93.598;108.162;
1900-01-01 19:02:52;346.0;1745658172;94.843;99.187;93.598;108.162;
1900-01-01 19:02:53;347.0;1745658173;94.85;99.187;93.716;108.184;
1900-01-01 19:02:54;348.0;1745658174;94.85;99.159;93.638;108.184;
1900-01-01 19:02:55;349.0;1745658175;94.777;99.146;93.638;108.084;
1900-01-01 19:02:57;350.0;1745658177;94.754;99.146;93.602;108.02;
1900-01-01 19:02:57;351.0;1745658177;94.754;99.097;93.615;108.02;
1900-01-01 19:02:58;352.0;1745658178;94.695;99.129;93.615;108.073;
1900-01-01 19:02:59;353.0;1745658179;94.695;99.129;93.611;108.176;
1900-01-01 19:03:00;354.0;1745658180;94.579;99.111;93.622;108.176;
1900-01-01 19:03:01;355.0;1745658181;94.448;99.111;93.622;108.146;
1900-01-01 19:03:02;356.0;1745658182;94.448;99.009;93.717;108.143;
1900-01-01 19:03:03;357.0;1745658183;94.424;99.049;93.717;108.143;
1900-01-01 19:03:04;358.0;1745658184;94.333;99.049;93.705;108.085;
1900-01-01 19:03:05;359.0;1745658185;94.333;99.152;93.701;108.113;
1900-01-01 19:03:06;360.0;1745658186;94.332;99.149;93.701;108.113;
1900-01-01 19:03:07;361.0;1745658187;94.288;99.149;93.656;108.023;
1900-01-01 19:03:08;362.0;1745658188;94.288;99.063;93.6;108.03;
1900-01-01 19:03:09;363.0;1745658189;94.24;99.142;93.6;108.03;
1900-01-01 19:03:10;364.0;1745658190;94.292;99.142;93.55;108.067;
1900-01-01 19:03:11;365.0;1745658191;94.292;99.109;93.52;108.15;
1900-01-01 19:03:12;366.0;1745658192;94.123;98.997;93.52;108.15;
1900-01-01 19:03:13;367.0;1745658193;94.209;98.997;93.513;108.031;
1900-01-01 19:03:14;368.0;1745658194;94.209;99.058;93.465;108.065;
1900-01-01 19:03:16;369.0;1745658196;94.278;99.094;93.512;108.065;
1900-01-01 19:03:16;370.0;1745658196;94.278;99.094;93.512;108.039;
1900-01-01 19:03:17;371.0;1745658197;94.202;99.016;93.531;108.025;
1900-01-01 19:03:18;372.0;1745658198;94.322;99.046;93.531;108.025;
1900-01-01 19:03:20;373.0;1745658200;94.233;99.046;93.539;108.064;
1900-01-01 19:03:20;374.0;1745658200;94.233;99.076;93.485;108.064;
1900-01-01 19:03:21;375.0;1745658201;94.273;99.002;93.485;108.107;
1900-01-01 19:03:22;376.0;1745658202;94.234;99.002;93.493;108.042;
1900-01-01 19:03:23;377.0;1745658203;94.234;99.064;93.39;108.042;
1900-01-01 19:03:24;378.0;1745658204;94.299;99.02;93.39;107.991;
1900-01-01 19:03:25;379.0;1745658205;94.299;99.02;93.39;108.058;
1900-01-01 19:03:26;380.0;1745658206;94.322;99.048;93.47;108.058;
1900-01-01 19:03:27;381.0;1745658207;94.383;99.079;93.47;108.092;
1900-01-01 19:03:28;382.0;1745658208;94.383;99.079;93.401;108.092;
1900-01-01 19:03:29;383.0;1745658209;94.336;99.047;93.366;108.092;
1900-01-01 19:03:30;384.0;1745658210;94.331;99.068;93.366;108.046;
1900-01-01 19:03:31;385.0;1745658211;94.331;99.068;93.479;108.086;
1900-01-01 19:03:32;386.0;1745658212;94.316;98.965;93.465;108.086;
1900-01-01 19:03:33;387.0;1745658213;94.341;98.965;93.465;108.092;
1900-01-01 19:03:34;388.0;1745658214;94.341;99.056;93.379;108.1;
1900-01-01 19:03:36;389.0;1745658216;94.204;98.997;93.484;108.1;
1900-01-01 19:03:36;390.0;1745658216;94.17;98.997;93.484;108.018;
1900-01-01 19:03:37;391.0;1745658217;94.17;98.971;93.44;108.057;
1900-01-01 19:03:38;392.0;1745658218;94.148;99.102;93.44;108.057;
1900-01-01 19:03:40;393.0;1745658220;94.185;99.102;93.443;108.04;
1900-01-01 19:03:40;394.0;1745658220;94.185;98.964;93.463;108.04;
1900-01-01 19:03:41;395.0;1745658221;94.221;99.002;93.463;108.105;
1900-01-01 19:03:42;396.0;1745658222;94.221;99.002;93.4;108.052;
1900-01-01 19:03:43;397.0;1745658223;94.194;98.948;93.234;108.052;
1900-01-01 19:03:44;398.0;1745658224;94.168;99.014;93.234;107.976;
1900-01-01 19:03:45;399.0;1745658225;94.168;99.014;93.297;108.04;
1900-01-01 19:03:46;400.0;1745658226;94.285;98.955;93.246;108.04;
1900-01-01 19:03:47;401.0;1745658227;94.207;98.955;93.246;108.097;
1900-01-01 19:03:48;402.0;1745658228;94.207;98.882;93.209;108.099;
1900-01-01 19:03:49;403.0;1745658229;94.145;98.835;93.209;108.099;
1900-01-01 19:03:50;404.0;1745658230;94.192;98.835;93.21;107.956;
1900-01-01 19:03:51;405.0;1745658231;94.192;98.882;93.289;108.018;
1900-01-01 19:03:53;406.0;1745658233;94.196;98.894;93.278;108.018;
1900-01-01 19:03:53;407.0;1745658233;94.131;98.894;93.278;108.091;
1900-01-01 19:03:54;408.0;1745658234;94.131;98.817;93.222;108.034;
1900-01-01 19:03:55;409.0;1745658235;94.029;98.833;93.192;108.034;
1900-01-01 19:03:56;410.0;1745658236;94.095;98.833;93.192;108.101;
1900-01-01 19:03:57;411.0;1745658237;94.095;98.898;93.113;108.06;
1900-01-01 19:03:58;412.0;1745658238;94.006;98.788;93.113;108.06;
1900-01-01 19:03:59;413.0;1745658239;94.047;98.788;93.255;108.031;
1900-01-01 19:04:00;414.0;1745658240;94.047;98.817;93.251;108.031;
1900-01-01 19:04:01;415.0;1745658241;93.966;98.807;93.251;107.989;
1900-01-01 19:04:02;416.0;1745658242;93.974;98.807;93.243;108.009;
1900-01-01 19:04:03;417.0;1745658243;93.974;98.671;93.269;108.009;
1900-01-01 19:04:04;418.0;1745658244;93.878;98.696;93.269;108.039;
1900-01-01 19:04:05;419.0;1745658245;93.878;98.696;93.226;108.027;
1900-01-01 19:04:06;420.0;1745658246;93.855;98.579;93.234;108.027;
1900-01-01 19:04:07;421.0;1745658247;93.735;98.681;93.234;108.067;
1900-01-01 19:04:08;422.0;1745658248;93.735;98.681;93.289;107.979;
1900-01-01 19:04:09;423.0;1745658249;93.775;98.698;93.249;107.979;
1900-01-01 19:04:10;424.0;1745658250;93.692;98.694;93.249;108.042;
1900-01-01 19:04:11;425.0;1745658251;93.692;98.694;93.315;108.087;
1900-01-01 19:04:12;426.0;1745658252;93.634;98.653;93.227;108.087;
1900-01-01 19:04:13;427.0;1745658253;93.584;98.653;93.227;108.078;
1900-01-01 19:04:14;428.0;1745658254;93.584;98.709;93.234;108.069;
1900-01-01 19:04:15;429.0;1745658255;93.506;98.641;93.181;108.069;
1900-01-01 19:04:16;430.0;1745658256;93.369;98.68;93.181;108.027;
1900-01-01 19:04:17;431.0;1745658257;93.369;98.68;93.09;108.059;
1900-01-01 19:04:18;432.0;1745658258;93.433;98.609;93.043;108.059;
1900-01-01 19:04:19;433.0;1745658259;93.44;98.723;93.043;108.011;
1900-01-01 19:04:20;434.0;1745658260;93.44;98.723;93.007;108.032;
1900-01-01 19:04:21;435.0;1745658261;93.385;98.588;92.933;107.984;
1900-01-01 19:04:23;436.0;1745658263;93.445;98.607;92.933;107.984;
1900-01-01 19:04:23;437.0;1745658263;93.445;98.607;93.06;108.116;
1900-01-01 19:04:24;438.0;1745658264;93.366;98.636;93.075;108.116;
1900-01-01 19:04:25;439.0;1745658265;93.445;98.573;93.075;108.026;
1900-01-01 19:04:26;440.0;1745658266;93.325;98.573;93.069;108.062;
1900-01-01 19:04:27;441.0;1745658267;93.325;98.569;93.054;108.062;
1900-01-01 19:04:28;442.0;1745658268;93.415;98.624;93.054;108.034;
1900-01-01 19:04:29;443.0;1745658269;93.462;98.624;93.074;108.075;
1900-01-01 19:04:30;444.0;1745658270;93.462;98.645;92.98;108.075;
1900-01-01 19:04:31;445.0;1745658271;93.347;98.645;92.98;108.107;
1900-01-01 19:04:32;446.0;1745658272;93.347;98.538;93.045;107.985;
1900-01-01 19:04:33;447.0;1745658273;93.402;98.581;93.048;107.985;
1900-01-01 19:04:35;448.0;1745658275;93.362;98.497;93.048;108.137;
1900-01-01 19:04:35;449.0;1745658275;93.362;98.497;93.115;108.011;
1900-01-01 19:04:36;450.0;1745658276;93.277;98.442;93.119;108.011;
1900-01-01 19:04:37;451.0;1745658277;93.237;98.442;93.119;107.971;
1900-01-01 19:04:38;452.0;1745658278;93.237;98.585;93.156;108.089;
1900-01-01 19:04:39;453.0;1745658279;93.157;98.467;93.103;108.089;
1900-01-01 19:04:40;454.0;1745658280;93.183;98.467;93.103;108.019;
1900-01-01 19:04:41;455.0;1745658281;93.183;98.417;93.03;108.081;
1900-01-01 19:04:43;456.0;1745658283;93.138;98.551;92.907;108.081;
1900-01-01 19:04:43;457.0;1745658283;93.072;98.551;92.907;108.014;
1900-01-01 19:04:44;458.0;1745658284;93.072;98.585;92.986;108.059;
1900-01-01 19:04:45;459.0;1745658285;93.048;98.431;92.986;108.059;
1900-01-01 19:04:46;460.0;1745658286;93.048;98.431;92.99;108.02;
1900-01-01 19:04:47;461.0;1745658287;92.927;98.58;92.889;108.02;
1900-01-01 19:04:48;462.0;1745658288;92.954;98.507;92.889;108.007;
1900-01-01 19:04:49;463.0;1745658289;92.954;98.507;92.723;108.029;
1900-01-01 19:04:50;464.0;1745658290;92.999;98.455;92.815;108.029;
1900-01-01 19:04:51;465.0;1745658291;92.943;98.495;92.815;108.009;
1900-01-01 19:04:52;466.0;1745658292;92.943;98.495;92.688;107.925;
1900-01-01 19:04:53;467.0;1745658293;92.944;98.465;92.658;107.925;
1900-01-01 19:04:54;468.0;1745658294;93.086;98.49;92.658;108.138;
1900-01-01 19:04:55;469.0;1745658295;93.086;98.49;92.732;108.01;
1900-01-01 19:04:56;470.0;1745658296;93.008;98.374;92.664;108.01;
1900-01-01 19:04:57;471.0;1745658297;92.95;98.374;92.664;107.963;
1900-01-01 19:04:58;472.0;1745658298;92.95;98.448;92.7;107.999;
1900-01-01 19:04:59;473.0;1745658299;93.0;98.452;92.603;107.999;
1900-01-01 19:05:00;474.0;1745658300;92.974;98.452;92.603;107.967;
1900-01-01 19:05:01;475.0;1745658301;92.974;98.433;92.586;108.091;
1900-01-01 19:05:02;476.0;1745658302;92.987;98.415;92.727;108.091;
1900-01-01 19:05:03;477.0;1745658303;93.086;98.415;92.727;107.998;
1900-01-01 19:05:04;478.0;1745658304;93.086;98.407;92.79;108.125;
1900-01-01 19:05:05;479.0;1745658305;93.024;98.299;92.785;108.125;
1900-01-01 19:05:06;480.0;1745658306;93.02;98.299;92.785;108.027;
1900-01-01 19:05:07;481.0;1745658307;93.02;98.45;92.742;107.977;
1900-01-01 19:05:08;482.0;1745658308;93.115;98.355;92.742;107.977;
1900-01-01 19:05:09;483.0;1745658309;93.115;98.355;92.642;107.969;
1900-01-01 19:05:10;484.0;1745658310;93.012;98.317;92.554;108.057;
1900-01-01 19:05:11;485.0;1745658311;92.98;98.309;92.554;108.057;
1900-01-01 19:05:12;486.0;1745658312;92.98;98.309;92.652;108.043;
1900-01-01 19:05:13;487.0;1745658313;92.987;98.333;92.682;108.043;
1900-01-01 19:05:15;488.0;1745658315;92.915;98.272;92.682;108.052;
1900-01-01 19:05:15;489.0;1745658315;92.915;98.272;92.703;108.083;
1900-01-01 19:05:16;490.0;1745658316;92.899;98.379;92.618;108.083;
1900-01-01 19:05:17;491.0;1745658317;92.873;98.379;92.618;107.968;
1900-01-01 19:05:18;492.0;1745658318;92.873;98.221;92.607;108.061;
1900-01-01 19:05:19;493.0;1745658319;92.897;98.298;92.685;108.061;
1900-01-01 19:05:20;494.0;1745658320;92.975;98.298;92.685;108.021;
1900-01-01 19:05:21;495.0;1745658321;92.975;98.176;92.696;107.964;
1900-01-01 19:05:22;496.0;1745658322;92.991;98.234;92.675;107.964;
1900-01-01 19:05:24;497.0;1745658324;92.956;98.26;92.675;108.034;
1900-01-01 19:05:24;498.0;1745658324;92.956;98.26;92.656;108.009;
1900-01-01 19:05:25;499.0;1745658325;92.999;98.246;92.638;108.009;
1900-01-01 19:05:26;500.0;1745658326;93.004;98.246;92.638;108.013;
1900-01-01 19:05:27;501.0;1745658327;93.004;98.173;92.681;107.974;
1900-01-01 19:05:28;502.0;1745658328;92.999;98.225;92.681;107.974;
1900-01-01 19:05:29;503.0;1745658329;92.997;98.225;92.694;108.017;
1900-01-01 19:05:30;504.0;1745658330;92.997;98.169;92.73;108.0;
1900-01-01 19:05:32;505.0;1745658332;93.007;98.212;92.58;108.0;
1900-01-01 19:05:32;506.0;1745658332;92.951;98.212;92.58;107.963;
1900-01-01 19:05:33;507.0;1745658333;92.951;98.331;92.543;107.969;
1900-01-01 19:05:34;508.0;1745658334;92.924;98.22;92.543;107.969;
1900-01-01 19:05:35;509.0;1745658335;92.924;98.22;92.516;108.048;
1900-01-01 19:05:36;510.0;1745658336;92.742;98.164;92.45;108.068;
1900-01-01 19:05:37;511.0;1745658337;92.783;98.174;92.45;108.068;
1900-01-01 19:05:38;512.0;1745658338;92.783;98.174;92.415;107.962;
1900-01-01 19:05:39;513.0;1745658339;92.746;98.227;92.485;108.049;
1900-01-01 19:05:40;514.0;1745658340;92.691;98.192;92.485;108.049;
1900-01-01 19:05:41;515.0;1745658341;92.691;98.192;92.437;107.962;
1900-01-01 19:05:42;516.0;1745658342;92.674;98.124;92.496;107.962;
1900-01-01 19:05:44;517.0;1745658344;92.63;98.101;92.496;107.979;
1900-01-01 19:05:44;518.0;1745658344;92.63;98.101;92.569;107.96;
1900-01-01 19:05:45;519.0;1745658345;92.643;98.155;92.522;107.96;
1900-01-01 19:05:46;520.0;1745658346;92.645;98.155;92.522;107.97;
1900-01-01 19:05:47;521.0;1745658347;92.645;98.065;92.395;107.905;
1900-01-01 19:05:48;522.0;1745658348;92.541;98.11;92.395;107.905;
1900-01-01 19:05:49;523.0;1745658349;92.548;98.11;92.375;108.012;
1900-01-01 19:05:50;524.0;1745658350;92.548;98.084;92.199;108.009;
1900-01-01 19:05:51;525.0;1745658351;92.569;98.063;92.199;108.009;
1900-01-01 19:05:52;526.0;1745658352;92.452;98.063;92.302;108.004;
1900-01-01 19:05:53;527.0;1745658353;92.452;98.061;92.263;107.918;
1900-01-01 19:05:54;528.0;1745658354;92.428;98.035;92.263;107.918;
1900-01-01 19:05:55;529.0;1745658355;92.428;98.035;92.254;107.996;
1900-01-01 19:05:56;530.0;1745658356;92.307;98.021;92.286;107.996;
1900-01-01 19:05:58;531.0;1745658358;92.372;98.053;92.286;107.929;
1900-01-01 19:05:58;532.0;1745658358;92.372;98.053;92.287;107.992;
1900-01-01 19:05:59;533.0;1745658359;92.318;98.099;92.358;107.992;
1900-01-01 19:06:00;534.0;1745658360;92.382;97.969;92.358;107.919;
1900-01-01 19:06:01;535.0;1745658361;92.382;97.969;92.361;107.873;
1900-01-01 19:06:02;536.0;1745658362;92.302;98.013;92.394;107.873;
1900-01-01 19:06:03;537.0;1745658363;92.202;98.013;92.394;107.943;
1900-01-01 19:06:04;538.0;1745658364;92.202;98.001;92.378;108.002;
1900-01-01 19:06:05;539.0;1745658365;92.182;98.001;92.378;108.002;
1900-01-01 19:06:06;540.0;1745658366;92.151;98.001;92.334;107.94;
1900-01-01 19:06:07;541.0;1745658367;92.151;98.085;92.334;108.003;
1900-01-01 19:06:09;542.0;1745658369;92.178;97.958;92.278;108.003;
1900-01-01 19:06:09;543.0;1745658369;92.152;97.958;92.278;108.02;
1900-01-01 19:06:10;544.0;1745658370;92.152;98.036;92.204;107.9;
1900-01-01 19:06:11;545.0;1745658371;92.153;97.95;92.204;107.9;
1900-01-01 19:06:12;546.0;1745658372;92.153;97.95;92.167;107.995;
1900-01-01 19:06:13;547.0;1745658373;92.201;98.024;92.079;107.995;
1900-01-01 19:06:14;548.0;1745658374;92.217;97.846;92.079;107.909;
1900-01-01 19:06:15;549.0;1745658375;92.217;97.846;92.033;107.948;
1900-01-01 19:06:16;550.0;1745658376;92.275;97.947;92.032;107.948;
1900-01-01 19:06:17;551.0;1745658377;92.271;97.873;92.032;108.045;
1900-01-01 19:06:18;552.0;1745658378;92.271;97.873;91.983;107.963;
1900-01-01 19:06:19;553.0;1745658379;92.222;97.961;92.126;107.963;
1900-01-01 19:06:21;554.0;1745658381;92.178;97.958;92.126;107.998;
1900-01-01 19:06:21;555.0;1745658381;92.178;97.958;92.085;107.914;
1900-01-01 19:06:22;556.0;1745658382;92.224;97.807;92.193;107.914;
1900-01-01 19:06:23;557.0;1745658383;92.161;97.807;92.193;108.005;
1900-01-01 19:06:24;558.0;1745658384;92.161;97.855;92.189;108.063;
1900-01-01 19:06:25;559.0;1745658385;92.178;97.889;92.189;108.063;
1900-01-01 19:06:26;560.0;1745658386;92.15;97.889;92.206;108.044;
1900-01-01 19:06:27;561.0;1745658387;92.15;97.845;92.226;107.951;
1900-01-01 19:06:28;562.0;1745658388;92.119;97.885;92.226;107.951;
1900-01-01 19:06:30;563.0;1745658390;91.993;97.885;92.191;108.002;
1900-01-01 19:06:30;564.0;1745658390;91.993;97.941;92.115;107.952;
1900-01-01 19:06:31;565.0;1745658391;91.987;97.957;92.115;107.952;
1900-01-01 19:06:32;566.0;1745658392;91.978;97.957;92.028;107.908;
1900-01-01 19:06:33;567.0;1745658393;91.978;97.91;92.082;107.908;
1900-01-01 19:06:34;568.0;1745658394;92.021;97.953;92.082;107.963;
1900-01-01 19:06:35;569.0;1745658395;92.025;97.953;92.01;108.033;
1900-01-01 19:06:36;570.0;1745658396;92.025;98.016;92.059;108.033;
1900-01-01 19:06:37;571.0;1745658397;92.012;97.956;92.059;107.93;
1900-01-01 19:06:38;572.0;1745658398;92.012;97.956;92.139;107.923;
1900-01-01 19:06:40;573.0;1745658400;91.93;97.896;92.082;107.96;
1900-01-01 19:06:40;574.0;1745658400;91.894;97.891;92.082;107.96;
1900-01-01 19:06:41;575.0;1745658401;91.894;97.891;92.087;108.007;
1900-01-01 19:06:42;576.0;1745658402;91.929;97.968;92.005;108.007;
1900-01-01 19:06:43;577.0;1745658403;91.84;97.968;92.005;107.983;
1900-01-01 19:06:44;578.0;1745658404;91.84;97.85;91.851;107.924;
1900-01-01 19:06:45;579.0;1745658405;91.883;97.882;91.851;107.924;
1900-01-01 19:06:46;580.0;1745658406;91.929;97.882;91.936;107.864;
1900-01-01 19:06:47;581.0;1745658407;91.929;97.849;92.074;108.027;
1900-01-01 19:06:48;582.0;1745658408;91.938;97.668;92.074;108.027;
1900-01-01 19:06:49;583.0;1745658409;91.997;97.668;92.031;107.979;
1900-01-01 19:06:50;584.0;1745658410;91.997;97.781;92.014;107.983;
1900-01-01 19:06:51;585.0;1745658411;92.011;97.728;92.014;107.983;
1900-01-01 19:06:52;586.0;1745658412;92.015;97.728;91.971;107.882;
1900-01-01 19:06:53;587.0;1745658413;92.015;97.682;92.007;107.882;
1900-01-01 19:06:54;588.0;1745658414;92.029;97.671;92.007;108.028;
1900-01-01 19:06:55;589.0;1745658415;92.055;97.671;91.992;107.957;
1900-01-01 19:06:56;590.0;1745658416;92.055;97.732;91.994;107.957;
1900-01-01 19:06:57;591.0;1745658417;92.173;97.721;91.994;107.994;
1900-01-01 19:06:58;592.0;1745658418;92.173;97.721;91.985;107.891;
1900-01-01 19:06:59;593.0;1745658419;92.107;97.745;92.007;107.891;
1900-01-01 19:07:00;594.0;1745658420;92.092;97.745;92.007;107.933;
1900-01-01 19:07:01;595.0;1745658421;92.092;97.718;91.97;107.922;
1900-01-01 19:07:02;596.0;1745658422;92.124;97.759;91.854;107.922;
1900-01-01 19:07:03;597.0;1745658423;92.091;97.759;91.854;107.999;
1900-01-01 19:07:04;598.0;1745658424;92.091;97.789;91.795;108.014;
1900-01-01 19:07:05;599.0;1745658425;91.999;97.739;91.663;108.014;
1900-01-01 19:07:06;600.0;1745658426;91.914;97.739;91.663;107.937;
1900-01-01 19:07:07;601.0;1745658427;91.914;97.666;91.596;107.91;
1900-01-01 19:07:08;602.0;1745658428;91.822;97.809;91.59;107.91;
1900-01-01 19:07:09;603.0;1745658429;91.748;97.809;91.59;108.064;
1900-01-01 19:07:10;604.0;1745658430;91.748;97.78;91.516;107.995;
1900-01-01 19:07:11;605.0;1745658431;91.584;97.696;91.516;107.995;
1900-01-01 19:07:12;606.0;1745658432;91.548;97.696;91.505;108.053;
1900-01-01 19:07:13;607.0;1745658433;91.548;97.69;91.55;108.053;
1900-01-01 19:07:14;608.0;1745658434;91.499;97.639;91.55;108.094;
1900-01-01 19:07:15;609.0;1745658435;91.545;97.639;91.52;107.911;
1900-01-01 19:07:16;610.0;1745658436;91.545;97.597;91.548;107.911;
1900-01-01 19:07:17;611.0;1745658437;91.508;97.603;91.548;107.979;
1900-01-01 19:07:19;612.0;1745658439;91.441;97.603;91.627;107.944;
1900-01-01 19:07:19;613.0;1745658439;91.441;97.603;91.653;107.944;
1900-01-01 19:07:20;614.0;1745658440;91.539;97.643;91.653;107.969;
1900-01-01 19:07:22;615.0;1745658442;91.539;97.643;91.799;107.932;
1900-01-01 19:07:22;616.0;1745658442;91.527;97.578;91.79;107.932;
1900-01-01 19:07:23;617.0;1745658443;91.502;97.654;91.79;107.95;
1900-01-01 19:07:24;618.0;1745658444;91.502;97.654;91.797;107.862;
1900-01-01 19:07:25;619.0;1745658445;91.555;97.618;91.844;107.862;
1900-01-01 19:07:26;620.0;1745658446;91.52;97.618;91.844;107.937;
1900-01-01 19:07:27;621.0;1745658447;91.52;97.625;91.824;107.933;
1900-01-01 19:07:28;622.0;1745658448;91.519;97.667;91.824;107.933;
1900-01-01 19:07:29;623.0;1745658449;91.52;97.667;91.822;108.025;
1900-01-01 19:07:30;624.0;1745658450;91.52;97.462;91.837;108.025;
1900-01-01 19:07:31;625.0;1745658451;91.505;97.515;91.837;107.882;
1900-01-01 19:07:32;626.0;1745658452;91.506;97.515;91.888;107.982;
1900-01-01 19:07:33;627.0;1745658453;91.506;97.395;91.86;107.989;
1900-01-01 19:07:34;628.0;1745658454;91.518;97.474;91.86;107.989;
1900-01-01 19:07:35;629.0;1745658455;91.518;97.474;91.737;107.932;
1900-01-01 19:07:36;630.0;1745658456;91.513;97.383;91.702;107.932;
1900-01-01 19:07:37;631.0;1745658457;91.475;97.383;91.702;107.956;
1900-01-01 19:07:38;632.0;1745658458;91.475;97.428;91.589;107.948;
1900-01-01 19:07:39;633.0;1745658459;91.473;97.44;91.567;107.948;
1900-01-01 19:07:40;634.0;1745658460;91.501;97.44;91.567;107.903;
1900-01-01 19:07:41;635.0;1745658461;91.501;97.414;91.571;107.886;
1900-01-01 19:07:42;636.0;1745658462;91.564;97.456;91.418;107.886;
1900-01-01 19:07:43;637.0;1745658463;91.511;97.456;91.418;107.959;
1900-01-01 19:07:44;638.0;1745658464;91.511;97.399;91.46;108.018;
1900-01-01 19:07:46;639.0;1745658466;91.473;97.406;91.43;108.018;
1900-01-01 19:07:46;640.0;1745658466;91.548;97.406;91.43;107.868;
1900-01-01 19:07:47;641.0;1745658467;91.548;97.464;91.464;107.981;
1900-01-01 19:07:49;642.0;1745658469;91.513;97.441;91.47;107.981;
1900-01-01 19:07:49;643.0;1745658469;91.512;97.441;91.47;107.97;
1900-01-01 19:07:50;644.0;1745658470;91.512;97.327;91.497;107.877;
1900-01-01 19:07:51;645.0;1745658471;91.5;97.422;91.508;107.877;
1900-01-01 19:07:52;646.0;1745658472;91.46;97.422;91.508;107.964;
1900-01-01 19:07:53;647.0;1745658473;91.46;97.39;91.46;107.896;
1900-01-01 19:07:54;648.0;1745658474;91.474;97.398;91.46;107.896;
1900-01-01 19:07:55;649.0;1745658475;91.535;97.398;91.53;108.02;
1900-01-01 19:07:56;650.0;1745658476;91.535;97.323;91.462;108.02;
1900-01-01 19:07:57;651.0;1745658477;91.579;97.352;91.462;107.897;
1900-01-01 19:07:58;652.0;1745658478;91.579;97.352;91.454;107.928;
1900-01-01 19:07:59;653.0;1745658479;91.509;97.283;91.354;107.997;
1900-01-01 19:08:00;654.0;1745658480;91.463;97.283;91.354;107.997;
1900-01-01 19:08:01;655.0;1745658481;91.463;97.378;91.323;107.928;
1900-01-01 19:08:02;656.0;1745658482;91.513;97.273;91.283;107.928;
1900-01-01 19:08:03;657.0;1745658483;91.458;97.316;91.283;107.935;
1900-01-01 19:08:04;658.0;1745658484;91.458;97.316;91.385;107.938;
1900-01-01 19:08:05;659.0;1745658485;91.491;97.42;91.282;107.938;
1900-01-01 19:08:06;660.0;1745658486;91.505;97.42;91.282;108.019;
1900-01-01 19:08:07;661.0;1745658487;91.505;97.345;91.355;107.899;
1900-01-01 19:08:08;662.0;1745658488;91.371;97.257;91.354;107.899;
1900-01-01 19:08:09;663.0;1745658489;91.453;97.257;91.354;107.957;
1900-01-01 19:08:10;664.0;1745658490;91.453;97.283;91.334;108.045;
1900-01-01 19:08:11;665.0;1745658491;91.483;97.312;91.334;108.045;
1900-01-01 19:08:12;666.0;1745658492;91.308;97.312;91.396;107.995;
1900-01-01 19:08:14;667.0;1745658494;91.308;97.298;91.396;107.948;
1900-01-01 19:08:14;668.0;1745658494;91.252;97.236;91.396;107.948;
1900-01-01 19:08:15;669.0;1745658495;91.252;97.236;91.462;108.011;
1900-01-01 19:08:16;670.0;1745658496;91.2;97.322;91.373;107.957;
1900-01-01 19:08:17;671.0;1745658497;91.111;97.322;91.373;107.957;
1900-01-01 19:08:18;672.0;1745658498;91.111;97.279;91.323;107.931;
1900-01-01 19:08:19;673.0;1745658499;91.055;97.255;91.315;107.931;
1900-01-01 19:08:21;674.0;1745658501;90.974;97.28;91.315;107.973;
1900-01-01 19:08:21;675.0;1745658501;90.974;97.28;91.279;108.051;
1900-01-01 19:08:22;676.0;1745658502;91.011;97.232;91.171;108.051;
1900-01-01 19:08:23;677.0;1745658503;90.988;97.302;91.171;108.035;
1900-01-01 19:08:24;678.0;1745658504;90.988;97.302;91.159;107.982;
1900-01-01 19:08:25;679.0;1745658505;90.901;97.267;91.184;107.982;
1900-01-01 19:08:26;680.0;1745658506;90.977;97.215;91.184;107.933;
1900-01-01 19:08:27;681.0;1745658507;90.977;97.215;91.179;107.898;
1900-01-01 19:08:28;682.0;1745658508;90.908;97.236;91.087;107.898;
1900-01-01 19:08:29;683.0;1745658509;90.786;97.275;91.087;107.975;
1900-01-01 19:08:30;684.0;1745658510;90.786;97.275;91.061;107.992;
1900-01-01 19:08:31;685.0;1745658511;90.789;97.277;91.194;107.992;
1900-01-01 19:08:32;686.0;1745658512;90.807;97.277;91.194;107.882;
1900-01-01 19:08:33;687.0;1745658513;90.807;97.236;91.179;107.98;
1900-01-01 19:08:34;688.0;1745658514;90.816;97.306;91.179;107.98;
1900-01-01 19:08:35;689.0;1745658515;90.815;97.306;91.238;107.871;
1900-01-01 19:08:36;690.0;1745658516;90.815;97.2;91.16;107.871;
1900-01-01 19:08:37;691.0;1745658517;90.83;97.174;91.16;107.941;
1900-01-01 19:08:38;692.0;1745658518;90.883;97.174;91.139;107.925;
1900-01-01 19:08:39;693.0;1745658519;90.883;97.084;91.194;107.925;
1900-01-01 19:08:40;694.0;1745658520;90.925;97.085;91.194;107.862;
1900-01-01 19:08:41;695.0;1745658521;90.917;97.085;91.097;107.855;
1900-01-01 19:08:42;696.0;1745658522;90.917;97.122;91.225;107.855;
1900-01-01 19:08:43;697.0;1745658523;90.901;97.022;91.225;107.937;
1900-01-01 19:08:44;698.0;1745658524;90.901;97.022;91.211;107.947;
1900-01-01 19:08:45;699.0;1745658525;90.858;97.052;91.196;107.947;
1900-01-01 19:08:46;700.0;1745658526;90.867;97.052;91.196;107.913;
1900-01-01 19:08:47;701.0;1745658527;90.867;97.091;91.215;107.922;
1900-01-01 19:08:49;702.0;1745658529;90.962;96.998;91.08;107.922;
1900-01-01 19:08:49;703.0;1745658529;90.933;96.998;91.08;107.884;
1900-01-01 19:08:50;704.0;1745658530;90.933;96.996;91.039;107.903;
1900-01-01 19:08:51;705.0;1745658531;90.92;96.982;91.045;107.903;
1900-01-01 19:08:52;706.0;1745658532;91.0;96.982;91.045;107.92;
1900-01-01 19:08:53;707.0;1745658533;91.0;96.916;90.947;107.857;
1900-01-01 19:08:54;708.0;1745658534;90.998;96.951;90.929;107.857;
1900-01-01 19:08:55;709.0;1745658535;91.039;96.951;90.929;107.912;
1900-01-01 19:08:56;710.0;1745658536;91.039;96.915;90.866;107.904;
1900-01-01 19:08:57;711.0;1745658537;90.99;96.935;90.866;107.904;
1900-01-01 19:08:59;712.0;1745658539;91.043;96.935;90.887;107.931;
1900-01-01 19:08:59;713.0;1745658539;91.043;96.927;90.931;107.931;
1900-01-01 19:09:00;714.0;1745658540;90.926;97.03;90.931;107.867;
1900-01-01 19:09:01;715.0;1745658541;90.934;97.03;90.953;107.903;
1900-01-01 19:09:02;716.0;1745658542;90.934;96.947;90.897;107.903;
1900-01-01 19:09:03;717.0;1745658543;90.919;96.94;90.897;107.926;
1900-01-01 19:09:04;718.0;1745658544;90.919;96.94;90.92;107.872;
1900-01-01 19:09:05;719.0;1745658545;90.815;96.895;90.796;107.851;
1900-01-01 19:09:06;720.0;1745658546;90.791;96.895;90.796;107.851;
1900-01-01 19:09:07;721.0;1745658547;90.791;96.966;90.89;107.831;
1900-01-01 19:09:08;722.0;1745658548;90.748;96.885;90.819;107.831;
1900-01-01 19:09:09;723.0;1745658549;90.757;96.891;90.819;107.845;
1900-01-01 19:09:10;724.0;1745658550;90.688;96.891;90.841;107.906;
1900-01-01 19:09:11;725.0;1745658551;90.688;96.867;90.84;107.959;
1900-01-01 19:09:12;726.0;1745658552;90.607;96.926;90.84;107.959;
1900-01-01 19:09:13;727.0;1745658553;90.607;96.926;90.982;108.03;
1900-01-01 19:09:14;728.0;1745658554;90.592;96.921;90.818;108.03;
1900-01-01 19:09:15;729.0;1745658555;90.628;96.897;90.818;107.939;
1900-01-01 19:09:16;730.0;1745658556;90.598;96.897;90.926;107.958;
1900-01-01 19:09:17;731.0;1745658557;90.598;96.822;90.909;107.987;
1900-01-01 19:09:18;732.0;1745658558;90.706;96.935;90.909;107.987;
1900-01-01 19:09:19;733.0;1745658559;90.706;96.935;90.899;107.947;
1900-01-01 19:09:20;734.0;1745658560;90.649;96.793;90.89;107.899;
1900-01-01 19:09:21;735.0;1745658561;90.656;96.851;90.89;107.899;
1900-01-01 19:09:23;736.0;1745658563;90.608;96.851;90.794;107.908;
1900-01-01 19:09:23;737.0;1745658563;90.608;96.818;90.781;107.908;
1900-01-01 19:09:24;738.0;1745658564;90.59;96.719;90.781;107.859;
1900-01-01 19:09:25;739.0;1745658565;90.506;96.719;90.752;107.878;
1900-01-01 19:09:26;740.0;1745658566;90.506;96.714;90.798;107.878;
1900-01-01 19:09:27;741.0;1745658567;90.371;96.729;90.798;107.995;
1900-01-01 19:09:28;742.0;1745658568;90.371;96.729;90.757;107.933;
1900-01-01 19:09:29;743.0;1745658569;90.303;96.707;90.867;107.933;
1900-01-01 19:09:30;744.0;1745658570;90.302;96.707;90.867;108.044;
1900-01-01 19:09:31;745.0;1745658571;90.302;96.73;90.786;108.01;
1900-01-01 19:09:32;746.0;1745658572;90.23;96.75;90.706;108.01;
1900-01-01 19:09:33;747.0;1745658573;90.208;96.75;90.706;107.976;
1900-01-01 19:09:34;748.0;1745658574;90.208;96.688;90.731;107.905;
1900-01-01 19:09:35;749.0;1745658575;90.218;96.725;90.689;107.905;
1900-01-01 19:09:36;750.0;1745658576;90.204;96.725;90.689;107.872;
1900-01-01 19:09:37;751.0;1745658577;90.204;96.7;90.734;107.961;
1900-01-01 19:09:39;752.0;1745658579;90.256;96.652;90.68;107.961;
1900-01-01 19:09:39;753.0;1745658579;90.285;96.652;90.68;107.887;
1900-01-01 19:09:40;754.0;1745658580;90.285;96.629;90.577;107.892;
1900-01-01 19:09:41;755.0;1745658581;90.298;96.684;90.609;107.892;
1900-01-01 19:09:42;756.0;1745658582;90.328;96.684;90.609;107.953;
1900-01-01 19:09:43;757.0;1745658583;90.328;96.651;90.66;107.986;
1900-01-01 19:09:44;758.0;1745658584;90.301;96.715;90.66;107.986;
1900-01-01 19:09:45;759.0;1745658585;90.28;96.715;90.536;107.929;
1900-01-01 19:09:46;760.0;1745658586;90.28;96.74;90.582;107.929;
1900-01-01 19:09:47;761.0;1745658587;90.255;96.696;90.582;107.931;
1900-01-01 19:09:48;762.0;1745658588;90.255;96.696;90.577;108.043;
1900-01-01 19:09:49;763.0;1745658589;90.255;96.712;90.527;108.043;
1900-01-01 19:09:50;764.0;1745658590;90.232;96.605;90.527;108.022;
1900-01-01 19:09:51;765.0;1745658591;90.232;96.605;90.491;108.048;
1900-01-01 19:09:52;766.0;1745658592;90.125;96.722;90.437;108.048;
1900-01-01 19:09:54;767.0;1745658594;90.088;96.571;90.437;107.895;
1900-01-01 19:09:54;768.0;1745658594;90.088;96.571;90.398;107.98;
1900-01-01 19:09:56;769.0;1745658596;90.113;96.687;90.413;107.98;
1900-01-01 19:09:56;770.0;1745658596;90.105;96.687;90.413;107.933;
1900-01-01 19:09:57;771.0;1745658597;90.105;96.508;90.373;107.856;
1900-01-01 19:09:58;772.0;1745658598;90.073;96.577;90.373;107.856;
1900-01-01 19:09:59;773.0;1745658599;90.084;96.577;90.482;107.904;
1900-01-01 19:10:00;774.0;1745658600;90.084;96.565;90.536;107.971;
1900-01-01 19:10:01;775.0;1745658601;90.082;96.589;90.551;107.971;
1900-01-01 19:10:02;776.0;1745658602;90.048;96.589;90.551;107.918;
1900-01-01 19:10:03;777.0;1745658603;90.048;96.594;90.616;107.881;
1900-01-01 19:10:04;778.0;1745658604;90.145;96.579;90.616;107.881;
1900-01-01 19:10:05;779.0;1745658605;90.137;96.579;90.503;107.785;
1900-01-01 19:10:06;780.0;1745658606;90.137;96.557;90.502;107.809;
1900-01-01 19:10:07;781.0;1745658607;90.142;96.657;90.502;107.809;
1900-01-01 19:10:08;782.0;1745658608;90.136;96.657;90.491;107.867;
1900-01-01 19:10:09;783.0;1745658609;90.136;96.634;90.477;107.867;
1900-01-01 19:10:10;784.0;1745658610;90.022;96.583;90.477;107.879;
1900-01-01 19:10:11;785.0;1745658611;89.975;96.583;90.495;107.854;
1900-01-01 19:10:12;786.0;1745658612;89.975;96.637;90.39;107.854;
1900-01-01 19:10:13;787.0;1745658613;89.931;96.715;90.39;107.892;
1900-01-01 19:10:14;788.0;1745658614;89.931;96.715;90.417;107.916;
1900-01-01 19:10:15;789.0;1745658615;89.866;96.602;90.486;107.916;
1900-01-01 19:10:16;790.0;1745658616;89.841;96.527;90.486;107.902;
1900-01-01 19:10:17;791.0;1745658617;89.841;96.527;90.542;107.892;
1900-01-01 19:10:18;792.0;1745658618;89.698;96.514;90.502;107.892;
1900-01-01 19:10:19;793.0;1745658619;89.661;96.514;90.502;107.878;
1900-01-01 19:10:20;794.0;1745658620;89.661;96.554;90.537;107.988;
1900-01-01 19:10:21;795.0;1745658621;89.694;96.566;90.419;107.988;
1900-01-01 19:10:22;796.0;1745658622;89.661;96.566;90.419;107.984;
1900-01-01 19:10:23;797.0;1745658623;89.661;96.531;90.464;107.857;
1900-01-01 19:10:24;798.0;1745658624;89.709;96.594;90.388;107.857;
1900-01-01 19:10:25;799.0;1745658625;89.752;96.594;90.388;107.924;
1900-01-01 19:10:26;800.0;1745658626;89.752;96.468;90.4;107.859;
1900-01-01 19:10:27;801.0;1745658627;89.773;96.52;90.373;107.859;
1900-01-01 19:10:28;802.0;1745658628;89.766;96.52;90.373;107.888;
1900-01-01 19:10:29;803.0;1745658629;89.766;96.398;90.318;107.868;
1900-01-01 19:10:30;804.0;1745658630;89.761;96.442;90.318;107.868;
1900-01-01 19:10:31;805.0;1745658631;89.861;96.442;90.236;107.88;
1900-01-01 19:10:32;806.0;1745658632;89.861;96.389;90.136;107.952;
1900-01-01 19:10:33;807.0;1745658633;89.856;96.424;90.136;107.952;
1900-01-01 19:10:34;808.0;1745658634;89.84;96.424;89.958;107.988;
1900-01-01 19:10:35;809.0;1745658635;89.84;96.419;89.932;107.907;
1900-01-01 19:10:36;810.0;1745658636;89.675;96.415;89.978;107.907;
1900-01-01 19:10:37;811.0;1745658637;89.688;96.415;89.978;107.842;
1900-01-01 19:10:38;812.0;1745658638;89.688;96.367;89.996;107.921;
1900-01-01 19:10:39;813.0;1745658639;89.742;96.338;89.996;107.921;
1900-01-01 19:10:40;814.0;1745658640;89.704;96.338;90.063;107.929;
1900-01-01 19:10:41;815.0;1745658641;89.704;96.364;90.125;107.914;
1900-01-01 19:10:42;816.0;1745658642;89.758;96.326;90.125;107.914;
1900-01-01 19:10:43;817.0;1745658643;89.758;96.326;90.136;107.973;
1900-01-01 19:10:44;818.0;1745658644;89.705;96.376;90.201;107.973;
1900-01-01 19:10:45;819.0;1745658645;89.765;96.426;90.201;107.975;
1900-01-01 19:10:46;820.0;1745658646;89.736;96.426;90.236;107.991;
1900-01-01 19:10:47;821.0;1745658647;89.736;96.333;90.266;107.991;
1900-01-01 19:10:48;822.0;1745658648;89.743;96.219;90.266;107.885;
1900-01-01 19:10:49;823.0;1745658649;89.743;96.219;90.229;107.966;
1900-01-01 19:10:50;824.0;1745658650;89.717;96.307;90.164;107.966;
1900-01-01 19:10:51;825.0;1745658651;89.761;96.307;90.164;107.947;
1900-01-01 19:10:52;826.0;1745658652;89.761;96.261;90.209;107.895;
1900-01-01 19:10:53;827.0;1745658653;89.792;96.282;90.094;107.895;
1900-01-01 19:10:54;828.0;1745658654;89.648;96.282;90.094;107.942;
1900-01-01 19:10:55;829.0;1745658655;89.648;96.331;90.176;107.831;
1900-01-01 19:10:56;830.0;1745658656;89.678;96.323;90.101;107.831;
1900-01-01 19:10:57;831.0;1745658657;89.686;96.323;90.101;107.893;
1900-01-01 19:10:58;832.0;1745658658;89.686;96.261;90.111;107.888;
1900-01-01 19:10:59;833.0;1745658659;89.68;96.216;90.111;107.888;
1900-01-01 19:11:00;834.0;1745658660;89.68;96.216;90.005;107.889;
1900-01-01 19:11:01;835.0;1745658661;89.542;96.294;89.942;107.858;
1900-01-01 19:11:02;836.0;1745658662;89.537;96.177;89.942;107.858;
1900-01-01 19:11:03;837.0;1745658663;89.537;96.177;89.907;107.911;
1900-01-01 19:11:04;838.0;1745658664;89.497;96.322;89.986;107.911;
1900-01-01 19:11:05;839.0;1745658665;89.478;96.177;89.986;107.873;
1900-01-01 19:11:06;840.0;1745658666;89.514;96.177;89.93;107.841;
1900-01-01 19:11:07;841.0;1745658667;89.514;96.261;89.974;107.841;
1900-01-01 19:11:08;842.0;1745658668;89.479;96.332;89.974;107.957;
1900-01-01 19:11:10;843.0;1745658670;89.437;96.332;89.898;107.867;
1900-01-01 19:11:10;844.0;1745658670;89.437;96.233;89.898;107.867;
1900-01-01 19:11:11;845.0;1745658671;89.513;96.183;89.898;107.945;
1900-01-01 19:11:12;846.0;1745658672;89.513;96.183;89.943;107.87;
1900-01-01 19:11:13;847.0;1745658673;89.452;96.216;89.973;107.87;
1900-01-01 19:11:14;848.0;1745658674;89.448;96.216;89.973;107.976;
1900-01-01 19:11:15;849.0;1745658675;89.448;96.156;89.994;107.923;
1900-01-01 19:11:16;850.0;1745658676;89.441;96.135;89.989;107.923;
1900-01-01 19:11:17;851.0;1745658677;89.407;96.135;89.989;107.878;
1900-01-01 19:11:18;852.0;1745658678;89.407;96.203;90.026;107.88;
1900-01-01 19:11:19;853.0;1745658679;89.382;96.248;89.95;107.88;
1900-01-01 19:11:20;854.0;1745658680;89.407;96.248;89.95;107.724;
1900-01-01 19:11:21;855.0;1745658681;89.407;96.153;89.959;107.873;
1900-01-01 19:11:22;856.0;1745658682;89.391;96.147;90.031;107.873;
1900-01-01 19:11:23;857.0;1745658683;89.342;96.147;90.031;107.858;
1900-01-01 19:11:24;858.0;1745658684;89.342;96.19;90.09;107.933;
1900-01-01 19:11:25;859.0;1745658685;89.385;96.044;90.09;107.933;
1900-01-01 19:11:27;860.0;1745658687;89.379;96.044;90.012;107.892;
1900-01-01 19:11:27;861.0;1745658687;89.379;96.062;90.068;107.856;
1900-01-01 19:11:28;862.0;1745658688;89.334;95.997;90.068;107.856;
1900-01-01 19:11:29;863.0;1745658689;89.334;95.997;89.998;107.902;
1900-01-01 19:11:30;864.0;1745658690;89.369;96.06;89.982;107.902;
1900-01-01 19:11:31;865.0;1745658691;89.318;96.017;89.982;107.927;
1900-01-01 19:11:32;866.0;1745658692;89.319;96.017;89.973;107.919;
1900-01-01 19:11:33;867.0;1745658693;89.319;95.973;89.934;107.919;
1900-01-01 19:11:34;868.0;1745658694;89.3;95.982;89.934;107.933;
1900-01-01 19:11:36;869.0;1745658696;89.3;95.982;89.76;107.865;
1900-01-01 19:11:36;870.0;1745658696;89.244;96.041;89.665;107.865;
1900-01-01 19:11:37;871.0;1745658697;89.232;96.033;89.665;107.912;
1900-01-01 19:11:38;872.0;1745658698;89.232;96.033;89.623;107.933;
1900-01-01 19:11:39;873.0;1745658699;89.148;95.928;89.496;107.933;
1900-01-01 19:11:40;874.0;1745658700;89.195;95.928;89.496;107.964;
1900-01-01 19:11:41;875.0;1745658701;89.195;95.951;89.483;107.851;
1900-01-01 19:11:42;876.0;1745658702;89.029;95.941;89.574;107.851;
1900-01-01 19:11:44;877.0;1745658704;88.995;95.941;89.574;107.895;
1900-01-01 19:11:44;878.0;1745658704;88.995;95.94;89.582;107.843;
1900-01-01 19:11:45;879.0;1745658705;89.01;95.892;89.582;107.843;
1900-01-01 19:11:46;880.0;1745658706;88.887;95.892;89.659;107.857;
1900-01-01 19:11:47;881.0;1745658707;88.887;95.884;89.671;107.857;
1900-01-01 19:11:48;882.0;1745658708;88.813;95.933;89.671;107.859;
1900-01-01 19:11:49;883.0;1745658709;88.867;95.933;89.659;107.949;
1900-01-01 19:11:50;884.0;1745658710;88.867;95.829;89.614;107.885;
1900-01-01 19:11:51;885.0;1745658711;88.8;95.824;89.614;107.885;
1900-01-01 19:11:52;886.0;1745658712;88.8;95.824;89.595;107.953;
1900-01-01 19:11:53;887.0;1745658713;88.882;95.874;89.531;107.825;
1900-01-01 19:11:54;888.0;1745658714;88.842;95.874;89.531;107.825;
1900-01-01 19:11:55;889.0;1745658715;88.842;95.817;89.659;107.929;
1900-01-01 19:11:56;890.0;1745658716;88.889;95.746;89.633;107.929;
1900-01-01 19:11:57;891.0;1745658717;88.959;95.746;89.633;107.851;
1900-01-01 19:11:58;892.0;1745658718;88.959;95.755;89.655;107.886;
1900-01-01 19:11:59;893.0;1745658719;88.996;95.778;89.562;107.886;
1900-01-01 19:12:00;894.0;1745658720;88.992;95.778;89.562;107.904;
1900-01-01 19:12:01;895.0;1745658721;88.992;95.767;89.624;107.86;
1900-01-01 19:12:02;896.0;1745658722;88.96;95.726;89.635;107.86;
1900-01-01 19:12:03;897.0;1745658723;88.921;95.726;89.635;107.953;
1900-01-01 19:12:04;898.0;1745658724;88.921;95.772;89.617;107.931;
1900-01-01 19:12:05;899.0;1745658725;88.826;95.721;89.617;107.931;
1900-01-01 19:12:06;900.0;1745658726;88.888;95.721;89.562;107.913;
1900-01-01 19:12:07;901.0;1745658727;88.888;95.757;89.418;107.913;
1900-01-01 19:12:08;902.0;1745658728;88.86;95.777;89.418;107.913;
1900-01-01 19:12:09;903.0;1745658729;88.815;95.777;89.4;107.951;
1900-01-01 19:12:10;904.0;1745658730;88.815;95.791;89.442;107.951;
1900-01-01 19:12:11;905.0;1745658731;88.804;95.767;89.442;107.978;
1900-01-01 19:12:13;906.0;1745658733;88.789;95.767;89.463;107.88;
1900-01-01 19:12:13;907.0;1745658733;88.789;95.794;89.469;107.88;
1900-01-01 19:12:14;908.0;1745658734;88.792;95.845;89.469;107.886;
1900-01-01 19:12:15;909.0;1745658735;88.792;95.845;89.447;107.791;
1900-01-01 19:12:16;910.0;1745658736;88.709;95.793;89.534;107.791;
1900-01-01 19:12:17;911.0;1745658737;88.608;95.745;89.534;107.913;
1900-01-01 19:12:18;912.0;1745658738;88.608;95.745;89.46;107.866;
1900-01-01 19:12:19;913.0;1745658739;88.561;95.735;89.451;107.866;
1900-01-01 19:12:20;914.0;1745658740;88.558;95.657;89.451;107.942;
1900-01-01 19:12:21;915.0;1745658741;88.558;95.657;89.46;107.91;
1900-01-01 19:12:22;916.0;1745658742;88.573;95.677;89.415;107.91;
1900-01-01 19:12:23;917.0;1745658743;88.573;95.677;89.415;107.884;
1900-01-01 19:12:24;918.0;1745658744;88.573;95.788;89.387;107.874;
1900-01-01 19:12:25;919.0;1745658745;88.627;95.735;89.424;107.874;
1900-01-01 19:12:26;920.0;1745658746;88.572;95.735;89.424;107.899;
1900-01-01 19:12:27;921.0;1745658747;88.572;95.663;89.43;107.981;
1900-01-01 19:12:28;922.0;1745658748;88.502;95.728;89.491;107.981;
1900-01-01 19:12:29;923.0;1745658749;88.561;95.561;89.491;107.957;
1900-01-01 19:12:30;924.0;1745658750;88.561;95.561;89.453;107.939;
1900-01-01 19:12:31;925.0;1745658751;88.505;95.655;89.479;107.939;
1900-01-01 19:12:32;926.0;1745658752;88.545;95.655;89.479;107.947;
1900-01-01 19:12:33;927.0;1745658753;88.545;95.719;89.525;107.976;
1900-01-01 19:12:34;928.0;1745658754;88.532;95.685;89.525;107.976;
1900-01-01 19:12:35;929.0;1745658755;88.598;95.685;89.497;108.02;
1900-01-01 19:12:36;930.0;1745658756;88.598;95.582;89.546;107.936;
1900-01-01 19:12:37;931.0;1745658757;88.629;95.675;89.546;107.936;
1900-01-01 19:12:39;932.0;1745658759;88.604;95.675;89.423;107.899;
1900-01-01 19:12:39;933.0;1745658759;88.604;95.606;89.319;107.875;
1900-01-01 19:12:40;934.0;1745658760;88.621;95.57;89.319;107.875;
1900-01-01 19:12:41;935.0;1745658761;88.621;95.57;89.256;107.889;
1900-01-01 19:12:42;936.0;1745658762;88.664;95.61;89.147;107.889;
1900-01-01 19:12:43;937.0;1745658763;88.71;95.495;89.147;107.814;
1900-01-01 19:12:44;938.0;1745658764;88.71;95.495;89.185;107.916;
1900-01-01 19:12:45;939.0;1745658765;88.653;95.597;89.175;107.916;
1900-01-01 19:12:47;940.0;1745658767;88.676;95.517;89.175;107.835;
1900-01-01 19:12:47;941.0;1745658767;88.676;95.517;89.064;107.894;
1900-01-01 19:12:48;942.0;1745658768;88.643;95.599;89.097;107.894;
1900-01-01 19:12:49;943.0;1745658769;88.626;95.559;89.097;107.785;
1900-01-01 19:12:50;944.0;1745658770;88.626;95.559;89.222;107.866;
1900-01-01 19:12:51;945.0;1745658771;88.564;95.513;89.212;107.866;
1900-01-01 19:12:52;946.0;1745658772;88.507;95.513;89.212;107.876;
1900-01-01 19:12:53;947.0;1745658773;88.507;95.569;89.168;107.888;
1900-01-01 19:12:54;948.0;1745658774;88.432;95.474;89.168;107.888;
1900-01-01 19:12:55;949.0;1745658775;88.341;95.474;89.149;107.848;
1900-01-01 19:12:56;950.0;1745658776;88.341;95.495;89.076;107.901;
1900-01-01 19:12:57;951.0;1745658777;88.329;95.438;89.076;107.901;
1900-01-01 19:12:58;952.0;1745658778;88.307;95.438;89.157;107.838;
1900-01-01 19:12:59;953.0;1745658779;88.307;95.409;89.182;107.876;
1900-01-01 19:13:00;954.0;1745658780;88.246;95.47;89.211;107.876;
1900-01-01 19:13:01;955.0;1745658781;88.246;95.47;89.211;107.869;
1900-01-01 19:13:02;956.0;1745658782;88.172;95.422;89.142;107.869;
1900-01-01 19:13:03;957.0;1745658783;88.232;95.403;89.142;107.825;
1900-01-01 19:13:04;958.0;1745658784;88.235;95.403;89.124;107.787;
1900-01-01 19:13:05;959.0;1745658785;88.235;95.471;89.097;107.787;
1900-01-01 19:13:06;960.0;1745658786;88.304;95.487;89.097;107.78;
1900-01-01 19:13:07;961.0;1745658787;88.304;95.487;89.177;107.899;
1900-01-01 19:13:08;962.0;1745658788;88.225;95.433;89.145;107.815;
1900-01-01 19:13:09;963.0;1745658789;88.225;95.523;89.145;107.815;
1900-01-01 19:13:10;964.0;1745658790;88.225;95.523;89.115;107.838;
1900-01-01 19:13:11;965.0;1745658791;88.248;95.435;89.063;107.838;
1900-01-01 19:13:12;966.0;1745658792;88.231;95.416;89.063;107.831;
1900-01-01 19:13:13;967.0;1745658793;88.231;95.416;88.993;107.859;
1900-01-01 19:13:14;968.0;1745658794;88.229;95.437;89.044;107.859;
1900-01-01 19:13:15;969.0;1745658795;88.252;95.443;89.044;107.849;
1900-01-01 19:13:16;970.0;1745658796;88.252;95.443;88.994;107.83;
1900-01-01 19:13:17;971.0;1745658797;88.296;95.369;88.895;107.83;
1900-01-01 19:13:18;972.0;1745658798;88.226;95.391;88.895;107.831;
1900-01-01 19:13:19;973.0;1745658799;88.226;95.391;88.916;107.855;
1900-01-01 19:13:20;974.0;1745658800;88.238;95.454;88.986;107.855;
1900-01-01 19:13:21;975.0;1745658801;88.231;95.454;88.986;107.807;
1900-01-01 19:13:22;976.0;1745658802;88.231;95.369;89.024;107.862;
1900-01-01 19:13:23;977.0;1745658803;88.267;95.338;89.082;107.862;
1900-01-01 19:13:24;978.0;1745658804;88.25;95.338;89.082;107.894;
1900-01-01 19:13:25;979.0;1745658805;88.25;95.361;89.085;107.795;
1900-01-01 19:13:26;980.0;1745658806;88.218;95.37;89.069;107.795;
1900-01-01 19:13:28;981.0;1745658808;88.275;95.37;89.069;107.943;
1900-01-01 19:13:28;982.0;1745658808;88.275;95.324;89.065;107.862;
1900-01-01 19:13:29;983.0;1745658809;88.195;95.364;89.065;107.862;
1900-01-01 19:13:30;984.0;1745658810;88.167;95.364;89.027;107.859;
1900-01-01 19:13:31;985.0;1745658811;88.167;95.311;88.95;107.859;
1900-01-01 19:13:32;986.0;1745658812;88.146;95.269;88.95;107.799;
1900-01-01 19:13:33;987.0;1745658813;88.134;95.269;89.004;107.827;
1900-01-01 19:13:34;988.0;1745658814;88.134;95.23;88.927;107.816;
1900-01-01 19:13:35;989.0;1745658815;88.087;95.237;88.927;107.816;
1900-01-01 19:13:36;990.0;1745658816;88.087;95.237;88.903;107.89;
1900-01-01 19:13:37;991.0;1745658817;88.02;95.208;88.884;107.969;
1900-01-01 19:13:38;992.0;1745658818;88.097;95.184;88.884;107.969;
1900-01-01 19:13:40;993.0;1745658820;88.115;95.184;88.939;107.905;
1900-01-01 19:13:40;994.0;1745658820;88.115;95.292;88.917;107.905;
1900-01-01 19:13:41;995.0;1745658821;88.023;95.178;88.917;107.875;
1900-01-01 19:13:42;996.0;1745658822;88.023;95.178;88.824;107.9;
1900-01-01 19:13:43;997.0;1745658823;88.053;95.23;88.665;107.9;
1900-01-01 19:13:45;998.0;1745658825;87.997;95.112;88.665;107.862;
1900-01-01 19:13:45;999.0;1745658825;87.997;95.112;88.648;107.843;
1900-01-01 19:13:46;1000.0;1745658826;87.899;95.216;88.696;107.843;
1900-01-01 19:13:47;1001.0;1745658827;87.983;95.185;88.696;107.786;
1900-01-01 19:13:48;1002.0;1745658828;87.983;95.185;88.748;107.86;
1900-01-01 19:13:49;1003.0;1745658829;87.919;95.249;88.683;107.86;
1900-01-01 19:13:50;1004.0;1745658830;87.807;95.249;88.683;107.959;
1900-01-01 19:13:51;1005.0;1745658831;87.807;95.214;88.676;107.915;
1900-01-01 19:13:52;1006.0;1745658832;87.876;95.214;88.676;107.915;
1900-01-01 19:13:54;1007.0;1745658834;87.876;95.214;88.813;107.86;
1900-01-01 19:13:54;1008.0;1745658834;87.876;95.124;88.859;107.93;
1900-01-01 19:13:55;1009.0;1745658835;87.82;95.09;88.859;107.93;
1900-01-01 19:13:57;1010.0;1745658837;87.781;95.09;88.823;107.749;
1900-01-01 19:13:57;1011.0;1745658837;87.781;95.068;88.868;107.859;
1900-01-01 19:13:58;1012.0;1745658838;87.843;95.16;88.868;107.859;
1900-01-01 19:13:59;1013.0;1745658839;87.843;95.16;88.895;107.811;
1900-01-01 19:14:00;1014.0;1745658840;87.81;95.133;88.846;107.811;
1900-01-01 19:14:02;1015.0;1745658842;87.781;95.094;88.846;107.931;
1900-01-01 19:14:02;1016.0;1745658842;87.781;95.094;88.811;107.815;
1900-01-01 19:14:03;1017.0;1745658843;87.767;95.082;88.715;107.815;
1900-01-01 19:14:04;1018.0;1745658844;87.732;94.999;88.715;107.874;
1900-01-01 19:14:05;1019.0;1745658845;87.732;94.999;88.622;107.937;
1900-01-01 19:14:06;1020.0;1745658846;87.661;95.096;88.525;107.937;
1900-01-01 19:14:07;1021.0;1745658847;87.771;95.096;88.525;107.838;
1900-01-01 19:14:08;1022.0;1745658848;87.771;95.016;88.501;107.727;
1900-01-01 19:14:09;1023.0;1745658849;87.646;94.964;88.45;107.727;
1900-01-01 19:14:10;1024.0;1745658850;87.633;94.964;88.45;107.805;
1900-01-01 19:14:11;1025.0;1745658851;87.633;95.031;88.365;107.844;
1900-01-01 19:14:12;1026.0;1745658852;87.572;95.025;88.519;107.844;
1900-01-01 19:14:13;1027.0;1745658853;87.594;95.025;88.519;107.887;
1900-01-01 19:14:14;1028.0;1745658854;87.594;95.083;88.542;107.842;
1900-01-01 19:14:15;1029.0;1745658855;87.576;95.094;88.54;107.842;
1900-01-01 19:14:16;1030.0;1745658856;87.526;95.094;88.54;107.855;
1900-01-01 19:14:17;1031.0;1745658857;87.526;94.974;88.58;107.823;
1900-01-01 19:14:18;1032.0;1745658858;87.444;94.963;88.598;107.823;
1900-01-01 19:14:19;1033.0;1745658859;87.49;94.968;88.598;107.901;
1900-01-01 19:14:20;1034.0;1745658860;87.49;94.968;88.572;107.776;
1900-01-01 19:14:21;1035.0;1745658861;87.431;94.968;88.564;107.776;
1900-01-01 19:14:22;1036.0;1745658862;87.429;94.968;88.564;107.898;
1900-01-01 19:14:23;1037.0;1745658863;87.429;94.989;88.526;107.729;
1900-01-01 19:14:24;1038.0;1745658864;87.431;94.866;88.508;107.729;
1900-01-01 19:14:25;1039.0;1745658865;87.391;94.866;88.508;107.874;
1900-01-01 19:14:26;1040.0;1745658866;87.391;94.888;88.545;107.785;
1900-01-01 19:14:27;1041.0;1745658867;87.413;94.94;88.652;107.785;
1900-01-01 19:14:28;1042.0;1745658868;87.372;94.94;88.652;107.87;
1900-01-01 19:14:29;1043.0;1745658869;87.372;94.96;88.597;107.907;
1900-01-01 19:14:30;1044.0;1745658870;87.322;94.923;88.608;107.907;
1900-01-01 19:14:31;1045.0;1745658871;87.31;94.923;88.608;107.834;
1900-01-01 19:14:32;1046.0;1745658872;87.31;94.935;88.584;107.873;
1900-01-01 19:14:33;1047.0;1745658873;87.333;94.894;88.584;107.873;
1900-01-01 19:14:34;1048.0;1745658874;87.245;94.894;88.534;107.864;
1900-01-01 19:14:35;1049.0;1745658875;87.245;94.847;88.539;107.864;
1900-01-01 19:14:36;1050.0;1745658876;87.229;94.846;88.539;107.808;
1900-01-01 19:14:37;1051.0;1745658877;87.197;94.846;88.506;107.861;
1900-01-01 19:14:38;1052.0;1745658878;87.197;94.829;88.537;107.8;
1900-01-01 19:14:39;1053.0;1745658879;87.197;94.843;88.537;107.8;
1900-01-01 19:14:41;1054.0;1745658881;87.154;94.843;88.425;107.835;
1900-01-01 19:14:41;1055.0;1745658881;87.154;94.88;88.488;107.835;
1900-01-01 19:14:42;1056.0;1745658882;87.201;94.72;88.488;107.795;
1900-01-01 19:14:44;1057.0;1745658884;87.105;94.72;88.466;107.823;
1900-01-01 19:14:44;1058.0;1745658884;87.105;94.818;88.36;107.823;
1900-01-01 19:14:45;1059.0;1745658885;87.061;94.796;88.36;107.839;
1900-01-01 19:14:46;1060.0;1745658886;87.061;94.796;88.385;107.756;
1900-01-01 19:14:47;1061.0;1745658887;87.138;94.733;88.372;107.756;
1900-01-01 19:14:49;1062.0;1745658889;87.054;94.737;88.372;107.796;
1900-01-01 19:14:49;1063.0;1745658889;87.054;94.737;88.36;107.8;
1900-01-01 19:14:50;1064.0;1745658890;87.066;94.736;88.421;107.8;
1900-01-01 19:14:51;1065.0;1745658891;87.001;94.736;88.421;107.807;
1900-01-01 19:14:52;1066.0;1745658892;87.001;94.731;88.386;107.855;
1900-01-01 19:14:54;1067.0;1745658894;86.995;94.685;88.256;107.855;
1900-01-01 19:14:54;1068.0;1745658894;86.882;94.685;88.256;107.839;
1900-01-01 19:14:55;1069.0;1745658895;86.882;94.71;88.193;107.789;
1900-01-01 19:14:56;1070.0;1745658896;86.878;94.654;88.264;107.789;
1900-01-01 19:14:57;1071.0;1745658897;86.83;94.654;88.264;107.818;
1900-01-01 19:14:58;1072.0;1745658898;86.83;94.638;88.194;107.762;
1900-01-01 19:14:59;1073.0;1745658899;86.753;94.638;88.194;107.762;
1900-01-01 19:15:00;1074.0;1745658900;86.719;94.638;88.163;107.77;
1900-01-01 19:15:01;1075.0;1745658901;86.719;94.701;88.149;107.792;
1900-01-01 19:15:02;1076.0;1745658902;86.643;94.625;88.149;107.792;
1900-01-01 19:15:03;1077.0;1745658903;86.643;94.625;88.226;107.769;
1900-01-01 19:15:04;1078.0;1745658904;86.685;94.665;88.139;107.739;
1900-01-01 19:15:06;1079.0;1745658906;86.672;94.564;88.139;107.739;
1900-01-01 19:15:06;1080.0;1745658906;86.672;94.564;88.19;107.771;
1900-01-01 19:15:07;1081.0;1745658907;86.631;94.606;88.237;107.771;
1900-01-01 19:15:08;1082.0;1745658908;86.612;94.703;88.237;107.775;
1900-01-01 19:15:09;1083.0;1745658909;86.566;94.703;88.254;107.84;
1900-01-01 19:15:10;1084.0;1745658910;86.566;94.613;88.313;107.84;
1900-01-01 19:15:11;1085.0;1745658911;86.623;94.554;88.313;107.84;
1900-01-01 19:15:12;1086.0;1745658912;86.623;94.554;88.276;107.834;
1900-01-01 19:15:13;1087.0;1745658913;86.656;94.58;88.275;107.834;
1900-01-01 19:15:14;1088.0;1745658914;86.677;94.58;88.275;107.879;
1900-01-01 19:15:15;1089.0;1745658915;86.677;94.547;88.182;107.868;
1900-01-01 19:15:16;1090.0;1745658916;86.581;94.588;88.152;107.868;
1900-01-01 19:15:18;1091.0;1745658918;86.601;94.615;88.152;107.909;
1900-01-01 19:15:18;1092.0;1745658918;86.601;94.615;88.056;107.833;
1900-01-01 19:15:19;1093.0;1745658919;86.547;94.536;88.024;107.833;
1900-01-01 19:15:21;1094.0;1745658921;86.561;94.578;88.024;107.877;
1900-01-01 19:15:21;1095.0;1745658921;86.561;94.578;88.017;107.908;
1900-01-01 19:15:22;1096.0;1745658922;86.566;94.613;87.981;107.908;
1900-01-01 19:15:23;1097.0;1745658923;86.602;94.613;87.981;107.896;
1900-01-01 19:15:24;1098.0;1745658924;86.602;94.572;87.979;107.842;
1900-01-01 19:15:25;1099.0;1745658925;86.6;94.574;87.979;107.842;
1900-01-01 19:15:26;1100.0;1745658926;86.477;94.574;87.938;107.846;
1900-01-01 19:15:28;1101.0;1745658928;86.477;94.554;87.96;107.735;
1900-01-01 19:15:28;1102.0;1745658928;86.484;94.546;87.96;107.735;
1900-01-01 19:15:29;1103.0;1745658929;86.391;94.546;88.001;107.816;
1900-01-01 19:15:30;1104.0;1745658930;86.391;94.507;88.045;107.853;
1900-01-01 19:15:31;1105.0;1745658931;86.345;94.534;88.045;107.853;
1900-01-01 19:15:32;1106.0;1745658932;86.345;94.534;88.071;107.75;
1900-01-01 19:15:33;1107.0;1745658933;86.382;94.465;88.015;107.75;
1900-01-01 19:15:34;1108.0;1745658934;86.288;94.544;88.015;107.75;
1900-01-01 19:15:35;1109.0;1745658935;86.288;94.544;87.954;107.813;
1900-01-01 19:15:36;1110.0;1745658936;86.213;94.48;87.937;107.813;
1900-01-01 19:15:37;1111.0;1745658937;86.105;94.474;87.937;107.826;
1900-01-01 19:15:38;1112.0;1745658938;86.105;94.474;87.839;107.826;
1900-01-01 19:15:39;1113.0;1745658939;86.164;94.529;87.821;107.826;
1900-01-01 19:15:40;1114.0;1745658940;86.046;94.471;87.821;107.865;
1900-01-01 19:15:41;1115.0;1745658941;86.046;94.471;87.875;107.74;
1900-01-01 19:15:42;1116.0;1745658942;86.041;94.462;87.879;107.74;
1900-01-01 19:15:43;1117.0;1745658943;85.927;94.376;87.879;107.773;
1900-01-01 19:15:44;1118.0;1745658944;85.927;94.376;87.948;107.831;
1900-01-01 19:15:45;1119.0;1745658945;85.891;94.393;87.954;107.831;
1900-01-01 19:15:46;1120.0;1745658946;85.818;94.393;87.954;107.784;
1900-01-01 19:15:47;1121.0;1745658947;85.818;94.396;87.928;107.784;
1900-01-01 19:15:48;1122.0;1745658948;85.689;94.33;87.733;107.784;
1900-01-01 19:15:49;1123.0;1745658949;85.745;94.33;87.733;107.735;
1900-01-01 19:15:50;1124.0;1745658950;85.745;94.309;87.645;107.722;
1900-01-01 19:15:51;1125.0;1745658951;85.696;94.378;87.645;107.722;
1900-01-01 19:15:52;1126.0;1745658952;85.681;94.378;87.57;107.878;
1900-01-01 19:15:53;1127.0;1745658953;85.681;94.335;87.57;107.815;
1900-01-01 19:15:54;1128.0;1745658954;85.749;94.389;87.57;107.815;
1900-01-01 19:15:55;1129.0;1745658955;85.781;94.389;87.505;107.743;
1900-01-01 19:15:56;1130.0;1745658956;85.781;94.387;87.475;107.743;
1900-01-01 19:15:57;1131.0;1745658957;85.744;94.309;87.475;107.818;
1900-01-01 19:15:59;1132.0;1745658959;85.829;94.309;87.562;107.889;
1900-01-01 19:15:59;1133.0;1745658959;85.829;94.394;87.614;107.889;
1900-01-01 19:16:00;1134.0;1745658960;85.74;94.343;87.614;107.841;
1900-01-01 19:16:01;1135.0;1745658961;85.74;94.343;87.615;107.836;
1900-01-01 19:16:02;1136.0;1745658962;85.807;94.374;87.532;107.836;
1900-01-01 19:16:03;1137.0;1745658963;85.75;94.304;87.532;107.879;
1900-01-01 19:16:04;1138.0;1745658964;85.75;94.304;87.524;107.751;
1900-01-01 19:16:05;1139.0;1745658965;85.724;94.237;87.422;107.751;
1900-01-01 19:16:06;1140.0;1745658966;85.697;94.237;87.422;107.794;
1900-01-01 19:16:07;1141.0;1745658967;85.697;94.313;87.448;107.806;
1900-01-01 19:16:08;1142.0;1745658968;85.619;94.334;87.371;107.806;
1900-01-01 19:16:09;1143.0;1745658969;85.647;94.334;87.371;107.761;
1900-01-01 19:16:10;1144.0;1745658970;85.647;94.189;87.421;107.807;
1900-01-01 19:16:11;1145.0;1745658971;85.696;94.283;87.469;107.807;
1900-01-01 19:16:12;1146.0;1745658972;85.696;94.283;87.469;107.733;
1900-01-01 19:16:13;1147.0;1745658973;85.689;94.306;87.405;107.802;
1900-01-01 19:16:14;1148.0;1745658974;85.645;94.293;87.405;107.802;
1900-01-01 19:16:15;1149.0;1745658975;85.645;94.293;87.448;107.803;
1900-01-01 19:16:16;1150.0;1745658976;85.596;94.306;87.487;107.787;
1900-01-01 19:16:17;1151.0;1745658977;85.575;94.306;87.487;107.787;
1900-01-01 19:16:18;1152.0;1745658978;85.575;94.286;87.576;107.831;
1900-01-01 19:16:19;1153.0;1745658979;85.536;94.176;87.536;107.831;
1900-01-01 19:16:21;1154.0;1745658981;85.577;94.303;87.536;107.804;
1900-01-01 19:16:21;1155.0;1745658981;85.577;94.303;87.658;107.773;
1900-01-01 19:16:22;1156.0;1745658982;85.542;94.212;87.564;107.773;
1900-01-01 19:16:23;1157.0;1745658983;85.549;94.201;87.564;107.924;
1900-01-01 19:16:24;1158.0;1745658984;85.549;94.201;87.517;107.796;
1900-01-01 19:16:25;1159.0;1745658985;85.579;94.171;87.389;107.796;
1900-01-01 19:16:26;1160.0;1745658986;85.494;94.171;87.389;107.792;
1900-01-01 19:16:27;1161.0;1745658987;85.494;94.202;87.297;107.813;
1900-01-01 19:16:28;1162.0;1745658988;85.49;94.102;87.344;107.813;
1900-01-01 19:16:29;1163.0;1745658989;85.469;94.102;87.344;107.85;
1900-01-01 19:16:30;1164.0;1745658990;85.469;94.077;87.347;107.852;
1900-01-01 19:16:31;1165.0;1745658991;85.484;94.134;87.347;107.852;
1900-01-01 19:16:32;1166.0;1745658992;85.422;94.134;87.435;107.855;
1900-01-01 19:16:33;1167.0;1745658993;85.422;94.067;87.348;107.821;
1900-01-01 19:16:34;1168.0;1745658994;85.425;94.072;87.348;107.821;
1900-01-01 19:16:35;1169.0;1745658995;85.406;94.072;87.363;107.866;
1900-01-01 19:16:36;1170.0;1745658996;85.406;94.027;87.339;107.747;
1900-01-01 19:16:37;1171.0;1745658997;85.307;94.052;87.339;107.747;
1900-01-01 19:16:38;1172.0;1745658998;85.337;94.052;87.322;107.772;
1900-01-01 19:16:39;1173.0;1745658999;85.337;94.034;87.395;107.772;
1900-01-01 19:16:40;1174.0;1745659000;85.333;94.106;87.395;107.823;
1900-01-01 19:16:41;1175.0;1745659001;85.302;94.106;87.47;107.786;
1900-01-01 19:16:42;1176.0;1745659002;85.302;94.089;87.465;107.786;
1900-01-01 19:16:43;1177.0;1745659003;85.29;93.982;87.465;107.749;
1900-01-01 19:16:44;1178.0;1745659004;85.29;93.982;87.449;107.805;
1900-01-01 19:16:45;1179.0;1745659005;85.254;93.974;87.435;107.805;
1900-01-01 19:16:46;1180.0;1745659006;85.154;93.974;87.435;107.74;
1900-01-01 19:16:47;1181.0;1745659007;85.154;93.972;87.413;107.726;
1900-01-01 19:16:48;1182.0;1745659008;85.108;93.934;87.252;107.726;
1900-01-01 19:16:49;1183.0;1745659009;85.047;93.934;87.252;107.816;
1900-01-01 19:16:50;1184.0;1745659010;85.047;93.901;87.221;107.821;
1900-01-01 19:16:51;1185.0;1745659011;84.981;93.898;87.156;107.821;
1900-01-01 19:16:52;1186.0;1745659012;84.905;93.898;87.156;107.813;
1900-01-01 19:16:53;1187.0;1745659013;84.905;93.967;87.157;107.711;
1900-01-01 19:16:54;1188.0;1745659014;84.841;93.911;87.157;107.711;
1900-01-01 19:16:55;1189.0;1745659015;84.862;93.911;87.245;107.799;
1900-01-01 19:16:56;1190.0;1745659016;84.862;93.73;87.263;107.757;
1900-01-01 19:16:57;1191.0;1745659017;84.901;93.796;87.263;107.757;
1900-01-01 19:16:58;1192.0;1745659018;84.833;93.796;87.331;107.745;
1900-01-01 19:16:59;1193.0;1745659019;84.833;93.828;87.317;107.818;
1900-01-01 19:17:00;1194.0;1745659020;84.848;93.889;87.355;107.818;
1900-01-01 19:17:01;1195.0;1745659021;84.848;93.889;87.355;107.731;
1900-01-01 19:17:02;1196.0;1745659022;84.805;93.874;87.263;107.881;
1900-01-01 19:17:03;1197.0;1745659023;84.743;93.837;87.263;107.881;
1900-01-01 19:17:05;1198.0;1745659025;84.765;93.837;87.203;107.773;
1900-01-01 19:17:05;1199.0;1745659025;84.765;93.794;87.113;107.773;
1900-01-01 19:17:06;1200.0;1745659026;84.775;93.803;87.113;107.801;
