Time;Seconds from start for linreg;Unix Time;ch1 po2;ch2 po2;ch3 po2;ch4 po2;
1900-01-01 04:32:08;1.0;1745692328;100.553;102.05;96.838;102.036;
1900-01-01 04:32:09;2.0;1745692329;100.618;102.178;96.815;102.036;
1900-01-01 04:32:10;3.0;1745692330;100.617;102.178;96.815;102.1;
1900-01-01 04:32:11;4.0;1745692331;100.617;102.167;96.826;102.05;
1900-01-01 04:32:12;5.0;1745692332;100.665;102.089;96.826;102.05;
1900-01-01 04:32:13;6.0;1745692333;100.637;102.089;96.796;102.022;
1900-01-01 04:32:14;7.0;1745692334;100.637;102.135;96.821;102.131;
1900-01-01 04:32:16;8.0;1745692336;100.651;102.298;96.861;102.131;
1900-01-01 04:32:16;9.0;1745692336;100.637;102.298;96.861;102.043;
1900-01-01 04:32:17;10.0;1745692337;100.637;102.208;96.797;102.081;
1900-01-01 04:32:19;11.0;1745692339;100.628;102.287;96.741;102.081;
1900-01-01 04:32:19;12.0;1745692339;100.628;102.287;96.741;102.05;
1900-01-01 04:32:20;13.0;1745692340;100.624;102.208;96.647;102.112;
1900-01-01 04:32:21;14.0;1745692341;100.646;102.274;96.647;102.112;
1900-01-01 04:32:22;15.0;1745692342;100.646;102.274;96.607;102.026;
1900-01-01 04:32:23;16.0;1745692343;100.608;102.231;96.684;102.019;
1900-01-01 04:32:25;17.0;1745692345;100.647;102.187;96.684;102.019;
1900-01-01 04:32:25;18.0;1745692345;100.647;102.187;96.627;102.045;
1900-01-01 04:32:26;19.0;1745692346;100.535;102.195;96.628;102.045;
1900-01-01 04:32:27;20.0;1745692347;100.567;102.166;96.628;102.12;
1900-01-01 04:32:28;21.0;1745692348;100.567;102.166;96.599;102.142;
1900-01-01 04:32:29;22.0;1745692349;100.543;102.149;96.638;102.142;
1900-01-01 04:32:30;23.0;1745692350;100.513;102.199;96.638;102.061;
1900-01-01 04:32:31;24.0;1745692351;100.513;102.199;96.722;102.019;
1900-01-01 04:32:32;25.0;1745692352;100.448;102.269;96.627;102.019;
1900-01-01 04:32:33;26.0;1745692353;100.571;102.219;96.627;102.044;
1900-01-01 04:32:34;27.0;1745692354;100.571;102.219;96.536;102.069;
1900-01-01 04:32:35;28.0;1745692355;100.609;102.318;96.585;102.069;
1900-01-01 04:32:36;29.0;1745692356;100.59;102.318;96.585;102.11;
1900-01-01 04:32:37;30.0;1745692357;100.59;102.333;96.645;102.045;
1900-01-01 04:32:38;31.0;1745692358;100.614;102.369;96.645;102.045;
1900-01-01 04:32:39;32.0;1745692359;100.618;102.369;96.706;102.141;
1900-01-01 04:32:40;33.0;1745692360;100.618;102.316;96.676;102.122;
1900-01-01 04:32:41;34.0;1745692361;100.637;102.282;96.676;102.122;
1900-01-01 04:32:42;35.0;1745692362;100.728;102.282;96.788;102.198;
1900-01-01 04:32:43;36.0;1745692363;100.728;102.215;96.722;102.198;
1900-01-01 04:32:44;37.0;1745692364;100.757;102.255;96.722;102.064;
1900-01-01 04:32:45;38.0;1745692365;100.663;102.255;96.591;102.017;
1900-01-01 04:32:46;39.0;1745692366;100.663;102.244;96.531;102.017;
1900-01-01 04:32:47;40.0;1745692367;100.722;102.263;96.531;102.184;
1900-01-01 04:32:48;41.0;1745692368;100.722;102.263;96.394;102.095;
1900-01-01 04:32:49;42.0;1745692369;100.748;102.206;96.382;102.095;
1900-01-01 04:32:50;43.0;1745692370;100.779;102.28;96.382;102.087;
1900-01-01 04:32:51;44.0;1745692371;100.779;102.28;96.351;102.068;
1900-01-01 04:32:52;45.0;1745692372;100.788;102.324;96.434;102.068;
1900-01-01 04:32:53;46.0;1745692373;100.783;102.324;96.434;102.173;
1900-01-01 04:32:54;47.0;1745692374;100.783;102.292;96.498;102.071;
1900-01-01 04:32:55;48.0;1745692375;100.794;102.319;96.498;102.071;
1900-01-01 04:32:56;49.0;1745692376;100.751;102.319;96.593;102.234;
1900-01-01 04:32:57;50.0;1745692377;100.751;102.222;96.557;102.116;
1900-01-01 04:32:58;51.0;1745692378;100.755;102.356;96.557;102.116;
1900-01-01 04:32:59;52.0;1745692379;100.68;102.356;96.462;102.116;
1900-01-01 04:33:00;53.0;1745692380;100.68;102.227;96.342;102.071;
1900-01-01 04:33:01;54.0;1745692381;100.828;102.234;96.342;102.071;
1900-01-01 04:33:02;55.0;1745692382;100.828;102.234;96.383;102.151;
1900-01-01 04:33:03;56.0;1745692383;100.78;102.247;96.384;102.136;
1900-01-01 04:33:04;57.0;1745692384;100.792;102.234;96.384;102.136;
1900-01-01 04:33:05;58.0;1745692385;100.792;102.234;96.372;102.103;
1900-01-01 04:33:06;59.0;1745692386;100.82;102.243;96.318;102.103;
1900-01-01 04:33:08;60.0;1745692388;100.812;102.216;96.318;102.06;
1900-01-01 04:33:08;61.0;1745692388;100.812;102.216;96.316;102.135;
1900-01-01 04:33:09;62.0;1745692389;100.818;102.189;96.377;102.135;
1900-01-01 04:33:10;63.0;1745692390;100.812;102.222;96.377;102.105;
1900-01-01 04:33:11;64.0;1745692391;100.812;102.222;96.397;102.021;
1900-01-01 04:33:12;65.0;1745692392;100.77;102.158;96.476;102.021;
1900-01-01 04:33:13;66.0;1745692393;100.759;102.241;96.476;102.113;
1900-01-01 04:33:14;67.0;1745692394;100.759;102.241;96.478;102.129;
1900-01-01 04:33:15;68.0;1745692395;100.722;102.159;96.413;102.129;
1900-01-01 04:33:17;69.0;1745692397;100.675;102.113;96.413;102.063;
1900-01-01 04:33:17;70.0;1745692397;100.675;102.113;96.19;102.058;
1900-01-01 04:33:18;71.0;1745692398;100.595;102.105;96.079;102.058;
1900-01-01 04:33:19;72.0;1745692399;100.591;102.105;96.079;102.024;
1900-01-01 04:33:20;73.0;1745692400;100.591;102.177;96.066;102.043;
1900-01-01 04:33:21;74.0;1745692401;100.548;102.192;96.066;102.043;
1900-01-01 04:33:22;75.0;1745692402;100.556;102.192;96.062;102.129;
1900-01-01 04:33:23;76.0;1745692403;100.556;102.201;96.065;102.129;
1900-01-01 04:33:24;77.0;1745692404;100.543;102.077;96.065;101.978;
1900-01-01 04:33:25;78.0;1745692405;100.543;102.077;96.142;102.231;
1900-01-01 04:33:26;79.0;1745692406;100.562;102.166;96.081;102.231;
1900-01-01 04:33:27;80.0;1745692407;100.542;102.137;96.081;102.071;
1900-01-01 04:33:28;81.0;1745692408;100.542;102.137;96.209;102.142;
1900-01-01 04:33:29;82.0;1745692409;100.595;102.175;96.158;102.142;
1900-01-01 04:33:30;83.0;1745692410;100.548;102.175;96.158;102.083;
1900-01-01 04:33:31;84.0;1745692411;100.548;102.213;96.213;102.069;
1900-01-01 04:33:32;85.0;1745692412;100.499;102.14;96.33;102.069;
1900-01-01 04:33:33;86.0;1745692413;100.594;102.14;96.33;102.181;
1900-01-01 04:33:34;87.0;1745692414;100.594;102.169;96.305;102.094;
1900-01-01 04:33:35;88.0;1745692415;100.538;102.183;96.305;102.094;
1900-01-01 04:33:36;89.0;1745692416;100.563;102.183;96.289;102.06;
1900-01-01 04:33:37;90.0;1745692417;100.563;102.189;96.201;102.116;
1900-01-01 04:33:38;91.0;1745692418;100.566;102.28;96.201;102.116;
1900-01-01 04:33:39;92.0;1745692419;100.599;102.28;96.125;102.089;
1900-01-01 04:33:40;93.0;1745692420;100.599;102.282;96.067;102.082;
1900-01-01 04:33:41;94.0;1745692421;100.576;102.23;96.067;102.082;
1900-01-01 04:33:42;95.0;1745692422;100.561;102.23;96.149;102.127;
1900-01-01 04:33:43;96.0;1745692423;100.561;102.31;96.085;102.063;
1900-01-01 04:33:44;97.0;1745692424;100.527;102.302;96.009;102.063;
1900-01-01 04:33:45;98.0;1745692425;100.527;102.302;96.009;102.091;
1900-01-01 04:33:46;99.0;1745692426;100.635;102.223;96.03;102.063;
1900-01-01 04:33:47;100.0;1745692427;100.555;102.278;96.03;102.063;
1900-01-01 04:33:48;101.0;1745692428;100.555;102.278;96.061;102.086;
1900-01-01 04:33:49;102.0;1745692429;100.487;102.247;96.08;102.086;
1900-01-01 04:33:50;103.0;1745692430;100.554;102.245;96.08;102.125;
1900-01-01 04:33:51;104.0;1745692431;100.554;102.245;96.111;102.085;
1900-01-01 04:33:52;105.0;1745692432;100.555;102.275;96.089;102.085;
1900-01-01 04:33:53;106.0;1745692433;100.512;102.331;96.089;102.069;
1900-01-01 04:33:54;107.0;1745692434;100.512;102.331;96.064;102.108;
1900-01-01 04:33:55;108.0;1745692435;100.513;102.268;96.152;102.108;
1900-01-01 04:33:56;109.0;1745692436;100.58;102.269;96.152;102.072;
1900-01-01 04:33:57;110.0;1745692437;100.58;102.269;96.052;102.081;
1900-01-01 04:33:58;111.0;1745692438;100.601;102.338;96.045;102.081;
1900-01-01 04:34:00;112.0;1745692440;100.648;102.316;96.045;102.174;
1900-01-01 04:34:00;113.0;1745692440;100.648;102.316;95.971;102.075;
1900-01-01 04:34:01;114.0;1745692441;100.666;102.277;95.998;102.075;
1900-01-01 04:34:02;115.0;1745692442;100.701;102.277;95.998;102.059;
1900-01-01 04:34:03;116.0;1745692443;100.701;102.261;95.968;102.116;
1900-01-01 04:34:05;117.0;1745692445;100.678;102.325;95.939;102.116;
1900-01-01 04:34:05;118.0;1745692445;100.678;102.325;95.939;102.126;
1900-01-01 04:34:06;119.0;1745692446;100.58;102.224;95.859;102.179;
1900-01-01 04:34:07;120.0;1745692447;100.483;102.299;95.859;102.179;
1900-01-01 04:34:08;121.0;1745692448;100.504;102.299;95.854;102.099;
1900-01-01 04:34:09;122.0;1745692449;100.504;102.27;95.848;102.099;
1900-01-01 04:34:10;123.0;1745692450;100.5;102.314;95.848;102.144;
1900-01-01 04:34:11;124.0;1745692451;100.514;102.314;95.914;102.084;
1900-01-01 04:34:12;125.0;1745692452;100.514;102.242;95.925;102.132;
1900-01-01 04:34:13;126.0;1745692453;100.462;102.256;95.925;102.132;
1900-01-01 04:34:14;127.0;1745692454;100.462;102.256;95.961;102.129;
1900-01-01 04:34:15;128.0;1745692455;100.487;102.194;95.924;102.129;
1900-01-01 04:34:16;129.0;1745692456;100.405;102.156;95.924;102.135;
1900-01-01 04:34:17;130.0;1745692457;100.476;102.156;95.844;102.225;
1900-01-01 04:34:18;131.0;1745692458;100.476;102.163;95.886;102.154;
1900-01-01 04:34:19;132.0;1745692459;100.331;102.239;95.886;102.154;
1900-01-01 04:34:20;133.0;1745692460;100.331;102.239;95.802;102.122;
1900-01-01 04:34:21;134.0;1745692461;100.435;102.133;95.72;102.122;
1900-01-01 04:34:22;135.0;1745692462;100.417;102.133;95.72;102.193;
1900-01-01 04:34:23;136.0;1745692463;100.417;102.133;95.649;102.065;
1900-01-01 04:34:24;137.0;1745692464;100.432;102.225;95.638;102.065;
1900-01-01 04:34:25;138.0;1745692465;100.512;102.151;95.638;102.036;
1900-01-01 04:34:26;139.0;1745692466;100.512;102.151;95.662;102.125;
1900-01-01 04:34:27;140.0;1745692467;100.55;102.259;95.675;102.125;
1900-01-01 04:34:28;141.0;1745692468;100.502;102.259;95.675;102.136;
1900-01-01 04:34:29;142.0;1745692469;100.502;102.156;95.78;102.15;
1900-01-01 04:34:30;143.0;1745692470;100.577;102.23;95.78;102.15;
1900-01-01 04:34:31;144.0;1745692471;100.536;102.23;95.878;102.138;
1900-01-01 04:34:32;145.0;1745692472;100.536;102.242;95.92;101.995;
1900-01-01 04:34:33;146.0;1745692473;100.474;102.154;95.92;101.995;
1900-01-01 04:34:34;147.0;1745692474;100.471;102.154;95.882;102.148;
1900-01-01 04:34:35;148.0;1745692475;100.471;102.229;95.754;102.142;
1900-01-01 04:34:36;149.0;1745692476;100.576;102.155;95.754;102.142;
1900-01-01 04:34:37;150.0;1745692477;100.482;102.155;95.798;102.092;
1900-01-01 04:34:38;151.0;1745692478;100.482;102.21;95.791;102.057;
1900-01-01 04:34:39;152.0;1745692479;100.549;102.125;95.791;102.057;
1900-01-01 04:34:40;153.0;1745692480;100.556;102.125;95.862;102.144;
1900-01-01 04:34:41;154.0;1745692481;100.556;102.136;95.899;102.144;
1900-01-01 04:34:42;155.0;1745692482;100.477;102.186;95.899;102.101;
1900-01-01 04:34:43;156.0;1745692483;100.477;102.186;95.752;102.122;
1900-01-01 04:34:44;157.0;1745692484;100.508;102.15;95.587;102.13;
1900-01-01 04:34:45;158.0;1745692485;100.533;102.15;95.587;102.13;
1900-01-01 04:34:46;159.0;1745692486;100.533;102.111;95.673;102.067;
1900-01-01 04:34:47;160.0;1745692487;100.508;102.246;95.635;102.067;
1900-01-01 04:34:49;161.0;1745692489;100.511;102.225;95.635;102.145;
1900-01-01 04:34:49;162.0;1745692489;100.511;102.225;95.644;102.129;
1900-01-01 04:34:50;163.0;1745692490;100.538;102.242;95.568;102.129;
1900-01-01 04:34:51;164.0;1745692491;100.584;102.242;95.568;102.061;
1900-01-01 04:34:52;165.0;1745692492;100.584;102.211;95.586;102.121;
1900-01-01 04:34:53;166.0;1745692493;100.462;102.278;95.575;102.121;
1900-01-01 04:34:54;167.0;1745692494;100.504;102.278;95.575;102.049;
1900-01-01 04:34:55;168.0;1745692495;100.504;102.178;95.619;102.12;
1900-01-01 04:34:57;169.0;1745692497;100.503;102.234;95.533;102.12;
1900-01-01 04:34:57;170.0;1745692497;100.502;102.234;95.533;102.054;
1900-01-01 04:34:58;171.0;1745692498;100.502;102.173;95.536;102.24;
1900-01-01 04:35:00;172.0;1745692500;100.548;102.235;95.41;102.24;
1900-01-01 04:35:00;173.0;1745692500;100.471;102.235;95.41;102.093;
1900-01-01 04:35:01;174.0;1745692501;100.471;102.177;95.323;102.112;
1900-01-01 04:35:02;175.0;1745692502;100.56;102.134;95.323;102.112;
1900-01-01 04:35:03;176.0;1745692503;100.56;102.134;95.345;102.214;
1900-01-01 04:35:04;177.0;1745692504;100.606;102.18;95.278;102.125;
1900-01-01 04:35:05;178.0;1745692505;100.517;102.18;95.278;102.125;
1900-01-01 04:35:06;179.0;1745692506;100.517;102.255;95.459;102.177;
1900-01-01 04:35:07;180.0;1745692507;100.448;102.261;95.434;102.177;
1900-01-01 04:35:08;181.0;1745692508;100.478;102.261;95.434;102.073;
1900-01-01 04:35:09;182.0;1745692509;100.478;102.205;95.506;102.087;
1900-01-01 04:35:10;183.0;1745692510;100.453;102.171;95.494;102.087;
1900-01-01 04:35:11;184.0;1745692511;100.438;102.171;95.494;102.202;
1900-01-01 04:35:12;185.0;1745692512;100.438;102.177;95.691;102.144;
1900-01-01 04:35:13;186.0;1745692513;100.359;102.187;95.598;102.144;
1900-01-01 04:35:14;187.0;1745692514;100.384;102.153;95.598;102.088;
1900-01-01 04:35:15;188.0;1745692515;100.384;102.153;95.562;102.135;
1900-01-01 04:35:16;189.0;1745692516;100.24;102.148;95.577;102.135;
1900-01-01 04:35:17;190.0;1745692517;100.297;102.148;95.577;102.123;
1900-01-01 04:35:18;191.0;1745692518;100.297;102.175;95.489;102.116;
1900-01-01 04:35:19;192.0;1745692519;100.271;102.178;95.527;102.116;
1900-01-01 04:35:20;193.0;1745692520;100.143;102.178;95.527;102.123;
1900-01-01 04:35:21;194.0;1745692521;100.143;102.165;95.53;102.12;
1900-01-01 04:35:22;195.0;1745692522;100.209;102.169;95.53;102.12;
1900-01-01 04:35:23;196.0;1745692523;100.259;102.169;95.498;102.179;
1900-01-01 04:35:24;197.0;1745692524;100.259;102.171;95.389;102.101;
1900-01-01 04:35:25;198.0;1745692525;100.278;102.134;95.389;102.101;
1900-01-01 04:35:26;199.0;1745692526;100.278;102.134;95.332;102.18;
1900-01-01 04:35:27;200.0;1745692527;100.276;102.188;95.241;102.118;
1900-01-01 04:35:28;201.0;1745692528;100.302;102.244;95.241;102.118;
1900-01-01 04:35:29;202.0;1745692529;100.302;102.244;95.33;102.12;
1900-01-01 04:35:30;203.0;1745692530;100.386;102.21;95.379;102.12;
1900-01-01 04:35:31;204.0;1745692531;100.276;102.225;95.379;102.164;
1900-01-01 04:35:32;205.0;1745692532;100.276;102.225;95.369;102.152;
1900-01-01 04:35:33;206.0;1745692533;100.342;102.283;95.388;102.152;
1900-01-01 04:35:34;207.0;1745692534;100.389;102.283;95.388;102.119;
1900-01-01 04:35:35;208.0;1745692535;100.389;102.198;95.321;102.082;
1900-01-01 04:35:36;209.0;1745692536;100.335;102.164;95.302;102.082;
1900-01-01 04:35:37;210.0;1745692537;100.253;102.164;95.302;102.156;
1900-01-01 04:35:38;211.0;1745692538;100.253;102.166;95.232;102.042;
1900-01-01 04:35:39;212.0;1745692539;100.282;102.197;95.255;102.042;
1900-01-01 04:35:40;213.0;1745692540;100.285;102.197;95.255;102.126;
1900-01-01 04:35:41;214.0;1745692541;100.285;102.203;95.156;102.071;
1900-01-01 04:35:42;215.0;1745692542;100.26;102.233;95.156;102.071;
1900-01-01 04:35:44;216.0;1745692544;100.358;102.233;95.204;102.135;
1900-01-01 04:35:44;217.0;1745692544;100.358;102.187;95.219;102.12;
1900-01-01 04:35:45;218.0;1745692545;100.266;102.173;95.219;102.12;
1900-01-01 04:35:47;219.0;1745692547;100.289;102.173;95.226;102.018;
1900-01-01 04:35:47;220.0;1745692547;100.289;102.173;95.252;102.018;
1900-01-01 04:35:48;221.0;1745692548;100.319;102.145;95.252;102.083;
1900-01-01 04:35:49;222.0;1745692549;100.319;102.145;95.189;102.128;
1900-01-01 04:35:50;223.0;1745692550;100.238;102.221;95.087;102.128;
1900-01-01 04:35:51;224.0;1745692551;100.263;102.221;95.087;102.078;
1900-01-01 04:35:52;225.0;1745692552;100.263;102.061;95.158;102.108;
1900-01-01 04:35:53;226.0;1745692553;100.373;102.059;95.138;102.108;
1900-01-01 04:35:54;227.0;1745692554;100.354;102.059;95.138;102.163;
1900-01-01 04:35:55;228.0;1745692555;100.354;102.051;95.153;102.089;
1900-01-01 04:35:56;229.0;1745692556;100.386;102.084;95.133;102.089;
1900-01-01 04:35:57;230.0;1745692557;100.335;102.084;95.133;102.048;
1900-01-01 04:35:58;231.0;1745692558;100.335;102.232;95.046;102.092;
1900-01-01 04:35:59;232.0;1745692559;100.395;102.118;95.059;102.092;
1900-01-01 04:36:00;233.0;1745692560;100.326;102.118;95.059;102.04;
1900-01-01 04:36:01;234.0;1745692561;100.326;102.214;95.165;102.087;
1900-01-01 04:36:02;235.0;1745692562;100.436;102.025;95.165;102.087;
1900-01-01 04:36:03;236.0;1745692563;100.408;102.025;95.199;102.137;
1900-01-01 04:36:04;237.0;1745692564;100.408;102.214;95.254;102.065;
1900-01-01 04:36:05;238.0;1745692565;100.389;102.15;95.254;102.065;
1900-01-01 04:36:06;239.0;1745692566;100.315;102.15;95.112;102.062;
1900-01-01 04:36:07;240.0;1745692567;100.315;102.043;95.172;102.053;
1900-01-01 04:36:09;241.0;1745692569;100.392;102.104;95.172;102.053;
1900-01-01 04:36:09;242.0;1745692569;100.392;102.104;95.23;101.997;
1900-01-01 04:36:10;243.0;1745692570;100.291;102.014;95.103;101.997;
1900-01-01 04:36:11;244.0;1745692571;100.387;102.143;95.103;102.086;
1900-01-01 04:36:12;245.0;1745692572;100.387;102.143;95.046;102.142;
1900-01-01 04:36:13;246.0;1745692573;100.397;102.149;95.055;102.142;
1900-01-01 04:36:14;247.0;1745692574;100.403;102.149;95.055;102.061;
1900-01-01 04:36:15;248.0;1745692575;100.403;102.166;95.041;102.105;
1900-01-01 04:36:16;249.0;1745692576;100.432;102.132;95.031;102.105;
1900-01-01 04:36:17;250.0;1745692577;100.323;102.132;95.031;102.056;
1900-01-01 04:36:18;251.0;1745692578;100.323;102.087;94.977;102.127;
1900-01-01 04:36:19;252.0;1745692579;100.344;102.138;95.141;102.127;
1900-01-01 04:36:21;253.0;1745692581;100.362;102.138;95.141;102.113;
1900-01-01 04:36:21;254.0;1745692581;100.362;102.115;95.05;102.127;
1900-01-01 04:36:22;255.0;1745692582;100.285;102.127;95.05;102.127;
1900-01-01 04:36:23;256.0;1745692583;100.277;102.127;95.092;102.109;
1900-01-01 04:36:24;257.0;1745692584;100.277;102.051;95.105;102.109;
1900-01-01 04:36:25;258.0;1745692585;100.271;102.069;95.105;102.065;
1900-01-01 04:36:26;259.0;1745692586;100.208;102.069;95.116;102.066;
1900-01-01 04:36:27;260.0;1745692587;100.208;102.02;95.153;102.165;
1900-01-01 04:36:28;261.0;1745692588;100.243;102.034;95.153;102.165;
1900-01-01 04:36:29;262.0;1745692589;100.243;102.034;95.086;102.168;
1900-01-01 04:36:30;263.0;1745692590;100.347;102.074;95.072;102.168;
1900-01-01 04:36:31;264.0;1745692591;100.213;102.091;95.072;102.163;
1900-01-01 04:36:32;265.0;1745692592;100.228;102.091;95.059;102.115;
1900-01-01 04:36:33;266.0;1745692593;100.228;102.044;94.991;102.115;
1900-01-01 04:36:34;267.0;1745692594;100.233;102.062;94.991;102.248;
1900-01-01 04:36:35;268.0;1745692595;100.233;102.062;95.03;102.124;
1900-01-01 04:36:37;269.0;1745692597;100.33;102.163;95.012;102.125;
1900-01-01 04:36:37;270.0;1745692597;100.23;102.163;95.012;102.125;
1900-01-01 04:36:38;271.0;1745692598;100.23;102.201;95.013;102.148;
1900-01-01 04:36:39;272.0;1745692599;100.264;102.109;94.832;102.148;
1900-01-01 04:36:40;273.0;1745692600;100.263;102.109;94.832;102.106;
1900-01-01 04:36:41;274.0;1745692601;100.263;102.132;94.756;102.204;
1900-01-01 04:36:42;275.0;1745692602;100.306;102.179;94.773;102.204;
1900-01-01 04:36:43;276.0;1745692603;100.305;102.179;94.773;102.05;
1900-01-01 04:36:44;277.0;1745692604;100.305;102.2;94.786;102.087;
1900-01-01 04:36:45;278.0;1745692605;100.389;102.25;94.786;102.087;
1900-01-01 04:36:46;279.0;1745692606;100.359;102.25;94.739;102.186;
1900-01-01 04:36:47;280.0;1745692607;100.359;102.141;94.712;102.186;
1900-01-01 04:36:48;281.0;1745692608;100.374;102.186;94.712;102.124;
1900-01-01 04:36:49;282.0;1745692609;100.247;102.186;94.669;102.027;
1900-01-01 04:36:50;283.0;1745692610;100.247;102.229;94.634;102.027;
1900-01-01 04:36:51;284.0;1745692611;100.203;102.229;94.634;102.07;
1900-01-01 04:36:52;285.0;1745692612;100.203;102.229;94.664;102.117;
1900-01-01 04:36:53;286.0;1745692613;100.266;102.138;94.752;102.117;
1900-01-01 04:36:54;287.0;1745692614;100.243;102.219;94.752;102.103;
1900-01-01 04:36:55;288.0;1745692615;100.243;102.219;94.704;102.093;
1900-01-01 04:36:56;289.0;1745692616;100.173;102.192;94.798;102.093;
1900-01-01 04:36:57;290.0;1745692617;100.227;102.192;94.798;102.045;
1900-01-01 04:36:58;291.0;1745692618;100.227;102.14;94.746;102.177;
1900-01-01 04:36:59;292.0;1745692619;100.198;102.154;94.827;102.177;
1900-01-01 04:37:00;293.0;1745692620;100.149;102.111;94.827;102.025;
1900-01-01 04:37:01;294.0;1745692621;100.149;102.111;94.64;102.087;
1900-01-01 04:37:02;295.0;1745692622;100.103;102.168;94.716;102.087;
1900-01-01 04:37:03;296.0;1745692623;100.133;102.168;94.716;102.145;
1900-01-01 04:37:04;297.0;1745692624;100.133;102.15;94.707;102.093;
1900-01-01 04:37:05;298.0;1745692625;100.199;102.085;94.765;102.093;
1900-01-01 04:37:06;299.0;1745692626;100.103;102.085;94.765;102.085;
1900-01-01 04:37:07;300.0;1745692627;100.103;102.178;94.735;102.039;
1900-01-01 04:37:08;301.0;1745692628;100.108;102.017;94.735;102.039;
1900-01-01 04:37:09;302.0;1745692629;100.015;102.017;94.644;102.084;
1900-01-01 04:37:10;303.0;1745692630;100.015;102.095;94.57;102.1;
1900-01-01 04:37:11;304.0;1745692631;100.036;102.127;94.551;102.1;
1900-01-01 04:37:12;305.0;1745692632;100.072;102.127;94.551;102.084;
1900-01-01 04:37:13;306.0;1745692633;100.072;102.137;94.594;102.109;
1900-01-01 04:37:14;307.0;1745692634;100.071;102.148;94.594;102.109;
1900-01-01 04:37:15;308.0;1745692635;100.036;102.148;94.661;102.145;
1900-01-01 04:37:16;309.0;1745692636;100.036;102.046;94.591;102.138;
1900-01-01 04:37:17;310.0;1745692637;100.011;102.063;94.591;102.138;
1900-01-01 04:37:18;311.0;1745692638;100.041;102.063;94.657;102.16;
1900-01-01 04:37:19;312.0;1745692639;100.041;102.086;94.681;102.16;
1900-01-01 04:37:20;313.0;1745692640;99.973;102.109;94.681;102.094;
1900-01-01 04:37:21;314.0;1745692641;99.973;102.109;94.628;102.198;
1900-01-01 04:37:22;315.0;1745692642;100.076;102.009;94.629;102.198;
1900-01-01 04:37:23;316.0;1745692643;100.067;102.053;94.629;102.164;
1900-01-01 04:37:24;317.0;1745692644;100.067;102.053;94.577;102.245;
1900-01-01 04:37:25;318.0;1745692645;100.057;102.037;94.643;102.245;
1900-01-01 04:37:26;319.0;1745692646;100.133;102.037;94.643;102.13;
1900-01-01 04:37:27;320.0;1745692647;100.133;101.994;94.573;102.133;
1900-01-01 04:37:28;321.0;1745692648;100.155;102.027;94.646;102.133;
1900-01-01 04:37:29;322.0;1745692649;100.172;102.027;94.646;102.199;
1900-01-01 04:37:30;323.0;1745692650;100.172;102.032;94.622;102.203;
1900-01-01 04:37:31;324.0;1745692651;100.226;101.955;94.622;102.203;
1900-01-01 04:37:32;325.0;1745692652;100.195;101.955;94.614;102.203;
1900-01-01 04:37:33;326.0;1745692653;100.195;101.989;94.585;102.203;
1900-01-01 04:37:34;327.0;1745692654;100.253;101.966;94.585;102.149;
1900-01-01 04:37:35;328.0;1745692655;100.318;101.966;94.558;102.127;
1900-01-01 04:37:36;329.0;1745692656;100.318;101.973;94.511;102.127;
1900-01-01 04:37:37;330.0;1745692657;100.258;101.91;94.511;102.167;
1900-01-01 04:37:38;331.0;1745692658;100.258;101.91;94.466;102.136;
1900-01-01 04:37:39;332.0;1745692659;100.29;101.857;94.466;102.136;
1900-01-01 04:37:40;333.0;1745692660;100.31;101.958;94.466;102.092;
1900-01-01 04:37:41;334.0;1745692661;100.31;101.958;94.502;102.15;
1900-01-01 04:37:42;335.0;1745692662;100.344;101.897;94.414;102.15;
1900-01-01 04:37:43;336.0;1745692663;100.23;101.913;94.414;102.146;
1900-01-01 04:37:44;337.0;1745692664;100.23;101.913;94.426;102.134;
1900-01-01 04:37:45;338.0;1745692665;100.269;102.028;94.444;102.134;
1900-01-01 04:37:46;339.0;1745692666;100.193;102.028;94.444;102.15;
1900-01-01 04:37:47;340.0;1745692667;100.193;102.097;94.272;102.141;
1900-01-01 04:37:49;341.0;1745692669;100.168;102.033;94.286;102.141;
1900-01-01 04:37:49;342.0;1745692669;100.137;102.033;94.286;102.112;
1900-01-01 04:37:50;343.0;1745692670;100.137;102.127;94.296;102.111;
1900-01-01 04:37:51;344.0;1745692671;100.067;102.097;94.296;102.111;
1900-01-01 04:37:52;345.0;1745692672;100.111;102.097;94.325;102.154;
1900-01-01 04:37:53;346.0;1745692673;100.111;102.088;94.388;102.145;
1900-01-01 04:37:54;347.0;1745692674;100.013;102.111;94.388;102.145;
1900-01-01 04:37:55;348.0;1745692675;100.039;102.111;94.306;102.15;
1900-01-01 04:37:56;349.0;1745692676;100.039;102.128;94.342;102.147;
1900-01-01 04:37:57;350.0;1745692677;100.064;102.115;94.342;102.147;
1900-01-01 04:37:58;351.0;1745692678;100.036;102.115;94.368;102.101;
1900-01-01 04:37:59;352.0;1745692679;100.036;102.206;94.466;102.064;
1900-01-01 04:38:00;353.0;1745692680;100.036;102.075;94.466;102.064;
1900-01-01 04:38:01;354.0;1745692681;100.036;102.075;94.448;102.118;
1900-01-01 04:38:02;355.0;1745692682;100.039;102.082;94.525;102.072;
1900-01-01 04:38:03;356.0;1745692683;100.021;102.082;94.525;102.072;
1900-01-01 04:38:04;357.0;1745692684;100.021;102.082;94.561;102.165;
1900-01-01 04:38:05;358.0;1745692685;100.083;102.025;94.65;102.165;
1900-01-01 04:38:06;359.0;1745692686;100.095;102.025;94.65;102.115;
1900-01-01 04:38:07;360.0;1745692687;100.095;102.091;94.584;102.058;
1900-01-01 04:38:08;361.0;1745692688;100.045;102.051;94.544;102.058;
1900-01-01 04:38:09;362.0;1745692689;100.005;102.051;94.544;102.115;
1900-01-01 04:38:10;363.0;1745692690;100.005;102.032;94.47;102.105;
1900-01-01 04:38:12;364.0;1745692692;100.084;102.048;94.437;102.105;
1900-01-01 04:38:12;365.0;1745692692;100.036;102.048;94.437;102.018;
1900-01-01 04:38:13;366.0;1745692693;100.036;101.982;94.51;102.167;
1900-01-01 04:38:14;367.0;1745692694;99.987;102.019;94.384;102.167;
1900-01-01 04:38:15;368.0;1745692695;100.027;102.019;94.384;102.12;
1900-01-01 04:38:16;369.0;1745692696;100.027;102.055;94.158;102.201;
1900-01-01 04:38:17;370.0;1745692697;99.985;102.077;94.158;102.201;
1900-01-01 04:38:18;371.0;1745692698;100.049;102.077;93.957;102.148;
1900-01-01 04:38:19;372.0;1745692699;100.049;101.921;93.742;102.148;
1900-01-01 04:38:20;373.0;1745692700;100.04;101.961;93.742;102.201;
1900-01-01 04:38:21;374.0;1745692701;99.975;101.961;93.705;102.146;
1900-01-01 04:38:22;375.0;1745692702;99.975;101.976;93.672;102.127;
1900-01-01 04:38:23;376.0;1745692703;100.101;101.925;93.672;102.127;
1900-01-01 04:38:24;377.0;1745692704;100.101;101.925;93.775;102.156;
1900-01-01 04:38:25;378.0;1745692705;100.048;102.031;93.878;102.156;
1900-01-01 04:38:26;379.0;1745692706;100.113;101.942;93.878;102.229;
1900-01-01 04:38:27;380.0;1745692707;100.113;101.942;93.953;102.14;
1900-01-01 04:38:28;381.0;1745692708;100.106;101.995;94.014;102.14;
1900-01-01 04:38:29;382.0;1745692709;100.038;101.995;94.014;102.191;
1900-01-01 04:38:30;383.0;1745692710;100.038;101.946;94.052;102.221;
1900-01-01 04:38:31;384.0;1745692711;100.035;101.998;94.04;102.221;
1900-01-01 04:38:32;385.0;1745692712;100.026;101.998;94.04;102.216;
1900-01-01 04:38:33;386.0;1745692713;100.026;101.888;94.042;102.155;
1900-01-01 04:38:34;387.0;1745692714;99.979;101.872;94.14;102.155;
1900-01-01 04:38:35;388.0;1745692715;99.929;101.872;94.14;102.135;
1900-01-01 04:38:36;389.0;1745692716;99.929;101.844;94.086;102.202;
1900-01-01 04:38:37;390.0;1745692717;99.893;101.882;94.086;102.202;
1900-01-01 04:38:38;391.0;1745692718;99.902;101.882;94.08;102.156;
1900-01-01 04:38:39;392.0;1745692719;99.902;101.95;94.0;102.224;
1900-01-01 04:38:40;393.0;1745692720;99.911;101.957;94.0;102.224;
1900-01-01 04:38:41;394.0;1745692721;99.911;101.957;93.96;102.195;
1900-01-01 04:38:42;395.0;1745692722;99.944;101.931;93.924;102.195;
1900-01-01 04:38:43;396.0;1745692723;99.88;101.846;93.924;102.203;
1900-01-01 04:38:44;397.0;1745692724;99.88;101.846;93.975;102.254;
1900-01-01 04:38:45;398.0;1745692725;99.951;101.852;93.958;102.254;
1900-01-01 04:38:46;399.0;1745692726;99.903;101.827;93.958;102.092;
1900-01-01 04:38:47;400.0;1745692727;99.903;101.827;93.971;102.148;
1900-01-01 04:38:48;401.0;1745692728;99.859;101.836;94.013;102.148;
1900-01-01 04:38:49;402.0;1745692729;99.902;101.836;94.013;102.11;
1900-01-01 04:38:50;403.0;1745692730;99.902;101.839;94.02;102.105;
1900-01-01 04:38:51;404.0;1745692731;99.99;101.846;94.02;102.105;
1900-01-01 04:38:52;405.0;1745692732;99.976;101.846;93.939;102.156;
1900-01-01 04:38:53;406.0;1745692733;99.976;101.881;93.936;102.182;
1900-01-01 04:38:54;407.0;1745692734;99.969;101.885;93.936;102.182;
1900-01-01 04:38:55;408.0;1745692735;100.058;101.885;93.882;102.181;
1900-01-01 04:38:56;409.0;1745692736;100.058;101.805;93.861;102.15;
1900-01-01 04:38:57;410.0;1745692737;100.045;101.929;93.861;102.15;
1900-01-01 04:38:58;411.0;1745692738;99.998;101.929;93.852;102.147;
1900-01-01 04:38:59;412.0;1745692739;99.998;101.808;93.951;102.152;
1900-01-01 04:39:00;413.0;1745692740;99.991;101.787;93.951;102.152;
1900-01-01 04:39:01;414.0;1745692741;99.991;101.787;93.793;102.197;
1900-01-01 04:39:02;415.0;1745692742;99.906;101.823;93.766;102.168;
1900-01-01 04:39:04;416.0;1745692744;99.941;101.746;93.766;102.168;
1900-01-01 04:39:04;417.0;1745692744;99.941;101.746;93.697;102.183;
1900-01-01 04:39:05;418.0;1745692745;99.942;101.853;93.707;102.183;
1900-01-01 04:39:06;419.0;1745692746;99.954;101.748;93.707;102.157;
1900-01-01 04:39:07;420.0;1745692747;99.954;101.748;93.606;102.048;
1900-01-01 04:39:08;421.0;1745692748;99.9;101.711;93.652;102.048;
1900-01-01 04:39:09;422.0;1745692749;99.8;101.768;93.652;102.109;
1900-01-01 04:39:10;423.0;1745692750;99.8;101.768;93.594;102.13;
1900-01-01 04:39:11;424.0;1745692751;99.784;101.798;93.609;102.13;
1900-01-01 04:39:12;425.0;1745692752;99.91;101.798;93.609;102.21;
1900-01-01 04:39:13;426.0;1745692753;99.91;101.756;93.742;102.119;
1900-01-01 04:39:14;427.0;1745692754;99.879;101.768;93.739;102.119;
1900-01-01 04:39:15;428.0;1745692755;99.826;101.784;93.739;102.145;
1900-01-01 04:39:16;429.0;1745692756;99.826;101.784;93.802;102.12;
1900-01-01 04:39:17;430.0;1745692757;99.897;101.781;93.749;102.12;
1900-01-01 04:39:18;431.0;1745692758;99.871;101.781;93.749;102.105;
1900-01-01 04:39:19;432.0;1745692759;99.871;101.805;93.681;102.183;
1900-01-01 04:39:20;433.0;1745692760;99.818;101.818;93.611;102.183;
1900-01-01 04:39:21;434.0;1745692761;99.773;101.816;93.611;102.169;
1900-01-01 04:39:22;435.0;1745692762;99.773;101.816;93.57;102.145;
1900-01-01 04:39:23;436.0;1745692763;99.807;101.858;93.523;102.145;
1900-01-01 04:39:24;437.0;1745692764;99.802;101.864;93.523;102.166;
1900-01-01 04:39:25;438.0;1745692765;99.802;101.864;93.376;102.151;
1900-01-01 04:39:26;439.0;1745692766;99.862;101.816;93.296;102.151;
1900-01-01 04:39:27;440.0;1745692767;99.801;101.816;93.296;102.21;
1900-01-01 04:39:28;441.0;1745692768;99.801;101.876;93.138;102.269;
1900-01-01 04:39:29;442.0;1745692769;99.856;101.897;93.138;102.269;
1900-01-01 04:39:30;443.0;1745692770;99.801;101.897;93.15;102.173;
1900-01-01 04:39:31;444.0;1745692771;99.801;101.876;93.117;102.204;
1900-01-01 04:39:32;445.0;1745692772;99.784;101.856;93.032;102.204;
1900-01-01 04:39:34;446.0;1745692774;99.826;101.838;93.032;102.203;
1900-01-01 04:39:34;447.0;1745692774;99.826;101.838;93.06;102.193;
1900-01-01 04:39:35;448.0;1745692775;99.843;101.967;93.164;102.193;
1900-01-01 04:39:36;449.0;1745692776;99.803;101.967;93.164;102.29;
1900-01-01 04:39:37;450.0;1745692777;99.803;101.869;93.128;102.236;
1900-01-01 04:39:38;451.0;1745692778;99.747;101.966;93.128;102.236;
1900-01-01 04:39:40;452.0;1745692780;99.829;101.966;93.266;102.17;
1900-01-01 04:39:40;453.0;1745692780;99.829;101.907;93.26;102.145;
1900-01-01 04:39:41;454.0;1745692781;99.808;101.942;93.26;102.145;
1900-01-01 04:39:42;455.0;1745692782;99.808;101.942;93.169;102.157;
1900-01-01 04:39:43;456.0;1745692783;99.868;101.946;93.22;102.157;
1900-01-01 04:39:44;457.0;1745692784;99.832;101.99;93.22;102.244;
1900-01-01 04:39:45;458.0;1745692785;99.832;101.99;93.227;102.169;
1900-01-01 04:39:46;459.0;1745692786;99.807;101.88;93.212;102.169;
1900-01-01 04:39:47;460.0;1745692787;99.901;101.785;93.212;102.195;
1900-01-01 04:39:48;461.0;1745692788;99.901;101.785;93.252;102.154;
1900-01-01 04:39:49;462.0;1745692789;99.92;101.953;93.196;102.154;
1900-01-01 04:39:50;463.0;1745692790;99.83;101.953;93.196;102.189;
1900-01-01 04:39:51;464.0;1745692791;99.83;101.872;93.241;102.176;
1900-01-01 04:39:52;465.0;1745692792;99.807;101.884;93.237;102.176;
1900-01-01 04:39:53;466.0;1745692793;99.81;101.884;93.237;102.158;
1900-01-01 04:39:54;467.0;1745692794;99.81;101.951;93.288;102.202;
1900-01-01 04:39:55;468.0;1745692795;99.886;101.903;93.365;102.202;
1900-01-01 04:39:56;469.0;1745692796;99.838;101.903;93.365;102.237;
1900-01-01 04:39:57;470.0;1745692797;99.838;101.867;93.371;102.176;
1900-01-01 04:39:58;471.0;1745692798;99.719;101.838;93.371;102.176;
1900-01-01 04:39:59;472.0;1745692799;99.783;101.838;93.213;102.181;
1900-01-01 04:40:00;473.0;1745692800;99.783;101.775;93.246;102.181;
1900-01-01 04:40:01;474.0;1745692801;99.678;101.769;93.246;102.132;
1900-01-01 04:40:02;475.0;1745692802;99.713;101.769;93.261;102.129;
1900-01-01 04:40:03;476.0;1745692803;99.713;101.877;93.217;102.183;
1900-01-01 04:40:04;477.0;1745692804;99.643;101.86;93.217;102.183;
1900-01-01 04:40:05;478.0;1745692805;99.677;101.86;93.19;102.144;
1900-01-01 04:40:06;479.0;1745692806;99.677;101.795;93.175;102.213;
1900-01-01 04:40:07;480.0;1745692807;99.635;101.783;93.175;102.213;
1900-01-01 04:40:08;481.0;1745692808;99.635;101.783;93.196;102.16;
1900-01-01 04:40:09;482.0;1745692809;99.689;101.734;93.25;102.223;
1900-01-01 04:40:11;483.0;1745692811;99.592;101.746;93.25;102.223;
1900-01-01 04:40:11;484.0;1745692811;99.592;101.746;93.153;102.154;
1900-01-01 04:40:12;485.0;1745692812;99.591;101.728;93.168;102.154;
1900-01-01 04:40:14;486.0;1745692814;99.595;101.727;93.168;102.229;
1900-01-01 04:40:14;487.0;1745692814;99.595;101.727;93.234;102.143;
1900-01-01 04:40:15;488.0;1745692815;99.6;101.713;93.187;102.143;
1900-01-01 04:40:16;489.0;1745692816;99.627;101.747;93.187;102.203;
1900-01-01 04:40:17;490.0;1745692817;99.627;101.747;93.189;102.121;
1900-01-01 04:40:18;491.0;1745692818;99.597;101.816;93.085;102.121;
1900-01-01 04:40:19;492.0;1745692819;99.594;101.816;93.085;102.069;
1900-01-01 04:40:20;493.0;1745692820;99.594;101.806;93.075;102.142;
1900-01-01 04:40:21;494.0;1745692821;99.752;101.8;93.075;102.142;
1900-01-01 04:40:22;495.0;1745692822;99.682;101.8;92.908;102.155;
1900-01-01 04:40:23;496.0;1745692823;99.682;101.727;92.908;102.155;
1900-01-01 04:40:24;497.0;1745692824;99.789;101.742;92.908;102.162;
1900-01-01 04:40:25;498.0;1745692825;99.784;101.742;92.749;102.151;
1900-01-01 04:40:26;499.0;1745692826;99.784;101.762;92.746;102.151;
1900-01-01 04:40:27;500.0;1745692827;99.721;101.839;92.746;102.069;
1900-01-01 04:40:28;501.0;1745692828;99.721;101.839;92.703;102.16;
1900-01-01 04:40:29;502.0;1745692829;99.744;101.746;92.785;102.257;
1900-01-01 04:40:30;503.0;1745692830;99.789;101.746;92.785;102.257;
1900-01-01 04:40:31;504.0;1745692831;99.789;101.68;92.832;102.276;
1900-01-01 04:40:32;505.0;1745692832;99.746;101.676;92.825;102.276;
1900-01-01 04:40:34;506.0;1745692834;99.75;101.633;92.825;102.154;
1900-01-01 04:40:34;507.0;1745692834;99.75;101.633;92.791;102.165;
1900-01-01 04:40:35;508.0;1745692835;99.753;101.695;92.813;102.165;
1900-01-01 04:40:36;509.0;1745692836;99.733;101.734;92.813;102.193;
1900-01-01 04:40:37;510.0;1745692837;99.733;101.734;92.781;102.083;
1900-01-01 04:40:38;511.0;1745692838;99.699;101.651;92.841;102.083;
1900-01-01 04:40:39;512.0;1745692839;99.742;101.651;92.841;102.166;
1900-01-01 04:40:40;513.0;1745692840;99.742;101.714;92.803;102.125;
1900-01-01 04:40:41;514.0;1745692841;99.704;101.692;92.725;102.125;
1900-01-01 04:40:43;515.0;1745692843;99.759;101.692;92.725;102.181;
1900-01-01 04:40:43;516.0;1745692843;99.759;101.682;92.743;102.146;
1900-01-01 04:40:44;517.0;1745692844;99.753;101.662;92.743;102.146;
1900-01-01 04:40:46;518.0;1745692846;99.733;101.662;92.745;102.191;
1900-01-01 04:40:46;519.0;1745692846;99.733;101.679;92.678;102.191;
1900-01-01 04:40:47;520.0;1745692847;99.618;101.711;92.678;102.149;
1900-01-01 04:40:48;521.0;1745692848;99.618;101.711;92.693;102.129;
1900-01-01 04:40:49;522.0;1745692849;99.606;101.745;92.78;102.129;
1900-01-01 04:40:50;523.0;1745692850;99.41;101.746;92.78;102.193;
1900-01-01 04:40:51;524.0;1745692851;99.41;101.746;92.701;102.187;
1900-01-01 04:40:52;525.0;1745692852;99.448;101.651;92.562;102.187;
1900-01-01 04:40:53;526.0;1745692853;99.448;101.651;92.562;102.132;
1900-01-01 04:40:54;527.0;1745692854;99.448;101.778;92.671;102.101;
1900-01-01 04:40:55;528.0;1745692855;99.492;101.762;92.686;102.101;
1900-01-01 04:40:56;529.0;1745692856;99.534;101.762;92.686;102.153;
1900-01-01 04:40:57;530.0;1745692857;99.534;101.735;92.836;102.174;
1900-01-01 04:40:58;531.0;1745692858;99.552;101.786;92.836;102.174;
1900-01-01 04:40:59;532.0;1745692859;99.547;101.786;92.808;102.166;
1900-01-01 04:41:00;533.0;1745692860;99.547;101.698;92.717;102.123;
1900-01-01 04:41:01;534.0;1745692861;99.555;101.795;92.717;102.123;
1900-01-01 04:41:02;535.0;1745692862;99.529;101.795;92.723;102.156;
1900-01-01 04:41:03;536.0;1745692863;99.529;101.786;92.67;102.151;
1900-01-01 04:41:04;537.0;1745692864;99.575;101.758;92.67;102.151;
1900-01-01 04:41:05;538.0;1745692865;99.575;101.758;92.52;102.174;
1900-01-01 04:41:06;539.0;1745692866;99.582;101.781;92.491;102.177;
1900-01-01 04:41:08;540.0;1745692868;99.625;101.748;92.491;102.177;
1900-01-01 04:41:08;541.0;1745692868;99.625;101.748;92.494;102.179;
1900-01-01 04:41:09;542.0;1745692869;99.581;101.741;92.507;102.179;
1900-01-01 04:41:10;543.0;1745692870;99.622;101.722;92.507;102.201;
1900-01-01 04:41:11;544.0;1745692871;99.622;101.722;92.532;102.115;
1900-01-01 04:41:12;545.0;1745692872;99.677;101.731;92.604;102.115;
1900-01-01 04:41:13;546.0;1745692873;99.591;101.631;92.604;102.222;
1900-01-01 04:41:14;547.0;1745692874;99.591;101.631;92.639;102.224;
1900-01-01 04:41:15;548.0;1745692875;99.576;101.822;92.68;102.224;
1900-01-01 04:41:16;549.0;1745692876;99.564;101.822;92.68;102.152;
1900-01-01 04:41:17;550.0;1745692877;99.564;101.826;92.703;102.104;
1900-01-01 04:41:19;551.0;1745692879;99.541;101.693;92.626;102.104;
1900-01-01 04:41:19;552.0;1745692879;99.54;101.693;92.626;102.205;
1900-01-01 04:41:20;553.0;1745692880;99.54;101.754;92.578;102.187;
1900-01-01 04:41:21;554.0;1745692881;99.527;101.716;92.566;102.187;
1900-01-01 04:41:22;555.0;1745692882;99.54;101.716;92.566;102.143;
1900-01-01 04:41:23;556.0;1745692883;99.54;101.674;92.527;102.162;
1900-01-01 04:41:24;557.0;1745692884;99.559;101.653;92.405;102.162;
1900-01-01 04:41:25;558.0;1745692885;99.559;101.653;92.405;102.195;
1900-01-01 04:41:26;559.0;1745692886;99.593;101.722;92.39;102.18;
1900-01-01 04:41:28;560.0;1745692888;99.6;101.732;92.226;102.18;
1900-01-01 04:41:28;561.0;1745692888;99.6;101.732;92.226;102.119;
1900-01-01 04:41:29;562.0;1745692889;99.546;101.785;92.235;102.155;
1900-01-01 04:41:30;563.0;1745692890;99.593;101.723;92.235;102.155;
1900-01-01 04:41:31;564.0;1745692891;99.593;101.723;92.393;102.143;
1900-01-01 04:41:32;565.0;1745692892;99.618;101.758;92.469;102.143;
1900-01-01 04:41:33;566.0;1745692893;99.668;101.73;92.469;102.179;
1900-01-01 04:41:34;567.0;1745692894;99.668;101.73;92.507;102.118;
1900-01-01 04:41:35;568.0;1745692895;99.569;101.663;92.393;102.118;
1900-01-01 04:41:36;569.0;1745692896;99.647;101.663;92.393;102.195;
1900-01-01 04:41:37;570.0;1745692897;99.647;101.643;92.347;102.228;
1900-01-01 04:41:38;571.0;1745692898;99.622;101.61;92.305;102.228;
1900-01-01 04:41:39;572.0;1745692899;99.501;101.61;92.305;102.163;
1900-01-01 04:41:40;573.0;1745692900;99.501;101.644;92.385;102.16;
1900-01-01 04:41:41;574.0;1745692901;99.427;101.626;92.361;102.16;
1900-01-01 04:41:42;575.0;1745692902;99.455;101.67;92.361;102.161;
1900-01-01 04:41:43;576.0;1745692903;99.455;101.67;92.307;102.191;
1900-01-01 04:41:44;577.0;1745692904;99.357;101.596;92.307;102.191;
1900-01-01 04:41:45;578.0;1745692905;99.221;101.596;92.253;102.116;
1900-01-01 04:41:46;579.0;1745692906;99.221;101.672;92.273;102.1;
1900-01-01 04:41:47;580.0;1745692907;99.228;101.61;92.273;102.1;
1900-01-01 04:41:48;581.0;1745692908;99.173;101.61;92.275;102.166;
1900-01-01 04:41:49;582.0;1745692909;99.173;101.609;92.326;102.175;
1900-01-01 04:41:51;583.0;1745692911;99.228;101.642;92.276;102.175;
1900-01-01 04:41:51;584.0;1745692911;99.228;101.642;92.276;102.117;
1900-01-01 04:41:52;585.0;1745692912;99.23;101.687;92.234;102.124;
1900-01-01 04:41:53;586.0;1745692913;99.237;101.593;92.234;102.124;
1900-01-01 04:41:54;587.0;1745692914;99.237;101.593;92.25;102.179;
1900-01-01 04:41:55;588.0;1745692915;99.27;101.588;92.234;102.162;
1900-01-01 04:41:56;589.0;1745692916;99.397;101.588;92.234;102.162;
1900-01-01 04:41:57;590.0;1745692917;99.397;101.635;92.25;102.171;
1900-01-01 04:41:58;591.0;1745692918;99.336;101.619;92.218;102.171;
1900-01-01 04:41:59;592.0;1745692919;99.353;101.619;92.218;102.184;
1900-01-01 04:42:00;593.0;1745692920;99.353;101.624;92.171;102.06;
1900-01-01 04:42:01;594.0;1745692921;99.329;101.608;92.097;102.06;
1900-01-01 04:42:03;595.0;1745692923;99.323;101.676;92.097;102.219;
1900-01-01 04:42:03;596.0;1745692923;99.323;101.676;92.168;102.164;
1900-01-01 04:42:04;597.0;1745692924;99.434;101.569;92.204;102.164;
1900-01-01 04:42:05;598.0;1745692925;99.314;101.569;92.204;102.148;
1900-01-01 04:42:06;599.0;1745692926;99.314;101.644;92.105;102.202;
1900-01-01 04:42:07;600.0;1745692927;99.358;101.517;92.162;102.202;
1900-01-01 04:42:08;601.0;1745692928;99.358;101.517;92.162;102.13;
1900-01-01 04:42:09;602.0;1745692929;99.323;101.589;92.116;102.122;
1900-01-01 04:42:10;603.0;1745692930;99.317;101.637;92.116;102.122;
1900-01-01 04:42:12;604.0;1745692932;99.285;101.637;92.072;102.034;
1900-01-01 04:42:12;605.0;1745692932;99.285;101.526;92.099;102.034;
1900-01-01 04:42:13;606.0;1745692933;99.237;101.553;92.099;102.211;
1900-01-01 04:42:14;607.0;1745692934;99.188;101.553;92.149;102.19;
1900-01-01 04:42:15;608.0;1745692935;99.188;101.488;92.127;102.19;
1900-01-01 04:42:16;609.0;1745692936;99.31;101.587;92.127;102.155;
1900-01-01 04:42:17;610.0;1745692937;99.31;101.587;92.197;102.185;
1900-01-01 04:42:18;611.0;1745692938;99.266;101.431;92.178;102.185;
1900-01-01 04:42:19;612.0;1745692939;99.271;101.431;92.178;102.154;
1900-01-01 04:42:20;613.0;1745692940;99.271;101.519;92.147;102.174;
1900-01-01 04:42:21;614.0;1745692941;99.349;101.579;92.224;102.174;
1900-01-01 04:42:22;615.0;1745692942;99.381;101.579;92.224;102.19;
1900-01-01 04:42:23;616.0;1745692943;99.381;101.607;92.212;102.196;
1900-01-01 04:42:24;617.0;1745692944;99.345;101.549;92.148;102.196;
1900-01-01 04:42:25;618.0;1745692945;99.356;101.549;92.148;102.198;
1900-01-01 04:42:26;619.0;1745692946;99.356;101.556;92.128;102.198;
1900-01-01 04:42:27;620.0;1745692947;99.319;101.539;92.131;102.198;
1900-01-01 04:42:28;621.0;1745692948;99.39;101.539;92.131;102.214;
1900-01-01 04:42:29;622.0;1745692949;99.39;101.505;92.069;102.138;
1900-01-01 04:42:30;623.0;1745692950;99.327;101.524;92.069;102.138;
1900-01-01 04:42:31;624.0;1745692951;99.329;101.524;91.943;102.21;
1900-01-01 04:42:32;625.0;1745692952;99.329;101.515;91.847;102.187;
1900-01-01 04:42:33;626.0;1745692953;99.292;101.658;91.847;102.187;
1900-01-01 04:42:34;627.0;1745692954;99.332;101.658;91.835;102.181;
1900-01-01 04:42:35;628.0;1745692955;99.332;101.518;91.705;102.158;
1900-01-01 04:42:37;629.0;1745692957;99.226;101.596;91.657;102.158;
1900-01-01 04:42:37;630.0;1745692957;99.226;101.596;91.657;102.185;
1900-01-01 04:42:38;631.0;1745692958;99.344;101.51;91.57;102.22;
1900-01-01 04:42:39;632.0;1745692959;99.262;101.727;91.57;102.22;
1900-01-01 04:42:40;633.0;1745692960;99.262;101.727;91.569;102.248;
1900-01-01 04:42:41;634.0;1745692961;99.247;101.553;91.556;102.131;
1900-01-01 04:42:42;635.0;1745692962;99.262;101.48;91.556;102.131;
1900-01-01 04:42:43;636.0;1745692963;99.262;101.48;91.594;102.204;
1900-01-01 04:42:44;637.0;1745692964;99.317;101.451;91.681;102.204;
1900-01-01 04:42:45;638.0;1745692965;99.312;101.451;91.681;102.271;
1900-01-01 04:42:46;639.0;1745692966;99.312;101.552;91.678;102.286;
1900-01-01 04:42:47;640.0;1745692967;99.344;101.548;91.779;102.286;
1900-01-01 04:42:48;641.0;1745692968;99.423;101.548;91.779;102.195;
1900-01-01 04:42:49;642.0;1745692969;99.423;101.429;91.849;102.191;
1900-01-01 04:42:50;643.0;1745692970;99.36;101.595;91.729;102.191;
1900-01-01 04:42:51;644.0;1745692971;99.4;101.595;91.729;102.157;
1900-01-01 04:42:52;645.0;1745692972;99.4;101.544;91.603;102.213;
1900-01-01 04:42:53;646.0;1745692973;99.326;101.503;91.537;102.213;
1900-01-01 04:42:54;647.0;1745692974;99.368;101.601;91.537;102.199;
1900-01-01 04:42:55;648.0;1745692975;99.368;101.601;91.612;102.101;
1900-01-01 04:42:56;649.0;1745692976;99.225;101.505;91.589;102.101;
1900-01-01 04:42:57;650.0;1745692977;99.278;101.505;91.589;102.182;
1900-01-01 04:42:58;651.0;1745692978;99.278;101.509;91.56;102.214;
1900-01-01 04:42:59;652.0;1745692979;99.214;101.534;91.56;102.214;
1900-01-01 04:43:00;653.0;1745692980;99.256;101.534;91.523;102.161;
1900-01-01 04:43:02;654.0;1745692982;99.256;101.451;91.568;102.151;
1900-01-01 04:43:02;655.0;1745692982;99.243;101.496;91.568;102.151;
1900-01-01 04:43:03;656.0;1745692983;99.195;101.496;91.671;102.173;
1900-01-01 04:43:04;657.0;1745692984;99.195;101.542;91.615;102.173;
1900-01-01 04:43:05;658.0;1745692985;99.161;101.471;91.615;102.195;
1900-01-01 04:43:06;659.0;1745692986;99.132;101.471;91.569;102.135;
1900-01-01 04:43:07;660.0;1745692987;99.132;101.576;91.612;102.135;
1900-01-01 04:43:08;661.0;1745692988;99.103;101.477;91.612;102.202;
1900-01-01 04:43:09;662.0;1745692989;99.103;101.477;91.591;102.203;
1900-01-01 04:43:10;663.0;1745692990;99.109;101.504;91.596;102.173;
1900-01-01 04:43:11;664.0;1745692991;99.099;101.516;91.596;102.173;
1900-01-01 04:43:12;665.0;1745692992;99.099;101.516;91.626;102.203;
1900-01-01 04:43:13;666.0;1745692993;99.153;101.574;91.488;102.203;
1900-01-01 04:43:14;667.0;1745692994;99.118;101.531;91.488;102.131;
1900-01-01 04:43:15;668.0;1745692995;99.118;101.531;91.409;102.18;
1900-01-01 04:43:16;669.0;1745692996;99.133;101.499;91.434;102.18;
1900-01-01 04:43:17;670.0;1745692997;99.073;101.421;91.434;102.153;
1900-01-01 04:43:18;671.0;1745692998;99.073;101.421;91.42;102.241;
1900-01-01 04:43:19;672.0;1745692999;99.04;101.508;91.487;102.241;
1900-01-01 04:43:21;673.0;1745693001;99.079;101.555;91.487;102.14;
1900-01-01 04:43:21;674.0;1745693001;99.079;101.555;91.518;102.191;
1900-01-01 04:43:22;675.0;1745693002;99.014;101.555;91.534;102.191;
1900-01-01 04:43:23;676.0;1745693003;99.015;101.555;91.534;102.206;
1900-01-01 04:43:24;677.0;1745693004;99.015;101.485;91.562;102.107;
1900-01-01 04:43:25;678.0;1745693005;99.061;101.456;91.566;102.107;
1900-01-01 04:43:26;679.0;1745693006;99.077;101.456;91.566;102.154;
1900-01-01 04:43:27;680.0;1745693007;99.077;101.465;91.602;102.155;
1900-01-01 04:43:28;681.0;1745693008;99.051;101.535;91.616;102.155;
1900-01-01 04:43:29;682.0;1745693009;99.031;101.535;91.616;102.109;
1900-01-01 04:43:30;683.0;1745693010;99.031;101.447;91.563;102.185;
1900-01-01 04:43:31;684.0;1745693011;99.04;101.429;91.563;102.185;
1900-01-01 04:43:32;685.0;1745693012;98.993;101.429;91.485;102.223;
1900-01-01 04:43:33;686.0;1745693013;98.993;101.421;91.39;102.191;
1900-01-01 04:43:34;687.0;1745693014;99.041;101.529;91.39;102.191;
1900-01-01 04:43:35;688.0;1745693015;99.093;101.529;91.414;102.165;
1900-01-01 04:43:36;689.0;1745693016;99.093;101.49;91.452;102.222;
1900-01-01 04:43:37;690.0;1745693017;99.16;101.495;91.452;102.222;
1900-01-01 04:43:38;691.0;1745693018;99.16;101.495;91.475;102.214;
1900-01-01 04:43:39;692.0;1745693019;99.104;101.482;91.391;102.214;
1900-01-01 04:43:40;693.0;1745693020;99.125;101.376;91.391;102.19;
1900-01-01 04:43:41;694.0;1745693021;99.125;101.376;91.316;102.161;
1900-01-01 04:43:42;695.0;1745693022;99.16;101.477;91.222;102.161;
1900-01-01 04:43:43;696.0;1745693023;99.182;101.477;91.222;102.189;
1900-01-01 04:43:44;697.0;1745693024;99.182;101.465;91.321;102.103;
1900-01-01 04:43:46;698.0;1745693026;99.163;101.497;91.389;102.103;
1900-01-01 04:43:46;699.0;1745693026;99.153;101.497;91.389;102.136;
1900-01-01 04:43:47;700.0;1745693027;99.153;101.545;91.504;102.115;
1900-01-01 04:43:48;701.0;1745693028;99.143;101.372;91.504;102.115;
1900-01-01 04:43:49;702.0;1745693029;99.159;101.372;91.488;102.187;
1900-01-01 04:43:50;703.0;1745693030;99.159;101.41;91.514;102.129;
1900-01-01 04:43:51;704.0;1745693031;99.131;101.407;91.514;102.129;
1900-01-01 04:43:52;705.0;1745693032;99.055;101.407;91.348;102.198;
1900-01-01 04:43:53;706.0;1745693033;99.055;101.463;91.207;102.198;
1900-01-01 04:43:54;707.0;1745693034;99.03;101.344;91.207;102.068;
1900-01-01 04:43:56;708.0;1745693036;98.993;101.344;91.215;102.163;
1900-01-01 04:43:56;709.0;1745693036;98.993;101.416;91.168;102.163;
1900-01-01 04:43:57;710.0;1745693037;98.92;101.307;91.168;102.161;
1900-01-01 04:43:58;711.0;1745693038;98.954;101.307;91.252;102.178;
1900-01-01 04:43:59;712.0;1745693039;98.954;101.406;91.166;102.178;
1900-01-01 04:44:00;713.0;1745693040;98.969;101.295;91.166;102.113;
1900-01-01 04:44:01;714.0;1745693041;98.969;101.295;91.14;102.101;
1900-01-01 04:44:03;715.0;1745693043;98.997;101.303;91.148;102.113;
1900-01-01 04:44:03;716.0;1745693043;99.022;101.303;91.148;102.113;
1900-01-01 04:44:04;717.0;1745693044;99.022;101.288;91.151;102.101;
1900-01-01 04:44:05;718.0;1745693045;98.976;101.399;91.103;102.101;
1900-01-01 04:44:06;719.0;1745693046;99.018;101.399;91.103;102.17;
1900-01-01 04:44:07;720.0;1745693047;99.018;101.374;91.119;102.087;
1900-01-01 04:44:08;721.0;1745693048;99.057;101.371;91.067;102.087;
1900-01-01 04:44:09;722.0;1745693049;99.077;101.39;91.067;102.128;
1900-01-01 04:44:10;723.0;1745693050;99.077;101.39;90.994;102.15;
1900-01-01 04:44:11;724.0;1745693051;98.996;101.371;90.983;102.15;
1900-01-01 04:44:12;725.0;1745693052;99.011;101.371;90.983;102.198;
1900-01-01 04:44:13;726.0;1745693053;99.011;101.373;90.947;102.202;
1900-01-01 04:44:14;727.0;1745693054;99.079;101.369;90.962;102.202;
1900-01-01 04:44:15;728.0;1745693055;99.056;101.369;90.962;102.179;
1900-01-01 04:44:16;729.0;1745693056;99.056;101.448;90.972;102.191;
1900-01-01 04:44:17;730.0;1745693057;99.028;101.333;90.974;102.191;
1900-01-01 04:44:18;731.0;1745693058;98.887;101.386;90.974;102.205;
1900-01-01 04:44:19;732.0;1745693059;98.887;101.386;91.034;102.202;
1900-01-01 04:44:20;733.0;1745693060;98.955;101.377;91.17;102.202;
1900-01-01 04:44:21;734.0;1745693061;98.879;101.377;91.17;102.103;
1900-01-01 04:44:22;735.0;1745693062;98.879;101.337;91.12;102.234;
1900-01-01 04:44:23;736.0;1745693063;98.923;101.367;91.044;102.234;
1900-01-01 04:44:24;737.0;1745693064;98.917;101.367;91.044;102.142;
1900-01-01 04:44:25;738.0;1745693065;98.917;101.412;91.041;102.141;
1900-01-01 04:44:27;739.0;1745693067;98.857;101.328;91.077;102.141;
1900-01-01 04:44:27;740.0;1745693067;98.901;101.328;91.077;102.182;
1900-01-01 04:44:28;741.0;1745693068;98.901;101.326;91.069;102.133;
1900-01-01 04:44:29;742.0;1745693069;98.86;101.341;91.086;102.133;
1900-01-01 04:44:30;743.0;1745693070;98.86;101.341;91.086;102.126;
1900-01-01 04:44:31;744.0;1745693071;98.898;101.22;90.967;102.178;
1900-01-01 04:44:32;745.0;1745693072;98.867;101.324;90.967;102.178;
1900-01-01 04:44:34;746.0;1745693074;98.919;101.324;90.923;102.15;
1900-01-01 04:44:34;747.0;1745693074;98.919;101.317;90.891;102.17;
1900-01-01 04:44:35;748.0;1745693075;98.783;101.356;90.891;102.17;
1900-01-01 04:44:36;749.0;1745693076;98.872;101.356;90.859;102.137;
1900-01-01 04:44:37;750.0;1745693077;98.872;101.309;90.805;102.137;
1900-01-01 04:44:38;751.0;1745693078;98.792;101.357;90.805;102.14;
1900-01-01 04:44:39;752.0;1745693079;98.834;101.357;91.069;102.197;
1900-01-01 04:44:40;753.0;1745693080;98.834;101.295;91.08;102.151;
1900-01-01 04:44:41;754.0;1745693081;98.816;101.365;91.08;102.151;
1900-01-01 04:44:42;755.0;1745693082;98.816;101.365;91.043;102.146;
1900-01-01 04:44:43;756.0;1745693083;98.818;101.312;91.042;102.199;
1900-01-01 04:44:44;757.0;1745693084;98.805;101.317;91.042;102.199;
1900-01-01 04:44:45;758.0;1745693085;98.805;101.317;91.025;102.206;
1900-01-01 04:44:46;759.0;1745693086;98.849;101.414;90.979;102.206;
1900-01-01 04:44:47;760.0;1745693087;98.897;101.414;90.979;102.195;
1900-01-01 04:44:48;761.0;1745693088;98.897;101.331;90.864;102.195;
1900-01-01 04:44:49;762.0;1745693089;98.892;101.413;90.864;102.195;
1900-01-01 04:44:50;763.0;1745693090;98.822;101.413;90.832;102.21;
1900-01-01 04:44:51;764.0;1745693091;98.822;101.383;90.72;102.176;
1900-01-01 04:44:52;765.0;1745693092;98.773;101.394;90.72;102.176;
1900-01-01 04:44:53;766.0;1745693093;98.748;101.394;90.714;102.144;
1900-01-01 04:44:54;767.0;1745693094;98.748;101.284;90.731;102.139;
1900-01-01 04:44:55;768.0;1745693095;98.754;101.348;90.731;102.139;
1900-01-01 04:44:57;769.0;1745693097;98.782;101.348;90.704;102.105;
1900-01-01 04:44:57;770.0;1745693097;98.782;101.276;90.643;102.176;
1900-01-01 04:44:58;771.0;1745693098;98.802;101.391;90.643;102.176;
1900-01-01 04:45:00;772.0;1745693100;98.761;101.391;90.676;102.161;
1900-01-01 04:45:00;773.0;1745693100;98.761;101.377;90.747;102.161;
1900-01-01 04:45:01;774.0;1745693101;98.822;101.375;90.747;102.165;
1900-01-01 04:45:02;775.0;1745693102;98.822;101.375;90.785;102.181;
1900-01-01 04:45:03;776.0;1745693103;98.769;101.325;90.804;102.181;
1900-01-01 04:45:04;777.0;1745693104;98.825;101.31;90.804;102.291;
1900-01-01 04:45:05;778.0;1745693105;98.825;101.31;90.798;102.028;
1900-01-01 04:45:06;779.0;1745693106;98.751;101.304;90.861;102.028;
1900-01-01 04:45:07;780.0;1745693107;98.824;101.233;90.861;102.19;
1900-01-01 04:45:08;781.0;1745693108;98.824;101.233;90.823;102.16;
1900-01-01 04:45:09;782.0;1745693109;98.923;101.191;90.836;102.16;
1900-01-01 04:45:10;783.0;1745693110;98.842;101.191;90.836;102.204;
1900-01-01 04:45:11;784.0;1745693111;98.842;101.281;90.766;102.2;
1900-01-01 04:45:12;785.0;1745693112;98.818;101.299;90.766;102.2;
1900-01-01 04:45:13;786.0;1745693113;98.85;101.299;90.719;102.17;
1900-01-01 04:45:14;787.0;1745693114;98.85;101.235;90.736;102.166;
1900-01-01 04:45:15;788.0;1745693115;98.851;101.185;90.736;102.166;
1900-01-01 04:45:16;789.0;1745693116;98.866;101.185;90.719;102.249;
1900-01-01 04:45:17;790.0;1745693117;98.866;101.26;90.674;102.119;
1900-01-01 04:45:18;791.0;1745693118;98.714;101.281;90.674;102.119;
1900-01-01 04:45:19;792.0;1745693119;98.714;101.281;90.622;102.182;
1900-01-01 04:45:20;793.0;1745693120;98.816;101.274;90.585;102.169;
1900-01-01 04:45:21;794.0;1745693121;98.832;101.175;90.585;102.169;
1900-01-01 04:45:22;795.0;1745693122;98.832;101.175;90.455;102.153;
1900-01-01 04:45:23;796.0;1745693123;98.733;101.183;90.481;102.153;
1900-01-01 04:45:24;797.0;1745693124;98.669;101.131;90.481;102.208;
1900-01-01 04:45:25;798.0;1745693125;98.669;101.131;90.463;102.131;
1900-01-01 04:45:26;799.0;1745693126;98.603;101.164;90.496;102.131;
1900-01-01 04:45:28;800.0;1745693128;98.706;101.165;90.496;102.124;
1900-01-01 04:45:28;801.0;1745693128;98.706;101.165;90.505;102.172;
1900-01-01 04:45:29;802.0;1745693129;98.672;101.247;90.422;102.172;
1900-01-01 04:45:30;803.0;1745693130;98.729;101.247;90.422;102.133;
1900-01-01 04:45:31;804.0;1745693131;98.729;101.187;90.41;102.12;
1900-01-01 04:45:32;805.0;1745693132;98.66;101.242;90.36;102.12;
1900-01-01 04:45:33;806.0;1745693133;98.66;101.242;90.36;102.218;
1900-01-01 04:45:34;807.0;1745693134;98.774;101.242;90.351;102.191;
1900-01-01 04:45:36;808.0;1745693136;98.767;101.137;90.298;102.191;
1900-01-01 04:45:36;809.0;1745693136;98.723;101.137;90.298;102.265;
1900-01-01 04:45:37;810.0;1745693137;98.723;101.17;90.34;102.223;
1900-01-01 04:45:38;811.0;1745693138;98.704;101.153;90.34;102.223;
1900-01-01 04:45:39;812.0;1745693139;98.641;101.153;90.44;102.181;
1900-01-01 04:45:40;813.0;1745693140;98.641;101.15;90.347;102.181;
1900-01-01 04:45:41;814.0;1745693141;98.587;101.088;90.347;102.196;
1900-01-01 04:45:42;815.0;1745693142;98.65;101.088;90.228;102.178;
1900-01-01 04:45:43;816.0;1745693143;98.65;101.105;90.113;102.178;
1900-01-01 04:45:44;817.0;1745693144;98.569;101.088;90.113;102.269;
1900-01-01 04:45:45;818.0;1745693145;98.569;101.088;90.076;102.285;
1900-01-01 04:45:46;819.0;1745693146;98.516;101.128;90.163;102.285;
1900-01-01 04:45:47;820.0;1745693147;98.473;101.128;90.163;102.179;
1900-01-01 04:45:48;821.0;1745693148;98.473;101.078;90.208;102.23;
1900-01-01 04:45:49;822.0;1745693149;98.591;101.114;90.319;102.23;
1900-01-01 04:45:50;823.0;1745693150;98.605;101.073;90.319;102.244;
1900-01-01 04:45:51;824.0;1745693151;98.605;101.073;90.375;102.197;
1900-01-01 04:45:52;825.0;1745693152;98.591;101.124;90.425;102.197;
1900-01-01 04:45:53;826.0;1745693153;98.567;101.124;90.425;102.227;
1900-01-01 04:45:54;827.0;1745693154;98.567;101.091;90.525;102.223;
1900-01-01 04:45:55;828.0;1745693155;98.574;101.134;90.551;102.223;
1900-01-01 04:45:56;829.0;1745693156;98.623;101.134;90.551;102.242;
1900-01-01 04:45:57;830.0;1745693157;98.623;101.146;90.659;102.205;
1900-01-01 04:45:58;831.0;1745693158;98.647;101.065;90.659;102.205;
1900-01-01 04:46:00;832.0;1745693160;98.63;101.065;90.605;102.211;
1900-01-01 04:46:00;833.0;1745693160;98.63;101.183;90.606;102.211;
1900-01-01 04:46:01;834.0;1745693161;98.54;101.139;90.606;102.228;
1900-01-01 04:46:02;835.0;1745693162;98.54;101.139;90.541;102.229;
1900-01-01 04:46:03;836.0;1745693163;98.574;101.142;90.466;102.229;
1900-01-01 04:46:05;837.0;1745693165;98.492;101.19;90.466;102.156;
1900-01-01 04:46:05;838.0;1745693165;98.492;101.19;90.514;102.196;
1900-01-01 04:46:06;839.0;1745693166;98.511;101.097;90.464;102.196;
1900-01-01 04:46:08;840.0;1745693168;98.503;101.057;90.464;102.177;
1900-01-01 04:46:08;841.0;1745693168;98.503;101.057;90.585;102.196;
1900-01-01 04:46:09;842.0;1745693169;98.513;101.1;90.58;102.196;
1900-01-01 04:46:10;843.0;1745693170;98.59;101.1;90.58;102.229;
1900-01-01 04:46:11;844.0;1745693171;98.59;101.179;90.647;102.163;
1900-01-01 04:46:12;845.0;1745693172;98.555;101.114;90.647;102.163;
1900-01-01 04:46:13;846.0;1745693173;98.563;101.114;90.5;102.201;
1900-01-01 04:46:14;847.0;1745693174;98.563;101.034;90.462;102.186;
1900-01-01 04:46:16;848.0;1745693176;98.498;101.058;90.336;102.186;
1900-01-01 04:46:16;849.0;1745693176;98.529;101.058;90.336;102.236;
1900-01-01 04:46:17;850.0;1745693177;98.529;101.082;90.26;102.202;
1900-01-01 04:46:18;851.0;1745693178;98.535;101.039;90.26;102.202;
1900-01-01 04:46:19;852.0;1745693179;98.535;101.039;90.093;102.071;
1900-01-01 04:46:20;853.0;1745693180;98.502;101.045;90.05;102.092;
1900-01-01 04:46:21;854.0;1745693181;98.473;101.099;90.05;102.092;
1900-01-01 04:46:23;855.0;1745693183;98.49;101.099;89.968;102.205;
1900-01-01 04:46:23;856.0;1745693183;98.49;101.015;89.87;102.205;
1900-01-01 04:46:24;857.0;1745693184;98.43;100.991;89.87;102.141;
1900-01-01 04:46:25;858.0;1745693185;98.482;100.991;89.881;102.169;
1900-01-01 04:46:26;859.0;1745693186;98.482;101.024;89.837;102.169;
1900-01-01 04:46:27;860.0;1745693187;98.432;101.072;89.837;102.196;
1900-01-01 04:46:28;861.0;1745693188;98.438;101.072;89.861;102.222;
1900-01-01 04:46:29;862.0;1745693189;98.438;101.127;89.956;102.222;
1900-01-01 04:46:30;863.0;1745693190;98.375;101.038;89.956;102.305;
1900-01-01 04:46:31;864.0;1745693191;98.375;101.038;89.842;102.157;
1900-01-01 04:46:32;865.0;1745693192;98.361;101.029;89.925;102.157;
1900-01-01 04:46:33;866.0;1745693193;98.379;101.094;89.925;102.16;
1900-01-01 04:46:34;867.0;1745693194;98.379;101.094;89.933;102.225;
1900-01-01 04:46:35;868.0;1745693195;98.499;101.058;89.957;102.225;
1900-01-01 04:46:36;869.0;1745693196;98.45;101.058;89.957;102.307;
1900-01-01 04:46:37;870.0;1745693197;98.45;101.086;89.815;102.169;
1900-01-01 04:46:38;871.0;1745693198;98.523;101.053;89.8;102.169;
1900-01-01 04:46:39;872.0;1745693199;98.51;101.053;89.8;102.167;
1900-01-01 04:46:40;873.0;1745693200;98.51;101.107;89.774;102.163;
1900-01-01 04:46:41;874.0;1745693201;98.571;100.998;89.867;102.163;
1900-01-01 04:46:42;875.0;1745693202;98.58;100.998;89.867;102.234;
1900-01-01 04:46:43;876.0;1745693203;98.58;101.073;89.953;102.105;
1900-01-01 04:46:44;877.0;1745693204;98.541;101.044;89.953;102.105;
1900-01-01 04:46:45;878.0;1745693205;98.541;101.044;90.077;102.24;
1900-01-01 04:46:46;879.0;1745693206;98.523;101.037;90.186;102.24;
1900-01-01 04:46:47;880.0;1745693207;98.635;101.013;90.186;102.116;
1900-01-01 04:46:48;881.0;1745693208;98.635;101.013;90.22;102.15;
1900-01-01 04:46:49;882.0;1745693209;98.587;101.007;90.287;102.15;
1900-01-01 04:46:50;883.0;1745693210;98.557;101.01;90.287;102.157;
1900-01-01 04:46:51;884.0;1745693211;98.557;101.01;90.167;102.216;
1900-01-01 04:46:52;885.0;1745693212;98.497;100.99;90.041;102.216;
1900-01-01 04:46:53;886.0;1745693213;98.43;101.001;90.041;102.156;
1900-01-01 04:46:54;887.0;1745693214;98.43;101.001;89.877;102.175;
1900-01-01 04:46:55;888.0;1745693215;98.467;101.004;89.731;102.175;
1900-01-01 04:46:56;889.0;1745693216;98.394;101.004;89.731;102.217;
1900-01-01 04:46:57;890.0;1745693217;98.394;100.997;89.693;102.194;
1900-01-01 04:46:58;891.0;1745693218;98.378;100.971;89.693;102.194;
1900-01-01 04:46:59;892.0;1745693219;98.355;100.971;89.614;102.28;
1900-01-01 04:47:00;893.0;1745693220;98.355;101.0;89.75;102.151;
1900-01-01 04:47:01;894.0;1745693221;98.352;101.012;89.75;102.151;
1900-01-01 04:47:02;895.0;1745693222;98.273;101.012;89.718;102.277;
1900-01-01 04:47:03;896.0;1745693223;98.273;100.94;89.771;102.184;
1900-01-01 04:47:04;897.0;1745693224;98.304;100.956;89.771;102.184;
1900-01-01 04:47:05;898.0;1745693225;98.307;100.956;89.729;102.074;
1900-01-01 04:47:06;899.0;1745693226;98.307;100.979;89.748;102.227;
1900-01-01 04:47:07;900.0;1745693227;98.3;100.941;89.748;102.227;
1900-01-01 04:47:08;901.0;1745693228;98.398;100.941;89.647;102.302;
1900-01-01 04:47:09;902.0;1745693229;98.398;100.876;89.661;102.217;
1900-01-01 04:47:10;903.0;1745693230;98.423;101.005;89.661;102.217;
1900-01-01 04:47:11;904.0;1745693231;98.423;101.005;89.64;102.146;
1900-01-01 04:47:12;905.0;1745693232;98.43;101.009;89.549;102.146;
1900-01-01 04:47:13;906.0;1745693233;98.341;100.944;89.549;102.207;
1900-01-01 04:47:14;907.0;1745693234;98.341;100.944;89.52;102.19;
1900-01-01 04:47:16;908.0;1745693236;98.444;101.029;89.587;102.19;
1900-01-01 04:47:16;909.0;1745693236;98.39;101.029;89.587;102.22;
1900-01-01 04:47:17;910.0;1745693237;98.39;100.93;89.473;102.232;
1900-01-01 04:47:19;911.0;1745693239;98.397;100.942;89.488;102.232;
1900-01-01 04:47:19;912.0;1745693239;98.404;100.942;89.488;102.204;
1900-01-01 04:47:20;913.0;1745693240;98.404;100.951;89.568;102.294;
1900-01-01 04:47:21;914.0;1745693241;98.358;100.96;89.568;102.294;
1900-01-01 04:47:22;915.0;1745693242;98.299;100.96;89.535;102.184;
1900-01-01 04:47:23;916.0;1745693243;98.299;101.089;89.535;102.186;
1900-01-01 04:47:24;917.0;1745693244;98.303;101.026;89.449;102.186;
1900-01-01 04:47:25;918.0;1745693245;98.239;101.026;89.449;102.216;
1900-01-01 04:47:26;919.0;1745693246;98.239;100.993;89.539;102.23;
1900-01-01 04:47:27;920.0;1745693247;98.189;101.012;89.539;102.23;
1900-01-01 04:47:28;921.0;1745693248;98.309;101.012;89.514;102.196;
1900-01-01 04:47:29;922.0;1745693249;98.309;100.945;89.545;102.139;
1900-01-01 04:47:30;923.0;1745693250;98.372;100.962;89.545;102.139;
1900-01-01 04:47:32;924.0;1745693252;98.32;100.962;89.487;102.224;
1900-01-01 04:47:32;925.0;1745693252;98.32;101.066;89.489;102.224;
1900-01-01 04:47:33;926.0;1745693253;98.359;100.858;89.489;102.237;
1900-01-01 04:47:34;927.0;1745693254;98.276;100.858;89.443;102.276;
1900-01-01 04:47:35;928.0;1745693255;98.276;101.006;89.443;102.227;
1900-01-01 04:47:36;929.0;1745693256;98.243;100.919;89.443;102.227;
1900-01-01 04:47:37;930.0;1745693257;98.243;100.919;89.467;102.224;
1900-01-01 04:47:38;931.0;1745693258;98.24;100.962;89.5;102.224;
1900-01-01 04:47:39;932.0;1745693259;98.272;100.85;89.5;102.279;
1900-01-01 04:47:40;933.0;1745693260;98.272;100.85;89.56;102.261;
1900-01-01 04:47:41;934.0;1745693261;98.202;100.944;89.45;102.261;
1900-01-01 04:47:42;935.0;1745693262;98.157;100.944;89.45;102.26;
1900-01-01 04:47:43;936.0;1745693263;98.157;100.935;89.485;102.203;
1900-01-01 04:47:44;937.0;1745693264;98.163;100.801;89.535;102.203;
1900-01-01 04:47:45;938.0;1745693265;98.209;100.801;89.535;102.209;
1900-01-01 04:47:46;939.0;1745693266;98.209;100.847;89.578;102.328;
1900-01-01 04:47:47;940.0;1745693267;98.207;100.835;89.578;102.328;
1900-01-01 04:47:48;941.0;1745693268;98.208;100.835;89.46;102.202;
1900-01-01 04:47:49;942.0;1745693269;98.208;100.887;89.457;102.211;
1900-01-01 04:47:50;943.0;1745693270;98.153;100.894;89.457;102.211;
1900-01-01 04:47:51;944.0;1745693271;98.128;100.894;89.423;102.229;
1900-01-01 04:47:52;945.0;1745693272;98.128;100.871;89.354;102.229;
1900-01-01 04:47:53;946.0;1745693273;98.066;100.866;89.354;102.257;
1900-01-01 04:47:55;947.0;1745693275;98.22;100.866;89.289;102.228;
1900-01-01 04:47:55;948.0;1745693275;98.22;100.856;89.22;102.228;
1900-01-01 04:47:56;949.0;1745693276;98.14;100.879;89.22;102.223;
1900-01-01 04:47:57;950.0;1745693277;98.14;100.879;89.244;102.34;
1900-01-01 04:47:58;951.0;1745693278;98.111;100.683;89.239;102.34;
1900-01-01 04:47:59;952.0;1745693279;98.124;100.683;89.239;102.294;
1900-01-01 04:48:00;953.0;1745693280;98.124;100.783;89.23;102.245;
1900-01-01 04:48:01;954.0;1745693281;98.079;100.795;89.23;102.245;
1900-01-01 04:48:02;955.0;1745693282;98.108;100.795;89.206;102.303;
1900-01-01 04:48:03;956.0;1745693283;98.108;100.832;89.148;102.296;
1900-01-01 04:48:04;957.0;1745693284;98.075;100.808;89.148;102.296;
1900-01-01 04:48:05;958.0;1745693285;98.107;100.808;89.282;102.292;
1900-01-01 04:48:06;959.0;1745693286;98.107;100.871;89.208;102.254;
1900-01-01 04:48:08;960.0;1745693288;98.193;100.916;89.159;102.254;
1900-01-01 04:48:08;961.0;1745693288;98.053;100.916;89.159;102.314;
1900-01-01 04:48:09;962.0;1745693289;98.053;100.887;89.198;102.301;
1900-01-01 04:48:10;963.0;1745693290;98.091;100.88;89.17;102.301;
1900-01-01 04:48:12;964.0;1745693292;98.039;100.88;89.17;102.226;
1900-01-01 04:48:12;965.0;1745693292;98.039;100.89;89.15;102.284;
1900-01-01 04:48:13;966.0;1745693293;98.093;100.935;89.15;102.284;
1900-01-01 04:48:15;967.0;1745693295;98.029;100.935;89.213;102.28;
1900-01-01 04:48:15;968.0;1745693295;98.029;100.899;89.081;102.28;
1900-01-01 04:48:16;969.0;1745693296;97.958;100.931;89.081;102.273;
1900-01-01 04:48:17;970.0;1745693297;98.0;100.931;89.07;102.271;
1900-01-01 04:48:18;971.0;1745693298;98.0;100.905;88.975;102.271;
1900-01-01 04:48:19;972.0;1745693299;97.973;100.882;88.975;102.312;
1900-01-01 04:48:20;973.0;1745693300;97.973;100.882;88.949;102.269;
1900-01-01 04:48:21;974.0;1745693301;97.921;100.877;89.001;102.269;
1900-01-01 04:48:22;975.0;1745693302;98.021;100.839;89.001;102.251;
1900-01-01 04:48:23;976.0;1745693303;98.021;100.839;88.912;102.211;
1900-01-01 04:48:24;977.0;1745693304;98.081;100.848;88.957;102.211;
1900-01-01 04:48:25;978.0;1745693305;98.12;100.847;88.957;102.262;
1900-01-01 04:48:26;979.0;1745693306;98.12;100.847;88.943;102.084;
1900-01-01 04:48:27;980.0;1745693307;98.111;100.791;88.943;102.084;
1900-01-01 04:48:28;981.0;1745693308;98.141;100.791;88.972;102.184;
1900-01-01 04:48:29;982.0;1745693309;98.141;100.81;88.961;102.184;
1900-01-01 04:48:30;983.0;1745693310;98.081;100.798;88.961;102.269;
1900-01-01 04:48:31;984.0;1745693311;98.151;100.798;88.928;102.225;
1900-01-01 04:48:32;985.0;1745693312;98.151;100.724;88.943;102.225;
1900-01-01 04:48:33;986.0;1745693313;98.125;100.786;88.943;102.117;
1900-01-01 04:48:34;987.0;1745693314;97.998;100.786;88.938;102.186;
1900-01-01 04:48:35;988.0;1745693315;97.998;100.74;88.84;102.186;
1900-01-01 04:48:36;989.0;1745693316;98.113;100.756;88.84;102.212;
1900-01-01 04:48:37;990.0;1745693317;98.124;100.756;88.729;102.231;
1900-01-01 04:48:38;991.0;1745693318;98.124;100.68;88.614;102.231;
1900-01-01 04:48:39;992.0;1745693319;98.158;100.669;88.614;102.259;
1900-01-01 04:48:40;993.0;1745693320;98.158;100.669;88.458;102.275;
1900-01-01 04:48:41;994.0;1745693321;98.16;100.782;88.326;102.275;
1900-01-01 04:48:42;995.0;1745693322;98.199;100.782;88.326;102.3;
1900-01-01 04:48:43;996.0;1745693323;98.199;100.737;88.237;102.201;
1900-01-01 04:48:44;997.0;1745693324;98.232;100.784;88.272;102.201;
1900-01-01 04:48:46;998.0;1745693326;98.09;100.73;88.272;102.209;
1900-01-01 04:48:46;999.0;1745693326;98.09;100.73;88.251;102.258;
1900-01-01 04:48:47;1000.0;1745693327;98.061;100.841;88.347;102.258;
1900-01-01 04:48:48;1001.0;1745693328;98.08;100.841;88.347;102.207;
1900-01-01 04:48:49;1002.0;1745693329;98.08;100.776;88.376;102.129;
1900-01-01 04:48:50;1003.0;1745693330;97.994;100.724;88.417;102.129;
1900-01-01 04:48:51;1004.0;1745693331;98.094;100.724;88.417;102.247;
1900-01-01 04:48:52;1005.0;1745693332;98.094;100.807;88.509;102.16;
1900-01-01 04:48:53;1006.0;1745693333;97.987;100.726;88.531;102.16;
1900-01-01 04:48:54;1007.0;1745693334;98.11;100.726;88.531;102.208;
1900-01-01 04:48:55;1008.0;1745693335;98.11;100.699;88.511;102.211;
1900-01-01 04:48:57;1009.0;1745693337;97.983;100.688;88.566;102.211;
1900-01-01 04:48:57;1010.0;1745693337;97.936;100.688;88.566;102.188;
1900-01-01 04:48:58;1011.0;1745693338;97.936;100.648;88.575;102.279;
1900-01-01 04:48:59;1012.0;1745693339;97.842;100.726;88.575;102.279;
1900-01-01 04:49:00;1013.0;1745693340;97.842;100.726;88.516;102.211;
1900-01-01 04:49:01;1014.0;1745693341;97.794;100.719;88.547;102.31;
1900-01-01 04:49:02;1015.0;1745693342;97.685;100.706;88.547;102.31;
1900-01-01 04:49:03;1016.0;1745693343;97.685;100.706;88.487;102.262;
1900-01-01 04:49:04;1017.0;1745693344;97.673;100.62;88.451;102.262;
1900-01-01 04:49:05;1018.0;1745693345;97.699;100.612;88.451;102.179;
1900-01-01 04:49:06;1019.0;1745693346;97.699;100.612;88.527;102.267;
1900-01-01 04:49:07;1020.0;1745693347;97.609;100.588;88.417;102.267;
1900-01-01 04:49:08;1021.0;1745693348;97.609;100.588;88.417;102.209;
1900-01-01 04:49:09;1022.0;1745693349;97.609;100.631;88.386;102.113;
1900-01-01 04:49:10;1023.0;1745693350;97.669;100.626;88.248;102.113;
1900-01-01 04:49:11;1024.0;1745693351;97.678;100.561;88.248;102.158;
1900-01-01 04:49:12;1025.0;1745693352;97.678;100.561;88.249;102.161;
1900-01-01 04:49:13;1026.0;1745693353;97.583;100.69;88.198;102.161;
1900-01-01 04:49:14;1027.0;1745693354;97.676;100.69;88.198;102.3;
1900-01-01 04:49:15;1028.0;1745693355;97.676;100.658;88.108;102.23;
1900-01-01 04:49:16;1029.0;1745693356;97.698;100.638;88.003;102.23;
1900-01-01 04:49:17;1030.0;1745693357;97.778;100.753;88.003;102.179;
1900-01-01 04:49:18;1031.0;1745693358;97.778;100.753;87.936;102.302;
1900-01-01 04:49:19;1032.0;1745693359;97.759;100.711;87.812;102.302;
1900-01-01 04:49:20;1033.0;1745693360;97.68;100.757;87.812;102.209;
1900-01-01 04:49:21;1034.0;1745693361;97.68;100.757;87.806;102.26;
1900-01-01 04:49:22;1035.0;1745693362;97.815;100.667;87.733;102.26;
1900-01-01 04:49:23;1036.0;1745693363;97.791;100.667;87.733;102.308;
1900-01-01 04:49:24;1037.0;1745693364;97.791;100.522;87.832;102.288;
1900-01-01 04:49:25;1038.0;1745693365;97.837;100.64;87.868;102.288;
1900-01-01 04:49:27;1039.0;1745693367;97.777;100.711;87.868;102.285;
1900-01-01 04:49:27;1040.0;1745693367;97.777;100.711;87.811;102.283;
1900-01-01 04:49:29;1041.0;1745693369;97.843;100.703;87.755;102.283;
1900-01-01 04:49:29;1042.0;1745693369;97.873;100.703;87.755;102.313;
1900-01-01 04:49:30;1043.0;1745693370;97.873;100.656;87.661;102.285;
1900-01-01 04:49:31;1044.0;1745693371;97.835;100.659;87.624;102.285;
1900-01-01 04:49:32;1045.0;1745693372;97.906;100.659;87.624;102.185;
1900-01-01 04:49:33;1046.0;1745693373;97.906;100.621;87.577;102.236;
1900-01-01 04:49:34;1047.0;1745693374;97.932;100.579;87.577;102.236;
1900-01-01 04:49:36;1048.0;1745693376;97.906;100.579;87.576;102.272;
1900-01-01 04:49:36;1049.0;1745693376;97.906;100.69;87.557;102.156;
1900-01-01 04:49:37;1050.0;1745693377;97.878;100.665;87.557;102.156;
1900-01-01 04:49:38;1051.0;1745693378;97.878;100.665;87.508;102.271;
1900-01-01 04:49:39;1052.0;1745693379;97.769;100.639;87.492;102.217;
1900-01-01 04:49:40;1053.0;1745693380;97.844;100.666;87.492;102.217;
1900-01-01 04:49:41;1054.0;1745693381;97.844;100.666;87.463;102.234;
1900-01-01 04:49:42;1055.0;1745693382;97.774;100.636;87.491;102.234;
1900-01-01 04:49:43;1056.0;1745693383;97.799;100.618;87.491;102.177;
1900-01-01 04:49:44;1057.0;1745693384;97.848;100.618;87.488;102.188;
1900-01-01 04:49:45;1058.0;1745693385;97.848;100.614;87.476;102.188;
1900-01-01 04:49:46;1059.0;1745693386;97.832;100.61;87.476;102.22;
1900-01-01 04:49:47;1060.0;1745693387;97.883;100.61;87.392;102.253;
1900-01-01 04:49:48;1061.0;1745693388;97.883;100.543;87.318;102.253;
1900-01-01 04:49:49;1062.0;1745693389;97.849;100.58;87.318;102.223;
1900-01-01 04:49:50;1063.0;1745693390;97.849;100.58;87.152;102.274;
1900-01-01 04:49:51;1064.0;1745693391;97.843;100.539;87.086;102.274;
1900-01-01 04:49:52;1065.0;1745693392;97.773;100.539;87.086;102.318;
1900-01-01 04:49:53;1066.0;1745693393;97.773;100.576;87.101;102.187;
1900-01-01 04:49:54;1067.0;1745693394;97.75;100.567;87.19;102.187;
1900-01-01 04:49:55;1068.0;1745693395;97.769;100.567;87.19;102.189;
1900-01-01 04:49:56;1069.0;1745693396;97.769;100.631;87.271;102.318;
1900-01-01 04:49:57;1070.0;1745693397;97.751;100.603;87.271;102.318;
1900-01-01 04:49:58;1071.0;1745693398;97.798;100.603;87.189;102.332;
1900-01-01 04:49:59;1072.0;1745693399;97.798;100.571;87.106;102.151;
1900-01-01 04:50:00;1073.0;1745693400;97.796;100.585;87.106;102.151;
1900-01-01 04:50:01;1074.0;1745693401;97.807;100.585;87.17;102.219;
1900-01-01 04:50:02;1075.0;1745693402;97.807;100.67;87.228;102.203;
1900-01-01 04:50:03;1076.0;1745693403;97.77;100.61;87.228;102.203;
1900-01-01 04:50:04;1077.0;1745693404;97.77;100.61;87.236;102.318;
1900-01-01 04:50:05;1078.0;1745693405;97.618;100.574;87.116;102.263;
1900-01-01 04:50:06;1079.0;1745693406;97.555;100.573;87.116;102.263;
1900-01-01 04:50:07;1080.0;1745693407;97.555;100.573;87.062;102.14;
1900-01-01 04:50:09;1081.0;1745693409;97.554;100.632;86.959;102.246;
1900-01-01 04:50:09;1082.0;1745693409;97.503;100.618;86.959;102.246;
1900-01-01 04:50:10;1083.0;1745693410;97.503;100.618;86.946;102.234;
1900-01-01 04:50:11;1084.0;1745693411;97.434;100.595;86.972;102.234;
1900-01-01 04:50:12;1085.0;1745693412;97.504;100.595;86.972;102.195;
1900-01-01 04:50:13;1086.0;1745693413;97.504;100.591;86.94;102.264;
1900-01-01 04:50:14;1087.0;1745693414;97.603;100.591;86.959;102.264;
1900-01-01 04:50:15;1088.0;1745693415;97.546;100.591;86.959;102.294;
1900-01-01 04:50:16;1089.0;1745693416;97.546;100.612;86.904;102.268;
1900-01-01 04:50:17;1090.0;1745693417;97.644;100.621;86.79;102.268;
1900-01-01 04:50:18;1091.0;1745693418;97.654;100.621;86.79;102.23;
1900-01-01 04:50:19;1092.0;1745693419;97.654;100.597;86.718;102.297;
1900-01-01 04:50:20;1093.0;1745693420;97.612;100.554;86.718;102.297;
1900-01-01 04:50:21;1094.0;1745693421;97.644;100.554;86.755;102.327;
1900-01-01 04:50:22;1095.0;1745693422;97.644;100.639;86.81;102.268;
1900-01-01 04:50:23;1096.0;1745693423;97.633;100.61;86.826;102.268;
1900-01-01 04:50:24;1097.0;1745693424;97.587;100.61;86.826;102.309;
1900-01-01 04:50:25;1098.0;1745693425;97.587;100.508;86.655;102.229;
1900-01-01 04:50:26;1099.0;1745693426;97.622;100.544;86.458;102.229;
1900-01-01 04:50:27;1100.0;1745693427;97.632;100.544;86.458;102.279;
1900-01-01 04:50:28;1101.0;1745693428;97.632;100.546;86.491;102.218;
1900-01-01 04:50:29;1102.0;1745693429;97.591;100.565;86.491;102.218;
1900-01-01 04:50:31;1103.0;1745693431;97.556;100.565;86.469;102.23;
1900-01-01 04:50:31;1104.0;1745693431;97.556;100.552;86.493;102.23;
1900-01-01 04:50:32;1105.0;1745693432;97.598;100.574;86.493;102.305;
1900-01-01 04:50:34;1106.0;1745693434;97.625;100.574;86.627;102.257;
1900-01-01 04:50:34;1107.0;1745693434;97.625;100.515;86.697;102.257;
1900-01-01 04:50:35;1108.0;1745693435;97.645;100.601;86.697;102.145;
1900-01-01 04:50:36;1109.0;1745693436;97.645;100.601;86.798;102.206;
1900-01-01 04:50:37;1110.0;1745693437;97.575;100.557;86.751;102.206;
1900-01-01 04:50:38;1111.0;1745693438;97.583;100.557;86.751;102.268;
1900-01-01 04:50:39;1112.0;1745693439;97.583;100.599;86.729;102.18;
1900-01-01 04:50:40;1113.0;1745693440;97.493;100.443;86.671;102.18;
1900-01-01 04:50:41;1114.0;1745693441;97.579;100.443;86.671;102.25;
1900-01-01 04:50:42;1115.0;1745693442;97.579;100.475;86.602;102.293;
1900-01-01 04:50:43;1116.0;1745693443;97.553;100.429;86.602;102.293;
1900-01-01 04:50:44;1117.0;1745693444;97.464;100.429;86.637;102.344;
1900-01-01 04:50:45;1118.0;1745693445;97.464;100.488;86.555;102.244;
1900-01-01 04:50:46;1119.0;1745693446;97.438;100.393;86.555;102.244;
1900-01-01 04:50:47;1120.0;1745693447;97.388;100.393;86.604;102.253;
1900-01-01 04:50:48;1121.0;1745693448;97.388;100.41;86.544;102.253;
1900-01-01 04:50:49;1122.0;1745693449;97.492;100.427;86.544;102.18;
1900-01-01 04:50:50;1123.0;1745693450;97.334;100.427;86.493;102.231;
1900-01-01 04:50:51;1124.0;1745693451;97.334;100.326;86.525;102.231;
1900-01-01 04:50:52;1125.0;1745693452;97.333;100.462;86.525;102.24;
1900-01-01 04:50:53;1126.0;1745693453;97.282;100.462;86.566;102.271;
1900-01-01 04:50:54;1127.0;1745693454;97.282;100.425;86.626;102.302;
1900-01-01 04:50:55;1128.0;1745693455;97.254;100.452;86.626;102.302;
1900-01-01 04:50:56;1129.0;1745693456;97.254;100.452;86.636;102.219;
1900-01-01 04:50:57;1130.0;1745693457;97.341;100.479;86.699;102.219;
1900-01-01 04:50:58;1131.0;1745693458;97.299;100.451;86.699;102.27;
1900-01-01 04:50:59;1132.0;1745693459;97.299;100.451;86.837;102.266;
1900-01-01 04:51:00;1133.0;1745693460;97.409;100.521;86.855;102.266;
1900-01-01 04:51:01;1134.0;1745693461;97.332;100.461;86.855;102.254;
1900-01-01 04:51:02;1135.0;1745693462;97.443;100.461;86.887;102.303;
1900-01-01 04:51:03;1136.0;1745693463;97.443;100.385;86.867;102.303;
1900-01-01 04:51:04;1137.0;1745693464;97.411;100.423;86.867;102.218;
1900-01-01 04:51:05;1138.0;1745693465;97.411;100.423;86.947;102.265;
1900-01-01 04:51:06;1139.0;1745693466;97.474;100.451;86.947;102.265;
1900-01-01 04:51:07;1140.0;1745693467;97.423;100.451;86.867;102.214;
1900-01-01 04:51:08;1141.0;1745693468;97.423;100.459;86.779;102.261;
1900-01-01 04:51:09;1142.0;1745693469;97.496;100.532;86.779;102.261;
1900-01-01 04:51:10;1143.0;1745693470;97.438;100.532;86.749;102.227;
1900-01-01 04:51:11;1144.0;1745693471;97.438;100.393;86.648;102.246;
1900-01-01 04:51:12;1145.0;1745693472;97.514;100.427;86.648;102.246;
1900-01-01 04:51:14;1146.0;1745693474;97.562;100.427;86.563;102.191;
1900-01-01 04:51:14;1147.0;1745693474;97.562;100.398;86.46;102.191;
1900-01-01 04:51:15;1148.0;1745693475;97.52;100.445;86.46;102.235;
1900-01-01 04:51:16;1149.0;1745693476;97.475;100.445;86.323;102.208;
1900-01-01 04:51:17;1150.0;1745693477;97.475;100.365;86.271;102.208;
1900-01-01 04:51:18;1151.0;1745693478;97.495;100.381;86.271;102.27;
1900-01-01 04:51:19;1152.0;1745693479;97.495;100.381;86.141;102.311;
1900-01-01 04:51:20;1153.0;1745693480;97.432;100.411;85.993;102.311;
1900-01-01 04:51:21;1154.0;1745693481;97.473;100.323;85.993;102.278;
1900-01-01 04:51:22;1155.0;1745693482;97.473;100.323;85.915;102.288;
1900-01-01 04:51:23;1156.0;1745693483;97.428;100.358;85.809;102.288;
1900-01-01 04:51:24;1157.0;1745693484;97.457;100.358;85.809;102.246;
1900-01-01 04:51:25;1158.0;1745693485;97.457;100.433;85.727;102.261;
1900-01-01 04:51:26;1159.0;1745693486;97.458;100.307;85.729;102.261;
1900-01-01 04:51:27;1160.0;1745693487;97.428;100.307;85.729;102.164;
1900-01-01 04:51:28;1161.0;1745693488;97.428;100.363;85.743;102.253;
1900-01-01 04:51:29;1162.0;1745693489;97.397;100.343;85.812;102.253;
1900-01-01 04:51:30;1163.0;1745693490;97.452;100.343;85.812;102.165;
1900-01-01 04:51:31;1164.0;1745693491;97.452;100.315;85.805;102.335;
1900-01-01 04:51:32;1165.0;1745693492;97.288;100.261;85.812;102.335;
1900-01-01 04:51:33;1166.0;1745693493;97.261;100.261;85.812;102.263;
1900-01-01 04:51:34;1167.0;1745693494;97.261;100.371;85.88;102.331;
1900-01-01 04:51:35;1168.0;1745693495;97.11;100.378;85.947;102.331;
1900-01-01 04:51:36;1169.0;1745693496;97.199;100.378;85.947;102.315;
1900-01-01 04:51:37;1170.0;1745693497;97.199;100.372;85.988;102.253;
1900-01-01 04:51:38;1171.0;1745693498;97.133;100.344;85.988;102.253;
1900-01-01 04:51:40;1172.0;1745693500;97.184;100.344;85.941;102.251;
1900-01-01 04:51:40;1173.0;1745693500;97.184;100.331;85.843;102.251;
1900-01-01 04:51:41;1174.0;1745693501;97.16;100.374;85.843;102.285;
1900-01-01 04:51:42;1175.0;1745693502;97.16;100.374;85.765;102.312;
1900-01-01 04:51:43;1176.0;1745693503;97.276;100.379;85.731;102.312;
1900-01-01 04:51:44;1177.0;1745693504;97.223;100.356;85.731;102.228;
1900-01-01 04:51:45;1178.0;1745693505;97.197;100.356;85.674;102.352;
1900-01-01 04:51:46;1179.0;1745693506;97.197;100.29;85.56;102.352;
1900-01-01 04:51:47;1180.0;1745693507;97.18;100.29;85.56;102.294;
1900-01-01 04:51:48;1181.0;1745693508;97.18;100.29;85.45;102.322;
1900-01-01 04:51:49;1182.0;1745693509;97.207;100.318;85.335;102.322;
1900-01-01 04:51:50;1183.0;1745693510;97.238;100.318;85.335;102.288;
1900-01-01 04:51:51;1184.0;1745693511;97.238;100.323;85.288;102.293;
1900-01-01 04:51:52;1185.0;1745693512;97.243;100.303;85.288;102.293;
1900-01-01 04:51:53;1186.0;1745693513;97.272;100.303;85.121;102.226;
1900-01-01 04:51:54;1187.0;1745693514;97.272;100.307;85.231;102.34;
1900-01-01 04:51:55;1188.0;1745693515;97.338;100.291;85.116;102.34;
1900-01-01 04:51:56;1189.0;1745693516;97.355;100.291;85.116;102.29;
1900-01-01 04:51:57;1190.0;1745693517;97.355;100.341;85.141;102.283;
1900-01-01 04:51:58;1191.0;1745693518;97.243;100.333;85.141;102.283;
1900-01-01 04:51:59;1192.0;1745693519;97.22;100.333;85.203;102.288;
1900-01-01 04:52:00;1193.0;1745693520;97.22;100.317;85.183;102.287;
1900-01-01 04:52:01;1194.0;1745693521;97.178;100.376;85.183;102.287;
1900-01-01 04:52:02;1195.0;1745693522;97.205;100.376;85.084;102.236;
1900-01-01 04:52:03;1196.0;1745693523;97.205;100.322;85.108;102.241;
1900-01-01 04:52:04;1197.0;1745693524;97.231;100.317;85.108;102.241;
1900-01-01 04:52:05;1198.0;1745693525;97.265;100.317;85.07;102.273;
1900-01-01 04:52:06;1199.0;1745693526;97.265;100.346;85.105;102.273;
1900-01-01 04:52:07;1200.0;1745693527;97.253;100.366;85.105;102.276;
