Time;Seconds from start for linreg;Unix Time;ch1 po2;ch2 po2;ch3 po2;ch4 po2;
1900-01-01 06:37:09;1.0;1745699829;100.192;101.62;96.241;102.09;
1900-01-01 06:37:10;2.0;1745699830;100.185;101.62;96.241;102.068;
1900-01-01 06:37:11;3.0;1745699831;100.185;101.62;96.211;102.181;
1900-01-01 06:37:12;4.0;1745699832;100.185;101.688;96.265;102.181;
1900-01-01 06:37:13;5.0;1745699833;100.249;101.688;96.265;102.115;
1900-01-01 06:37:14;6.0;1745699834;100.249;101.609;96.147;102.213;
1900-01-01 06:37:15;7.0;1745699835;100.11;101.664;96.147;102.213;
1900-01-01 06:37:16;8.0;1745699836;100.096;101.664;96.192;102.091;
1900-01-01 06:37:17;9.0;1745699837;100.096;101.619;96.164;102.129;
1900-01-01 06:37:19;10.0;1745699839;100.199;101.657;96.2;102.129;
1900-01-01 06:37:19;11.0;1745699839;100.118;101.657;96.2;102.177;
1900-01-01 06:37:20;12.0;1745699840;100.118;101.649;96.121;102.168;
1900-01-01 06:37:21;13.0;1745699841;100.177;101.668;96.121;102.168;
1900-01-01 06:37:22;14.0;1745699842;100.177;101.668;96.135;102.247;
1900-01-01 06:37:23;15.0;1745699843;100.131;101.64;96.201;102.247;
1900-01-01 06:37:24;16.0;1745699844;100.168;101.654;96.201;102.105;
1900-01-01 06:37:25;17.0;1745699845;100.06;101.654;96.248;102.158;
1900-01-01 06:37:26;18.0;1745699846;100.06;101.732;96.216;102.158;
1900-01-01 06:37:27;19.0;1745699847;100.061;101.655;96.216;102.082;
1900-01-01 06:37:28;20.0;1745699848;100.083;101.655;96.181;102.111;
1900-01-01 06:37:29;21.0;1745699849;100.083;101.761;96.165;102.111;
1900-01-01 06:37:30;22.0;1745699850;100.124;101.73;96.165;102.094;
1900-01-01 06:37:31;23.0;1745699851;100.124;101.73;96.164;102.129;
1900-01-01 06:37:32;24.0;1745699852;100.066;101.814;96.278;102.129;
1900-01-01 06:37:33;25.0;1745699853;100.1;101.814;96.278;102.119;
1900-01-01 06:37:34;26.0;1745699854;100.1;101.738;96.19;102.072;
1900-01-01 06:37:35;27.0;1745699855;100.114;101.729;96.139;102.072;
1900-01-01 06:37:36;28.0;1745699856;100.203;101.729;96.139;102.122;
1900-01-01 06:37:37;29.0;1745699857;100.203;101.761;96.198;102.21;
1900-01-01 06:37:38;30.0;1745699858;100.153;101.69;96.183;102.21;
1900-01-01 06:37:40;31.0;1745699860;100.184;101.698;96.183;102.189;
1900-01-01 06:37:40;32.0;1745699860;100.184;101.698;96.146;102.075;
1900-01-01 06:37:41;33.0;1745699861;100.186;101.66;96.238;102.075;
1900-01-01 06:37:43;34.0;1745699863;100.158;101.66;96.238;102.119;
1900-01-01 06:37:43;35.0;1745699863;100.158;101.726;96.155;102.153;
1900-01-01 06:37:44;36.0;1745699864;100.183;101.673;96.155;102.153;
1900-01-01 06:37:45;37.0;1745699865;100.183;101.673;96.156;102.12;
1900-01-01 06:37:46;38.0;1745699866;100.227;101.755;96.165;102.132;
1900-01-01 06:37:47;39.0;1745699867;100.327;101.625;96.165;102.132;
1900-01-01 06:37:48;40.0;1745699868;100.327;101.625;96.052;102.081;
1900-01-01 06:37:49;41.0;1745699869;100.287;101.757;96.047;102.081;
1900-01-01 06:37:50;42.0;1745699870;100.318;101.743;96.047;102.129;
1900-01-01 06:37:51;43.0;1745699871;100.318;101.743;95.985;102.096;
1900-01-01 06:37:52;44.0;1745699872;100.303;101.703;96.029;102.096;
1900-01-01 06:37:54;45.0;1745699874;100.318;101.66;96.029;102.079;
1900-01-01 06:37:54;46.0;1745699874;100.318;101.66;96.085;102.112;
1900-01-01 06:37:55;47.0;1745699875;100.318;101.727;96.103;102.112;
1900-01-01 06:37:56;48.0;1745699876;100.342;101.727;96.103;102.142;
1900-01-01 06:37:57;49.0;1745699877;100.342;101.673;96.159;102.089;
1900-01-01 06:37:58;50.0;1745699878;100.329;101.713;96.116;102.089;
1900-01-01 06:37:59;51.0;1745699879;100.338;101.687;96.116;102.068;
1900-01-01 06:38:00;52.0;1745699880;100.338;101.687;96.141;102.179;
1900-01-01 06:38:01;53.0;1745699881;100.403;101.626;96.199;102.179;
1900-01-01 06:38:02;54.0;1745699882;100.313;101.626;96.199;102.177;
1900-01-01 06:38:03;55.0;1745699883;100.313;101.707;96.082;102.107;
1900-01-01 06:38:04;56.0;1745699884;100.319;101.588;96.23;102.107;
1900-01-01 06:38:05;57.0;1745699885;100.27;101.588;96.23;102.059;
1900-01-01 06:38:06;58.0;1745699886;100.27;101.666;96.152;102.108;
1900-01-01 06:38:07;59.0;1745699887;100.288;101.678;96.152;102.108;
1900-01-01 06:38:08;60.0;1745699888;100.332;101.678;96.128;102.108;
1900-01-01 06:38:09;61.0;1745699889;100.332;101.618;96.092;102.108;
1900-01-01 06:38:10;62.0;1745699890;100.31;101.609;96.092;102.074;
1900-01-01 06:38:11;63.0;1745699891;100.296;101.609;95.995;102.058;
1900-01-01 06:38:12;64.0;1745699892;100.296;101.614;96.016;102.152;
1900-01-01 06:38:13;65.0;1745699893;100.246;101.651;96.016;102.152;
1900-01-01 06:38:14;66.0;1745699894;100.246;101.651;95.948;102.163;
1900-01-01 06:38:16;67.0;1745699896;100.185;101.6;95.841;102.106;
1900-01-01 06:38:16;68.0;1745699896;100.27;101.647;95.841;102.106;
1900-01-01 06:38:17;69.0;1745699897;100.27;101.647;95.809;102.1;
1900-01-01 06:38:18;70.0;1745699898;100.184;101.625;95.732;102.1;
1900-01-01 06:38:19;71.0;1745699899;0.0;0.0;0.0;0.0;
1900-01-01 06:38:21;72.0;1745699901;100.161;101.645;95.631;102.107;
1900-01-01 06:38:21;73.0;1745699901;100.226;101.719;95.682;102.107;
1900-01-01 06:38:22;74.0;1745699902;100.139;101.719;95.682;102.123;
1900-01-01 06:38:23;75.0;1745699903;100.139;101.746;95.675;102.103;
1900-01-01 06:38:24;76.0;1745699904;100.177;101.766;95.675;102.103;
1900-01-01 06:38:25;77.0;1745699905;100.161;101.766;95.792;102.093;
1900-01-01 06:38:26;78.0;1745699906;100.161;101.716;95.784;102.076;
1900-01-01 06:38:27;79.0;1745699907;100.057;101.683;95.784;102.076;
1900-01-01 06:38:28;80.0;1745699908;100.102;101.683;95.799;102.079;
1900-01-01 06:38:29;81.0;1745699909;100.102;101.829;95.849;102.079;
1900-01-01 06:38:30;82.0;1745699910;100.12;101.772;95.849;102.124;
1900-01-01 06:38:31;83.0;1745699911;100.059;101.772;95.741;102.048;
1900-01-01 06:38:32;84.0;1745699912;100.059;101.793;95.699;102.048;
1900-01-01 06:38:33;85.0;1745699913;100.129;101.752;95.699;102.115;
1900-01-01 06:38:34;86.0;1745699914;100.129;101.752;95.84;102.116;
1900-01-01 06:38:35;87.0;1745699915;100.165;101.813;95.736;102.116;
1900-01-01 06:38:36;88.0;1745699916;100.187;101.754;95.736;102.166;
1900-01-01 06:38:37;89.0;1745699917;100.187;101.754;95.845;102.113;
1900-01-01 06:38:38;90.0;1745699918;100.15;101.7;95.832;102.113;
1900-01-01 06:38:39;91.0;1745699919;100.234;101.7;95.832;102.162;
1900-01-01 06:38:40;92.0;1745699920;100.234;101.738;95.799;102.09;
1900-01-01 06:38:41;93.0;1745699921;100.125;101.698;95.815;102.09;
1900-01-01 06:38:42;94.0;1745699922;100.14;101.698;95.815;102.021;
1900-01-01 06:38:43;95.0;1745699923;100.14;101.815;95.815;102.051;
1900-01-01 06:38:44;96.0;1745699924;100.096;101.789;95.867;102.051;
1900-01-01 06:38:45;97.0;1745699925;100.191;101.789;95.867;102.081;
1900-01-01 06:38:46;98.0;1745699926;100.191;101.713;95.864;102.076;
1900-01-01 06:38:47;99.0;1745699927;100.126;101.688;95.864;102.076;
1900-01-01 06:38:48;100.0;1745699928;100.036;101.688;95.78;102.106;
1900-01-01 06:38:49;101.0;1745699929;100.036;101.761;95.804;102.118;
1900-01-01 06:38:50;102.0;1745699930;100.046;101.701;95.804;102.118;
1900-01-01 06:38:51;103.0;1745699931;100.046;101.701;95.823;102.162;
1900-01-01 06:38:52;104.0;1745699932;100.037;101.717;95.73;102.162;
1900-01-01 06:38:53;105.0;1745699933;99.978;101.713;95.73;102.121;
1900-01-01 06:38:54;106.0;1745699934;99.978;101.713;95.704;102.141;
1900-01-01 06:38:55;107.0;1745699935;99.98;101.699;95.749;102.141;
1900-01-01 06:38:57;108.0;1745699937;100.019;101.673;95.749;102.064;
1900-01-01 06:38:57;109.0;1745699937;100.019;101.673;95.822;102.186;
1900-01-01 06:38:59;110.0;1745699939;99.897;101.68;95.725;102.186;
1900-01-01 06:38:59;111.0;1745699939;99.916;101.68;95.725;102.142;
1900-01-01 06:39:00;112.0;1745699940;99.916;101.712;95.608;102.044;
1900-01-01 06:39:01;113.0;1745699941;100.027;101.607;95.601;102.044;
1900-01-01 06:39:02;114.0;1745699942;100.071;101.607;95.601;102.134;
1900-01-01 06:39:03;115.0;1745699943;100.071;101.607;95.525;102.138;
1900-01-01 06:39:04;116.0;1745699944;100.068;101.691;95.501;102.138;
1900-01-01 06:39:05;117.0;1745699945;100.068;101.691;95.501;102.137;
1900-01-01 06:39:06;118.0;1745699946;100.12;101.66;95.519;102.055;
1900-01-01 06:39:07;119.0;1745699947;100.15;101.507;95.519;102.055;
1900-01-01 06:39:08;120.0;1745699948;100.173;101.507;95.54;102.087;
1900-01-01 06:39:09;121.0;1745699949;100.173;101.582;95.619;102.006;
1900-01-01 06:39:10;122.0;1745699950;100.219;101.597;95.619;102.006;
1900-01-01 06:39:11;123.0;1745699951;100.212;101.597;95.745;102.019;
1900-01-01 06:39:12;124.0;1745699952;100.212;101.607;95.73;102.063;
1900-01-01 06:39:13;125.0;1745699953;100.215;101.601;95.73;102.063;
1900-01-01 06:39:14;126.0;1745699954;100.186;101.601;95.708;102.117;
1900-01-01 06:39:15;127.0;1745699955;100.186;101.627;95.638;102.141;
1900-01-01 06:39:16;128.0;1745699956;100.16;101.521;95.638;102.141;
1900-01-01 06:39:17;129.0;1745699957;100.26;101.521;95.684;102.158;
1900-01-01 06:39:18;130.0;1745699958;100.26;101.561;95.631;102.19;
1900-01-01 06:39:19;131.0;1745699959;100.264;101.656;95.631;102.19;
1900-01-01 06:39:20;132.0;1745699960;100.244;101.656;95.571;102.168;
1900-01-01 06:39:21;133.0;1745699961;100.244;101.68;95.508;102.168;
1900-01-01 06:39:22;134.0;1745699962;100.288;101.643;95.508;102.108;
1900-01-01 06:39:23;135.0;1745699963;100.233;101.643;95.484;102.118;
1900-01-01 06:39:24;136.0;1745699964;100.233;101.678;95.424;102.1;
1900-01-01 06:39:25;137.0;1745699965;100.29;101.681;95.424;102.1;
1900-01-01 06:39:27;138.0;1745699967;100.362;101.681;95.474;102.058;
1900-01-01 06:39:27;139.0;1745699967;100.362;101.67;95.386;102.058;
1900-01-01 06:39:28;140.0;1745699968;100.281;101.706;95.386;102.04;
1900-01-01 06:39:29;141.0;1745699969;100.311;101.706;95.415;102.102;
1900-01-01 06:39:30;142.0;1745699970;100.311;101.722;95.453;102.223;
1900-01-01 06:39:31;143.0;1745699971;100.352;101.701;95.453;102.223;
1900-01-01 06:39:32;144.0;1745699972;100.352;101.701;95.396;102.177;
1900-01-01 06:39:33;145.0;1745699973;100.281;101.734;95.35;102.149;
1900-01-01 06:39:34;146.0;1745699974;100.273;101.734;95.35;102.149;
1900-01-01 06:39:35;147.0;1745699975;100.273;101.731;95.332;102.113;
1900-01-01 06:39:36;148.0;1745699976;100.219;101.74;95.36;102.113;
1900-01-01 06:39:37;149.0;1745699977;100.119;101.664;95.36;102.107;
1900-01-01 06:39:38;150.0;1745699978;100.119;101.664;95.451;102.124;
1900-01-01 06:39:39;151.0;1745699979;100.143;101.661;95.43;102.124;
1900-01-01 06:39:40;152.0;1745699980;100.053;101.608;95.43;102.167;
1900-01-01 06:39:41;153.0;1745699981;100.053;101.608;95.458;102.037;
1900-01-01 06:39:42;154.0;1745699982;100.044;101.654;95.489;102.037;
1900-01-01 06:39:43;155.0;1745699983;100.062;101.654;95.489;102.1;
1900-01-01 06:39:44;156.0;1745699984;100.062;101.668;95.518;102.106;
1900-01-01 06:39:45;157.0;1745699985;100.115;101.69;95.602;102.106;
1900-01-01 06:39:46;158.0;1745699986;100.06;101.602;95.602;102.112;
1900-01-01 06:39:47;159.0;1745699987;100.06;101.602;95.703;102.149;
1900-01-01 06:39:48;160.0;1745699988;100.036;101.641;95.637;102.149;
1900-01-01 06:39:49;161.0;1745699989;100.074;101.618;95.637;102.097;
1900-01-01 06:39:50;162.0;1745699990;100.074;101.618;95.598;102.085;
1900-01-01 06:39:51;163.0;1745699991;100.083;101.725;95.514;102.085;
1900-01-01 06:39:52;164.0;1745699992;100.157;101.725;95.514;102.14;
1900-01-01 06:39:53;165.0;1745699993;100.157;101.56;95.425;102.109;
1900-01-01 06:39:54;166.0;1745699994;100.073;101.627;95.425;102.109;
1900-01-01 06:39:55;167.0;1745699995;100.016;101.627;95.323;102.132;
1900-01-01 06:39:56;168.0;1745699996;100.016;101.551;95.298;102.083;
1900-01-01 06:39:57;169.0;1745699997;100.058;101.486;95.298;102.083;
1900-01-01 06:39:58;170.0;1745699998;100.033;101.486;95.26;102.065;
1900-01-01 06:39:59;171.0;1745699999;100.033;101.588;95.174;102.065;
1900-01-01 06:40:00;172.0;1745700000;100.031;101.555;95.174;102.128;
1900-01-01 06:40:01;173.0;1745700001;100.034;101.555;95.175;102.128;
1900-01-01 06:40:02;174.0;1745700002;100.034;101.501;95.157;102.128;
1900-01-01 06:40:03;175.0;1745700003;100.023;101.592;95.157;102.027;
1900-01-01 06:40:04;176.0;1745700004;100.023;101.592;95.22;102.081;
1900-01-01 06:40:05;177.0;1745700005;100.103;101.568;95.128;102.081;
1900-01-01 06:40:06;178.0;1745700006;100.013;101.558;95.128;102.123;
1900-01-01 06:40:07;179.0;1745700007;100.013;101.558;95.27;102.136;
1900-01-01 06:40:08;180.0;1745700008;99.983;101.608;95.242;102.136;
1900-01-01 06:40:09;181.0;1745700009;99.926;101.608;95.242;102.109;
1900-01-01 06:40:10;182.0;1745700010;99.926;101.612;95.205;102.046;
1900-01-01 06:40:11;183.0;1745700011;99.857;101.563;95.147;102.046;
1900-01-01 06:40:12;184.0;1745700012;99.78;101.563;95.147;102.045;
1900-01-01 06:40:13;185.0;1745700013;99.78;101.607;95.093;102.053;
1900-01-01 06:40:14;186.0;1745700014;99.724;101.583;95.093;102.053;
1900-01-01 06:40:15;187.0;1745700015;99.749;101.583;95.036;102.066;
1900-01-01 06:40:16;188.0;1745700016;99.749;101.647;95.061;102.056;
1900-01-01 06:40:17;189.0;1745700017;99.68;101.639;95.059;102.056;
1900-01-01 06:40:18;190.0;1745700018;99.679;101.639;95.059;102.056;
1900-01-01 06:40:19;191.0;1745700019;99.679;101.593;95.118;102.074;
1900-01-01 06:40:20;192.0;1745700020;99.659;101.608;95.118;102.074;
1900-01-01 06:40:22;193.0;1745700022;99.728;101.608;95.178;102.071;
1900-01-01 06:40:22;194.0;1745700022;99.728;101.601;95.169;102.071;
1900-01-01 06:40:23;195.0;1745700023;99.805;101.67;95.169;102.115;
1900-01-01 06:40:24;196.0;1745700024;99.736;101.67;95.2;102.065;
1900-01-01 06:40:25;197.0;1745700025;99.736;101.713;95.168;102.065;
1900-01-01 06:40:26;198.0;1745700026;99.782;101.627;95.168;101.948;
1900-01-01 06:40:27;199.0;1745700027;99.782;101.627;95.14;102.055;
1900-01-01 06:40:28;200.0;1745700028;99.746;101.56;95.142;102.055;
1900-01-01 06:40:29;201.0;1745700029;99.818;101.56;95.142;102.074;
1900-01-01 06:40:30;202.0;1745700030;99.818;101.593;95.207;102.036;
1900-01-01 06:40:31;203.0;1745700031;99.738;101.568;95.207;102.036;
1900-01-01 06:40:32;204.0;1745700032;99.746;101.568;95.199;102.058;
1900-01-01 06:40:33;205.0;1745700033;99.746;101.629;95.282;102.01;
1900-01-01 06:40:34;206.0;1745700034;99.74;101.62;95.282;102.01;
1900-01-01 06:40:35;207.0;1745700035;99.803;101.62;95.198;102.056;
1900-01-01 06:40:36;208.0;1745700036;99.803;101.665;95.261;102.056;
1900-01-01 06:40:37;209.0;1745700037;99.693;101.671;95.261;102.03;
1900-01-01 06:40:38;210.0;1745700038;99.693;101.671;95.099;101.984;
1900-01-01 06:40:39;211.0;1745700039;99.679;101.543;95.071;101.984;
1900-01-01 06:40:40;212.0;1745700040;99.661;101.596;95.071;102.099;
1900-01-01 06:40:41;213.0;1745700041;99.661;101.596;95.031;102.073;
1900-01-01 06:40:42;214.0;1745700042;99.641;101.61;95.084;102.073;
1900-01-01 06:40:43;215.0;1745700043;99.653;101.61;95.084;102.116;
1900-01-01 06:40:44;216.0;1745700044;99.653;101.61;95.076;102.089;
1900-01-01 06:40:45;217.0;1745700045;99.639;101.595;94.953;102.089;
1900-01-01 06:40:46;218.0;1745700046;99.755;101.595;94.953;102.076;
1900-01-01 06:40:47;219.0;1745700047;99.755;101.608;94.99;102.086;
1900-01-01 06:40:48;220.0;1745700048;99.701;101.573;94.99;102.086;
1900-01-01 06:40:49;221.0;1745700049;99.832;101.573;95.029;102.05;
1900-01-01 06:40:50;222.0;1745700050;99.832;101.592;95.018;102.16;
1900-01-01 06:40:51;223.0;1745700051;99.741;101.578;94.925;102.16;
1900-01-01 06:40:52;224.0;1745700052;99.756;101.578;94.925;102.121;
1900-01-01 06:40:53;225.0;1745700053;99.756;101.659;94.932;102.14;
1900-01-01 06:40:54;226.0;1745700054;99.72;101.616;94.932;102.14;
1900-01-01 06:40:55;227.0;1745700055;99.77;101.616;94.808;102.145;
1900-01-01 06:40:56;228.0;1745700056;99.77;101.666;95.003;102.091;
1900-01-01 06:40:57;229.0;1745700057;99.81;101.607;95.003;102.091;
1900-01-01 06:40:58;230.0;1745700058;99.794;101.607;95.064;102.019;
1900-01-01 06:40:59;231.0;1745700059;99.794;101.588;95.166;102.028;
1900-01-01 06:41:00;232.0;1745700060;99.816;101.595;95.166;102.028;
1900-01-01 06:41:01;233.0;1745700061;99.881;101.595;95.202;102.081;
1900-01-01 06:41:02;234.0;1745700062;99.881;101.567;95.092;102.081;
1900-01-01 06:41:03;235.0;1745700063;99.807;101.539;95.092;102.113;
1900-01-01 06:41:04;236.0;1745700064;99.807;101.539;95.127;102.059;
1900-01-01 06:41:05;237.0;1745700065;99.903;101.588;95.028;102.059;
1900-01-01 06:41:06;238.0;1745700066;99.847;101.588;95.028;102.107;
1900-01-01 06:41:07;239.0;1745700067;99.847;101.546;94.999;102.04;
1900-01-01 06:41:08;240.0;1745700068;99.938;101.539;94.926;102.04;
1900-01-01 06:41:09;241.0;1745700069;99.854;101.539;94.926;102.138;
1900-01-01 06:41:10;242.0;1745700070;99.854;101.527;94.946;102.011;
1900-01-01 06:41:11;243.0;1745700071;99.863;101.535;94.918;102.011;
1900-01-01 06:41:12;244.0;1745700072;99.838;101.535;94.918;102.069;
1900-01-01 06:41:13;245.0;1745700073;99.838;101.518;94.988;102.05;
1900-01-01 06:41:14;246.0;1745700074;99.845;101.599;94.988;102.05;
1900-01-01 06:41:15;247.0;1745700075;99.8;101.599;94.877;102.098;
1900-01-01 06:41:16;248.0;1745700076;99.8;101.528;94.912;102.004;
1900-01-01 06:41:18;249.0;1745700078;99.856;101.546;94.773;102.004;
1900-01-01 06:41:18;250.0;1745700078;99.822;101.546;94.773;102.008;
1900-01-01 06:41:19;251.0;1745700079;99.822;101.504;94.727;102.064;
1900-01-01 06:41:20;252.0;1745700080;99.772;101.472;94.74;102.064;
1900-01-01 06:41:21;253.0;1745700081;99.772;101.472;94.74;102.094;
1900-01-01 06:41:22;254.0;1745700082;99.74;101.513;94.824;102.06;
1900-01-01 06:41:23;255.0;1745700083;99.844;101.609;94.824;102.06;
1900-01-01 06:41:24;256.0;1745700084;99.844;101.609;94.882;102.065;
1900-01-01 06:41:25;257.0;1745700085;99.822;101.5;94.887;102.065;
1900-01-01 06:41:26;258.0;1745700086;99.76;101.508;94.887;102.068;
1900-01-01 06:41:27;259.0;1745700087;99.76;101.508;94.783;101.963;
1900-01-01 06:41:28;260.0;1745700088;99.678;101.529;94.817;101.963;
1900-01-01 06:41:29;261.0;1745700089;99.738;101.56;94.817;102.123;
1900-01-01 06:41:30;262.0;1745700090;99.738;101.56;94.759;101.988;
1900-01-01 06:41:31;263.0;1745700091;99.665;101.507;94.811;101.988;
1900-01-01 06:41:32;264.0;1745700092;99.65;101.507;94.811;102.064;
1900-01-01 06:41:33;265.0;1745700093;99.65;101.54;94.751;101.988;
1900-01-01 06:41:35;266.0;1745700095;99.668;101.421;94.729;101.988;
1900-01-01 06:41:35;267.0;1745700095;99.645;101.421;94.729;102.112;
1900-01-01 06:41:36;268.0;1745700096;99.645;101.339;94.668;102.017;
1900-01-01 06:41:38;269.0;1745700098;99.616;101.441;94.658;102.017;
1900-01-01 06:41:38;270.0;1745700098;99.669;101.441;94.658;102.117;
1900-01-01 06:41:39;271.0;1745700099;99.669;101.435;94.683;102.119;
1900-01-01 06:41:40;272.0;1745700100;99.656;101.393;94.683;102.119;
1900-01-01 06:41:41;273.0;1745700101;99.602;101.393;94.72;102.092;
1900-01-01 06:41:42;274.0;1745700102;99.602;101.435;94.732;102.071;
1900-01-01 06:41:43;275.0;1745700103;99.574;101.481;94.732;102.071;
1900-01-01 06:41:44;276.0;1745700104;99.574;101.481;94.737;102.029;
1900-01-01 06:41:45;277.0;1745700105;99.506;101.438;94.718;102.029;
1900-01-01 06:41:46;278.0;1745700106;99.491;101.506;94.718;102.077;
1900-01-01 06:41:47;279.0;1745700107;99.491;101.506;94.736;102.144;
1900-01-01 06:41:48;280.0;1745700108;99.628;101.445;94.827;102.144;
1900-01-01 06:41:49;281.0;1745700109;99.62;101.445;94.827;102.03;
1900-01-01 06:41:50;282.0;1745700110;99.62;101.468;94.802;102.07;
1900-01-01 06:41:52;283.0;1745700112;99.597;101.539;94.789;102.07;
1900-01-01 06:41:52;284.0;1745700112;99.604;101.539;94.789;102.051;
1900-01-01 06:41:53;285.0;1745700113;99.604;101.511;94.677;102.066;
1900-01-01 06:41:54;286.0;1745700114;99.651;101.557;94.677;102.066;
1900-01-01 06:41:55;287.0;1745700115;99.716;101.557;94.739;102.071;
1900-01-01 06:41:56;288.0;1745700116;99.716;101.465;94.701;102.162;
1900-01-01 06:41:57;289.0;1745700117;99.752;101.482;94.701;102.162;
1900-01-01 06:41:58;290.0;1745700118;99.739;101.482;94.719;102.0;
1900-01-01 06:41:59;291.0;1745700119;99.739;101.438;94.631;102.099;
1900-01-01 06:42:00;292.0;1745700120;99.685;101.459;94.631;102.099;
1900-01-01 06:42:01;293.0;1745700121;99.685;101.459;94.568;102.05;
1900-01-01 06:42:02;294.0;1745700122;99.775;101.428;94.509;102.05;
1900-01-01 06:42:03;295.0;1745700123;99.744;101.449;94.509;102.043;
1900-01-01 06:42:04;296.0;1745700124;99.723;101.449;94.484;102.083;
1900-01-01 06:42:05;297.0;1745700125;99.723;101.551;94.558;102.083;
1900-01-01 06:42:06;298.0;1745700126;99.763;101.433;94.558;102.021;
1900-01-01 06:42:07;299.0;1745700127;99.763;101.433;94.626;102.069;
1900-01-01 06:42:09;300.0;1745700129;99.736;101.516;94.552;101.975;
1900-01-01 06:42:09;301.0;1745700129;99.757;101.516;94.552;101.975;
1900-01-01 06:42:10;302.0;1745700130;99.757;101.466;94.556;102.036;
1900-01-01 06:42:11;303.0;1745700131;99.715;101.412;94.479;102.036;
1900-01-01 06:42:12;304.0;1745700132;99.74;101.412;94.479;102.12;
1900-01-01 06:42:13;305.0;1745700133;99.74;101.562;94.498;102.031;
1900-01-01 06:42:14;306.0;1745700134;99.694;101.539;94.571;102.031;
1900-01-01 06:42:15;307.0;1745700135;99.731;101.539;94.571;102.044;
1900-01-01 06:42:16;308.0;1745700136;99.731;101.549;94.65;102.062;
1900-01-01 06:42:17;309.0;1745700137;99.589;101.517;94.569;102.062;
1900-01-01 06:42:18;310.0;1745700138;99.656;101.517;94.569;101.981;
1900-01-01 06:42:19;311.0;1745700139;99.656;101.528;94.584;102.057;
1900-01-01 06:42:20;312.0;1745700140;99.7;101.567;94.584;102.057;
1900-01-01 06:42:21;313.0;1745700141;99.7;101.567;94.524;102.078;
1900-01-01 06:42:22;314.0;1745700142;99.584;101.574;94.567;102.078;
1900-01-01 06:42:23;315.0;1745700143;99.533;101.486;94.567;102.026;
1900-01-01 06:42:25;316.0;1745700145;99.665;101.486;94.519;102.129;
1900-01-01 06:42:25;317.0;1745700145;99.665;101.419;94.491;102.129;
1900-01-01 06:42:26;318.0;1745700146;99.689;101.564;94.491;102.025;
1900-01-01 06:42:27;319.0;1745700147;99.689;101.564;94.565;102.094;
1900-01-01 06:42:29;320.0;1745700149;99.638;101.47;94.555;102.056;
1900-01-01 06:42:29;321.0;1745700149;99.653;101.47;94.555;102.056;
1900-01-01 06:42:30;322.0;1745700150;99.653;101.509;94.48;101.98;
1900-01-01 06:42:31;323.0;1745700151;99.596;101.516;94.534;101.98;
1900-01-01 06:42:32;324.0;1745700152;99.62;101.516;94.534;102.065;
1900-01-01 06:42:33;325.0;1745700153;99.62;101.453;94.437;102.044;
1900-01-01 06:42:34;326.0;1745700154;99.597;101.487;94.46;102.044;
1900-01-01 06:42:36;327.0;1745700156;99.601;101.463;94.46;101.959;
1900-01-01 06:42:36;328.0;1745700156;99.601;101.463;94.486;101.965;
1900-01-01 06:42:37;329.0;1745700157;99.569;101.508;94.499;101.965;
1900-01-01 06:42:38;330.0;1745700158;99.653;101.508;94.499;102.092;
1900-01-01 06:42:39;331.0;1745700159;99.653;101.456;94.459;102.117;
1900-01-01 06:42:40;332.0;1745700160;99.611;101.468;94.384;102.117;
1900-01-01 06:42:41;333.0;1745700161;99.537;101.468;94.384;102.023;
1900-01-01 06:42:42;334.0;1745700162;99.537;101.431;94.298;102.063;
1900-01-01 06:42:43;335.0;1745700163;99.618;101.386;94.298;102.063;
1900-01-01 06:42:44;336.0;1745700164;99.607;101.386;94.263;102.01;
1900-01-01 06:42:45;337.0;1745700165;99.607;101.488;94.153;102.01;
1900-01-01 06:42:46;338.0;1745700166;99.598;101.338;94.153;102.081;
1900-01-01 06:42:47;339.0;1745700167;99.632;101.338;94.138;102.067;
1900-01-01 06:42:48;340.0;1745700168;99.632;101.42;94.136;102.067;
1900-01-01 06:42:49;341.0;1745700169;99.533;101.391;94.136;102.09;
1900-01-01 06:42:50;342.0;1745700170;99.557;101.391;94.222;102.049;
1900-01-01 06:42:51;343.0;1745700171;99.557;101.441;94.207;102.049;
1900-01-01 06:42:52;344.0;1745700172;99.553;101.441;94.207;102.089;
1900-01-01 06:42:53;345.0;1745700173;99.553;101.441;94.349;102.087;
1900-01-01 06:42:54;346.0;1745700174;99.432;101.436;94.341;102.087;
1900-01-01 06:42:55;347.0;1745700175;99.456;101.436;94.341;102.126;
1900-01-01 06:42:56;348.0;1745700176;99.456;101.435;94.337;102.085;
1900-01-01 06:42:57;349.0;1745700177;99.445;101.563;94.337;102.085;
1900-01-01 06:42:58;350.0;1745700178;99.451;101.563;94.284;102.088;
1900-01-01 06:42:59;351.0;1745700179;99.451;101.512;94.332;102.1;
1900-01-01 06:43:00;352.0;1745700180;99.47;101.478;94.332;102.1;
1900-01-01 06:43:01;353.0;1745700181;99.395;101.478;94.285;102.129;
1900-01-01 06:43:02;354.0;1745700182;99.395;101.479;94.403;102.121;
1900-01-01 06:43:03;355.0;1745700183;99.537;101.528;94.403;102.121;
1900-01-01 06:43:04;356.0;1745700184;99.566;101.528;94.275;102.089;
1900-01-01 06:43:05;357.0;1745700185;99.566;101.533;94.233;102.029;
1900-01-01 06:43:06;358.0;1745700186;99.534;101.524;94.233;102.029;
1900-01-01 06:43:07;359.0;1745700187;99.534;101.524;94.219;102.059;
1900-01-01 06:43:08;360.0;1745700188;99.556;101.528;94.128;102.139;
1900-01-01 06:43:09;361.0;1745700189;99.542;101.509;94.128;102.139;
1900-01-01 06:43:10;362.0;1745700190;99.542;101.509;94.163;102.12;
1900-01-01 06:43:11;363.0;1745700191;99.582;101.471;94.195;102.064;
1900-01-01 06:43:12;364.0;1745700192;99.588;101.471;94.195;102.064;
1900-01-01 06:43:13;365.0;1745700193;99.588;101.465;94.129;102.205;
1900-01-01 06:43:14;366.0;1745700194;99.593;101.503;93.999;102.205;
1900-01-01 06:43:15;367.0;1745700195;99.592;101.458;93.999;102.111;
1900-01-01 06:43:16;368.0;1745700196;99.592;101.458;94.07;102.052;
1900-01-01 06:43:17;369.0;1745700197;99.607;101.416;94.083;102.052;
1900-01-01 06:43:18;370.0;1745700198;99.592;101.458;94.083;102.13;
1900-01-01 06:43:19;371.0;1745700199;99.592;101.458;94.044;102.122;
1900-01-01 06:43:20;372.0;1745700200;99.623;101.46;94.012;102.122;
1900-01-01 06:43:21;373.0;1745700201;99.653;101.46;94.012;102.089;
1900-01-01 06:43:22;374.0;1745700202;99.653;101.395;94.022;102.092;
1900-01-01 06:43:24;375.0;1745700204;99.587;101.394;94.02;102.092;
1900-01-01 06:43:24;376.0;1745700204;99.572;101.394;94.02;102.055;
1900-01-01 06:43:25;377.0;1745700205;99.572;101.454;94.124;102.018;
1900-01-01 06:43:26;378.0;1745700206;99.567;101.408;94.143;102.018;
1900-01-01 06:43:27;379.0;1745700207;99.568;101.408;94.143;102.045;
1900-01-01 06:43:28;380.0;1745700208;99.568;101.412;94.253;102.043;
1900-01-01 06:43:29;381.0;1745700209;99.469;101.424;94.253;102.043;
1900-01-01 06:43:31;382.0;1745700211;99.559;101.424;94.107;102.031;
1900-01-01 06:43:31;383.0;1745700211;99.559;101.308;94.221;102.077;
1900-01-01 06:43:32;384.0;1745700212;99.568;101.459;94.221;102.077;
1900-01-01 06:43:33;385.0;1745700213;99.568;101.459;94.145;101.981;
1900-01-01 06:43:34;386.0;1745700214;99.511;101.375;94.031;101.981;
1900-01-01 06:43:36;387.0;1745700216;99.536;101.472;94.031;102.053;
1900-01-01 06:43:36;388.0;1745700216;99.536;101.472;94.053;102.065;
1900-01-01 06:43:37;389.0;1745700217;99.507;101.435;94.036;102.065;
1900-01-01 06:43:39;390.0;1745700219;99.538;101.517;94.036;102.015;
1900-01-01 06:43:39;391.0;1745700219;99.538;101.517;93.91;102.103;
1900-01-01 06:43:40;392.0;1745700220;99.475;101.55;93.962;102.103;
1900-01-01 06:43:41;393.0;1745700221;99.566;101.55;93.962;101.995;
1900-01-01 06:43:42;394.0;1745700222;99.566;101.448;93.982;102.035;
1900-01-01 06:43:43;395.0;1745700223;99.492;101.468;94.145;102.035;
1900-01-01 06:43:44;396.0;1745700224;99.556;101.468;94.145;102.041;
1900-01-01 06:43:45;397.0;1745700225;99.556;101.455;93.995;101.98;
1900-01-01 06:43:46;398.0;1745700226;99.494;101.508;93.995;101.98;
1900-01-01 06:43:47;399.0;1745700227;99.405;101.508;94.085;102.012;
1900-01-01 06:43:48;400.0;1745700228;99.405;101.419;94.076;102.012;
1900-01-01 06:43:49;401.0;1745700229;99.337;101.438;94.076;102.052;
1900-01-01 06:43:50;402.0;1745700230;99.259;101.438;94.051;101.996;
1900-01-01 06:43:51;403.0;1745700231;99.259;101.302;93.948;101.996;
1900-01-01 06:43:52;404.0;1745700232;99.364;101.415;93.948;101.996;
1900-01-01 06:43:53;405.0;1745700233;99.364;101.415;93.979;102.036;
1900-01-01 06:43:54;406.0;1745700234;99.313;101.413;93.976;101.973;
1900-01-01 06:43:56;407.0;1745700236;99.271;101.345;93.976;101.973;
1900-01-01 06:43:56;408.0;1745700236;99.271;101.345;93.931;102.036;
1900-01-01 06:43:57;409.0;1745700237;99.338;101.451;93.888;102.036;
1900-01-01 06:43:58;410.0;1745700238;99.297;101.38;93.888;102.041;
1900-01-01 06:43:59;411.0;1745700239;99.297;101.38;93.967;102.023;
1900-01-01 06:44:00;412.0;1745700240;99.316;101.396;93.901;102.023;
1900-01-01 06:44:02;413.0;1745700242;99.271;101.351;93.901;102.116;
1900-01-01 06:44:02;414.0;1745700242;99.271;101.351;93.858;102.075;
1900-01-01 06:44:03;415.0;1745700243;99.255;101.339;93.784;102.075;
1900-01-01 06:44:04;416.0;1745700244;99.38;101.339;93.784;102.04;
1900-01-01 06:44:05;417.0;1745700245;99.38;101.394;93.755;102.052;
1900-01-01 06:44:06;418.0;1745700246;99.355;101.33;93.703;102.052;
1900-01-01 06:44:08;419.0;1745700248;99.388;101.347;93.703;102.006;
1900-01-01 06:44:08;420.0;1745700248;99.388;101.347;93.662;102.068;
1900-01-01 06:44:09;421.0;1745700249;99.311;101.32;93.739;102.068;
1900-01-01 06:44:10;422.0;1745700250;99.34;101.32;93.739;102.04;
1900-01-01 06:44:11;423.0;1745700251;99.34;101.317;93.777;101.984;
1900-01-01 06:44:12;424.0;1745700252;99.374;101.2;93.821;101.984;
1900-01-01 06:44:13;425.0;1745700253;99.246;101.2;93.821;102.081;
1900-01-01 06:44:14;426.0;1745700254;99.246;101.282;93.866;101.942;
1900-01-01 06:44:15;427.0;1745700255;99.324;101.208;93.912;101.942;
1900-01-01 06:44:16;428.0;1745700256;99.253;101.208;93.912;102.08;
1900-01-01 06:44:17;429.0;1745700257;99.253;101.154;93.941;102.013;
1900-01-01 06:44:18;430.0;1745700258;99.268;101.214;93.93;102.013;
1900-01-01 06:44:19;431.0;1745700259;99.339;101.214;93.93;101.966;
1900-01-01 06:44:20;432.0;1745700260;99.339;101.243;93.974;102.017;
1900-01-01 06:44:21;433.0;1745700261;99.318;101.278;93.897;102.017;
1900-01-01 06:44:22;434.0;1745700262;99.419;101.226;93.897;102.039;
1900-01-01 06:44:23;435.0;1745700263;99.419;101.226;93.839;101.921;
1900-01-01 06:44:24;436.0;1745700264;99.349;101.272;93.787;101.921;
1900-01-01 06:44:25;437.0;1745700265;99.468;101.272;93.787;101.992;
1900-01-01 06:44:26;438.0;1745700266;99.468;101.17;93.705;102.165;
1900-01-01 06:44:27;439.0;1745700267;99.435;101.295;93.766;102.165;
1900-01-01 06:44:28;440.0;1745700268;99.491;101.295;93.766;102.02;
1900-01-01 06:44:29;441.0;1745700269;99.491;101.322;93.825;102.11;
1900-01-01 06:44:30;442.0;1745700270;99.471;101.304;93.834;102.11;
1900-01-01 06:44:31;443.0;1745700271;99.456;101.304;93.834;102.032;
1900-01-01 06:44:32;444.0;1745700272;99.456;101.273;93.874;102.028;
1900-01-01 06:44:33;445.0;1745700273;99.535;101.235;93.802;102.028;
1900-01-01 06:44:34;446.0;1745700274;99.58;101.235;93.802;102.016;
1900-01-01 06:44:35;447.0;1745700275;99.58;101.234;93.771;101.998;
1900-01-01 06:44:36;448.0;1745700276;99.455;101.303;93.771;101.998;
1900-01-01 06:44:38;449.0;1745700278;99.401;101.303;93.726;101.979;
1900-01-01 06:44:38;450.0;1745700278;99.401;101.271;93.787;101.952;
1900-01-01 06:44:39;451.0;1745700279;99.396;101.247;93.787;101.952;
1900-01-01 06:44:40;452.0;1745700280;99.396;101.247;93.852;102.082;
1900-01-01 06:44:41;453.0;1745700281;99.31;101.278;93.8;102.082;
1900-01-01 06:44:42;454.0;1745700282;99.457;101.361;93.8;102.028;
1900-01-01 06:44:44;455.0;1745700284;99.397;101.361;93.736;102.024;
1900-01-01 06:44:44;456.0;1745700284;99.397;101.334;93.806;102.024;
1900-01-01 06:44:45;457.0;1745700285;99.433;101.351;93.806;102.04;
1900-01-01 06:44:46;458.0;1745700286;99.433;101.351;93.753;102.056;
1900-01-01 06:44:47;459.0;1745700287;99.425;101.255;93.717;102.056;
1900-01-01 06:44:48;460.0;1745700288;99.481;101.35;93.717;102.068;
1900-01-01 06:44:49;461.0;1745700289;99.481;101.35;93.677;102.033;
1900-01-01 06:44:50;462.0;1745700290;99.382;101.28;93.7;102.033;
1900-01-01 06:44:51;463.0;1745700291;99.404;101.28;93.7;102.028;
1900-01-01 06:44:52;464.0;1745700292;99.404;101.264;93.688;102.101;
1900-01-01 06:44:53;465.0;1745700293;99.396;101.346;93.688;102.101;
1900-01-01 06:44:54;466.0;1745700294;99.291;101.346;93.667;102.058;
1900-01-01 06:44:55;467.0;1745700295;99.291;101.265;93.575;102.084;
1900-01-01 06:44:56;468.0;1745700296;99.249;101.277;93.555;102.084;
1900-01-01 06:44:57;469.0;1745700297;99.229;101.277;93.555;101.962;
1900-01-01 06:44:58;470.0;1745700298;99.229;101.31;93.549;102.08;
1900-01-01 06:44:59;471.0;1745700299;99.159;101.317;93.549;102.08;
1900-01-01 06:45:01;472.0;1745700301;99.143;101.317;93.509;102.012;
1900-01-01 06:45:01;473.0;1745700301;99.143;101.271;93.461;102.012;
1900-01-01 06:45:02;474.0;1745700302;99.112;101.251;93.461;102.022;
1900-01-01 06:45:04;475.0;1745700304;99.152;101.251;93.528;102.047;
1900-01-01 06:45:04;476.0;1745700304;99.152;101.237;93.523;102.047;
1900-01-01 06:45:05;477.0;1745700305;99.171;101.319;93.523;102.03;
1900-01-01 06:45:06;478.0;1745700306;99.171;101.319;93.445;102.11;
1900-01-01 06:45:07;479.0;1745700307;99.198;101.225;93.477;102.11;
1900-01-01 06:45:08;480.0;1745700308;99.241;101.285;93.477;101.978;
1900-01-01 06:45:09;481.0;1745700309;99.241;101.285;93.468;102.099;
1900-01-01 06:45:10;482.0;1745700310;99.271;101.273;93.491;102.099;
1900-01-01 06:45:11;483.0;1745700311;99.247;101.273;93.491;102.007;
1900-01-01 06:45:12;484.0;1745700312;99.247;101.306;93.552;101.945;
1900-01-01 06:45:13;485.0;1745700313;99.239;101.258;93.552;101.945;
1900-01-01 06:45:14;486.0;1745700314;99.189;101.258;93.586;102.068;
1900-01-01 06:45:15;487.0;1745700315;99.189;101.248;93.54;102.002;
1900-01-01 06:45:16;488.0;1745700316;99.126;101.229;93.54;102.002;
1900-01-01 06:45:18;489.0;1745700318;99.181;101.229;93.457;102.014;
1900-01-01 06:45:18;490.0;1745700318;99.181;101.222;93.324;102.014;
1900-01-01 06:45:20;491.0;1745700320;99.168;101.267;93.324;102.056;
1900-01-01 06:45:20;492.0;1745700320;99.168;101.267;93.317;102.09;
1900-01-01 06:45:21;493.0;1745700321;99.272;101.237;93.244;102.09;
1900-01-01 06:45:22;494.0;1745700322;99.257;101.196;93.244;102.083;
1900-01-01 06:45:23;495.0;1745700323;99.257;101.196;93.087;102.029;
1900-01-01 06:45:24;496.0;1745700324;99.176;101.267;93.032;102.029;
1900-01-01 06:45:25;497.0;1745700325;99.208;101.18;93.032;101.978;
1900-01-01 06:45:26;498.0;1745700326;99.208;101.18;92.894;102.101;
1900-01-01 06:45:27;499.0;1745700327;99.229;101.19;93.035;102.101;
1900-01-01 06:45:28;500.0;1745700328;99.284;101.19;93.035;102.076;
1900-01-01 06:45:29;501.0;1745700329;99.284;101.233;93.022;102.028;
1900-01-01 06:45:30;502.0;1745700330;99.214;101.114;93.129;102.028;
1900-01-01 06:45:32;503.0;1745700332;99.214;101.265;93.129;102.058;
1900-01-01 06:45:32;504.0;1745700332;99.214;101.265;93.274;101.954;
1900-01-01 06:45:33;505.0;1745700333;99.306;101.158;93.426;101.954;
1900-01-01 06:45:34;506.0;1745700334;99.204;101.158;93.426;102.018;
1900-01-01 06:45:35;507.0;1745700335;99.204;101.219;93.5;101.977;
1900-01-01 06:45:36;508.0;1745700336;99.262;101.168;93.5;101.977;
1900-01-01 06:45:37;509.0;1745700337;99.139;101.168;93.552;101.955;
1900-01-01 06:45:38;510.0;1745700338;99.139;101.271;93.658;101.955;
1900-01-01 06:45:39;511.0;1745700339;99.224;101.221;93.658;101.961;
1900-01-01 06:45:40;512.0;1745700340;99.162;101.221;93.617;101.986;
1900-01-01 06:45:41;513.0;1745700341;99.162;101.263;93.647;101.986;
1900-01-01 06:45:42;514.0;1745700342;99.176;101.261;93.647;101.856;
1900-01-01 06:45:43;515.0;1745700343;99.176;101.261;93.55;102.04;
1900-01-01 06:45:44;516.0;1745700344;99.242;101.239;93.508;102.04;
1900-01-01 06:45:45;517.0;1745700345;99.299;101.171;93.508;101.953;
1900-01-01 06:45:46;518.0;1745700346;99.299;101.171;93.372;102.031;
1900-01-01 06:45:47;519.0;1745700347;99.19;101.162;93.353;102.031;
1900-01-01 06:45:48;520.0;1745700348;99.174;101.162;93.353;102.058;
1900-01-01 06:45:49;521.0;1745700349;99.174;101.153;93.251;101.983;
1900-01-01 06:45:50;522.0;1745700350;99.097;101.26;93.261;101.983;
1900-01-01 06:45:51;523.0;1745700351;99.074;101.26;93.261;102.052;
1900-01-01 06:45:52;524.0;1745700352;99.074;101.192;93.196;102.015;
1900-01-01 06:45:53;525.0;1745700353;99.113;101.261;93.196;102.015;
1900-01-01 06:45:55;526.0;1745700355;98.997;101.261;93.094;102.01;
1900-01-01 06:45:55;527.0;1745700355;98.997;101.164;92.895;102.052;
1900-01-01 06:45:56;528.0;1745700356;99.03;101.224;92.895;102.052;
1900-01-01 06:45:57;529.0;1745700357;99.03;101.224;92.832;102.01;
1900-01-01 06:45:58;530.0;1745700358;99.017;101.105;92.848;102.01;
1900-01-01 06:45:59;531.0;1745700359;99.038;101.17;92.848;102.015;
1900-01-01 06:46:00;532.0;1745700360;99.054;101.17;92.813;101.943;
1900-01-01 06:46:01;533.0;1745700361;99.054;101.285;92.866;101.943;
1900-01-01 06:46:02;534.0;1745700362;99.088;101.174;92.866;102.052;
1900-01-01 06:46:03;535.0;1745700363;99.088;101.174;92.853;102.031;
1900-01-01 06:46:04;536.0;1745700364;99.05;101.243;92.865;102.031;
1900-01-01 06:46:05;537.0;1745700365;99.227;101.347;92.865;101.991;
1900-01-01 06:46:06;538.0;1745700366;99.227;101.347;92.887;101.932;
1900-01-01 06:46:07;539.0;1745700367;99.254;101.204;92.848;101.932;
1900-01-01 06:46:08;540.0;1745700368;99.251;101.204;92.848;102.0;
1900-01-01 06:46:09;541.0;1745700369;99.251;101.269;92.901;102.018;
1900-01-01 06:46:10;542.0;1745700370;99.158;101.184;92.903;102.018;
1900-01-01 06:46:11;543.0;1745700371;99.238;101.184;92.903;101.9;
1900-01-01 06:46:12;544.0;1745700372;99.238;101.199;92.942;101.978;
1900-01-01 06:46:14;545.0;1745700374;99.2;101.127;92.88;101.978;
1900-01-01 06:46:14;546.0;1745700374;99.28;101.127;92.88;101.991;
1900-01-01 06:46:15;547.0;1745700375;99.28;101.189;92.858;101.879;
1900-01-01 06:46:17;548.0;1745700377;99.151;101.115;92.775;101.879;
1900-01-01 06:46:17;549.0;1745700377;99.114;101.115;92.775;102.064;
1900-01-01 06:46:18;550.0;1745700378;99.114;101.164;92.783;102.01;
1900-01-01 06:46:19;551.0;1745700379;99.057;101.194;92.724;102.01;
1900-01-01 06:46:20;552.0;1745700380;99.035;101.194;92.724;102.011;
1900-01-01 06:46:21;553.0;1745700381;99.035;101.192;92.733;102.103;
1900-01-01 06:46:22;554.0;1745700382;99.029;101.108;92.733;102.103;
1900-01-01 06:46:23;555.0;1745700383;99.029;101.108;92.752;101.985;
1900-01-01 06:46:24;556.0;1745700384;99.039;101.214;92.796;101.985;
1900-01-01 06:46:25;557.0;1745700385;99.074;101.063;92.796;102.063;
1900-01-01 06:46:26;558.0;1745700386;99.003;101.063;92.703;102.013;
1900-01-01 06:46:27;559.0;1745700387;99.003;101.163;92.798;102.013;
1900-01-01 06:46:28;560.0;1745700388;99.065;101.154;92.798;102.05;
1900-01-01 06:46:29;561.0;1745700389;99.065;101.154;92.813;102.081;
1900-01-01 06:46:30;562.0;1745700390;98.993;101.137;92.887;102.081;
1900-01-01 06:46:31;563.0;1745700391;99.01;101.137;92.887;102.056;
1900-01-01 06:46:32;564.0;1745700392;99.01;101.133;92.872;102.036;
1900-01-01 06:46:33;565.0;1745700393;99.005;101.08;92.922;102.036;
1900-01-01 06:46:34;566.0;1745700394;98.96;101.08;92.922;102.085;
1900-01-01 06:46:35;567.0;1745700395;98.96;101.16;92.896;102.054;
1900-01-01 06:46:36;568.0;1745700396;98.823;101.092;92.917;102.054;
1900-01-01 06:46:37;569.0;1745700397;98.941;101.092;92.917;102.101;
1900-01-01 06:46:38;570.0;1745700398;98.941;101.017;92.854;101.981;
1900-01-01 06:46:39;571.0;1745700399;98.932;101.114;92.815;101.981;
1900-01-01 06:46:40;572.0;1745700400;99.051;101.114;92.815;101.963;
1900-01-01 06:46:41;573.0;1745700401;99.051;101.205;92.744;102.044;
1900-01-01 06:46:42;574.0;1745700402;99.055;101.144;92.744;102.044;
1900-01-01 06:46:43;575.0;1745700403;99.078;101.144;92.792;102.036;
1900-01-01 06:46:44;576.0;1745700404;99.078;101.154;92.727;102.056;
1900-01-01 06:46:45;577.0;1745700405;99.161;101.083;92.727;102.056;
1900-01-01 06:46:46;578.0;1745700406;99.179;101.083;92.72;102.042;
1900-01-01 06:46:47;579.0;1745700407;99.179;101.236;92.689;102.008;
1900-01-01 06:46:48;580.0;1745700408;99.129;101.113;92.689;102.008;
1900-01-01 06:46:49;581.0;1745700409;99.154;101.113;92.654;102.057;
1900-01-01 06:46:50;582.0;1745700410;99.154;101.156;92.609;102.057;
1900-01-01 06:46:51;583.0;1745700411;99.212;101.08;92.609;101.917;
1900-01-01 06:46:52;584.0;1745700412;99.212;101.08;92.709;102.114;
1900-01-01 06:46:53;585.0;1745700413;99.121;101.094;92.604;102.114;
1900-01-01 06:46:54;586.0;1745700414;99.101;101.1;92.604;102.099;
1900-01-01 06:46:55;587.0;1745700415;99.101;101.1;92.579;101.969;
1900-01-01 06:46:56;588.0;1745700416;99.202;101.029;92.571;101.969;
1900-01-01 06:46:57;589.0;1745700417;99.092;101.029;92.571;102.012;
1900-01-01 06:46:58;590.0;1745700418;99.092;101.089;92.464;102.032;
1900-01-01 06:46:59;591.0;1745700419;99.074;101.026;92.464;102.032;
1900-01-01 06:47:00;592.0;1745700420;98.974;101.026;92.385;101.985;
1900-01-01 06:47:01;593.0;1745700421;98.974;100.975;92.399;101.951;
1900-01-01 06:47:02;594.0;1745700422;98.978;101.025;92.399;101.951;
1900-01-01 06:47:03;595.0;1745700423;98.929;101.025;92.319;102.048;
1900-01-01 06:47:05;596.0;1745700425;98.929;101.079;92.305;101.96;
1900-01-01 06:47:05;597.0;1745700425;98.903;101.071;92.305;101.96;
1900-01-01 06:47:06;598.0;1745700426;98.903;101.071;92.308;102.103;
1900-01-01 06:47:07;599.0;1745700427;98.903;101.102;92.233;102.103;
1900-01-01 06:47:08;600.0;1745700428;98.852;101.098;92.233;102.05;
1900-01-01 06:47:09;601.0;1745700429;98.852;101.098;92.326;102.065;
1900-01-01 06:47:10;602.0;1745700430;98.878;100.996;92.238;101.949;
1900-01-01 06:47:11;603.0;1745700431;98.972;100.996;92.238;101.949;
1900-01-01 06:47:12;604.0;1745700432;98.972;101.147;92.287;101.98;
1900-01-01 06:47:13;605.0;1745700433;98.892;101.156;92.233;101.98;
1900-01-01 06:47:14;606.0;1745700434;98.937;101.156;92.233;102.087;
1900-01-01 06:47:15;607.0;1745700435;98.937;101.025;92.117;101.971;
1900-01-01 06:47:16;608.0;1745700436;98.962;101.093;92.174;101.971;
1900-01-01 06:47:17;609.0;1745700437;98.848;101.093;92.174;102.023;
1900-01-01 06:47:18;610.0;1745700438;98.848;101.09;92.191;102.0;
1900-01-01 06:47:19;611.0;1745700439;98.871;101.089;92.218;102.0;
1900-01-01 06:47:21;612.0;1745700441;98.773;101.11;92.218;101.936;
1900-01-01 06:47:21;613.0;1745700441;98.773;101.11;92.32;102.07;
1900-01-01 06:47:22;614.0;1745700442;98.792;101.087;92.32;102.07;
1900-01-01 06:47:23;615.0;1745700443;98.618;101.087;92.25;102.049;
1900-01-01 06:47:24;616.0;1745700444;98.618;101.137;92.217;101.928;
1900-01-01 06:47:25;617.0;1745700445;98.674;101.032;92.217;101.928;
1900-01-01 06:47:26;618.0;1745700446;98.649;101.032;92.066;102.031;
1900-01-01 06:47:27;619.0;1745700447;98.649;101.002;92.147;102.031;
1900-01-01 06:47:28;620.0;1745700448;98.815;101.124;92.147;101.962;
1900-01-01 06:47:29;621.0;1745700449;98.815;101.124;92.097;101.976;
1900-01-01 06:47:30;622.0;1745700450;98.747;101.114;92.09;101.976;
1900-01-01 06:47:31;623.0;1745700451;98.806;101.016;92.09;102.045;
1900-01-01 06:47:33;624.0;1745700453;98.779;101.016;92.142;101.952;
1900-01-01 06:47:33;625.0;1745700453;98.779;101.131;92.062;101.952;
1900-01-01 06:47:34;626.0;1745700454;98.816;101.131;92.062;102.039;
1900-01-01 06:47:35;627.0;1745700455;98.816;101.107;92.026;102.011;
1900-01-01 06:47:36;628.0;1745700456;98.865;100.958;92.134;102.011;
1900-01-01 06:47:37;629.0;1745700457;98.983;100.958;92.134;102.008;
1900-01-01 06:47:38;630.0;1745700458;98.983;100.99;92.144;102.029;
1900-01-01 06:47:39;631.0;1745700459;98.889;101.001;92.144;102.029;
1900-01-01 06:47:40;632.0;1745700460;98.955;101.001;92.165;102.061;
1900-01-01 06:47:41;633.0;1745700461;98.955;101.153;92.151;102.049;
1900-01-01 06:47:42;634.0;1745700462;98.991;101.073;92.151;102.049;
1900-01-01 06:47:43;635.0;1745700463;98.914;101.073;92.195;102.057;
1900-01-01 06:47:44;636.0;1745700464;98.914;101.121;92.208;102.061;
1900-01-01 06:47:45;637.0;1745700465;98.942;101.034;92.208;102.061;
1900-01-01 06:47:46;638.0;1745700466;98.942;101.034;92.235;101.99;
1900-01-01 06:47:47;639.0;1745700467;98.999;101.018;92.342;101.965;
1900-01-01 06:47:48;640.0;1745700468;99.017;100.933;92.342;101.965;
1900-01-01 06:47:49;641.0;1745700469;99.017;100.933;92.287;101.961;
1900-01-01 06:47:50;642.0;1745700470;98.984;100.999;92.189;101.961;
1900-01-01 06:47:51;643.0;1745700471;98.981;101.009;92.189;102.008;
1900-01-01 06:47:53;644.0;1745700473;98.985;101.009;91.996;102.011;
1900-01-01 06:47:53;645.0;1745700473;98.985;100.947;92.038;102.011;
1900-01-01 06:47:54;646.0;1745700475;99.017;100.988;92.038;102.035;
1900-01-01 06:47:55;647.0;1745700475;99.017;100.988;91.992;101.98;
1900-01-01 06:47:56;648.0;1745700476;99.024;101.009;91.818;101.98;
1900-01-01 06:47:57;649.0;1745700477;98.983;100.919;91.818;102.042;
1900-01-01 06:47:58;650.0;1745700478;98.983;100.919;91.757;102.017;
1900-01-01 06:47:59;651.0;1745700479;98.972;100.997;91.768;102.017;
1900-01-01 06:48:00;652.0;1745700480;98.979;100.961;91.768;102.053;
1900-01-01 06:48:01;653.0;1745700481;98.979;100.961;91.731;102.023;
1900-01-01 06:48:02;654.0;1745700482;98.883;100.988;91.751;102.023;
1900-01-01 06:48:03;655.0;1745700483;98.856;100.988;91.751;101.958;
1900-01-01 06:48:04;656.0;1745700484;98.856;101.021;91.795;101.885;
1900-01-01 06:48:05;657.0;1745700485;98.845;100.934;91.792;101.885;
1900-01-01 06:48:06;658.0;1745700486;98.803;100.934;91.792;101.972;
1900-01-01 06:48:07;659.0;1745700487;98.803;100.929;91.823;101.972;
1900-01-01 06:48:08;660.0;1745700488;98.843;101.006;91.823;101.959;
1900-01-01 06:48:09;661.0;1745700489;98.877;101.006;91.821;101.963;
1900-01-01 06:48:11;662.0;1745700491;98.877;101.087;91.807;101.969;
1900-01-01 06:48:11;663.0;1745700491;98.837;101.075;91.807;101.969;
1900-01-01 06:48:12;664.0;1745700492;98.837;101.075;91.734;101.959;
1900-01-01 06:48:13;665.0;1745700493;98.833;101.041;91.681;101.959;
1900-01-01 06:48:14;666.0;1745700494;98.893;101.041;91.681;101.949;
1900-01-01 06:48:15;667.0;1745700495;98.893;101.051;91.647;102.029;
1900-01-01 06:48:16;668.0;1745700496;98.786;101.063;91.654;102.029;
1900-01-01 06:48:17;669.0;1745700497;98.82;101.063;91.654;102.085;
1900-01-01 06:48:18;670.0;1745700498;98.82;100.993;91.669;101.998;
1900-01-01 06:48:20;671.0;1745700500;98.715;101.013;91.692;101.998;
1900-01-01 06:48:20;672.0;1745700500;98.716;101.013;91.692;102.029;
1900-01-01 06:48:21;673.0;1745700501;98.716;100.956;91.715;102.015;
1900-01-01 06:48:22;674.0;1745700502;98.668;101.081;91.715;102.015;
1900-01-01 06:48:23;675.0;1745700503;98.619;101.081;91.587;102.02;
1900-01-01 06:48:24;676.0;1745700504;98.619;101.012;91.537;101.982;
1900-01-01 06:48:25;677.0;1745700505;98.576;100.985;91.537;101.982;
1900-01-01 06:48:26;678.0;1745700506;98.682;100.985;91.483;102.024;
1900-01-01 06:48:27;679.0;1745700507;98.682;100.968;91.41;102.031;
1900-01-01 06:48:28;680.0;1745700508;98.709;100.968;91.41;102.031;
1900-01-01 06:48:29;681.0;1745700509;98.6;100.968;91.42;102.028;
1900-01-01 06:48:30;682.0;1745700510;98.6;100.962;91.475;102.028;
1900-01-01 06:48:31;683.0;1745700511;98.646;100.951;91.475;102.012;
1900-01-01 06:48:32;684.0;1745700512;98.659;100.951;91.525;102.001;
1900-01-01 06:48:33;685.0;1745700513;98.659;100.909;91.429;102.055;
1900-01-01 06:48:34;686.0;1745700514;98.676;100.95;91.429;102.055;
1900-01-01 06:48:35;687.0;1745700515;98.676;100.95;91.426;101.997;
1900-01-01 06:48:36;688.0;1745700516;98.613;100.93;91.497;101.973;
1900-01-01 06:48:37;689.0;1745700517;98.738;100.932;91.497;101.973;
1900-01-01 06:48:38;690.0;1745700518;98.738;100.932;91.557;101.97;
1900-01-01 06:48:39;691.0;1745700519;98.706;100.9;91.596;101.97;
1900-01-01 06:48:40;692.0;1745700520;98.612;100.9;91.596;101.953;
1900-01-01 06:48:41;693.0;1745700521;98.612;100.88;91.684;101.996;
1900-01-01 06:48:42;694.0;1745700522;98.521;100.865;91.648;101.996;
1900-01-01 06:48:43;695.0;1745700523;98.493;100.865;91.648;101.929;
1900-01-01 06:48:44;696.0;1745700524;98.493;100.898;91.61;102.018;
1900-01-01 06:48:45;697.0;1745700525;98.484;100.881;91.474;102.018;
1900-01-01 06:48:46;698.0;1745700526;98.442;100.881;91.474;102.08;
1900-01-01 06:48:47;699.0;1745700527;98.442;100.883;91.553;102.063;
1900-01-01 06:48:48;700.0;1745700528;98.43;100.914;91.553;102.063;
1900-01-01 06:48:49;701.0;1745700529;98.537;100.914;91.416;101.954;
1900-01-01 06:48:50;702.0;1745700530;98.537;100.89;91.457;101.954;
1900-01-01 06:48:51;703.0;1745700531;98.547;100.874;91.457;102.065;
1900-01-01 06:48:52;704.0;1745700532;98.547;100.874;91.497;102.0;
1900-01-01 06:48:53;705.0;1745700533;98.696;100.795;91.568;102.0;
1900-01-01 06:48:55;706.0;1745700535;98.636;100.818;91.568;101.99;
1900-01-01 06:48:55;707.0;1745700535;98.636;100.818;91.455;101.987;
1900-01-01 06:48:56;708.0;1745700536;98.598;100.757;91.349;101.987;
1900-01-01 06:48:58;709.0;1745700538;98.594;100.774;91.349;101.999;
1900-01-01 06:48:58;710.0;1745700538;98.594;100.774;91.373;101.96;
1900-01-01 06:48:59;711.0;1745700539;98.602;100.746;91.309;101.96;
1900-01-01 06:49:00;712.0;1745700540;98.559;100.811;91.309;102.02;
1900-01-01 06:49:01;713.0;1745700541;98.559;100.811;91.287;101.965;
1900-01-01 06:49:02;714.0;1745700542;98.583;100.739;91.305;101.965;
1900-01-01 06:49:03;715.0;1745700543;98.598;100.739;91.305;102.023;
1900-01-01 06:49:04;716.0;1745700544;98.598;100.7;91.386;101.944;
1900-01-01 06:49:05;717.0;1745700545;98.515;100.775;91.386;101.944;
1900-01-01 06:49:06;718.0;1745700546;98.508;100.775;91.366;101.918;
1900-01-01 06:49:07;719.0;1745700547;98.508;100.813;91.338;102.0;
1900-01-01 06:49:08;720.0;1745700548;98.474;100.854;91.257;102.0;
1900-01-01 06:49:09;721.0;1745700549;98.434;100.854;91.257;102.077;
1900-01-01 06:49:11;722.0;1745700551;98.434;100.843;91.293;102.066;
1900-01-01 06:49:11;723.0;1745700551;98.542;100.789;91.242;102.066;
1900-01-01 06:49:12;724.0;1745700552;98.499;100.789;91.242;101.905;
1900-01-01 06:49:13;725.0;1745700553;98.499;100.874;91.208;102.044;
1900-01-01 06:49:14;726.0;1745700554;98.592;100.886;91.192;102.044;
1900-01-01 06:49:15;727.0;1745700555;98.501;100.922;91.192;102.057;
1900-01-01 06:49:16;728.0;1745700556;98.501;100.922;91.1;101.912;
1900-01-01 06:49:17;729.0;1745700557;98.5;100.824;91.151;101.912;
1900-01-01 06:49:18;730.0;1745700558;98.569;100.939;91.151;101.997;
1900-01-01 06:49:19;731.0;1745700559;98.569;100.939;91.106;101.974;
1900-01-01 06:49:20;732.0;1745700560;98.603;100.829;91.021;101.974;
1900-01-01 06:49:21;733.0;1745700561;98.648;100.829;91.021;101.904;
1900-01-01 06:49:22;734.0;1745700562;98.648;100.861;91.061;101.932;
1900-01-01 06:49:23;735.0;1745700563;98.671;100.766;91.08;101.932;
1900-01-01 06:49:24;736.0;1745700564;98.603;100.766;91.08;102.016;
1900-01-01 06:49:25;737.0;1745700565;98.603;100.801;91.064;102.022;
1900-01-01 06:49:26;738.0;1745700566;98.728;100.883;91.04;102.022;
1900-01-01 06:49:27;739.0;1745700567;98.699;100.883;91.04;101.954;
1900-01-01 06:49:28;740.0;1745700568;98.699;100.832;90.933;101.94;
1900-01-01 06:49:29;741.0;1745700569;98.723;100.883;90.936;101.94;
1900-01-01 06:49:30;742.0;1745700570;98.716;100.883;90.936;101.984;
1900-01-01 06:49:31;743.0;1745700571;98.716;100.874;90.94;102.001;
1900-01-01 06:49:32;744.0;1745700572;98.685;100.896;90.94;102.001;
1900-01-01 06:49:33;745.0;1745700573;98.685;100.896;90.947;102.042;
1900-01-01 06:49:34;746.0;1745700574;98.657;100.801;91.015;101.87;
1900-01-01 06:49:35;747.0;1745700575;98.64;100.829;91.015;101.87;
1900-01-01 06:49:36;748.0;1745700576;98.688;100.829;91.045;102.002;
1900-01-01 06:49:37;749.0;1745700577;98.688;100.83;91.049;102.002;
1900-01-01 06:49:38;750.0;1745700578;98.646;100.862;91.049;101.96;
1900-01-01 06:49:39;751.0;1745700579;98.602;100.862;91.047;101.939;
1900-01-01 06:49:40;752.0;1745700580;98.602;100.764;90.949;101.95;
1900-01-01 06:49:41;753.0;1745700581;98.583;100.887;90.949;101.95;
1900-01-01 06:49:42;754.0;1745700582;98.583;100.887;91.075;101.951;
1900-01-01 06:49:43;755.0;1745700583;98.515;100.903;91.065;102.039;
1900-01-01 06:49:44;756.0;1745700584;98.571;100.827;91.065;102.039;
1900-01-01 06:49:45;757.0;1745700585;98.571;100.827;91.129;101.991;
1900-01-01 06:49:46;758.0;1745700586;98.504;100.835;91.15;101.991;
1900-01-01 06:49:47;759.0;1745700587;98.488;100.835;91.15;102.022;
1900-01-01 06:49:48;760.0;1745700588;98.488;100.828;91.007;101.912;
1900-01-01 06:49:49;761.0;1745700589;98.506;100.812;90.905;101.912;
1900-01-01 06:49:50;762.0;1745700590;98.401;100.812;90.905;102.04;
1900-01-01 06:49:51;763.0;1745700591;98.401;100.879;90.917;102.039;
1900-01-01 06:49:52;764.0;1745700592;98.447;100.786;90.917;102.039;
1900-01-01 06:49:53;765.0;1745700593;98.417;100.786;91.002;101.98;
1900-01-01 06:49:54;766.0;1745700594;98.417;100.82;90.997;101.982;
1900-01-01 06:49:56;767.0;1745700596;98.378;100.85;90.97;101.982;
1900-01-01 06:49:56;768.0;1745700596;98.378;100.85;90.97;102.003;
1900-01-01 06:49:57;769.0;1745700597;98.34;100.836;90.963;102.092;
1900-01-01 06:49:58;770.0;1745700598;98.397;100.858;90.963;102.092;
1900-01-01 06:49:59;771.0;1745700599;98.397;100.858;90.898;102.141;
1900-01-01 06:50:00;772.0;1745700600;98.439;100.712;90.761;102.141;
1900-01-01 06:50:01;773.0;1745700601;98.505;100.786;90.761;102.066;
1900-01-01 06:50:02;774.0;1745700602;98.505;100.786;90.848;102.009;
1900-01-01 06:50:03;775.0;1745700603;98.595;100.707;90.954;102.009;
1900-01-01 06:50:04;776.0;1745700604;98.584;100.681;90.954;102.036;
1900-01-01 06:50:05;777.0;1745700605;98.584;100.681;90.929;102.099;
1900-01-01 06:50:06;778.0;1745700606;98.554;100.717;90.934;102.099;
1900-01-01 06:50:07;779.0;1745700607;98.582;100.717;90.934;102.007;
1900-01-01 06:50:08;780.0;1745700608;98.582;100.716;90.92;101.973;
1900-01-01 06:50:09;781.0;1745700609;98.551;100.709;90.92;101.973;
1900-01-01 06:50:10;782.0;1745700610;98.469;100.709;90.867;102.114;
1900-01-01 06:50:11;783.0;1745700611;98.469;100.739;90.892;102.047;
1900-01-01 06:50:12;784.0;1745700612;98.446;100.801;90.892;102.047;
1900-01-01 06:50:13;785.0;1745700613;98.409;100.801;90.88;102.0;
1900-01-01 06:50:14;786.0;1745700614;98.409;100.713;91.052;102.117;
1900-01-01 06:50:15;787.0;1745700615;98.413;100.717;90.983;102.117;
1900-01-01 06:50:16;788.0;1745700616;98.42;100.717;90.983;101.986;
1900-01-01 06:50:17;789.0;1745700617;98.42;100.663;90.853;102.044;
1900-01-01 06:50:18;790.0;1745700618;98.523;100.688;90.853;102.044;
1900-01-01 06:50:20;791.0;1745700620;98.41;100.688;90.762;101.96;
1900-01-01 06:50:20;792.0;1745700620;98.41;100.695;90.714;102.035;
1900-01-01 06:50:21;793.0;1745700621;98.409;100.649;90.714;102.035;
1900-01-01 06:50:22;794.0;1745700622;98.409;100.649;90.658;102.01;
1900-01-01 06:50:23;795.0;1745700623;98.336;100.705;90.636;102.01;
1900-01-01 06:50:25;796.0;1745700625;98.34;100.721;90.636;102.007;
1900-01-01 06:50:25;797.0;1745700625;98.34;100.721;90.557;102.023;
1900-01-01 06:50:26;798.0;1745700626;98.375;100.744;90.566;102.023;
1900-01-01 06:50:27;799.0;1745700627;98.42;100.682;90.566;102.026;
1900-01-01 06:50:28;800.0;1745700628;98.42;100.682;90.52;101.964;
1900-01-01 06:50:29;801.0;1745700629;98.39;100.773;90.577;101.964;
1900-01-01 06:50:30;802.0;1745700630;98.385;100.773;90.577;102.002;
1900-01-01 06:50:31;803.0;1745700631;98.385;100.778;90.518;102.083;
1900-01-01 06:50:32;804.0;1745700632;98.365;100.654;90.518;102.083;
1900-01-01 06:50:33;805.0;1745700633;98.343;100.654;90.472;101.932;
1900-01-01 06:50:34;806.0;1745700634;98.343;100.616;90.463;101.988;
1900-01-01 06:50:35;807.0;1745700635;98.298;100.639;90.341;101.988;
1900-01-01 06:50:36;808.0;1745700636;98.34;100.639;90.341;101.995;
1900-01-01 06:50:37;809.0;1745700637;98.34;100.601;90.249;101.938;
1900-01-01 06:50:38;810.0;1745700638;98.407;100.615;90.262;101.938;
1900-01-01 06:50:39;811.0;1745700639;98.407;100.615;90.262;101.949;
1900-01-01 06:50:40;812.0;1745700640;98.398;100.573;90.339;101.959;
1900-01-01 06:50:41;813.0;1745700641;98.342;100.561;90.311;101.959;
1900-01-01 06:50:42;814.0;1745700642;98.339;100.561;90.311;101.915;
1900-01-01 06:50:43;815.0;1745700643;98.339;100.476;90.371;101.999;
1900-01-01 06:50:44;816.0;1745700644;98.382;100.578;90.371;101.999;
1900-01-01 06:50:45;817.0;1745700645;98.356;100.578;90.483;102.025;
1900-01-01 06:50:46;818.0;1745700646;98.356;100.579;90.606;102.025;
1900-01-01 06:50:47;819.0;1745700647;98.331;100.627;90.606;102.003;
1900-01-01 06:50:48;820.0;1745700648;98.344;100.627;90.761;101.993;
1900-01-01 06:50:49;821.0;1745700649;98.344;100.68;90.718;101.993;
1900-01-01 06:50:50;822.0;1745700650;98.363;100.633;90.718;101.912;
1900-01-01 06:50:51;823.0;1745700651;98.363;100.633;90.734;101.922;
1900-01-01 06:50:52;824.0;1745700652;98.401;100.609;90.698;101.922;
1900-01-01 06:50:53;825.0;1745700653;98.337;100.609;90.698;101.997;
1900-01-01 06:50:54;826.0;1745700654;98.337;100.728;90.721;102.062;
1900-01-01 06:50:55;827.0;1745700655;98.367;100.742;90.782;102.062;
1900-01-01 06:50:56;828.0;1745700656;98.356;100.742;90.782;101.93;
1900-01-01 06:50:57;829.0;1745700657;98.356;100.679;90.79;102.021;
1900-01-01 06:50:58;830.0;1745700658;98.334;100.733;90.783;102.021;
1900-01-01 06:50:59;831.0;1745700659;98.295;100.733;90.783;101.945;
1900-01-01 06:51:00;832.0;1745700660;98.295;100.625;90.704;101.902;
1900-01-01 06:51:01;833.0;1745700661;98.214;100.645;90.704;101.902;
1900-01-01 06:51:02;834.0;1745700662;98.243;100.645;90.678;102.006;
1900-01-01 06:51:03;835.0;1745700663;98.243;100.618;90.562;101.998;
1900-01-01 06:51:05;836.0;1745700665;98.208;100.64;90.575;101.998;
1900-01-01 06:51:05;837.0;1745700665;98.231;100.64;90.575;101.995;
1900-01-01 06:51:07;838.0;1745700667;98.231;100.644;90.563;102.041;
1900-01-01 06:51:07;839.0;1745700667;98.145;100.601;90.563;102.041;
1900-01-01 06:51:08;840.0;1745700668;98.248;100.601;90.433;101.998;
1900-01-01 06:51:09;841.0;1745700669;98.248;100.695;90.352;101.998;
1900-01-01 06:51:10;842.0;1745700670;98.134;100.732;90.352;102.022;
1900-01-01 06:51:11;843.0;1745700671;98.134;100.732;90.236;102.022;
1900-01-01 06:51:12;844.0;1745700672;98.136;100.731;90.038;102.026;
1900-01-01 06:51:13;845.0;1745700673;98.112;100.789;90.038;102.026;
1900-01-01 06:51:14;846.0;1745700674;98.112;100.789;90.042;101.912;
1900-01-01 06:51:15;847.0;1745700675;98.171;100.726;90.056;101.912;
1900-01-01 06:51:16;848.0;1745700676;98.234;100.726;90.056;102.007;
1900-01-01 06:51:17;849.0;1745700677;98.234;100.785;90.049;102.021;
1900-01-01 06:51:18;850.0;1745700678;98.197;100.674;90.099;102.021;
1900-01-01 06:51:19;851.0;1745700679;98.261;100.779;90.099;101.896;
1900-01-01 06:51:20;852.0;1745700680;98.261;100.779;90.08;102.074;
1900-01-01 06:51:21;853.0;1745700681;98.238;100.683;90.11;102.074;
1900-01-01 06:51:22;854.0;1745700682;98.3;100.683;90.11;102.06;
1900-01-01 06:51:23;855.0;1745700683;98.3;100.775;90.047;101.993;
1900-01-01 06:51:24;856.0;1745700684;98.348;100.758;90.047;101.993;
1900-01-01 06:51:25;857.0;1745700685;98.341;100.758;90.087;102.084;
1900-01-01 06:51:26;858.0;1745700686;98.341;100.624;90.093;101.979;
1900-01-01 06:51:28;859.0;1745700688;98.381;100.729;90.087;101.979;
1900-01-01 06:51:28;860.0;1745700688;98.397;100.729;90.087;101.888;
1900-01-01 06:51:29;861.0;1745700689;98.397;100.669;90.122;101.93;
1900-01-01 06:51:30;862.0;1745700690;98.423;100.614;90.122;101.93;
1900-01-01 06:51:31;863.0;1745700691;98.341;100.614;90.142;101.961;
1900-01-01 06:51:32;864.0;1745700692;98.341;100.607;90.154;101.961;
1900-01-01 06:51:33;865.0;1745700693;98.398;100.605;90.154;101.938;
1900-01-01 06:51:34;866.0;1745700694;98.398;100.605;90.149;101.964;
1900-01-01 06:51:35;867.0;1745700695;98.246;100.524;90.134;101.964;
1900-01-01 06:51:36;868.0;1745700696;98.226;100.524;90.134;101.892;
1900-01-01 06:51:37;869.0;1745700697;98.226;100.528;90.192;101.977;
1900-01-01 06:51:38;870.0;1745700698;98.112;100.486;90.198;101.977;
1900-01-01 06:51:39;871.0;1745700699;98.151;100.486;90.198;101.967;
1900-01-01 06:51:40;872.0;1745700700;98.151;100.519;90.173;101.923;
1900-01-01 06:51:41;873.0;1745700701;98.193;100.486;90.128;101.923;
1900-01-01 06:51:43;874.0;1745700703;98.203;100.486;90.128;101.993;
1900-01-01 06:51:43;875.0;1745700703;98.203;100.477;90.084;101.989;
1900-01-01 06:51:44;876.0;1745700704;98.245;100.531;90.084;101.989;
1900-01-01 06:51:45;877.0;1745700705;98.205;100.531;90.003;101.976;
1900-01-01 06:51:46;878.0;1745700706;98.205;100.528;89.976;101.976;
1900-01-01 06:51:47;879.0;1745700707;98.271;100.513;89.976;101.904;
1900-01-01 06:51:48;880.0;1745700708;98.302;100.513;89.964;101.965;
1900-01-01 06:51:49;881.0;1745700709;98.302;100.519;89.932;101.965;
1900-01-01 06:51:50;882.0;1745700710;98.231;100.563;89.932;101.955;
1900-01-01 06:51:51;883.0;1745700711;98.235;100.563;90.002;101.983;
1900-01-01 06:51:52;884.0;1745700712;98.235;100.531;90.162;101.98;
1900-01-01 06:51:53;885.0;1745700713;98.184;100.571;90.162;101.98;
1900-01-01 06:51:54;886.0;1745700714;98.108;100.571;90.092;102.017;
1900-01-01 06:51:55;887.0;1745700715;98.108;100.591;90.069;101.961;
1900-01-01 06:51:56;888.0;1745700716;98.073;100.587;90.069;101.961;
1900-01-01 06:51:57;889.0;1745700717;98.073;100.587;90.055;101.96;
1900-01-01 06:51:58;890.0;1745700718;98.203;100.568;89.938;101.96;
1900-01-01 06:51:59;891.0;1745700719;98.082;100.596;89.938;102.001;
1900-01-01 06:52:00;892.0;1745700720;98.082;100.596;89.911;101.994;
1900-01-01 06:52:01;893.0;1745700721;98.096;100.553;89.983;101.994;
1900-01-01 06:52:02;894.0;1745700722;98.086;100.553;89.983;101.985;
1900-01-01 06:52:03;895.0;1745700723;98.086;100.553;90.013;102.053;
1900-01-01 06:52:04;896.0;1745700724;98.008;100.527;90.087;102.053;
1900-01-01 06:52:05;897.0;1745700725;98.096;100.527;90.087;102.071;
1900-01-01 06:52:06;898.0;1745700726;98.096;100.56;90.259;101.999;
1900-01-01 06:52:07;899.0;1745700727;98.007;100.561;90.259;101.999;
1900-01-01 06:52:08;900.0;1745700728;98.039;100.561;90.175;101.938;
1900-01-01 06:52:09;901.0;1745700729;98.039;100.521;90.127;102.047;
1900-01-01 06:52:10;902.0;1745700730;98.007;100.499;90.127;102.047;
1900-01-01 06:52:11;903.0;1745700731;97.971;100.499;90.007;101.945;
1900-01-01 06:52:12;904.0;1745700732;97.971;100.497;89.876;101.945;
1900-01-01 06:52:13;905.0;1745700733;98.051;100.503;89.876;101.949;
1900-01-01 06:52:14;906.0;1745700734;98.006;100.503;89.917;102.067;
1900-01-01 06:52:15;907.0;1745700735;98.006;100.576;89.822;102.004;
1900-01-01 06:52:16;908.0;1745700736;97.909;100.539;89.822;102.004;
1900-01-01 06:52:17;909.0;1745700737;97.909;100.539;89.785;101.959;
1900-01-01 06:52:18;910.0;1745700738;97.953;100.47;89.72;101.959;
1900-01-01 06:52:19;911.0;1745700739;97.9;100.503;89.72;102.016;
1900-01-01 06:52:20;912.0;1745700740;97.9;100.503;89.769;101.953;
1900-01-01 06:52:21;913.0;1745700741;97.87;100.515;89.736;101.953;
1900-01-01 06:52:22;914.0;1745700742;97.953;100.479;89.736;101.964;
1900-01-01 06:52:23;915.0;1745700743;97.953;100.479;89.723;102.057;
1900-01-01 06:52:24;916.0;1745700744;97.991;100.507;89.74;102.057;
1900-01-01 06:52:25;917.0;1745700745;98.004;100.507;89.74;101.957;
1900-01-01 06:52:26;918.0;1745700746;98.004;100.462;89.751;101.951;
1900-01-01 06:52:27;919.0;1745700747;97.964;100.423;89.739;101.951;
1900-01-01 06:52:29;920.0;1745700749;98.007;100.527;89.739;101.935;
1900-01-01 06:52:29;921.0;1745700749;98.007;100.527;89.673;101.909;
1900-01-01 06:52:30;922.0;1745700750;97.989;100.498;89.686;101.909;
1900-01-01 06:52:31;923.0;1745700751;97.984;100.523;89.686;101.991;
1900-01-01 06:52:32;924.0;1745700752;97.984;100.523;89.584;102.074;
1900-01-01 06:52:33;925.0;1745700753;97.941;100.519;89.495;102.074;
1900-01-01 06:52:35;926.0;1745700755;97.987;100.473;89.495;101.996;
1900-01-01 06:52:35;927.0;1745700755;97.987;100.473;89.355;101.951;
1900-01-01 06:52:36;928.0;1745700756;98.051;100.405;89.305;101.951;
1900-01-01 06:52:37;929.0;1745700757;98.06;100.405;89.305;101.955;
1900-01-01 06:52:38;930.0;1745700758;98.06;100.432;89.346;101.955;
1900-01-01 06:52:39;931.0;1745700759;98.14;100.491;89.346;101.955;
1900-01-01 06:52:41;932.0;1745700761;98.012;100.491;89.438;101.924;
1900-01-01 06:52:41;933.0;1745700761;98.012;100.416;89.439;101.924;
1900-01-01 06:52:42;934.0;1745700762;98.121;100.486;89.439;102.004;
1900-01-01 06:52:43;935.0;1745700763;98.15;100.486;89.47;101.961;
1900-01-01 06:52:44;936.0;1745700764;98.15;100.463;89.581;101.961;
1900-01-01 06:52:45;937.0;1745700765;98.093;100.402;89.581;102.012;
1900-01-01 06:52:46;938.0;1745700766;98.093;100.402;89.575;102.001;
1900-01-01 06:52:47;939.0;1745700767;98.05;100.489;89.604;102.001;
1900-01-01 06:52:48;940.0;1745700768;98.106;100.354;89.604;101.986;
1900-01-01 06:52:49;941.0;1745700769;98.106;100.354;89.667;101.968;
1900-01-01 06:52:50;942.0;1745700770;98.003;100.404;89.659;101.968;
1900-01-01 06:52:51;943.0;1745700771;97.968;100.404;89.659;102.001;
1900-01-01 06:52:52;944.0;1745700772;97.968;100.359;89.708;101.944;
1900-01-01 06:52:53;945.0;1745700773;97.898;100.443;89.708;101.944;
1900-01-01 06:52:54;946.0;1745700774;97.84;100.443;89.762;101.961;
1900-01-01 06:52:55;947.0;1745700775;97.84;100.35;89.806;102.034;
1900-01-01 06:52:56;948.0;1745700776;97.841;100.302;89.806;102.034;
1900-01-01 06:52:57;949.0;1745700777;97.835;100.302;89.832;101.898;
1900-01-01 06:52:58;950.0;1745700778;97.835;100.386;89.74;101.898;
1900-01-01 06:52:59;951.0;1745700779;97.841;100.329;89.74;101.97;
1900-01-01 06:53:00;952.0;1745700780;97.816;100.329;89.645;101.929;
1900-01-01 06:53:01;953.0;1745700781;97.816;100.3;89.487;101.929;
1900-01-01 06:53:02;954.0;1745700782;97.891;100.237;89.487;102.023;
1900-01-01 06:53:03;955.0;1745700783;97.891;100.237;89.511;101.981;
1900-01-01 06:53:04;956.0;1745700784;97.826;100.357;89.446;101.981;
1900-01-01 06:53:05;957.0;1745700785;97.829;100.404;89.446;101.954;
1900-01-01 06:53:06;958.0;1745700786;97.829;100.404;89.417;102.017;
1900-01-01 06:53:07;959.0;1745700787;97.886;100.38;89.425;102.017;
1900-01-01 06:53:08;960.0;1745700788;97.893;100.38;89.425;101.914;
1900-01-01 06:53:09;961.0;1745700789;97.893;100.41;89.454;101.855;
1900-01-01 06:53:10;962.0;1745700790;97.9;100.357;89.461;101.855;
1900-01-01 06:53:11;963.0;1745700791;97.943;100.357;89.461;102.0;
1900-01-01 06:53:12;964.0;1745700792;97.943;100.301;89.522;101.935;
1900-01-01 06:53:13;965.0;1745700793;97.846;100.395;89.522;101.935;
1900-01-01 06:53:14;966.0;1745700794;97.843;100.395;89.494;101.925;
1900-01-01 06:53:15;967.0;1745700795;97.843;100.281;89.488;101.895;
1900-01-01 06:53:17;968.0;1745700797;97.927;100.283;89.418;101.895;
1900-01-01 06:53:17;969.0;1745700797;97.903;100.283;89.418;101.951;
1900-01-01 06:53:18;970.0;1745700798;97.903;100.307;89.28;101.906;
1900-01-01 06:53:19;971.0;1745700799;97.876;100.253;89.28;101.906;
1900-01-01 06:53:20;972.0;1745700800;97.938;100.253;89.292;101.894;
1900-01-01 06:53:22;973.0;1745700802;97.938;100.218;89.262;101.963;
1900-01-01 06:53:22;974.0;1745700802;97.825;100.298;89.262;101.963;
1900-01-01 06:53:23;975.0;1745700803;97.825;100.298;89.234;102.066;
1900-01-01 06:53:24;976.0;1745700804;97.85;100.274;89.38;102.066;
1900-01-01 06:53:25;977.0;1745700805;97.888;100.239;89.38;101.955;
1900-01-01 06:53:26;978.0;1745700806;97.888;100.239;89.303;101.903;
1900-01-01 06:53:27;979.0;1745700807;97.868;100.198;89.34;101.903;
1900-01-01 06:53:28;980.0;1745700808;97.857;100.198;89.34;101.926;
1900-01-01 06:53:29;981.0;1745700809;97.857;100.198;89.368;101.988;
1900-01-01 06:53:30;982.0;1745700810;97.792;100.219;89.311;101.988;
1900-01-01 06:53:31;983.0;1745700811;97.766;100.219;89.311;102.004;
1900-01-01 06:53:32;984.0;1745700812;97.766;100.269;89.398;101.96;
1900-01-01 06:53:33;985.0;1745700813;97.804;100.385;89.398;101.96;
1900-01-01 06:53:34;986.0;1745700814;97.765;100.385;89.372;101.986;
1900-01-01 06:53:35;987.0;1745700815;97.765;100.324;89.294;102.004;
1900-01-01 06:53:36;988.0;1745700816;97.767;100.304;89.294;102.004;
1900-01-01 06:53:37;989.0;1745700817;97.861;100.304;89.221;101.977;
1900-01-01 06:53:38;990.0;1745700818;97.861;100.303;89.179;101.953;
1900-01-01 06:53:40;991.0;1745700820;97.726;100.332;89.121;101.953;
1900-01-01 06:53:40;992.0;1745700820;97.85;100.332;89.121;101.952;
1900-01-01 06:53:41;993.0;1745700821;97.85;100.302;89.103;101.929;
1900-01-01 06:53:43;994.0;1745700823;97.75;100.269;89.103;101.929;
1900-01-01 06:53:43;995.0;1745700823;97.75;100.269;89.097;101.922;
1900-01-01 06:53:44;996.0;1745700824;97.821;100.296;89.134;101.922;
1900-01-01 06:53:45;997.0;1745700825;97.725;100.299;89.134;102.024;
1900-01-01 06:53:47;998.0;1745700827;97.747;100.299;89.143;101.926;
1900-01-01 06:53:47;999.0;1745700827;97.747;100.282;89.207;101.926;
1900-01-01 06:53:48;1000.0;1745700828;97.825;100.288;89.207;101.96;
1900-01-01 06:53:49;1001.0;1745700829;97.787;100.288;89.194;102.003;
1900-01-01 06:53:50;1002.0;1745700830;97.787;100.281;89.217;102.003;
1900-01-01 06:53:51;1003.0;1745700831;97.754;100.301;89.217;101.958;
1900-01-01 06:53:52;1004.0;1745700832;97.754;100.301;89.186;101.948;
1900-01-01 06:53:53;1005.0;1745700833;97.777;100.215;89.248;101.948;
1900-01-01 06:53:54;1006.0;1745700834;97.738;100.215;89.248;101.953;
1900-01-01 06:53:55;1007.0;1745700835;97.738;100.362;89.243;101.938;
1900-01-01 06:53:56;1008.0;1745700836;97.705;100.344;89.243;101.938;
1900-01-01 06:53:57;1009.0;1745700837;97.754;100.344;89.13;101.959;
1900-01-01 06:53:58;1010.0;1745700838;97.754;100.249;89.081;101.959;
1900-01-01 06:53:59;1011.0;1745700839;97.745;100.195;89.081;101.947;
1900-01-01 06:54:00;1012.0;1745700840;97.768;100.195;88.932;101.905;
1900-01-01 06:54:01;1013.0;1745700841;97.768;100.226;88.962;101.905;
1900-01-01 06:54:02;1014.0;1745700842;97.765;100.327;88.962;101.969;
1900-01-01 06:54:03;1015.0;1745700843;97.765;100.327;88.949;101.963;
1900-01-01 06:54:04;1016.0;1745700844;97.734;100.251;88.888;101.945;
1900-01-01 06:54:05;1017.0;1745700845;97.719;100.173;88.888;101.945;
1900-01-01 06:54:06;1018.0;1745700846;97.719;100.173;88.92;102.033;
1900-01-01 06:54:07;1019.0;1745700847;97.789;100.163;88.953;102.033;
1900-01-01 06:54:08;1020.0;1745700848;97.727;100.298;88.953;101.988;
1900-01-01 06:54:09;1021.0;1745700849;97.708;100.298;88.917;101.958;
1900-01-01 06:54:10;1022.0;1745700850;97.708;100.196;88.922;101.958;
1900-01-01 06:54:11;1023.0;1745700851;97.776;100.178;88.922;101.947;
1900-01-01 06:54:12;1024.0;1745700852;97.776;100.178;88.888;101.831;
1900-01-01 06:54:13;1025.0;1745700853;97.692;100.277;88.938;101.831;
1900-01-01 06:54:14;1026.0;1745700854;97.587;100.214;88.938;101.888;
1900-01-01 06:54:15;1027.0;1745700855;97.637;100.214;88.927;101.928;
1900-01-01 06:54:16;1028.0;1745700856;97.637;100.16;88.946;101.928;
1900-01-01 06:54:17;1029.0;1745700857;97.543;100.237;88.946;101.929;
1900-01-01 06:54:18;1030.0;1745700858;97.543;100.237;88.893;101.823;
1900-01-01 06:54:19;1031.0;1745700859;97.5;100.207;88.988;101.929;
1900-01-01 06:54:20;1032.0;1745700860;97.472;100.218;88.988;101.929;
1900-01-01 06:54:21;1033.0;1745700861;97.472;100.218;88.979;101.889;
1900-01-01 06:54:22;1034.0;1745700862;97.609;100.309;89.024;101.889;
1900-01-01 06:54:23;1035.0;1745700863;97.599;100.191;89.024;101.906;
1900-01-01 06:54:24;1036.0;1745700864;97.502;100.191;88.968;101.949;
1900-01-01 06:54:25;1037.0;1745700865;97.502;100.117;89.012;101.949;
1900-01-01 06:54:26;1038.0;1745700866;97.576;100.238;89.012;101.978;
1900-01-01 06:54:27;1039.0;1745700867;97.576;100.238;88.919;102.005;
1900-01-01 06:54:28;1040.0;1745700868;97.514;100.188;88.92;102.005;
1900-01-01 06:54:29;1041.0;1745700869;97.492;100.165;88.92;101.993;
1900-01-01 06:54:30;1042.0;1745700870;97.492;100.165;88.935;101.981;
1900-01-01 06:54:31;1043.0;1745700871;97.552;100.156;88.889;101.981;
1900-01-01 06:54:32;1044.0;1745700872;97.534;100.156;88.889;101.993;
1900-01-01 06:54:33;1045.0;1745700873;97.534;100.14;88.809;102.061;
1900-01-01 06:54:34;1046.0;1745700874;97.527;100.095;88.788;102.061;
1900-01-01 06:54:35;1047.0;1745700875;97.522;100.095;88.788;101.946;
1900-01-01 06:54:36;1048.0;1745700876;97.522;100.08;88.694;101.946;
1900-01-01 06:54:37;1049.0;1745700877;97.546;100.086;88.694;102.011;
1900-01-01 06:54:38;1050.0;1745700878;97.538;100.086;88.626;102.013;
1900-01-01 06:54:39;1051.0;1745700879;97.538;100.031;88.696;101.916;
1900-01-01 06:54:40;1052.0;1745700880;97.532;100.12;88.696;101.916;
1900-01-01 06:54:41;1053.0;1745700881;97.532;100.12;88.635;102.007;
1900-01-01 06:54:42;1054.0;1745700882;97.453;100.118;88.49;101.913;
1900-01-01 06:54:43;1055.0;1745700883;97.564;100.101;88.49;101.913;
1900-01-01 06:54:44;1056.0;1745700884;97.564;100.101;88.338;101.996;
1900-01-01 06:54:45;1057.0;1745700885;97.599;100.181;88.381;101.996;
1900-01-01 06:54:46;1058.0;1745700886;97.588;100.177;88.381;101.966;
1900-01-01 06:54:48;1059.0;1745700888;97.521;100.177;88.447;101.924;
1900-01-01 06:54:48;1060.0;1745700888;97.521;100.217;88.507;101.924;
1900-01-01 06:54:49;1061.0;1745700889;97.537;100.212;88.507;101.959;
1900-01-01 06:54:50;1062.0;1745700890;97.537;100.212;88.621;101.973;
1900-01-01 06:54:51;1063.0;1745700891;97.535;100.164;88.676;101.973;
1900-01-01 06:54:52;1064.0;1745700892;97.637;100.173;88.676;102.014;
1900-01-01 06:54:53;1065.0;1745700893;97.637;100.173;88.636;102.04;
1900-01-01 06:54:54;1066.0;1745700894;97.695;100.129;88.59;102.04;
1900-01-01 06:54:55;1067.0;1745700895;97.576;100.129;88.59;101.912;
1900-01-01 06:54:56;1068.0;1745700896;97.576;100.205;88.485;102.02;
1900-01-01 06:54:57;1069.0;1745700897;97.612;100.201;88.485;102.02;
1900-01-01 06:54:58;1070.0;1745700898;97.655;100.201;88.47;101.967;
1900-01-01 06:54:59;1071.0;1745700899;97.655;100.201;88.49;101.922;
1900-01-01 06:55:00;1072.0;1745700900;97.603;100.256;88.464;101.922;
1900-01-01 06:55:01;1073.0;1745700901;97.539;100.256;88.464;101.928;
1900-01-01 06:55:02;1074.0;1745700902;97.539;100.164;88.515;102.009;
1900-01-01 06:55:03;1075.0;1745700903;97.52;100.121;88.515;102.009;
1900-01-01 06:55:04;1076.0;1745700904;97.529;100.121;88.469;102.054;
1900-01-01 06:55:05;1077.0;1745700905;97.529;100.116;88.419;102.011;
1900-01-01 06:55:06;1078.0;1745700906;97.609;100.077;88.482;102.011;
1900-01-01 06:55:07;1079.0;1745700907;97.531;100.077;88.482;102.031;
1900-01-01 06:55:08;1080.0;1745700908;97.531;100.066;88.536;101.977;
1900-01-01 06:55:09;1081.0;1745700909;97.501;100.096;88.536;101.977;
1900-01-01 06:55:10;1082.0;1745700910;97.485;100.096;88.415;102.03;
1900-01-01 06:55:11;1083.0;1745700911;97.485;100.05;88.523;102.008;
1900-01-01 06:55:12;1084.0;1745700912;97.449;100.072;88.523;102.008;
1900-01-01 06:55:13;1085.0;1745700913;97.447;100.072;88.516;102.012;
1900-01-01 06:55:14;1086.0;1745700914;97.447;100.091;88.492;101.989;
1900-01-01 06:55:15;1087.0;1745700915;97.516;100.08;88.492;101.989;
1900-01-01 06:55:16;1088.0;1745700916;97.547;100.08;88.463;102.017;
1900-01-01 06:55:17;1089.0;1745700917;97.547;100.072;88.425;101.949;
1900-01-01 06:55:19;1090.0;1745700919;97.536;100.122;88.374;101.949;
1900-01-01 06:55:19;1091.0;1745700919;97.512;100.122;88.374;101.963;
1900-01-01 06:55:20;1092.0;1745700920;97.512;100.02;88.249;101.893;
1900-01-01 06:55:21;1093.0;1745700921;97.535;100.025;88.249;101.893;
1900-01-01 06:55:23;1094.0;1745700923;97.492;100.025;88.242;102.017;
1900-01-01 06:55:23;1095.0;1745700923;97.492;100.123;88.24;102.017;
1900-01-01 06:55:24;1096.0;1745700924;97.509;100.071;88.24;101.984;
1900-01-01 06:55:25;1097.0;1745700925;97.477;100.071;88.209;102.034;
1900-01-01 06:55:26;1098.0;1745700926;97.477;100.137;88.222;102.034;
1900-01-01 06:55:27;1099.0;1745700927;97.45;100.082;88.222;101.988;
1900-01-01 06:55:28;1100.0;1745700928;97.448;100.082;88.182;102.025;
1900-01-01 06:55:29;1101.0;1745700929;97.448;100.104;88.168;102.025;
1900-01-01 06:55:30;1102.0;1745700930;97.359;100.024;88.168;102.041;
1900-01-01 06:55:31;1103.0;1745700931;97.359;100.024;88.202;101.946;
1900-01-01 06:55:32;1104.0;1745700932;97.331;100.104;88.184;101.946;
1900-01-01 06:55:33;1105.0;1745700933;97.33;100.094;88.184;101.91;
1900-01-01 06:55:34;1106.0;1745700934;97.33;100.094;88.142;101.895;
1900-01-01 06:55:35;1107.0;1745700935;97.363;100.119;88.192;101.895;
1900-01-01 06:55:36;1108.0;1745700936;97.373;100.045;88.192;101.986;
1900-01-01 06:55:37;1109.0;1745700937;97.373;100.045;88.207;101.97;
1900-01-01 06:55:38;1110.0;1745700938;97.317;100.03;88.169;101.97;
1900-01-01 06:55:39;1111.0;1745700939;97.317;100.03;88.169;101.989;
1900-01-01 06:55:40;1112.0;1745700940;97.317;99.997;88.082;101.993;
1900-01-01 06:55:41;1113.0;1745700941;97.432;100.049;87.986;101.993;
1900-01-01 06:55:42;1114.0;1745700942;97.334;100.049;87.986;101.949;
1900-01-01 06:55:43;1115.0;1745700943;97.334;100.056;88.006;101.882;
1900-01-01 06:55:44;1116.0;1745700944;97.377;100.043;88.006;101.882;
1900-01-01 06:55:45;1117.0;1745700945;97.377;100.043;88.032;101.944;
1900-01-01 06:55:46;1118.0;1745700946;97.356;100.0;88.015;101.944;
1900-01-01 06:55:47;1119.0;1745700947;97.299;99.967;88.015;101.886;
1900-01-01 06:55:48;1120.0;1745700948;97.298;99.967;87.997;101.891;
1900-01-01 06:55:49;1121.0;1745700949;97.298;99.917;87.911;101.891;
1900-01-01 06:55:50;1122.0;1745700950;97.333;99.943;87.911;101.864;
1900-01-01 06:55:51;1123.0;1745700951;97.333;99.943;87.886;101.996;
1900-01-01 06:55:52;1124.0;1745700952;97.183;99.873;87.855;101.938;
1900-01-01 06:55:53;1125.0;1745700953;97.212;99.903;87.855;101.938;
1900-01-01 06:55:54;1126.0;1745700954;97.212;99.903;87.828;101.949;
1900-01-01 06:55:55;1127.0;1745700955;97.169;99.87;87.749;101.949;
1900-01-01 06:55:56;1128.0;1745700956;97.183;99.876;87.749;101.97;
1900-01-01 06:55:57;1129.0;1745700957;97.183;99.876;87.674;101.981;
1900-01-01 06:55:58;1130.0;1745700958;97.122;99.838;87.631;101.981;
1900-01-01 06:55:59;1131.0;1745700959;97.122;99.838;87.631;102.009;
1900-01-01 06:56:00;1132.0;1745700960;97.122;99.912;87.658;102.008;
1900-01-01 06:56:01;1133.0;1745700961;97.127;99.937;87.709;102.008;
1900-01-01 06:56:02;1134.0;1745700962;97.167;99.937;87.709;102.048;
1900-01-01 06:56:03;1135.0;1745700963;97.167;99.923;87.662;101.929;
1900-01-01 06:56:04;1136.0;1745700964;97.134;99.927;87.662;101.929;
1900-01-01 06:56:05;1137.0;1745700965;97.202;99.927;87.63;102.08;
1900-01-01 06:56:06;1138.0;1745700966;97.202;99.991;87.539;102.051;
1900-01-01 06:56:07;1139.0;1745700967;97.089;100.039;87.539;102.051;
1900-01-01 06:56:08;1140.0;1745700968;97.087;100.039;87.501;102.002;
1900-01-01 06:56:09;1141.0;1745700969;97.087;99.83;87.498;101.914;
1900-01-01 06:56:10;1142.0;1745700970;97.13;99.888;87.577;101.914;
1900-01-01 06:56:11;1143.0;1745700971;97.134;99.888;87.577;101.96;
1900-01-01 06:56:12;1144.0;1745700972;97.134;99.938;87.585;101.985;
1900-01-01 06:56:13;1145.0;1745700973;97.226;99.962;87.585;101.985;
1900-01-01 06:56:14;1146.0;1745700974;97.232;99.962;87.631;101.861;
1900-01-01 06:56:15;1147.0;1745700975;97.232;99.925;87.569;101.97;
1900-01-01 06:56:16;1148.0;1745700976;97.233;100.0;87.569;101.97;
1900-01-01 06:56:17;1149.0;1745700977;97.281;100.0;87.509;101.986;
1900-01-01 06:56:18;1150.0;1745700978;97.281;99.992;87.398;101.986;
1900-01-01 06:56:19;1151.0;1745700979;97.251;99.936;87.398;101.993;
1900-01-01 06:56:21;1152.0;1745700981;97.275;99.936;87.283;101.941;
1900-01-01 06:56:21;1153.0;1745700981;97.275;99.938;87.267;101.941;
1900-01-01 06:56:22;1154.0;1745700982;97.294;99.972;87.267;101.951;
1900-01-01 06:56:23;1155.0;1745700983;97.294;99.972;87.38;101.962;
1900-01-01 06:56:24;1156.0;1745700984;97.202;99.934;87.399;101.962;
1900-01-01 06:56:25;1157.0;1745700985;97.228;99.844;87.399;101.995;
1900-01-01 06:56:26;1158.0;1745700986;97.228;99.844;87.467;101.936;
1900-01-01 06:56:27;1159.0;1745700987;97.254;99.801;87.528;101.936;
1900-01-01 06:56:28;1160.0;1745700988;97.26;99.854;87.528;102.039;
1900-01-01 06:56:29;1161.0;1745700989;97.26;99.854;87.648;101.975;
1900-01-01 06:56:30;1162.0;1745700990;97.229;99.849;87.716;101.975;
1900-01-01 06:56:31;1163.0;1745700991;97.204;99.849;87.716;101.899;
1900-01-01 06:56:32;1164.0;1745700992;97.204;99.854;87.621;101.926;
1900-01-01 06:56:33;1165.0;1745700993;97.183;99.862;87.621;101.926;
1900-01-01 06:56:34;1166.0;1745700994;97.182;99.862;87.705;101.996;
1900-01-01 06:56:35;1167.0;1745700995;97.182;99.912;87.549;101.876;
1900-01-01 06:56:37;1168.0;1745700997;97.118;99.905;87.54;101.876;
1900-01-01 06:56:37;1169.0;1745700997;97.105;99.905;87.54;101.96;
1900-01-01 06:56:38;1170.0;1745700998;97.105;99.938;87.462;102.061;
1900-01-01 06:56:39;1171.0;1745700999;97.125;99.836;87.462;102.061;
1900-01-01 06:56:40;1172.0;1745701000;97.212;99.836;87.429;101.914;
1900-01-01 06:56:42;1173.0;1745701002;97.212;99.906;87.359;101.935;
1900-01-01 06:56:42;1174.0;1745701002;97.179;99.93;87.359;101.935;
1900-01-01 06:56:43;1175.0;1745701003;97.223;99.93;87.278;101.871;
1900-01-01 06:56:44;1176.0;1745701004;97.223;99.878;87.272;101.871;
1900-01-01 06:56:45;1177.0;1745701005;97.153;99.948;87.272;102.048;
1900-01-01 06:56:46;1178.0;1745701006;97.153;99.948;87.249;101.936;
1900-01-01 06:56:47;1179.0;1745701007;97.175;99.887;87.227;101.936;
1900-01-01 06:56:48;1180.0;1745701008;97.266;99.887;87.227;101.957;
1900-01-01 06:56:49;1181.0;1745701009;97.266;99.858;87.259;101.949;
1900-01-01 06:56:50;1182.0;1745701010;97.104;99.908;87.348;101.949;
1900-01-01 06:56:51;1183.0;1745701011;97.175;99.908;87.348;101.888;
1900-01-01 06:56:52;1184.0;1745701012;97.175;99.885;87.254;102.044;
1900-01-01 06:56:53;1185.0;1745701013;97.077;99.856;87.254;102.044;
1900-01-01 06:56:54;1186.0;1745701014;97.13;99.856;87.166;101.969;
1900-01-01 06:56:55;1187.0;1745701015;97.13;99.91;87.243;101.967;
1900-01-01 06:56:56;1188.0;1745701016;97.085;99.904;87.243;101.967;
1900-01-01 06:56:57;1189.0;1745701017;97.089;99.904;87.278;101.941;
1900-01-01 06:56:58;1190.0;1745701018;97.089;99.857;87.22;101.964;
1900-01-01 06:57:00;1191.0;1745701020;97.126;99.827;87.204;101.964;
1900-01-01 06:57:00;1192.0;1745701020;96.989;99.827;87.204;101.92;
1900-01-01 06:57:01;1193.0;1745701021;96.989;99.851;87.097;101.91;
1900-01-01 06:57:02;1194.0;1745701022;96.995;99.798;87.097;101.91;
1900-01-01 06:57:03;1195.0;1745701023;96.995;99.798;87.023;101.936;
1900-01-01 06:57:04;1196.0;1745701024;96.984;99.871;86.945;101.955;
1900-01-01 06:57:05;1197.0;1745701025;96.97;99.836;86.945;101.955;
1900-01-01 06:57:06;1198.0;1745701026;96.97;99.836;86.875;101.952;
1900-01-01 06:57:07;1199.0;1745701027;97.071;99.885;86.919;101.952;
1900-01-01 06:57:08;1200.0;1745701028;96.969;99.788;86.919;101.979;
