Time;Seconds from start for linreg;Unix Time;ch1 po2;ch2 po2;ch3 po2;ch4 po2;
1900-01-01 23:32:08;1.0;1745674328;100.216;101.789;96.891;103.106;
1900-01-01 23:32:09;2.0;1745674329;100.216;101.789;96.816;103.153;
1900-01-01 23:32:10;3.0;1745674330;100.198;101.787;96.715;103.259;
1900-01-01 23:32:12;4.0;1745674332;100.17;101.705;96.715;103.259;
1900-01-01 23:32:12;5.0;1745674332;100.17;101.705;96.658;103.145;
1900-01-01 23:32:13;6.0;1745674333;100.175;101.82;96.582;103.145;
1900-01-01 23:32:15;7.0;1745674335;100.209;101.737;96.582;103.11;
1900-01-01 23:32:15;8.0;1745674335;100.209;101.737;96.649;103.064;
1900-01-01 23:32:16;9.0;1745674336;100.197;101.786;96.682;103.064;
1900-01-01 23:32:17;10.0;1745674337;100.151;101.854;96.682;103.067;
1900-01-01 23:32:18;11.0;1745674338;100.151;101.854;96.712;103.177;
1900-01-01 23:32:19;12.0;1745674339;100.126;101.836;96.724;103.177;
1900-01-01 23:32:20;13.0;1745674340;100.051;101.836;96.724;103.176;
1900-01-01 23:32:21;14.0;1745674341;100.051;101.842;96.859;103.148;
1900-01-01 23:32:22;15.0;1745674342;100.078;101.817;96.877;103.148;
1900-01-01 23:32:23;16.0;1745674343;100.126;101.776;96.877;103.128;
1900-01-01 23:32:24;17.0;1745674344;100.126;101.776;96.993;103.137;
1900-01-01 23:32:25;18.0;1745674345;100.244;101.855;97.06;103.137;
1900-01-01 23:32:26;19.0;1745674346;100.217;101.77;97.06;103.15;
1900-01-01 23:32:27;20.0;1745674347;100.217;101.77;97.038;103.115;
1900-01-01 23:32:28;21.0;1745674348;100.218;101.757;96.992;103.115;
1900-01-01 23:32:29;22.0;1745674349;100.154;101.757;96.992;103.202;
1900-01-01 23:32:30;23.0;1745674350;100.154;101.768;96.971;103.111;
1900-01-01 23:32:31;24.0;1745674351;100.245;101.719;96.832;103.111;
1900-01-01 23:32:32;25.0;1745674352;100.273;101.748;96.832;103.131;
1900-01-01 23:32:33;26.0;1745674353;100.273;101.748;96.761;103.231;
1900-01-01 23:32:34;27.0;1745674354;100.31;101.722;96.856;103.231;
1900-01-01 23:32:35;28.0;1745674355;100.379;101.766;96.856;103.207;
1900-01-01 23:32:36;29.0;1745674356;100.379;101.766;96.855;103.149;
1900-01-01 23:32:37;30.0;1745674357;100.42;101.726;96.874;103.149;
1900-01-01 23:32:39;31.0;1745674359;100.435;101.685;96.874;103.14;
1900-01-01 23:32:39;32.0;1745674359;100.435;101.685;96.896;103.172;
1900-01-01 23:32:40;33.0;1745674360;100.368;101.655;96.914;103.172;
1900-01-01 23:32:41;34.0;1745674361;100.409;101.714;96.914;103.074;
1900-01-01 23:32:42;35.0;1745674362;100.409;101.714;96.959;103.112;
1900-01-01 23:32:43;36.0;1745674363;100.32;101.709;96.862;103.112;
1900-01-01 23:32:44;37.0;1745674364;100.26;101.709;96.862;103.06;
1900-01-01 23:32:45;38.0;1745674365;100.26;101.718;96.84;103.138;
1900-01-01 23:32:46;39.0;1745674366;100.292;101.686;96.787;103.138;
1900-01-01 23:32:47;40.0;1745674367;100.268;101.599;96.787;103.169;
1900-01-01 23:32:48;41.0;1745674368;100.268;101.599;96.675;103.088;
1900-01-01 23:32:49;42.0;1745674369;100.304;101.62;96.747;103.088;
1900-01-01 23:32:50;43.0;1745674370;100.256;101.648;96.747;103.113;
1900-01-01 23:32:51;44.0;1745674371;100.256;101.648;96.64;103.111;
1900-01-01 23:32:52;45.0;1745674372;100.264;101.666;96.685;103.111;
1900-01-01 23:32:53;46.0;1745674373;100.254;101.654;96.685;103.236;
1900-01-01 23:32:54;47.0;1745674374;100.254;101.654;96.723;103.085;
1900-01-01 23:32:55;48.0;1745674375;100.332;101.648;96.624;103.085;
1900-01-01 23:32:56;49.0;1745674376;100.294;101.579;96.624;103.179;
1900-01-01 23:32:57;50.0;1745674377;100.294;101.579;96.628;103.135;
1900-01-01 23:32:58;51.0;1745674378;100.252;101.615;96.696;103.135;
1900-01-01 23:32:59;52.0;1745674379;100.158;101.537;96.696;103.221;
1900-01-01 23:33:00;53.0;1745674380;100.158;101.537;96.682;103.139;
1900-01-01 23:33:01;54.0;1745674381;100.083;101.573;96.744;103.139;
1900-01-01 23:33:02;55.0;1745674382;100.043;101.573;96.744;103.177;
1900-01-01 23:33:03;56.0;1745674383;100.043;101.625;96.71;103.109;
1900-01-01 23:33:04;57.0;1745674384;100.01;101.623;96.73;103.109;
1900-01-01 23:33:05;58.0;1745674385;99.992;101.614;96.73;103.139;
1900-01-01 23:33:06;59.0;1745674386;99.992;101.614;96.713;103.118;
1900-01-01 23:33:07;60.0;1745674387;99.973;101.691;96.648;103.118;
1900-01-01 23:33:08;61.0;1745674388;100.021;101.561;96.648;103.164;
1900-01-01 23:33:09;62.0;1745674389;100.021;101.561;96.713;103.126;
1900-01-01 23:33:10;63.0;1745674390;99.985;101.499;96.675;103.126;
1900-01-01 23:33:11;64.0;1745674391;100.012;101.594;96.675;103.256;
1900-01-01 23:33:12;65.0;1745674392;100.012;101.594;96.736;103.169;
1900-01-01 23:33:13;66.0;1745674393;100.169;101.559;96.722;103.169;
1900-01-01 23:33:14;67.0;1745674394;100.09;101.518;96.722;103.151;
1900-01-01 23:33:15;68.0;1745674395;100.09;101.518;96.824;103.06;
1900-01-01 23:33:16;69.0;1745674396;100.134;101.5;96.796;103.06;
1900-01-01 23:33:17;70.0;1745674397;100.121;101.581;96.796;103.146;
1900-01-01 23:33:18;71.0;1745674398;100.121;101.581;96.768;103.169;
1900-01-01 23:33:19;72.0;1745674399;100.097;101.59;96.71;103.169;
1900-01-01 23:33:20;73.0;1745674400;100.122;101.59;96.71;103.257;
1900-01-01 23:33:21;74.0;1745674401;100.122;101.562;96.775;103.18;
1900-01-01 23:33:22;75.0;1745674402;100.08;101.485;96.732;103.18;
1900-01-01 23:33:23;76.0;1745674403;100.149;101.542;96.732;103.143;
1900-01-01 23:33:24;77.0;1745674404;100.149;101.542;96.635;103.161;
1900-01-01 23:33:25;78.0;1745674405;100.184;101.552;96.685;103.161;
1900-01-01 23:33:26;79.0;1745674406;100.173;101.552;96.685;103.038;
1900-01-01 23:33:27;80.0;1745674407;100.173;101.531;96.661;103.134;
1900-01-01 23:33:28;81.0;1745674408;100.145;101.605;96.6;103.134;
1900-01-01 23:33:29;82.0;1745674409;100.116;101.531;96.6;103.255;
1900-01-01 23:33:30;83.0;1745674410;100.116;101.531;96.444;103.079;
1900-01-01 23:33:31;84.0;1745674411;100.252;101.49;96.44;103.079;
1900-01-01 23:33:32;85.0;1745674412;100.27;101.49;96.44;103.238;
1900-01-01 23:33:33;86.0;1745674413;100.27;101.484;96.475;103.03;
1900-01-01 23:33:34;87.0;1745674414;100.232;101.567;96.538;103.03;
1900-01-01 23:33:35;88.0;1745674415;100.2;101.558;96.538;103.071;
1900-01-01 23:33:36;89.0;1745674416;100.2;101.558;96.477;103.124;
1900-01-01 23:33:37;90.0;1745674417;100.262;101.516;96.459;103.124;
1900-01-01 23:33:38;91.0;1745674418;100.097;101.516;96.459;103.143;
1900-01-01 23:33:39;92.0;1745674419;100.097;101.508;96.414;103.101;
1900-01-01 23:33:40;93.0;1745674420;100.073;101.507;96.393;103.101;
1900-01-01 23:33:41;94.0;1745674421;100.133;101.479;96.393;103.184;
1900-01-01 23:33:42;95.0;1745674422;100.133;101.479;96.462;103.044;
1900-01-01 23:33:43;96.0;1745674423;100.12;101.538;96.41;103.044;
1900-01-01 23:33:44;97.0;1745674424;100.167;101.538;96.41;103.155;
1900-01-01 23:33:45;98.0;1745674425;100.167;101.615;96.397;103.114;
1900-01-01 23:33:46;99.0;1745674426;100.135;101.587;96.445;103.114;
1900-01-01 23:33:47;100.0;1745674427;100.056;101.596;96.445;103.083;
1900-01-01 23:33:49;101.0;1745674429;100.118;101.596;96.495;103.12;
1900-01-01 23:33:49;102.0;1745674429;100.118;101.535;96.455;103.12;
1900-01-01 23:33:50;103.0;1745674430;100.065;101.535;96.455;103.146;
1900-01-01 23:33:51;104.0;1745674431;100.065;101.55;96.382;103.205;
1900-01-01 23:33:52;105.0;1745674432;100.146;101.583;96.416;103.205;
1900-01-01 23:33:53;106.0;1745674433;100.116;101.515;96.416;103.109;
1900-01-01 23:33:54;107.0;1745674434;100.116;101.515;96.365;103.114;
1900-01-01 23:33:55;108.0;1745674435;100.098;101.572;96.405;103.114;
1900-01-01 23:33:56;109.0;1745674436;100.052;101.615;96.405;103.068;
1900-01-01 23:33:57;110.0;1745674437;100.052;101.615;96.314;103.167;
1900-01-01 23:33:58;111.0;1745674438;100.076;101.546;96.217;103.167;
1900-01-01 23:33:59;112.0;1745674439;99.987;101.624;96.217;103.165;
1900-01-01 23:34:00;113.0;1745674440;99.987;101.624;96.211;103.157;
1900-01-01 23:34:01;114.0;1745674441;99.918;101.677;96.134;103.157;
1900-01-01 23:34:02;115.0;1745674442;99.925;101.688;96.134;103.17;
1900-01-01 23:34:03;116.0;1745674443;99.925;101.688;96.177;103.219;
1900-01-01 23:34:04;117.0;1745674444;99.824;101.594;96.272;103.219;
1900-01-01 23:34:05;118.0;1745674445;99.819;101.587;96.272;103.221;
1900-01-01 23:34:06;119.0;1745674446;99.819;101.587;96.376;103.228;
1900-01-01 23:34:07;120.0;1745674447;99.764;101.568;96.429;103.228;
1900-01-01 23:34:08;121.0;1745674448;99.776;101.576;96.429;103.189;
1900-01-01 23:34:09;122.0;1745674449;99.776;101.576;96.473;103.208;
1900-01-01 23:34:10;123.0;1745674450;99.842;101.463;96.456;103.208;
1900-01-01 23:34:11;124.0;1745674451;99.799;101.526;96.456;103.189;
1900-01-01 23:34:12;125.0;1745674452;99.799;101.526;96.312;103.178;
1900-01-01 23:34:13;126.0;1745674453;99.758;101.517;95.97;103.178;
1900-01-01 23:34:14;127.0;1745674454;99.791;101.464;95.97;103.18;
1900-01-01 23:34:15;128.0;1745674455;99.791;101.464;95.816;103.225;
1900-01-01 23:34:16;129.0;1745674456;99.891;101.414;95.868;103.225;
1900-01-01 23:34:17;130.0;1745674457;99.812;101.405;95.868;103.167;
1900-01-01 23:34:18;131.0;1745674458;99.812;101.405;96.044;103.155;
1900-01-01 23:34:19;132.0;1745674459;99.903;101.441;96.134;103.155;
1900-01-01 23:34:20;133.0;1745674460;99.952;101.424;96.134;103.287;
1900-01-01 23:34:21;134.0;1745674461;99.952;101.424;96.219;103.192;
1900-01-01 23:34:22;135.0;1745674462;99.962;101.331;96.327;103.192;
1900-01-01 23:34:23;136.0;1745674463;100.022;101.387;96.327;103.186;
1900-01-01 23:34:24;137.0;1745674464;100.022;101.387;96.35;103.222;
1900-01-01 23:34:25;138.0;1745674465;100.049;101.372;96.38;103.222;
1900-01-01 23:34:26;139.0;1745674466;100.125;101.359;96.38;103.205;
1900-01-01 23:34:27;140.0;1745674467;100.125;101.359;96.392;103.13;
1900-01-01 23:34:28;141.0;1745674468;100.136;101.418;96.336;103.126;
1900-01-01 23:34:29;142.0;1745674469;100.141;101.369;96.336;103.126;
1900-01-01 23:34:30;143.0;1745674470;100.141;101.369;96.329;103.181;
1900-01-01 23:34:31;144.0;1745674471;100.078;101.306;96.326;103.181;
1900-01-01 23:34:32;145.0;1745674472;100.099;101.463;96.326;103.224;
1900-01-01 23:34:33;146.0;1745674473;100.068;101.463;96.256;103.199;
1900-01-01 23:34:34;147.0;1745674474;100.068;101.405;96.311;103.084;
1900-01-01 23:34:35;148.0;1745674475;100.045;101.451;96.311;103.084;
1900-01-01 23:34:36;149.0;1745674476;100.045;101.451;96.248;103.134;
1900-01-01 23:34:37;150.0;1745674477;100.002;101.394;96.076;103.134;
1900-01-01 23:34:38;151.0;1745674478;100.052;101.374;96.076;103.161;
1900-01-01 23:34:39;152.0;1745674479;99.964;101.374;95.949;103.209;
1900-01-01 23:34:40;153.0;1745674480;99.964;101.421;95.968;103.148;
1900-01-01 23:34:41;154.0;1745674481;99.958;101.321;95.968;103.148;
1900-01-01 23:34:42;155.0;1745674482;99.958;101.321;95.995;103.181;
1900-01-01 23:34:43;156.0;1745674483;99.905;101.369;96.03;103.181;
1900-01-01 23:34:44;157.0;1745674484;99.862;101.43;96.03;103.198;
1900-01-01 23:34:45;158.0;1745674485;99.862;101.43;96.064;103.122;
1900-01-01 23:34:46;159.0;1745674486;99.896;101.38;96.005;103.159;
1900-01-01 23:34:47;160.0;1745674487;99.807;101.38;96.005;103.159;
1900-01-01 23:34:48;161.0;1745674488;99.807;101.443;95.982;103.171;
1900-01-01 23:34:49;162.0;1745674489;99.826;101.471;95.976;103.171;
1900-01-01 23:34:50;163.0;1745674490;99.832;101.403;95.976;103.171;
1900-01-01 23:34:51;164.0;1745674491;99.832;101.403;95.919;103.137;
1900-01-01 23:34:52;165.0;1745674492;99.901;101.355;95.898;103.063;
1900-01-01 23:34:53;166.0;1745674493;99.867;101.411;95.898;103.063;
1900-01-01 23:34:54;167.0;1745674494;99.867;101.411;95.888;103.11;
1900-01-01 23:34:55;168.0;1745674495;99.848;101.382;95.844;103.11;
1900-01-01 23:34:56;169.0;1745674496;99.808;101.324;95.844;103.102;
1900-01-01 23:34:57;170.0;1745674497;99.813;101.324;95.797;103.189;
1900-01-01 23:34:58;171.0;1745674498;99.813;101.281;95.794;103.189;
1900-01-01 23:34:59;172.0;1745674499;99.791;101.29;95.794;103.145;
1900-01-01 23:35:00;173.0;1745674500;99.791;101.29;95.815;103.154;
1900-01-01 23:35:01;174.0;1745674501;99.86;101.199;95.787;103.154;
1900-01-01 23:35:02;175.0;1745674502;99.906;101.255;95.787;103.204;
1900-01-01 23:35:03;176.0;1745674503;99.852;101.255;95.924;103.114;
1900-01-01 23:35:04;177.0;1745674504;99.852;101.315;95.912;103.114;
1900-01-01 23:35:05;178.0;1745674505;99.941;101.212;95.912;103.194;
1900-01-01 23:35:06;179.0;1745674506;99.941;101.212;95.958;103.106;
1900-01-01 23:35:07;180.0;1745674507;99.787;101.232;95.859;103.106;
1900-01-01 23:35:08;181.0;1745674508;99.827;101.277;95.859;103.186;
1900-01-01 23:35:09;182.0;1745674509;99.827;101.277;95.874;103.196;
1900-01-01 23:35:10;183.0;1745674510;99.837;101.291;95.783;103.196;
1900-01-01 23:35:11;184.0;1745674511;99.82;101.215;95.783;103.155;
1900-01-01 23:35:12;185.0;1745674512;99.82;101.215;95.825;103.198;
1900-01-01 23:35:13;186.0;1745674513;99.821;101.251;95.83;103.176;
1900-01-01 23:35:14;187.0;1745674514;99.794;101.251;95.83;103.176;
1900-01-01 23:35:15;188.0;1745674515;99.794;101.289;95.93;103.123;
1900-01-01 23:35:16;189.0;1745674516;99.754;101.305;95.917;103.123;
1900-01-01 23:35:17;190.0;1745674517;99.681;101.257;95.917;103.098;
1900-01-01 23:35:18;191.0;1745674518;99.685;101.257;95.875;103.201;
1900-01-01 23:35:19;192.0;1745674519;99.685;101.321;95.961;103.201;
1900-01-01 23:35:20;193.0;1745674520;99.682;101.353;95.961;103.145;
1900-01-01 23:35:21;194.0;1745674521;99.682;101.353;95.914;103.15;
1900-01-01 23:35:22;195.0;1745674522;99.623;101.367;95.949;103.15;
1900-01-01 23:35:23;196.0;1745674523;99.687;101.301;95.949;103.179;
1900-01-01 23:35:24;197.0;1745674524;99.687;101.301;95.898;103.143;
1900-01-01 23:35:25;198.0;1745674525;99.673;101.258;95.794;103.143;
1900-01-01 23:35:26;199.0;1745674526;99.69;101.258;95.794;103.097;
1900-01-01 23:35:27;200.0;1745674527;99.69;101.339;95.868;103.071;
1900-01-01 23:35:28;201.0;1745674528;99.717;101.235;95.891;103.071;
1900-01-01 23:35:29;202.0;1745674529;99.767;101.153;95.891;103.19;
1900-01-01 23:35:30;203.0;1745674530;99.767;101.153;96.015;103.16;
1900-01-01 23:35:31;204.0;1745674531;99.766;101.262;96.052;103.16;
1900-01-01 23:35:32;205.0;1745674532;99.788;101.247;96.052;103.115;
1900-01-01 23:35:33;206.0;1745674533;99.788;101.247;95.939;103.248;
1900-01-01 23:35:34;207.0;1745674534;99.727;101.24;95.929;103.248;
1900-01-01 23:35:35;208.0;1745674535;99.764;101.24;95.929;103.132;
1900-01-01 23:35:36;209.0;1745674536;99.764;101.258;95.998;103.149;
1900-01-01 23:35:37;210.0;1745674537;99.789;101.238;95.909;103.149;
1900-01-01 23:35:38;211.0;1745674538;99.741;101.204;95.909;103.088;
1900-01-01 23:35:39;212.0;1745674539;99.741;101.204;95.922;103.068;
1900-01-01 23:35:40;213.0;1745674540;99.693;101.211;95.886;103.068;
1900-01-01 23:35:41;214.0;1745674541;99.778;101.211;95.886;103.154;
1900-01-01 23:35:42;215.0;1745674542;99.778;101.139;95.884;103.153;
1900-01-01 23:35:43;216.0;1745674543;99.707;101.232;95.845;103.153;
1900-01-01 23:35:44;217.0;1745674544;99.651;101.223;95.845;103.232;
1900-01-01 23:35:45;218.0;1745674545;99.651;101.223;95.77;103.189;
1900-01-01 23:35:46;219.0;1745674546;99.799;101.163;95.781;103.189;
1900-01-01 23:35:47;220.0;1745674547;99.747;101.163;95.781;103.182;
1900-01-01 23:35:48;221.0;1745674548;99.747;101.248;95.792;103.22;
1900-01-01 23:35:49;222.0;1745674549;99.751;101.227;95.781;103.22;
1900-01-01 23:35:50;223.0;1745674550;99.745;101.257;95.781;103.235;
1900-01-01 23:35:51;224.0;1745674551;99.745;101.257;95.793;103.214;
1900-01-01 23:35:52;225.0;1745674552;99.829;101.262;95.828;103.214;
1900-01-01 23:35:53;226.0;1745674553;99.71;101.262;95.828;103.142;
1900-01-01 23:35:54;227.0;1745674554;99.71;101.124;95.814;103.16;
1900-01-01 23:35:55;228.0;1745674555;99.751;101.132;95.641;103.16;
1900-01-01 23:35:56;229.0;1745674556;99.756;101.215;95.641;103.208;
1900-01-01 23:35:57;230.0;1745674557;99.756;101.215;95.756;103.247;
1900-01-01 23:35:58;231.0;1745674558;99.777;101.15;95.695;103.156;
1900-01-01 23:35:59;232.0;1745674559;99.792;101.201;95.695;103.156;
1900-01-01 23:36:00;233.0;1745674560;99.792;101.201;95.609;103.178;
1900-01-01 23:36:01;234.0;1745674561;99.775;101.086;95.588;103.178;
1900-01-01 23:36:02;235.0;1745674562;99.701;101.194;95.588;103.24;
1900-01-01 23:36:03;236.0;1745674563;99.661;101.194;95.538;103.183;
1900-01-01 23:36:04;237.0;1745674564;99.661;101.117;95.46;103.183;
1900-01-01 23:36:05;238.0;1745674565;99.666;101.13;95.46;103.202;
1900-01-01 23:36:06;239.0;1745674566;99.666;101.13;95.542;103.139;
1900-01-01 23:36:07;240.0;1745674567;99.557;101.138;95.61;103.139;
1900-01-01 23:36:08;241.0;1745674568;99.643;101.145;95.61;103.157;
1900-01-01 23:36:09;242.0;1745674569;99.643;101.145;95.676;103.124;
1900-01-01 23:36:10;243.0;1745674570;99.592;101.099;95.666;103.124;
1900-01-01 23:36:11;244.0;1745674571;99.561;101.077;95.666;103.168;
1900-01-01 23:36:12;245.0;1745674572;99.561;101.077;95.639;103.185;
1900-01-01 23:36:13;246.0;1745674573;99.581;101.075;95.63;103.185;
1900-01-01 23:36:14;247.0;1745674574;99.538;101.154;95.63;103.175;
1900-01-01 23:36:16;248.0;1745674576;99.566;101.154;95.565;103.192;
1900-01-01 23:36:16;249.0;1745674576;99.566;101.142;95.565;103.192;
1900-01-01 23:36:17;250.0;1745674577;99.585;101.119;95.565;103.123;
1900-01-01 23:36:18;251.0;1745674578;99.585;101.119;95.54;103.281;
1900-01-01 23:36:19;252.0;1745674579;99.559;101.206;95.495;103.281;
1900-01-01 23:36:20;253.0;1745674580;99.587;101.135;95.495;103.161;
1900-01-01 23:36:21;254.0;1745674581;99.587;101.135;95.579;103.176;
1900-01-01 23:36:22;255.0;1745674582;99.613;101.253;95.615;103.176;
1900-01-01 23:36:23;256.0;1745674583;99.645;101.173;95.615;103.153;
1900-01-01 23:36:24;257.0;1745674584;99.645;101.173;95.563;103.185;
1900-01-01 23:36:25;258.0;1745674585;99.587;101.138;95.687;103.185;
1900-01-01 23:36:26;259.0;1745674586;99.575;101.197;95.687;103.17;
1900-01-01 23:36:27;260.0;1745674587;99.575;101.197;95.657;103.09;
1900-01-01 23:36:28;261.0;1745674588;99.536;101.134;95.68;103.09;
1900-01-01 23:36:29;262.0;1745674589;99.585;101.144;95.68;103.208;
1900-01-01 23:36:30;263.0;1745674590;99.585;101.144;95.727;103.153;
1900-01-01 23:36:31;264.0;1745674591;99.541;101.096;95.788;103.153;
1900-01-01 23:36:32;265.0;1745674592;99.612;101.099;95.788;103.075;
1900-01-01 23:36:33;266.0;1745674593;99.612;101.099;95.775;103.173;
1900-01-01 23:36:34;267.0;1745674594;99.628;101.063;95.845;103.173;
1900-01-01 23:36:35;268.0;1745674595;99.583;101.106;95.845;103.197;
1900-01-01 23:36:36;269.0;1745674596;99.583;101.106;95.732;103.149;
1900-01-01 23:36:37;270.0;1745674597;99.638;101.081;95.769;103.26;
1900-01-01 23:36:38;271.0;1745674598;99.567;101.081;95.769;103.26;
1900-01-01 23:36:39;272.0;1745674599;99.567;101.123;95.766;103.187;
1900-01-01 23:36:40;273.0;1745674600;99.56;101.089;95.671;103.187;
1900-01-01 23:36:41;274.0;1745674601;99.545;101.105;95.671;103.206;
1900-01-01 23:36:43;275.0;1745674603;99.499;101.105;95.568;103.197;
1900-01-01 23:36:43;276.0;1745674603;99.499;101.048;95.473;103.197;
1900-01-01 23:36:44;277.0;1745674604;99.47;101.069;95.473;103.206;
1900-01-01 23:36:45;278.0;1745674605;99.47;101.069;95.339;103.156;
1900-01-01 23:36:46;279.0;1745674606;99.466;101.06;95.276;103.156;
1900-01-01 23:36:47;280.0;1745674607;99.461;101.058;95.276;103.213;
1900-01-01 23:36:48;281.0;1745674608;99.461;101.058;95.249;103.21;
1900-01-01 23:36:49;282.0;1745674609;99.463;101.072;95.276;103.21;
1900-01-01 23:36:50;283.0;1745674610;99.353;100.959;95.276;103.142;
1900-01-01 23:36:51;284.0;1745674611;99.353;100.959;95.391;103.192;
1900-01-01 23:36:52;285.0;1745674612;99.338;101.089;95.331;103.192;
1900-01-01 23:36:53;286.0;1745674613;99.337;100.988;95.331;103.115;
1900-01-01 23:36:54;287.0;1745674614;99.337;100.988;95.277;103.2;
1900-01-01 23:36:55;288.0;1745674615;99.317;100.989;95.305;103.2;
1900-01-01 23:36:56;289.0;1745674616;99.348;100.934;95.305;103.27;
1900-01-01 23:36:57;290.0;1745674617;99.348;100.934;95.42;103.147;
1900-01-01 23:36:58;291.0;1745674618;99.377;101.042;95.529;103.147;
1900-01-01 23:36:59;292.0;1745674619;99.388;100.988;95.529;103.22;
1900-01-01 23:37:00;293.0;1745674620;99.388;100.988;95.636;103.159;
1900-01-01 23:37:01;294.0;1745674621;99.41;100.946;95.673;103.159;
1900-01-01 23:37:02;295.0;1745674622;99.413;100.943;95.673;103.117;
1900-01-01 23:37:03;296.0;1745674623;99.413;100.943;95.519;103.157;
1900-01-01 23:37:04;297.0;1745674624;99.391;100.871;95.428;103.074;
1900-01-01 23:37:05;298.0;1745674625;99.358;100.871;95.428;103.074;
1900-01-01 23:37:06;299.0;1745674626;99.358;100.903;95.345;103.177;
1900-01-01 23:37:07;300.0;1745674627;99.407;101.018;95.421;103.177;
1900-01-01 23:37:08;301.0;1745674628;99.384;100.971;95.421;103.217;
1900-01-01 23:37:09;302.0;1745674629;99.467;100.971;95.366;103.242;
1900-01-01 23:37:11;303.0;1745674631;99.467;100.991;95.296;103.183;
1900-01-01 23:37:11;304.0;1745674631;99.461;100.953;95.296;103.183;
1900-01-01 23:37:12;305.0;1745674632;99.461;100.953;95.279;103.198;
1900-01-01 23:37:13;306.0;1745674633;99.502;100.913;95.304;103.198;
1900-01-01 23:37:14;307.0;1745674634;99.439;101.033;95.304;103.128;
1900-01-01 23:37:15;308.0;1745674635;99.368;101.033;95.349;103.127;
1900-01-01 23:37:16;309.0;1745674636;99.368;100.882;95.24;103.127;
1900-01-01 23:37:17;310.0;1745674637;99.383;100.945;95.24;103.209;
1900-01-01 23:37:18;311.0;1745674638;99.383;100.945;95.23;103.211;
1900-01-01 23:37:19;312.0;1745674639;99.37;100.844;95.114;103.211;
1900-01-01 23:37:20;313.0;1745674640;99.348;101.01;95.114;103.197;
1900-01-01 23:37:21;314.0;1745674641;99.367;101.01;95.191;103.191;
1900-01-01 23:37:22;315.0;1745674642;99.367;100.963;95.395;103.191;
1900-01-01 23:37:23;316.0;1745674643;99.348;100.921;95.395;103.138;
1900-01-01 23:37:24;317.0;1745674644;99.348;100.921;95.42;103.142;
1900-01-01 23:37:25;318.0;1745674645;99.232;100.893;95.48;103.217;
1900-01-01 23:37:26;319.0;1745674646;99.308;100.9;95.48;103.217;
1900-01-01 23:37:27;320.0;1745674647;99.308;100.9;95.43;103.236;
1900-01-01 23:37:28;321.0;1745674648;99.314;100.93;95.537;103.236;
1900-01-01 23:37:29;322.0;1745674649;99.319;100.867;95.537;103.167;
1900-01-01 23:37:30;323.0;1745674650;99.319;100.867;95.395;103.131;
1900-01-01 23:37:31;324.0;1745674651;99.35;100.928;95.337;103.131;
1900-01-01 23:37:32;325.0;1745674652;99.241;100.855;95.337;103.193;
1900-01-01 23:37:33;326.0;1745674653;99.394;100.855;95.243;103.203;
1900-01-01 23:37:34;327.0;1745674654;99.394;100.818;95.19;103.203;
1900-01-01 23:37:35;328.0;1745674655;99.429;100.911;95.19;103.232;
1900-01-01 23:37:36;329.0;1745674656;99.429;100.911;95.166;103.213;
1900-01-01 23:37:37;330.0;1745674657;99.37;100.814;95.175;103.213;
1900-01-01 23:37:38;331.0;1745674658;99.309;100.841;95.175;103.165;
1900-01-01 23:37:39;332.0;1745674659;99.309;100.841;95.243;103.204;
1900-01-01 23:37:40;333.0;1745674660;99.264;100.815;95.234;103.204;
1900-01-01 23:37:41;334.0;1745674661;99.279;100.773;95.234;103.15;
1900-01-01 23:37:42;335.0;1745674662;99.279;100.773;95.19;103.201;
1900-01-01 23:37:43;336.0;1745674663;99.242;100.762;95.17;103.201;
1900-01-01 23:37:44;337.0;1745674664;99.258;100.78;95.17;103.126;
1900-01-01 23:37:45;338.0;1745674665;99.258;100.78;95.181;103.118;
1900-01-01 23:37:46;339.0;1745674666;99.29;100.824;95.183;103.118;
1900-01-01 23:37:47;340.0;1745674667;99.221;100.807;95.183;103.101;
1900-01-01 23:37:48;341.0;1745674668;99.221;100.807;95.203;103.135;
1900-01-01 23:37:49;342.0;1745674669;99.351;100.855;95.189;103.135;
1900-01-01 23:37:50;343.0;1745674670;99.277;100.775;95.189;103.262;
1900-01-01 23:37:51;344.0;1745674671;99.277;100.775;95.153;103.175;
1900-01-01 23:37:52;345.0;1745674672;99.389;100.764;95.191;103.175;
1900-01-01 23:37:53;346.0;1745674673;99.265;100.761;95.191;103.173;
1900-01-01 23:37:54;347.0;1745674674;99.265;100.761;95.22;103.194;
1900-01-01 23:37:55;348.0;1745674675;99.367;100.843;95.23;103.194;
1900-01-01 23:37:56;349.0;1745674676;99.247;100.843;95.23;103.224;
1900-01-01 23:37:57;350.0;1745674677;99.247;100.715;95.131;103.177;
1900-01-01 23:37:58;351.0;1745674678;99.219;100.764;95.142;103.177;
1900-01-01 23:37:59;352.0;1745674679;99.28;100.764;95.142;103.142;
1900-01-01 23:38:00;353.0;1745674680;99.28;100.743;95.204;103.15;
1900-01-01 23:38:01;354.0;1745674681;99.2;100.766;95.204;103.15;
1900-01-01 23:38:02;355.0;1745674682;99.182;100.766;95.137;103.213;
1900-01-01 23:38:03;356.0;1745674683;99.182;100.839;95.129;103.179;
1900-01-01 23:38:04;357.0;1745674684;99.084;100.755;95.211;103.179;
1900-01-01 23:38:05;358.0;1745674685;99.19;100.755;95.211;103.176;
1900-01-01 23:38:06;359.0;1745674686;99.19;100.813;95.229;103.192;
1900-01-01 23:38:07;360.0;1745674687;99.113;100.907;95.168;103.192;
1900-01-01 23:38:08;361.0;1745674688;99.183;100.907;95.168;103.352;
1900-01-01 23:38:09;362.0;1745674689;99.183;100.951;95.158;103.225;
1900-01-01 23:38:10;363.0;1745674690;99.192;100.902;95.219;103.225;
1900-01-01 23:38:12;364.0;1745674692;99.196;100.864;95.219;103.211;
1900-01-01 23:38:12;365.0;1745674692;99.196;100.864;95.225;103.157;
1900-01-01 23:38:13;366.0;1745674693;99.175;100.894;95.242;103.157;
1900-01-01 23:38:14;367.0;1745674694;99.194;100.894;95.242;103.197;
1900-01-01 23:38:15;368.0;1745674695;99.194;100.861;95.229;103.178;
1900-01-01 23:38:16;369.0;1745674696;99.174;100.918;95.176;103.178;
1900-01-01 23:38:18;370.0;1745674698;99.223;100.911;95.176;103.152;
1900-01-01 23:38:18;371.0;1745674698;99.223;100.911;95.29;103.205;
1900-01-01 23:38:19;372.0;1745674699;99.111;100.858;95.209;103.205;
1900-01-01 23:38:20;373.0;1745674700;99.043;100.858;95.209;103.119;
1900-01-01 23:38:21;374.0;1745674701;99.043;100.795;95.212;103.199;
1900-01-01 23:38:22;375.0;1745674702;99.038;100.799;95.169;103.199;
1900-01-01 23:38:23;376.0;1745674703;98.971;100.967;95.169;103.258;
1900-01-01 23:38:24;377.0;1745674704;98.971;100.967;95.118;103.315;
1900-01-01 23:38:25;378.0;1745674705;98.942;100.832;95.025;103.315;
1900-01-01 23:38:26;379.0;1745674706;98.959;100.832;95.025;103.205;
1900-01-01 23:38:27;380.0;1745674707;98.959;100.867;94.982;103.211;
1900-01-01 23:38:28;381.0;1745674708;98.942;100.836;94.95;103.211;
1900-01-01 23:38:29;382.0;1745674709;98.958;100.855;94.95;103.278;
1900-01-01 23:38:30;383.0;1745674710;98.958;100.855;94.979;103.203;
1900-01-01 23:38:31;384.0;1745674711;99.019;100.827;94.995;103.203;
1900-01-01 23:38:32;385.0;1745674712;99.061;100.827;94.995;103.161;
1900-01-01 23:38:33;386.0;1745674713;99.061;100.813;95.005;103.121;
1900-01-01 23:38:34;387.0;1745674714;99.14;100.797;94.968;103.121;
1900-01-01 23:38:36;388.0;1745674716;99.113;100.769;94.968;103.209;
1900-01-01 23:38:36;389.0;1745674716;99.113;100.769;94.947;103.169;
1900-01-01 23:38:37;390.0;1745674717;99.122;100.798;94.921;103.169;
1900-01-01 23:38:38;391.0;1745674718;99.169;100.681;94.921;103.213;
1900-01-01 23:38:39;392.0;1745674719;99.169;100.681;94.927;103.13;
1900-01-01 23:38:40;393.0;1745674720;99.189;100.786;94.875;103.13;
1900-01-01 23:38:41;394.0;1745674721;99.175;100.786;94.875;103.194;
1900-01-01 23:38:42;395.0;1745674722;99.175;100.661;94.899;103.156;
1900-01-01 23:38:43;396.0;1745674723;99.149;100.582;94.939;103.156;
1900-01-01 23:38:44;397.0;1745674724;99.108;100.654;94.939;103.199;
1900-01-01 23:38:45;398.0;1745674725;99.108;100.654;94.944;103.226;
1900-01-01 23:38:46;399.0;1745674726;99.17;100.644;94.958;103.226;
1900-01-01 23:38:47;400.0;1745674727;99.037;100.644;94.958;103.193;
1900-01-01 23:38:48;401.0;1745674728;99.037;100.619;94.963;103.273;
1900-01-01 23:38:49;402.0;1745674729;99.006;100.578;95.011;103.273;
1900-01-01 23:38:50;403.0;1745674730;99.045;100.61;95.011;103.16;
1900-01-01 23:38:51;404.0;1745674731;99.045;100.61;94.959;103.17;
1900-01-01 23:38:52;405.0;1745674732;99.011;100.608;94.919;103.17;
1900-01-01 23:38:53;406.0;1745674733;99.01;100.608;94.919;103.15;
1900-01-01 23:38:54;407.0;1745674734;99.01;100.585;94.931;103.27;
1900-01-01 23:38:55;408.0;1745674735;98.967;100.497;95.009;103.27;
1900-01-01 23:38:56;409.0;1745674736;99.042;100.584;95.009;103.226;
1900-01-01 23:38:57;410.0;1745674737;99.042;100.584;94.964;103.163;
1900-01-01 23:38:58;411.0;1745674738;99.028;100.61;94.939;103.163;
1900-01-01 23:38:59;412.0;1745674739;99.153;100.61;94.939;103.182;
1900-01-01 23:39:00;413.0;1745674740;99.153;100.59;94.865;103.216;
1900-01-01 23:39:01;414.0;1745674741;99.101;100.623;94.849;103.216;
1900-01-01 23:39:02;415.0;1745674742;99.09;100.623;94.849;103.219;
1900-01-01 23:39:03;416.0;1745674743;99.09;100.518;94.79;103.236;
1900-01-01 23:39:04;417.0;1745674744;99.144;100.474;94.823;103.236;
1900-01-01 23:39:05;418.0;1745674745;99.042;100.475;94.823;103.214;
1900-01-01 23:39:06;419.0;1745674746;99.042;100.475;94.743;103.304;
1900-01-01 23:39:07;420.0;1745674747;99.035;100.5;94.852;103.304;
1900-01-01 23:39:08;421.0;1745674748;99.014;100.5;94.852;103.188;
1900-01-01 23:39:09;422.0;1745674749;99.014;100.519;94.889;103.163;
1900-01-01 23:39:10;423.0;1745674750;99.032;100.482;94.93;103.163;
1900-01-01 23:39:11;424.0;1745674751;98.968;100.482;94.93;103.216;
1900-01-01 23:39:12;425.0;1745674752;98.968;100.589;94.874;103.286;
1900-01-01 23:39:13;426.0;1745674753;98.964;100.564;94.916;103.286;
1900-01-01 23:39:14;427.0;1745674754;98.888;100.581;94.916;103.192;
1900-01-01 23:39:15;428.0;1745674755;98.888;100.581;94.933;103.147;
1900-01-01 23:39:16;429.0;1745674756;98.984;100.633;94.826;103.147;
1900-01-01 23:39:17;430.0;1745674757;98.965;100.633;94.826;103.134;
1900-01-01 23:39:18;431.0;1745674758;98.965;100.605;94.858;103.213;
1900-01-01 23:39:19;432.0;1745674759;98.965;100.64;94.787;103.213;
1900-01-01 23:39:20;433.0;1745674760;98.927;100.577;94.787;103.16;
1900-01-01 23:39:21;434.0;1745674761;98.927;100.577;94.836;103.195;
1900-01-01 23:39:22;435.0;1745674762;98.863;100.527;94.87;103.195;
1900-01-01 23:39:23;436.0;1745674763;98.865;100.527;94.87;103.211;
1900-01-01 23:39:24;437.0;1745674764;98.865;100.565;94.88;103.168;
1900-01-01 23:39:25;438.0;1745674765;98.8;100.571;94.871;103.168;
1900-01-01 23:39:27;439.0;1745674767;98.914;100.586;94.871;103.197;
1900-01-01 23:39:27;440.0;1745674767;98.914;100.586;94.903;103.135;
1900-01-01 23:39:28;441.0;1745674768;98.898;100.536;94.851;103.135;
1900-01-01 23:39:29;442.0;1745674769;98.891;100.544;94.851;103.081;
1900-01-01 23:39:30;443.0;1745674770;98.891;100.544;94.908;103.211;
1900-01-01 23:39:31;444.0;1745674771;98.9;100.412;94.813;103.211;
1900-01-01 23:39:32;445.0;1745674772;98.832;100.412;94.813;103.189;
1900-01-01 23:39:33;446.0;1745674773;98.832;100.398;94.806;103.223;
1900-01-01 23:39:34;447.0;1745674774;98.908;100.405;94.8;103.223;
1900-01-01 23:39:35;448.0;1745674775;98.909;100.377;94.8;103.169;
1900-01-01 23:39:36;449.0;1745674776;98.909;100.377;94.739;103.207;
1900-01-01 23:39:37;450.0;1745674777;98.92;100.377;94.779;103.207;
1900-01-01 23:39:38;451.0;1745674778;98.888;100.377;94.779;103.224;
1900-01-01 23:39:39;452.0;1745674779;98.888;100.429;94.699;103.186;
1900-01-01 23:39:40;453.0;1745674780;98.896;100.625;94.743;103.186;
1900-01-01 23:39:41;454.0;1745674781;98.911;100.486;94.743;103.206;
1900-01-01 23:39:42;455.0;1745674782;98.911;100.486;94.656;103.275;
1900-01-01 23:39:43;456.0;1745674783;98.886;100.463;94.659;103.275;
1900-01-01 23:39:44;457.0;1745674784;98.96;100.538;94.659;103.183;
1900-01-01 23:39:45;458.0;1745674785;98.96;100.538;94.724;103.229;
1900-01-01 23:39:46;459.0;1745674786;98.918;100.448;94.583;103.229;
1900-01-01 23:39:47;460.0;1745674787;98.939;100.448;94.583;103.282;
1900-01-01 23:39:48;461.0;1745674788;98.939;100.433;94.699;103.201;
1900-01-01 23:39:49;462.0;1745674789;98.932;100.474;94.734;103.201;
1900-01-01 23:39:50;463.0;1745674790;98.824;100.483;94.734;103.227;
1900-01-01 23:39:51;464.0;1745674791;98.824;100.483;94.747;103.232;
1900-01-01 23:39:52;465.0;1745674792;98.822;100.481;94.663;103.232;
1900-01-01 23:39:53;466.0;1745674793;98.855;100.481;94.663;103.277;
1900-01-01 23:39:54;467.0;1745674794;98.855;100.558;94.684;103.215;
1900-01-01 23:39:55;468.0;1745674795;98.744;100.509;94.655;103.215;
1900-01-01 23:39:56;469.0;1745674796;98.728;100.506;94.655;103.241;
1900-01-01 23:39:57;470.0;1745674797;98.728;100.506;94.659;103.216;
1900-01-01 23:39:58;471.0;1745674798;98.684;100.548;94.648;103.216;
1900-01-01 23:39:59;472.0;1745674799;98.769;100.548;94.648;103.197;
1900-01-01 23:40:00;473.0;1745674800;98.769;100.558;94.662;103.304;
1900-01-01 23:40:01;474.0;1745674801;98.753;100.553;94.644;103.304;
1900-01-01 23:40:02;475.0;1745674802;98.763;100.536;94.644;103.3;
1900-01-01 23:40:03;476.0;1745674803;98.763;100.536;94.59;103.185;
1900-01-01 23:40:04;477.0;1745674804;98.812;100.539;94.63;103.185;
1900-01-01 23:40:05;478.0;1745674805;98.75;100.539;94.63;103.207;
1900-01-01 23:40:06;479.0;1745674806;98.75;100.41;94.553;103.23;
1900-01-01 23:40:07;480.0;1745674807;98.82;100.385;94.602;103.23;
1900-01-01 23:40:09;481.0;1745674809;98.784;100.499;94.602;103.21;
1900-01-01 23:40:09;482.0;1745674809;98.784;100.499;94.686;103.119;
1900-01-01 23:40:10;483.0;1745674810;98.818;100.435;94.73;103.119;
1900-01-01 23:40:11;484.0;1745674811;98.861;100.435;94.73;103.224;
1900-01-01 23:40:12;485.0;1745674812;98.861;100.398;94.733;103.15;
1900-01-01 23:40:13;486.0;1745674813;98.827;100.431;94.733;103.15;
1900-01-01 23:40:14;487.0;1745674814;98.852;100.431;94.625;103.173;
1900-01-01 23:40:15;488.0;1745674815;98.852;100.429;94.634;103.245;
1900-01-01 23:40:16;489.0;1745674816;98.797;100.331;94.577;103.245;
1900-01-01 23:40:17;490.0;1745674817;98.824;100.374;94.577;103.11;
1900-01-01 23:40:18;491.0;1745674818;98.824;100.374;94.498;103.192;
1900-01-01 23:40:19;492.0;1745674819;98.82;100.372;94.459;103.192;
1900-01-01 23:40:20;493.0;1745674820;98.814;100.372;94.459;103.105;
1900-01-01 23:40:21;494.0;1745674821;98.814;100.417;94.398;103.114;
1900-01-01 23:40:22;495.0;1745674822;98.813;100.353;94.441;103.114;
1900-01-01 23:40:23;496.0;1745674823;98.764;100.397;94.441;103.14;
1900-01-01 23:40:24;497.0;1745674824;98.764;100.397;94.558;103.133;
1900-01-01 23:40:25;498.0;1745674825;98.746;100.348;94.558;103.133;
1900-01-01 23:40:26;499.0;1745674826;98.786;100.348;94.556;103.091;
1900-01-01 23:40:27;500.0;1745674827;98.786;100.364;94.564;103.135;
1900-01-01 23:40:28;501.0;1745674828;98.706;100.397;94.584;103.135;
1900-01-01 23:40:29;502.0;1745674829;98.804;100.421;94.584;103.175;
1900-01-01 23:40:30;503.0;1745674830;98.804;100.421;94.447;103.191;
1900-01-01 23:40:31;504.0;1745674831;98.764;100.31;94.401;103.191;
1900-01-01 23:40:32;505.0;1745674832;98.731;100.31;94.401;103.189;
1900-01-01 23:40:33;506.0;1745674833;98.731;100.401;94.437;103.172;
1900-01-01 23:40:34;507.0;1745674834;98.719;100.271;94.435;103.172;
1900-01-01 23:40:35;508.0;1745674835;98.637;100.343;94.435;103.261;
1900-01-01 23:40:36;509.0;1745674836;98.637;100.343;94.506;103.163;
1900-01-01 23:40:37;510.0;1745674837;98.588;100.326;94.456;103.163;
1900-01-01 23:40:38;511.0;1745674838;98.505;100.326;94.456;103.29;
1900-01-01 23:40:39;512.0;1745674839;98.505;100.27;94.483;103.206;
1900-01-01 23:40:40;513.0;1745674840;98.458;100.231;94.514;103.206;
1900-01-01 23:40:41;514.0;1745674841;98.445;100.231;94.514;103.186;
1900-01-01 23:40:42;515.0;1745674842;98.445;100.217;94.444;103.219;
1900-01-01 23:40:43;516.0;1745674843;98.49;100.298;94.496;103.219;
1900-01-01 23:40:44;517.0;1745674844;98.509;100.298;94.496;103.147;
1900-01-01 23:40:45;518.0;1745674845;98.509;100.288;94.477;103.24;
1900-01-01 23:40:46;519.0;1745674846;98.563;100.31;94.497;103.24;
1900-01-01 23:40:47;520.0;1745674847;98.51;100.31;94.497;103.233;
1900-01-01 23:40:48;521.0;1745674848;98.51;100.301;94.361;103.206;
1900-01-01 23:40:49;522.0;1745674849;98.609;100.257;94.33;103.206;
1900-01-01 23:40:50;523.0;1745674850;98.597;100.257;94.33;103.232;
1900-01-01 23:40:51;524.0;1745674851;98.597;100.285;94.375;103.166;
1900-01-01 23:40:52;525.0;1745674852;98.546;100.215;94.375;103.166;
1900-01-01 23:40:53;526.0;1745674853;98.543;100.215;94.386;103.2;
1900-01-01 23:40:54;527.0;1745674854;98.543;100.232;94.437;103.297;
1900-01-01 23:40:55;528.0;1745674855;98.408;100.202;94.381;103.297;
1900-01-01 23:40:56;529.0;1745674856;98.442;100.231;94.381;103.263;
1900-01-01 23:40:57;530.0;1745674857;98.442;100.231;94.361;103.268;
1900-01-01 23:40:58;531.0;1745674858;98.422;100.235;94.404;103.268;
1900-01-01 23:40:59;532.0;1745674859;98.451;100.235;94.404;103.237;
1900-01-01 23:41:00;533.0;1745674860;98.451;100.27;94.45;103.232;
1900-01-01 23:41:01;534.0;1745674861;98.405;100.164;94.274;103.232;
1900-01-01 23:41:02;535.0;1745674862;98.519;100.164;94.274;103.211;
1900-01-01 23:41:03;536.0;1745674863;98.519;100.164;94.32;103.166;
1900-01-01 23:41:04;537.0;1745674864;98.541;100.187;94.269;103.166;
1900-01-01 23:41:05;538.0;1745674865;98.603;100.187;94.269;103.212;
1900-01-01 23:41:06;539.0;1745674866;98.603;100.151;94.253;103.185;
1900-01-01 23:41:07;540.0;1745674867;98.703;100.159;94.178;103.185;
1900-01-01 23:41:08;541.0;1745674868;98.674;100.109;94.178;103.237;
1900-01-01 23:41:09;542.0;1745674869;98.674;100.109;94.183;103.244;
1900-01-01 23:41:10;543.0;1745674870;98.555;100.187;94.261;103.244;
1900-01-01 23:41:11;544.0;1745674871;98.468;100.187;94.261;103.183;
1900-01-01 23:41:12;545.0;1745674872;98.468;100.11;94.299;103.224;
1900-01-01 23:41:13;546.0;1745674873;98.506;100.085;94.299;103.224;
1900-01-01 23:41:14;547.0;1745674874;98.506;100.085;94.322;103.313;
1900-01-01 23:41:15;548.0;1745674875;98.408;100.159;94.39;103.313;
1900-01-01 23:41:16;549.0;1745674876;98.509;100.175;94.39;103.175;
1900-01-01 23:41:17;550.0;1745674877;98.354;100.175;94.429;103.158;
1900-01-01 23:41:18;551.0;1745674878;98.354;100.178;94.506;103.117;
1900-01-01 23:41:19;552.0;1745674879;98.401;100.21;94.506;103.117;
1900-01-01 23:41:20;553.0;1745674880;98.401;100.21;94.558;103.193;
1900-01-01 23:41:21;554.0;1745674881;98.346;100.251;94.507;103.193;
1900-01-01 23:41:23;555.0;1745674883;98.381;100.263;94.507;103.18;
1900-01-01 23:41:23;556.0;1745674883;98.381;100.263;94.395;103.222;
1900-01-01 23:41:24;557.0;1745674884;98.435;100.12;94.32;103.222;
1900-01-01 23:41:25;558.0;1745674885;98.447;100.23;94.32;103.156;
1900-01-01 23:41:26;559.0;1745674886;98.447;100.23;94.262;103.228;
1900-01-01 23:41:27;560.0;1745674887;98.478;100.225;94.18;103.228;
1900-01-01 23:41:28;561.0;1745674888;98.506;100.14;94.18;103.188;
1900-01-01 23:41:29;562.0;1745674889;98.506;100.14;94.174;103.24;
1900-01-01 23:41:30;563.0;1745674890;98.472;100.215;94.202;103.24;
1900-01-01 23:41:31;564.0;1745674891;98.493;100.215;94.202;103.245;
1900-01-01 23:41:32;565.0;1745674892;98.493;100.167;94.198;103.225;
1900-01-01 23:41:33;566.0;1745674893;98.579;100.248;94.198;103.225;
1900-01-01 23:41:34;567.0;1745674894;98.46;100.248;94.197;103.224;
1900-01-01 23:41:35;568.0;1745674895;98.46;100.165;94.187;103.224;
1900-01-01 23:41:36;569.0;1745674896;98.521;100.121;94.187;103.22;
1900-01-01 23:41:37;570.0;1745674897;98.508;100.121;94.232;103.169;
1900-01-01 23:41:38;571.0;1745674898;98.508;100.215;94.177;103.169;
1900-01-01 23:41:39;572.0;1745674899;98.517;100.217;94.177;103.264;
1900-01-01 23:41:40;573.0;1745674900;98.471;100.217;94.118;103.207;
1900-01-01 23:41:41;574.0;1745674901;98.471;100.195;94.23;103.207;
1900-01-01 23:41:42;575.0;1745674902;98.435;100.138;94.23;103.26;
1900-01-01 23:41:43;576.0;1745674903;98.429;100.138;94.187;103.064;
1900-01-01 23:41:44;577.0;1745674904;98.429;100.206;94.232;103.064;
1900-01-01 23:41:45;578.0;1745674905;98.393;100.099;94.232;103.118;
1900-01-01 23:41:47;579.0;1745674907;98.375;100.099;94.226;103.173;
1900-01-01 23:41:47;580.0;1745674907;98.375;100.077;94.3;103.173;
1900-01-01 23:41:48;581.0;1745674908;98.355;100.054;94.3;103.25;
1900-01-01 23:41:49;582.0;1745674909;98.355;100.054;94.317;103.183;
1900-01-01 23:41:50;583.0;1745674910;98.452;100.096;94.292;103.183;
1900-01-01 23:41:51;584.0;1745674911;98.309;100.096;94.292;103.181;
1900-01-01 23:41:52;585.0;1745674912;98.309;100.146;94.275;103.239;
1900-01-01 23:41:54;586.0;1745674914;98.321;100.098;94.267;103.239;
1900-01-01 23:41:54;587.0;1745674914;98.338;100.098;94.267;103.13;
1900-01-01 23:41:55;588.0;1745674915;98.338;100.038;94.205;103.238;
1900-01-01 23:41:57;589.0;1745674917;98.397;100.05;94.191;103.238;
1900-01-01 23:41:57;590.0;1745674917;98.397;100.05;94.191;103.193;
1900-01-01 23:41:58;591.0;1745674918;98.397;100.114;94.082;103.276;
1900-01-01 23:41:59;592.0;1745674919;98.373;100.071;94.016;103.276;
1900-01-01 23:42:00;593.0;1745674920;98.461;100.071;94.016;103.139;
1900-01-01 23:42:01;594.0;1745674921;98.461;100.001;94.139;103.176;
1900-01-01 23:42:02;595.0;1745674922;98.37;99.927;94.139;103.176;
1900-01-01 23:42:03;596.0;1745674923;98.434;99.927;94.02;103.201;
1900-01-01 23:42:04;597.0;1745674924;98.434;99.954;94.166;103.223;
1900-01-01 23:42:06;598.0;1745674926;98.413;99.928;94.126;103.223;
1900-01-01 23:42:06;599.0;1745674926;98.324;99.928;94.126;103.194;
1900-01-01 23:42:07;600.0;1745674927;98.324;100.013;94.094;103.181;
1900-01-01 23:42:08;601.0;1745674928;98.32;99.928;94.094;103.181;
1900-01-01 23:42:09;602.0;1745674929;98.337;99.928;94.015;103.193;
1900-01-01 23:42:10;603.0;1745674930;98.337;99.931;93.935;103.166;
1900-01-01 23:42:11;604.0;1745674931;98.265;100.017;93.935;103.166;
1900-01-01 23:42:12;605.0;1745674932;98.266;100.017;94.043;103.235;
1900-01-01 23:42:13;606.0;1745674933;98.266;99.952;93.944;103.227;
1900-01-01 23:42:14;607.0;1745674934;98.272;99.956;94.078;103.227;
1900-01-01 23:42:15;608.0;1745674935;98.178;99.956;94.078;103.186;
1900-01-01 23:42:16;609.0;1745674936;98.178;99.923;94.059;103.211;
1900-01-01 23:42:17;610.0;1745674937;98.178;99.933;94.059;103.211;
1900-01-01 23:42:18;611.0;1745674938;98.13;99.933;93.941;103.237;
1900-01-01 23:42:19;612.0;1745674939;98.13;100.021;93.984;103.237;
1900-01-01 23:42:20;613.0;1745674940;98.173;99.932;93.984;103.194;
1900-01-01 23:42:21;614.0;1745674941;98.19;99.932;93.952;103.285;
1900-01-01 23:42:22;615.0;1745674942;98.19;99.957;93.923;103.216;
1900-01-01 23:42:23;616.0;1745674943;98.276;99.953;93.923;103.216;
1900-01-01 23:42:24;617.0;1745674944;98.276;99.953;93.973;103.208;
1900-01-01 23:42:25;618.0;1745674945;98.225;99.899;93.873;103.208;
1900-01-01 23:42:26;619.0;1745674946;98.296;99.92;93.873;103.189;
1900-01-01 23:42:28;620.0;1745674948;98.375;99.92;93.914;103.226;
1900-01-01 23:42:28;621.0;1745674948;98.375;99.901;93.792;103.226;
1900-01-01 23:42:29;622.0;1745674949;98.376;99.905;93.792;103.222;
1900-01-01 23:42:30;623.0;1745674950;98.376;99.905;93.747;103.34;
1900-01-01 23:42:31;624.0;1745674951;98.262;99.917;93.662;103.299;
1900-01-01 23:42:32;625.0;1745674952;98.379;99.916;93.662;103.299;
1900-01-01 23:42:33;626.0;1745674953;98.379;99.916;93.672;103.232;
1900-01-01 23:42:34;627.0;1745674954;98.205;99.913;93.78;103.232;
1900-01-01 23:42:36;628.0;1745674956;98.234;99.953;93.78;103.162;
1900-01-01 23:42:36;629.0;1745674956;98.234;99.953;93.872;103.19;
1900-01-01 23:42:37;630.0;1745674957;98.158;99.87;93.939;103.19;
1900-01-01 23:42:38;631.0;1745674958;98.223;99.905;93.939;103.247;
1900-01-01 23:42:40;632.0;1745674960;98.22;99.905;93.915;103.256;
1900-01-01 23:42:40;633.0;1745674960;98.22;99.9;93.911;103.256;
1900-01-01 23:42:41;634.0;1745674961;98.192;99.801;93.911;103.183;
1900-01-01 23:42:42;635.0;1745674962;98.192;99.801;93.873;103.216;
1900-01-01 23:42:43;636.0;1745674963;98.271;99.803;93.867;103.216;
1900-01-01 23:42:45;637.0;1745674965;98.254;99.876;93.867;103.169;
1900-01-01 23:42:45;638.0;1745674965;98.254;99.876;93.915;103.207;
1900-01-01 23:42:46;639.0;1745674966;98.218;99.826;93.796;103.207;
1900-01-01 23:42:47;640.0;1745674967;98.215;99.738;93.796;103.214;
1900-01-01 23:42:48;641.0;1745674968;98.215;99.738;93.838;103.213;
1900-01-01 23:42:49;642.0;1745674969;98.189;99.836;93.837;103.213;
1900-01-01 23:42:50;643.0;1745674970;98.136;99.836;93.837;103.165;
1900-01-01 23:42:51;644.0;1745674971;98.136;99.726;93.887;103.188;
1900-01-01 23:42:52;645.0;1745674972;98.135;99.706;93.87;103.188;
1900-01-01 23:42:53;646.0;1745674973;98.168;99.706;93.87;103.204;
1900-01-01 23:42:54;647.0;1745674974;98.168;99.733;93.865;103.243;
1900-01-01 23:42:55;648.0;1745674975;98.064;99.724;93.762;103.243;
1900-01-01 23:42:56;649.0;1745674976;98.089;99.702;93.762;103.219;
1900-01-01 23:42:57;650.0;1745674977;98.089;99.702;93.768;103.196;
1900-01-01 23:42:58;651.0;1745674978;98.132;99.699;93.72;103.196;
1900-01-01 23:42:59;652.0;1745674979;98.015;99.699;93.72;103.355;
1900-01-01 23:43:00;653.0;1745674980;98.015;99.792;93.75;103.299;
1900-01-01 23:43:01;654.0;1745674981;98.011;99.764;93.771;103.299;
1900-01-01 23:43:02;655.0;1745674982;98.031;99.764;93.771;103.203;
1900-01-01 23:43:03;656.0;1745674983;98.031;99.752;93.805;103.221;
1900-01-01 23:43:04;657.0;1745674984;97.97;99.775;93.805;103.221;
1900-01-01 23:43:05;658.0;1745674985;97.967;99.775;93.708;103.199;
1900-01-01 23:43:06;659.0;1745674986;97.967;99.777;93.758;103.213;
1900-01-01 23:43:07;660.0;1745674987;97.877;99.77;93.758;103.213;
1900-01-01 23:43:08;661.0;1745674988;97.951;99.77;93.694;103.244;
1900-01-01 23:43:09;662.0;1745674989;97.951;99.688;93.683;103.166;
1900-01-01 23:43:10;663.0;1745674990;97.912;99.726;93.683;103.166;
1900-01-01 23:43:11;664.0;1745674991;97.954;99.726;93.668;103.198;
1900-01-01 23:43:12;665.0;1745674992;97.954;99.76;93.658;103.171;
1900-01-01 23:43:13;666.0;1745674993;97.97;99.744;93.658;103.171;
1900-01-01 23:43:14;667.0;1745674994;97.97;99.744;93.602;103.234;
1900-01-01 23:43:15;668.0;1745674995;98.045;99.713;93.585;103.234;
1900-01-01 23:43:16;669.0;1745674996;98.042;99.724;93.585;103.174;
1900-01-01 23:43:17;670.0;1745674997;98.074;99.724;93.543;103.24;
1900-01-01 23:43:18;671.0;1745674998;98.074;99.756;93.581;103.24;
1900-01-01 23:43:19;672.0;1745674999;98.139;99.63;93.581;103.208;
1900-01-01 23:43:20;673.0;1745675000;98.139;99.63;93.578;103.221;
1900-01-01 23:43:22;674.0;1745675002;98.132;99.685;93.533;103.173;
1900-01-01 23:43:22;675.0;1745675002;98.086;99.641;93.533;103.173;
1900-01-01 23:43:23;676.0;1745675003;98.086;99.641;93.471;103.169;
1900-01-01 23:43:24;677.0;1745675004;98.077;99.626;93.509;103.169;
1900-01-01 23:43:25;678.0;1745675005;98.036;99.626;93.509;103.136;
1900-01-01 23:43:26;679.0;1745675006;98.036;99.688;93.46;103.18;
1900-01-01 23:43:27;680.0;1745675007;98.061;99.718;93.491;103.18;
1900-01-01 23:43:28;681.0;1745675008;98.226;99.718;93.491;103.155;
1900-01-01 23:43:29;682.0;1745675009;98.226;99.722;93.487;103.212;
1900-01-01 23:43:30;683.0;1745675010;98.038;99.723;93.487;103.212;
1900-01-01 23:43:31;684.0;1745675011;98.075;99.723;93.544;103.267;
1900-01-01 23:43:32;685.0;1745675012;98.075;99.633;93.54;103.267;
1900-01-01 23:43:33;686.0;1745675013;98.026;99.704;93.54;103.267;
1900-01-01 23:43:34;687.0;1745675014;97.994;99.704;93.547;103.146;
1900-01-01 23:43:35;688.0;1745675015;97.994;99.555;93.509;103.162;
1900-01-01 23:43:36;689.0;1745675016;98.027;99.669;93.392;103.162;
1900-01-01 23:43:37;690.0;1745675017;98.032;99.669;93.392;103.198;
1900-01-01 23:43:38;691.0;1745675018;98.032;99.62;93.368;103.201;
1900-01-01 23:43:39;692.0;1745675019;98.029;99.66;93.368;103.201;
1900-01-01 23:43:40;693.0;1745675020;97.965;99.66;93.369;103.172;
1900-01-01 23:43:41;694.0;1745675021;97.965;99.699;93.368;103.172;
1900-01-01 23:43:42;695.0;1745675022;97.901;99.616;93.368;103.249;
1900-01-01 23:43:43;696.0;1745675023;97.865;99.616;93.414;103.217;
1900-01-01 23:43:44;697.0;1745675024;97.865;99.554;93.473;103.217;
1900-01-01 23:43:45;698.0;1745675025;97.819;99.607;93.473;103.241;
1900-01-01 23:43:46;699.0;1745675026;97.754;99.607;93.496;103.172;
1900-01-01 23:43:47;700.0;1745675027;97.754;99.694;93.49;103.172;
1900-01-01 23:43:48;701.0;1745675028;97.887;99.694;93.49;103.172;
1900-01-01 23:43:49;702.0;1745675029;97.887;99.597;93.449;103.094;
1900-01-01 23:43:50;703.0;1745675030;97.836;99.626;93.368;103.094;
1900-01-01 23:43:51;704.0;1745675031;97.961;99.626;93.368;103.138;
1900-01-01 23:43:52;705.0;1745675032;97.961;99.621;93.409;103.122;
1900-01-01 23:43:53;706.0;1745675033;97.991;99.684;93.324;103.122;
1900-01-01 23:43:54;707.0;1745675034;98.065;99.684;93.324;103.187;
1900-01-01 23:43:55;708.0;1745675035;98.065;99.607;93.394;103.125;
1900-01-01 23:43:56;709.0;1745675036;97.994;99.638;93.429;103.125;
1900-01-01 23:43:57;710.0;1745675037;98.039;99.638;93.429;103.143;
1900-01-01 23:43:58;711.0;1745675038;98.039;99.604;93.363;103.254;
1900-01-01 23:43:59;712.0;1745675039;97.999;99.725;93.323;103.254;
1900-01-01 23:44:00;713.0;1745675040;97.999;99.725;93.323;103.234;
1900-01-01 23:44:01;714.0;1745675041;98.035;99.603;93.332;103.27;
1900-01-01 23:44:02;715.0;1745675042;97.931;99.691;93.332;103.27;
1900-01-01 23:44:03;716.0;1745675043;97.931;99.691;93.431;103.291;
1900-01-01 23:44:04;717.0;1745675044;97.886;99.543;93.475;103.225;
1900-01-01 23:44:05;718.0;1745675045;97.927;99.544;93.475;103.225;
1900-01-01 23:44:06;719.0;1745675046;97.927;99.544;93.481;103.23;
1900-01-01 23:44:07;720.0;1745675047;97.85;99.579;93.479;103.23;
1900-01-01 23:44:08;721.0;1745675048;97.882;99.599;93.479;103.204;
1900-01-01 23:44:09;722.0;1745675049;97.839;99.599;93.48;103.198;
1900-01-01 23:44:10;723.0;1745675050;97.839;99.529;93.384;103.174;
1900-01-01 23:44:11;724.0;1745675051;97.783;99.482;93.384;103.174;
1900-01-01 23:44:12;725.0;1745675052;97.783;99.482;93.399;103.254;
1900-01-01 23:44:13;726.0;1745675053;97.8;99.42;93.341;103.254;
1900-01-01 23:44:14;727.0;1745675054;97.768;99.481;93.341;103.153;
1900-01-01 23:44:15;728.0;1745675055;97.835;99.481;93.371;103.228;
1900-01-01 23:44:16;729.0;1745675056;97.835;99.464;93.238;103.228;
1900-01-01 23:44:17;730.0;1745675057;97.754;99.458;93.238;103.205;
1900-01-01 23:44:18;731.0;1745675058;97.756;99.458;93.279;103.269;
1900-01-01 23:44:19;732.0;1745675059;97.756;99.461;93.267;103.173;
1900-01-01 23:44:20;733.0;1745675060;97.75;99.377;93.267;103.173;
1900-01-01 23:44:21;734.0;1745675061;97.698;99.377;93.266;103.161;
1900-01-01 23:44:22;735.0;1745675062;97.698;99.316;93.225;103.161;
1900-01-01 23:44:23;736.0;1745675063;97.712;99.3;93.225;103.19;
1900-01-01 23:44:24;737.0;1745675064;97.722;99.3;93.253;103.248;
1900-01-01 23:44:25;738.0;1745675065;97.722;99.315;93.227;103.144;
1900-01-01 23:44:26;739.0;1745675066;97.611;99.316;93.227;103.144;
1900-01-01 23:44:27;740.0;1745675067;97.611;99.316;93.279;103.244;
1900-01-01 23:44:28;741.0;1745675068;97.637;99.236;93.31;103.244;
1900-01-01 23:44:29;742.0;1745675069;97.65;99.324;93.31;103.218;
1900-01-01 23:44:30;743.0;1745675070;97.65;99.324;93.354;103.111;
1900-01-01 23:44:31;744.0;1745675071;97.618;99.274;93.383;103.111;
1900-01-01 23:44:32;745.0;1745675072;97.716;99.192;93.383;103.197;
1900-01-01 23:44:33;746.0;1745675073;97.716;99.192;93.229;103.133;
1900-01-01 23:44:34;747.0;1745675074;97.683;99.279;93.209;103.133;
1900-01-01 23:44:35;748.0;1745675075;97.808;99.25;93.209;103.234;
1900-01-01 23:44:36;749.0;1745675076;97.808;99.25;93.114;103.164;
1900-01-01 23:44:37;750.0;1745675077;97.732;99.225;93.134;103.164;
1900-01-01 23:44:38;751.0;1745675078;97.69;99.225;93.134;103.177;
1900-01-01 23:44:39;752.0;1745675079;97.69;99.236;93.2;103.219;
1900-01-01 23:44:40;753.0;1745675080;97.684;99.204;93.2;103.219;
1900-01-01 23:44:41;754.0;1745675081;97.782;99.204;93.169;103.239;
1900-01-01 23:44:42;755.0;1745675082;97.782;99.252;93.158;103.196;
1900-01-01 23:44:43;756.0;1745675083;97.757;99.178;93.158;103.196;
1900-01-01 23:44:44;757.0;1745675084;97.772;99.178;93.141;103.177;
1900-01-01 23:44:45;758.0;1745675085;97.772;99.107;93.156;103.145;
1900-01-01 23:44:47;759.0;1745675087;97.857;99.11;93.091;103.145;
1900-01-01 23:44:47;760.0;1745675087;97.848;99.11;93.091;103.168;
1900-01-01 23:44:48;761.0;1745675088;97.848;99.119;93.002;103.173;
1900-01-01 23:44:49;762.0;1745675089;97.884;99.133;93.002;103.173;
1900-01-01 23:44:50;763.0;1745675090;97.884;99.133;93.054;103.188;
1900-01-01 23:44:51;764.0;1745675091;97.843;99.153;93.117;103.166;
1900-01-01 23:44:52;765.0;1745675092;97.692;99.153;93.117;103.166;
1900-01-01 23:44:53;766.0;1745675093;97.692;99.137;93.126;103.312;
1900-01-01 23:44:54;767.0;1745675094;97.705;99.058;93.185;103.312;
1900-01-01 23:44:55;768.0;1745675095;97.7;99.058;93.185;103.289;
1900-01-01 23:44:56;769.0;1745675096;97.7;99.057;93.159;103.199;
1900-01-01 23:44:58;770.0;1745675098;97.608;99.169;93.259;103.199;
1900-01-01 23:44:58;771.0;1745675098;97.684;99.169;93.259;103.22;
1900-01-01 23:44:59;772.0;1745675099;97.684;99.049;93.265;103.282;
1900-01-01 23:45:01;773.0;1745675101;97.713;98.971;93.305;103.282;
1900-01-01 23:45:01;774.0;1745675101;97.656;98.971;93.305;103.339;
1900-01-01 23:45:02;775.0;1745675102;97.656;99.121;93.253;103.207;
1900-01-01 23:45:03;776.0;1745675103;97.653;99.088;93.253;103.207;
1900-01-01 23:45:04;777.0;1745675104;97.666;99.088;93.194;103.209;
1900-01-01 23:45:05;778.0;1745675105;97.666;99.076;93.189;103.213;
1900-01-01 23:45:06;779.0;1745675106;97.669;99.09;93.189;103.213;
1900-01-01 23:45:07;780.0;1745675107;97.609;99.09;93.195;103.175;
1900-01-01 23:45:08;781.0;1745675108;97.609;99.101;93.136;103.175;
1900-01-01 23:45:09;782.0;1745675109;97.546;99.081;93.136;103.207;
1900-01-01 23:45:10;783.0;1745675110;97.485;99.081;93.109;103.177;
1900-01-01 23:45:11;784.0;1745675111;97.485;99.168;93.083;103.203;
1900-01-01 23:45:12;785.0;1745675112;97.44;99.103;93.083;103.203;
1900-01-01 23:45:13;786.0;1745675113;97.44;99.103;93.135;103.263;
1900-01-01 23:45:14;787.0;1745675114;97.449;99.059;93.129;103.263;
1900-01-01 23:45:16;788.0;1745675116;97.379;99.061;93.129;103.137;
1900-01-01 23:45:16;789.0;1745675116;97.379;99.061;93.095;103.166;
1900-01-01 23:45:17;790.0;1745675117;97.332;98.993;92.887;103.166;
1900-01-01 23:45:18;791.0;1745675118;97.397;99.004;92.887;103.22;
1900-01-01 23:45:19;792.0;1745675119;97.397;99.004;92.823;103.226;
1900-01-01 23:45:20;793.0;1745675120;97.293;99.01;92.714;103.226;
1900-01-01 23:45:21;794.0;1745675121;97.396;99.026;92.714;103.197;
1900-01-01 23:45:22;795.0;1745675122;97.396;99.026;92.586;103.193;
1900-01-01 23:45:23;796.0;1745675123;97.348;99.019;92.5;103.193;
1900-01-01 23:45:24;797.0;1745675124;97.436;99.019;92.5;103.13;
1900-01-01 23:45:25;798.0;1745675125;97.436;98.99;92.494;103.204;
1900-01-01 23:45:26;799.0;1745675126;97.428;98.925;92.544;103.204;
1900-01-01 23:45:27;800.0;1745675127;97.374;98.925;92.544;103.212;
1900-01-01 23:45:28;801.0;1745675128;97.374;99.066;92.703;103.213;
1900-01-01 23:45:29;802.0;1745675129;97.379;99.018;92.717;103.213;
1900-01-01 23:45:30;803.0;1745675130;97.379;99.018;92.717;103.154;
1900-01-01 23:45:31;804.0;1745675131;97.447;99.006;92.841;103.164;
1900-01-01 23:45:32;805.0;1745675132;97.449;98.945;92.841;103.164;
1900-01-01 23:45:33;806.0;1745675133;97.449;98.945;92.859;103.192;
1900-01-01 23:45:34;807.0;1745675134;97.4;99.021;92.825;103.192;
1900-01-01 23:45:35;808.0;1745675135;97.382;98.905;92.825;103.175;
1900-01-01 23:45:36;809.0;1745675136;97.382;98.905;92.844;103.1;
1900-01-01 23:45:37;810.0;1745675137;97.511;98.946;92.813;103.1;
1900-01-01 23:45:39;811.0;1745675139;97.466;98.955;92.813;103.224;
1900-01-01 23:45:39;812.0;1745675139;97.466;98.955;92.66;103.207;
1900-01-01 23:45:40;813.0;1745675140;97.37;98.965;92.516;103.207;
1900-01-01 23:45:41;814.0;1745675141;97.492;98.944;92.516;103.222;
1900-01-01 23:45:42;815.0;1745675142;97.492;98.944;92.444;103.134;
1900-01-01 23:45:43;816.0;1745675143;97.441;98.968;92.452;103.134;
1900-01-01 23:45:44;817.0;1745675144;97.489;98.968;92.452;103.162;
1900-01-01 23:45:45;818.0;1745675145;97.489;98.932;92.453;103.137;
1900-01-01 23:45:46;819.0;1745675146;97.502;98.903;92.453;103.137;
1900-01-01 23:45:47;820.0;1745675147;97.404;98.903;92.595;103.201;
1900-01-01 23:45:48;821.0;1745675148;97.404;98.912;92.564;103.172;
1900-01-01 23:45:49;822.0;1745675149;97.458;98.896;92.564;103.172;
1900-01-01 23:45:50;823.0;1745675150;97.398;98.896;92.679;103.206;
1900-01-01 23:45:51;824.0;1745675151;97.398;98.883;92.644;103.202;
1900-01-01 23:45:53;825.0;1745675153;97.448;98.847;92.685;103.202;
1900-01-01 23:45:53;826.0;1745675153;97.503;98.847;92.685;103.261;
1900-01-01 23:45:54;827.0;1745675154;97.503;98.858;92.716;103.21;
1900-01-01 23:45:55;828.0;1745675155;97.496;98.814;92.673;103.21;
1900-01-01 23:45:56;829.0;1745675156;97.45;98.814;92.673;103.215;
1900-01-01 23:45:57;830.0;1745675157;97.45;98.855;92.731;103.258;
1900-01-01 23:45:58;831.0;1745675158;97.389;98.846;92.677;103.258;
1900-01-01 23:45:59;832.0;1745675159;97.389;98.846;92.677;103.326;
1900-01-01 23:46:00;833.0;1745675160;97.408;98.884;92.642;103.319;
1900-01-01 23:46:01;834.0;1745675161;97.387;98.821;92.642;103.319;
1900-01-01 23:46:03;835.0;1745675163;97.356;98.821;92.662;103.225;
1900-01-01 23:46:03;836.0;1745675163;97.356;98.882;92.666;103.225;
1900-01-01 23:46:04;837.0;1745675164;97.325;98.868;92.666;103.205;
1900-01-01 23:46:06;838.0;1745675166;97.321;98.868;92.632;103.211;
1900-01-01 23:46:06;839.0;1745675166;97.321;98.862;92.668;103.211;
1900-01-01 23:46:07;840.0;1745675167;97.352;98.772;92.668;103.216;
1900-01-01 23:46:08;841.0;1745675168;97.352;98.772;92.617;103.116;
1900-01-01 23:46:09;842.0;1745675169;97.32;98.78;92.594;103.116;
1900-01-01 23:46:10;843.0;1745675170;97.364;98.78;92.594;103.232;
1900-01-01 23:46:11;844.0;1745675171;97.364;98.789;92.536;103.286;
1900-01-01 23:46:12;845.0;1745675172;97.36;98.739;92.526;103.286;
1900-01-01 23:46:13;846.0;1745675173;97.305;98.739;92.526;103.247;
1900-01-01 23:46:14;847.0;1745675174;97.305;98.811;92.408;103.267;
1900-01-01 23:46:15;848.0;1745675175;97.375;98.725;92.408;103.267;
1900-01-01 23:46:16;849.0;1745675176;97.33;98.725;92.329;103.214;
1900-01-01 23:46:17;850.0;1745675177;97.33;98.851;92.302;103.199;
1900-01-01 23:46:18;851.0;1745675178;97.297;98.794;92.302;103.199;
1900-01-01 23:46:19;852.0;1745675179;97.297;98.794;92.24;103.215;
1900-01-01 23:46:20;853.0;1745675180;97.232;98.762;92.102;103.215;
1900-01-01 23:46:21;854.0;1745675181;97.253;98.785;92.102;103.205;
1900-01-01 23:46:22;855.0;1745675182;97.126;98.785;92.154;103.178;
1900-01-01 23:46:23;856.0;1745675183;97.126;98.787;92.118;103.178;
1900-01-01 23:46:24;857.0;1745675184;97.104;98.787;92.118;103.143;
1900-01-01 23:46:25;858.0;1745675185;97.104;98.766;92.315;103.23;
1900-01-01 23:46:26;859.0;1745675186;97.074;98.736;92.28;103.23;
1900-01-01 23:46:27;860.0;1745675187;97.066;98.736;92.28;103.215;
1900-01-01 23:46:28;861.0;1745675188;97.066;98.8;92.411;103.272;
1900-01-01 23:46:29;862.0;1745675189;96.996;98.789;92.327;103.272;
1900-01-01 23:46:30;863.0;1745675190;96.899;98.789;92.327;103.14;
1900-01-01 23:46:31;864.0;1745675191;96.899;98.823;92.364;103.238;
1900-01-01 23:46:32;865.0;1745675192;96.895;98.791;92.415;103.238;
1900-01-01 23:46:33;866.0;1745675193;96.908;98.791;92.415;103.235;
1900-01-01 23:46:34;867.0;1745675194;96.908;98.813;92.4;103.27;
1900-01-01 23:46:35;868.0;1745675195;96.891;98.879;92.306;103.27;
1900-01-01 23:46:36;869.0;1745675196;96.824;98.879;92.306;103.151;
1900-01-01 23:46:37;870.0;1745675197;96.824;98.827;92.249;103.22;
1900-01-01 23:46:38;871.0;1745675198;96.871;98.822;92.262;103.22;
1900-01-01 23:46:39;872.0;1745675199;96.774;98.822;92.262;103.202;
1900-01-01 23:46:40;873.0;1745675200;96.774;98.767;92.251;103.187;
1900-01-01 23:46:41;874.0;1745675201;96.82;98.834;92.251;103.187;
1900-01-01 23:46:42;875.0;1745675202;96.82;98.834;92.27;103.217;
1900-01-01 23:46:43;876.0;1745675203;96.792;98.836;92.267;103.217;
1900-01-01 23:46:44;877.0;1745675204;96.819;98.825;92.267;103.27;
1900-01-01 23:46:45;878.0;1745675205;96.819;98.825;92.298;103.183;
1900-01-01 23:46:46;879.0;1745675206;96.786;98.735;92.278;103.183;
1900-01-01 23:46:47;880.0;1745675207;96.764;98.747;92.278;103.26;
1900-01-01 23:46:48;881.0;1745675208;96.764;98.747;92.272;103.249;
1900-01-01 23:46:49;882.0;1745675209;96.856;98.618;92.329;103.249;
1900-01-01 23:46:51;883.0;1745675211;96.77;98.661;92.329;103.23;
1900-01-01 23:46:51;884.0;1745675211;96.77;98.661;92.381;103.163;
1900-01-01 23:46:52;885.0;1745675212;96.736;98.612;92.363;103.163;
1900-01-01 23:46:53;886.0;1745675213;96.779;98.612;92.363;103.18;
1900-01-01 23:46:54;887.0;1745675214;96.779;98.685;92.348;103.241;
1900-01-01 23:46:55;888.0;1745675215;96.78;98.636;92.348;103.241;
1900-01-01 23:46:56;889.0;1745675216;96.751;98.636;92.434;103.137;
1900-01-01 23:46:57;890.0;1745675217;96.751;98.651;92.383;103.253;
1900-01-01 23:46:58;891.0;1745675218;96.741;98.61;92.383;103.253;
1900-01-01 23:46:59;892.0;1745675219;96.741;98.61;92.351;103.19;
1900-01-01 23:47:00;893.0;1745675220;96.765;98.711;92.33;103.152;
1900-01-01 23:47:01;894.0;1745675221;96.74;98.622;92.33;103.152;
1900-01-01 23:47:02;895.0;1745675222;96.74;98.622;92.272;103.321;
1900-01-01 23:47:03;896.0;1745675223;96.68;98.68;92.29;103.321;
1900-01-01 23:47:04;897.0;1745675224;96.723;98.674;92.29;103.259;
1900-01-01 23:47:06;898.0;1745675226;96.684;98.674;92.321;103.277;
1900-01-01 23:47:06;899.0;1745675226;96.684;98.635;92.203;103.277;
1900-01-01 23:47:07;900.0;1745675227;96.678;98.623;92.203;103.269;
1900-01-01 23:47:08;901.0;1745675228;96.716;98.623;92.187;103.263;
1900-01-01 23:47:09;902.0;1745675229;96.716;98.577;92.068;103.263;
1900-01-01 23:47:10;903.0;1745675230;96.699;98.508;92.068;103.201;
1900-01-01 23:47:11;904.0;1745675231;96.699;98.508;92.102;103.234;
1900-01-01 23:47:12;905.0;1745675232;96.692;98.49;92.115;103.234;
1900-01-01 23:47:13;906.0;1745675233;96.685;98.49;92.115;103.199;
1900-01-01 23:47:14;907.0;1745675234;96.685;98.535;92.07;103.252;
1900-01-01 23:47:15;908.0;1745675235;96.617;98.478;92.07;103.252;
1900-01-01 23:47:16;909.0;1745675236;96.648;98.478;92.073;103.271;
1900-01-01 23:47:17;910.0;1745675237;96.648;98.429;92.133;103.235;
1900-01-01 23:47:18;911.0;1745675238;96.715;98.499;92.133;103.235;
1900-01-01 23:47:19;912.0;1745675239;96.708;98.499;92.059;103.279;
1900-01-01 23:47:20;913.0;1745675240;96.708;98.559;92.05;103.209;
1900-01-01 23:47:21;914.0;1745675241;96.628;98.518;92.05;103.209;
1900-01-01 23:47:22;915.0;1745675242;96.628;98.518;92.055;103.2;
1900-01-01 23:47:23;916.0;1745675243;96.615;98.481;91.908;103.148;
1900-01-01 23:47:24;917.0;1745675244;96.569;98.472;91.908;103.148;
1900-01-01 23:47:25;918.0;1745675245;96.569;98.472;91.785;103.22;
1900-01-01 23:47:26;919.0;1745675246;96.586;98.512;91.673;103.251;
1900-01-01 23:47:27;920.0;1745675247;96.548;98.491;91.673;103.251;
1900-01-01 23:47:28;921.0;1745675248;96.548;98.491;91.699;103.251;
1900-01-01 23:47:29;922.0;1745675249;96.585;98.514;91.736;103.251;
1900-01-01 23:47:30;923.0;1745675250;96.586;98.514;91.736;103.156;
1900-01-01 23:47:31;924.0;1745675251;96.586;98.456;91.733;103.206;
1900-01-01 23:47:32;925.0;1745675252;96.521;98.371;91.652;103.206;
1900-01-01 23:47:33;926.0;1745675253;96.468;98.371;91.652;103.202;
1900-01-01 23:47:34;927.0;1745675254;96.468;98.535;91.664;103.284;
1900-01-01 23:47:35;928.0;1745675255;96.561;98.448;91.762;103.284;
1900-01-01 23:47:36;929.0;1745675256;96.511;98.448;91.762;103.181;
1900-01-01 23:47:37;930.0;1745675257;96.511;98.459;91.737;103.145;
1900-01-01 23:47:38;931.0;1745675258;96.463;98.468;91.723;103.145;
1900-01-01 23:47:39;932.0;1745675259;96.402;98.468;91.723;103.137;
1900-01-01 23:47:40;933.0;1745675260;96.402;98.48;91.766;103.182;
1900-01-01 23:47:41;934.0;1745675261;96.356;98.548;91.709;103.182;
1900-01-01 23:47:42;935.0;1745675262;96.381;98.548;91.709;103.179;
1900-01-01 23:47:43;936.0;1745675263;96.381;98.471;91.655;103.286;
1900-01-01 23:47:44;937.0;1745675264;96.354;98.504;91.655;103.286;
1900-01-01 23:47:45;938.0;1745675265;96.398;98.504;91.576;103.202;
1900-01-01 23:47:46;939.0;1745675266;96.398;98.588;91.653;103.174;
1900-01-01 23:47:47;940.0;1745675267;96.379;98.495;91.653;103.174;
1900-01-01 23:47:48;941.0;1745675268;96.344;98.495;91.579;103.14;
1900-01-01 23:47:49;942.0;1745675269;96.344;98.504;91.71;103.14;
1900-01-01 23:47:50;943.0;1745675270;96.24;98.481;91.71;103.182;
1900-01-01 23:47:52;944.0;1745675272;96.25;98.481;91.739;103.204;
1900-01-01 23:47:52;945.0;1745675272;96.25;98.4;91.888;103.204;
1900-01-01 23:47:53;946.0;1745675273;96.297;98.45;91.888;103.185;
1900-01-01 23:47:54;947.0;1745675274;96.297;98.45;91.882;103.201;
1900-01-01 23:47:55;948.0;1745675275;96.282;98.389;91.981;103.201;
1900-01-01 23:47:56;949.0;1745675276;96.217;98.389;91.981;103.214;
1900-01-01 23:47:57;950.0;1745675277;96.217;98.421;92.061;103.241;
1900-01-01 23:47:59;951.0;1745675279;96.289;98.423;91.999;103.241;
1900-01-01 23:47:59;952.0;1745675279;96.232;98.423;91.999;103.208;
1900-01-01 23:48:00;953.0;1745675280;96.232;98.41;91.997;103.204;
1900-01-01 23:48:01;954.0;1745675281;96.225;98.501;91.882;103.204;
1900-01-01 23:48:02;955.0;1745675282;96.186;98.501;91.882;103.253;
1900-01-01 23:48:03;956.0;1745675283;96.186;98.424;91.817;103.183;
1900-01-01 23:48:04;957.0;1745675284;96.128;98.428;91.817;103.183;
1900-01-01 23:48:05;958.0;1745675285;96.179;98.428;91.755;103.228;
1900-01-01 23:48:06;959.0;1745675286;96.179;98.377;91.796;103.214;
1900-01-01 23:48:07;960.0;1745675287;96.183;98.402;91.796;103.214;
1900-01-01 23:48:08;961.0;1745675288;96.183;98.402;91.641;103.198;
1900-01-01 23:48:09;962.0;1745675289;96.187;98.404;91.562;103.198;
1900-01-01 23:48:10;963.0;1745675290;96.125;98.404;91.562;103.223;
1900-01-01 23:48:11;964.0;1745675291;96.125;98.397;91.544;103.268;
1900-01-01 23:48:12;965.0;1745675292;96.145;98.35;91.55;103.268;
1900-01-01 23:48:14;966.0;1745675294;96.147;98.415;91.55;103.143;
1900-01-01 23:48:14;967.0;1745675294;96.147;98.415;91.539;103.211;
1900-01-01 23:48:15;968.0;1745675295;96.113;98.431;91.504;103.211;
1900-01-01 23:48:16;969.0;1745675296;96.14;98.431;91.504;103.271;
1900-01-01 23:48:17;970.0;1745675297;96.14;98.294;91.524;103.25;
1900-01-01 23:48:18;971.0;1745675298;96.077;98.272;91.485;103.25;
1900-01-01 23:48:19;972.0;1745675299;96.03;98.272;91.485;103.291;
1900-01-01 23:48:20;973.0;1745675300;96.03;98.329;91.437;103.213;
1900-01-01 23:48:21;974.0;1745675301;96.018;98.308;91.537;103.213;
1900-01-01 23:48:22;975.0;1745675302;95.963;98.308;91.537;103.275;
1900-01-01 23:48:23;976.0;1745675303;95.963;98.313;91.457;103.263;
1900-01-01 23:48:24;977.0;1745675304;96.013;98.267;91.463;103.263;
1900-01-01 23:48:25;978.0;1745675305;96.069;98.267;91.463;103.251;
1900-01-01 23:48:26;979.0;1745675306;96.069;98.267;91.274;103.23;
1900-01-01 23:48:27;980.0;1745675307;95.948;98.371;91.252;103.23;
1900-01-01 23:48:28;981.0;1745675308;95.897;98.371;91.252;103.114;
1900-01-01 23:48:29;982.0;1745675309;95.897;98.361;91.305;103.114;
1900-01-01 23:48:30;983.0;1745675310;95.906;98.318;91.305;103.185;
1900-01-01 23:48:32;984.0;1745675312;95.849;98.318;91.212;103.257;
1900-01-01 23:48:32;985.0;1745675312;95.849;98.326;90.997;103.257;
1900-01-01 23:48:33;986.0;1745675313;95.705;98.238;90.997;103.141;
1900-01-01 23:48:34;987.0;1745675314;95.705;98.238;90.997;103.178;
1900-01-01 23:48:35;988.0;1745675315;95.725;98.303;90.895;103.178;
1900-01-01 23:48:36;989.0;1745675316;95.651;98.266;90.895;103.134;
1900-01-01 23:48:37;990.0;1745675317;95.651;98.266;90.794;103.152;
1900-01-01 23:48:38;991.0;1745675318;95.644;98.21;90.885;103.152;
1900-01-01 23:48:39;992.0;1745675319;95.698;98.21;90.885;103.182;
1900-01-01 23:48:40;993.0;1745675320;95.698;98.266;90.819;103.153;
1900-01-01 23:48:41;994.0;1745675321;95.563;98.201;90.819;103.153;
1900-01-01 23:48:42;995.0;1745675322;95.642;98.201;90.808;103.198;
1900-01-01 23:48:43;996.0;1745675323;95.642;98.232;90.789;103.198;
1900-01-01 23:48:44;997.0;1745675324;95.611;98.214;90.789;103.183;
1900-01-01 23:48:45;998.0;1745675325;95.629;98.214;90.785;103.252;
1900-01-01 23:48:46;999.0;1745675326;95.629;98.219;90.753;103.284;
1900-01-01 23:48:47;1000.0;1745675327;95.568;98.259;90.753;103.284;
1900-01-01 23:48:48;1001.0;1745675328;95.568;98.259;90.738;103.164;
1900-01-01 23:48:49;1002.0;1745675329;95.602;98.167;90.649;103.164;
1900-01-01 23:48:50;1003.0;1745675330;95.531;98.156;90.649;103.234;
1900-01-01 23:48:51;1004.0;1745675331;95.432;98.156;90.546;103.295;
1900-01-01 23:48:52;1005.0;1745675332;95.432;98.159;90.529;103.295;
1900-01-01 23:48:53;1006.0;1745675333;95.371;98.112;90.529;103.198;
1900-01-01 23:48:54;1007.0;1745675334;95.371;98.112;90.568;103.234;
1900-01-01 23:48:55;1008.0;1745675335;95.271;98.192;90.607;103.234;
1900-01-01 23:48:56;1009.0;1745675336;95.215;98.192;90.607;103.177;
1900-01-01 23:48:57;1010.0;1745675337;95.215;98.188;90.508;103.224;
1900-01-01 23:48:58;1011.0;1745675338;95.157;98.13;90.448;103.224;
1900-01-01 23:48:59;1012.0;1745675339;95.053;98.144;90.448;103.223;
1900-01-01 23:49:00;1013.0;1745675340;95.053;98.144;90.489;103.174;
1900-01-01 23:49:01;1014.0;1745675341;95.033;98.19;90.454;103.174;
1900-01-01 23:49:02;1015.0;1745675342;94.893;98.19;90.454;103.266;
1900-01-01 23:49:04;1016.0;1745675344;94.893;98.187;90.649;103.29;
1900-01-01 23:49:04;1017.0;1745675344;94.904;98.102;90.649;103.29;
1900-01-01 23:49:05;1018.0;1745675345;94.939;98.102;90.596;103.237;
1900-01-01 23:49:06;1019.0;1745675346;94.939;98.073;90.828;103.165;
1900-01-01 23:49:07;1020.0;1745675347;94.887;98.087;90.828;103.165;
1900-01-01 23:49:08;1021.0;1745675348;94.875;98.087;90.748;103.148;
1900-01-01 23:49:09;1022.0;1745675349;94.875;98.133;90.822;103.193;
1900-01-01 23:49:10;1023.0;1745675350;94.933;98.176;90.935;103.193;
1900-01-01 23:49:11;1024.0;1745675351;94.986;98.176;90.935;103.182;
1900-01-01 23:49:12;1025.0;1745675352;94.986;98.164;90.961;103.245;
1900-01-01 23:49:13;1026.0;1745675353;95.004;98.09;90.961;103.245;
1900-01-01 23:49:14;1027.0;1745675354;94.987;98.09;91.024;103.208;
1900-01-01 23:49:15;1028.0;1745675355;94.987;98.134;91.004;103.169;
1900-01-01 23:49:16;1029.0;1745675356;94.86;98.123;90.973;103.169;
1900-01-01 23:49:17;1030.0;1745675357;94.869;98.123;90.973;103.21;
1900-01-01 23:49:18;1031.0;1745675358;94.869;98.087;91.024;103.111;
1900-01-01 23:49:19;1032.0;1745675359;94.967;98.138;90.966;103.111;
1900-01-01 23:49:20;1033.0;1745675360;95.048;98.138;90.966;103.141;
1900-01-01 23:49:21;1034.0;1745675361;95.048;97.988;90.989;103.177;
1900-01-01 23:49:22;1035.0;1745675362;95.018;98.046;90.989;103.177;
1900-01-01 23:49:23;1036.0;1745675363;95.009;98.046;90.935;103.245;
1900-01-01 23:49:24;1037.0;1745675364;95.009;98.116;90.937;103.143;
1900-01-01 23:49:25;1038.0;1745675365;95.1;98.071;90.816;103.143;
1900-01-01 23:49:26;1039.0;1745675366;95.127;98.071;90.816;103.142;
1900-01-01 23:49:27;1040.0;1745675367;95.127;98.128;90.624;103.168;
1900-01-01 23:49:28;1041.0;1745675368;95.065;98.083;90.624;103.168;
1900-01-01 23:49:29;1042.0;1745675369;95.102;98.083;90.593;103.173;
1900-01-01 23:49:30;1043.0;1745675370;95.102;98.074;90.446;103.165;
1900-01-01 23:49:31;1044.0;1745675371;95.115;98.075;90.446;103.165;
1900-01-01 23:49:32;1045.0;1745675372;95.098;98.075;90.406;103.137;
1900-01-01 23:49:33;1046.0;1745675373;95.098;98.028;90.416;103.207;
1900-01-01 23:49:34;1047.0;1745675374;95.129;97.974;90.416;103.207;
1900-01-01 23:49:35;1048.0;1745675375;95.129;97.974;90.307;103.22;
1900-01-01 23:49:36;1049.0;1745675376;95.09;97.93;90.18;103.22;
1900-01-01 23:49:37;1050.0;1745675377;95.007;97.979;90.18;103.144;
1900-01-01 23:49:38;1051.0;1745675378;94.985;97.979;90.057;103.183;
1900-01-01 23:49:40;1052.0;1745675380;94.985;97.97;89.969;103.254;
1900-01-01 23:49:40;1053.0;1745675380;94.864;97.98;89.969;103.254;
1900-01-01 23:49:41;1054.0;1745675381;94.864;97.98;89.909;103.108;
1900-01-01 23:49:42;1055.0;1745675382;94.764;97.865;89.876;103.108;
1900-01-01 23:49:43;1056.0;1745675383;94.678;97.865;89.876;103.308;
1900-01-01 23:49:44;1057.0;1745675384;94.678;97.984;89.758;103.189;
1900-01-01 23:49:45;1058.0;1745675385;94.584;97.986;89.726;103.189;
1900-01-01 23:49:46;1059.0;1745675386;94.613;97.986;89.726;103.27;
1900-01-01 23:49:47;1060.0;1745675387;94.613;97.948;89.657;103.263;
1900-01-01 23:49:48;1061.0;1745675388;94.537;97.92;89.657;103.263;
1900-01-01 23:49:49;1062.0;1745675389;94.472;97.92;89.678;103.226;
1900-01-01 23:49:50;1063.0;1745675390;94.472;97.953;89.642;103.218;
1900-01-01 23:49:51;1064.0;1745675391;94.495;97.932;89.642;103.218;
1900-01-01 23:49:52;1065.0;1745675392;94.518;97.932;89.713;103.196;
1900-01-01 23:49:53;1066.0;1745675393;94.518;97.897;89.843;103.181;
1900-01-01 23:49:54;1067.0;1745675394;94.495;97.867;89.843;103.181;
1900-01-01 23:49:55;1068.0;1745675395;94.495;97.867;89.771;103.203;
1900-01-01 23:49:56;1069.0;1745675396;94.48;97.887;89.717;103.159;
1900-01-01 23:49:57;1070.0;1745675397;94.451;97.859;89.717;103.159;
1900-01-01 23:49:58;1071.0;1745675398;94.543;97.859;89.745;103.164;
1900-01-01 23:49:59;1072.0;1745675399;94.543;97.895;89.681;103.164;
1900-01-01 23:50:00;1073.0;1745675400;94.583;97.872;89.681;103.184;
1900-01-01 23:50:01;1074.0;1745675401;94.631;97.872;89.697;103.234;
1900-01-01 23:50:02;1075.0;1745675402;94.631;97.898;89.625;103.234;
1900-01-01 23:50:03;1076.0;1745675403;94.724;97.969;89.625;103.153;
1900-01-01 23:50:04;1077.0;1745675404;94.724;97.969;89.568;103.184;
1900-01-01 23:50:05;1078.0;1745675405;94.791;97.848;89.603;103.184;
1900-01-01 23:50:06;1079.0;1745675406;94.774;97.905;89.603;103.22;
1900-01-01 23:50:07;1080.0;1745675407;94.774;97.905;89.765;103.113;
1900-01-01 23:50:08;1081.0;1745675408;94.827;97.801;89.818;103.113;
1900-01-01 23:50:09;1082.0;1745675409;94.807;97.801;89.818;103.279;
1900-01-01 23:50:10;1083.0;1745675410;94.807;97.881;89.834;103.213;
1900-01-01 23:50:11;1084.0;1745675411;94.791;97.769;89.771;103.213;
1900-01-01 23:50:12;1085.0;1745675412;94.734;97.769;89.771;103.266;
1900-01-01 23:50:13;1086.0;1745675413;94.734;97.813;89.817;103.256;
1900-01-01 23:50:14;1087.0;1745675414;94.707;97.766;89.817;103.256;
1900-01-01 23:50:15;1088.0;1745675415;94.658;97.766;89.747;103.234;
1900-01-01 23:50:16;1089.0;1745675416;94.658;97.872;89.664;103.234;
1900-01-01 23:50:17;1090.0;1745675417;94.525;97.787;89.664;103.26;
1900-01-01 23:50:18;1091.0;1745675418;94.519;97.787;89.709;103.268;
1900-01-01 23:50:19;1092.0;1745675419;94.519;97.84;89.677;103.268;
1900-01-01 23:50:20;1093.0;1745675420;94.479;97.795;89.677;103.271;
1900-01-01 23:50:22;1094.0;1745675422;94.414;97.795;89.739;103.179;
1900-01-01 23:50:22;1095.0;1745675422;94.414;97.785;89.74;103.179;
1900-01-01 23:50:23;1096.0;1745675423;94.498;97.781;89.74;103.194;
1900-01-01 23:50:24;1097.0;1745675424;94.461;97.781;89.708;103.15;
1900-01-01 23:50:25;1098.0;1745675425;94.461;97.792;89.773;103.15;
1900-01-01 23:50:26;1099.0;1745675426;94.513;97.756;89.773;103.146;
1900-01-01 23:50:27;1100.0;1745675427;94.513;97.756;89.848;103.179;
1900-01-01 23:50:28;1101.0;1745675428;94.39;97.718;89.894;103.179;
1900-01-01 23:50:29;1102.0;1745675429;94.406;97.718;89.894;103.17;
1900-01-01 23:50:30;1103.0;1745675430;94.406;97.802;89.865;103.238;
1900-01-01 23:50:31;1104.0;1745675431;94.329;97.805;89.807;103.238;
1900-01-01 23:50:32;1105.0;1745675432;94.216;97.822;89.807;103.159;
1900-01-01 23:50:33;1106.0;1745675433;94.216;97.822;89.809;103.271;
1900-01-01 23:50:34;1107.0;1745675434;94.227;97.714;89.858;103.271;
1900-01-01 23:50:35;1108.0;1745675435;94.073;97.714;89.858;103.164;
1900-01-01 23:50:36;1109.0;1745675436;94.073;97.741;89.803;103.292;
1900-01-01 23:50:37;1110.0;1745675437;94.053;97.733;89.79;103.292;
1900-01-01 23:50:39;1111.0;1745675439;94.051;97.733;89.79;103.271;
1900-01-01 23:50:39;1112.0;1745675439;94.051;97.755;89.807;103.244;
1900-01-01 23:50:40;1113.0;1745675440;94.036;97.702;89.807;103.244;
1900-01-01 23:50:42;1114.0;1745675442;94.124;97.702;89.795;103.239;
1900-01-01 23:50:42;1115.0;1745675442;94.124;97.808;89.781;103.175;
1900-01-01 23:50:43;1116.0;1745675443;94.082;97.756;89.781;103.175;
1900-01-01 23:50:44;1117.0;1745675444;94.062;97.756;89.718;103.2;
1900-01-01 23:50:45;1118.0;1745675445;94.062;97.841;89.654;103.2;
1900-01-01 23:50:46;1119.0;1745675446;94.032;97.819;89.654;103.128;
1900-01-01 23:50:47;1120.0;1745675447;94.032;97.819;89.618;103.216;
1900-01-01 23:50:48;1121.0;1745675448;94.09;97.756;89.542;103.216;
1900-01-01 23:50:50;1122.0;1745675450;94.086;97.806;89.542;103.285;
1900-01-01 23:50:50;1123.0;1745675450;94.086;97.806;89.363;103.242;
1900-01-01 23:50:51;1124.0;1745675451;94.187;97.773;89.22;103.242;
1900-01-01 23:50:52;1125.0;1745675452;94.154;97.702;89.22;103.247;
1900-01-01 23:50:53;1126.0;1745675453;94.154;97.702;89.156;103.247;
1900-01-01 23:50:54;1127.0;1745675454;94.096;97.714;89.156;103.247;
1900-01-01 23:50:55;1128.0;1745675455;94.077;97.714;89.138;103.147;
1900-01-01 23:50:56;1129.0;1745675456;94.077;97.703;88.992;103.231;
1900-01-01 23:50:57;1130.0;1745675457;94.07;97.597;88.992;103.231;
1900-01-01 23:50:58;1131.0;1745675458;93.987;97.597;88.926;103.217;
1900-01-01 23:50:59;1132.0;1745675459;93.987;97.639;88.94;103.259;
1900-01-01 23:51:00;1133.0;1745675460;93.898;97.61;88.95;103.259;
1900-01-01 23:51:01;1134.0;1745675461;93.907;97.61;88.95;103.127;
1900-01-01 23:51:02;1135.0;1745675462;93.907;97.576;88.97;103.255;
1900-01-01 23:51:03;1136.0;1745675463;93.915;97.568;88.97;103.255;
1900-01-01 23:51:04;1137.0;1745675464;93.826;97.568;89.109;103.237;
1900-01-01 23:51:05;1138.0;1745675465;93.826;97.637;89.111;103.131;
1900-01-01 23:51:06;1139.0;1745675466;93.736;97.618;89.111;103.131;
1900-01-01 23:51:07;1140.0;1745675467;93.834;97.618;88.992;103.164;
1900-01-01 23:51:08;1141.0;1745675468;93.834;97.53;88.996;103.164;
1900-01-01 23:51:09;1142.0;1745675469;93.881;97.593;88.996;103.131;
1900-01-01 23:51:10;1143.0;1745675470;93.781;97.593;88.929;103.223;
1900-01-01 23:51:11;1144.0;1745675471;93.781;97.618;88.812;103.209;
1900-01-01 23:51:13;1145.0;1745675473;93.857;97.615;88.779;103.209;
1900-01-01 23:51:13;1146.0;1745675473;93.725;97.615;88.779;103.212;
1900-01-01 23:51:14;1147.0;1745675474;93.725;97.672;88.719;103.176;
1900-01-01 23:51:15;1148.0;1745675475;93.833;97.53;88.719;103.176;
1900-01-01 23:51:16;1149.0;1745675476;93.823;97.53;88.646;103.187;
1900-01-01 23:51:17;1150.0;1745675477;93.823;97.617;88.621;103.187;
1900-01-01 23:51:18;1151.0;1745675478;93.832;97.609;88.621;103.215;
1900-01-01 23:51:19;1152.0;1745675479;93.728;97.609;88.712;103.209;
1900-01-01 23:51:20;1153.0;1745675480;93.728;97.615;88.714;103.209;
1900-01-01 23:51:21;1154.0;1745675481;93.75;97.607;88.714;103.153;
1900-01-01 23:51:22;1155.0;1745675482;93.75;97.607;88.767;103.157;
1900-01-01 23:51:23;1156.0;1745675483;93.663;97.544;88.742;103.26;
1900-01-01 23:51:24;1157.0;1745675484;93.665;97.544;88.742;103.26;
1900-01-01 23:51:25;1158.0;1745675485;93.665;97.565;88.793;103.16;
1900-01-01 23:51:26;1159.0;1745675486;93.651;97.49;88.784;103.16;
1900-01-01 23:51:27;1160.0;1745675487;93.563;97.49;88.784;103.223;
1900-01-01 23:51:28;1161.0;1745675488;93.563;97.484;88.759;103.302;
1900-01-01 23:51:29;1162.0;1745675489;93.645;97.529;88.852;103.302;
1900-01-01 23:51:30;1163.0;1745675490;93.573;97.529;88.852;103.218;
1900-01-01 23:51:31;1164.0;1745675491;93.573;97.487;88.85;103.292;
1900-01-01 23:51:32;1165.0;1745675492;93.598;97.455;88.781;103.292;
1900-01-01 23:51:33;1166.0;1745675493;93.48;97.455;88.781;103.256;
1900-01-01 23:51:34;1167.0;1745675494;93.48;97.535;88.736;103.268;
1900-01-01 23:51:35;1168.0;1745675495;93.473;97.462;88.586;103.268;
1900-01-01 23:51:36;1169.0;1745675496;93.45;97.462;88.586;103.191;
1900-01-01 23:51:37;1170.0;1745675497;93.45;97.392;88.484;103.213;
1900-01-01 23:51:38;1171.0;1745675498;93.346;97.399;88.33;103.213;
1900-01-01 23:51:39;1172.0;1745675499;93.409;97.399;88.33;103.246;
1900-01-01 23:51:40;1173.0;1745675500;93.409;97.467;88.194;103.195;
1900-01-01 23:51:41;1174.0;1745675501;93.333;97.452;88.194;103.195;
1900-01-01 23:51:42;1175.0;1745675502;93.34;97.452;88.133;103.236;
1900-01-01 23:51:43;1176.0;1745675503;93.34;97.451;87.948;103.193;
1900-01-01 23:51:45;1177.0;1745675505;93.317;97.467;87.847;103.193;
1900-01-01 23:51:45;1178.0;1745675505;93.317;97.467;87.847;103.261;
1900-01-01 23:51:46;1179.0;1745675506;93.249;97.504;87.819;103.181;
1900-01-01 23:51:47;1180.0;1745675507;93.214;97.462;87.819;103.181;
1900-01-01 23:51:48;1181.0;1745675508;93.161;97.462;87.834;103.187;
1900-01-01 23:51:49;1182.0;1745675509;93.161;97.437;87.746;103.187;
1900-01-01 23:51:50;1183.0;1745675510;93.187;97.348;87.746;103.297;
1900-01-01 23:51:51;1184.0;1745675511;93.187;97.348;87.616;103.252;
1900-01-01 23:51:52;1185.0;1745675512;93.14;97.319;87.424;103.252;
1900-01-01 23:51:53;1186.0;1745675513;93.12;97.319;87.424;103.29;
1900-01-01 23:51:54;1187.0;1745675514;93.12;97.388;87.464;103.371;
1900-01-01 23:51:55;1188.0;1745675515;93.022;97.345;87.47;103.371;
1900-01-01 23:51:56;1189.0;1745675516;92.99;97.345;87.47;103.244;
1900-01-01 23:51:57;1190.0;1745675517;92.99;97.395;87.504;103.217;
1900-01-01 23:51:58;1191.0;1745675518;92.997;97.349;87.504;103.217;
1900-01-01 23:51:59;1192.0;1745675519;92.929;97.349;87.458;103.24;
1900-01-01 23:52:00;1193.0;1745675520;92.929;97.327;87.474;103.202;
1900-01-01 23:52:01;1194.0;1745675521;92.906;97.316;87.474;103.202;
1900-01-01 23:52:02;1195.0;1745675522;92.865;97.316;87.498;103.201;
1900-01-01 23:52:03;1196.0;1745675523;92.865;97.328;87.376;103.219;
1900-01-01 23:52:04;1197.0;1745675524;92.907;97.36;87.376;103.219;
1900-01-01 23:52:05;1198.0;1745675525;92.832;97.36;87.291;103.164;
1900-01-01 23:52:06;1199.0;1745675526;92.832;97.425;87.338;103.228;
1900-01-01 23:52:07;1200.0;1745675527;92.878;97.339;87.338;103.228;
