Time;Seconds from start for linreg;Unix Time;ch1 po2;ch2 po2;ch3 po2;ch4 po2;
1900-01-01 17:17:08;1.0;1745651828;99.366;102.205;98.045;112.847;
1900-01-01 17:17:08;2.0;1745651828;99.366;102.205;98.039;112.904;
1900-01-01 17:17:09;3.0;1745651829;99.347;102.126;98.086;112.904;
1900-01-01 17:17:10;4.0;1745651830;99.391;102.106;98.086;112.842;
1900-01-01 17:17:11;5.0;1745651831;99.391;102.106;98.12;112.878;
1900-01-01 17:17:12;6.0;1745651832;99.406;102.07;98.042;112.878;
1900-01-01 17:17:13;7.0;1745651833;99.398;102.07;98.042;112.907;
1900-01-01 17:17:14;8.0;1745651834;99.398;102.064;98.048;112.855;
1900-01-01 17:17:15;9.0;1745651835;99.361;102.038;98.048;112.855;
1900-01-01 17:17:16;10.0;1745651836;99.354;102.038;98.014;112.925;
1900-01-01 17:17:17;11.0;1745651837;99.354;102.074;98.066;112.86;
1900-01-01 17:17:18;12.0;1745651838;99.394;102.038;98.066;112.86;
1900-01-01 17:17:19;13.0;1745651839;99.19;102.038;98.022;112.81;
1900-01-01 17:17:20;14.0;1745651840;99.19;102.057;97.994;112.848;
1900-01-01 17:17:21;15.0;1745651841;99.178;101.995;97.994;112.848;
1900-01-01 17:17:22;16.0;1745651842;99.111;101.995;97.975;112.821;
1900-01-01 17:17:23;17.0;1745651843;99.111;102.057;98.102;112.858;
1900-01-01 17:17:24;18.0;1745651844;99.179;101.944;98.102;112.858;
1900-01-01 17:17:25;19.0;1745651845;99.196;101.944;97.977;112.873;
1900-01-01 17:17:26;20.0;1745651846;99.196;101.988;97.998;112.873;
1900-01-01 17:17:27;21.0;1745651847;99.171;102.045;97.998;112.922;
1900-01-01 17:17:28;22.0;1745651848;99.171;102.045;98.029;112.887;
1900-01-01 17:17:29;23.0;1745651849;99.205;101.916;97.992;112.964;
1900-01-01 17:17:31;24.0;1745651851;99.123;101.963;97.992;112.964;
1900-01-01 17:17:31;25.0;1745651851;99.123;101.963;98.015;112.791;
1900-01-01 17:17:32;26.0;1745651852;99.229;101.827;98.0;112.791;
1900-01-01 17:17:33;27.0;1745651853;99.189;101.719;98.0;112.877;
1900-01-01 17:17:34;28.0;1745651854;99.189;101.719;97.952;112.942;
1900-01-01 17:17:35;29.0;1745651855;99.313;101.709;97.974;112.942;
1900-01-01 17:17:36;30.0;1745651856;99.363;101.709;97.974;112.837;
1900-01-01 17:17:37;31.0;1745651857;99.363;101.845;98.0;112.931;
1900-01-01 17:17:38;32.0;1745651858;99.411;101.839;98.027;112.931;
1900-01-01 17:17:39;33.0;1745651859;99.248;101.839;98.027;112.836;
1900-01-01 17:17:40;34.0;1745651860;99.248;101.909;98.066;112.949;
1900-01-01 17:17:41;35.0;1745651861;99.316;101.876;98.044;112.949;
1900-01-01 17:17:42;36.0;1745651862;99.258;101.876;98.044;112.931;
1900-01-01 17:17:43;37.0;1745651863;99.258;101.855;98.05;112.823;
1900-01-01 17:17:44;38.0;1745651864;99.23;101.814;98.05;112.823;
1900-01-01 17:17:45;39.0;1745651865;99.193;101.814;98.086;112.885;
1900-01-01 17:17:46;40.0;1745651866;99.193;101.93;98.053;112.885;
1900-01-01 17:17:47;41.0;1745651867;99.137;101.864;98.053;112.868;
1900-01-01 17:17:49;42.0;1745651869;98.949;101.864;98.01;112.866;
1900-01-01 17:17:49;43.0;1745651869;98.949;101.947;98.114;112.866;
1900-01-01 17:17:50;44.0;1745651870;98.913;101.913;98.114;112.893;
1900-01-01 17:17:52;45.0;1745651872;98.828;101.913;98.017;112.929;
1900-01-01 17:17:52;46.0;1745651872;98.828;101.99;98.082;112.929;
1900-01-01 17:17:53;47.0;1745651873;98.71;101.98;98.082;112.925;
1900-01-01 17:17:54;48.0;1745651874;98.71;101.98;98.005;112.881;
1900-01-01 17:17:55;49.0;1745651875;98.783;101.9;97.999;112.881;
1900-01-01 17:17:56;50.0;1745651876;98.768;101.9;97.999;112.916;
1900-01-01 17:17:57;51.0;1745651877;98.768;101.8;98.005;112.823;
1900-01-01 17:17:58;52.0;1745651878;98.721;101.797;98.035;112.823;
1900-01-01 17:17:59;53.0;1745651879;98.757;101.939;98.035;112.883;
1900-01-01 17:18:00;54.0;1745651880;98.757;101.939;97.956;112.888;
1900-01-01 17:18:01;55.0;1745651881;98.886;101.792;98.047;112.888;
1900-01-01 17:18:02;56.0;1745651882;98.852;101.792;98.047;112.926;
1900-01-01 17:18:03;57.0;1745651883;98.852;101.901;97.93;112.855;
1900-01-01 17:18:04;58.0;1745651884;98.851;101.963;97.93;112.855;
1900-01-01 17:18:05;59.0;1745651885;98.837;101.963;97.928;112.896;
1900-01-01 17:18:06;60.0;1745651886;98.837;101.9;97.904;112.846;
1900-01-01 17:18:07;61.0;1745651887;98.842;102.009;97.904;112.846;
1900-01-01 17:18:08;62.0;1745651888;98.861;102.009;97.981;112.999;
1900-01-01 17:18:09;63.0;1745651889;98.861;102.002;97.974;112.897;
1900-01-01 17:18:10;64.0;1745651890;98.789;101.986;97.974;112.897;
1900-01-01 17:18:11;65.0;1745651891;98.828;101.986;97.923;112.83;
1900-01-01 17:18:12;66.0;1745651892;98.828;101.904;97.989;112.799;
1900-01-01 17:18:13;67.0;1745651893;98.817;101.941;97.989;112.799;
1900-01-01 17:18:14;68.0;1745651894;98.858;101.941;98.013;112.905;
1900-01-01 17:18:15;69.0;1745651895;98.858;102.003;97.996;112.905;
1900-01-01 17:18:16;70.0;1745651896;98.888;102.0;97.996;112.793;
1900-01-01 17:18:17;71.0;1745651897;98.888;102.0;97.969;112.944;
1900-01-01 17:18:19;72.0;1745651899;98.993;101.928;98.009;112.89;
1900-01-01 17:18:19;73.0;1745651899;98.926;101.947;98.009;112.89;
1900-01-01 17:18:20;74.0;1745651900;98.926;101.947;97.972;112.943;
1900-01-01 17:18:21;75.0;1745651901;98.883;101.862;98.027;112.943;
1900-01-01 17:18:22;76.0;1745651902;98.884;101.862;98.027;112.971;
1900-01-01 17:18:23;77.0;1745651903;98.884;101.812;98.031;112.978;
1900-01-01 17:18:24;78.0;1745651904;98.795;101.834;98.054;112.978;
1900-01-01 17:18:26;79.0;1745651906;98.744;101.834;98.054;112.844;
1900-01-01 17:18:26;80.0;1745651906;98.744;101.719;98.054;112.927;
1900-01-01 17:18:27;81.0;1745651907;98.661;101.631;98.021;112.927;
1900-01-01 17:18:28;82.0;1745651908;98.495;101.631;98.021;112.955;
1900-01-01 17:18:29;83.0;1745651909;98.495;101.61;98.025;112.921;
1900-01-01 17:18:30;84.0;1745651910;98.372;101.637;98.025;112.921;
1900-01-01 17:18:31;85.0;1745651911;98.256;101.637;98.031;112.812;
1900-01-01 17:18:32;86.0;1745651912;98.256;101.614;97.968;112.911;
1900-01-01 17:18:33;87.0;1745651913;98.164;101.611;98.06;112.911;
1900-01-01 17:18:34;88.0;1745651914;98.176;101.611;98.06;112.845;
1900-01-01 17:18:35;89.0;1745651915;98.176;101.639;98.095;112.898;
1900-01-01 17:18:36;90.0;1745651916;98.143;101.613;98.095;112.898;
1900-01-01 17:18:37;91.0;1745651917;98.214;101.613;98.032;112.958;
1900-01-01 17:18:38;92.0;1745651918;98.214;101.646;97.972;112.958;
1900-01-01 17:18:39;93.0;1745651919;98.193;101.604;97.972;112.768;
1900-01-01 17:18:41;94.0;1745651921;98.288;101.604;98.007;112.864;
1900-01-01 17:18:41;95.0;1745651921;98.288;101.606;98.092;112.864;
1900-01-01 17:18:42;96.0;1745651922;98.355;101.586;98.092;112.884;
1900-01-01 17:18:43;97.0;1745651923;98.355;101.586;97.973;112.959;
1900-01-01 17:18:44;98.0;1745651924;98.335;101.61;98.078;112.959;
1900-01-01 17:18:45;99.0;1745651925;98.256;101.537;98.078;112.844;
1900-01-01 17:18:46;100.0;1745651926;98.256;101.537;97.98;112.901;
1900-01-01 17:18:47;101.0;1745651927;98.236;101.608;98.09;112.901;
1900-01-01 17:18:48;102.0;1745651928;98.192;101.568;98.09;112.908;
1900-01-01 17:18:49;103.0;1745651929;98.192;101.568;98.1;112.875;
1900-01-01 17:18:50;104.0;1745651930;98.046;101.634;98.1;112.875;
1900-01-01 17:18:51;105.0;1745651931;98.105;101.634;97.998;112.803;
1900-01-01 17:18:52;106.0;1745651932;98.105;101.589;98.03;112.877;
1900-01-01 17:18:53;107.0;1745651933;98.091;101.523;98.03;112.877;
1900-01-01 17:18:54;108.0;1745651934;98.138;101.523;98.036;112.871;
1900-01-01 17:18:55;109.0;1745651935;98.138;101.58;97.995;112.871;
1900-01-01 17:18:56;110.0;1745651936;98.067;101.571;97.995;112.847;
1900-01-01 17:18:57;111.0;1745651937;98.105;101.571;98.053;112.891;
1900-01-01 17:18:58;112.0;1745651938;98.105;101.575;97.965;112.891;
1900-01-01 17:18:59;113.0;1745651939;98.065;101.521;97.965;112.91;
1900-01-01 17:19:00;114.0;1745651940;98.065;101.521;97.949;112.875;
1900-01-01 17:19:01;115.0;1745651941;98.066;101.587;98.0;112.875;
1900-01-01 17:19:02;116.0;1745651942;98.022;101.587;98.0;112.987;
1900-01-01 17:19:03;117.0;1745651943;98.022;101.569;97.973;112.835;
1900-01-01 17:19:04;118.0;1745651944;98.018;101.661;97.995;112.835;
1900-01-01 17:19:05;119.0;1745651945;98.0;101.604;97.995;112.818;
1900-01-01 17:19:06;120.0;1745651946;98.0;101.604;97.914;112.826;
1900-01-01 17:19:07;121.0;1745651947;97.938;101.584;97.907;112.826;
1900-01-01 17:19:08;122.0;1745651948;97.974;101.663;97.907;112.929;
1900-01-01 17:19:09;123.0;1745651949;97.974;101.663;97.857;112.815;
1900-01-01 17:19:10;124.0;1745651950;97.976;101.611;97.908;112.815;
1900-01-01 17:19:11;125.0;1745651951;97.955;101.611;97.908;112.907;
1900-01-01 17:19:12;126.0;1745651952;97.955;101.55;97.911;112.863;
1900-01-01 17:19:13;127.0;1745651953;98.006;101.452;97.905;112.863;
1900-01-01 17:19:14;128.0;1745651954;98.017;101.407;97.905;112.888;
1900-01-01 17:19:15;129.0;1745651955;98.017;101.407;97.916;112.841;
1900-01-01 17:19:16;130.0;1745651956;98.059;101.363;97.954;112.841;
1900-01-01 17:19:17;131.0;1745651957;98.099;101.363;97.954;112.921;
1900-01-01 17:19:18;132.0;1745651958;98.099;101.289;97.947;112.873;
1900-01-01 17:19:19;133.0;1745651959;98.031;101.403;97.88;112.873;
1900-01-01 17:19:20;134.0;1745651960;98.022;101.436;97.88;112.9;
1900-01-01 17:19:21;135.0;1745651961;98.022;101.436;97.954;112.853;
1900-01-01 17:19:22;136.0;1745651962;97.91;101.384;97.982;112.853;
1900-01-01 17:19:23;137.0;1745651963;97.827;101.384;97.982;112.891;
1900-01-01 17:19:24;138.0;1745651964;97.827;101.562;98.054;112.97;
1900-01-01 17:19:25;139.0;1745651965;97.811;101.426;97.974;112.97;
1900-01-01 17:19:26;140.0;1745651966;97.785;101.426;97.974;112.814;
1900-01-01 17:19:27;141.0;1745651967;97.785;101.504;98.028;112.813;
1900-01-01 17:19:29;142.0;1745651969;97.665;101.486;97.952;112.813;
1900-01-01 17:19:29;143.0;1745651969;97.699;101.486;97.952;112.848;
1900-01-01 17:19:30;144.0;1745651970;97.699;101.451;97.971;112.885;
1900-01-01 17:19:31;145.0;1745651971;97.716;101.489;97.96;112.885;
1900-01-01 17:19:32;146.0;1745651972;97.721;101.489;97.96;112.888;
1900-01-01 17:19:33;147.0;1745651973;97.721;101.488;98.059;112.927;
1900-01-01 17:19:34;148.0;1745651974;97.747;101.443;98.059;112.927;
1900-01-01 17:19:35;149.0;1745651975;97.759;101.443;98.016;112.843;
1900-01-01 17:19:36;150.0;1745651976;97.759;101.419;97.989;112.843;
1900-01-01 17:19:37;151.0;1745651977;97.768;101.476;97.989;112.866;
1900-01-01 17:19:38;152.0;1745651978;97.836;101.476;98.04;112.984;
1900-01-01 17:19:39;153.0;1745651979;97.836;101.469;98.02;112.872;
1900-01-01 17:19:40;154.0;1745651980;97.852;101.369;98.02;112.872;
1900-01-01 17:19:41;155.0;1745651981;97.852;101.369;98.044;112.918;
1900-01-01 17:19:42;156.0;1745651982;97.815;101.337;98.006;112.894;
1900-01-01 17:19:43;157.0;1745651983;97.757;101.253;98.006;112.894;
1900-01-01 17:19:44;158.0;1745651984;97.757;101.253;98.021;112.897;
1900-01-01 17:19:45;159.0;1745651985;97.71;101.262;97.977;112.876;
1900-01-01 17:19:46;160.0;1745651986;97.549;101.225;97.977;112.876;
1900-01-01 17:19:47;161.0;1745651987;97.549;101.225;97.978;113.039;
1900-01-01 17:19:48;162.0;1745651988;97.576;101.206;98.002;113.039;
1900-01-01 17:19:49;163.0;1745651989;97.5;101.206;98.002;112.863;
1900-01-01 17:19:50;164.0;1745651990;97.5;101.313;97.969;112.882;
1900-01-01 17:19:51;165.0;1745651991;97.486;101.272;98.018;112.882;
1900-01-01 17:19:52;166.0;1745651992;97.453;101.272;98.018;112.858;
1900-01-01 17:19:53;167.0;1745651993;97.453;101.263;98.007;112.827;
1900-01-01 17:19:54;168.0;1745651994;97.433;101.256;98.007;112.827;
1900-01-01 17:19:55;169.0;1745651995;97.344;101.256;97.983;112.87;
1900-01-01 17:19:56;170.0;1745651996;97.344;101.184;98.032;112.95;
1900-01-01 17:19:57;171.0;1745651997;97.363;101.118;98.032;112.95;
1900-01-01 17:19:58;172.0;1745651998;97.275;101.118;98.012;112.965;
1900-01-01 17:19:59;173.0;1745651999;97.275;101.196;98.083;112.816;
1900-01-01 17:20:00;174.0;1745652000;97.2;101.222;98.083;112.816;
1900-01-01 17:20:01;175.0;1745652001;97.268;101.222;98.009;112.817;
1900-01-01 17:20:02;176.0;1745652002;97.268;101.134;98.098;112.855;
1900-01-01 17:20:03;177.0;1745652003;97.324;101.158;98.098;112.855;
1900-01-01 17:20:04;178.0;1745652004;97.324;101.158;98.019;112.762;
1900-01-01 17:20:05;179.0;1745652005;97.332;101.125;98.058;112.762;
1900-01-01 17:20:06;180.0;1745652006;97.261;101.082;98.058;112.882;
1900-01-01 17:20:07;181.0;1745652007;97.218;101.082;98.064;112.754;
1900-01-01 17:20:08;182.0;1745652008;97.218;101.15;97.981;112.754;
1900-01-01 17:20:09;183.0;1745652009;97.323;101.044;97.981;112.82;
1900-01-01 17:20:10;184.0;1745652010;97.285;101.044;98.064;112.777;
1900-01-01 17:20:11;185.0;1745652011;97.285;101.115;98.031;112.777;
1900-01-01 17:20:12;186.0;1745652012;97.228;101.211;98.031;112.802;
1900-01-01 17:20:13;187.0;1745652013;97.228;101.211;97.959;112.824;
1900-01-01 17:20:14;188.0;1745652014;97.235;101.088;97.934;112.824;
1900-01-01 17:20:15;189.0;1745652015;97.164;101.088;97.934;112.893;
1900-01-01 17:20:16;190.0;1745652016;97.164;101.019;97.92;112.732;
1900-01-01 17:20:17;191.0;1745652017;97.17;101.102;97.92;112.732;
1900-01-01 17:20:18;192.0;1745652018;97.186;101.102;97.934;112.937;
1900-01-01 17:20:19;193.0;1745652019;97.186;101.098;97.913;112.854;
1900-01-01 17:20:20;194.0;1745652020;97.184;101.167;97.913;112.854;
1900-01-01 17:20:21;195.0;1745652021;97.142;101.167;98.006;112.837;
1900-01-01 17:20:22;196.0;1745652022;97.142;101.182;97.97;112.859;
1900-01-01 17:20:23;197.0;1745652023;97.117;101.147;97.97;112.859;
1900-01-01 17:20:24;198.0;1745652024;97.117;101.147;97.921;112.854;
1900-01-01 17:20:25;199.0;1745652025;97.038;101.117;97.968;112.854;
1900-01-01 17:20:26;200.0;1745652026;97.019;101.108;97.968;112.821;
1900-01-01 17:20:28;201.0;1745652028;97.023;101.108;97.98;112.833;
1900-01-01 17:20:28;202.0;1745652028;97.023;101.195;98.003;112.833;
1900-01-01 17:20:30;203.0;1745652030;96.988;101.205;98.003;112.893;
1900-01-01 17:20:30;204.0;1745652030;96.988;101.205;97.958;112.934;
1900-01-01 17:20:31;205.0;1745652031;96.956;101.085;98.031;112.934;
1900-01-01 17:20:32;206.0;1745652032;96.831;101.085;98.031;112.951;
1900-01-01 17:20:33;207.0;1745652033;96.831;101.075;98.063;112.782;
1900-01-01 17:20:34;208.0;1745652034;96.863;101.082;98.102;112.782;
1900-01-01 17:20:36;209.0;1745652036;96.826;101.066;98.102;112.923;
1900-01-01 17:20:36;210.0;1745652036;96.826;101.066;98.099;112.869;
1900-01-01 17:20:37;211.0;1745652037;96.858;101.027;98.01;112.869;
1900-01-01 17:20:38;212.0;1745652038;96.814;101.027;98.01;112.86;
1900-01-01 17:20:39;213.0;1745652039;96.814;100.795;98.028;112.813;
1900-01-01 17:20:40;214.0;1745652040;96.825;100.886;98.085;112.813;
1900-01-01 17:20:41;215.0;1745652041;96.859;100.886;98.085;112.889;
1900-01-01 17:20:42;216.0;1745652042;96.859;100.867;98.033;112.87;
1900-01-01 17:20:44;217.0;1745652044;96.774;100.886;98.048;112.87;
1900-01-01 17:20:44;218.0;1745652044;96.841;100.886;98.048;112.828;
1900-01-01 17:20:45;219.0;1745652045;96.841;100.843;98.092;112.882;
1900-01-01 17:20:46;220.0;1745652046;96.806;100.815;98.056;112.882;
1900-01-01 17:20:48;221.0;1745652048;96.755;100.815;98.056;112.884;
1900-01-01 17:20:48;222.0;1745652048;96.755;100.793;98.003;112.884;
1900-01-01 17:20:49;223.0;1745652049;96.776;100.822;98.003;112.87;
1900-01-01 17:20:51;224.0;1745652051;96.703;100.822;98.091;112.887;
1900-01-01 17:20:51;225.0;1745652051;96.703;100.924;98.096;112.887;
1900-01-01 17:20:52;226.0;1745652052;96.727;100.83;98.096;112.867;
1900-01-01 17:20:53;227.0;1745652053;96.573;100.83;97.991;112.943;
1900-01-01 17:20:54;228.0;1745652054;96.573;100.752;97.985;112.943;
1900-01-01 17:20:55;229.0;1745652055;96.581;100.852;97.985;112.911;
1900-01-01 17:20:56;230.0;1745652056;96.581;100.852;98.024;112.814;
1900-01-01 17:20:57;231.0;1745652057;96.508;100.799;97.989;112.814;
1900-01-01 17:20:58;232.0;1745652058;96.618;100.829;97.989;112.861;
1900-01-01 17:20:59;233.0;1745652059;96.618;100.829;97.961;112.824;
1900-01-01 17:21:00;234.0;1745652060;96.556;100.864;97.989;112.824;
1900-01-01 17:21:01;235.0;1745652061;96.471;100.864;97.989;112.839;
1900-01-01 17:21:02;236.0;1745652062;96.471;100.898;97.956;112.828;
1900-01-01 17:21:03;237.0;1745652063;96.446;100.768;97.956;112.828;
1900-01-01 17:21:04;238.0;1745652064;96.453;100.768;98.037;112.912;
1900-01-01 17:21:05;239.0;1745652065;96.453;100.842;98.01;112.912;
1900-01-01 17:21:06;240.0;1745652066;96.455;100.766;98.01;112.883;
1900-01-01 17:21:07;241.0;1745652067;96.451;100.766;97.997;112.846;
1900-01-01 17:21:08;242.0;1745652068;96.451;100.665;97.959;112.846;
1900-01-01 17:21:09;243.0;1745652069;96.486;100.624;97.959;112.842;
1900-01-01 17:21:10;244.0;1745652070;96.486;100.624;98.035;112.776;
1900-01-01 17:21:11;245.0;1745652071;96.576;100.635;97.997;112.776;
1900-01-01 17:21:12;246.0;1745652072;96.47;100.635;97.997;112.836;
1900-01-01 17:21:13;247.0;1745652073;96.47;100.536;97.994;112.77;
1900-01-01 17:21:14;248.0;1745652074;96.521;100.629;97.946;112.77;
1900-01-01 17:21:15;249.0;1745652075;96.505;100.643;97.946;112.872;
1900-01-01 17:21:16;250.0;1745652076;96.505;100.643;97.936;112.787;
1900-01-01 17:21:17;251.0;1745652077;96.42;100.705;97.909;112.787;
1900-01-01 17:21:18;252.0;1745652078;96.472;100.786;97.909;112.778;
1900-01-01 17:21:19;253.0;1745652079;96.472;100.786;97.975;112.879;
1900-01-01 17:21:20;254.0;1745652080;96.337;100.804;97.975;112.879;
1900-01-01 17:21:21;255.0;1745652081;96.423;100.804;97.875;112.887;
1900-01-01 17:21:22;256.0;1745652082;96.423;100.881;97.895;112.844;
1900-01-01 17:21:23;257.0;1745652083;96.335;100.778;97.895;112.844;
1900-01-01 17:21:24;258.0;1745652084;96.334;100.778;97.929;112.832;
1900-01-01 17:21:25;259.0;1745652085;96.334;100.762;97.852;112.924;
1900-01-01 17:21:26;260.0;1745652086;96.33;100.796;97.852;112.924;
1900-01-01 17:21:27;261.0;1745652087;96.381;100.796;97.909;112.816;
1900-01-01 17:21:28;262.0;1745652088;96.381;100.687;97.825;112.823;
1900-01-01 17:21:29;263.0;1745652089;96.359;100.68;97.825;112.823;
1900-01-01 17:21:30;264.0;1745652090;96.359;100.68;97.882;112.811;
1900-01-01 17:21:31;265.0;1745652091;96.454;100.637;97.86;112.811;
1900-01-01 17:21:33;266.0;1745652093;96.466;100.662;97.86;112.871;
1900-01-01 17:21:33;267.0;1745652093;96.466;100.662;97.883;112.847;
1900-01-01 17:21:34;268.0;1745652094;96.379;100.72;97.908;112.847;
1900-01-01 17:21:36;269.0;1745652096;96.329;100.785;97.908;112.845;
1900-01-01 17:21:36;270.0;1745652096;96.329;100.785;97.938;112.755;
1900-01-01 17:21:37;271.0;1745652097;96.113;100.778;97.953;112.755;
1900-01-01 17:21:38;272.0;1745652098;95.935;100.778;97.953;112.904;
1900-01-01 17:21:39;273.0;1745652099;95.935;100.662;97.947;112.851;
1900-01-01 17:21:40;274.0;1745652100;95.807;100.711;97.898;112.851;
1900-01-01 17:21:41;275.0;1745652101;95.823;100.711;97.898;112.816;
1900-01-01 17:21:42;276.0;1745652102;95.823;100.696;97.896;112.816;
1900-01-01 17:21:43;277.0;1745652103;95.818;100.645;97.969;112.816;
1900-01-01 17:21:44;278.0;1745652104;95.76;100.645;97.969;112.79;
1900-01-01 17:21:45;279.0;1745652105;95.76;100.697;97.927;112.87;
1900-01-01 17:21:46;280.0;1745652106;95.915;100.629;97.927;112.87;
1900-01-01 17:21:47;281.0;1745652107;95.831;100.629;97.875;112.858;
1900-01-01 17:21:48;282.0;1745652108;95.831;100.575;97.902;112.794;
1900-01-01 17:21:49;283.0;1745652110;95.753;100.554;97.853;112.794;
1900-01-01 17:21:50;284.0;1745652110;95.828;100.554;97.853;112.821;
1900-01-01 17:21:51;285.0;1745652111;95.828;100.585;97.864;112.927;
1900-01-01 17:21:52;286.0;1745652112;95.837;100.552;97.864;112.927;
1900-01-01 17:21:53;287.0;1745652113;95.819;100.552;97.939;112.869;
1900-01-01 17:21:54;288.0;1745652114;95.819;100.644;97.84;112.79;
1900-01-01 17:21:55;289.0;1745652115;95.911;100.606;97.84;112.79;
1900-01-01 17:21:56;290.0;1745652116;95.849;100.606;97.917;112.854;
1900-01-01 17:21:57;291.0;1745652117;95.849;100.579;97.956;112.854;
1900-01-01 17:21:58;292.0;1745652118;95.789;100.568;97.956;112.825;
1900-01-01 17:21:59;293.0;1745652119;95.789;100.568;97.885;112.779;
1900-01-01 17:22:00;294.0;1745652120;95.745;100.512;97.886;112.779;
1900-01-01 17:22:01;295.0;1745652121;95.645;100.529;97.886;112.82;
1900-01-01 17:22:02;296.0;1745652122;95.645;100.529;97.939;112.796;
1900-01-01 17:22:03;297.0;1745652123;95.711;100.565;97.935;112.796;
1900-01-01 17:22:04;298.0;1745652124;95.632;100.565;97.935;112.762;
1900-01-01 17:22:05;299.0;1745652125;95.632;100.473;97.86;112.858;
1900-01-01 17:22:07;300.0;1745652127;95.701;100.41;97.932;112.858;
1900-01-01 17:22:07;301.0;1745652127;95.684;100.41;97.932;112.816;
1900-01-01 17:22:08;302.0;1745652128;95.684;100.449;97.905;112.823;
1900-01-01 17:22:09;303.0;1745652129;95.676;100.397;97.905;112.823;
1900-01-01 17:22:10;304.0;1745652130;95.567;100.397;97.938;112.778;
1900-01-01 17:22:11;305.0;1745652131;95.567;100.399;97.915;112.846;
1900-01-01 17:22:12;306.0;1745652132;95.494;100.325;97.915;112.846;
1900-01-01 17:22:13;307.0;1745652133;95.412;100.325;97.893;112.857;
1900-01-01 17:22:14;308.0;1745652134;95.412;100.406;97.873;112.812;
1900-01-01 17:22:15;309.0;1745652135;95.358;100.354;97.873;112.812;
1900-01-01 17:22:16;310.0;1745652136;95.358;100.354;97.926;112.873;
1900-01-01 17:22:17;311.0;1745652137;95.297;100.323;97.934;112.797;
1900-01-01 17:22:18;312.0;1745652138;95.361;100.307;97.934;112.797;
1900-01-01 17:22:19;313.0;1745652139;95.361;100.307;97.906;112.938;
1900-01-01 17:22:20;314.0;1745652140;95.342;100.301;97.854;112.938;
1900-01-01 17:22:21;315.0;1745652141;95.44;100.343;97.854;112.769;
1900-01-01 17:22:22;316.0;1745652142;95.44;100.343;97.88;112.867;
1900-01-01 17:22:23;317.0;1745652143;95.393;100.343;97.893;112.867;
1900-01-01 17:22:24;318.0;1745652144;95.423;100.362;97.893;112.832;
1900-01-01 17:22:25;319.0;1745652145;95.423;100.362;97.916;112.875;
1900-01-01 17:22:26;320.0;1745652146;95.426;100.285;97.826;112.875;
1900-01-01 17:22:27;321.0;1745652147;95.42;100.285;97.826;112.822;
1900-01-01 17:22:28;322.0;1745652148;95.42;100.355;97.869;112.836;
1900-01-01 17:22:29;323.0;1745652149;95.453;100.341;97.91;112.836;
1900-01-01 17:22:30;324.0;1745652150;95.371;100.341;97.91;112.769;
1900-01-01 17:22:31;325.0;1745652151;95.371;100.355;97.874;112.818;
1900-01-01 17:22:32;326.0;1745652152;95.376;100.353;97.874;112.818;
1900-01-01 17:22:33;327.0;1745652153;95.316;100.353;97.943;112.85;
1900-01-01 17:22:34;328.0;1745652154;95.316;100.362;97.958;112.875;
1900-01-01 17:22:36;329.0;1745652156;95.268;100.313;97.941;112.875;
1900-01-01 17:22:36;330.0;1745652156;95.18;100.313;97.941;112.732;
1900-01-01 17:22:37;331.0;1745652157;95.18;100.314;97.889;112.845;
1900-01-01 17:22:38;332.0;1745652158;95.291;100.343;97.889;112.845;
1900-01-01 17:22:39;333.0;1745652159;95.291;100.343;97.944;112.782;
1900-01-01 17:22:40;334.0;1745652160;95.216;100.182;97.866;112.746;
1900-01-01 17:22:41;335.0;1745652161;95.163;100.184;97.866;112.746;
1900-01-01 17:22:42;336.0;1745652162;95.163;100.184;97.915;112.823;
1900-01-01 17:22:43;337.0;1745652163;95.17;100.237;97.89;112.823;
1900-01-01 17:22:44;338.0;1745652164;95.15;100.237;97.89;112.827;
1900-01-01 17:22:45;339.0;1745652165;95.15;100.152;97.959;112.806;
1900-01-01 17:22:46;340.0;1745652166;95.19;100.2;97.917;112.806;
1900-01-01 17:22:47;341.0;1745652167;95.194;100.2;97.917;112.646;
1900-01-01 17:22:48;342.0;1745652168;95.194;100.131;97.949;112.727;
1900-01-01 17:22:49;343.0;1745652169;95.2;100.101;97.942;112.727;
1900-01-01 17:22:51;344.0;1745652171;95.173;100.02;97.942;112.755;
1900-01-01 17:22:51;345.0;1745652171;95.173;100.02;97.976;112.753;
1900-01-01 17:22:52;346.0;1745652172;95.148;100.177;97.909;112.753;
1900-01-01 17:22:53;347.0;1745652173;95.098;100.177;97.909;112.871;
1900-01-01 17:22:54;348.0;1745652174;95.098;100.092;98.016;112.817;
1900-01-01 17:22:56;349.0;1745652176;95.002;100.214;97.916;112.817;
1900-01-01 17:22:56;350.0;1745652176;94.996;100.214;97.916;112.84;
1900-01-01 17:22:57;351.0;1745652177;94.996;100.199;97.959;112.843;
1900-01-01 17:22:58;352.0;1745652178;95.037;100.23;97.959;112.843;
1900-01-01 17:22:59;353.0;1745652179;95.066;100.23;97.934;112.863;
1900-01-01 17:23:00;354.0;1745652180;95.066;100.204;97.864;112.759;
1900-01-01 17:23:01;355.0;1745652181;94.992;100.139;97.864;112.759;
1900-01-01 17:23:02;356.0;1745652182;95.104;100.139;97.886;112.798;
1900-01-01 17:23:03;357.0;1745652183;95.104;100.174;97.814;112.803;
1900-01-01 17:23:04;358.0;1745652184;95.089;100.207;97.814;112.803;
1900-01-01 17:23:05;359.0;1745652185;95.089;100.207;97.861;112.836;
1900-01-01 17:23:06;360.0;1745652186;95.067;100.089;97.853;112.836;
1900-01-01 17:23:07;361.0;1745652187;94.942;100.089;97.853;112.799;
1900-01-01 17:23:08;362.0;1745652188;94.942;100.188;97.815;112.874;
1900-01-01 17:23:09;363.0;1745652189;94.98;100.19;97.793;112.874;
1900-01-01 17:23:10;364.0;1745652190;94.953;100.19;97.793;112.826;
1900-01-01 17:23:11;365.0;1745652191;94.953;100.124;97.824;112.83;
1900-01-01 17:23:12;366.0;1745652192;94.986;100.239;97.679;112.83;
1900-01-01 17:23:13;367.0;1745652193;94.965;100.239;97.679;112.879;
1900-01-01 17:23:14;368.0;1745652194;94.965;100.127;97.784;112.892;
1900-01-01 17:23:15;369.0;1745652195;94.972;100.14;97.749;112.892;
1900-01-01 17:23:16;370.0;1745652196;94.843;100.14;97.749;112.86;
1900-01-01 17:23:17;371.0;1745652197;94.843;100.124;97.792;112.851;
1900-01-01 17:23:18;372.0;1745652198;94.775;99.971;97.792;112.851;
1900-01-01 17:23:19;373.0;1745652199;94.833;99.971;97.779;112.828;
1900-01-01 17:23:21;374.0;1745652201;94.833;99.953;97.783;112.822;
1900-01-01 17:23:21;375.0;1745652201;94.801;99.964;97.783;112.822;
1900-01-01 17:23:22;376.0;1745652202;94.812;99.964;97.74;112.804;
1900-01-01 17:23:23;377.0;1745652203;94.812;100.046;97.847;112.833;
1900-01-01 17:23:24;378.0;1745652204;94.776;99.858;97.847;112.833;
1900-01-01 17:23:25;379.0;1745652205;94.656;99.858;97.847;112.734;
1900-01-01 17:23:26;380.0;1745652206;94.656;99.895;97.795;112.734;
1900-01-01 17:23:27;381.0;1745652207;94.646;99.849;97.795;112.918;
1900-01-01 17:23:28;382.0;1745652208;94.548;99.849;97.777;112.79;
1900-01-01 17:23:29;383.0;1745652209;94.548;99.917;97.784;112.876;
1900-01-01 17:23:30;384.0;1745652210;94.569;99.954;97.784;112.876;
1900-01-01 17:23:31;385.0;1745652211;94.562;99.954;97.894;112.749;
1900-01-01 17:23:32;386.0;1745652212;94.562;99.882;97.844;112.749;
1900-01-01 17:23:33;387.0;1745652213;94.553;99.927;97.844;112.957;
1900-01-01 17:23:34;388.0;1745652214;94.553;99.927;97.833;112.889;
1900-01-01 17:23:35;389.0;1745652215;94.572;99.897;97.83;112.889;
1900-01-01 17:23:36;390.0;1745652216;94.446;99.897;97.83;112.862;
1900-01-01 17:23:37;391.0;1745652217;94.446;100.009;97.82;112.835;
1900-01-01 17:23:38;392.0;1745652218;94.484;99.89;97.826;112.835;
1900-01-01 17:23:39;393.0;1745652219;94.474;99.89;97.826;112.797;
1900-01-01 17:23:40;394.0;1745652220;94.474;99.845;97.863;112.966;
1900-01-01 17:23:41;395.0;1745652221;94.479;99.918;97.863;112.966;
1900-01-01 17:23:42;396.0;1745652222;94.471;99.918;97.828;112.8;
1900-01-01 17:23:43;397.0;1745652223;94.471;99.991;97.832;112.878;
1900-01-01 17:23:45;398.0;1745652225;94.517;99.972;97.814;112.878;
1900-01-01 17:23:45;399.0;1745652225;94.489;99.972;97.814;112.922;
1900-01-01 17:23:46;400.0;1745652226;94.489;99.908;97.85;112.868;
1900-01-01 17:23:47;401.0;1745652227;94.437;99.942;97.85;112.868;
1900-01-01 17:23:48;402.0;1745652228;94.478;99.942;97.857;112.778;
1900-01-01 17:23:49;403.0;1745652229;94.478;99.86;97.896;112.829;
1900-01-01 17:23:50;404.0;1745652230;94.411;99.905;97.896;112.829;
1900-01-01 17:23:51;405.0;1745652231;94.411;99.905;97.953;112.886;
1900-01-01 17:23:52;406.0;1745652232;94.382;99.943;97.924;112.886;
1900-01-01 17:23:54;407.0;1745652234;94.342;99.958;97.924;112.863;
1900-01-01 17:23:54;408.0;1745652234;94.342;99.958;97.814;112.745;
1900-01-01 17:23:55;409.0;1745652235;94.334;99.985;97.902;112.745;
1900-01-01 17:23:57;410.0;1745652237;94.274;100.018;97.902;112.77;
1900-01-01 17:23:57;411.0;1745652237;94.274;100.018;97.823;112.769;
1900-01-01 17:23:58;412.0;1745652238;94.137;99.864;97.813;112.769;
1900-01-01 17:23:59;413.0;1745652239;94.114;99.897;97.813;112.802;
1900-01-01 17:24:00;414.0;1745652240;94.114;99.897;97.752;112.804;
1900-01-01 17:24:01;415.0;1745652241;94.127;99.856;97.777;112.804;
1900-01-01 17:24:02;416.0;1745652242;94.098;99.856;97.777;112.834;
1900-01-01 17:24:03;417.0;1745652243;94.098;99.832;97.816;112.719;
1900-01-01 17:24:04;418.0;1745652244;94.143;99.778;97.774;112.719;
1900-01-01 17:24:05;419.0;1745652245;94.182;99.778;97.774;112.808;
1900-01-01 17:24:06;420.0;1745652246;94.182;99.668;97.735;112.75;
1900-01-01 17:24:07;421.0;1745652247;94.177;99.687;97.787;112.75;
1900-01-01 17:24:09;422.0;1745652249;94.201;99.729;97.787;112.742;
1900-01-01 17:24:09;423.0;1745652249;94.201;99.729;97.779;112.858;
1900-01-01 17:24:10;424.0;1745652250;94.142;99.827;97.796;112.858;
1900-01-01 17:24:11;425.0;1745652251;94.235;99.827;97.796;112.753;
1900-01-01 17:24:12;426.0;1745652252;94.235;99.73;97.853;112.867;
1900-01-01 17:24:13;427.0;1745652253;94.209;99.77;97.832;112.867;
1900-01-01 17:24:14;428.0;1745652254;94.214;99.77;97.832;112.633;
1900-01-01 17:24:15;429.0;1745652255;94.214;99.745;97.824;112.857;
1900-01-01 17:24:16;430.0;1745652256;94.223;99.73;97.836;112.857;
1900-01-01 17:24:17;431.0;1745652257;94.187;99.669;97.836;112.723;
1900-01-01 17:24:18;432.0;1745652258;94.187;99.669;97.855;112.755;
1900-01-01 17:24:19;433.0;1745652259;94.072;99.614;97.854;112.755;
1900-01-01 17:24:20;434.0;1745652260;94.019;99.614;97.854;112.831;
1900-01-01 17:24:21;435.0;1745652261;94.019;99.675;97.869;112.897;
1900-01-01 17:24:22;436.0;1745652262;93.93;99.606;97.892;112.897;
1900-01-01 17:24:24;437.0;1745652264;93.919;99.628;97.892;112.737;
1900-01-01 17:24:24;438.0;1745652264;93.919;99.628;97.916;112.832;
1900-01-01 17:24:25;439.0;1745652265;93.861;99.619;97.914;112.832;
1900-01-01 17:24:26;440.0;1745652266;93.848;99.494;97.914;112.813;
1900-01-01 17:24:27;441.0;1745652267;93.848;99.494;97.79;112.776;
1900-01-01 17:24:28;442.0;1745652268;93.798;99.594;97.933;112.776;
1900-01-01 17:24:29;443.0;1745652269;93.762;99.594;97.933;112.934;
1900-01-01 17:24:30;444.0;1745652270;93.762;99.481;97.869;112.868;
1900-01-01 17:24:31;445.0;1745652271;93.696;99.513;97.872;112.868;
1900-01-01 17:24:32;446.0;1745652272;93.796;99.513;97.872;112.814;
1900-01-01 17:24:33;447.0;1745652273;93.796;99.484;97.865;112.859;
1900-01-01 17:24:34;448.0;1745652274;93.712;99.457;97.884;112.859;
1900-01-01 17:24:36;449.0;1745652276;93.811;99.457;97.884;112.892;
1900-01-01 17:24:36;450.0;1745652276;93.811;99.493;97.909;112.836;
1900-01-01 17:24:37;451.0;1745652277;93.819;99.475;97.909;112.836;
1900-01-01 17:24:38;452.0;1745652278;93.794;99.475;97.904;112.832;
1900-01-01 17:24:39;453.0;1745652279;93.794;99.499;97.848;112.832;
1900-01-01 17:24:40;454.0;1745652280;93.738;99.476;97.848;112.863;
1900-01-01 17:24:41;455.0;1745652281;93.738;99.476;97.83;112.83;
1900-01-01 17:24:42;456.0;1745652282;93.824;99.442;97.893;112.83;
1900-01-01 17:24:43;457.0;1745652283;93.727;99.442;97.893;112.872;
1900-01-01 17:24:44;458.0;1745652284;93.727;99.463;97.883;112.751;
1900-01-01 17:24:45;459.0;1745652285;93.744;99.407;97.95;112.751;
1900-01-01 17:24:46;460.0;1745652286;93.695;99.407;97.95;112.685;
1900-01-01 17:24:47;461.0;1745652287;93.695;99.43;97.927;112.71;
1900-01-01 17:24:48;462.0;1745652288;93.669;99.383;97.853;112.71;
1900-01-01 17:24:49;463.0;1745652289;93.666;99.383;97.853;112.817;
1900-01-01 17:24:50;464.0;1745652290;93.666;99.321;97.805;112.812;
1900-01-01 17:24:51;465.0;1745652291;93.58;99.273;97.775;112.812;
1900-01-01 17:24:52;466.0;1745652292;93.561;99.273;97.775;112.686;
1900-01-01 17:24:53;467.0;1745652293;93.561;99.393;97.851;112.712;
1900-01-01 17:24:54;468.0;1745652294;93.571;99.476;97.851;112.712;
1900-01-01 17:24:55;469.0;1745652295;93.475;99.476;97.895;112.819;
1900-01-01 17:24:56;470.0;1745652296;93.475;99.388;97.881;112.819;
1900-01-01 17:24:57;471.0;1745652297;93.531;99.391;97.881;112.733;
1900-01-01 17:24:58;472.0;1745652298;93.425;99.391;97.786;112.767;
1900-01-01 17:24:59;473.0;1745652299;93.425;99.442;97.893;112.785;
1900-01-01 17:25:00;474.0;1745652300;93.519;99.408;97.893;112.785;
1900-01-01 17:25:01;475.0;1745652301;93.519;99.408;97.83;112.797;
1900-01-01 17:25:02;476.0;1745652302;93.544;99.398;97.833;112.797;
1900-01-01 17:25:03;477.0;1745652303;93.511;99.339;97.833;112.797;
1900-01-01 17:25:04;478.0;1745652304;93.511;99.339;97.752;112.857;
1900-01-01 17:25:05;479.0;1745652305;93.567;99.275;97.721;112.857;
1900-01-01 17:25:06;480.0;1745652306;93.511;99.328;97.721;112.712;
1900-01-01 17:25:07;481.0;1745652307;93.511;99.328;97.782;112.789;
1900-01-01 17:25:08;482.0;1745652308;93.421;99.318;97.818;112.789;
1900-01-01 17:25:09;483.0;1745652309;93.44;99.364;97.818;112.822;
1900-01-01 17:25:10;484.0;1745652310;93.44;99.364;97.854;112.782;
1900-01-01 17:25:11;485.0;1745652311;93.427;99.396;97.854;112.782;
1900-01-01 17:25:12;486.0;1745652312;93.379;99.396;97.864;112.762;
1900-01-01 17:25:13;487.0;1745652313;93.379;99.329;97.895;112.768;
1900-01-01 17:25:14;488.0;1745652314;93.325;99.371;97.895;112.768;
1900-01-01 17:25:15;489.0;1745652315;93.33;99.371;97.895;112.816;
1900-01-01 17:25:16;490.0;1745652316;93.33;99.35;97.859;112.733;
1900-01-01 17:25:18;491.0;1745652318;93.226;99.384;97.87;112.733;
1900-01-01 17:25:18;492.0;1745652318;93.25;99.384;97.87;112.804;
1900-01-01 17:25:19;493.0;1745652319;93.25;99.313;97.853;112.695;
1900-01-01 17:25:20;494.0;1745652320;93.265;99.263;97.853;112.695;
1900-01-01 17:25:21;495.0;1745652321;93.265;99.263;97.822;112.75;
1900-01-01 17:25:22;496.0;1745652322;93.203;99.21;97.815;112.757;
1900-01-01 17:25:24;497.0;1745652324;93.13;99.21;97.815;112.757;
1900-01-01 17:25:24;498.0;1745652324;93.13;99.21;97.814;112.794;
1900-01-01 17:25:25;499.0;1745652325;93.124;99.24;97.725;112.794;
1900-01-01 17:25:26;500.0;1745652326;93.069;99.191;97.725;112.781;
1900-01-01 17:25:27;501.0;1745652327;93.069;99.191;97.792;112.789;
1900-01-01 17:25:28;502.0;1745652328;93.049;99.315;97.725;112.789;
1900-01-01 17:25:29;503.0;1745652329;93.097;99.203;97.725;112.782;
1900-01-01 17:25:30;504.0;1745652330;93.097;99.203;97.784;112.652;
1900-01-01 17:25:32;505.0;1745652332;93.059;99.244;97.736;112.859;
1900-01-01 17:25:32;506.0;1745652332;93.06;99.244;97.736;112.859;
1900-01-01 17:25:33;507.0;1745652333;93.06;99.274;97.747;112.82;
1900-01-01 17:25:34;508.0;1745652334;93.021;99.194;97.728;112.82;
1900-01-01 17:25:35;509.0;1745652335;93.014;99.194;97.728;112.795;
1900-01-01 17:25:36;510.0;1745652336;93.014;99.247;97.76;112.77;
1900-01-01 17:25:37;511.0;1745652337;93.003;99.14;97.743;112.77;
1900-01-01 17:25:38;512.0;1745652338;93.023;99.116;97.743;112.702;
1900-01-01 17:25:39;513.0;1745652339;93.023;99.116;97.731;112.747;
1900-01-01 17:25:40;514.0;1745652340;92.955;99.19;97.685;112.747;
1900-01-01 17:25:41;515.0;1745652341;92.989;99.19;97.685;112.736;
1900-01-01 17:25:42;516.0;1745652342;92.989;99.079;97.69;112.833;
1900-01-01 17:25:43;517.0;1745652343;93.034;98.944;97.673;112.833;
1900-01-01 17:25:44;518.0;1745652344;92.966;98.944;97.673;112.824;
1900-01-01 17:25:45;519.0;1745652345;92.966;99.054;97.74;112.742;
1900-01-01 17:25:46;520.0;1745652346;92.975;99.068;97.803;112.742;
1900-01-01 17:25:47;521.0;1745652347;92.975;99.068;97.803;112.767;
1900-01-01 17:25:48;522.0;1745652348;93.002;99.063;97.748;112.8;
1900-01-01 17:25:49;523.0;1745652349;92.952;99.11;97.748;112.8;
1900-01-01 17:25:50;524.0;1745652350;92.952;99.11;97.887;112.717;
1900-01-01 17:25:51;525.0;1745652351;92.856;99.117;97.758;112.786;
1900-01-01 17:25:52;526.0;1745652352;92.815;99.05;97.758;112.786;
1900-01-01 17:25:53;527.0;1745652353;92.815;99.05;97.755;112.814;
1900-01-01 17:25:54;528.0;1745652354;92.746;99.16;97.712;112.814;
1900-01-01 17:25:55;529.0;1745652355;92.639;99.16;97.712;112.729;
1900-01-01 17:25:56;530.0;1745652356;92.639;99.08;97.711;112.723;
1900-01-01 17:25:57;531.0;1745652357;92.598;99.126;97.711;112.723;
1900-01-01 17:25:58;532.0;1745652358;92.685;99.126;97.671;112.728;
1900-01-01 17:25:59;533.0;1745652359;92.685;99.095;97.772;112.771;
1900-01-01 17:26:00;534.0;1745652360;92.735;99.043;97.762;112.771;
1900-01-01 17:26:01;535.0;1745652361;92.805;99.043;97.762;112.793;
1900-01-01 17:26:02;536.0;1745652362;92.805;99.04;97.719;112.731;
1900-01-01 17:26:03;537.0;1745652363;92.768;99.05;97.737;112.731;
1900-01-01 17:26:04;538.0;1745652364;92.819;99.05;97.737;112.762;
1900-01-01 17:26:05;539.0;1745652365;92.819;99.066;97.682;112.79;
1900-01-01 17:26:06;540.0;1745652366;92.774;98.98;97.682;112.79;
1900-01-01 17:26:07;541.0;1745652367;92.71;98.98;97.713;112.823;
1900-01-01 17:26:08;542.0;1745652368;92.71;98.93;97.64;112.738;
1900-01-01 17:26:09;543.0;1745652369;92.697;98.865;97.68;112.738;
1900-01-01 17:26:10;544.0;1745652370;92.697;98.865;97.68;112.724;
1900-01-01 17:26:11;545.0;1745652371;92.615;98.897;97.773;112.741;
1900-01-01 17:26:12;546.0;1745652372;92.631;98.836;97.773;112.741;
1900-01-01 17:26:13;547.0;1745652373;92.631;98.836;97.796;112.72;
1900-01-01 17:26:14;548.0;1745652374;92.62;98.83;97.77;112.692;
1900-01-01 17:26:15;549.0;1745652375;92.623;98.83;97.77;112.692;
1900-01-01 17:26:16;550.0;1745652376;92.623;98.751;97.739;112.809;
1900-01-01 17:26:17;551.0;1745652377;92.555;98.817;97.721;112.809;
1900-01-01 17:26:18;552.0;1745652378;92.524;98.813;97.721;112.706;
1900-01-01 17:26:19;553.0;1745652379;92.524;98.813;97.707;112.793;
1900-01-01 17:26:20;554.0;1745652380;92.497;98.791;97.723;112.793;
1900-01-01 17:26:21;555.0;1745652381;92.446;98.822;97.723;112.727;
1900-01-01 17:26:22;556.0;1745652382;92.446;98.822;97.755;112.717;
1900-01-01 17:26:23;557.0;1745652383;92.372;98.713;97.739;112.717;
1900-01-01 17:26:24;558.0;1745652384;92.381;98.713;97.739;112.733;
1900-01-01 17:26:25;559.0;1745652385;92.381;98.705;97.729;112.613;
1900-01-01 17:26:26;560.0;1745652386;92.369;98.673;97.701;112.613;
1900-01-01 17:26:27;561.0;1745652387;92.369;98.673;97.701;112.707;
1900-01-01 17:26:28;562.0;1745652388;92.304;98.674;97.764;112.715;
1900-01-01 17:26:29;563.0;1745652389;92.386;98.714;97.764;112.715;
1900-01-01 17:26:31;564.0;1745652391;92.367;98.714;97.687;112.707;
1900-01-01 17:26:31;565.0;1745652391;92.367;98.732;97.738;112.707;
1900-01-01 17:26:32;566.0;1745652392;92.306;98.658;97.738;112.638;
1900-01-01 17:26:33;567.0;1745652393;92.345;98.658;97.648;112.697;
1900-01-01 17:26:34;568.0;1745652394;92.345;98.785;97.651;112.697;
1900-01-01 17:26:35;569.0;1745652395;92.256;98.808;97.651;112.706;
1900-01-01 17:26:36;570.0;1745652396;92.256;98.808;97.712;112.678;
1900-01-01 17:26:37;571.0;1745652397;92.279;98.86;97.632;112.718;
1900-01-01 17:26:38;572.0;1745652398;92.289;98.814;97.632;112.718;
1900-01-01 17:26:39;573.0;1745652399;92.289;98.814;97.642;112.712;
1900-01-01 17:26:40;574.0;1745652400;92.253;98.75;97.575;112.712;
1900-01-01 17:26:42;575.0;1745652402;92.193;98.806;97.575;112.709;
1900-01-01 17:26:42;576.0;1745652402;92.193;98.806;97.613;112.679;
1900-01-01 17:26:43;577.0;1745652403;92.129;98.763;97.605;112.679;
1900-01-01 17:26:44;578.0;1745652404;92.075;98.674;97.605;112.723;
1900-01-01 17:26:45;579.0;1745652405;92.075;98.674;97.614;112.7;
1900-01-01 17:26:46;580.0;1745652406;92.013;98.626;97.69;112.7;
1900-01-01 17:26:47;581.0;1745652407;91.99;98.626;97.69;112.916;
1900-01-01 17:26:48;582.0;1745652408;91.99;98.624;97.626;112.789;
1900-01-01 17:26:49;583.0;1745652409;91.959;98.733;97.626;112.789;
1900-01-01 17:26:50;584.0;1745652410;91.96;98.733;97.736;112.738;
1900-01-01 17:26:51;585.0;1745652411;91.96;98.716;97.674;112.723;
1900-01-01 17:26:52;586.0;1745652412;92.031;98.714;97.674;112.723;
1900-01-01 17:26:53;587.0;1745652413;91.993;98.714;97.654;112.782;
1900-01-01 17:26:54;588.0;1745652414;91.993;98.69;97.709;112.678;
1900-01-01 17:26:55;589.0;1745652415;92.069;98.665;97.709;112.678;
1900-01-01 17:26:56;590.0;1745652416;92.069;98.665;97.673;112.728;
1900-01-01 17:26:57;591.0;1745652417;92.049;98.58;97.745;112.71;
1900-01-01 17:26:58;592.0;1745652418;92.0;98.523;97.745;112.71;
1900-01-01 17:26:59;593.0;1745652419;92.0;98.523;97.643;112.66;
1900-01-01 17:27:00;594.0;1745652420;91.946;98.495;97.701;112.66;
1900-01-01 17:27:01;595.0;1745652421;91.888;98.495;97.701;112.673;
1900-01-01 17:27:02;596.0;1745652422;91.888;98.439;97.677;112.73;
1900-01-01 17:27:03;597.0;1745652423;91.925;98.446;97.677;112.73;
1900-01-01 17:27:04;598.0;1745652424;91.805;98.446;97.69;112.745;
1900-01-01 17:27:05;599.0;1745652425;91.805;98.425;97.728;112.643;
1900-01-01 17:27:06;600.0;1745652426;91.805;98.341;97.684;112.643;
1900-01-01 17:27:07;601.0;1745652427;91.901;98.341;97.684;112.71;
1900-01-01 17:27:08;602.0;1745652428;91.901;98.417;97.639;112.715;
1900-01-01 17:27:09;603.0;1745652429;91.815;98.435;97.648;112.715;
1900-01-01 17:27:10;604.0;1745652430;91.961;98.435;97.648;112.713;
1900-01-01 17:27:11;605.0;1745652431;91.961;98.458;97.66;112.779;
1900-01-01 17:27:12;606.0;1745652432;91.936;98.46;97.66;112.779;
1900-01-01 17:27:13;607.0;1745652433;91.865;98.46;97.683;112.7;
1900-01-01 17:27:14;608.0;1745652434;91.865;98.481;97.69;112.695;
1900-01-01 17:27:15;609.0;1745652435;91.839;98.449;97.69;112.695;
1900-01-01 17:27:16;610.0;1745652436;91.839;98.449;97.739;112.71;
1900-01-01 17:27:17;611.0;1745652437;91.776;98.499;97.661;112.664;
1900-01-01 17:27:18;612.0;1745652438;91.696;98.499;97.661;112.664;
1900-01-01 17:27:19;613.0;1745652439;91.696;98.507;97.721;112.697;
1900-01-01 17:27:20;614.0;1745652440;91.609;98.47;97.687;112.697;
1900-01-01 17:27:21;615.0;1745652441;91.606;98.494;97.687;112.664;
1900-01-01 17:27:22;616.0;1745652442;91.606;98.494;97.668;112.681;
1900-01-01 17:27:23;617.0;1745652443;91.547;98.484;97.596;112.681;
1900-01-01 17:27:24;618.0;1745652444;91.581;98.48;97.596;112.709;
1900-01-01 17:27:25;619.0;1745652445;91.581;98.48;97.675;112.679;
1900-01-01 17:27:26;620.0;1745652446;91.576;98.392;97.711;112.679;
1900-01-01 17:27:27;621.0;1745652447;91.582;98.392;97.711;112.702;
1900-01-01 17:27:28;622.0;1745652448;91.582;98.398;97.748;112.78;
1900-01-01 17:27:29;623.0;1745652449;91.547;98.4;97.738;112.78;
1900-01-01 17:27:30;624.0;1745652450;91.521;98.4;97.738;112.761;
1900-01-01 17:27:31;625.0;1745652451;91.521;98.297;97.675;112.726;
1900-01-01 17:27:32;626.0;1745652452;91.494;98.401;97.675;112.726;
1900-01-01 17:27:34;627.0;1745652454;91.505;98.401;97.816;112.77;
1900-01-01 17:27:34;628.0;1745652454;91.505;98.337;97.718;112.715;
1900-01-01 17:27:35;629.0;1745652455;91.396;98.361;97.718;112.715;
1900-01-01 17:27:37;630.0;1745652457;91.335;98.361;97.781;112.717;
1900-01-01 17:27:37;631.0;1745652457;91.335;98.266;97.812;112.717;
1900-01-01 17:27:38;632.0;1745652458;91.297;98.258;97.812;112.688;
1900-01-01 17:27:39;633.0;1745652459;91.297;98.258;97.743;112.659;
1900-01-01 17:27:40;634.0;1745652460;91.228;98.253;97.739;112.659;
1900-01-01 17:27:41;635.0;1745652461;91.277;98.253;97.739;112.678;
1900-01-01 17:27:42;636.0;1745652462;91.277;98.169;97.703;112.618;
1900-01-01 17:27:43;637.0;1745652463;91.272;98.23;97.715;112.618;
1900-01-01 17:27:45;638.0;1745652465;91.284;98.163;97.715;112.619;
1900-01-01 17:27:45;639.0;1745652465;91.284;98.163;97.676;112.672;
1900-01-01 17:27:46;640.0;1745652466;91.318;98.145;97.748;112.672;
1900-01-01 17:27:47;641.0;1745652467;91.271;98.192;97.748;112.622;
1900-01-01 17:27:48;642.0;1745652468;91.271;98.192;97.671;112.591;
1900-01-01 17:27:49;643.0;1745652469;91.287;98.191;97.671;112.591;
1900-01-01 17:27:50;644.0;1745652470;91.247;98.175;97.671;112.723;
1900-01-01 17:27:51;645.0;1745652471;91.247;98.175;97.792;112.661;
1900-01-01 17:27:52;646.0;1745652472;91.203;98.181;97.792;112.661;
1900-01-01 17:27:53;647.0;1745652473;91.323;98.181;97.678;112.581;
1900-01-01 17:27:54;648.0;1745652474;91.323;98.185;97.701;112.581;
1900-01-01 17:27:55;649.0;1745652475;91.271;98.13;97.701;112.574;
1900-01-01 17:27:56;650.0;1745652476;91.319;98.13;97.672;112.524;
1900-01-01 17:27:57;651.0;1745652477;91.319;98.173;97.683;112.524;
1900-01-01 17:27:58;652.0;1745652478;91.358;98.246;97.683;112.622;
1900-01-01 17:28:00;653.0;1745652480;91.388;98.246;97.696;112.599;
1900-01-01 17:28:00;654.0;1745652480;91.388;98.15;97.651;112.599;
1900-01-01 17:28:01;655.0;1745652481;91.439;98.252;97.651;112.659;
1900-01-01 17:28:02;656.0;1745652482;91.439;98.252;97.656;112.611;
1900-01-01 17:28:03;657.0;1745652483;91.328;98.311;97.645;112.611;
1900-01-01 17:28:04;658.0;1745652484;91.213;98.282;97.645;112.714;
1900-01-01 17:28:05;659.0;1745652485;91.213;98.282;97.684;112.66;
1900-01-01 17:28:06;660.0;1745652486;91.199;98.22;97.582;112.66;
1900-01-01 17:28:07;661.0;1745652487;91.227;98.22;97.582;112.691;
1900-01-01 17:28:08;662.0;1745652488;91.227;98.171;97.672;112.648;
1900-01-01 17:28:09;663.0;1745652489;91.147;98.178;97.62;112.648;
1900-01-01 17:28:10;664.0;1745652490;91.111;98.178;97.62;112.7;
1900-01-01 17:28:11;665.0;1745652491;91.111;98.077;97.639;112.736;
1900-01-01 17:28:12;666.0;1745652492;91.057;98.166;97.639;112.736;
1900-01-01 17:28:13;667.0;1745652493;91.057;98.166;97.559;112.691;
1900-01-01 17:28:14;668.0;1745652494;90.95;98.05;97.554;112.677;
1900-01-01 17:28:15;669.0;1745652495;90.822;98.079;97.554;112.677;
1900-01-01 17:28:16;670.0;1745652496;90.757;98.079;97.563;112.71;
1900-01-01 17:28:17;671.0;1745652497;90.757;98.074;97.515;112.71;
1900-01-01 17:28:18;672.0;1745652498;90.691;98.108;97.515;112.723;
1900-01-01 17:28:19;673.0;1745652499;90.655;98.108;97.543;112.678;
1900-01-01 17:28:20;674.0;1745652500;90.655;98.107;97.597;112.712;
1900-01-01 17:28:21;675.0;1745652501;90.568;98.029;97.597;112.712;
1900-01-01 17:28:22;676.0;1745652502;90.568;98.029;97.56;112.586;
1900-01-01 17:28:23;677.0;1745652503;90.679;98.127;97.522;112.691;
1900-01-01 17:28:25;678.0;1745652505;90.723;97.912;97.522;112.691;
1900-01-01 17:28:25;679.0;1745652505;90.723;97.912;97.581;112.716;
1900-01-01 17:28:26;680.0;1745652506;90.716;98.071;97.591;112.716;
1900-01-01 17:28:27;681.0;1745652507;90.835;97.914;97.591;112.668;
1900-01-01 17:28:28;682.0;1745652508;90.835;97.914;97.622;112.678;
1900-01-01 17:28:29;683.0;1745652509;90.767;97.905;97.581;112.678;
1900-01-01 17:28:30;684.0;1745652510;90.804;97.911;97.581;112.651;
1900-01-01 17:28:31;685.0;1745652511;90.804;97.911;97.604;112.73;
1900-01-01 17:28:32;686.0;1745652512;90.796;97.89;97.603;112.73;
1900-01-01 17:28:33;687.0;1745652513;90.769;97.89;97.603;112.717;
1900-01-01 17:28:34;688.0;1745652514;90.769;97.926;97.596;112.632;
1900-01-01 17:28:35;689.0;1745652515;90.846;97.817;97.629;112.632;
1900-01-01 17:28:36;690.0;1745652516;90.777;97.817;97.629;112.755;
1900-01-01 17:28:37;691.0;1745652517;90.777;97.829;97.551;112.674;
1900-01-01 17:28:38;692.0;1745652518;90.702;97.762;97.551;112.674;
1900-01-01 17:28:39;693.0;1745652519;90.659;97.762;97.59;112.666;
1900-01-01 17:28:40;694.0;1745652520;90.659;97.904;97.567;112.666;
1900-01-01 17:28:41;695.0;1745652521;90.73;97.919;97.567;112.616;
1900-01-01 17:28:42;696.0;1745652522;90.628;97.919;97.624;112.618;
1900-01-01 17:28:43;697.0;1745652523;90.628;97.812;97.614;112.618;
1900-01-01 17:28:44;698.0;1745652524;90.589;97.871;97.614;112.677;
1900-01-01 17:28:45;699.0;1745652525;90.589;97.871;97.752;112.617;
1900-01-01 17:28:46;700.0;1745652526;90.496;97.896;97.705;112.617;
1900-01-01 17:28:47;701.0;1745652527;90.395;97.853;97.705;112.662;
1900-01-01 17:28:48;702.0;1745652528;90.395;97.853;97.683;112.629;
1900-01-01 17:28:49;703.0;1745652529;90.414;97.802;97.599;112.629;
1900-01-01 17:28:50;704.0;1745652530;90.487;97.713;97.599;112.667;
1900-01-01 17:28:51;705.0;1745652531;90.487;97.713;97.67;112.647;
1900-01-01 17:28:52;706.0;1745652532;90.459;97.769;97.759;112.647;
1900-01-01 17:28:53;707.0;1745652533;90.459;97.769;97.759;112.746;
1900-01-01 17:28:54;708.0;1745652534;90.459;97.8;97.716;112.588;
1900-01-01 17:28:55;709.0;1745652535;90.45;97.786;97.716;112.588;
1900-01-01 17:28:56;710.0;1745652536;90.469;97.786;97.66;112.687;
1900-01-01 17:28:57;711.0;1745652537;90.469;97.81;97.691;112.697;
1900-01-01 17:28:59;712.0;1745652539;90.376;97.914;97.718;112.697;
1900-01-01 17:28:59;713.0;1745652539;90.338;97.914;97.718;112.734;
1900-01-01 17:29:00;714.0;1745652540;90.338;97.849;97.686;112.655;
1900-01-01 17:29:01;715.0;1745652541;90.364;97.845;97.686;112.655;
1900-01-01 17:29:02;716.0;1745652542;90.364;97.845;97.704;112.628;
1900-01-01 17:29:03;717.0;1745652543;90.368;97.776;97.582;112.66;
1900-01-01 17:29:04;718.0;1745652544;90.332;97.762;97.582;112.66;
1900-01-01 17:29:05;719.0;1745652545;90.332;97.762;97.621;112.656;
1900-01-01 17:29:06;720.0;1745652546;90.366;97.671;97.606;112.656;
1900-01-01 17:29:07;721.0;1745652547;90.289;97.593;97.606;112.613;
1900-01-01 17:29:08;722.0;1745652548;90.413;97.593;97.597;112.647;
1900-01-01 17:29:09;723.0;1745652549;90.413;97.618;97.638;112.647;
1900-01-01 17:29:10;724.0;1745652550;90.344;97.571;97.638;112.605;
1900-01-01 17:29:11;725.0;1745652551;90.344;97.571;97.594;112.619;
1900-01-01 17:29:12;726.0;1745652552;90.303;97.611;97.691;112.619;
1900-01-01 17:29:13;727.0;1745652553;90.173;97.571;97.691;112.604;
1900-01-01 17:29:14;728.0;1745652554;90.203;97.571;97.649;112.575;
1900-01-01 17:29:15;729.0;1745652555;90.203;97.517;97.639;112.575;
1900-01-01 17:29:16;730.0;1745652556;90.026;97.526;97.639;112.623;
1900-01-01 17:29:17;731.0;1745652557;90.026;97.526;97.657;112.654;
1900-01-01 17:29:18;732.0;1745652558;90.133;97.532;97.632;112.654;
1900-01-01 17:29:20;733.0;1745652560;90.025;97.575;97.632;112.553;
1900-01-01 17:29:20;734.0;1745652560;90.025;97.575;97.659;112.696;
1900-01-01 17:29:21;735.0;1745652561;89.986;97.508;97.626;112.696;
1900-01-01 17:29:22;736.0;1745652562;90.014;97.603;97.626;112.616;
1900-01-01 17:29:23;737.0;1745652563;90.105;97.603;97.696;112.612;
1900-01-01 17:29:24;738.0;1745652564;90.105;97.655;97.665;112.628;
1900-01-01 17:29:25;739.0;1745652565;90.154;97.583;97.665;112.628;
1900-01-01 17:29:26;740.0;1745652566;90.154;97.583;97.636;112.662;
1900-01-01 17:29:27;741.0;1745652567;90.192;97.615;97.648;112.662;
1900-01-01 17:29:28;742.0;1745652568;90.233;97.615;97.648;112.636;
1900-01-01 17:29:29;743.0;1745652569;90.233;97.637;97.688;112.625;
1900-01-01 17:29:30;744.0;1745652570;90.235;97.579;97.631;112.625;
1900-01-01 17:29:32;745.0;1745652572;90.139;97.54;97.631;112.694;
1900-01-01 17:29:32;746.0;1745652572;90.139;97.54;97.657;112.523;
1900-01-01 17:29:33;747.0;1745652573;90.019;97.526;97.596;112.523;
1900-01-01 17:29:34;748.0;1745652574;89.94;97.526;97.596;112.632;
1900-01-01 17:29:35;749.0;1745652575;89.94;97.551;97.561;112.646;
1900-01-01 17:29:36;750.0;1745652576;89.865;97.434;97.546;112.646;
1900-01-01 17:29:37;751.0;1745652577;89.85;97.434;97.546;112.483;
1900-01-01 17:29:38;752.0;1745652578;89.85;97.49;97.592;112.562;
1900-01-01 17:29:39;753.0;1745652579;89.767;97.582;97.592;112.562;
1900-01-01 17:29:40;754.0;1745652580;89.756;97.582;97.669;112.654;
1900-01-01 17:29:41;755.0;1745652581;89.756;97.548;97.577;112.654;
1900-01-01 17:29:42;756.0;1745652582;89.718;97.513;97.577;112.671;
1900-01-01 17:29:43;757.0;1745652583;89.771;97.513;97.596;112.657;
1900-01-01 17:29:44;758.0;1745652584;89.771;97.578;97.515;112.657;
1900-01-01 17:29:45;759.0;1745652585;89.786;97.542;97.515;112.64;
1900-01-01 17:29:46;760.0;1745652586;89.786;97.542;97.586;112.633;
1900-01-01 17:29:47;761.0;1745652587;89.738;97.607;97.541;112.633;
1900-01-01 17:29:48;762.0;1745652588;89.789;97.589;97.541;112.65;
1900-01-01 17:29:49;763.0;1745652589;89.789;97.589;97.553;112.659;
1900-01-01 17:29:50;764.0;1745652590;89.835;97.543;97.553;112.659;
1900-01-01 17:29:51;765.0;1745652591;89.743;97.543;97.568;112.694;
1900-01-01 17:29:52;766.0;1745652592;89.743;97.554;97.574;112.569;
1900-01-01 17:29:53;767.0;1745652593;89.743;97.483;97.59;112.569;
1900-01-01 17:29:55;768.0;1745652595;89.714;97.473;97.59;112.619;
1900-01-01 17:29:55;769.0;1745652595;89.714;97.473;97.62;112.532;
1900-01-01 17:29:56;770.0;1745652596;89.656;97.397;97.663;112.532;
1900-01-01 17:29:57;771.0;1745652597;89.685;97.397;97.663;112.574;
1900-01-01 17:29:58;772.0;1745652598;89.685;97.334;97.597;112.574;
1900-01-01 17:29:59;773.0;1745652599;89.651;97.393;97.597;112.574;
1900-01-01 17:30:00;774.0;1745652600;89.624;97.393;97.552;112.617;
1900-01-01 17:30:01;775.0;1745652601;89.624;97.37;97.624;112.529;
1900-01-01 17:30:02;776.0;1745652602;89.634;97.33;97.624;112.529;
1900-01-01 17:30:03;777.0;1745652603;89.617;97.33;97.65;112.602;
1900-01-01 17:30:04;778.0;1745652604;89.617;97.382;97.661;112.602;
1900-01-01 17:30:05;779.0;1745652605;89.473;97.291;97.661;112.556;
1900-01-01 17:30:07;780.0;1745652607;89.355;97.291;97.567;112.558;
1900-01-01 17:30:07;781.0;1745652607;89.355;97.294;97.612;112.558;
1900-01-01 17:30:08;782.0;1745652608;89.466;97.249;97.612;112.547;
1900-01-01 17:30:09;783.0;1745652609;89.466;97.249;97.619;112.615;
1900-01-01 17:30:10;784.0;1745652610;89.424;97.263;97.607;112.615;
1900-01-01 17:30:12;785.0;1745652612;89.572;97.188;97.607;112.5;
1900-01-01 17:30:12;786.0;1745652612;89.572;97.188;97.565;112.623;
1900-01-01 17:30:13;787.0;1745652613;89.581;97.244;97.616;112.623;
1900-01-01 17:30:14;788.0;1745652614;89.606;97.244;97.616;112.654;
1900-01-01 17:30:15;789.0;1745652615;89.606;97.296;97.667;112.623;
1900-01-01 17:30:16;790.0;1745652616;89.632;97.287;97.667;112.623;
1900-01-01 17:30:17;791.0;1745652617;89.547;97.287;97.585;112.576;
1900-01-01 17:30:18;792.0;1745652618;89.547;97.171;97.603;112.606;
1900-01-01 17:30:19;793.0;1745652619;89.504;97.191;97.603;112.606;
1900-01-01 17:30:20;794.0;1745652620;89.409;97.191;97.614;112.516;
1900-01-01 17:30:21;795.0;1745652621;89.409;97.099;97.62;112.516;
1900-01-01 17:30:22;796.0;1745652622;89.369;97.109;97.62;112.575;
1900-01-01 17:30:23;797.0;1745652623;89.297;97.109;97.596;112.617;
1900-01-01 17:30:24;798.0;1745652624;89.297;97.112;97.597;112.723;
1900-01-01 17:30:25;799.0;1745652625;89.3;97.134;97.597;112.723;
1900-01-01 17:30:26;800.0;1745652626;89.323;97.134;97.631;112.622;
1900-01-01 17:30:27;801.0;1745652627;89.323;97.14;97.635;112.671;
1900-01-01 17:30:28;802.0;1745652628;89.29;97.209;97.635;112.671;
1900-01-01 17:30:29;803.0;1745652629;89.29;97.209;97.673;112.577;
1900-01-01 17:30:30;804.0;1745652630;89.309;97.243;97.663;112.577;
1900-01-01 17:30:31;805.0;1745652631;89.268;97.176;97.663;112.58;
1900-01-01 17:30:32;806.0;1745652632;89.268;97.176;97.649;112.569;
1900-01-01 17:30:33;807.0;1745652633;89.295;97.152;97.597;112.569;
1900-01-01 17:30:34;808.0;1745652634;89.285;97.156;97.597;112.598;
1900-01-01 17:30:35;809.0;1745652635;89.285;97.156;97.695;112.602;
1900-01-01 17:30:36;810.0;1745652636;89.231;97.147;97.657;112.602;
1900-01-01 17:30:38;811.0;1745652638;89.199;97.197;97.657;112.573;
1900-01-01 17:30:38;812.0;1745652638;89.199;97.197;97.587;112.598;
1900-01-01 17:30:39;813.0;1745652639;89.141;97.14;97.531;112.598;
1900-01-01 17:30:40;814.0;1745652640;89.017;97.14;97.531;112.571;
1900-01-01 17:30:41;815.0;1745652641;89.017;97.123;97.559;112.501;
1900-01-01 17:30:42;816.0;1745652642;88.985;97.15;97.594;112.501;
1900-01-01 17:30:43;817.0;1745652643;88.981;97.15;97.594;112.54;
1900-01-01 17:30:44;818.0;1745652644;88.981;97.068;97.626;112.601;
1900-01-01 17:30:46;819.0;1745652646;88.949;97.178;97.57;112.601;
1900-01-01 17:30:46;820.0;1745652646;88.949;97.178;97.57;112.675;
1900-01-01 17:30:47;821.0;1745652647;88.999;97.018;97.574;112.502;
1900-01-01 17:30:48;822.0;1745652648;89.063;97.06;97.574;112.502;
1900-01-01 17:30:49;823.0;1745652649;89.063;97.06;97.605;112.554;
1900-01-01 17:30:50;824.0;1745652650;89.002;96.988;97.559;112.554;
1900-01-01 17:30:51;825.0;1745652651;88.938;97.022;97.559;112.6;
1900-01-01 17:30:52;826.0;1745652652;88.938;97.022;97.514;112.572;
1900-01-01 17:30:53;827.0;1745652653;88.939;97.028;97.582;112.572;
1900-01-01 17:30:54;828.0;1745652654;88.928;97.006;97.582;112.504;
1900-01-01 17:30:55;829.0;1745652655;88.928;97.006;97.539;112.53;
1900-01-01 17:30:56;830.0;1745652656;88.931;96.955;97.607;112.53;
1900-01-01 17:30:57;831.0;1745652657;88.879;96.955;97.607;112.532;
1900-01-01 17:30:58;832.0;1745652658;88.879;96.919;97.547;112.398;
1900-01-01 17:30:59;833.0;1745652659;88.945;96.949;97.598;112.398;
1900-01-01 17:31:00;834.0;1745652660;88.893;96.949;97.598;112.456;
1900-01-01 17:31:01;835.0;1745652661;88.893;96.974;97.565;112.454;
1900-01-01 17:31:02;836.0;1745652662;88.881;97.0;97.654;112.454;
1900-01-01 17:31:04;837.0;1745652664;88.802;96.918;97.654;112.535;
1900-01-01 17:31:04;838.0;1745652664;88.802;96.918;97.597;112.515;
1900-01-01 17:31:05;839.0;1745652665;88.84;96.978;97.541;112.515;
1900-01-01 17:31:06;840.0;1745652666;88.832;96.986;97.541;112.487;
1900-01-01 17:31:07;841.0;1745652667;88.832;96.986;97.611;112.434;
1900-01-01 17:31:08;842.0;1745652668;88.668;96.845;97.611;112.434;
1900-01-01 17:31:09;843.0;1745652669;88.675;96.845;97.611;112.504;
1900-01-01 17:31:10;844.0;1745652670;88.675;96.931;97.599;112.461;
1900-01-01 17:31:11;845.0;1745652671;88.646;96.798;97.599;112.461;
1900-01-01 17:31:12;846.0;1745652672;88.6;96.798;97.632;112.468;
1900-01-01 17:31:13;847.0;1745652673;88.6;96.807;97.684;112.468;
1900-01-01 17:31:14;848.0;1745652674;88.565;96.741;97.684;112.531;
1900-01-01 17:31:15;849.0;1745652675;88.552;96.741;97.562;112.485;
1900-01-01 17:31:16;850.0;1745652676;88.552;96.788;97.629;112.485;
1900-01-01 17:31:17;851.0;1745652677;88.556;96.847;97.629;112.512;
1900-01-01 17:31:18;852.0;1745652678;88.575;96.847;97.632;112.466;
1900-01-01 17:31:19;853.0;1745652679;88.575;96.85;97.662;112.466;
1900-01-01 17:31:20;854.0;1745652680;88.597;96.838;97.662;112.492;
1900-01-01 17:31:21;855.0;1745652681;88.597;96.838;97.618;112.571;
1900-01-01 17:31:22;856.0;1745652682;88.668;96.809;97.643;112.571;
1900-01-01 17:31:23;857.0;1745652683;88.669;96.809;97.643;112.495;
1900-01-01 17:31:24;858.0;1745652684;88.669;96.782;97.573;112.467;
1900-01-01 17:31:25;859.0;1745652685;88.628;96.818;97.573;112.467;
1900-01-01 17:31:26;860.0;1745652686;88.594;96.818;97.635;112.431;
1900-01-01 17:31:27;861.0;1745652687;88.594;96.79;97.658;112.488;
1900-01-01 17:31:28;862.0;1745652688;88.525;96.822;97.658;112.488;
1900-01-01 17:31:29;863.0;1745652689;88.462;96.822;97.642;112.445;
1900-01-01 17:31:30;864.0;1745652690;88.462;96.849;97.656;112.511;
1900-01-01 17:31:31;865.0;1745652691;88.41;96.763;97.656;112.511;
1900-01-01 17:31:32;866.0;1745652692;88.509;96.763;97.569;112.471;
1900-01-01 17:31:33;867.0;1745652693;88.509;96.655;97.526;112.471;
1900-01-01 17:31:34;868.0;1745652694;88.415;96.708;97.526;112.507;
1900-01-01 17:31:35;869.0;1745652695;88.429;96.708;97.519;112.462;
1900-01-01 17:31:36;870.0;1745652696;88.429;96.709;97.495;112.462;
1900-01-01 17:31:37;871.0;1745652697;88.35;96.699;97.495;112.418;
1900-01-01 17:31:39;872.0;1745652699;88.409;96.699;97.433;112.499;
1900-01-01 17:31:39;873.0;1745652699;88.409;96.7;97.517;112.499;
1900-01-01 17:31:40;874.0;1745652700;88.362;96.697;97.517;112.446;
1900-01-01 17:31:41;875.0;1745652701;88.362;96.697;97.414;112.43;
1900-01-01 17:31:42;876.0;1745652702;88.25;96.701;97.518;112.43;
1900-01-01 17:31:43;877.0;1745652703;88.228;96.858;97.518;112.508;
1900-01-01 17:31:44;878.0;1745652704;88.228;96.858;97.504;112.416;
1900-01-01 17:31:45;879.0;1745652705;88.157;96.934;97.586;112.416;
1900-01-01 17:31:46;880.0;1745652706;88.123;96.934;97.586;112.491;
1900-01-01 17:31:47;881.0;1745652707;88.123;96.812;97.547;112.426;
1900-01-01 17:31:48;882.0;1745652708;88.093;96.736;97.484;112.426;
1900-01-01 17:31:50;883.0;1745652710;88.079;96.745;97.484;112.404;
1900-01-01 17:31:50;884.0;1745652710;88.079;96.745;97.498;112.409;
1900-01-01 17:31:51;885.0;1745652711;88.108;96.775;97.407;112.409;
1900-01-01 17:31:52;886.0;1745652712;88.073;96.775;97.407;112.41;
1900-01-01 17:31:53;887.0;1745652713;88.073;96.736;97.483;112.446;
1900-01-01 17:31:54;888.0;1745652714;88.032;96.691;97.483;112.446;
1900-01-01 17:31:55;889.0;1745652715;88.119;96.691;97.549;112.427;
1900-01-01 17:31:56;890.0;1745652716;88.119;96.679;97.508;112.418;
1900-01-01 17:31:57;891.0;1745652717;88.027;96.655;97.508;112.418;
1900-01-01 17:31:58;892.0;1745652718;88.027;96.655;97.514;112.428;
1900-01-01 17:31:59;893.0;1745652719;88.011;96.701;97.579;112.428;
1900-01-01 17:32:00;894.0;1745652720;87.919;96.66;97.579;112.48;
1900-01-01 17:32:01;895.0;1745652721;87.919;96.66;97.581;112.63;
1900-01-01 17:32:02;896.0;1745652722;87.882;96.673;97.567;112.63;
1900-01-01 17:32:03;897.0;1745652723;87.9;96.617;97.567;112.565;
1900-01-01 17:32:04;898.0;1745652724;87.9;96.617;97.512;112.557;
1900-01-01 17:32:05;899.0;1745652725;87.936;96.659;97.534;112.512;
1900-01-01 17:32:06;900.0;1745652726;87.987;96.635;97.534;112.512;
1900-01-01 17:32:07;901.0;1745652727;87.987;96.635;97.593;112.4;
1900-01-01 17:32:08;902.0;1745652728;88.089;96.612;97.593;112.4;
1900-01-01 17:32:10;903.0;1745652730;88.101;96.529;97.593;112.46;
1900-01-01 17:32:10;904.0;1745652730;88.101;96.529;97.42;112.496;
1900-01-01 17:32:11;905.0;1745652731;88.122;96.544;97.484;112.496;
1900-01-01 17:32:12;906.0;1745652732;88.148;96.61;97.484;112.424;
1900-01-01 17:32:13;907.0;1745652733;88.148;96.61;97.469;112.428;
1900-01-01 17:32:14;908.0;1745652734;88.031;96.513;97.487;112.428;
1900-01-01 17:32:15;909.0;1745652735;87.976;96.513;97.487;112.438;
1900-01-01 17:32:16;910.0;1745652736;87.976;96.496;97.468;112.493;
1900-01-01 17:32:17;911.0;1745652737;87.923;96.435;97.468;112.493;
1900-01-01 17:32:18;912.0;1745652738;87.903;96.435;97.417;112.479;
1900-01-01 17:32:19;913.0;1745652739;87.903;96.33;97.477;112.42;
1900-01-01 17:32:20;914.0;1745652740;87.841;96.348;97.477;112.42;
1900-01-01 17:32:21;915.0;1745652741;87.803;96.348;97.378;112.516;
1900-01-01 17:32:22;916.0;1745652742;87.803;96.391;97.437;112.516;
1900-01-01 17:32:23;917.0;1745652743;87.754;96.227;97.437;112.459;
1900-01-01 17:32:24;918.0;1745652744;87.766;96.227;97.366;112.528;
1900-01-01 17:32:25;919.0;1745652745;87.766;96.274;97.384;112.528;
1900-01-01 17:32:26;920.0;1745652746;87.734;96.219;97.384;112.49;
1900-01-01 17:32:27;921.0;1745652747;87.734;96.219;97.389;112.484;
1900-01-01 17:32:28;922.0;1745652748;87.609;96.232;97.442;112.536;
1900-01-01 17:32:29;923.0;1745652749;87.69;96.232;97.442;112.536;
1900-01-01 17:32:30;924.0;1745652750;87.69;96.317;97.409;112.512;
1900-01-01 17:32:31;925.0;1745652751;87.739;96.326;97.418;112.512;
1900-01-01 17:32:32;926.0;1745652752;87.532;96.326;97.418;112.513;
1900-01-01 17:32:33;927.0;1745652753;87.532;96.273;97.442;112.48;
1900-01-01 17:32:34;928.0;1745652754;87.61;96.333;97.434;112.48;
1900-01-01 17:32:35;929.0;1745652755;87.458;96.333;97.434;112.481;
1900-01-01 17:32:36;930.0;1745652756;87.458;96.288;97.448;112.552;
1900-01-01 17:32:37;931.0;1745652757;87.405;96.307;97.471;112.552;
1900-01-01 17:32:39;932.0;1745652759;87.416;96.313;97.471;112.444;
1900-01-01 17:32:39;933.0;1745652759;87.416;96.313;97.44;112.59;
1900-01-01 17:32:40;934.0;1745652760;87.457;96.279;97.372;112.59;
1900-01-01 17:32:41;935.0;1745652761;87.411;96.279;97.372;112.403;
1900-01-01 17:32:42;936.0;1745652762;87.411;96.287;97.372;112.457;
1900-01-01 17:32:43;937.0;1745652763;87.474;96.228;97.355;112.457;
1900-01-01 17:32:44;938.0;1745652764;87.429;96.228;97.355;112.524;
1900-01-01 17:32:45;939.0;1745652765;87.429;96.232;97.403;112.481;
1900-01-01 17:32:46;940.0;1745652767;87.42;96.168;97.4;112.481;
1900-01-01 17:32:47;941.0;1745652767;87.433;96.168;97.4;112.435;
1900-01-01 17:32:48;942.0;1745652768;87.433;96.055;97.439;112.461;
1900-01-01 17:32:49;943.0;1745652769;87.407;96.174;97.454;112.461;
1900-01-01 17:32:50;944.0;1745652770;87.486;96.174;97.454;112.41;
1900-01-01 17:32:51;945.0;1745652771;87.486;96.168;97.403;112.44;
1900-01-01 17:32:52;946.0;1745652772;87.495;96.109;97.403;112.44;
1900-01-01 17:32:53;947.0;1745652773;87.442;96.109;97.51;112.502;
1900-01-01 17:32:54;948.0;1745652774;87.442;96.213;97.425;112.502;
1900-01-01 17:32:55;949.0;1745652775;87.408;96.111;97.425;112.437;
1900-01-01 17:32:56;950.0;1745652776;87.408;96.111;97.481;112.342;
1900-01-01 17:32:57;951.0;1745652777;87.408;96.15;97.517;112.342;
1900-01-01 17:32:58;952.0;1745652778;87.287;96.131;97.517;112.441;
1900-01-01 17:32:59;953.0;1745652779;87.287;96.131;97.433;112.425;
1900-01-01 17:33:00;954.0;1745652780;87.287;96.107;97.435;112.423;
1900-01-01 17:33:01;955.0;1745652781;87.261;96.086;97.435;112.423;
1900-01-01 17:33:02;956.0;1745652782;87.22;96.086;97.415;112.448;
1900-01-01 17:33:03;957.0;1745652783;87.22;96.152;97.421;112.357;
1900-01-01 17:33:04;958.0;1745652784;87.175;96.045;97.421;112.357;
1900-01-01 17:33:05;959.0;1745652785;87.175;96.045;97.41;112.474;
1900-01-01 17:33:06;960.0;1745652786;87.177;96.111;97.438;112.34;
1900-01-01 17:33:07;961.0;1745652787;87.148;96.036;97.438;112.34;
1900-01-01 17:33:09;962.0;1745652789;87.095;96.036;97.408;112.413;
1900-01-01 17:33:09;963.0;1745652789;87.095;96.078;97.393;112.413;
1900-01-01 17:33:10;964.0;1745652790;87.02;96.102;97.393;112.478;
1900-01-01 17:33:11;965.0;1745652791;87.015;96.102;97.348;112.432;
1900-01-01 17:33:12;966.0;1745652792;87.015;96.021;97.389;112.419;
1900-01-01 17:33:13;967.0;1745652793;86.973;95.975;97.389;112.419;
1900-01-01 17:33:14;968.0;1745652794;86.973;95.975;97.38;112.553;
1900-01-01 17:33:15;969.0;1745652795;86.962;95.971;97.318;112.445;
1900-01-01 17:33:16;970.0;1745652796;86.945;95.957;97.318;112.445;
1900-01-01 17:33:17;971.0;1745652797;86.978;95.957;97.331;112.421;
1900-01-01 17:33:18;972.0;1745652798;86.978;96.015;97.282;112.421;
1900-01-01 17:33:19;973.0;1745652799;86.989;95.933;97.282;112.43;
1900-01-01 17:33:20;974.0;1745652800;86.99;95.933;97.349;112.419;
1900-01-01 17:33:21;975.0;1745652801;86.99;95.937;97.421;112.419;
1900-01-01 17:33:22;976.0;1745652802;87.022;95.93;97.421;112.418;
1900-01-01 17:33:23;977.0;1745652803;87.022;95.93;97.417;112.313;
1900-01-01 17:33:24;978.0;1745652804;87.061;95.941;97.401;112.313;
1900-01-01 17:33:25;979.0;1745652805;87.026;95.941;97.401;112.336;
1900-01-01 17:33:26;980.0;1745652806;87.026;95.88;97.433;112.415;
1900-01-01 17:33:27;981.0;1745652807;87.004;95.871;97.426;112.415;
1900-01-01 17:33:28;982.0;1745652808;87.009;95.871;97.426;112.385;
1900-01-01 17:33:29;983.0;1745652809;87.009;95.854;97.377;112.405;
1900-01-01 17:33:30;984.0;1745652810;87.001;95.899;97.387;112.405;
1900-01-01 17:33:31;985.0;1745652811;86.962;95.899;97.387;112.554;
1900-01-01 17:33:32;986.0;1745652812;86.962;95.854;97.46;112.487;
1900-01-01 17:33:33;987.0;1745652813;86.921;95.792;97.374;112.487;
1900-01-01 17:33:34;988.0;1745652814;86.848;95.792;97.374;112.361;
1900-01-01 17:33:35;989.0;1745652815;86.848;95.739;97.43;112.361;
1900-01-01 17:33:36;990.0;1745652816;86.687;95.757;97.43;112.448;
1900-01-01 17:33:37;991.0;1745652817;86.753;95.757;97.443;112.446;
1900-01-01 17:33:39;992.0;1745652819;86.753;95.767;97.493;112.39;
1900-01-01 17:33:39;993.0;1745652819;86.644;95.803;97.493;112.39;
1900-01-01 17:33:40;994.0;1745652820;86.644;95.803;97.469;112.371;
1900-01-01 17:33:41;995.0;1745652821;86.675;95.771;97.433;112.371;
1900-01-01 17:33:42;996.0;1745652822;86.65;95.771;97.433;112.417;
1900-01-01 17:33:43;997.0;1745652823;86.65;95.711;97.542;112.285;
1900-01-01 17:33:44;998.0;1745652824;86.668;95.783;97.475;112.285;
1900-01-01 17:33:46;999.0;1745652826;86.642;95.908;97.475;112.405;
1900-01-01 17:33:46;1000.0;1745652826;86.642;95.908;97.486;112.371;
1900-01-01 17:33:47;1001.0;1745652827;86.695;95.908;97.432;112.371;
1900-01-01 17:33:48;1002.0;1745652828;86.683;95.931;97.432;112.306;
1900-01-01 17:33:49;1003.0;1745652829;86.683;95.931;97.381;112.342;
1900-01-01 17:33:50;1004.0;1745652830;86.651;95.938;97.429;112.342;
1900-01-01 17:33:51;1005.0;1745652831;86.635;95.938;97.429;112.353;
1900-01-01 17:33:52;1006.0;1745652832;86.635;95.914;97.454;112.326;
1900-01-01 17:33:53;1007.0;1745652833;86.631;95.864;97.454;112.326;
1900-01-01 17:33:54;1008.0;1745652834;86.575;95.864;97.449;112.335;
1900-01-01 17:33:55;1009.0;1745652835;86.575;95.762;97.501;112.272;
1900-01-01 17:33:56;1010.0;1745652836;86.497;95.818;97.501;112.272;
1900-01-01 17:33:57;1011.0;1745652837;86.535;95.818;97.52;112.398;
1900-01-01 17:33:58;1012.0;1745652838;86.535;95.671;97.475;112.388;
1900-01-01 17:33:59;1013.0;1745652839;86.517;95.793;97.475;112.388;
1900-01-01 17:34:00;1014.0;1745652840;86.436;95.793;97.45;112.361;
1900-01-01 17:34:01;1015.0;1745652841;86.436;95.73;97.395;112.29;
1900-01-01 17:34:02;1016.0;1745652842;86.413;95.732;97.395;112.29;
1900-01-01 17:34:03;1017.0;1745652843;86.373;95.732;97.351;112.334;
1900-01-01 17:34:04;1018.0;1745652844;86.373;95.666;97.325;112.352;
1900-01-01 17:34:05;1019.0;1745652845;86.357;95.721;97.325;112.352;
1900-01-01 17:34:06;1020.0;1745652846;86.338;95.721;97.317;112.364;
1900-01-01 17:34:07;1021.0;1745652847;86.338;95.611;97.362;112.364;
1900-01-01 17:34:08;1022.0;1745652848;86.286;95.641;97.362;112.382;
1900-01-01 17:34:09;1023.0;1745652849;86.324;95.641;97.308;112.403;
1900-01-01 17:34:10;1024.0;1745652850;86.324;95.631;97.423;112.326;
1900-01-01 17:34:12;1025.0;1745652852;86.316;95.581;97.328;112.326;
1900-01-01 17:34:12;1026.0;1745652852;86.316;95.581;97.328;112.378;
1900-01-01 17:34:13;1027.0;1745652853;86.317;95.662;97.384;112.425;
1900-01-01 17:34:14;1028.0;1745652854;86.435;95.631;97.384;112.425;
1900-01-01 17:34:15;1029.0;1745652855;86.396;95.631;97.448;112.32;
1900-01-01 17:34:16;1030.0;1745652856;86.396;95.656;97.424;112.32;
1900-01-01 17:34:17;1031.0;1745652857;86.299;95.644;97.424;112.248;
1900-01-01 17:34:18;1032.0;1745652858;86.274;95.644;97.351;112.369;
1900-01-01 17:34:19;1033.0;1745652859;86.274;95.674;97.378;112.327;
1900-01-01 17:34:20;1034.0;1745652860;86.265;95.621;97.378;112.327;
1900-01-01 17:34:22;1035.0;1745652862;86.172;95.621;97.421;112.339;
1900-01-01 17:34:22;1036.0;1745652862;86.172;95.598;97.429;112.32;
1900-01-01 17:34:23;1037.0;1745652863;86.212;95.571;97.429;112.32;
1900-01-01 17:34:24;1038.0;1745652864;86.164;95.571;97.303;112.36;
1900-01-01 17:34:25;1039.0;1745652865;86.164;95.459;97.333;112.36;
1900-01-01 17:34:26;1040.0;1745652866;86.145;95.484;97.333;112.395;
1900-01-01 17:34:27;1041.0;1745652867;86.18;95.484;97.341;112.274;
1900-01-01 17:34:28;1042.0;1745652868;86.18;95.409;97.346;112.274;
1900-01-01 17:34:29;1043.0;1745652869;86.206;95.424;97.346;112.4;
1900-01-01 17:34:30;1044.0;1745652870;86.206;95.424;97.237;112.383;
1900-01-01 17:34:31;1045.0;1745652871;86.152;95.449;97.276;112.383;
1900-01-01 17:34:32;1046.0;1745652872;86.111;95.449;97.276;112.338;
1900-01-01 17:34:33;1047.0;1745652873;86.111;95.345;97.297;112.358;
1900-01-01 17:34:34;1048.0;1745652874;86.082;95.352;97.295;112.358;
1900-01-01 17:34:35;1049.0;1745652875;85.986;95.352;97.295;112.286;
1900-01-01 17:34:36;1050.0;1745652876;85.986;95.219;97.284;112.314;
1900-01-01 17:34:37;1051.0;1745652877;85.92;95.301;97.284;112.314;
1900-01-01 17:34:38;1052.0;1745652878;85.894;95.301;97.25;112.308;
1900-01-01 17:34:39;1053.0;1745652879;85.894;95.216;97.273;112.359;
1900-01-01 17:34:41;1054.0;1745652881;85.824;95.265;97.287;112.359;
1900-01-01 17:34:41;1055.0;1745652881;85.824;95.265;97.287;112.275;
1900-01-01 17:34:42;1056.0;1745652882;85.782;95.306;97.277;112.348;
1900-01-01 17:34:43;1057.0;1745652883;85.774;95.329;97.277;112.348;
1900-01-01 17:34:44;1058.0;1745652884;85.774;95.329;97.295;112.376;
1900-01-01 17:34:45;1059.0;1745652885;85.786;95.337;97.299;112.376;
1900-01-01 17:34:46;1060.0;1745652886;85.826;95.311;97.299;112.357;
1900-01-01 17:34:48;1061.0;1745652888;85.894;95.311;97.283;112.353;
1900-01-01 17:34:48;1062.0;1745652888;85.894;95.306;97.355;112.353;
1900-01-01 17:34:49;1063.0;1745652889;85.772;95.293;97.355;112.302;
1900-01-01 17:34:50;1064.0;1745652890;85.772;95.293;97.356;112.398;
1900-01-01 17:34:51;1065.0;1745652891;85.818;95.304;97.444;112.372;
1900-01-01 17:34:52;1066.0;1745652892;85.761;95.259;97.444;112.372;
1900-01-01 17:34:53;1067.0;1745652893;85.761;95.259;97.431;112.383;
1900-01-01 17:34:54;1068.0;1745652894;85.806;95.314;97.477;112.383;
1900-01-01 17:34:55;1069.0;1745652895;85.857;95.314;97.477;112.446;
1900-01-01 17:34:56;1070.0;1745652896;85.857;95.25;97.476;112.311;
1900-01-01 17:34:57;1071.0;1745652897;85.809;95.24;97.409;112.311;
1900-01-01 17:34:58;1072.0;1745652898;85.752;95.24;97.409;112.366;
1900-01-01 17:34:59;1073.0;1745652899;85.752;95.279;97.416;112.269;
1900-01-01 17:35:00;1074.0;1745652900;85.733;95.257;97.485;112.269;
1900-01-01 17:35:01;1075.0;1745652901;85.608;95.257;97.485;112.375;
1900-01-01 17:35:02;1076.0;1745652902;85.608;95.253;97.45;112.392;
1900-01-01 17:35:03;1077.0;1745652903;85.551;95.286;97.45;112.392;
1900-01-01 17:35:05;1078.0;1745652905;85.558;95.286;97.437;112.467;
1900-01-01 17:35:05;1079.0;1745652905;85.558;95.234;97.451;112.376;
1900-01-01 17:35:07;1080.0;1745652907;85.557;95.196;97.451;112.376;
1900-01-01 17:35:07;1081.0;1745652907;85.557;95.196;97.377;112.409;
1900-01-01 17:35:08;1082.0;1745652908;85.623;95.244;97.478;112.409;
1900-01-01 17:35:10;1083.0;1745652910;85.637;95.277;97.478;112.235;
1900-01-01 17:35:10;1084.0;1745652910;85.637;95.277;97.372;112.317;
1900-01-01 17:35:11;1085.0;1745652911;85.618;95.277;97.436;112.317;
1900-01-01 17:35:13;1086.0;1745652913;85.696;95.206;97.436;112.371;
1900-01-01 17:35:13;1087.0;1745652913;85.696;95.206;97.407;112.241;
1900-01-01 17:35:14;1088.0;1745652914;85.617;95.233;97.428;112.241;
1900-01-01 17:35:15;1089.0;1745652915;85.652;95.233;97.428;112.326;
1900-01-01 17:35:16;1090.0;1745652916;85.652;95.179;97.381;112.259;
1900-01-01 17:35:17;1091.0;1745652917;85.55;95.143;97.381;112.259;
1900-01-01 17:35:18;1092.0;1745652918;85.568;95.143;97.382;112.311;
1900-01-01 17:35:19;1093.0;1745652919;85.568;95.199;97.456;112.352;
1900-01-01 17:35:21;1094.0;1745652921;85.516;95.181;97.352;112.352;
1900-01-01 17:35:21;1095.0;1745652921;85.392;95.181;97.352;112.271;
1900-01-01 17:35:22;1096.0;1745652922;85.392;95.206;97.407;112.413;
1900-01-01 17:35:23;1097.0;1745652923;85.363;95.121;97.407;112.413;
1900-01-01 17:35:24;1098.0;1745652924;85.303;95.121;97.406;112.324;
1900-01-01 17:35:25;1099.0;1745652925;85.303;95.13;97.393;112.324;
1900-01-01 17:35:26;1100.0;1745652926;85.248;95.089;97.393;112.238;
1900-01-01 17:35:27;1101.0;1745652927;85.248;95.089;97.3;112.347;
1900-01-01 17:35:28;1102.0;1745652928;85.322;95.127;97.283;112.295;
1900-01-01 17:35:30;1103.0;1745652930;85.224;95.072;97.283;112.295;
1900-01-01 17:35:30;1104.0;1745652930;85.224;95.072;97.378;112.291;
1900-01-01 17:35:31;1105.0;1745652931;85.31;95.041;97.222;112.291;
1900-01-01 17:35:32;1106.0;1745652932;85.321;95.06;97.222;112.272;
1900-01-01 17:35:33;1107.0;1745652933;85.321;95.06;97.244;112.246;
1900-01-01 17:35:34;1108.0;1745652934;85.302;94.995;97.208;112.246;
1900-01-01 17:35:35;1109.0;1745652935;85.282;94.956;97.208;112.253;
1900-01-01 17:35:36;1110.0;1745652936;85.282;94.956;97.25;112.379;
1900-01-01 17:35:37;1111.0;1745652937;85.291;94.865;97.177;112.379;
1900-01-01 17:35:38;1112.0;1745652938;85.344;94.865;97.177;112.303;
1900-01-01 17:35:39;1113.0;1745652939;85.344;94.892;97.23;112.331;
1900-01-01 17:35:40;1114.0;1745652940;85.319;94.866;97.173;112.331;
1900-01-01 17:35:41;1115.0;1745652941;85.251;94.866;97.173;112.387;
1900-01-01 17:35:42;1116.0;1745652942;85.251;94.761;97.189;112.3;
1900-01-01 17:35:43;1117.0;1745652943;85.151;94.912;97.189;112.3;
1900-01-01 17:35:44;1118.0;1745652944;85.151;94.912;97.203;112.322;
1900-01-01 17:35:45;1119.0;1745652945;85.15;94.77;97.145;112.244;
1900-01-01 17:35:46;1120.0;1745652946;85.079;94.809;97.145;112.244;
1900-01-01 17:35:47;1121.0;1745652947;85.079;94.809;97.202;112.311;
1900-01-01 17:35:48;1122.0;1745652948;85.001;94.853;97.236;112.311;
1900-01-01 17:35:49;1123.0;1745652949;84.99;94.785;97.236;112.341;
1900-01-01 17:35:50;1124.0;1745652950;84.99;94.785;97.211;112.198;
1900-01-01 17:35:51;1125.0;1745652951;84.862;94.839;97.232;112.198;
1900-01-01 17:35:52;1126.0;1745652952;84.846;94.822;97.232;112.233;
1900-01-01 17:35:53;1127.0;1745652953;84.906;94.822;97.27;112.265;
1900-01-01 17:35:54;1128.0;1745652954;84.906;94.878;97.261;112.265;
1900-01-01 17:35:55;1129.0;1745652955;84.941;94.89;97.261;112.247;
1900-01-01 17:35:56;1130.0;1745652956;84.941;94.89;97.321;112.329;
1900-01-01 17:35:57;1131.0;1745652957;84.974;94.866;97.229;112.329;
1900-01-01 17:35:58;1132.0;1745652958;84.972;94.866;97.229;112.176;
1900-01-01 17:35:59;1133.0;1745652959;84.972;94.805;97.334;112.249;
1900-01-01 17:36:00;1134.0;1745652960;85.011;94.848;97.309;112.249;
1900-01-01 17:36:01;1135.0;1745652961;84.955;94.848;97.309;112.31;
1900-01-01 17:36:02;1136.0;1745652962;84.955;94.853;97.361;112.324;
1900-01-01 17:36:03;1137.0;1745652963;85.029;94.811;97.361;112.324;
1900-01-01 17:36:04;1138.0;1745652964;84.98;94.811;97.342;112.313;
1900-01-01 17:36:05;1139.0;1745652965;84.98;94.897;97.352;112.202;
1900-01-01 17:36:06;1140.0;1745652966;84.943;94.847;97.352;112.202;
1900-01-01 17:36:07;1141.0;1745652967;84.947;94.847;97.323;112.239;
1900-01-01 17:36:08;1142.0;1745652968;84.947;94.846;97.422;112.312;
1900-01-01 17:36:09;1143.0;1745652969;84.965;94.84;97.422;112.312;
1900-01-01 17:36:10;1144.0;1745652970;84.965;94.84;97.334;112.392;
1900-01-01 17:36:11;1145.0;1745652971;84.896;94.861;97.341;112.335;
1900-01-01 17:36:12;1146.0;1745652972;84.85;94.799;97.341;112.335;
1900-01-01 17:36:13;1147.0;1745652973;84.758;94.799;97.316;112.247;
1900-01-01 17:36:14;1148.0;1745652974;84.758;94.726;97.332;112.247;
1900-01-01 17:36:15;1149.0;1745652975;84.789;94.742;97.332;112.205;
1900-01-01 17:36:16;1150.0;1745652976;84.789;94.742;97.351;112.174;
1900-01-01 17:36:17;1151.0;1745652977;84.623;94.749;97.385;112.174;
1900-01-01 17:36:18;1152.0;1745652978;84.589;94.652;97.385;112.213;
1900-01-01 17:36:19;1153.0;1745652979;84.589;94.652;97.238;112.302;
1900-01-01 17:36:20;1154.0;1745652980;84.65;94.732;97.327;112.302;
1900-01-01 17:36:21;1155.0;1745652981;84.65;94.732;97.327;112.251;
1900-01-01 17:36:22;1156.0;1745652982;84.65;94.685;97.268;112.295;
1900-01-01 17:36:23;1157.0;1745652983;84.585;94.7;97.268;112.295;
1900-01-01 17:36:24;1158.0;1745652984;84.611;94.7;97.283;112.253;
1900-01-01 17:36:25;1159.0;1745652985;84.611;94.645;97.19;112.312;
1900-01-01 17:36:26;1160.0;1745652986;84.593;94.632;97.286;112.312;
1900-01-01 17:36:27;1161.0;1745652987;84.531;94.632;97.286;112.229;
1900-01-01 17:36:28;1162.0;1745652988;84.531;94.683;97.259;112.274;
1900-01-01 17:36:29;1163.0;1745652989;84.56;94.642;97.295;112.274;
1900-01-01 17:36:30;1164.0;1745652990;84.579;94.642;97.295;112.27;
1900-01-01 17:36:31;1165.0;1745652991;84.579;94.656;97.248;112.167;
1900-01-01 17:36:32;1166.0;1745652992;84.609;94.647;97.298;112.167;
1900-01-01 17:36:34;1167.0;1745652994;84.603;94.647;97.298;112.252;
1900-01-01 17:36:34;1168.0;1745652994;84.603;94.578;97.334;112.165;
1900-01-01 17:36:35;1169.0;1745652995;84.595;94.549;97.334;112.165;
1900-01-01 17:36:37;1170.0;1745652997;84.641;94.549;97.285;112.23;
1900-01-01 17:36:37;1171.0;1745652997;84.641;94.535;97.35;112.23;
1900-01-01 17:36:38;1172.0;1745652998;84.583;94.478;97.35;112.249;
1900-01-01 17:36:39;1173.0;1745652999;84.469;94.478;97.335;112.236;
1900-01-01 17:36:40;1174.0;1745653000;84.469;94.485;97.37;112.236;
1900-01-01 17:36:41;1175.0;1745653001;84.558;94.509;97.37;112.214;
1900-01-01 17:36:42;1176.0;1745653002;84.558;94.509;97.325;112.202;
1900-01-01 17:36:43;1177.0;1745653003;84.48;94.564;97.309;112.202;
1900-01-01 17:36:44;1178.0;1745653004;84.413;94.564;97.309;112.175;
1900-01-01 17:36:45;1179.0;1745653005;84.413;94.528;97.404;112.302;
1900-01-01 17:36:46;1180.0;1745653006;84.356;94.566;97.332;112.302;
1900-01-01 17:36:47;1181.0;1745653007;84.273;94.566;97.332;112.233;
1900-01-01 17:36:48;1182.0;1745653008;84.273;94.518;97.305;112.182;
1900-01-01 17:36:49;1183.0;1745653009;84.158;94.569;97.305;112.182;
1900-01-01 17:36:50;1184.0;1745653010;84.144;94.569;97.316;112.312;
1900-01-01 17:36:51;1185.0;1745653011;84.144;94.475;97.382;112.242;
1900-01-01 17:36:52;1186.0;1745653012;84.16;94.396;97.382;112.242;
1900-01-01 17:36:53;1187.0;1745653013;84.162;94.396;97.336;112.194;
1900-01-01 17:36:54;1188.0;1745653014;84.162;94.422;97.341;112.194;
1900-01-01 17:36:55;1189.0;1745653015;84.226;94.398;97.341;112.233;
1900-01-01 17:36:56;1190.0;1745653016;84.122;94.398;97.356;112.198;
1900-01-01 17:36:57;1191.0;1745653017;84.122;94.445;97.327;112.198;
1900-01-01 17:36:58;1192.0;1745653018;84.112;94.354;97.327;112.111;
1900-01-01 17:36:59;1193.0;1745653019;84.112;94.354;97.376;112.288;
1900-01-01 17:37:00;1194.0;1745653020;84.104;94.309;97.353;112.186;
1900-01-01 17:37:01;1195.0;1745653021;84.093;94.373;97.353;112.186;
1900-01-01 17:37:02;1196.0;1745653022;84.093;94.373;97.397;112.303;
1900-01-01 17:37:03;1197.0;1745653023;84.023;94.299;97.334;112.303;
1900-01-01 17:37:04;1198.0;1745653024;84.103;94.276;97.334;112.318;
1900-01-01 17:37:05;1199.0;1745653025;84.103;94.276;97.278;112.361;
1900-01-01 17:37:06;1200.0;1745653026;84.205;94.277;97.291;112.361;
