Time;Seconds from start for linreg;Unix Time;ch1 po2;ch2 po2;ch3 po2;ch4 po2;
1900-01-01 21:02:07;1.0;1745665327;99.913;101.127;96.307;104.738;
1900-01-01 21:02:08;2.0;1745665328;99.847;101.127;96.259;104.866;
1900-01-01 21:02:09;3.0;1745665329;99.847;101.108;96.331;104.866;
1900-01-01 21:02:10;4.0;1745665330;99.917;101.095;96.331;104.833;
1900-01-01 21:02:11;5.0;1745665331;99.917;101.095;96.352;104.819;
1900-01-01 21:02:12;6.0;1745665332;99.886;101.108;96.341;104.819;
1900-01-01 21:02:13;7.0;1745665333;99.814;101.108;96.341;104.831;
1900-01-01 21:02:14;8.0;1745665334;99.814;101.056;96.337;104.895;
1900-01-01 21:02:15;9.0;1745665335;99.908;101.034;96.269;104.895;
1900-01-01 21:02:17;10.0;1745665337;99.83;101.002;96.269;104.836;
1900-01-01 21:02:17;11.0;1745665337;99.83;101.002;96.237;104.805;
1900-01-01 21:02:18;12.0;1745665338;99.77;100.95;96.305;104.805;
1900-01-01 21:02:19;13.0;1745665339;99.711;100.95;96.305;104.837;
1900-01-01 21:02:20;14.0;1745665340;99.711;100.888;96.409;104.81;
1900-01-01 21:02:21;15.0;1745665341;99.708;100.943;96.4;104.81;
1900-01-01 21:02:22;16.0;1745665342;99.648;100.943;96.4;104.939;
1900-01-01 21:02:23;17.0;1745665343;99.648;100.956;96.465;104.792;
1900-01-01 21:02:24;18.0;1745665344;99.574;100.964;96.465;104.792;
1900-01-01 21:02:25;19.0;1745665345;99.667;100.964;96.363;104.846;
1900-01-01 21:02:26;20.0;1745665346;99.667;100.994;96.254;104.759;
1900-01-01 21:02:27;21.0;1745665347;99.57;100.889;96.254;104.759;
1900-01-01 21:02:28;22.0;1745665348;99.583;100.889;96.309;104.844;
1900-01-01 21:02:29;23.0;1745665349;99.583;100.89;96.347;104.835;
1900-01-01 21:02:30;24.0;1745665350;99.543;100.978;96.347;104.835;
1900-01-01 21:02:31;25.0;1745665351;99.543;100.978;96.331;104.833;
1900-01-01 21:02:32;26.0;1745665352;99.626;100.975;96.243;104.833;
1900-01-01 21:02:33;27.0;1745665353;99.625;100.913;96.243;104.826;
1900-01-01 21:02:34;28.0;1745665354;99.625;100.913;96.296;104.871;
1900-01-01 21:02:35;29.0;1745665355;99.687;100.943;96.205;104.871;
1900-01-01 21:02:36;30.0;1745665356;99.579;100.997;96.205;104.929;
1900-01-01 21:02:37;31.0;1745665357;99.579;100.997;96.197;104.946;
1900-01-01 21:02:38;32.0;1745665358;99.584;100.969;96.147;104.946;
1900-01-01 21:02:39;33.0;1745665359;99.549;101.068;96.147;104.86;
1900-01-01 21:02:40;34.0;1745665360;99.549;101.068;96.124;104.902;
1900-01-01 21:02:41;35.0;1745665361;99.491;100.941;96.131;104.902;
1900-01-01 21:02:42;36.0;1745665362;99.518;100.941;96.131;104.903;
1900-01-01 21:02:43;37.0;1745665363;99.518;100.964;96.174;104.848;
1900-01-01 21:02:44;38.0;1745665364;99.546;100.942;96.174;104.848;
1900-01-01 21:02:45;39.0;1745665365;99.532;100.942;96.206;104.876;
1900-01-01 21:02:46;40.0;1745665366;99.532;100.952;96.258;104.829;
1900-01-01 21:02:47;41.0;1745665367;99.623;100.92;96.211;104.829;
1900-01-01 21:02:48;42.0;1745665368;99.496;100.92;96.211;104.925;
1900-01-01 21:02:49;43.0;1745665369;99.496;100.985;96.134;104.864;
1900-01-01 21:02:50;44.0;1745665370;99.497;100.988;96.134;104.864;
1900-01-01 21:02:52;45.0;1745665372;99.506;100.988;96.17;104.898;
1900-01-01 21:02:52;46.0;1745665372;99.506;100.884;96.212;104.898;
1900-01-01 21:02:53;47.0;1745665373;99.509;100.959;96.212;104.841;
1900-01-01 21:02:54;48.0;1745665374;99.537;100.959;96.307;104.855;
1900-01-01 21:02:55;49.0;1745665375;99.537;100.936;96.392;104.855;
1900-01-01 21:02:56;50.0;1745665376;99.516;100.94;96.392;104.784;
1900-01-01 21:02:58;51.0;1745665378;99.511;100.94;96.451;104.821;
1900-01-01 21:02:58;52.0;1745665378;99.511;100.942;96.368;104.821;
1900-01-01 21:02:59;53.0;1745665379;99.573;100.919;96.368;104.85;
1900-01-01 21:03:00;54.0;1745665380;99.573;100.919;96.325;104.863;
1900-01-01 21:03:01;55.0;1745665381;99.532;100.9;96.335;104.863;
1900-01-01 21:03:02;56.0;1745665382;99.643;100.852;96.335;104.889;
1900-01-01 21:03:03;57.0;1745665383;99.643;100.852;96.259;104.961;
1900-01-01 21:03:04;58.0;1745665384;99.474;100.838;96.259;104.961;
1900-01-01 21:03:05;59.0;1745665385;99.512;100.838;96.301;104.88;
1900-01-01 21:03:06;60.0;1745665386;99.512;100.926;96.205;104.924;
1900-01-01 21:03:08;61.0;1745665388;99.545;100.921;96.174;104.924;
1900-01-01 21:03:08;62.0;1745665388;99.548;100.921;96.174;104.876;
1900-01-01 21:03:09;63.0;1745665389;99.548;100.9;96.124;104.893;
1900-01-01 21:03:10;64.0;1745665390;99.565;100.728;96.124;104.893;
1900-01-01 21:03:11;65.0;1745665391;99.565;100.728;96.06;104.875;
1900-01-01 21:03:12;66.0;1745665392;99.559;100.778;96.067;104.875;
1900-01-01 21:03:13;67.0;1745665393;99.504;100.885;96.067;104.926;
1900-01-01 21:03:14;68.0;1745665394;99.504;100.885;96.154;104.854;
1900-01-01 21:03:15;69.0;1745665395;99.507;100.902;96.073;104.854;
1900-01-01 21:03:17;70.0;1745665397;99.529;100.844;96.073;104.947;
1900-01-01 21:03:17;71.0;1745665397;99.529;100.844;95.966;104.84;
1900-01-01 21:03:18;72.0;1745665398;99.505;100.854;95.916;104.84;
1900-01-01 21:03:20;73.0;1745665400;99.482;100.814;95.916;104.856;
1900-01-01 21:03:20;74.0;1745665400;99.482;100.814;95.901;104.906;
1900-01-01 21:03:21;75.0;1745665401;99.492;100.86;95.986;104.906;
1900-01-01 21:03:22;76.0;1745665402;99.407;100.86;95.986;104.939;
1900-01-01 21:03:23;77.0;1745665403;99.407;100.861;95.915;104.928;
1900-01-01 21:03:24;78.0;1745665404;99.411;100.788;95.903;104.928;
1900-01-01 21:03:25;79.0;1745665405;99.505;100.788;95.903;104.82;
1900-01-01 21:03:26;80.0;1745665406;99.505;100.763;95.948;104.908;
1900-01-01 21:03:27;81.0;1745665407;99.459;100.884;95.948;104.908;
1900-01-01 21:03:28;82.0;1745665408;99.47;100.884;96.024;104.972;
1900-01-01 21:03:29;83.0;1745665409;99.47;100.751;96.018;104.898;
1900-01-01 21:03:30;84.0;1745665410;99.364;100.832;96.018;104.898;
1900-01-01 21:03:31;85.0;1745665411;99.357;100.832;96.098;104.846;
1900-01-01 21:03:33;86.0;1745665413;99.357;100.84;96.076;104.889;
1900-01-01 21:03:33;87.0;1745665413;99.335;100.723;96.076;104.889;
1900-01-01 21:03:34;88.0;1745665414;99.39;100.723;96.032;104.907;
1900-01-01 21:03:35;89.0;1745665415;99.39;100.824;96.039;104.907;
1900-01-01 21:03:36;90.0;1745665416;99.376;100.743;96.039;104.932;
1900-01-01 21:03:37;91.0;1745665417;99.376;100.743;95.998;104.885;
1900-01-01 21:03:38;92.0;1745665418;99.294;100.69;95.903;104.885;
1900-01-01 21:03:39;93.0;1745665419;99.303;100.69;95.903;104.864;
1900-01-01 21:03:40;94.0;1745665420;99.303;100.668;95.909;104.836;
1900-01-01 21:03:41;95.0;1745665421;99.33;100.656;95.909;104.836;
1900-01-01 21:03:42;96.0;1745665422;99.237;100.656;95.93;104.871;
1900-01-01 21:03:43;97.0;1745665423;99.237;100.726;95.984;104.873;
1900-01-01 21:03:44;98.0;1745665424;99.141;100.506;95.984;104.873;
1900-01-01 21:03:45;99.0;1745665425;99.128;100.506;96.025;104.793;
1900-01-01 21:03:46;100.0;1745665426;99.128;100.641;96.041;104.901;
1900-01-01 21:03:47;101.0;1745665427;99.114;100.63;96.041;104.901;
1900-01-01 21:03:48;102.0;1745665428;99.114;100.63;96.035;104.928;
1900-01-01 21:03:49;103.0;1745665429;99.097;100.601;96.02;104.862;
1900-01-01 21:03:50;104.0;1745665430;99.07;100.601;96.02;104.862;
1900-01-01 21:03:51;105.0;1745665431;99.07;100.516;96.053;104.797;
1900-01-01 21:03:52;106.0;1745665432;99.01;100.516;96.094;104.797;
1900-01-01 21:03:53;107.0;1745665433;99.042;100.516;96.094;104.839;
1900-01-01 21:03:54;108.0;1745665434;99.042;100.617;96.054;104.946;
1900-01-01 21:03:55;109.0;1745665435;98.995;100.553;96.054;104.946;
1900-01-01 21:03:56;110.0;1745665436;98.933;100.553;96.097;104.875;
1900-01-01 21:03:57;111.0;1745665437;98.933;100.55;95.988;104.862;
1900-01-01 21:03:58;112.0;1745665438;98.917;100.541;96.039;104.862;
1900-01-01 21:03:59;113.0;1745665439;98.867;100.541;96.039;104.834;
1900-01-01 21:04:00;114.0;1745665440;98.867;100.498;95.991;104.881;
1900-01-01 21:04:01;115.0;1745665441;98.791;100.598;95.991;104.881;
1900-01-01 21:04:02;116.0;1745665442;98.705;100.598;96.046;104.857;
1900-01-01 21:04:03;117.0;1745665443;98.705;100.512;95.917;104.909;
1900-01-01 21:04:04;118.0;1745665444;98.546;100.541;95.917;104.909;
1900-01-01 21:04:05;119.0;1745665445;98.587;100.541;95.919;104.876;
1900-01-01 21:04:06;120.0;1745665446;98.587;100.492;95.889;104.86;
1900-01-01 21:04:07;121.0;1745665447;98.597;100.512;95.889;104.86;
1900-01-01 21:04:08;122.0;1745665448;98.523;100.512;95.949;104.882;
1900-01-01 21:04:09;123.0;1745665449;98.523;100.506;95.963;104.882;
1900-01-01 21:04:10;124.0;1745665450;98.576;100.418;95.963;104.894;
1900-01-01 21:04:11;125.0;1745665451;98.572;100.418;95.986;104.902;
1900-01-01 21:04:12;126.0;1745665452;98.572;100.409;95.988;104.875;
1900-01-01 21:04:13;127.0;1745665453;98.634;100.448;95.951;104.875;
1900-01-01 21:04:14;128.0;1745665454;98.558;100.448;95.951;104.849;
1900-01-01 21:04:15;129.0;1745665455;98.558;100.359;95.808;104.845;
1900-01-01 21:04:16;130.0;1745665456;98.617;100.464;95.808;104.845;
1900-01-01 21:04:17;131.0;1745665457;98.549;100.464;95.815;104.909;
1900-01-01 21:04:18;132.0;1745665458;98.549;100.415;95.753;104.822;
1900-01-01 21:04:19;133.0;1745665459;98.588;100.435;95.753;104.822;
1900-01-01 21:04:20;134.0;1745665460;98.558;100.435;95.726;104.866;
1900-01-01 21:04:21;135.0;1745665461;98.558;100.364;95.751;104.905;
1900-01-01 21:04:22;136.0;1745665462;98.565;100.393;95.751;104.905;
1900-01-01 21:04:24;137.0;1745665464;98.644;100.393;95.715;104.92;
1900-01-01 21:04:24;138.0;1745665464;98.644;100.357;95.748;104.931;
1900-01-01 21:04:25;139.0;1745665465;98.675;100.448;95.748;104.931;
1900-01-01 21:04:26;140.0;1745665466;98.675;100.448;95.685;104.914;
1900-01-01 21:04:27;141.0;1745665467;98.695;100.429;95.652;104.914;
1900-01-01 21:04:29;142.0;1745665469;98.794;100.367;95.652;104.875;
1900-01-01 21:04:29;143.0;1745665469;98.794;100.367;95.682;104.878;
1900-01-01 21:04:30;144.0;1745665470;98.782;100.465;95.706;104.878;
1900-01-01 21:04:31;145.0;1745665471;98.788;100.418;95.706;104.866;
1900-01-01 21:04:32;146.0;1745665472;98.788;100.418;95.627;104.897;
1900-01-01 21:04:33;147.0;1745665473;98.746;100.412;95.685;104.897;
1900-01-01 21:04:34;148.0;1745665474;98.721;100.412;95.685;104.976;
1900-01-01 21:04:35;149.0;1745665475;98.721;100.402;95.692;104.842;
1900-01-01 21:04:36;150.0;1745665476;98.727;100.416;95.678;104.842;
1900-01-01 21:04:37;151.0;1745665477;98.624;100.349;95.678;104.95;
1900-01-01 21:04:38;152.0;1745665478;98.624;100.349;95.717;104.816;
1900-01-01 21:04:39;153.0;1745665479;98.635;100.458;95.772;104.816;
1900-01-01 21:04:40;154.0;1745665480;98.61;100.458;95.772;104.999;
1900-01-01 21:04:41;155.0;1745665481;98.61;100.385;95.731;104.866;
1900-01-01 21:04:42;156.0;1745665482;98.536;100.378;95.731;104.866;
1900-01-01 21:04:43;157.0;1745665483;98.483;100.378;95.693;104.906;
1900-01-01 21:04:44;158.0;1745665484;98.483;100.374;95.636;104.948;
1900-01-01 21:04:45;159.0;1745665485;98.512;100.391;95.636;104.948;
1900-01-01 21:04:46;160.0;1745665486;98.568;100.391;95.67;104.863;
1900-01-01 21:04:47;161.0;1745665487;98.568;100.374;95.689;104.869;
1900-01-01 21:04:48;162.0;1745665488;98.569;100.378;95.689;104.869;
1900-01-01 21:04:49;163.0;1745665489;98.493;100.378;95.803;104.847;
1900-01-01 21:04:50;164.0;1745665490;98.493;100.415;95.774;104.847;
1900-01-01 21:04:51;165.0;1745665491;98.544;100.427;95.774;104.901;
1900-01-01 21:04:53;166.0;1745665493;98.475;100.427;95.757;104.919;
1900-01-01 21:04:53;167.0;1745665493;98.475;100.406;95.537;104.919;
1900-01-01 21:04:54;168.0;1745665494;98.435;100.36;95.537;104.893;
1900-01-01 21:04:55;169.0;1745665495;98.435;100.36;95.565;104.927;
1900-01-01 21:04:56;170.0;1745665496;98.479;100.335;95.551;104.927;
1900-01-01 21:04:57;171.0;1745665497;98.482;100.356;95.551;104.895;
1900-01-01 21:04:58;172.0;1745665498;98.482;100.356;95.462;104.853;
1900-01-01 21:04:59;173.0;1745665499;98.512;100.376;95.463;104.853;
1900-01-01 21:05:00;174.0;1745665500;98.44;100.368;95.463;104.848;
1900-01-01 21:05:01;175.0;1745665501;98.44;100.368;95.535;104.922;
1900-01-01 21:05:02;176.0;1745665502;98.375;100.321;95.535;104.922;
1900-01-01 21:05:03;177.0;1745665503;98.399;100.321;95.591;104.956;
1900-01-01 21:05:04;178.0;1745665504;98.399;100.348;95.645;104.869;
1900-01-01 21:05:06;179.0;1745665506;98.287;100.306;95.644;104.869;
1900-01-01 21:05:06;180.0;1745665506;98.402;100.306;95.644;104.881;
1900-01-01 21:05:07;181.0;1745665507;98.402;100.304;95.632;104.872;
1900-01-01 21:05:08;182.0;1745665508;98.381;100.278;95.549;104.872;
1900-01-01 21:05:09;183.0;1745665509;98.349;100.278;95.549;104.887;
1900-01-01 21:05:10;184.0;1745665510;98.349;100.33;95.632;104.858;
1900-01-01 21:05:11;185.0;1745665511;98.366;100.276;95.632;104.858;
1900-01-01 21:05:12;186.0;1745665512;98.373;100.276;95.554;104.856;
1900-01-01 21:05:13;187.0;1745665513;98.373;100.299;95.446;104.856;
1900-01-01 21:05:14;188.0;1745665514;98.312;100.181;95.446;104.838;
1900-01-01 21:05:16;189.0;1745665516;98.295;100.181;95.477;104.933;
1900-01-01 21:05:16;190.0;1745665516;98.295;100.182;95.42;104.933;
1900-01-01 21:05:17;191.0;1745665517;98.292;100.161;95.42;104.811;
1900-01-01 21:05:19;192.0;1745665519;98.3;100.161;95.328;104.833;
1900-01-01 21:05:19;193.0;1745665519;98.3;100.139;95.394;104.833;
1900-01-01 21:05:20;194.0;1745665520;98.318;100.139;95.394;104.924;
1900-01-01 21:05:21;195.0;1745665521;98.318;100.163;95.491;104.886;
1900-01-01 21:05:22;196.0;1745665522;98.189;100.131;95.432;104.886;
1900-01-01 21:05:23;197.0;1745665523;98.21;100.131;95.432;104.873;
1900-01-01 21:05:24;198.0;1745665524;98.21;100.121;95.498;104.911;
1900-01-01 21:05:25;199.0;1745665525;98.225;100.061;95.498;104.911;
1900-01-01 21:05:26;200.0;1745665526;98.222;100.061;95.565;104.836;
1900-01-01 21:05:27;201.0;1745665527;98.222;100.045;95.557;104.814;
1900-01-01 21:05:28;202.0;1745665528;98.219;100.088;95.557;104.814;
1900-01-01 21:05:30;203.0;1745665530;98.15;100.088;95.516;104.892;
1900-01-01 21:05:30;204.0;1745665530;98.15;100.076;95.551;104.892;
1900-01-01 21:05:31;205.0;1745665531;98.18;99.988;95.551;104.837;
1900-01-01 21:05:32;206.0;1745665532;98.19;99.988;95.523;104.822;
1900-01-01 21:05:33;207.0;1745665533;98.19;99.994;95.385;104.822;
1900-01-01 21:05:34;208.0;1745665534;98.242;99.923;95.385;104.892;
1900-01-01 21:05:35;209.0;1745665535;98.242;99.923;95.455;104.878;
1900-01-01 21:05:36;210.0;1745665536;98.11;99.979;95.517;104.878;
1900-01-01 21:05:37;211.0;1745665537;98.088;99.979;95.517;104.825;
1900-01-01 21:05:38;212.0;1745665538;98.088;99.861;95.651;104.788;
1900-01-01 21:05:39;213.0;1745665539;98.143;99.967;95.706;104.788;
1900-01-01 21:05:40;214.0;1745665540;98.16;99.967;95.706;104.858;
1900-01-01 21:05:41;215.0;1745665541;98.16;99.898;95.663;104.88;
1900-01-01 21:05:42;216.0;1745665542;98.14;99.851;95.635;104.88;
1900-01-01 21:05:44;217.0;1745665544;98.017;99.862;95.635;104.916;
1900-01-01 21:05:44;218.0;1745665544;98.017;99.862;95.523;104.983;
1900-01-01 21:05:45;219.0;1745665545;98.099;99.854;95.451;104.983;
1900-01-01 21:05:46;220.0;1745665546;98.017;99.854;95.451;104.848;
1900-01-01 21:05:47;221.0;1745665547;98.017;99.825;95.365;104.849;
1900-01-01 21:05:48;222.0;1745665548;98.135;99.825;95.305;104.849;
1900-01-01 21:05:49;223.0;1745665549;98.074;99.825;95.305;104.978;
1900-01-01 21:05:50;224.0;1745665550;98.074;99.797;95.34;104.865;
1900-01-01 21:05:51;225.0;1745665551;98.079;99.753;95.34;104.865;
1900-01-01 21:05:52;226.0;1745665552;97.99;99.753;95.356;104.896;
1900-01-01 21:05:53;227.0;1745665553;97.99;99.815;95.415;104.896;
1900-01-01 21:05:54;228.0;1745665554;98.074;99.902;95.415;104.984;
1900-01-01 21:05:55;229.0;1745665555;98.108;99.902;95.34;104.941;
1900-01-01 21:05:56;230.0;1745665556;98.108;99.867;95.376;104.91;
1900-01-01 21:05:57;231.0;1745665557;98.109;99.819;95.376;104.91;
1900-01-01 21:05:58;232.0;1745665558;98.109;99.819;95.313;104.93;
1900-01-01 21:05:59;233.0;1745665559;98.19;99.805;95.229;104.93;
1900-01-01 21:06:00;234.0;1745665560;98.273;99.753;95.229;104.88;
1900-01-01 21:06:01;235.0;1745665561;98.273;99.753;95.317;104.898;
1900-01-01 21:06:02;236.0;1745665562;98.265;99.789;95.217;104.898;
1900-01-01 21:06:03;237.0;1745665563;98.178;99.789;95.217;104.894;
1900-01-01 21:06:04;238.0;1745665564;98.178;99.79;95.196;104.888;
1900-01-01 21:06:05;239.0;1745665565;98.152;99.787;95.155;104.888;
1900-01-01 21:06:06;240.0;1745665566;98.211;99.787;95.155;104.846;
1900-01-01 21:06:07;241.0;1745665567;98.211;99.665;95.179;104.813;
1900-01-01 21:06:08;242.0;1745665568;98.181;99.789;95.173;104.813;
1900-01-01 21:06:09;243.0;1745665569;98.124;99.789;95.173;104.805;
1900-01-01 21:06:10;244.0;1745665570;98.124;99.628;95.23;104.822;
1900-01-01 21:06:11;245.0;1745665571;98.033;99.768;95.274;104.822;
1900-01-01 21:06:12;246.0;1745665572;97.948;99.726;95.274;104.963;
1900-01-01 21:06:13;247.0;1745665573;97.948;99.726;95.219;104.84;
1900-01-01 21:06:14;248.0;1745665574;97.937;99.812;95.339;104.84;
1900-01-01 21:06:15;249.0;1745665575;97.911;99.812;95.339;104.906;
1900-01-01 21:06:16;250.0;1745665576;97.911;99.714;95.28;104.943;
1900-01-01 21:06:17;251.0;1745665577;98.005;99.88;95.28;104.943;
1900-01-01 21:06:18;252.0;1745665578;98.009;99.88;95.343;104.807;
1900-01-01 21:06:20;253.0;1745665580;98.009;99.77;95.281;104.934;
1900-01-01 21:06:20;254.0;1745665580;97.953;99.82;95.281;104.934;
1900-01-01 21:06:21;255.0;1745665581;98.06;99.82;95.246;104.898;
1900-01-01 21:06:22;256.0;1745665582;98.06;99.902;95.255;104.869;
1900-01-01 21:06:23;257.0;1745665583;98.055;99.91;95.255;104.869;
1900-01-01 21:06:24;258.0;1745665584;98.055;99.91;95.151;104.835;
1900-01-01 21:06:25;259.0;1745665585;98.014;99.853;95.102;104.835;
1900-01-01 21:06:26;260.0;1745665586;98.0;99.939;95.102;104.9;
1900-01-01 21:06:28;261.0;1745665588;98.014;99.939;95.082;104.962;
1900-01-01 21:06:28;262.0;1745665588;98.014;99.912;95.151;104.962;
1900-01-01 21:06:29;263.0;1745665589;97.995;99.902;95.151;104.866;
1900-01-01 21:06:30;264.0;1745665590;97.995;99.902;95.118;104.809;
1900-01-01 21:06:31;265.0;1745665591;97.928;99.911;95.129;104.809;
1900-01-01 21:06:32;266.0;1745665592;97.929;99.911;95.129;104.874;
1900-01-01 21:06:33;267.0;1745665593;97.929;99.783;95.117;104.768;
1900-01-01 21:06:34;268.0;1745665594;97.825;99.858;95.147;104.768;
1900-01-01 21:06:35;269.0;1745665595;97.876;99.858;95.147;104.916;
1900-01-01 21:06:36;270.0;1745665596;97.876;99.797;95.291;104.84;
1900-01-01 21:06:37;271.0;1745665597;97.951;99.78;95.291;104.84;
1900-01-01 21:06:38;272.0;1745665598;97.824;99.78;95.189;104.802;
1900-01-01 21:06:39;273.0;1745665599;97.824;99.775;95.349;104.847;
1900-01-01 21:06:40;274.0;1745665600;97.842;99.837;95.349;104.847;
1900-01-01 21:06:41;275.0;1745665601;97.842;99.837;95.296;104.84;
1900-01-01 21:06:42;276.0;1745665602;97.781;99.768;95.223;104.84;
1900-01-01 21:06:43;277.0;1745665603;97.892;99.814;95.223;104.893;
1900-01-01 21:06:44;278.0;1745665604;97.746;99.814;95.209;104.866;
1900-01-01 21:06:45;279.0;1745665605;97.746;99.864;95.143;104.866;
1900-01-01 21:06:46;280.0;1745665606;97.834;99.732;95.143;104.798;
1900-01-01 21:06:47;281.0;1745665607;97.834;99.732;95.089;104.762;
1900-01-01 21:06:48;282.0;1745665608;97.861;99.696;95.122;104.943;
1900-01-01 21:06:49;283.0;1745665609;97.844;99.696;95.122;104.943;
1900-01-01 21:06:50;284.0;1745665610;97.844;99.763;95.07;104.787;
1900-01-01 21:06:51;285.0;1745665611;97.857;99.691;95.048;104.787;
1900-01-01 21:06:52;286.0;1745665612;97.877;99.691;95.048;104.845;
1900-01-01 21:06:53;287.0;1745665613;97.877;99.709;95.082;104.916;
1900-01-01 21:06:54;288.0;1745665614;97.887;99.648;95.066;104.916;
1900-01-01 21:06:55;289.0;1745665615;97.839;99.648;95.066;104.9;
1900-01-01 21:06:56;290.0;1745665616;97.839;99.596;95.045;104.884;
1900-01-01 21:06:57;291.0;1745665617;97.859;99.691;95.045;104.884;
1900-01-01 21:06:58;292.0;1745665618;97.805;99.691;94.913;104.864;
1900-01-01 21:06:59;293.0;1745665619;97.805;99.598;94.996;104.987;
1900-01-01 21:07:00;294.0;1745665620;97.805;99.728;94.996;104.987;
1900-01-01 21:07:01;295.0;1745665621;97.805;99.728;94.97;104.827;
1900-01-01 21:07:02;296.0;1745665622;97.786;99.678;94.968;104.839;
1900-01-01 21:07:03;297.0;1745665623;97.771;99.689;94.968;104.839;
1900-01-01 21:07:04;298.0;1745665624;97.771;99.689;94.926;104.91;
1900-01-01 21:07:05;299.0;1745665625;97.713;99.594;94.822;104.91;
1900-01-01 21:07:06;300.0;1745665626;97.813;99.594;94.822;104.845;
1900-01-01 21:07:07;301.0;1745665627;97.813;99.713;94.895;104.887;
1900-01-01 21:07:08;302.0;1745665628;97.726;99.69;94.884;104.887;
1900-01-01 21:07:09;303.0;1745665629;97.715;99.69;94.884;104.889;
1900-01-01 21:07:10;304.0;1745665630;97.715;99.666;94.901;104.829;
1900-01-01 21:07:11;305.0;1745665631;97.587;99.626;94.95;104.829;
1900-01-01 21:07:12;306.0;1745665632;97.612;99.626;94.95;104.763;
1900-01-01 21:07:13;307.0;1745665633;97.612;99.661;95.021;104.82;
1900-01-01 21:07:14;308.0;1745665634;97.544;99.584;94.925;104.82;
1900-01-01 21:07:15;309.0;1745665635;97.632;99.584;94.925;104.785;
1900-01-01 21:07:16;310.0;1745665636;97.632;99.612;94.974;104.802;
1900-01-01 21:07:17;311.0;1745665637;97.582;99.637;94.974;104.802;
1900-01-01 21:07:18;312.0;1745665638;97.539;99.637;95.092;104.756;
1900-01-01 21:07:19;313.0;1745665639;97.539;99.598;95.092;104.756;
1900-01-01 21:07:20;314.0;1745665640;97.525;99.572;95.092;104.809;
1900-01-01 21:07:21;315.0;1745665641;97.566;99.572;95.108;104.944;
1900-01-01 21:07:22;316.0;1745665642;97.566;99.504;94.961;104.86;
1900-01-01 21:07:23;317.0;1745665643;97.483;99.565;94.961;104.86;
1900-01-01 21:07:24;318.0;1745665644;97.483;99.565;94.886;104.921;
1900-01-01 21:07:25;319.0;1745665645;97.42;99.5;94.722;104.921;
1900-01-01 21:07:26;320.0;1745665646;97.372;99.559;94.722;104.857;
1900-01-01 21:07:27;321.0;1745665647;97.372;99.559;94.724;104.955;
1900-01-01 21:07:28;322.0;1745665648;97.334;99.455;94.75;104.955;
1900-01-01 21:07:29;323.0;1745665649;97.283;99.455;94.75;104.963;
1900-01-01 21:07:30;324.0;1745665650;97.283;99.454;94.853;104.83;
1900-01-01 21:07:31;325.0;1745665651;97.357;99.501;94.851;104.83;
1900-01-01 21:07:32;326.0;1745665652;97.425;99.501;94.851;104.894;
1900-01-01 21:07:33;327.0;1745665653;97.425;99.509;94.82;105.001;
1900-01-01 21:07:35;328.0;1745665655;97.421;99.493;94.888;105.001;
1900-01-01 21:07:35;329.0;1745665655;97.533;99.493;94.888;104.886;
1900-01-01 21:07:36;330.0;1745665656;97.533;99.509;94.902;104.808;
1900-01-01 21:07:37;331.0;1745665657;97.561;99.477;94.902;104.808;
1900-01-01 21:07:38;332.0;1745665658;97.587;99.477;94.975;104.894;
1900-01-01 21:07:39;333.0;1745665659;97.587;99.458;95.036;104.905;
1900-01-01 21:07:40;334.0;1745665660;97.604;99.424;94.976;104.905;
1900-01-01 21:07:41;335.0;1745665661;97.604;99.424;94.976;104.752;
1900-01-01 21:07:42;336.0;1745665662;97.626;99.531;94.99;104.876;
1900-01-01 21:07:43;337.0;1745665663;97.623;99.457;94.99;104.876;
1900-01-01 21:07:44;338.0;1745665664;97.623;99.457;94.832;104.839;
1900-01-01 21:07:45;339.0;1745665665;97.657;99.438;94.802;104.839;
1900-01-01 21:07:46;340.0;1745665666;97.682;99.494;94.802;104.826;
1900-01-01 21:07:47;341.0;1745665667;97.682;99.494;94.789;104.963;
1900-01-01 21:07:48;342.0;1745665668;97.568;99.482;94.746;104.963;
1900-01-01 21:07:49;343.0;1745665669;97.535;99.433;94.746;104.859;
1900-01-01 21:07:51;344.0;1745665671;97.535;99.433;94.789;104.826;
1900-01-01 21:07:51;345.0;1745665671;97.545;99.453;94.729;104.826;
1900-01-01 21:07:52;346.0;1745665672;97.541;99.453;94.729;104.856;
1900-01-01 21:07:53;347.0;1745665673;97.541;99.446;94.793;104.856;
1900-01-01 21:07:54;348.0;1745665674;97.619;99.383;94.793;104.856;
1900-01-01 21:07:55;349.0;1745665675;97.582;99.383;94.701;104.83;
1900-01-01 21:07:56;350.0;1745665676;97.582;99.469;94.674;104.835;
1900-01-01 21:07:58;351.0;1745665678;97.616;99.454;94.632;104.835;
1900-01-01 21:07:58;352.0;1745665678;97.482;99.454;94.632;104.846;
1900-01-01 21:07:59;353.0;1745665679;97.482;99.31;94.56;104.794;
1900-01-01 21:08:00;354.0;1745665680;97.501;99.485;94.544;104.794;
1900-01-01 21:08:01;355.0;1745665681;97.501;99.485;94.544;104.835;
1900-01-01 21:08:02;356.0;1745665682;97.555;99.342;94.598;104.845;
1900-01-01 21:08:03;357.0;1745665683;97.447;99.403;94.598;104.845;
1900-01-01 21:08:04;358.0;1745665684;97.391;99.403;94.573;104.774;
1900-01-01 21:08:05;359.0;1745665685;97.391;99.369;94.568;104.774;
1900-01-01 21:08:06;360.0;1745665686;97.449;99.33;94.568;104.797;
1900-01-01 21:08:07;361.0;1745665687;97.333;99.33;94.665;104.92;
1900-01-01 21:08:09;362.0;1745665689;97.333;99.244;94.786;104.866;
1900-01-01 21:08:09;363.0;1745665689;97.284;99.192;94.786;104.866;
1900-01-01 21:08:10;364.0;1745665690;97.284;99.192;94.706;104.761;
1900-01-01 21:08:11;365.0;1745665691;97.305;99.128;94.762;104.761;
1900-01-01 21:08:12;366.0;1745665692;97.311;99.112;94.762;104.817;
1900-01-01 21:08:13;367.0;1745665693;97.311;99.112;94.698;104.774;
1900-01-01 21:08:14;368.0;1745665694;97.4;99.108;94.629;104.774;
1900-01-01 21:08:15;369.0;1745665695;97.396;99.108;94.629;104.875;
1900-01-01 21:08:16;370.0;1745665696;97.396;99.132;94.49;104.851;
1900-01-01 21:08:17;371.0;1745665697;97.336;99.023;94.49;104.851;
1900-01-01 21:08:18;372.0;1745665698;97.285;99.023;94.603;104.817;
1900-01-01 21:08:19;373.0;1745665699;97.285;99.065;94.565;104.817;
1900-01-01 21:08:20;374.0;1745665700;97.29;99.081;94.565;104.796;
1900-01-01 21:08:21;375.0;1745665701;97.215;99.081;94.532;104.772;
1900-01-01 21:08:22;376.0;1745665702;97.215;99.167;94.623;104.772;
1900-01-01 21:08:23;377.0;1745665703;97.167;99.132;94.623;104.852;
1900-01-01 21:08:24;378.0;1745665704;97.139;99.132;94.604;104.863;
1900-01-01 21:08:25;379.0;1745665705;97.139;99.191;94.625;104.863;
1900-01-01 21:08:26;380.0;1745665706;97.176;99.149;94.625;104.776;
1900-01-01 21:08:27;381.0;1745665707;97.212;99.149;94.632;104.801;
1900-01-01 21:08:28;382.0;1745665708;97.212;99.086;94.628;104.801;
1900-01-01 21:08:29;383.0;1745665709;97.21;99.18;94.628;104.841;
1900-01-01 21:08:30;384.0;1745665710;97.21;99.18;94.578;104.85;
1900-01-01 21:08:31;385.0;1745665711;97.157;99.173;94.52;104.85;
1900-01-01 21:08:32;386.0;1745665712;97.136;99.173;94.52;104.805;
1900-01-01 21:08:33;387.0;1745665713;97.136;99.204;94.431;104.855;
1900-01-01 21:08:34;388.0;1745665714;97.092;99.182;94.464;104.855;
1900-01-01 21:08:36;389.0;1745665716;97.194;99.138;94.464;104.81;
1900-01-01 21:08:36;390.0;1745665716;97.194;99.138;94.492;104.812;
1900-01-01 21:08:37;391.0;1745665717;97.256;99.145;94.496;104.812;
1900-01-01 21:08:38;392.0;1745665718;97.309;99.204;94.496;104.791;
1900-01-01 21:08:39;393.0;1745665719;97.309;99.204;94.51;104.829;
1900-01-01 21:08:40;394.0;1745665720;97.238;99.138;94.586;104.829;
1900-01-01 21:08:41;395.0;1745665721;97.341;99.138;94.586;104.761;
1900-01-01 21:08:42;396.0;1745665722;97.341;99.18;94.387;104.849;
1900-01-01 21:08:43;397.0;1745665723;97.314;99.15;94.387;104.849;
1900-01-01 21:08:44;398.0;1745665724;97.297;99.15;94.399;104.855;
1900-01-01 21:08:45;399.0;1745665725;97.297;99.182;94.352;104.851;
1900-01-01 21:08:46;400.0;1745665726;97.278;99.142;94.352;104.851;
1900-01-01 21:08:47;401.0;1745665727;97.282;99.142;94.418;104.816;
1900-01-01 21:08:48;402.0;1745665728;97.282;99.05;94.452;104.846;
1900-01-01 21:08:49;403.0;1745665729;97.329;99.089;94.452;104.846;
1900-01-01 21:08:50;404.0;1745665730;97.329;99.089;94.383;104.786;
1900-01-01 21:08:52;405.0;1745665732;97.353;99.049;94.32;104.877;
1900-01-01 21:08:52;406.0;1745665732;97.21;98.993;94.32;104.877;
1900-01-01 21:08:53;407.0;1745665733;97.21;98.993;94.368;104.801;
1900-01-01 21:08:55;408.0;1745665735;97.185;99.068;94.453;104.801;
1900-01-01 21:08:55;409.0;1745665735;97.214;99.068;94.453;104.877;
1900-01-01 21:08:56;410.0;1745665736;97.214;98.962;94.412;104.785;
1900-01-01 21:08:57;411.0;1745665737;97.147;98.947;94.437;104.785;
1900-01-01 21:08:58;412.0;1745665738;97.023;98.947;94.437;104.857;
1900-01-01 21:08:59;413.0;1745665739;97.023;98.902;94.389;104.897;
1900-01-01 21:09:01;414.0;1745665741;97.068;98.938;94.457;104.897;
1900-01-01 21:09:01;415.0;1745665741;97.057;98.938;94.457;104.768;
1900-01-01 21:09:02;416.0;1745665742;97.057;99.035;94.535;104.837;
1900-01-01 21:09:03;417.0;1745665743;97.008;98.877;94.535;104.837;
1900-01-01 21:09:04;418.0;1745665744;97.008;98.877;94.543;104.838;
1900-01-01 21:09:05;419.0;1745665745;97.026;98.93;94.493;104.979;
1900-01-01 21:09:06;420.0;1745665746;97.032;98.978;94.493;104.979;
1900-01-01 21:09:07;421.0;1745665747;97.032;98.978;94.416;104.894;
1900-01-01 21:09:08;422.0;1745665748;97.032;98.932;94.35;104.894;
1900-01-01 21:09:09;423.0;1745665749;97.069;98.901;94.35;104.858;
1900-01-01 21:09:10;424.0;1745665750;97.104;98.901;94.26;104.886;
1900-01-01 21:09:11;425.0;1745665751;97.104;98.922;94.263;104.852;
1900-01-01 21:09:12;426.0;1745665752;97.119;98.799;94.263;104.852;
1900-01-01 21:09:13;427.0;1745665753;97.119;98.799;94.398;104.812;
1900-01-01 21:09:14;428.0;1745665754;97.144;98.877;94.388;104.812;
1900-01-01 21:09:15;429.0;1745665755;97.05;98.854;94.388;104.798;
1900-01-01 21:09:16;430.0;1745665756;97.073;98.854;94.428;104.829;
1900-01-01 21:09:17;431.0;1745665757;97.073;98.842;94.504;104.829;
1900-01-01 21:09:18;432.0;1745665758;97.092;98.874;94.504;104.859;
1900-01-01 21:09:19;433.0;1745665759;97.092;98.874;94.486;104.852;
1900-01-01 21:09:20;434.0;1745665760;97.093;98.871;94.507;104.87;
1900-01-01 21:09:21;435.0;1745665761;97.12;98.829;94.507;104.87;
1900-01-01 21:09:22;436.0;1745665762;97.108;98.829;94.398;104.803;
1900-01-01 21:09:23;437.0;1745665763;97.108;98.871;94.457;104.803;
1900-01-01 21:09:24;438.0;1745665764;97.1;98.819;94.457;104.731;
1900-01-01 21:09:26;439.0;1745665766;97.123;98.819;94.492;104.783;
1900-01-01 21:09:26;440.0;1745665766;97.123;98.86;94.399;104.783;
1900-01-01 21:09:27;441.0;1745665767;97.131;98.811;94.399;104.83;
1900-01-01 21:09:28;442.0;1745665768;97.131;98.811;94.395;104.785;
1900-01-01 21:09:29;443.0;1745665769;97.195;98.82;94.346;104.785;
1900-01-01 21:09:30;444.0;1745665770;97.087;98.786;94.346;104.859;
1900-01-01 21:09:31;445.0;1745665771;97.087;98.786;94.306;104.856;
1900-01-01 21:09:32;446.0;1745665772;97.14;98.838;94.208;104.856;
1900-01-01 21:09:33;447.0;1745665773;97.08;98.838;94.208;104.789;
1900-01-01 21:09:34;448.0;1745665774;97.08;98.83;94.144;104.832;
1900-01-01 21:09:35;449.0;1745665775;97.071;98.752;94.144;104.832;
1900-01-01 21:09:36;450.0;1745665776;96.96;98.752;94.146;104.886;
1900-01-01 21:09:37;451.0;1745665777;96.96;98.898;94.127;104.867;
1900-01-01 21:09:38;452.0;1745665778;96.954;98.819;94.127;104.867;
1900-01-01 21:09:39;453.0;1745665779;96.85;98.819;94.095;104.853;
1900-01-01 21:09:40;454.0;1745665780;96.85;98.684;94.103;104.83;
1900-01-01 21:09:41;455.0;1745665781;96.882;98.774;94.138;104.83;
1900-01-01 21:09:42;456.0;1745665782;96.793;98.774;94.138;104.809;
1900-01-01 21:09:43;457.0;1745665783;96.793;98.674;94.031;104.835;
1900-01-01 21:09:44;458.0;1745665784;96.681;98.654;94.031;104.835;
1900-01-01 21:09:46;459.0;1745665786;96.742;98.654;94.136;104.841;
1900-01-01 21:09:46;460.0;1745665786;96.742;98.7;94.182;104.859;
1900-01-01 21:09:47;461.0;1745665787;96.772;98.629;94.182;104.859;
1900-01-01 21:09:48;462.0;1745665788;96.868;98.629;94.163;104.774;
1900-01-01 21:09:49;463.0;1745665789;96.868;98.759;94.129;104.774;
1900-01-01 21:09:50;464.0;1745665790;96.856;98.642;94.129;104.796;
1900-01-01 21:09:51;465.0;1745665791;96.863;98.642;94.178;104.818;
1900-01-01 21:09:52;466.0;1745665792;96.863;98.711;94.107;104.818;
1900-01-01 21:09:53;467.0;1745665793;96.953;98.732;94.107;104.78;
1900-01-01 21:09:54;468.0;1745665794;96.953;98.732;94.183;104.774;
1900-01-01 21:09:55;469.0;1745665795;96.966;98.759;94.176;104.774;
1900-01-01 21:09:56;470.0;1745665796;97.009;98.691;94.176;104.784;
1900-01-01 21:09:57;471.0;1745665797;97.009;98.691;94.108;104.806;
1900-01-01 21:09:58;472.0;1745665798;97.044;98.807;94.065;104.806;
1900-01-01 21:09:59;473.0;1745665799;97.037;98.807;94.065;104.876;
1900-01-01 21:10:00;474.0;1745665800;97.037;98.737;94.054;104.891;
1900-01-01 21:10:01;475.0;1745665801;96.979;98.694;94.054;104.891;
1900-01-01 21:10:02;476.0;1745665802;96.977;98.694;94.087;104.761;
1900-01-01 21:10:03;477.0;1745665803;96.977;98.683;94.019;104.761;
1900-01-01 21:10:04;478.0;1745665804;96.933;98.708;94.019;104.76;
1900-01-01 21:10:05;479.0;1745665805;96.875;98.708;94.016;104.894;
1900-01-01 21:10:06;480.0;1745665806;96.875;98.796;93.966;104.894;
1900-01-01 21:10:07;481.0;1745665807;96.951;98.708;93.966;104.841;
1900-01-01 21:10:08;482.0;1745665808;96.951;98.708;93.977;104.969;
1900-01-01 21:10:09;483.0;1745665809;96.879;98.784;94.127;104.739;
1900-01-01 21:10:11;484.0;1745665811;96.841;98.737;94.127;104.739;
1900-01-01 21:10:11;485.0;1745665811;96.841;98.737;94.178;104.823;
1900-01-01 21:10:12;486.0;1745665812;96.926;98.649;94.145;104.823;
1900-01-01 21:10:13;487.0;1745665813;96.9;98.642;94.145;104.936;
1900-01-01 21:10:14;488.0;1745665814;96.9;98.642;94.064;104.983;
1900-01-01 21:10:15;489.0;1745665815;96.793;98.593;93.891;104.983;
1900-01-01 21:10:16;490.0;1745665816;96.798;98.53;93.891;104.89;
1900-01-01 21:10:17;491.0;1745665817;96.798;98.53;93.821;104.849;
1900-01-01 21:10:18;492.0;1745665818;96.669;98.534;93.867;104.849;
1900-01-01 21:10:19;493.0;1745665819;96.633;98.534;93.867;104.869;
1900-01-01 21:10:20;494.0;1745665820;96.633;98.507;94.042;104.831;
1900-01-01 21:10:21;495.0;1745665821;96.714;98.538;94.053;104.831;
1900-01-01 21:10:22;496.0;1745665822;96.649;98.538;94.053;104.823;
1900-01-01 21:10:23;497.0;1745665823;96.649;98.516;94.05;104.956;
1900-01-01 21:10:24;498.0;1745665824;96.687;98.495;94.002;104.956;
1900-01-01 21:10:25;499.0;1745665825;96.632;98.495;94.002;104.756;
1900-01-01 21:10:26;500.0;1745665826;96.632;98.495;94.051;104.846;
1900-01-01 21:10:27;501.0;1745665827;96.658;98.564;94.051;104.846;
1900-01-01 21:10:28;502.0;1745665828;96.481;98.564;93.974;104.871;
1900-01-01 21:10:29;503.0;1745665829;96.481;98.526;93.92;104.881;
1900-01-01 21:10:30;504.0;1745665830;96.608;98.517;93.92;104.881;
1900-01-01 21:10:31;505.0;1745665831;96.608;98.517;93.892;104.831;
1900-01-01 21:10:32;506.0;1745665832;96.551;98.542;94.003;104.848;
1900-01-01 21:10:33;507.0;1745665833;96.486;98.492;94.003;104.848;
1900-01-01 21:10:34;508.0;1745665834;96.486;98.492;93.945;104.875;
1900-01-01 21:10:35;509.0;1745665835;96.59;98.427;93.929;104.875;
1900-01-01 21:10:36;510.0;1745665836;96.611;98.427;93.929;104.837;
1900-01-01 21:10:37;511.0;1745665837;96.611;98.529;93.87;104.837;
1900-01-01 21:10:38;512.0;1745665838;96.616;98.475;93.781;104.837;
1900-01-01 21:10:39;513.0;1745665839;96.726;98.475;93.781;104.884;
1900-01-01 21:10:40;514.0;1745665840;96.726;98.381;93.78;104.905;
1900-01-01 21:10:41;515.0;1745665841;96.706;98.347;93.777;104.905;
1900-01-01 21:10:42;516.0;1745665842;96.648;98.347;93.777;104.825;
1900-01-01 21:10:43;517.0;1745665843;96.648;98.351;93.846;104.803;
1900-01-01 21:10:44;518.0;1745665844;96.786;98.304;93.828;104.803;
1900-01-01 21:10:45;519.0;1745665845;96.78;98.304;93.828;104.788;
1900-01-01 21:10:46;520.0;1745665846;96.78;98.238;93.78;104.842;
1900-01-01 21:10:47;521.0;1745665847;96.681;98.245;93.78;104.842;
1900-01-01 21:10:48;522.0;1745665848;96.697;98.245;93.842;104.785;
1900-01-01 21:10:49;523.0;1745665849;96.697;98.338;93.885;104.894;
1900-01-01 21:10:50;524.0;1745665850;96.614;98.25;93.885;104.894;
1900-01-01 21:10:51;525.0;1745665851;96.727;98.25;93.827;104.825;
1900-01-01 21:10:52;526.0;1745665852;96.727;98.169;93.769;104.923;
1900-01-01 21:10:54;527.0;1745665854;96.637;98.218;93.704;104.923;
1900-01-01 21:10:54;528.0;1745665854;96.637;98.218;93.704;104.885;
1900-01-01 21:10:55;529.0;1745665855;96.558;98.192;93.821;104.941;
1900-01-01 21:10:57;530.0;1745665857;96.488;98.299;93.821;104.941;
1900-01-01 21:10:57;531.0;1745665857;96.488;98.299;93.832;104.839;
1900-01-01 21:10:58;532.0;1745665858;96.519;98.347;93.868;104.839;
1900-01-01 21:10:59;533.0;1745665859;96.497;98.303;93.868;104.814;
1900-01-01 21:11:00;534.0;1745665860;96.497;98.303;93.871;104.808;
1900-01-01 21:11:01;535.0;1745665861;96.431;98.246;93.782;104.808;
1900-01-01 21:11:02;536.0;1745665862;96.488;98.246;93.782;104.88;
1900-01-01 21:11:03;537.0;1745665863;96.488;98.25;93.706;104.82;
1900-01-01 21:11:05;538.0;1745665865;96.502;98.235;93.656;104.82;
1900-01-01 21:11:05;539.0;1745665865;96.484;98.235;93.656;104.829;
1900-01-01 21:11:06;540.0;1745665866;96.484;98.291;93.66;104.791;
1900-01-01 21:11:07;541.0;1745665867;96.473;98.304;93.563;104.791;
1900-01-01 21:11:09;542.0;1745665869;96.511;98.304;93.563;104.745;
1900-01-01 21:11:09;543.0;1745665869;96.511;98.302;93.59;104.799;
1900-01-01 21:11:10;544.0;1745665870;96.375;98.227;93.59;104.799;
1900-01-01 21:11:11;545.0;1745665871;96.375;98.227;93.584;104.832;
1900-01-01 21:11:12;546.0;1745665872;96.415;98.283;93.665;104.889;
1900-01-01 21:11:13;547.0;1745665873;96.459;98.283;93.665;104.889;
1900-01-01 21:11:14;548.0;1745665874;96.459;98.248;93.775;104.779;
1900-01-01 21:11:15;549.0;1745665875;96.381;98.332;93.882;104.779;
1900-01-01 21:11:16;550.0;1745665876;96.341;98.332;93.882;104.844;
1900-01-01 21:11:17;551.0;1745665877;96.341;98.253;93.905;104.881;
1900-01-01 21:11:18;552.0;1745665878;96.332;98.236;93.84;104.881;
1900-01-01 21:11:19;553.0;1745665879;96.264;98.289;93.84;104.816;
1900-01-01 21:11:20;554.0;1745665880;96.264;98.289;93.85;104.774;
1900-01-01 21:11:21;555.0;1745665881;96.218;98.146;93.797;104.774;
1900-01-01 21:11:22;556.0;1745665882;96.216;98.146;93.797;104.742;
1900-01-01 21:11:23;557.0;1745665883;96.216;98.159;93.767;104.84;
1900-01-01 21:11:25;558.0;1745665885;96.203;98.056;93.705;104.84;
1900-01-01 21:11:25;559.0;1745665885;96.199;98.056;93.705;104.909;
1900-01-01 21:11:26;560.0;1745665886;96.199;98.076;93.791;104.868;
1900-01-01 21:11:27;561.0;1745665887;96.126;98.024;93.779;104.868;
1900-01-01 21:11:28;562.0;1745665888;96.133;98.024;93.779;104.739;
1900-01-01 21:11:29;563.0;1745665889;96.133;98.081;93.791;104.806;
1900-01-01 21:11:30;564.0;1745665890;96.146;97.963;93.791;104.806;
1900-01-01 21:11:31;565.0;1745665891;96.168;97.963;93.723;104.782;
1900-01-01 21:11:32;566.0;1745665892;96.168;98.001;93.769;104.818;
1900-01-01 21:11:33;567.0;1745665893;96.208;97.969;93.769;104.818;
1900-01-01 21:11:34;568.0;1745665894;96.208;97.969;93.678;104.887;
1900-01-01 21:11:35;569.0;1745665895;96.139;97.958;93.642;104.819;
1900-01-01 21:11:37;570.0;1745665897;96.238;97.901;93.642;104.819;
1900-01-01 21:11:37;571.0;1745665897;96.238;97.901;93.535;104.754;
1900-01-01 21:11:38;572.0;1745665898;96.176;97.972;93.476;104.754;
1900-01-01 21:11:39;573.0;1745665899;96.18;97.943;93.476;104.846;
1900-01-01 21:11:40;574.0;1745665900;96.18;97.943;93.422;104.875;
1900-01-01 21:11:41;575.0;1745665901;96.228;97.895;93.478;104.875;
1900-01-01 21:11:42;576.0;1745665902;96.215;97.878;93.478;104.868;
1900-01-01 21:11:43;577.0;1745665903;96.215;97.878;93.445;104.867;
1900-01-01 21:11:44;578.0;1745665904;96.194;97.933;93.48;104.867;
1900-01-01 21:11:45;579.0;1745665905;96.199;97.933;93.48;104.727;
1900-01-01 21:11:46;580.0;1745665906;96.199;97.899;93.423;104.869;
1900-01-01 21:11:47;581.0;1745665907;96.182;97.837;93.351;104.869;
1900-01-01 21:11:48;582.0;1745665908;96.141;97.837;93.351;104.878;
1900-01-01 21:11:49;583.0;1745665909;96.141;97.783;93.29;104.797;
1900-01-01 21:11:50;584.0;1745665910;96.094;97.893;93.38;104.797;
1900-01-01 21:11:51;585.0;1745665911;96.074;97.893;93.38;104.794;
1900-01-01 21:11:52;586.0;1745665912;96.074;97.807;93.408;104.802;
1900-01-01 21:11:53;587.0;1745665913;96.079;97.888;93.408;104.802;
1900-01-01 21:11:54;588.0;1745665914;96.079;97.888;93.408;104.893;
1900-01-01 21:11:55;589.0;1745665915;96.02;97.883;93.479;104.819;
1900-01-01 21:11:56;590.0;1745665916;95.995;97.87;93.479;104.819;
1900-01-01 21:11:57;591.0;1745665917;95.995;97.87;93.431;104.811;
1900-01-01 21:11:58;592.0;1745665918;96.016;97.808;93.519;104.811;
1900-01-01 21:11:59;593.0;1745665919;95.965;97.895;93.519;104.804;
1900-01-01 21:12:00;594.0;1745665920;95.965;97.895;93.568;104.875;
1900-01-01 21:12:01;595.0;1745665921;95.956;97.922;93.556;104.875;
1900-01-01 21:12:02;596.0;1745665922;95.985;97.863;93.556;104.83;
1900-01-01 21:12:04;597.0;1745665924;95.89;97.863;93.455;104.839;
1900-01-01 21:12:04;598.0;1745665924;95.89;97.808;93.458;104.839;
1900-01-01 21:12:05;599.0;1745665925;95.93;97.842;93.458;104.743;
1900-01-01 21:12:06;600.0;1745665926;95.93;97.842;93.446;104.881;
1900-01-01 21:12:07;601.0;1745665927;95.896;97.843;93.387;104.881;
1900-01-01 21:12:08;602.0;1745665928;95.906;97.845;93.387;104.817;
1900-01-01 21:12:09;603.0;1745665929;95.906;97.845;93.45;104.897;
1900-01-01 21:12:10;604.0;1745665930;95.887;97.761;93.57;104.897;
1900-01-01 21:12:11;605.0;1745665931;95.852;97.761;93.57;104.876;
1900-01-01 21:12:12;606.0;1745665932;95.852;97.896;93.548;104.852;
1900-01-01 21:12:13;607.0;1745665933;95.842;97.879;93.548;104.852;
1900-01-01 21:12:14;608.0;1745665934;95.805;97.879;93.543;104.804;
1900-01-01 21:12:15;609.0;1745665935;95.805;97.864;93.617;104.899;
1900-01-01 21:12:17;610.0;1745665937;95.773;97.819;93.55;104.899;
1900-01-01 21:12:17;611.0;1745665937;95.812;97.819;93.55;104.819;
1900-01-01 21:12:18;612.0;1745665938;95.812;97.808;93.458;104.828;
1900-01-01 21:12:19;613.0;1745665939;95.726;97.795;93.458;104.828;
1900-01-01 21:12:20;614.0;1745665940;95.813;97.795;93.444;104.819;
1900-01-01 21:12:21;615.0;1745665941;95.813;97.86;93.394;104.819;
1900-01-01 21:12:22;616.0;1745665942;95.831;97.833;93.394;104.832;
1900-01-01 21:12:23;617.0;1745665943;95.831;97.833;93.402;104.84;
1900-01-01 21:12:24;618.0;1745665944;95.736;97.801;93.468;104.84;
1900-01-01 21:12:25;619.0;1745665945;95.809;97.801;93.468;104.849;
1900-01-01 21:12:26;620.0;1745665946;95.809;97.766;93.364;104.852;
1900-01-01 21:12:27;621.0;1745665947;95.713;97.798;93.292;104.852;
1900-01-01 21:12:29;622.0;1745665949;95.711;97.758;93.292;104.823;
1900-01-01 21:12:29;623.0;1745665949;95.711;97.758;93.228;104.825;
1900-01-01 21:12:30;624.0;1745665950;95.737;97.772;93.125;104.825;
1900-01-01 21:12:31;625.0;1745665951;95.539;97.772;93.125;104.828;
1900-01-01 21:12:32;626.0;1745665952;95.539;97.675;92.999;104.856;
1900-01-01 21:12:33;627.0;1745665953;95.541;97.703;92.999;104.856;
1900-01-01 21:12:34;628.0;1745665954;95.464;97.703;93.11;104.887;
1900-01-01 21:12:35;629.0;1745665955;95.464;97.667;93.19;104.799;
1900-01-01 21:12:36;630.0;1745665956;95.481;97.643;93.187;104.799;
1900-01-01 21:12:37;631.0;1745665957;95.47;97.643;93.187;104.83;
1900-01-01 21:12:38;632.0;1745665958;95.47;97.668;93.3;104.879;
1900-01-01 21:12:39;633.0;1745665959;95.448;97.628;93.298;104.879;
1900-01-01 21:12:40;634.0;1745665960;95.349;97.628;93.298;104.894;
1900-01-01 21:12:41;635.0;1745665961;95.349;97.644;93.31;104.874;
1900-01-01 21:12:42;636.0;1745665962;95.332;97.559;93.31;104.874;
1900-01-01 21:12:43;637.0;1745665963;95.332;97.559;93.218;104.813;
1900-01-01 21:12:44;638.0;1745665964;95.285;97.577;93.211;104.878;
1900-01-01 21:12:45;639.0;1745665965;95.274;97.597;93.211;104.878;
1900-01-01 21:12:46;640.0;1745665966;95.274;97.597;93.137;104.786;
1900-01-01 21:12:47;641.0;1745665967;95.22;97.589;93.156;104.786;
1900-01-01 21:12:48;642.0;1745665968;95.153;97.571;93.156;104.838;
1900-01-01 21:12:49;643.0;1745665969;95.109;97.571;93.099;104.83;
1900-01-01 21:12:50;644.0;1745665970;95.109;97.545;93.019;104.83;
1900-01-01 21:12:51;645.0;1745665971;95.11;97.563;93.019;104.77;
1900-01-01 21:12:53;646.0;1745665973;95.11;97.563;92.971;104.825;
1900-01-01 21:12:53;647.0;1745665973;95.101;97.472;92.964;104.825;
1900-01-01 21:12:54;648.0;1745665974;95.002;97.537;92.964;104.834;
1900-01-01 21:12:55;649.0;1745665975;95.002;97.537;92.993;104.912;
1900-01-01 21:12:56;650.0;1745665976;95.127;97.59;92.913;104.912;
1900-01-01 21:12:57;651.0;1745665977;95.115;97.589;92.913;104.821;
1900-01-01 21:12:58;652.0;1745665978;95.115;97.589;92.853;104.747;
1900-01-01 21:12:59;653.0;1745665979;95.088;97.544;92.824;104.747;
1900-01-01 21:13:01;654.0;1745665981;95.145;97.544;92.824;104.864;
1900-01-01 21:13:01;655.0;1745665981;95.145;97.581;92.878;104.881;
1900-01-01 21:13:02;656.0;1745665982;95.167;97.498;92.878;104.881;
1900-01-01 21:13:03;657.0;1745665983;95.167;97.498;92.806;104.863;
1900-01-01 21:13:04;658.0;1745665984;95.074;97.551;92.79;104.821;
1900-01-01 21:13:05;659.0;1745665985;95.097;97.476;92.79;104.821;
1900-01-01 21:13:06;660.0;1745665986;95.097;97.476;92.857;104.811;
1900-01-01 21:13:07;661.0;1745665987;95.047;97.434;92.798;104.811;
1900-01-01 21:13:08;662.0;1745665988;95.145;97.52;92.798;104.823;
1900-01-01 21:13:10;663.0;1745665990;94.987;97.52;92.774;104.826;
1900-01-01 21:13:10;664.0;1745665990;94.987;97.481;92.764;104.826;
1900-01-01 21:13:11;665.0;1745665991;95.051;97.466;92.764;104.843;
1900-01-01 21:13:12;666.0;1745665992;95.051;97.466;92.644;104.807;
1900-01-01 21:13:13;667.0;1745665993;95.086;97.379;92.768;104.807;
1900-01-01 21:13:14;668.0;1745665994;95.105;97.455;92.768;104.833;
1900-01-01 21:13:15;669.0;1745665995;95.105;97.455;92.695;104.763;
1900-01-01 21:13:16;670.0;1745665996;95.146;97.353;92.741;104.763;
1900-01-01 21:13:17;671.0;1745665997;95.183;97.353;92.741;104.788;
1900-01-01 21:13:18;672.0;1745665998;95.183;97.466;92.796;104.803;
1900-01-01 21:13:20;673.0;1745666000;95.172;97.457;92.84;104.803;
1900-01-01 21:13:20;674.0;1745666000;95.208;97.457;92.84;104.855;
1900-01-01 21:13:21;675.0;1745666001;95.208;97.423;92.828;104.809;
1900-01-01 21:13:22;676.0;1745666002;95.179;97.387;92.858;104.809;
1900-01-01 21:13:23;677.0;1745666003;95.132;97.387;92.858;104.851;
1900-01-01 21:13:24;678.0;1745666004;95.132;97.385;92.93;104.802;
1900-01-01 21:13:25;679.0;1745666005;95.009;97.435;92.93;104.802;
1900-01-01 21:13:26;680.0;1745666006;94.95;97.435;92.932;104.796;
1900-01-01 21:13:27;681.0;1745666007;94.95;97.392;92.825;104.802;
1900-01-01 21:13:28;682.0;1745666008;94.876;97.423;92.825;104.802;
1900-01-01 21:13:30;683.0;1745666010;94.97;97.423;92.83;104.846;
1900-01-01 21:13:30;684.0;1745666010;94.97;97.412;92.817;104.771;
1900-01-01 21:13:31;685.0;1745666011;94.986;97.374;92.817;104.771;
1900-01-01 21:13:32;686.0;1745666012;94.994;97.374;92.876;104.853;
1900-01-01 21:13:33;687.0;1745666013;94.994;97.394;92.838;104.853;
1900-01-01 21:13:34;688.0;1745666014;94.933;97.422;92.838;104.736;
1900-01-01 21:13:35;689.0;1745666015;94.927;97.422;92.895;104.832;
1900-01-01 21:13:36;690.0;1745666016;94.927;97.398;92.844;104.83;
1900-01-01 21:13:37;691.0;1745666017;94.995;97.37;92.844;104.83;
1900-01-01 21:13:38;692.0;1745666018;94.995;97.37;92.87;104.783;
1900-01-01 21:13:40;693.0;1745666020;95.046;97.342;92.919;104.757;
1900-01-01 21:13:40;694.0;1745666020;95.049;97.336;92.919;104.757;
1900-01-01 21:13:41;695.0;1745666021;95.049;97.336;92.727;104.835;
1900-01-01 21:13:42;696.0;1745666022;95.01;97.353;92.752;104.83;
1900-01-01 21:13:43;697.0;1745666023;94.898;97.353;92.752;104.83;
1900-01-01 21:13:44;698.0;1745666024;94.898;97.419;92.719;104.769;
1900-01-01 21:13:45;699.0;1745666025;94.867;97.298;92.801;104.769;
1900-01-01 21:13:47;700.0;1745666027;94.828;97.255;92.801;104.812;
1900-01-01 21:13:47;701.0;1745666027;94.828;97.255;92.805;104.864;
1900-01-01 21:13:48;702.0;1745666028;94.767;97.298;92.764;104.864;
1900-01-01 21:13:49;703.0;1745666029;94.769;97.222;92.764;104.832;
1900-01-01 21:13:50;704.0;1745666030;94.769;97.222;92.657;104.777;
1900-01-01 21:13:51;705.0;1745666031;94.725;97.287;92.668;104.777;
1900-01-01 21:13:52;706.0;1745666032;94.66;97.287;92.668;104.842;
1900-01-01 21:13:54;707.0;1745666034;94.66;97.293;92.685;104.926;
1900-01-01 21:13:54;708.0;1745666034;94.653;97.231;92.685;104.926;
1900-01-01 21:13:55;709.0;1745666035;94.599;97.231;92.727;104.815;
1900-01-01 21:13:56;710.0;1745666036;94.599;97.184;92.678;104.844;
1900-01-01 21:13:57;711.0;1745666037;94.619;97.224;92.678;104.844;
1900-01-01 21:13:58;712.0;1745666038;94.689;97.224;92.563;104.862;
1900-01-01 21:13:59;713.0;1745666039;94.689;97.159;92.683;104.809;
1900-01-01 21:14:00;714.0;1745666040;94.681;97.215;92.683;104.809;
1900-01-01 21:14:01;715.0;1745666041;94.681;97.215;92.717;104.869;
1900-01-01 21:14:03;716.0;1745666043;94.634;97.096;92.744;104.793;
1900-01-01 21:14:03;717.0;1745666043;94.753;97.103;92.744;104.793;
1900-01-01 21:14:04;718.0;1745666044;94.753;97.103;92.658;104.834;
1900-01-01 21:14:05;719.0;1745666045;94.718;97.186;92.579;104.834;
1900-01-01 21:14:06;720.0;1745666046;94.643;97.186;92.579;104.841;
1900-01-01 21:14:07;721.0;1745666047;94.643;97.005;92.625;104.985;
1900-01-01 21:14:08;722.0;1745666048;94.591;96.982;92.55;104.985;
1900-01-01 21:14:09;723.0;1745666049;94.503;96.982;92.55;104.873;
1900-01-01 21:14:10;724.0;1745666050;94.503;97.084;92.57;104.767;
1900-01-01 21:14:11;725.0;1745666051;94.406;97.085;92.535;104.767;
1900-01-01 21:14:12;726.0;1745666052;94.503;97.066;92.535;104.888;
1900-01-01 21:14:13;727.0;1745666053;94.503;97.066;92.598;104.867;
1900-01-01 21:14:14;728.0;1745666054;94.377;97.029;92.558;104.867;
1900-01-01 21:14:15;729.0;1745666055;94.374;97.029;92.558;104.765;
1900-01-01 21:14:16;730.0;1745666056;94.374;97.087;92.56;104.775;
1900-01-01 21:14:17;731.0;1745666057;94.42;97.057;92.658;104.775;
1900-01-01 21:14:18;732.0;1745666058;94.364;97.088;92.658;104.799;
1900-01-01 21:14:20;733.0;1745666060;94.379;97.088;92.628;104.796;
1900-01-01 21:14:20;734.0;1745666060;94.379;97.09;92.587;104.796;
1900-01-01 21:14:21;735.0;1745666061;94.376;97.033;92.587;104.893;
1900-01-01 21:14:22;736.0;1745666062;94.376;97.033;92.609;104.86;
1900-01-01 21:14:24;737.0;1745666064;94.434;97.061;92.515;104.834;
1900-01-01 21:14:24;738.0;1745666064;94.443;97.041;92.515;104.834;
1900-01-01 21:14:25;739.0;1745666065;94.443;97.041;92.534;104.846;
1900-01-01 21:14:26;740.0;1745666066;94.386;96.902;92.521;104.846;
1900-01-01 21:14:27;741.0;1745666067;94.36;96.902;92.521;104.839;
1900-01-01 21:14:28;742.0;1745666068;94.36;96.948;92.436;104.847;
1900-01-01 21:14:29;743.0;1745666069;94.316;96.965;92.436;104.847;
1900-01-01 21:14:30;744.0;1745666070;94.319;96.965;92.554;104.795;
1900-01-01 21:14:31;745.0;1745666071;94.319;97.006;92.494;104.844;
1900-01-01 21:14:32;746.0;1745666072;94.293;96.945;92.418;104.844;
1900-01-01 21:14:33;747.0;1745666073;94.262;96.945;92.418;104.854;
1900-01-01 21:14:34;748.0;1745666074;94.262;96.993;92.496;104.771;
1900-01-01 21:14:35;749.0;1745666075;94.268;96.89;92.496;104.771;
1900-01-01 21:14:36;750.0;1745666076;94.285;96.89;92.617;104.746;
1900-01-01 21:14:37;751.0;1745666077;94.285;96.894;92.584;104.845;
1900-01-01 21:14:38;752.0;1745666078;94.244;96.906;92.584;104.845;
1900-01-01 21:14:39;753.0;1745666079;94.244;96.906;92.571;104.803;
1900-01-01 21:14:40;754.0;1745666080;94.283;96.937;92.517;104.857;
1900-01-01 21:14:41;755.0;1745666081;94.27;96.937;92.517;104.857;
1900-01-01 21:14:42;756.0;1745666082;94.27;96.929;92.391;104.778;
1900-01-01 21:14:43;757.0;1745666083;94.257;96.87;92.304;104.778;
1900-01-01 21:14:44;758.0;1745666084;94.23;96.87;92.304;104.84;
1900-01-01 21:14:45;759.0;1745666085;94.23;96.91;92.462;104.788;
1900-01-01 21:14:46;760.0;1745666086;94.18;96.929;92.463;104.788;
1900-01-01 21:14:47;761.0;1745666087;94.174;96.861;92.463;104.731;
1900-01-01 21:14:48;762.0;1745666088;94.174;96.861;92.487;104.845;
1900-01-01 21:14:49;763.0;1745666089;94.214;96.914;92.439;104.845;
1900-01-01 21:14:50;764.0;1745666090;94.197;96.914;92.439;104.896;
1900-01-01 21:14:51;765.0;1745666091;94.197;96.882;92.392;104.795;
1900-01-01 21:14:53;766.0;1745666093;94.198;96.897;92.429;104.795;
1900-01-01 21:14:53;767.0;1745666093;94.177;96.897;92.429;104.873;
1900-01-01 21:14:54;768.0;1745666094;94.177;96.834;92.392;104.81;
1900-01-01 21:14:55;769.0;1745666095;94.132;96.839;92.392;104.81;
1900-01-01 21:14:56;770.0;1745666096;94.085;96.839;92.288;104.833;
1900-01-01 21:14:57;771.0;1745666097;94.085;96.898;92.167;104.78;
1900-01-01 21:14:58;772.0;1745666098;93.993;96.802;92.167;104.78;
1900-01-01 21:14:59;773.0;1745666099;93.971;96.802;92.123;104.82;
1900-01-01 21:15:00;774.0;1745666100;93.971;96.936;92.051;104.86;
1900-01-01 21:15:01;775.0;1745666101;93.943;96.823;92.051;104.86;
1900-01-01 21:15:02;776.0;1745666102;93.943;96.823;92.048;104.84;
1900-01-01 21:15:03;777.0;1745666103;93.905;96.86;92.026;104.741;
1900-01-01 21:15:04;778.0;1745666104;93.935;96.903;92.026;104.741;
1900-01-01 21:15:05;779.0;1745666105;93.935;96.903;92.084;104.796;
1900-01-01 21:15:06;780.0;1745666106;93.848;96.829;92.08;104.86;
1900-01-01 21:15:07;781.0;1745666107;93.822;96.829;92.08;104.86;
1900-01-01 21:15:08;782.0;1745666108;93.822;96.863;92.088;104.98;
1900-01-01 21:15:09;783.0;1745666109;93.862;96.782;92.049;104.98;
1900-01-01 21:15:10;784.0;1745666110;93.859;96.782;92.049;104.852;
1900-01-01 21:15:11;785.0;1745666111;93.859;96.874;92.028;104.93;
1900-01-01 21:15:13;786.0;1745666113;93.924;96.811;91.982;104.93;
1900-01-01 21:15:13;787.0;1745666113;93.866;96.811;91.982;104.806;
1900-01-01 21:15:14;788.0;1745666114;93.866;96.884;91.918;104.864;
1900-01-01 21:15:15;789.0;1745666115;93.85;96.749;91.872;104.864;
1900-01-01 21:15:16;790.0;1745666116;93.805;96.749;91.872;104.888;
1900-01-01 21:15:17;791.0;1745666117;93.805;96.833;91.895;104.716;
1900-01-01 21:15:18;792.0;1745666118;93.807;96.819;91.981;104.716;
1900-01-01 21:15:19;793.0;1745666119;93.706;96.819;91.981;104.735;
1900-01-01 21:15:20;794.0;1745666120;93.706;96.803;92.034;104.898;
1900-01-01 21:15:21;795.0;1745666121;93.769;96.825;92.034;104.898;
1900-01-01 21:15:22;796.0;1745666122;93.737;96.825;92.046;104.788;
1900-01-01 21:15:23;797.0;1745666123;93.737;96.791;92.021;104.813;
1900-01-01 21:15:24;798.0;1745666124;93.702;96.788;92.021;104.813;
1900-01-01 21:15:25;799.0;1745666125;93.702;96.788;92.094;104.816;
1900-01-01 21:15:26;800.0;1745666126;93.652;96.713;92.061;104.809;
1900-01-01 21:15:28;801.0;1745666128;93.71;96.582;92.061;104.809;
1900-01-01 21:15:28;802.0;1745666128;93.71;96.582;92.082;104.825;
1900-01-01 21:15:29;803.0;1745666129;93.6;96.584;92.137;104.754;
1900-01-01 21:15:30;804.0;1745666130;93.667;96.584;92.137;104.754;
1900-01-01 21:15:31;805.0;1745666131;93.667;96.649;92.048;104.745;
1900-01-01 21:15:32;806.0;1745666132;93.673;96.655;92.07;104.745;
1900-01-01 21:15:33;807.0;1745666133;93.693;96.655;92.07;104.778;
1900-01-01 21:15:34;808.0;1745666134;93.693;96.51;92.121;104.687;
1900-01-01 21:15:35;809.0;1745666135;93.691;96.649;92.117;104.687;
1900-01-01 21:15:36;810.0;1745666136;93.681;96.649;92.117;104.759;
1900-01-01 21:15:37;811.0;1745666137;93.681;96.553;92.047;104.707;
1900-01-01 21:15:39;812.0;1745666139;93.664;96.562;92.061;104.707;
1900-01-01 21:15:39;813.0;1745666139;93.634;96.562;92.061;104.742;
1900-01-01 21:15:40;814.0;1745666140;93.634;96.546;92.109;104.71;
1900-01-01 21:15:41;815.0;1745666141;93.642;96.587;92.109;104.71;
1900-01-01 21:15:42;816.0;1745666142;93.642;96.587;92.074;104.665;
1900-01-01 21:15:43;817.0;1745666143;93.646;96.588;92.016;104.665;
1900-01-01 21:15:44;818.0;1745666144;93.539;96.51;92.016;104.801;
1900-01-01 21:15:45;819.0;1745666145;93.539;96.51;92.004;104.772;
1900-01-01 21:15:46;820.0;1745666146;93.573;96.562;91.974;104.772;
1900-01-01 21:15:47;821.0;1745666147;93.57;96.535;91.974;104.79;
1900-01-01 21:15:48;822.0;1745666148;93.57;96.535;91.863;104.784;
1900-01-01 21:15:49;823.0;1745666149;93.42;96.535;91.897;104.784;
1900-01-01 21:15:50;824.0;1745666150;93.445;96.547;91.897;104.859;
1900-01-01 21:15:51;825.0;1745666151;93.445;96.547;91.804;104.864;
1900-01-01 21:15:52;826.0;1745666152;93.445;96.476;91.834;104.864;
1900-01-01 21:15:53;827.0;1745666153;93.421;96.455;91.834;104.749;
1900-01-01 21:15:54;828.0;1745666154;93.421;96.455;91.986;104.767;
1900-01-01 21:15:55;829.0;1745666155;93.291;96.427;91.974;104.767;
1900-01-01 21:15:56;830.0;1745666156;93.391;96.436;91.974;104.748;
1900-01-01 21:15:57;831.0;1745666157;93.391;96.436;92.048;104.732;
1900-01-01 21:15:58;832.0;1745666158;93.356;96.383;92.053;104.732;
1900-01-01 21:15:59;833.0;1745666159;93.366;96.383;92.053;104.729;
1900-01-01 21:16:00;834.0;1745666160;93.366;96.402;92.004;104.795;
1900-01-01 21:16:02;835.0;1745666162;93.338;96.408;91.926;104.795;
1900-01-01 21:16:02;836.0;1745666162;93.274;96.408;91.926;104.817;
1900-01-01 21:16:03;837.0;1745666163;93.274;96.421;91.987;104.748;
1900-01-01 21:16:05;838.0;1745666165;93.295;96.369;91.899;104.748;
1900-01-01 21:16:05;839.0;1745666165;93.391;96.369;91.899;104.877;
1900-01-01 21:16:06;840.0;1745666166;93.391;96.352;91.764;104.823;
1900-01-01 21:16:07;841.0;1745666167;93.255;96.449;91.764;104.823;
1900-01-01 21:16:08;842.0;1745666168;93.312;96.449;91.657;104.763;
1900-01-01 21:16:09;843.0;1745666169;93.312;96.353;91.726;104.896;
1900-01-01 21:16:10;844.0;1745666170;93.267;96.407;91.726;104.896;
1900-01-01 21:16:11;845.0;1745666171;93.267;96.407;91.597;104.854;
1900-01-01 21:16:12;846.0;1745666172;93.191;96.326;91.604;104.854;
1900-01-01 21:16:13;847.0;1745666173;93.231;96.326;91.604;104.87;
1900-01-01 21:16:14;848.0;1745666174;93.231;96.438;91.453;104.781;
1900-01-01 21:16:15;849.0;1745666175;93.228;96.427;91.393;104.781;
1900-01-01 21:16:16;850.0;1745666176;93.202;96.427;91.393;104.794;
1900-01-01 21:16:17;851.0;1745666177;93.202;96.369;91.438;104.9;
1900-01-01 21:16:19;852.0;1745666179;93.18;96.348;91.5;104.9;
1900-01-01 21:16:19;853.0;1745666179;93.183;96.348;91.5;104.801;
1900-01-01 21:16:20;854.0;1745666180;93.183;96.404;91.521;104.78;
1900-01-01 21:16:21;855.0;1745666181;93.151;96.362;91.521;104.78;
1900-01-01 21:16:22;856.0;1745666182;93.179;96.362;91.54;104.822;
1900-01-01 21:16:23;857.0;1745666183;93.179;96.349;91.531;104.791;
1900-01-01 21:16:24;858.0;1745666184;93.147;96.372;91.531;104.791;
1900-01-01 21:16:25;859.0;1745666185;93.147;96.372;91.606;104.826;
1900-01-01 21:16:26;860.0;1745666186;93.107;96.234;91.546;104.887;
1900-01-01 21:16:27;861.0;1745666187;93.102;96.219;91.546;104.887;
1900-01-01 21:16:28;862.0;1745666188;93.102;96.219;91.475;104.767;
1900-01-01 21:16:29;863.0;1745666189;93.115;96.329;91.631;104.755;
1900-01-01 21:16:30;864.0;1745666190;93.09;96.275;91.631;104.755;
1900-01-01 21:16:31;865.0;1745666191;93.09;96.275;91.569;104.792;
1900-01-01 21:16:32;866.0;1745666192;93.063;96.295;91.709;104.792;
1900-01-01 21:16:33;867.0;1745666193;93.028;96.295;91.709;104.791;
1900-01-01 21:16:34;868.0;1745666194;93.028;96.209;91.668;104.815;
1900-01-01 21:16:35;869.0;1745666195;93.041;96.227;91.62;104.815;
1900-01-01 21:16:36;870.0;1745666196;92.96;96.262;91.62;104.765;
1900-01-01 21:16:37;871.0;1745666197;92.96;96.262;91.598;104.822;
1900-01-01 21:16:38;872.0;1745666198;93.008;96.27;91.543;104.822;
1900-01-01 21:16:39;873.0;1745666199;92.961;96.27;91.543;104.765;
1900-01-01 21:16:40;874.0;1745666200;92.961;96.289;91.637;104.754;
1900-01-01 21:16:42;875.0;1745666202;92.938;96.207;91.557;104.754;
1900-01-01 21:16:42;876.0;1745666202;92.939;96.207;91.557;104.787;
1900-01-01 21:16:43;877.0;1745666203;92.939;96.216;91.548;104.763;
1900-01-01 21:16:44;878.0;1745666204;92.791;96.168;91.496;104.763;
1900-01-01 21:16:46;879.0;1745666206;92.807;96.168;91.496;104.9;
1900-01-01 21:16:46;880.0;1745666206;92.807;96.148;91.544;104.9;
1900-01-01 21:16:47;881.0;1745666207;92.729;96.211;91.544;104.75;
1900-01-01 21:16:48;882.0;1745666208;92.803;96.211;91.533;104.795;
1900-01-01 21:16:49;883.0;1745666209;92.803;96.262;91.65;104.795;
1900-01-01 21:16:50;884.0;1745666210;92.696;96.177;91.65;104.807;
1900-01-01 21:16:51;885.0;1745666211;92.696;96.177;91.654;104.834;
1900-01-01 21:16:52;886.0;1745666212;92.692;96.126;91.586;104.834;
1900-01-01 21:16:53;887.0;1745666213;92.739;96.126;91.586;104.778;
1900-01-01 21:16:54;888.0;1745666214;92.739;96.065;91.645;104.763;
1900-01-01 21:16:55;889.0;1745666215;92.66;96.166;91.527;104.763;
1900-01-01 21:16:56;890.0;1745666216;92.559;96.166;91.527;104.783;
1900-01-01 21:16:57;891.0;1745666217;92.559;96.184;91.53;104.757;
1900-01-01 21:16:58;892.0;1745666218;92.515;96.095;91.53;104.757;
1900-01-01 21:16:59;893.0;1745666219;92.475;96.095;91.585;104.797;
1900-01-01 21:17:00;894.0;1745666220;92.475;96.1;91.635;104.747;
1900-01-01 21:17:01;895.0;1745666221;92.387;96.078;91.635;104.747;
1900-01-01 21:17:02;896.0;1745666222;92.343;96.078;91.672;104.855;
1900-01-01 21:17:03;897.0;1745666223;92.343;95.983;91.703;104.723;
1900-01-01 21:17:04;898.0;1745666224;92.325;96.086;91.703;104.723;
1900-01-01 21:17:05;899.0;1745666225;92.379;96.086;91.763;104.756;
1900-01-01 21:17:06;900.0;1745666226;92.379;95.99;91.663;104.839;
1900-01-01 21:17:07;901.0;1745666227;92.392;96.036;91.663;104.839;
1900-01-01 21:17:08;902.0;1745666228;92.392;96.036;91.744;104.842;
1900-01-01 21:17:09;903.0;1745666229;92.329;96.064;91.692;104.784;
1900-01-01 21:17:10;904.0;1745666230;92.219;96.133;91.692;104.784;
1900-01-01 21:17:11;905.0;1745666231;92.219;96.133;91.652;104.778;
1900-01-01 21:17:12;906.0;1745666232;92.263;96.065;91.63;104.778;
1900-01-01 21:17:13;907.0;1745666233;92.226;96.035;91.63;104.853;
1900-01-01 21:17:15;908.0;1745666235;92.233;96.035;91.601;104.852;
1900-01-01 21:17:15;909.0;1745666235;92.233;96.057;91.593;104.852;
1900-01-01 21:17:16;910.0;1745666236;92.235;95.949;91.593;104.815;
1900-01-01 21:17:17;911.0;1745666237;92.235;95.949;91.604;104.777;
1900-01-01 21:17:18;912.0;1745666238;92.3;95.979;91.559;104.777;
1900-01-01 21:17:19;913.0;1745666239;92.31;95.979;91.559;104.905;
1900-01-01 21:17:20;914.0;1745666240;92.31;95.95;91.546;104.767;
1900-01-01 21:17:21;915.0;1745666241;92.263;95.974;91.44;104.767;
1900-01-01 21:17:22;916.0;1745666242;92.281;95.974;91.44;104.709;
1900-01-01 21:17:23;917.0;1745666243;92.281;95.975;91.416;104.701;
1900-01-01 21:17:24;918.0;1745666244;92.291;95.863;91.349;104.701;
1900-01-01 21:17:25;919.0;1745666245;92.331;95.863;91.349;104.816;
1900-01-01 21:17:26;920.0;1745666246;92.331;95.889;91.309;104.636;
1900-01-01 21:17:27;921.0;1745666247;92.315;95.947;91.263;104.636;
1900-01-01 21:17:28;922.0;1745666248;92.294;95.947;91.263;104.701;
1900-01-01 21:17:29;923.0;1745666249;92.294;95.939;91.282;104.701;
1900-01-01 21:17:30;924.0;1745666250;92.293;95.843;91.282;104.822;
1900-01-01 21:17:31;925.0;1745666251;92.237;95.843;91.368;104.789;
1900-01-01 21:17:32;926.0;1745666252;92.237;95.886;91.395;104.791;
1900-01-01 21:17:33;927.0;1745666253;92.195;95.895;91.395;104.791;
1900-01-01 21:17:34;928.0;1745666254;92.195;95.895;91.432;104.688;
1900-01-01 21:17:35;929.0;1745666255;92.204;95.931;91.26;104.688;
1900-01-01 21:17:36;930.0;1745666256;92.153;95.931;91.26;104.729;
1900-01-01 21:17:37;931.0;1745666257;92.153;95.881;91.107;104.64;
1900-01-01 21:17:38;932.0;1745666258;92.099;95.83;91.052;104.64;
1900-01-01 21:17:39;933.0;1745666259;92.186;95.83;91.052;104.777;
1900-01-01 21:17:40;934.0;1745666260;92.186;95.97;91.151;104.804;
1900-01-01 21:17:41;935.0;1745666261;92.226;95.793;91.222;104.804;
1900-01-01 21:17:42;936.0;1745666262;92.16;95.793;91.222;104.719;
1900-01-01 21:17:43;937.0;1745666263;92.16;95.802;91.26;104.777;
1900-01-01 21:17:44;938.0;1745666264;92.225;95.8;91.278;104.777;
1900-01-01 21:17:45;939.0;1745666265;92.178;95.8;91.278;104.809;
1900-01-01 21:17:46;940.0;1745666266;92.178;95.808;91.291;104.781;
1900-01-01 21:17:47;941.0;1745666267;92.113;95.783;91.291;104.781;
1900-01-01 21:17:48;942.0;1745666268;92.07;95.783;91.194;104.752;
1900-01-01 21:17:49;943.0;1745666269;92.07;95.818;91.169;104.688;
1900-01-01 21:17:50;944.0;1745666270;92.091;95.797;91.169;104.688;
1900-01-01 21:17:51;945.0;1745666271;92.089;95.797;91.124;104.868;
1900-01-01 21:17:52;946.0;1745666272;92.089;95.731;91.094;104.789;
1900-01-01 21:17:53;947.0;1745666273;92.034;95.753;91.094;104.789;
1900-01-01 21:17:54;948.0;1745666274;92.034;95.753;91.168;104.729;
1900-01-01 21:17:55;949.0;1745666275;91.963;95.808;91.128;104.743;
1900-01-01 21:17:56;950.0;1745666276;92.024;95.702;91.128;104.743;
1900-01-01 21:17:57;951.0;1745666277;92.024;95.702;91.215;104.741;
1900-01-01 21:17:58;952.0;1745666278;92.003;95.768;91.252;104.741;
1900-01-01 21:18:00;953.0;1745666280;91.947;95.677;91.252;104.803;
1900-01-01 21:18:00;954.0;1745666280;91.947;95.677;91.281;104.742;
1900-01-01 21:18:01;955.0;1745666281;91.844;95.74;91.232;104.742;
1900-01-01 21:18:02;956.0;1745666282;91.853;95.74;91.232;104.797;
1900-01-01 21:18:03;957.0;1745666283;91.853;95.766;91.1;104.851;
1900-01-01 21:18:04;958.0;1745666284;91.807;95.722;91.031;104.851;
1900-01-01 21:18:05;959.0;1745666285;91.773;95.722;91.031;104.777;
1900-01-01 21:18:06;960.0;1745666286;91.773;95.713;91.062;104.819;
1900-01-01 21:18:08;961.0;1745666288;91.707;95.675;91.046;104.819;
1900-01-01 21:18:08;962.0;1745666288;91.669;95.675;91.046;104.78;
1900-01-01 21:18:09;963.0;1745666289;91.669;95.665;91.134;104.758;
1900-01-01 21:18:10;964.0;1745666290;91.689;95.767;91.134;104.758;
1900-01-01 21:18:11;965.0;1745666291;91.689;95.767;91.071;104.749;
1900-01-01 21:18:12;966.0;1745666292;91.573;95.715;91.091;104.787;
1900-01-01 21:18:13;967.0;1745666293;91.615;95.606;91.091;104.787;
1900-01-01 21:18:14;968.0;1745666294;91.615;95.606;91.055;104.871;
1900-01-01 21:18:15;969.0;1745666295;91.571;95.619;91.01;104.871;
1900-01-01 21:18:16;970.0;1745666296;91.565;95.596;91.01;104.804;
1900-01-01 21:18:17;971.0;1745666297;91.565;95.596;91.021;104.818;
1900-01-01 21:18:18;972.0;1745666298;91.544;95.536;91.115;104.818;
1900-01-01 21:18:19;973.0;1745666299;91.449;95.511;91.115;104.789;
1900-01-01 21:18:20;974.0;1745666300;91.449;95.511;91.239;104.633;
1900-01-01 21:18:21;975.0;1745666301;91.486;95.444;91.244;104.633;
1900-01-01 21:18:22;976.0;1745666302;91.574;95.444;91.244;104.727;
1900-01-01 21:18:23;977.0;1745666303;91.574;95.45;91.232;104.748;
1900-01-01 21:18:25;978.0;1745666305;91.586;95.436;91.203;104.748;
1900-01-01 21:18:25;979.0;1745666305;91.477;95.436;91.203;104.802;
1900-01-01 21:18:26;980.0;1745666306;91.477;95.487;91.156;104.686;
1900-01-01 21:18:27;981.0;1745666307;91.471;95.467;91.117;104.686;
1900-01-01 21:18:28;982.0;1745666308;91.437;95.467;91.117;104.724;
1900-01-01 21:18:29;983.0;1745666309;91.437;95.447;91.173;104.713;
1900-01-01 21:18:30;984.0;1745666310;91.389;95.485;91.113;104.713;
1900-01-01 21:18:31;985.0;1745666311;91.428;95.485;91.113;104.667;
1900-01-01 21:18:32;986.0;1745666312;91.428;95.463;91.213;104.805;
1900-01-01 21:18:33;987.0;1745666313;91.438;95.452;91.213;104.805;
1900-01-01 21:18:34;988.0;1745666314;91.392;95.452;91.151;104.753;
1900-01-01 21:18:35;989.0;1745666315;91.392;95.536;91.247;104.888;
1900-01-01 21:18:36;990.0;1745666316;91.39;95.517;91.247;104.888;
1900-01-01 21:18:37;991.0;1745666317;91.39;95.517;91.235;104.725;
1900-01-01 21:18:38;992.0;1745666318;91.365;95.424;91.162;104.725;
1900-01-01 21:18:39;993.0;1745666319;91.351;95.501;91.162;104.803;
1900-01-01 21:18:41;994.0;1745666321;91.2;95.501;91.182;104.771;
1900-01-01 21:18:41;995.0;1745666321;91.2;95.491;91.05;104.771;
1900-01-01 21:18:42;996.0;1745666322;91.266;95.53;91.05;104.808;
1900-01-01 21:18:43;997.0;1745666323;91.266;95.53;90.96;104.782;
1900-01-01 21:18:44;998.0;1745666324;91.274;95.45;90.89;104.782;
1900-01-01 21:18:45;999.0;1745666325;91.354;95.449;90.89;104.77;
1900-01-01 21:18:46;1000.0;1745666326;91.354;95.449;90.761;104.748;
1900-01-01 21:18:47;1001.0;1745666327;91.294;95.431;90.75;104.748;
1900-01-01 21:18:48;1002.0;1745666328;91.289;95.431;90.75;104.844;
1900-01-01 21:18:49;1003.0;1745666329;91.289;95.452;90.692;104.771;
1900-01-01 21:18:50;1004.0;1745666330;91.224;95.387;90.692;104.771;
1900-01-01 21:18:51;1005.0;1745666331;91.265;95.387;90.765;104.769;
1900-01-01 21:18:52;1006.0;1745666332;91.265;95.31;90.752;104.796;
1900-01-01 21:18:53;1007.0;1745666333;91.259;95.358;90.752;104.796;
1900-01-01 21:18:54;1008.0;1745666334;91.293;95.358;90.702;104.775;
1900-01-01 21:18:55;1009.0;1745666335;91.293;95.346;90.595;104.804;
1900-01-01 21:18:56;1010.0;1745666336;91.253;95.423;90.481;104.804;
1900-01-01 21:18:57;1011.0;1745666337;91.321;95.423;90.481;104.74;
1900-01-01 21:18:58;1012.0;1745666338;91.321;95.335;90.394;104.772;
1900-01-01 21:18:59;1013.0;1745666339;91.217;95.407;90.394;104.772;
1900-01-01 21:19:00;1014.0;1745666340;91.214;95.407;90.461;104.776;
1900-01-01 21:19:01;1015.0;1745666341;91.214;95.347;90.6;104.776;
1900-01-01 21:19:02;1016.0;1745666342;91.226;95.411;90.6;104.7;
1900-01-01 21:19:03;1017.0;1745666343;91.256;95.411;90.621;104.79;
1900-01-01 21:19:04;1018.0;1745666344;91.256;95.346;90.716;104.79;
1900-01-01 21:19:05;1019.0;1745666345;91.131;95.255;90.716;104.733;
1900-01-01 21:19:06;1020.0;1745666346;91.131;95.255;90.754;104.742;
1900-01-01 21:19:07;1021.0;1745666347;91.092;95.306;90.764;104.742;
1900-01-01 21:19:09;1022.0;1745666349;91.092;95.281;90.764;104.728;
1900-01-01 21:19:09;1023.0;1745666349;91.092;95.281;90.701;104.654;
1900-01-01 21:19:10;1024.0;1745666350;91.03;95.281;90.731;104.654;
1900-01-01 21:19:11;1025.0;1745666351;91.012;95.209;90.731;104.775;
1900-01-01 21:19:12;1026.0;1745666352;90.917;95.209;90.619;104.772;
1900-01-01 21:19:13;1027.0;1745666353;90.917;95.162;90.587;104.772;
1900-01-01 21:19:14;1028.0;1745666354;90.961;95.324;90.587;104.675;
1900-01-01 21:19:15;1029.0;1745666355;90.961;95.324;90.494;104.772;
1900-01-01 21:19:16;1030.0;1745666356;90.83;95.221;90.603;104.772;
1900-01-01 21:19:17;1031.0;1745666357;90.727;95.232;90.603;104.809;
1900-01-01 21:19:18;1032.0;1745666358;90.727;95.232;90.599;104.828;
1900-01-01 21:19:19;1033.0;1745666359;90.697;95.146;90.623;104.828;
1900-01-01 21:19:20;1034.0;1745666360;90.617;95.155;90.623;104.763;
1900-01-01 21:19:21;1035.0;1745666361;90.69;95.155;90.69;104.862;
1900-01-01 21:19:22;1036.0;1745666362;90.69;95.144;90.737;104.756;
1900-01-01 21:19:23;1037.0;1745666363;90.554;95.203;90.737;104.756;
1900-01-01 21:19:24;1038.0;1745666364;90.554;95.203;90.704;104.778;
1900-01-01 21:19:25;1039.0;1745666365;90.575;95.153;90.618;104.778;
1900-01-01 21:19:26;1040.0;1745666366;90.447;95.153;90.618;104.706;
1900-01-01 21:19:27;1041.0;1745666367;90.447;95.167;90.657;104.796;
1900-01-01 21:19:28;1042.0;1745666368;90.515;95.141;90.569;104.796;
1900-01-01 21:19:29;1043.0;1745666369;90.523;95.182;90.569;104.75;
1900-01-01 21:19:30;1044.0;1745666370;90.523;95.182;90.54;104.715;
1900-01-01 21:19:31;1045.0;1745666371;90.491;95.094;90.571;104.715;
1900-01-01 21:19:32;1046.0;1745666372;90.472;95.094;90.571;104.678;
1900-01-01 21:19:33;1047.0;1745666373;90.472;95.077;90.531;104.737;
1900-01-01 21:19:35;1048.0;1745666375;90.504;95.161;90.57;104.737;
1900-01-01 21:19:35;1049.0;1745666375;90.473;95.161;90.57;104.704;
1900-01-01 21:19:36;1050.0;1745666376;90.473;95.021;90.617;104.728;
1900-01-01 21:19:37;1051.0;1745666377;90.475;95.082;90.604;104.728;
1900-01-01 21:19:38;1052.0;1745666378;90.46;95.082;90.604;104.74;
1900-01-01 21:19:39;1053.0;1745666379;90.46;95.105;90.692;104.757;
1900-01-01 21:19:40;1054.0;1745666380;90.374;95.061;90.679;104.757;
1900-01-01 21:19:42;1055.0;1745666382;90.402;95.061;90.679;104.821;
1900-01-01 21:19:42;1056.0;1745666382;90.402;95.091;90.695;104.731;
1900-01-01 21:19:43;1057.0;1745666383;90.377;95.101;90.695;104.731;
1900-01-01 21:19:44;1058.0;1745666384;90.377;95.101;90.651;104.776;
1900-01-01 21:19:45;1059.0;1745666385;90.318;95.009;90.66;104.817;
1900-01-01 21:19:46;1060.0;1745666386;90.403;95.013;90.66;104.817;
1900-01-01 21:19:47;1061.0;1745666387;90.403;95.013;90.643;104.782;
1900-01-01 21:19:48;1062.0;1745666388;90.404;95.023;90.609;104.782;
1900-01-01 21:19:49;1063.0;1745666389;90.311;95.012;90.609;104.77;
1900-01-01 21:19:50;1064.0;1745666390;90.311;95.012;90.623;104.796;
1900-01-01 21:19:51;1065.0;1745666391;90.375;95.012;90.648;104.796;
1900-01-01 21:19:52;1066.0;1745666392;90.286;94.931;90.648;104.774;
1900-01-01 21:19:53;1067.0;1745666393;90.286;94.931;90.712;104.705;
1900-01-01 21:19:54;1068.0;1745666394;90.343;94.954;90.712;104.705;
1900-01-01 21:19:55;1069.0;1745666395;90.332;94.954;90.672;104.797;
1900-01-01 21:19:56;1070.0;1745666396;90.332;95.013;90.579;104.65;
1900-01-01 21:19:58;1071.0;1745666398;90.297;94.941;90.608;104.65;
1900-01-01 21:19:58;1072.0;1745666398;90.24;94.941;90.608;104.781;
1900-01-01 21:19:59;1073.0;1745666399;90.24;94.904;90.511;104.767;
1900-01-01 21:20:00;1074.0;1745666400;90.241;94.767;90.527;104.767;
1900-01-01 21:20:01;1075.0;1745666401;90.289;94.767;90.527;104.802;
1900-01-01 21:20:02;1076.0;1745666402;90.289;94.745;90.545;104.783;
1900-01-01 21:20:03;1077.0;1745666403;90.17;94.719;90.545;104.783;
1900-01-01 21:20:04;1078.0;1745666404;90.185;94.719;90.54;104.707;
1900-01-01 21:20:05;1079.0;1745666405;90.185;94.783;90.57;104.701;
1900-01-01 21:20:07;1080.0;1745666407;90.151;94.761;90.515;104.701;
1900-01-01 21:20:07;1081.0;1745666407;90.151;94.761;90.515;104.798;
1900-01-01 21:20:08;1082.0;1745666408;90.166;94.643;90.444;104.844;
1900-01-01 21:20:09;1083.0;1745666409;90.091;94.739;90.444;104.844;
1900-01-01 21:20:10;1084.0;1745666410;90.091;94.739;90.405;104.732;
1900-01-01 21:20:11;1085.0;1745666411;90.01;94.737;90.264;104.732;
1900-01-01 21:20:12;1086.0;1745666412;89.923;94.771;90.264;104.766;
1900-01-01 21:20:13;1087.0;1745666413;89.923;94.771;90.205;104.793;
1900-01-01 21:20:15;1088.0;1745666415;89.895;94.674;90.254;104.804;
1900-01-01 21:20:15;1089.0;1745666415;89.801;94.674;90.254;104.804;
1900-01-01 21:20:16;1090.0;1745666416;89.801;94.795;90.24;104.754;
1900-01-01 21:20:17;1091.0;1745666417;89.746;94.713;90.225;104.754;
1900-01-01 21:20:18;1092.0;1745666418;89.746;94.713;90.225;104.77;
1900-01-01 21:20:19;1093.0;1745666419;89.746;94.722;90.125;104.788;
1900-01-01 21:20:20;1094.0;1745666420;89.75;94.732;90.13;104.788;
1900-01-01 21:20:21;1095.0;1745666422;89.68;94.732;90.13;104.775;
1900-01-01 21:20:22;1096.0;1745666422;89.68;94.714;90.15;104.786;
1900-01-01 21:20:23;1097.0;1745666423;89.632;94.647;90.172;104.786;
1900-01-01 21:20:25;1098.0;1745666425;89.579;94.647;90.172;104.763;
1900-01-01 21:20:25;1099.0;1745666425;89.579;94.571;90.173;104.818;
1900-01-01 21:20:26;1100.0;1745666426;89.527;94.604;90.173;104.818;
1900-01-01 21:20:27;1101.0;1745666427;89.527;94.604;90.2;104.879;
1900-01-01 21:20:28;1102.0;1745666428;89.458;94.501;90.209;104.74;
1900-01-01 21:20:29;1103.0;1745666429;89.54;94.442;90.209;104.74;
1900-01-01 21:20:30;1104.0;1745666430;89.419;94.442;90.115;104.626;
1900-01-01 21:20:31;1105.0;1745666431;89.419;94.466;90.166;104.626;
1900-01-01 21:20:32;1106.0;1745666432;89.392;94.395;90.166;104.692;
1900-01-01 21:20:33;1107.0;1745666433;89.392;94.395;90.028;104.773;
1900-01-01 21:20:34;1108.0;1745666434;89.323;94.409;90.072;104.774;
1900-01-01 21:20:36;1109.0;1745666436;89.311;94.366;90.072;104.774;
1900-01-01 21:20:36;1110.0;1745666436;89.311;94.366;90.081;104.799;
1900-01-01 21:20:37;1111.0;1745666437;89.317;94.388;90.098;104.799;
1900-01-01 21:20:38;1112.0;1745666438;89.257;94.404;90.098;104.692;
1900-01-01 21:20:39;1113.0;1745666439;89.257;94.404;90.227;104.716;
1900-01-01 21:20:40;1114.0;1745666440;89.098;94.475;90.258;104.716;
1900-01-01 21:20:41;1115.0;1745666441;89.159;94.388;90.258;104.704;
1900-01-01 21:20:42;1116.0;1745666442;89.159;94.388;90.273;104.76;
1900-01-01 21:20:43;1117.0;1745666443;89.043;94.448;90.217;104.76;
1900-01-01 21:20:44;1118.0;1745666444;89.046;94.448;90.217;104.738;
1900-01-01 21:20:45;1119.0;1745666445;89.046;94.419;90.124;104.817;
1900-01-01 21:20:46;1120.0;1745666446;88.947;94.489;90.064;104.817;
1900-01-01 21:20:47;1121.0;1745666447;88.953;94.489;90.064;104.799;
1900-01-01 21:20:48;1122.0;1745666448;88.953;94.47;90.007;104.757;
1900-01-01 21:20:49;1123.0;1745666449;88.979;94.519;90.007;104.757;
1900-01-01 21:20:50;1124.0;1745666450;88.94;94.519;89.989;104.731;
1900-01-01 21:20:51;1125.0;1745666451;88.94;94.488;89.986;104.731;
1900-01-01 21:20:52;1126.0;1745666452;89.055;94.547;89.986;104.716;
1900-01-01 21:20:53;1127.0;1745666453;89.045;94.547;89.945;104.729;
1900-01-01 21:20:54;1128.0;1745666454;89.045;94.506;89.899;104.729;
1900-01-01 21:20:55;1129.0;1745666455;89.07;94.459;89.899;104.844;
1900-01-01 21:20:57;1130.0;1745666457;89.009;94.459;89.925;104.754;
1900-01-01 21:20:57;1131.0;1745666457;89.009;94.483;89.935;104.754;
1900-01-01 21:20:58;1132.0;1745666458;89.09;94.495;89.935;104.727;
1900-01-01 21:20:59;1133.0;1745666459;89.09;94.495;90.061;104.759;
1900-01-01 21:21:00;1134.0;1745666460;88.981;94.441;90.208;104.759;
1900-01-01 21:21:01;1135.0;1745666461;88.984;94.441;90.208;104.754;
1900-01-01 21:21:02;1136.0;1745666462;88.984;94.406;90.201;104.843;
1900-01-01 21:21:03;1137.0;1745666463;88.935;94.478;90.225;104.843;
1900-01-01 21:21:04;1138.0;1745666464;88.918;94.478;90.225;104.767;
1900-01-01 21:21:05;1139.0;1745666465;88.918;94.443;90.273;104.788;
1900-01-01 21:21:06;1140.0;1745666466;88.818;94.434;90.273;104.788;
1900-01-01 21:21:07;1141.0;1745666467;88.963;94.434;90.229;104.74;
1900-01-01 21:21:08;1142.0;1745666468;88.963;94.432;90.161;104.754;
1900-01-01 21:21:09;1143.0;1745666469;88.889;94.488;90.161;104.754;
1900-01-01 21:21:10;1144.0;1745666470;88.872;94.488;90.127;104.75;
1900-01-01 21:21:11;1145.0;1745666471;88.872;94.485;89.928;104.691;
1900-01-01 21:21:12;1146.0;1745666472;88.742;94.416;89.928;104.691;
1900-01-01 21:21:13;1147.0;1745666473;88.739;94.416;89.958;104.719;
1900-01-01 21:21:14;1148.0;1745666474;88.739;94.386;89.867;104.719;
1900-01-01 21:21:15;1149.0;1745666475;88.72;94.43;89.867;104.695;
1900-01-01 21:21:16;1150.0;1745666476;88.597;94.43;89.915;104.731;
1900-01-01 21:21:17;1151.0;1745666477;88.597;94.372;89.902;104.731;
1900-01-01 21:21:18;1152.0;1745666478;88.571;94.415;89.902;104.744;
1900-01-01 21:21:19;1153.0;1745666479;88.571;94.415;89.956;104.745;
1900-01-01 21:21:20;1154.0;1745666480;88.541;94.368;90.04;104.745;
1900-01-01 21:21:21;1155.0;1745666481;88.547;94.35;90.04;104.836;
1900-01-01 21:21:22;1156.0;1745666482;88.547;94.35;89.95;104.693;
1900-01-01 21:21:23;1157.0;1745666483;88.535;94.338;89.8;104.693;
1900-01-01 21:21:24;1158.0;1745666484;88.451;94.338;89.8;104.77;
1900-01-01 21:21:25;1159.0;1745666485;88.451;94.336;89.839;104.801;
1900-01-01 21:21:26;1160.0;1745666486;88.437;94.305;89.839;104.801;
1900-01-01 21:21:27;1161.0;1745666487;88.481;94.305;89.82;104.846;
1900-01-01 21:21:28;1162.0;1745666488;88.481;94.342;89.812;104.701;
1900-01-01 21:21:30;1163.0;1745666490;88.418;94.233;89.795;104.701;
1900-01-01 21:21:30;1164.0;1745666490;88.412;94.233;89.795;104.652;
1900-01-01 21:21:31;1165.0;1745666491;88.412;94.314;89.699;104.843;
1900-01-01 21:21:32;1166.0;1745666492;88.42;94.271;89.699;104.843;
1900-01-01 21:21:33;1167.0;1745666493;88.42;94.271;89.709;104.807;
1900-01-01 21:21:34;1168.0;1745666494;88.353;94.28;89.836;104.791;
1900-01-01 21:21:35;1169.0;1745666495;88.381;94.318;89.836;104.791;
1900-01-01 21:21:36;1170.0;1745666496;88.381;94.318;89.727;104.707;
1900-01-01 21:21:37;1171.0;1745666497;88.282;94.381;89.602;104.707;
1900-01-01 21:21:38;1172.0;1745666498;88.388;94.381;89.602;104.799;
1900-01-01 21:21:39;1173.0;1745666499;88.388;94.317;89.544;104.707;
1900-01-01 21:21:40;1174.0;1745666500;88.382;94.347;89.549;104.707;
1900-01-01 21:21:41;1175.0;1745666501;88.362;94.235;89.549;104.758;
1900-01-01 21:21:42;1176.0;1745666502;88.362;94.235;89.466;104.82;
1900-01-01 21:21:43;1177.0;1745666503;88.353;94.25;89.59;104.82;
1900-01-01 21:21:44;1178.0;1745666504;88.327;94.25;89.59;104.767;
1900-01-01 21:21:45;1179.0;1745666505;88.327;94.201;89.648;104.787;
1900-01-01 21:21:46;1180.0;1745666506;88.419;94.233;89.648;104.787;
1900-01-01 21:21:47;1181.0;1745666507;88.347;94.233;89.734;104.735;
1900-01-01 21:21:48;1182.0;1745666508;88.347;94.129;89.8;104.739;
1900-01-01 21:21:49;1183.0;1745666509;88.335;94.174;89.85;104.739;
1900-01-01 21:21:50;1184.0;1745666510;88.224;94.174;89.85;104.712;
1900-01-01 21:21:51;1185.0;1745666511;88.224;94.107;89.787;104.731;
1900-01-01 21:21:52;1186.0;1745666512;88.19;94.169;89.761;104.731;
1900-01-01 21:21:53;1187.0;1745666513;88.23;94.169;89.761;104.761;
1900-01-01 21:21:54;1188.0;1745666514;88.23;94.113;89.77;104.768;
1900-01-01 21:21:55;1189.0;1745666515;88.16;94.159;89.77;104.768;
1900-01-01 21:21:56;1190.0;1745666516;88.16;94.159;89.708;104.76;
1900-01-01 21:21:57;1191.0;1745666517;88.143;94.105;89.707;104.814;
1900-01-01 21:21:58;1192.0;1745666518;88.11;94.159;89.707;104.814;
1900-01-01 21:22:00;1193.0;1745666520;88.104;94.159;89.6;104.749;
1900-01-01 21:22:00;1194.0;1745666520;88.104;94.14;89.735;104.749;
1900-01-01 21:22:01;1195.0;1745666521;88.105;94.182;89.735;104.755;
1900-01-01 21:22:02;1196.0;1745666522;88.105;94.182;89.695;104.722;
1900-01-01 21:22:03;1197.0;1745666523;88.044;94.224;89.689;104.722;
1900-01-01 21:22:04;1198.0;1745666524;88.007;94.201;89.689;104.738;
1900-01-01 21:22:05;1199.0;1745666525;88.007;94.201;89.572;104.696;
1900-01-01 21:22:06;1200.0;1745666526;88.004;94.158;89.514;104.696;
