Time;Seconds from start for linreg;Unix Time;ch1 po2;ch2 po2;ch3 po2;ch4 po2;
1900-01-01 09:07:09;1.0;1745708829;100.571;101.998;97.199;101.981;
1900-01-01 09:07:10;2.0;1745708830;100.552;102.069;97.199;101.964;
1900-01-01 09:07:11;3.0;1745708831;100.597;102.069;97.305;101.872;
1900-01-01 09:07:12;4.0;1745708832;100.597;102.073;97.324;101.872;
1900-01-01 09:07:13;5.0;1745708833;100.479;102.091;97.324;101.999;
1900-01-01 09:07:14;6.0;1745708834;100.479;102.091;97.276;101.97;
1900-01-01 09:07:15;7.0;1745708835;100.583;102.012;97.309;101.97;
1900-01-01 09:07:16;8.0;1745708836;100.581;102.012;97.309;101.939;
1900-01-01 09:07:17;9.0;1745708837;100.581;102.027;97.191;101.99;
1900-01-01 09:07:18;10.0;1745708838;100.547;101.951;97.151;101.99;
1900-01-01 09:07:19;11.0;1745708839;100.483;101.951;97.151;101.954;
1900-01-01 09:07:20;12.0;1745708840;100.483;102.086;97.083;101.965;
1900-01-01 09:07:21;13.0;1745708841;100.491;101.953;97.147;101.965;
1900-01-01 09:07:22;14.0;1745708842;100.487;101.953;97.147;101.843;
1900-01-01 09:07:23;15.0;1745708843;100.487;102.093;97.109;102.022;
1900-01-01 09:07:25;16.0;1745708845;100.553;102.019;96.964;102.022;
1900-01-01 09:07:25;17.0;1745708845;100.576;102.019;96.964;101.961;
1900-01-01 09:07:26;18.0;1745708846;100.576;101.967;96.953;101.95;
1900-01-01 09:07:27;19.0;1745708847;100.633;102.106;96.891;101.95;
1900-01-01 09:07:28;20.0;1745708848;100.637;102.106;96.891;101.963;
1900-01-01 09:07:29;21.0;1745708849;100.637;102.079;97.002;101.97;
1900-01-01 09:07:30;22.0;1745708850;100.672;102.165;97.002;101.97;
1900-01-01 09:07:32;23.0;1745708852;100.599;102.165;96.994;101.925;
1900-01-01 09:07:32;24.0;1745708852;100.599;102.141;97.003;101.925;
1900-01-01 09:07:33;25.0;1745708853;100.582;102.047;97.003;101.969;
1900-01-01 09:07:34;26.0;1745708854;100.582;102.047;96.95;102.008;
1900-01-01 09:07:35;27.0;1745708855;100.605;102.096;96.94;102.008;
1900-01-01 09:07:36;28.0;1745708856;100.615;102.148;96.94;101.896;
1900-01-01 09:07:37;29.0;1745708857;100.615;102.148;96.964;102.074;
1900-01-01 09:07:38;30.0;1745708858;100.603;102.114;97.116;102.074;
1900-01-01 09:07:39;31.0;1745708859;100.547;102.181;97.116;102.033;
1900-01-01 09:07:40;32.0;1745708860;100.547;102.181;97.029;101.954;
1900-01-01 09:07:41;33.0;1745708861;100.54;102.164;96.989;101.954;
1900-01-01 09:07:42;34.0;1745708862;100.431;102.164;96.989;102.046;
1900-01-01 09:07:43;35.0;1745708863;100.431;102.11;96.911;102.056;
1900-01-01 09:07:44;36.0;1745708864;100.479;102.026;96.911;102.056;
1900-01-01 09:07:45;37.0;1745708865;100.565;102.026;96.962;101.886;
1900-01-01 09:07:46;38.0;1745708866;100.565;102.191;96.97;102.022;
1900-01-01 09:07:47;39.0;1745708867;100.642;102.209;96.908;102.022;
1900-01-01 09:07:48;40.0;1745708868;100.573;102.209;96.908;102.077;
1900-01-01 09:07:49;41.0;1745708869;100.573;102.142;97.092;101.978;
1900-01-01 09:07:50;42.0;1745708870;100.598;102.1;97.092;101.978;
1900-01-01 09:07:51;43.0;1745708871;100.588;102.1;96.95;101.958;
1900-01-01 09:07:52;44.0;1745708872;100.588;102.141;97.025;101.993;
1900-01-01 09:07:53;45.0;1745708873;100.576;102.075;97.025;101.993;
1900-01-01 09:07:54;46.0;1745708874;100.499;102.075;97.034;102.004;
1900-01-01 09:07:55;47.0;1745708875;100.499;102.132;96.996;102.054;
1900-01-01 09:07:56;48.0;1745708876;100.543;102.108;96.996;102.054;
1900-01-01 09:07:57;49.0;1745708877;100.567;102.108;97.047;101.953;
1900-01-01 09:07:58;50.0;1745708878;100.567;102.03;97.026;101.981;
1900-01-01 09:07:59;51.0;1745708879;100.642;102.099;97.026;101.981;
1900-01-01 09:08:00;52.0;1745708880;100.633;102.099;97.028;101.98;
1900-01-01 09:08:01;53.0;1745708881;100.633;102.081;96.994;101.98;
1900-01-01 09:08:02;54.0;1745708882;100.646;102.092;96.994;101.997;
1900-01-01 09:08:03;55.0;1745708883;100.646;102.092;96.952;101.938;
1900-01-01 09:08:04;56.0;1745708884;100.637;102.074;96.952;101.938;
1900-01-01 09:08:05;57.0;1745708885;100.588;102.011;96.952;101.949;
1900-01-01 09:08:06;58.0;1745708886;100.588;102.011;96.871;101.93;
1900-01-01 09:08:07;59.0;1745708887;100.586;102.067;96.864;101.93;
1900-01-01 09:08:08;60.0;1745708888;100.604;102.067;96.864;101.986;
1900-01-01 09:08:09;61.0;1745708889;100.604;102.073;96.908;102.077;
1900-01-01 09:08:10;62.0;1745708890;100.535;102.054;96.903;102.077;
1900-01-01 09:08:12;63.0;1745708892;100.497;102.054;96.903;101.963;
1900-01-01 09:08:12;64.0;1745708892;100.497;102.116;96.932;101.99;
1900-01-01 09:08:13;65.0;1745708893;100.412;102.164;96.932;101.99;
1900-01-01 09:08:14;66.0;1745708894;100.439;102.164;96.931;101.951;
1900-01-01 09:08:15;67.0;1745708895;100.439;102.228;96.92;101.951;
1900-01-01 09:08:16;68.0;1745708896;100.509;102.263;96.92;101.976;
1900-01-01 09:08:18;69.0;1745708898;100.48;102.263;96.919;102.01;
1900-01-01 09:08:18;70.0;1745708898;100.48;102.129;96.886;102.01;
1900-01-01 09:08:19;71.0;1745708899;100.456;102.122;96.886;101.906;
1900-01-01 09:08:20;72.0;1745708900;100.456;102.122;96.96;101.928;
1900-01-01 09:08:21;73.0;1745708901;100.515;102.151;97.005;101.928;
1900-01-01 09:08:22;74.0;1745708902;100.512;102.102;97.005;101.912;
1900-01-01 09:08:24;75.0;1745708904;100.633;102.102;97.023;101.932;
1900-01-01 09:08:24;76.0;1745708904;100.633;102.129;97.027;101.932;
1900-01-01 09:08:25;77.0;1745708905;100.554;102.165;97.027;102.043;
1900-01-01 09:08:26;78.0;1745708906;100.554;102.165;96.975;101.94;
1900-01-01 09:08:27;79.0;1745708907;100.54;102.137;96.974;101.94;
1900-01-01 09:08:28;80.0;1745708908;100.515;102.1;96.974;102.013;
1900-01-01 09:08:29;81.0;1745708909;100.515;102.1;96.837;102.003;
1900-01-01 09:08:30;82.0;1745708910;100.487;102.144;96.815;102.003;
1900-01-01 09:08:31;83.0;1745708911;100.435;102.144;96.815;101.92;
1900-01-01 09:08:32;84.0;1745708912;100.435;102.178;96.852;101.979;
1900-01-01 09:08:33;85.0;1745708913;100.4;102.08;96.769;101.979;
1900-01-01 09:08:34;86.0;1745708914;100.429;102.08;96.769;101.968;
1900-01-01 09:08:35;87.0;1745708915;100.429;102.164;96.861;101.975;
1900-01-01 09:08:36;88.0;1745708916;100.333;101.977;96.865;101.975;
1900-01-01 09:08:37;89.0;1745708917;100.333;101.977;96.865;102.03;
1900-01-01 09:08:38;90.0;1745708918;100.282;102.035;96.776;102.005;
1900-01-01 09:08:39;91.0;1745708919;100.164;102.105;96.776;102.005;
1900-01-01 09:08:40;92.0;1745708920;100.164;102.105;96.896;102.012;
1900-01-01 09:08:41;93.0;1745708921;100.282;102.063;96.93;102.012;
1900-01-01 09:08:42;94.0;1745708922;100.259;102.095;96.93;101.944;
1900-01-01 09:08:43;95.0;1745708923;100.259;102.095;96.893;101.965;
1900-01-01 09:08:44;96.0;1745708924;100.2;102.047;96.943;101.965;
1900-01-01 09:08:45;97.0;1745708925;100.189;101.984;96.943;102.045;
1900-01-01 09:08:46;98.0;1745708926;100.189;101.984;97.018;101.913;
1900-01-01 09:08:47;99.0;1745708927;100.201;102.08;96.964;101.913;
1900-01-01 09:08:48;100.0;1745708928;100.259;102.024;96.964;101.982;
1900-01-01 09:08:49;101.0;1745708929;100.259;102.024;96.927;101.946;
1900-01-01 09:08:50;102.0;1745708930;100.271;102.024;96.794;101.946;
1900-01-01 09:08:51;103.0;1745708931;100.265;102.024;96.794;101.868;
1900-01-01 09:08:52;104.0;1745708932;100.265;101.998;96.758;101.895;
1900-01-01 09:08:53;105.0;1745708933;100.292;102.085;96.758;101.895;
1900-01-01 09:08:54;106.0;1745708934;100.242;102.085;96.805;101.848;
1900-01-01 09:08:55;107.0;1745708935;100.242;102.075;96.826;101.949;
1900-01-01 09:08:56;108.0;1745708936;100.267;102.024;96.826;101.949;
1900-01-01 09:08:57;109.0;1745708937;100.117;102.024;96.814;101.98;
1900-01-01 09:08:58;110.0;1745708938;100.117;102.15;96.781;101.913;
1900-01-01 09:08:59;111.0;1745708939;100.17;102.112;96.781;101.913;
1900-01-01 09:09:00;112.0;1745708940;100.198;102.112;96.863;101.957;
1900-01-01 09:09:01;113.0;1745708941;100.198;102.101;96.914;102.009;
1900-01-01 09:09:03;114.0;1745708943;100.197;102.137;96.941;102.009;
1900-01-01 09:09:03;115.0;1745708943;100.197;102.137;96.941;101.949;
1900-01-01 09:09:04;116.0;1745708944;100.251;102.074;96.944;101.958;
1900-01-01 09:09:05;117.0;1745708945;100.187;102.182;96.944;101.958;
1900-01-01 09:09:06;118.0;1745708946;100.207;102.182;96.897;101.914;
1900-01-01 09:09:07;119.0;1745708947;100.207;102.104;96.912;101.914;
1900-01-01 09:09:08;120.0;1745708948;100.263;102.127;96.912;101.927;
1900-01-01 09:09:09;121.0;1745708949;100.263;102.127;96.817;101.918;
1900-01-01 09:09:10;122.0;1745708950;100.096;102.144;96.822;101.918;
1900-01-01 09:09:11;123.0;1745708951;100.107;102.104;96.822;101.984;
1900-01-01 09:09:12;124.0;1745708952;100.107;102.104;96.758;101.969;
1900-01-01 09:09:13;125.0;1745708953;100.124;102.149;96.742;101.969;
1900-01-01 09:09:14;126.0;1745708954;100.08;102.167;96.742;101.968;
1900-01-01 09:09:15;127.0;1745708955;100.08;102.167;96.681;102.008;
1900-01-01 09:09:16;128.0;1745708956;100.068;102.134;96.713;101.9;
1900-01-01 09:09:17;129.0;1745708957;99.99;102.134;96.713;101.9;
1900-01-01 09:09:18;130.0;1745708958;99.99;102.08;96.661;101.949;
1900-01-01 09:09:19;131.0;1745708959;100.032;102.146;96.58;101.949;
1900-01-01 09:09:20;132.0;1745708960;100.064;102.094;96.58;101.94;
1900-01-01 09:09:21;133.0;1745708961;100.198;102.094;96.584;101.886;
1900-01-01 09:09:22;134.0;1745708962;100.198;102.106;96.639;101.886;
1900-01-01 09:09:23;135.0;1745708963;100.181;102.12;96.639;101.962;
1900-01-01 09:09:24;136.0;1745708964;100.181;102.12;96.636;101.969;
1900-01-01 09:09:25;137.0;1745708965;100.243;102.182;96.682;101.969;
1900-01-01 09:09:26;138.0;1745708966;100.215;102.182;96.682;101.887;
1900-01-01 09:09:27;139.0;1745708967;100.215;102.109;96.746;102.0;
1900-01-01 09:09:28;140.0;1745708968;100.222;102.147;96.79;102.0;
1900-01-01 09:09:30;141.0;1745708970;100.166;102.157;96.79;102.011;
1900-01-01 09:09:30;142.0;1745708970;100.166;102.157;96.691;101.958;
1900-01-01 09:09:31;143.0;1745708971;100.193;102.149;96.624;101.958;
1900-01-01 09:09:32;144.0;1745708972;100.238;102.149;96.624;101.976;
1900-01-01 09:09:33;145.0;1745708973;100.238;102.137;96.71;101.942;
1900-01-01 09:09:34;146.0;1745708974;100.24;102.105;96.692;101.942;
1900-01-01 09:09:35;147.0;1745708975;100.29;102.105;96.692;101.966;
1900-01-01 09:09:36;148.0;1745708976;100.29;102.098;96.626;101.959;
1900-01-01 09:09:37;149.0;1745708977;100.245;102.128;96.554;101.959;
1900-01-01 09:09:38;150.0;1745708978;100.199;102.128;96.554;101.978;
1900-01-01 09:09:39;151.0;1745708979;100.199;102.14;96.618;101.972;
1900-01-01 09:09:40;152.0;1745708980;100.191;102.138;96.618;101.972;
1900-01-01 09:09:41;153.0;1745708981;100.141;102.138;96.546;101.957;
1900-01-01 09:09:42;154.0;1745708982;100.141;102.098;96.535;101.957;
1900-01-01 09:09:43;155.0;1745708983;100.105;102.059;96.535;101.936;
1900-01-01 09:09:44;156.0;1745708984;100.126;102.059;96.689;101.916;
1900-01-01 09:09:45;157.0;1745708985;100.126;102.126;96.675;101.974;
1900-01-01 09:09:46;158.0;1745708986;100.08;102.059;96.675;101.974;
1900-01-01 09:09:47;159.0;1745708987;100.08;102.059;96.651;101.937;
1900-01-01 09:09:48;160.0;1745708988;100.088;102.005;96.65;101.937;
1900-01-01 09:09:49;161.0;1745708989;100.055;102.104;96.65;102.013;
1900-01-01 09:09:50;162.0;1745708990;100.055;102.104;96.654;101.986;
1900-01-01 09:09:51;163.0;1745708991;100.068;102.09;96.654;101.986;
1900-01-01 09:09:52;164.0;1745708992;100.006;102.09;96.646;101.95;
1900-01-01 09:09:53;165.0;1745708993;100.006;102.104;96.679;101.937;
1900-01-01 09:09:54;166.0;1745708994;100.014;102.166;96.679;101.937;
1900-01-01 09:09:55;167.0;1745708995;100.07;102.166;96.541;101.887;
1900-01-01 09:09:56;168.0;1745708996;100.07;102.136;96.338;101.983;
1900-01-01 09:09:57;169.0;1745708997;100.109;102.15;96.338;101.983;
1900-01-01 09:09:58;170.0;1745708998;100.179;102.15;96.276;101.922;
1900-01-01 09:09:59;171.0;1745708999;100.179;102.147;96.268;101.922;
1900-01-01 09:10:00;172.0;1745709000;100.135;102.204;96.268;101.858;
1900-01-01 09:10:01;173.0;1745709001;100.159;102.204;96.123;101.981;
1900-01-01 09:10:02;174.0;1745709002;100.159;102.216;96.135;101.981;
1900-01-01 09:10:03;175.0;1745709003;100.071;102.144;96.135;101.947;
1900-01-01 09:10:04;176.0;1745709004;100.071;102.144;96.197;101.939;
1900-01-01 09:10:05;177.0;1745709005;100.132;102.266;96.239;101.955;
1900-01-01 09:10:06;178.0;1745709006;100.068;102.14;96.239;101.955;
1900-01-01 09:10:07;179.0;1745709007;100.068;102.14;96.246;101.961;
1900-01-01 09:10:08;180.0;1745709008;100.035;102.161;96.334;101.961;
1900-01-01 09:10:10;181.0;1745709010;100.029;102.151;96.334;101.993;
1900-01-01 09:10:10;182.0;1745709010;100.029;102.151;96.415;101.959;
1900-01-01 09:10:11;183.0;1745709011;100.063;102.0;96.538;101.959;
1900-01-01 09:10:12;184.0;1745709012;100.083;102.0;96.538;101.996;
1900-01-01 09:10:13;185.0;1745709013;100.083;102.093;96.522;101.964;
1900-01-01 09:10:14;186.0;1745709014;100.062;102.076;96.639;101.964;
1900-01-01 09:10:16;187.0;1745709016;100.11;102.127;96.639;101.956;
1900-01-01 09:10:16;188.0;1745709016;100.11;102.127;96.597;101.939;
1900-01-01 09:10:17;189.0;1745709017;100.122;102.106;96.562;101.939;
1900-01-01 09:10:18;190.0;1745709018;100.129;102.106;96.562;101.972;
1900-01-01 09:10:19;191.0;1745709019;100.129;102.037;96.599;101.958;
1900-01-01 09:10:20;192.0;1745709020;100.051;102.046;96.557;101.958;
1900-01-01 09:10:21;193.0;1745709021;100.075;102.046;96.557;101.914;
1900-01-01 09:10:22;194.0;1745709022;100.075;102.037;96.599;101.939;
1900-01-01 09:10:23;195.0;1745709023;100.092;101.978;96.599;101.939;
1900-01-01 09:10:24;196.0;1745709024;100.113;101.978;96.581;101.926;
1900-01-01 09:10:25;197.0;1745709025;100.113;101.927;96.507;101.926;
1900-01-01 09:10:26;198.0;1745709026;100.15;101.976;96.507;101.961;
1900-01-01 09:10:27;199.0;1745709027;100.15;101.976;96.365;101.976;
1900-01-01 09:10:28;200.0;1745709028;100.129;101.959;96.377;101.976;
1900-01-01 09:10:29;201.0;1745709029;100.065;101.906;96.377;101.971;
1900-01-01 09:10:30;202.0;1745709030;100.065;101.906;96.416;101.94;
1900-01-01 09:10:31;203.0;1745709031;99.997;101.982;96.423;101.94;
1900-01-01 09:10:32;204.0;1745709032;99.927;101.982;96.423;101.902;
1900-01-01 09:10:33;205.0;1745709033;99.927;102.037;96.331;101.937;
1900-01-01 09:10:34;206.0;1745709034;99.949;102.016;96.43;101.937;
1900-01-01 09:10:35;207.0;1745709035;99.951;102.016;96.43;101.913;
1900-01-01 09:10:36;208.0;1745709036;99.951;102.098;96.391;101.967;
1900-01-01 09:10:37;209.0;1745709037;99.955;101.97;96.395;101.967;
1900-01-01 09:10:38;210.0;1745709038;100.026;101.97;96.395;101.945;
1900-01-01 09:10:39;211.0;1745709039;100.026;102.033;96.325;101.894;
1900-01-01 09:10:40;212.0;1745709040;100.071;102.109;96.325;101.894;
1900-01-01 09:10:41;213.0;1745709041;99.986;102.109;96.334;101.903;
1900-01-01 09:10:42;214.0;1745709042;99.986;102.03;96.295;101.903;
1900-01-01 09:10:43;215.0;1745709043;100.053;102.041;96.295;101.9;
1900-01-01 09:10:44;216.0;1745709044;100.037;102.041;96.227;101.977;
1900-01-01 09:10:45;217.0;1745709045;100.037;102.059;96.252;101.973;
1900-01-01 09:10:46;218.0;1745709046;100.027;102.105;96.252;101.973;
1900-01-01 09:10:47;219.0;1745709047;100.027;102.105;96.172;101.935;
1900-01-01 09:10:48;220.0;1745709048;100.037;102.16;96.127;101.898;
1900-01-01 09:10:49;221.0;1745709049;100.036;102.084;96.127;101.898;
1900-01-01 09:10:50;222.0;1745709050;100.036;102.084;96.124;101.939;
1900-01-01 09:10:51;223.0;1745709051;100.093;102.049;96.15;101.939;
1900-01-01 09:10:52;224.0;1745709052;100.026;102.049;96.15;102.046;
1900-01-01 09:10:53;225.0;1745709053;100.026;101.951;96.277;102.028;
1900-01-01 09:10:55;226.0;1745709055;100.135;101.987;96.159;102.028;
1900-01-01 09:10:55;227.0;1745709055;100.021;101.987;96.159;102.016;
1900-01-01 09:10:56;228.0;1745709056;100.021;102.089;96.265;102.044;
1900-01-01 09:10:57;229.0;1745709057;100.0;102.065;96.265;102.044;
1900-01-01 09:10:58;230.0;1745709058;100.085;102.065;96.281;101.998;
1900-01-01 09:10:59;231.0;1745709059;100.085;102.003;96.249;101.979;
1900-01-01 09:11:00;232.0;1745709060;99.992;102.061;96.249;101.979;
1900-01-01 09:11:01;233.0;1745709061;100.064;102.061;96.229;102.029;
1900-01-01 09:11:02;234.0;1745709062;100.064;101.955;96.246;101.917;
1900-01-01 09:11:03;235.0;1745709063;100.043;102.09;96.246;101.917;
1900-01-01 09:11:04;236.0;1745709064;100.065;102.09;96.205;101.915;
1900-01-01 09:11:05;237.0;1745709065;100.065;101.951;96.242;102.005;
1900-01-01 09:11:07;238.0;1745709067;100.07;101.996;96.242;102.005;
1900-01-01 09:11:07;239.0;1745709067;100.07;101.996;96.299;101.914;
1900-01-01 09:11:08;240.0;1745709068;100.032;102.002;96.296;101.914;
1900-01-01 09:11:09;241.0;1745709069;100.036;101.919;96.296;101.937;
1900-01-01 09:11:10;242.0;1745709070;100.036;101.919;96.316;101.929;
1900-01-01 09:11:11;243.0;1745709071;100.111;102.022;96.316;101.929;
1900-01-01 09:11:12;244.0;1745709072;100.043;102.022;96.316;101.848;
1900-01-01 09:11:13;245.0;1745709073;100.043;102.075;96.284;101.866;
1900-01-01 09:11:14;246.0;1745709074;100.036;102.014;96.293;101.866;
1900-01-01 09:11:15;247.0;1745709075;100.013;102.014;96.293;101.962;
1900-01-01 09:11:16;248.0;1745709076;100.013;102.047;96.395;101.951;
1900-01-01 09:11:17;249.0;1745709077;100.068;102.039;96.324;101.951;
1900-01-01 09:11:18;250.0;1745709078;99.982;102.039;96.324;101.926;
1900-01-01 09:11:19;251.0;1745709079;99.982;102.129;96.247;101.955;
1900-01-01 09:11:20;252.0;1745709080;100.014;102.075;96.16;101.955;
1900-01-01 09:11:21;253.0;1745709081;100.036;102.075;96.16;101.957;
1900-01-01 09:11:22;254.0;1745709082;100.036;102.117;96.134;102.108;
1900-01-01 09:11:23;255.0;1745709083;100.071;102.153;96.134;102.108;
1900-01-01 09:11:24;256.0;1745709084;99.887;102.153;96.134;102.005;
1900-01-01 09:11:25;257.0;1745709085;99.887;102.108;96.068;102.005;
1900-01-01 09:11:26;258.0;1745709086;99.87;102.233;96.068;101.965;
1900-01-01 09:11:27;259.0;1745709087;99.991;102.233;95.954;101.995;
1900-01-01 09:11:28;260.0;1745709088;99.991;102.057;96.041;101.995;
1900-01-01 09:11:29;261.0;1745709089;100.047;102.112;96.041;101.921;
1900-01-01 09:11:30;262.0;1745709090;100.047;102.112;96.104;101.946;
1900-01-01 09:11:31;263.0;1745709091;100.005;102.096;96.086;101.946;
1900-01-01 09:11:32;264.0;1745709092;99.938;102.096;96.086;101.908;
1900-01-01 09:11:33;265.0;1745709093;99.938;102.021;96.216;101.948;
1900-01-01 09:11:34;266.0;1745709094;99.936;101.99;96.211;101.948;
1900-01-01 09:11:35;267.0;1745709095;99.944;101.99;96.211;101.897;
1900-01-01 09:11:36;268.0;1745709096;99.944;101.992;96.289;101.949;
1900-01-01 09:11:37;269.0;1745709097;99.959;102.1;96.33;101.949;
1900-01-01 09:11:38;270.0;1745709098;99.95;102.1;96.33;102.02;
1900-01-01 09:11:39;271.0;1745709099;99.95;102.0;96.339;101.999;
1900-01-01 09:11:40;272.0;1745709100;99.939;102.058;96.339;101.999;
1900-01-01 09:11:41;273.0;1745709101;99.914;102.058;96.149;101.975;
1900-01-01 09:11:42;274.0;1745709102;99.914;102.088;96.149;101.947;
1900-01-01 09:11:43;275.0;1745709103;99.916;102.102;96.149;101.947;
1900-01-01 09:11:44;276.0;1745709104;99.916;102.102;96.098;101.92;
1900-01-01 09:11:45;277.0;1745709105;99.947;102.074;96.266;101.949;
1900-01-01 09:11:47;278.0;1745709107;99.938;101.959;96.266;101.949;
1900-01-01 09:11:47;279.0;1745709107;99.938;101.959;96.214;101.904;
1900-01-01 09:11:48;280.0;1745709108;99.885;102.013;96.222;101.904;
1900-01-01 09:11:49;281.0;1745709109;100.002;102.01;96.222;101.952;
1900-01-01 09:11:50;282.0;1745709110;100.002;102.01;96.262;102.006;
1900-01-01 09:11:51;283.0;1745709111;100.022;101.971;96.203;102.006;
1900-01-01 09:11:52;284.0;1745709112;99.899;101.996;96.203;101.925;
1900-01-01 09:11:53;285.0;1745709113;99.899;101.996;96.134;101.929;
1900-01-01 09:11:54;286.0;1745709114;99.934;101.98;96.071;101.929;
1900-01-01 09:11:55;287.0;1745709115;99.835;101.98;96.071;101.825;
1900-01-01 09:11:56;288.0;1745709116;99.835;102.09;96.067;102.002;
1900-01-01 09:11:57;289.0;1745709117;99.853;102.122;96.042;102.002;
1900-01-01 09:11:58;290.0;1745709118;99.865;102.122;96.042;101.935;
1900-01-01 09:11:59;291.0;1745709119;99.865;101.997;95.958;101.972;
1900-01-01 09:12:00;292.0;1745709120;99.863;101.984;95.958;101.972;
1900-01-01 09:12:01;293.0;1745709121;99.886;101.984;96.024;101.943;
1900-01-01 09:12:03;294.0;1745709123;99.886;102.014;96.062;101.958;
1900-01-01 09:12:03;295.0;1745709123;99.79;102.061;96.062;101.958;
1900-01-01 09:12:04;296.0;1745709124;99.816;102.061;96.057;101.963;
1900-01-01 09:12:05;297.0;1745709125;99.816;102.087;95.959;101.963;
1900-01-01 09:12:06;298.0;1745709126;99.878;102.173;95.959;101.966;
1900-01-01 09:12:08;299.0;1745709128;99.837;102.173;96.02;101.901;
1900-01-01 09:12:08;300.0;1745709128;99.837;102.155;96.038;101.901;
1900-01-01 09:12:09;301.0;1745709129;99.806;102.186;96.038;101.84;
1900-01-01 09:12:10;302.0;1745709130;99.806;102.186;96.039;101.945;
1900-01-01 09:12:11;303.0;1745709131;99.898;102.086;96.071;101.945;
1900-01-01 09:12:12;304.0;1745709132;99.91;102.088;96.071;101.878;
1900-01-01 09:12:13;305.0;1745709133;99.91;102.088;95.998;101.87;
1900-01-01 09:12:14;306.0;1745709134;99.946;102.094;95.959;101.87;
1900-01-01 09:12:15;307.0;1745709135;99.94;102.017;95.959;101.907;
1900-01-01 09:12:16;308.0;1745709136;99.94;102.017;95.956;101.884;
1900-01-01 09:12:17;309.0;1745709137;99.934;101.99;95.959;101.884;
1900-01-01 09:12:18;310.0;1745709138;99.98;101.99;95.959;101.902;
1900-01-01 09:12:19;311.0;1745709139;99.98;102.084;95.946;101.934;
1900-01-01 09:12:20;312.0;1745709140;100.003;101.964;95.946;101.934;
1900-01-01 09:12:21;313.0;1745709141;99.999;101.964;95.873;101.946;
1900-01-01 09:12:23;314.0;1745709143;99.999;101.986;95.881;101.959;
1900-01-01 09:12:23;315.0;1745709143;99.907;101.935;95.881;101.959;
1900-01-01 09:12:24;316.0;1745709144;99.977;101.935;95.903;101.905;
1900-01-01 09:12:25;317.0;1745709145;99.977;101.976;95.882;101.936;
1900-01-01 09:12:26;318.0;1745709146;99.93;101.871;95.882;101.936;
1900-01-01 09:12:27;319.0;1745709147;99.93;101.871;95.876;101.923;
1900-01-01 09:12:28;320.0;1745709148;99.869;101.888;95.87;101.923;
1900-01-01 09:12:29;321.0;1745709149;99.797;101.934;95.87;101.92;
1900-01-01 09:12:30;322.0;1745709150;99.809;101.934;95.86;101.967;
1900-01-01 09:12:31;323.0;1745709151;99.809;101.853;95.958;101.967;
1900-01-01 09:12:32;324.0;1745709152;99.872;101.912;95.958;101.947;
1900-01-01 09:12:34;325.0;1745709154;99.911;101.912;95.979;101.945;
1900-01-01 09:12:34;326.0;1745709154;99.911;101.954;95.93;101.945;
1900-01-01 09:12:35;327.0;1745709155;99.887;101.952;95.93;101.98;
1900-01-01 09:12:36;328.0;1745709156;99.936;101.952;95.973;101.954;
1900-01-01 09:12:37;329.0;1745709157;99.936;101.909;95.994;101.954;
1900-01-01 09:12:38;330.0;1745709158;99.923;101.884;95.994;101.881;
1900-01-01 09:12:39;331.0;1745709159;99.923;101.884;95.99;101.879;
1900-01-01 09:12:40;332.0;1745709160;99.869;101.925;96.054;101.879;
1900-01-01 09:12:41;333.0;1745709161;99.984;101.9;96.054;101.97;
1900-01-01 09:12:42;334.0;1745709162;99.984;101.9;96.007;101.942;
1900-01-01 09:12:43;335.0;1745709163;99.849;101.837;95.947;101.942;
1900-01-01 09:12:44;336.0;1745709164;99.919;101.961;95.947;101.913;
1900-01-01 09:12:45;337.0;1745709165;99.919;101.961;95.968;101.944;
1900-01-01 09:12:46;338.0;1745709166;99.824;101.944;95.999;101.944;
1900-01-01 09:12:47;339.0;1745709167;99.847;101.944;95.999;101.913;
1900-01-01 09:12:48;340.0;1745709168;99.847;101.876;95.995;101.886;
1900-01-01 09:12:50;341.0;1745709170;99.896;101.855;95.997;101.886;
1900-01-01 09:12:50;342.0;1745709170;99.835;101.855;95.997;101.933;
1900-01-01 09:12:51;343.0;1745709171;99.835;101.87;95.948;102.018;
1900-01-01 09:12:52;344.0;1745709172;99.894;101.997;95.836;102.018;
1900-01-01 09:12:53;345.0;1745709173;99.801;101.997;95.836;101.954;
1900-01-01 09:12:54;346.0;1745709174;99.801;101.964;95.759;101.91;
1900-01-01 09:12:55;347.0;1745709175;99.736;101.941;95.733;101.91;
1900-01-01 09:12:56;348.0;1745709176;99.783;101.941;95.733;101.908;
1900-01-01 09:12:57;349.0;1745709177;99.783;101.919;95.778;101.923;
1900-01-01 09:12:58;350.0;1745709178;99.757;101.937;95.778;101.923;
1900-01-01 09:12:59;351.0;1745709179;99.797;101.937;95.811;101.871;
1900-01-01 09:13:00;352.0;1745709180;99.797;101.909;95.918;101.926;
1900-01-01 09:13:01;353.0;1745709181;99.804;101.907;95.873;101.926;
1900-01-01 09:13:02;354.0;1745709182;99.812;101.907;95.873;101.99;
1900-01-01 09:13:03;355.0;1745709183;99.812;101.768;95.836;101.902;
1900-01-01 09:13:04;356.0;1745709184;99.789;101.825;95.856;101.902;
1900-01-01 09:13:05;357.0;1745709185;99.804;101.825;95.856;101.927;
1900-01-01 09:13:06;358.0;1745709186;99.804;101.831;95.848;101.894;
1900-01-01 09:13:08;359.0;1745709188;99.805;101.84;95.869;101.894;
1900-01-01 09:13:08;360.0;1745709188;99.802;101.84;95.869;101.923;
1900-01-01 09:13:09;361.0;1745709189;99.802;101.902;95.836;101.841;
1900-01-01 09:13:10;362.0;1745709190;99.803;101.85;95.875;101.841;
1900-01-01 09:13:12;363.0;1745709192;99.803;101.839;95.875;101.895;
1900-01-01 09:13:12;364.0;1745709192;99.803;101.839;95.819;101.905;
1900-01-01 09:13:13;365.0;1745709193;99.795;101.828;95.761;101.905;
1900-01-01 09:13:14;366.0;1745709194;99.809;101.828;95.761;101.844;
1900-01-01 09:13:15;367.0;1745709195;99.809;101.832;95.648;101.861;
1900-01-01 09:13:16;368.0;1745709196;99.804;101.801;95.648;101.861;
1900-01-01 09:13:17;369.0;1745709197;99.847;101.801;95.647;101.897;
1900-01-01 09:13:18;370.0;1745709198;99.847;101.746;95.603;101.888;
1900-01-01 09:13:19;371.0;1745709199;99.783;101.84;95.668;101.888;
1900-01-01 09:13:20;372.0;1745709200;99.764;101.84;95.668;101.906;
1900-01-01 09:13:21;373.0;1745709201;99.764;101.862;95.63;101.888;
1900-01-01 09:13:22;374.0;1745709202;99.794;101.751;95.63;101.888;
1900-01-01 09:13:23;375.0;1745709203;99.831;101.751;95.649;101.833;
1900-01-01 09:13:24;376.0;1745709204;99.831;101.897;95.685;101.934;
1900-01-01 09:13:25;377.0;1745709205;99.89;101.746;95.732;101.934;
1900-01-01 09:13:26;378.0;1745709206;99.737;101.746;95.732;101.87;
1900-01-01 09:13:27;379.0;1745709207;99.737;101.908;95.711;101.869;
1900-01-01 09:13:28;380.0;1745709208;99.878;101.916;95.711;101.869;
1900-01-01 09:13:29;381.0;1745709209;99.811;101.916;95.698;101.946;
1900-01-01 09:13:30;382.0;1745709210;99.811;101.846;95.682;101.884;
1900-01-01 09:13:32;383.0;1745709212;99.841;101.913;95.687;101.884;
1900-01-01 09:13:32;384.0;1745709212;99.762;101.913;95.687;101.936;
1900-01-01 09:13:33;385.0;1745709213;99.762;101.862;95.713;101.896;
1900-01-01 09:13:34;386.0;1745709214;99.855;102.027;95.665;101.896;
1900-01-01 09:13:35;387.0;1745709215;99.768;102.027;95.665;101.894;
1900-01-01 09:13:36;388.0;1745709216;99.768;101.949;95.618;101.919;
1900-01-01 09:13:37;389.0;1745709217;99.76;101.834;95.618;101.919;
1900-01-01 09:13:38;390.0;1745709218;99.814;101.834;95.63;101.879;
1900-01-01 09:13:39;391.0;1745709219;99.814;101.867;95.655;101.879;
1900-01-01 09:13:40;392.0;1745709220;99.826;101.956;95.655;101.923;
1900-01-01 09:13:41;393.0;1745709221;99.842;101.956;95.715;101.922;
1900-01-01 09:13:42;394.0;1745709222;99.842;101.987;95.749;101.922;
1900-01-01 09:13:43;395.0;1745709223;99.87;101.872;95.749;101.892;
1900-01-01 09:13:44;396.0;1745709224;99.868;101.872;95.736;101.937;
1900-01-01 09:13:45;397.0;1745709225;99.868;101.93;95.61;101.896;
1900-01-01 09:13:46;398.0;1745709226;99.826;101.914;95.61;101.896;
1900-01-01 09:13:47;399.0;1745709227;99.826;101.914;95.591;101.852;
1900-01-01 09:13:48;400.0;1745709228;99.748;101.922;95.574;101.852;
1900-01-01 09:13:50;401.0;1745709230;99.726;101.917;95.574;101.878;
1900-01-01 09:13:50;402.0;1745709230;99.726;101.917;95.442;101.912;
1900-01-01 09:13:51;403.0;1745709231;99.712;101.87;95.526;101.912;
1900-01-01 09:13:52;404.0;1745709232;99.693;101.988;95.526;101.869;
1900-01-01 09:13:53;405.0;1745709233;99.693;101.988;95.49;101.883;
1900-01-01 09:13:54;406.0;1745709234;99.8;101.946;95.485;101.883;
1900-01-01 09:13:55;407.0;1745709235;99.784;101.946;95.485;101.876;
1900-01-01 09:13:56;408.0;1745709236;99.784;101.974;95.429;101.851;
1900-01-01 09:13:57;409.0;1745709237;99.748;101.867;95.516;101.851;
1900-01-01 09:13:58;410.0;1745709238;99.666;101.867;95.516;101.922;
1900-01-01 09:13:59;411.0;1745709239;99.666;101.989;95.515;101.874;
1900-01-01 09:14:00;412.0;1745709240;99.649;101.894;95.515;101.874;
1900-01-01 09:14:02;413.0;1745709242;99.663;101.894;95.499;101.967;
1900-01-01 09:14:02;414.0;1745709242;99.663;101.966;95.596;101.967;
1900-01-01 09:14:03;415.0;1745709243;99.755;101.949;95.596;101.951;
1900-01-01 09:14:04;416.0;1745709244;99.755;101.949;95.534;101.896;
1900-01-01 09:14:05;417.0;1745709245;99.662;101.926;95.514;101.896;
1900-01-01 09:14:06;418.0;1745709246;99.615;101.934;95.514;101.851;
1900-01-01 09:14:07;419.0;1745709247;99.615;101.934;95.6;101.895;
1900-01-01 09:14:08;420.0;1745709248;99.726;101.88;95.657;101.895;
1900-01-01 09:14:09;421.0;1745709249;99.666;101.791;95.657;101.903;
1900-01-01 09:14:10;422.0;1745709250;99.666;101.791;95.643;101.898;
1900-01-01 09:14:11;423.0;1745709251;99.654;101.837;95.651;101.898;
1900-01-01 09:14:12;424.0;1745709252;99.58;101.775;95.651;101.969;
1900-01-01 09:14:13;425.0;1745709253;99.58;101.775;95.522;101.885;
1900-01-01 09:14:14;426.0;1745709254;99.628;101.779;95.398;101.885;
1900-01-01 09:14:15;427.0;1745709255;99.628;101.779;95.398;101.907;
1900-01-01 09:14:16;428.0;1745709256;99.628;101.784;95.4;101.92;
1900-01-01 09:14:17;429.0;1745709257;99.662;101.666;95.417;101.92;
1900-01-01 09:14:18;430.0;1745709258;99.641;101.761;95.417;101.91;
1900-01-01 09:14:19;431.0;1745709259;99.641;101.761;95.326;101.826;
1900-01-01 09:14:20;432.0;1745709260;99.614;101.747;95.375;101.826;
1900-01-01 09:14:21;433.0;1745709261;99.645;101.747;95.375;101.937;
1900-01-01 09:14:22;434.0;1745709262;99.645;101.83;95.356;101.876;
1900-01-01 09:14:23;435.0;1745709263;99.559;101.782;95.352;101.876;
1900-01-01 09:14:25;436.0;1745709265;99.71;101.802;95.352;101.908;
1900-01-01 09:14:25;437.0;1745709265;99.71;101.802;95.391;101.95;
1900-01-01 09:14:26;438.0;1745709266;99.637;101.813;95.334;101.95;
1900-01-01 09:14:28;439.0;1745709268;99.637;101.833;95.334;101.923;
1900-01-01 09:14:28;440.0;1745709268;99.637;101.833;95.292;101.89;
1900-01-01 09:14:29;441.0;1745709269;99.651;101.78;95.359;101.89;
1900-01-01 09:14:30;442.0;1745709270;99.665;101.78;95.359;101.862;
1900-01-01 09:14:31;443.0;1745709271;99.665;101.719;95.293;101.931;
1900-01-01 09:14:32;444.0;1745709272;99.65;101.791;95.218;101.931;
1900-01-01 09:14:33;445.0;1745709273;99.592;101.791;95.218;101.878;
1900-01-01 09:14:34;446.0;1745709274;99.592;101.768;95.245;101.869;
1900-01-01 09:14:35;447.0;1745709275;99.634;101.826;95.245;101.869;
1900-01-01 09:14:36;448.0;1745709276;99.634;101.826;95.312;101.837;
1900-01-01 09:14:37;449.0;1745709277;99.741;101.834;95.334;101.888;
1900-01-01 09:14:38;450.0;1745709278;99.686;101.768;95.334;101.888;
1900-01-01 09:14:39;451.0;1745709279;99.686;101.768;95.403;101.916;
1900-01-01 09:14:40;452.0;1745709280;99.662;101.747;95.424;101.916;
1900-01-01 09:14:41;453.0;1745709281;99.636;101.675;95.424;101.975;
1900-01-01 09:14:42;454.0;1745709282;99.632;101.675;95.402;101.885;
1900-01-01 09:14:43;455.0;1745709283;99.632;101.757;95.326;101.848;
1900-01-01 09:14:44;456.0;1745709284;99.683;101.665;95.326;101.848;
1900-01-01 09:14:45;457.0;1745709285;99.683;101.665;95.357;101.874;
1900-01-01 09:14:46;458.0;1745709286;99.67;101.623;95.382;101.88;
1900-01-01 09:14:47;459.0;1745709287;99.671;101.623;95.382;101.88;
1900-01-01 09:14:48;460.0;1745709288;99.671;101.68;95.482;101.87;
1900-01-01 09:14:49;461.0;1745709289;99.643;101.646;95.483;101.87;
1900-01-01 09:14:50;462.0;1745709290;99.616;101.646;95.483;101.921;
1900-01-01 09:14:51;463.0;1745709291;99.616;101.691;95.441;101.964;
1900-01-01 09:14:52;464.0;1745709292;99.567;101.721;95.486;101.964;
1900-01-01 09:14:53;465.0;1745709293;99.622;101.721;95.486;101.904;
1900-01-01 09:14:54;466.0;1745709294;99.622;101.678;95.521;101.967;
1900-01-01 09:14:55;467.0;1745709295;99.551;101.812;95.521;101.967;
1900-01-01 09:14:56;468.0;1745709296;99.548;101.812;95.401;101.926;
1900-01-01 09:14:57;469.0;1745709297;99.548;101.78;95.328;101.985;
1900-01-01 09:14:58;470.0;1745709298;99.565;101.678;95.296;101.985;
1900-01-01 09:14:59;471.0;1745709299;99.565;101.678;95.296;101.917;
1900-01-01 09:15:00;472.0;1745709300;99.581;101.856;95.33;101.905;
1900-01-01 09:15:01;473.0;1745709301;99.609;101.851;95.33;101.905;
1900-01-01 09:15:02;474.0;1745709302;99.609;101.851;95.295;101.921;
1900-01-01 09:15:03;475.0;1745709303;99.607;101.859;95.307;101.921;
1900-01-01 09:15:04;476.0;1745709304;99.626;101.81;95.307;101.908;
1900-01-01 09:15:05;477.0;1745709305;99.626;101.81;95.265;101.887;
1900-01-01 09:15:06;478.0;1745709306;99.597;101.832;95.187;101.887;
1900-01-01 09:15:07;479.0;1745709307;99.515;101.832;95.187;101.869;
1900-01-01 09:15:08;480.0;1745709308;99.515;101.721;95.062;101.842;
1900-01-01 09:15:09;481.0;1745709309;99.471;101.757;95.003;101.842;
1900-01-01 09:15:10;482.0;1745709310;99.433;101.757;95.003;101.991;
1900-01-01 09:15:11;483.0;1745709311;99.433;101.683;95.102;101.933;
1900-01-01 09:15:12;484.0;1745709312;99.513;101.803;95.212;101.933;
1900-01-01 09:15:13;485.0;1745709313;99.453;101.688;95.212;101.819;
1900-01-01 09:15:14;486.0;1745709314;99.453;101.688;95.223;101.909;
1900-01-01 09:15:15;487.0;1745709315;99.516;101.811;95.334;101.909;
1900-01-01 09:15:16;488.0;1745709316;99.523;101.864;95.334;101.854;
1900-01-01 09:15:17;489.0;1745709317;99.523;101.864;95.287;101.864;
1900-01-01 09:15:18;490.0;1745709318;99.557;101.719;95.21;101.864;
1900-01-01 09:15:19;491.0;1745709319;99.543;101.719;95.21;101.856;
1900-01-01 09:15:20;492.0;1745709320;99.543;101.741;95.253;101.865;
1900-01-01 09:15:21;493.0;1745709321;99.54;101.748;95.253;101.865;
1900-01-01 09:15:22;494.0;1745709322;99.62;101.748;95.344;101.783;
1900-01-01 09:15:23;495.0;1745709323;99.62;101.809;95.294;101.783;
1900-01-01 09:15:24;496.0;1745709324;99.651;101.738;95.294;101.792;
1900-01-01 09:15:25;497.0;1745709325;99.651;101.738;95.23;101.813;
1900-01-01 09:15:26;498.0;1745709326;99.651;101.802;95.23;101.813;
1900-01-01 09:15:27;499.0;1745709327;99.611;101.737;95.23;101.766;
1900-01-01 09:15:28;500.0;1745709328;99.611;101.737;95.238;101.901;
1900-01-01 09:15:29;501.0;1745709329;99.597;101.734;95.283;101.901;
1900-01-01 09:15:30;502.0;1745709330;99.573;101.734;95.283;102.009;
1900-01-01 09:15:31;503.0;1745709331;99.573;101.684;95.271;101.861;
1900-01-01 09:15:32;504.0;1745709332;99.563;101.795;95.255;101.861;
1900-01-01 09:15:34;505.0;1745709334;99.606;101.835;95.255;101.895;
1900-01-01 09:15:34;506.0;1745709334;99.606;101.835;95.27;101.835;
1900-01-01 09:15:35;507.0;1745709335;99.591;101.707;95.315;101.835;
1900-01-01 09:15:36;508.0;1745709336;99.601;101.707;95.315;101.903;
1900-01-01 09:15:37;509.0;1745709337;99.601;101.767;95.276;101.873;
1900-01-01 09:15:38;510.0;1745709338;99.509;101.694;95.276;101.873;
1900-01-01 09:15:40;511.0;1745709340;99.511;101.694;95.201;101.902;
1900-01-01 09:15:40;512.0;1745709340;99.511;101.774;95.145;101.902;
1900-01-01 09:15:41;513.0;1745709341;99.594;101.751;95.145;101.963;
1900-01-01 09:15:42;514.0;1745709342;99.617;101.751;95.073;101.916;
1900-01-01 09:15:43;515.0;1745709343;99.617;101.731;95.169;101.916;
1900-01-01 09:15:44;516.0;1745709344;99.608;101.766;95.169;101.809;
1900-01-01 09:15:45;517.0;1745709345;99.608;101.766;95.125;101.873;
1900-01-01 09:15:46;518.0;1745709346;99.54;101.69;95.088;101.873;
1900-01-01 09:15:47;519.0;1745709347;99.608;101.69;95.088;101.961;
1900-01-01 09:15:48;520.0;1745709348;99.608;101.715;95.079;101.98;
1900-01-01 09:15:49;521.0;1745709349;99.441;101.725;95.138;101.98;
1900-01-01 09:15:50;522.0;1745709350;99.509;101.74;95.138;101.832;
1900-01-01 09:15:51;523.0;1745709351;99.509;101.74;95.032;101.916;
1900-01-01 09:15:52;524.0;1745709352;99.587;101.747;95.071;101.916;
1900-01-01 09:15:53;525.0;1745709353;99.544;101.772;95.071;101.889;
1900-01-01 09:15:54;526.0;1745709354;99.544;101.772;95.069;101.882;
1900-01-01 09:15:55;527.0;1745709355;99.496;101.689;95.028;101.882;
1900-01-01 09:15:56;528.0;1745709356;99.421;101.689;95.028;101.933;
1900-01-01 09:15:57;529.0;1745709357;99.421;101.611;95.106;101.934;
1900-01-01 09:15:58;530.0;1745709358;99.488;101.741;95.052;101.934;
1900-01-01 09:15:59;531.0;1745709359;99.424;101.741;95.052;101.876;
1900-01-01 09:16:00;532.0;1745709360;99.424;101.671;95.093;101.959;
1900-01-01 09:16:01;533.0;1745709361;99.442;101.759;95.12;101.959;
1900-01-01 09:16:02;534.0;1745709362;99.455;101.759;95.12;101.894;
1900-01-01 09:16:03;535.0;1745709363;99.455;101.705;95.111;101.894;
1900-01-01 09:16:04;536.0;1745709364;99.451;101.731;95.111;101.849;
1900-01-01 09:16:05;537.0;1745709365;99.535;101.731;95.053;101.912;
1900-01-01 09:16:06;538.0;1745709366;99.535;101.729;94.907;101.856;
1900-01-01 09:16:07;539.0;1745709367;99.444;101.745;94.907;101.856;
1900-01-01 09:16:08;540.0;1745709368;99.49;101.745;94.883;101.84;
1900-01-01 09:16:09;541.0;1745709369;99.49;101.71;94.909;101.84;
1900-01-01 09:16:10;542.0;1745709370;99.534;101.711;94.909;101.907;
1900-01-01 09:16:11;543.0;1745709371;99.534;101.711;94.944;101.87;
1900-01-01 09:16:12;544.0;1745709372;99.521;101.635;94.965;101.87;
1900-01-01 09:16:13;545.0;1745709373;99.541;101.635;94.965;101.855;
1900-01-01 09:16:14;546.0;1745709374;99.541;101.742;94.912;101.975;
1900-01-01 09:16:15;547.0;1745709375;99.576;101.682;95.007;101.975;
1900-01-01 09:16:16;548.0;1745709376;99.638;101.682;95.007;101.859;
1900-01-01 09:16:17;549.0;1745709377;99.638;101.708;95.032;101.911;
1900-01-01 09:16:18;550.0;1745709378;99.621;101.613;94.997;101.911;
1900-01-01 09:16:19;551.0;1745709379;99.583;101.613;94.997;101.934;
1900-01-01 09:16:20;552.0;1745709380;99.583;101.703;95.085;101.895;
1900-01-01 09:16:21;553.0;1745709381;99.543;101.674;94.929;101.895;
1900-01-01 09:16:22;554.0;1745709382;99.563;101.674;94.929;101.854;
1900-01-01 09:16:24;555.0;1745709384;99.563;101.683;94.901;101.896;
1900-01-01 09:16:24;556.0;1745709384;99.47;101.573;94.901;101.896;
1900-01-01 09:16:25;557.0;1745709385;99.427;101.573;94.942;101.909;
1900-01-01 09:16:26;558.0;1745709386;99.427;101.63;94.893;101.912;
1900-01-01 09:16:28;559.0;1745709388;99.409;101.584;94.79;101.912;
1900-01-01 09:16:28;560.0;1745709388;99.409;101.584;94.79;101.995;
1900-01-01 09:16:29;561.0;1745709389;99.328;101.491;94.824;101.913;
1900-01-01 09:16:30;562.0;1745709390;99.193;101.498;94.824;101.913;
1900-01-01 09:16:31;563.0;1745709391;99.193;101.498;94.868;101.958;
1900-01-01 09:16:32;564.0;1745709392;99.247;101.542;94.851;101.958;
1900-01-01 09:16:33;565.0;1745709393;99.263;101.542;94.851;102.0;
1900-01-01 09:16:34;566.0;1745709394;99.263;101.566;94.927;101.978;
1900-01-01 09:16:35;567.0;1745709395;99.217;101.485;94.848;101.978;
1900-01-01 09:16:36;568.0;1745709396;99.316;101.485;94.848;101.927;
1900-01-01 09:16:37;569.0;1745709397;99.316;101.531;94.909;101.922;
1900-01-01 09:16:38;570.0;1745709398;99.305;101.575;94.963;101.922;
1900-01-01 09:16:39;571.0;1745709399;99.351;101.575;94.963;101.943;
1900-01-01 09:16:40;572.0;1745709400;99.351;101.564;94.898;101.862;
1900-01-01 09:16:41;573.0;1745709401;99.286;101.541;94.898;101.862;
1900-01-01 09:16:43;574.0;1745709403;99.343;101.541;94.849;101.85;
1900-01-01 09:16:43;575.0;1745709403;99.343;101.581;94.86;101.925;
1900-01-01 09:16:44;576.0;1745709404;99.314;101.473;94.86;101.925;
1900-01-01 09:16:45;577.0;1745709405;99.355;101.473;94.903;101.819;
1900-01-01 09:16:46;578.0;1745709406;99.355;101.606;94.98;101.819;
1900-01-01 09:16:47;579.0;1745709407;99.331;101.588;94.98;101.935;
1900-01-01 09:16:48;580.0;1745709408;99.331;101.588;94.97;101.904;
1900-01-01 09:16:50;581.0;1745709410;99.387;101.595;94.887;101.873;
1900-01-01 09:16:50;582.0;1745709410;99.435;101.595;94.887;101.873;
1900-01-01 09:16:51;583.0;1745709411;99.435;101.479;94.807;101.877;
1900-01-01 09:16:52;584.0;1745709412;99.397;101.442;94.82;101.877;
1900-01-01 09:16:53;585.0;1745709413;99.473;101.442;94.82;101.864;
1900-01-01 09:16:54;586.0;1745709414;99.473;101.459;94.819;101.849;
1900-01-01 09:16:55;587.0;1745709415;99.372;101.519;94.819;101.849;
1900-01-01 09:16:56;588.0;1745709416;99.434;101.519;94.984;101.915;
1900-01-01 09:16:57;589.0;1745709417;99.434;101.452;94.918;101.826;
1900-01-01 09:16:59;590.0;1745709419;99.373;101.504;94.854;101.826;
1900-01-01 09:16:59;591.0;1745709419;99.31;101.504;94.854;101.88;
1900-01-01 09:17:00;592.0;1745709420;99.31;101.567;94.868;101.893;
1900-01-01 09:17:01;593.0;1745709421;99.335;101.601;94.868;101.893;
1900-01-01 09:17:03;594.0;1745709423;99.234;101.601;94.886;101.874;
1900-01-01 09:17:03;595.0;1745709423;99.234;101.652;94.833;101.907;
1900-01-01 09:17:04;596.0;1745709424;99.348;101.564;94.833;101.907;
1900-01-01 09:17:06;597.0;1745709426;99.423;101.564;94.774;101.916;
1900-01-01 09:17:06;598.0;1745709426;99.423;101.605;94.765;101.916;
1900-01-01 09:17:07;599.0;1745709427;99.474;101.61;94.765;101.891;
1900-01-01 09:17:08;600.0;1745709428;99.474;101.61;94.718;101.85;
1900-01-01 09:17:09;601.0;1745709429;99.518;101.548;94.716;101.85;
1900-01-01 09:17:10;602.0;1745709430;99.478;101.6;94.716;101.858;
1900-01-01 09:17:11;603.0;1745709431;99.478;101.6;94.785;101.837;
1900-01-01 09:17:12;604.0;1745709432;99.511;101.666;94.758;101.837;
1900-01-01 09:17:13;605.0;1745709433;99.421;101.637;94.758;101.81;
1900-01-01 09:17:14;606.0;1745709434;99.421;101.637;94.73;101.799;
1900-01-01 09:17:15;607.0;1745709435;99.441;101.655;94.73;101.799;
1900-01-01 09:17:16;608.0;1745709436;99.368;101.655;94.73;101.757;
1900-01-01 09:17:17;609.0;1745709437;99.368;101.644;94.782;101.913;
1900-01-01 09:17:18;610.0;1745709438;99.26;101.517;94.71;101.913;
1900-01-01 09:17:19;611.0;1745709439;99.191;101.517;94.71;101.842;
1900-01-01 09:17:20;612.0;1745709440;99.191;101.511;94.778;101.919;
1900-01-01 09:17:21;613.0;1745709441;99.208;101.529;94.778;101.919;
1900-01-01 09:17:22;614.0;1745709442;99.166;101.529;94.687;101.855;
1900-01-01 09:17:23;615.0;1745709443;99.166;101.56;94.589;101.855;
1900-01-01 09:17:24;616.0;1745709444;99.126;101.49;94.589;101.86;
1900-01-01 09:17:25;617.0;1745709445;99.073;101.49;94.66;101.832;
1900-01-01 09:17:26;618.0;1745709446;99.073;101.539;94.703;101.832;
1900-01-01 09:17:27;619.0;1745709447;99.199;101.504;94.703;101.852;
1900-01-01 09:17:28;620.0;1745709448;99.199;101.504;94.676;101.846;
1900-01-01 09:17:29;621.0;1745709449;99.142;101.549;94.706;101.846;
1900-01-01 09:17:30;622.0;1745709450;99.127;101.549;94.706;101.85;
1900-01-01 09:17:31;623.0;1745709451;99.127;101.472;94.745;101.809;
1900-01-01 09:17:32;624.0;1745709452;99.067;101.514;94.664;101.809;
1900-01-01 09:17:33;625.0;1745709453;99.127;101.514;94.664;101.879;
1900-01-01 09:17:34;626.0;1745709454;99.127;101.466;94.68;101.902;
1900-01-01 09:17:35;627.0;1745709455;99.117;101.467;94.623;101.902;
1900-01-01 09:17:36;628.0;1745709456;99.135;101.467;94.623;101.926;
1900-01-01 09:17:37;629.0;1745709457;99.135;101.506;94.537;101.927;
1900-01-01 09:17:38;630.0;1745709458;99.264;101.57;94.537;101.927;
1900-01-01 09:17:39;631.0;1745709459;99.236;101.57;94.591;101.94;
1900-01-01 09:17:40;632.0;1745709460;99.236;101.524;94.582;101.833;
1900-01-01 09:17:41;633.0;1745709461;99.237;101.502;94.582;101.833;
1900-01-01 09:17:42;634.0;1745709462;99.281;101.502;94.663;101.868;
1900-01-01 09:17:43;635.0;1745709463;99.281;101.406;94.61;101.91;
1900-01-01 09:17:44;636.0;1745709464;99.231;101.462;94.61;101.91;
1900-01-01 09:17:45;637.0;1745709465;99.369;101.462;94.643;101.867;
1900-01-01 09:17:46;638.0;1745709466;99.369;101.478;94.601;101.867;
1900-01-01 09:17:47;639.0;1745709467;99.289;101.516;94.601;101.847;
1900-01-01 09:17:48;640.0;1745709468;99.289;101.516;94.58;101.867;
1900-01-01 09:17:49;641.0;1745709469;99.348;101.486;94.534;101.867;
1900-01-01 09:17:50;642.0;1745709470;99.35;101.486;94.534;101.857;
1900-01-01 09:17:51;643.0;1745709471;99.35;101.435;94.586;101.928;
1900-01-01 09:17:52;644.0;1745709472;99.312;101.555;94.531;101.928;
1900-01-01 09:17:53;645.0;1745709473;99.306;101.555;94.531;101.866;
1900-01-01 09:17:54;646.0;1745709474;99.306;101.5;94.552;101.888;
1900-01-01 09:17:55;647.0;1745709475;99.312;101.485;94.552;101.888;
1900-01-01 09:17:56;648.0;1745709476;99.283;101.485;94.54;101.883;
1900-01-01 09:17:57;649.0;1745709477;99.283;101.412;94.568;101.878;
1900-01-01 09:17:59;650.0;1745709479;99.279;101.415;94.616;101.878;
1900-01-01 09:17:59;651.0;1745709479;99.258;101.415;94.616;101.769;
1900-01-01 09:18:00;652.0;1745709480;99.258;101.444;94.547;101.848;
1900-01-01 09:18:01;653.0;1745709481;99.246;101.373;94.547;101.848;
1900-01-01 09:18:02;654.0;1745709482;99.255;101.373;94.457;101.926;
1900-01-01 09:18:03;655.0;1745709483;99.255;101.408;94.476;101.904;
1900-01-01 09:18:04;656.0;1745709484;99.226;101.361;94.476;101.904;
1900-01-01 09:18:05;657.0;1745709485;99.226;101.361;94.451;101.943;
1900-01-01 09:18:06;658.0;1745709486;99.178;101.323;94.44;101.959;
1900-01-01 09:18:07;659.0;1745709488;99.22;101.34;94.44;101.959;
1900-01-01 09:18:08;660.0;1745709488;99.22;101.34;94.452;101.821;
1900-01-01 09:18:09;661.0;1745709489;99.171;101.396;94.519;101.821;
1900-01-01 09:18:10;662.0;1745709490;99.18;101.424;94.519;101.782;
1900-01-01 09:18:11;663.0;1745709491;99.208;101.424;94.505;101.847;
1900-01-01 09:18:12;664.0;1745709492;99.208;101.483;94.468;101.847;
1900-01-01 09:18:13;665.0;1745709493;99.08;101.483;94.468;101.954;
1900-01-01 09:18:14;666.0;1745709494;99.08;101.49;94.416;101.887;
1900-01-01 09:18:15;667.0;1745709495;99.096;101.456;94.49;101.887;
1900-01-01 09:18:17;668.0;1745709497;99.133;101.511;94.49;101.889;
1900-01-01 09:18:17;669.0;1745709497;99.133;101.511;94.529;101.886;
1900-01-01 09:18:18;670.0;1745709498;99.023;101.432;94.55;101.886;
1900-01-01 09:18:19;671.0;1745709499;98.982;101.432;94.55;101.949;
1900-01-01 09:18:20;672.0;1745709500;98.982;101.451;94.511;101.864;
1900-01-01 09:18:22;673.0;1745709502;98.906;101.379;94.545;101.864;
1900-01-01 09:18:22;674.0;1745709502;99.006;101.379;94.545;101.899;
1900-01-01 09:18:23;675.0;1745709503;99.006;101.41;94.44;101.857;
1900-01-01 09:18:24;676.0;1745709504;99.006;101.438;94.44;101.857;
1900-01-01 09:18:25;677.0;1745709505;99.058;101.438;94.395;101.906;
1900-01-01 09:18:26;678.0;1745709506;99.058;101.446;94.343;101.91;
1900-01-01 09:18:27;679.0;1745709507;99.078;101.369;94.343;101.91;
1900-01-01 09:18:28;680.0;1745709508;99.078;101.369;94.367;101.938;
1900-01-01 09:18:29;681.0;1745709509;99.169;101.391;94.436;101.953;
1900-01-01 09:18:30;682.0;1745709510;99.178;101.493;94.436;101.953;
1900-01-01 09:18:31;683.0;1745709511;99.178;101.493;94.452;101.857;
1900-01-01 09:18:32;684.0;1745709512;99.153;101.483;94.361;101.857;
1900-01-01 09:18:33;685.0;1745709513;99.217;101.483;94.361;101.798;
1900-01-01 09:18:34;686.0;1745709514;99.217;101.52;94.396;101.877;
1900-01-01 09:18:35;687.0;1745709515;99.144;101.47;94.383;101.877;
1900-01-01 09:18:36;688.0;1745709516;99.128;101.47;94.383;101.856;
1900-01-01 09:18:37;689.0;1745709517;99.128;101.455;94.386;101.835;
1900-01-01 09:18:38;690.0;1745709518;99.126;101.468;94.386;101.835;
1900-01-01 09:18:39;691.0;1745709519;99.029;101.468;94.51;101.789;
1900-01-01 09:18:40;692.0;1745709520;99.029;101.436;94.509;101.896;
1900-01-01 09:18:41;693.0;1745709521;99.069;101.417;94.509;101.896;
1900-01-01 09:18:42;694.0;1745709522;99.192;101.417;94.432;101.875;
1900-01-01 09:18:43;695.0;1745709523;99.192;101.441;94.309;101.885;
1900-01-01 09:18:44;696.0;1745709524;99.099;101.419;94.309;101.885;
1900-01-01 09:18:45;697.0;1745709525;99.099;101.419;94.31;101.823;
1900-01-01 09:18:46;698.0;1745709526;99.193;101.387;94.318;101.823;
1900-01-01 09:18:47;699.0;1745709527;99.248;101.396;94.318;101.815;
1900-01-01 09:18:48;700.0;1745709528;99.237;101.396;94.265;101.846;
1900-01-01 09:18:49;701.0;1745709529;99.237;101.417;94.326;101.846;
1900-01-01 09:18:50;702.0;1745709530;99.135;101.469;94.326;101.903;
1900-01-01 09:18:52;703.0;1745709532;99.043;101.469;94.273;101.888;
1900-01-01 09:18:52;704.0;1745709532;99.043;101.427;94.315;101.888;
1900-01-01 09:18:53;705.0;1745709533;99.084;101.401;94.315;101.765;
1900-01-01 09:18:54;706.0;1745709534;99.084;101.401;94.187;101.947;
1900-01-01 09:18:55;707.0;1745709535;99.027;101.478;94.191;101.947;
1900-01-01 09:18:56;708.0;1745709536;99.127;101.498;94.191;101.851;
1900-01-01 09:18:57;709.0;1745709537;99.127;101.498;94.167;101.936;
1900-01-01 09:18:58;710.0;1745709538;99.13;101.537;94.091;101.936;
1900-01-01 09:18:59;711.0;1745709539;99.128;101.537;94.091;101.88;
1900-01-01 09:19:00;712.0;1745709540;99.128;101.446;94.044;101.81;
1900-01-01 09:19:01;713.0;1745709541;99.108;101.387;94.033;101.81;
1900-01-01 09:19:02;714.0;1745709542;99.07;101.387;94.033;101.921;
1900-01-01 09:19:03;715.0;1745709543;99.07;101.393;93.852;101.916;
1900-01-01 09:19:05;716.0;1745709545;99.101;101.443;93.953;101.916;
1900-01-01 09:19:05;717.0;1745709545;99.101;101.443;93.953;101.911;
1900-01-01 09:19:06;718.0;1745709546;99.037;101.405;93.938;101.858;
1900-01-01 09:19:07;719.0;1745709547;99.038;101.375;93.938;101.858;
1900-01-01 09:19:08;720.0;1745709548;98.962;101.375;94.025;101.954;
1900-01-01 09:19:09;721.0;1745709549;98.962;101.336;94.092;101.954;
1900-01-01 09:19:10;722.0;1745709550;98.904;101.319;94.092;101.876;
1900-01-01 09:19:11;723.0;1745709551;98.904;101.319;94.209;101.918;
1900-01-01 09:19:12;724.0;1745709552;98.908;101.4;94.201;101.904;
1900-01-01 09:19:13;725.0;1745709553;98.864;101.3;94.201;101.904;
1900-01-01 09:19:15;726.0;1745709555;98.919;101.3;94.295;101.886;
1900-01-01 09:19:15;727.0;1745709555;98.919;101.324;94.152;101.886;
1900-01-01 09:19:16;728.0;1745709556;99.007;101.291;94.152;101.917;
1900-01-01 09:19:17;729.0;1745709557;98.896;101.291;94.184;101.972;
1900-01-01 09:19:18;730.0;1745709558;98.896;101.322;94.138;101.895;
1900-01-01 09:19:19;731.0;1745709559;98.984;101.278;94.138;101.895;
1900-01-01 09:19:20;732.0;1745709560;98.984;101.278;94.069;101.853;
1900-01-01 09:19:21;733.0;1745709561;98.928;101.368;94.027;101.91;
1900-01-01 09:19:22;734.0;1745709562;99.013;101.406;94.027;101.91;
1900-01-01 09:19:24;735.0;1745709564;98.978;101.406;93.987;101.864;
1900-01-01 09:19:24;736.0;1745709564;98.978;101.402;93.919;101.907;
1900-01-01 09:19:25;737.0;1745709565;99.03;101.368;93.919;101.907;
1900-01-01 09:19:26;738.0;1745709566;99.03;101.368;93.997;101.899;
1900-01-01 09:19:27;739.0;1745709567;98.928;101.369;93.973;101.899;
1900-01-01 09:19:28;740.0;1745709568;98.95;101.365;93.973;101.913;
1900-01-01 09:19:29;741.0;1745709569;98.95;101.365;93.965;101.815;
1900-01-01 09:19:30;742.0;1745709570;98.977;101.308;93.931;101.815;
1900-01-01 09:19:31;743.0;1745709571;98.887;101.344;93.931;101.857;
1900-01-01 09:19:32;744.0;1745709572;98.887;101.344;93.858;101.854;
1900-01-01 09:19:33;745.0;1745709573;98.866;101.359;93.907;101.854;
1900-01-01 09:19:34;746.0;1745709574;98.843;101.359;93.907;101.817;
1900-01-01 09:19:35;747.0;1745709575;98.843;101.346;93.947;101.864;
1900-01-01 09:19:36;748.0;1745709576;98.816;101.199;93.906;101.864;
1900-01-01 09:19:37;749.0;1745709577;98.814;101.199;93.906;101.855;
1900-01-01 09:19:38;750.0;1745709578;98.814;101.215;93.927;101.87;
1900-01-01 09:19:39;751.0;1745709579;98.935;101.247;93.927;101.87;
1900-01-01 09:19:40;752.0;1745709580;98.963;101.247;94.009;101.861;
1900-01-01 09:19:41;753.0;1745709581;98.963;101.187;93.901;101.847;
1900-01-01 09:19:42;754.0;1745709582;98.864;101.195;93.901;101.847;
1900-01-01 09:19:43;755.0;1745709583;98.864;101.195;93.887;101.851;
1900-01-01 09:19:44;756.0;1745709584;98.967;101.21;93.88;101.872;
1900-01-01 09:19:45;757.0;1745709585;98.935;101.243;93.88;101.872;
1900-01-01 09:19:46;758.0;1745709586;98.935;101.243;93.816;101.88;
1900-01-01 09:19:47;759.0;1745709587;98.932;101.173;93.85;101.88;
1900-01-01 09:19:49;760.0;1745709589;99.026;101.166;93.85;101.957;
1900-01-01 09:19:49;761.0;1745709589;99.026;101.166;93.729;101.917;
1900-01-01 09:19:50;762.0;1745709590;98.89;101.165;93.77;101.917;
1900-01-01 09:19:51;763.0;1745709591;98.917;101.171;93.77;101.864;
1900-01-01 09:19:52;764.0;1745709592;98.917;101.171;93.852;101.883;
1900-01-01 09:19:53;765.0;1745709593;98.898;101.141;93.882;101.883;
1900-01-01 09:19:54;766.0;1745709594;98.836;101.253;93.882;101.922;
1900-01-01 09:19:55;767.0;1745709595;98.836;101.253;93.873;101.9;
1900-01-01 09:19:56;768.0;1745709596;98.843;101.19;93.922;101.9;
1900-01-01 09:19:57;769.0;1745709597;98.882;101.19;93.922;101.891;
1900-01-01 09:19:58;770.0;1745709598;98.882;101.246;93.973;101.804;
1900-01-01 09:19:59;771.0;1745709599;98.874;101.254;93.978;101.804;
1900-01-01 09:20:00;772.0;1745709600;98.904;101.254;93.978;101.825;
1900-01-01 09:20:01;773.0;1745709601;98.904;101.302;93.898;101.864;
1900-01-01 09:20:02;774.0;1745709602;98.838;101.303;93.863;101.864;
1900-01-01 09:20:03;775.0;1745709603;98.894;101.303;93.863;101.873;
1900-01-01 09:20:04;776.0;1745709604;98.894;101.285;93.865;101.84;
1900-01-01 09:20:05;777.0;1745709605;98.969;101.194;93.805;101.84;
1900-01-01 09:20:06;778.0;1745709606;98.969;101.194;93.805;101.861;
1900-01-01 09:20:07;779.0;1745709607;98.876;101.358;93.873;101.761;
1900-01-01 09:20:08;780.0;1745709608;99.049;101.29;93.873;101.761;
1900-01-01 09:20:09;781.0;1745709609;99.049;101.29;93.883;101.844;
1900-01-01 09:20:10;782.0;1745709610;98.934;101.271;93.929;101.844;
1900-01-01 09:20:11;783.0;1745709611;98.891;101.271;93.929;101.918;
1900-01-01 09:20:12;784.0;1745709612;98.891;101.282;93.824;101.81;
1900-01-01 09:20:13;785.0;1745709613;98.8;101.21;93.89;101.81;
1900-01-01 09:20:14;786.0;1745709614;98.821;101.21;93.89;101.857;
1900-01-01 09:20:15;787.0;1745709615;98.821;101.234;93.974;101.784;
1900-01-01 09:20:16;788.0;1745709616;98.778;101.162;93.981;101.784;
1900-01-01 09:20:17;789.0;1745709617;98.832;101.164;93.981;101.832;
1900-01-01 09:20:18;790.0;1745709618;98.832;101.164;94.011;101.849;
1900-01-01 09:20:19;791.0;1745709619;98.798;101.108;93.952;101.849;
1900-01-01 09:20:20;792.0;1745709620;98.772;101.108;93.952;101.863;
1900-01-01 09:20:21;793.0;1745709621;98.772;101.176;93.99;101.909;
1900-01-01 09:20:22;794.0;1745709622;98.817;101.219;93.99;101.909;
1900-01-01 09:20:23;795.0;1745709623;98.85;101.219;93.855;101.901;
1900-01-01 09:20:24;796.0;1745709624;98.85;101.225;93.76;101.804;
1900-01-01 09:20:25;797.0;1745709625;98.833;101.206;93.76;101.804;
1900-01-01 09:20:26;798.0;1745709626;98.861;101.206;93.653;101.871;
1900-01-01 09:20:27;799.0;1745709627;98.861;101.197;93.633;101.831;
1900-01-01 09:20:29;800.0;1745709629;98.761;101.234;93.63;101.831;
1900-01-01 09:20:29;801.0;1745709629;98.761;101.234;93.63;101.914;
1900-01-01 09:20:30;802.0;1745709630;98.865;101.187;93.55;101.87;
1900-01-01 09:20:31;803.0;1745709631;98.845;101.187;93.55;101.87;
1900-01-01 09:20:32;804.0;1745709632;98.845;101.187;93.549;101.864;
1900-01-01 09:20:33;805.0;1745709633;98.873;101.161;93.515;101.876;
1900-01-01 09:20:34;806.0;1745709634;98.897;101.059;93.515;101.876;
1900-01-01 09:20:35;807.0;1745709635;98.897;101.059;93.465;101.892;
1900-01-01 09:20:36;808.0;1745709636;98.93;101.097;93.611;101.892;
1900-01-01 09:20:37;809.0;1745709637;98.84;101.097;93.611;101.848;
1900-01-01 09:20:38;810.0;1745709638;98.84;101.104;93.614;101.798;
1900-01-01 09:20:39;811.0;1745709639;98.816;101.079;93.724;101.798;
1900-01-01 09:20:40;812.0;1745709640;98.89;101.079;93.724;101.909;
1900-01-01 09:20:41;813.0;1745709641;98.89;101.039;93.707;101.906;
1900-01-01 09:20:42;814.0;1745709642;98.856;101.157;93.638;101.906;
1900-01-01 09:20:43;815.0;1745709643;98.781;101.157;93.638;101.889;
1900-01-01 09:20:45;816.0;1745709645;98.781;101.127;93.691;101.762;
1900-01-01 09:20:45;817.0;1745709645;98.711;101.094;93.691;101.762;
1900-01-01 09:20:46;818.0;1745709646;98.742;101.094;93.748;101.914;
1900-01-01 09:20:47;819.0;1745709647;98.742;101.243;93.748;101.905;
1900-01-01 09:20:48;820.0;1745709648;98.653;101.088;93.748;101.905;
1900-01-01 09:20:49;821.0;1745709649;98.669;101.088;93.831;101.771;
1900-01-01 09:20:51;822.0;1745709651;98.669;101.1;93.711;101.868;
1900-01-01 09:20:51;823.0;1745709651;98.61;101.112;93.711;101.868;
1900-01-01 09:20:52;824.0;1745709652;98.713;101.112;93.667;101.813;
1900-01-01 09:20:53;825.0;1745709653;98.713;101.089;93.667;101.764;
1900-01-01 09:20:54;826.0;1745709654;98.735;101.068;93.667;101.764;
1900-01-01 09:20:55;827.0;1745709655;98.735;101.068;93.605;101.813;
1900-01-01 09:20:56;828.0;1745709656;98.729;101.08;93.722;101.813;
1900-01-01 09:20:57;829.0;1745709657;98.728;101.041;93.722;101.815;
1900-01-01 09:20:58;830.0;1745709658;98.752;101.041;93.623;101.779;
1900-01-01 09:20:59;831.0;1745709659;98.752;101.012;93.662;101.779;
1900-01-01 09:21:00;832.0;1745709660;98.685;101.076;93.662;101.824;
1900-01-01 09:21:01;833.0;1745709661;98.685;101.076;93.682;101.779;
1900-01-01 09:21:02;834.0;1745709662;98.736;101.082;93.707;101.779;
1900-01-01 09:21:03;835.0;1745709663;98.747;101.082;93.707;101.802;
1900-01-01 09:21:04;836.0;1745709664;98.747;101.082;93.658;101.885;
1900-01-01 09:21:05;837.0;1745709665;98.78;101.129;93.698;101.885;
1900-01-01 09:21:06;838.0;1745709666;98.789;101.129;93.698;101.776;
1900-01-01 09:21:07;839.0;1745709667;98.789;101.226;93.62;101.82;
1900-01-01 09:21:08;840.0;1745709668;98.788;101.126;93.581;101.82;
1900-01-01 09:21:09;841.0;1745709669;98.835;101.126;93.581;101.881;
1900-01-01 09:21:10;842.0;1745709670;98.835;101.052;93.541;101.84;
1900-01-01 09:21:12;843.0;1745709672;98.768;101.118;93.459;101.84;
1900-01-01 09:21:12;844.0;1745709672;98.718;101.118;93.459;101.782;
1900-01-01 09:21:13;845.0;1745709673;98.718;101.172;93.523;101.822;
1900-01-01 09:21:14;846.0;1745709674;98.725;101.102;93.523;101.822;
1900-01-01 09:21:15;847.0;1745709675;98.585;101.102;93.544;101.78;
1900-01-01 09:21:16;848.0;1745709676;98.585;101.08;93.597;101.771;
1900-01-01 09:21:17;849.0;1745709677;98.527;101.072;93.597;101.771;
1900-01-01 09:21:18;850.0;1745709678;98.533;101.072;93.549;101.815;
1900-01-01 09:21:19;851.0;1745709679;98.533;100.998;93.411;101.815;
1900-01-01 09:21:20;852.0;1745709680;98.495;101.11;93.411;101.728;
1900-01-01 09:21:21;853.0;1745709681;98.495;101.11;93.288;101.788;
1900-01-01 09:21:22;854.0;1745709682;98.499;101.08;93.234;101.788;
1900-01-01 09:21:24;855.0;1745709684;98.507;100.97;93.234;101.773;
1900-01-01 09:21:24;856.0;1745709684;98.507;100.97;93.16;101.82;
1900-01-01 09:21:25;857.0;1745709685;98.516;101.034;93.147;101.82;
1900-01-01 09:21:26;858.0;1745709686;98.558;100.993;93.147;101.798;
1900-01-01 09:21:27;859.0;1745709687;98.558;100.993;93.266;101.913;
1900-01-01 09:21:28;860.0;1745709688;98.552;100.984;93.196;101.913;
1900-01-01 09:21:29;861.0;1745709689;98.587;100.984;93.196;101.809;
1900-01-01 09:21:30;862.0;1745709690;98.587;101.041;93.317;101.88;
1900-01-01 09:21:31;863.0;1745709691;98.538;101.106;93.335;101.88;
1900-01-01 09:21:32;864.0;1745709692;98.628;101.106;93.335;101.814;
1900-01-01 09:21:33;865.0;1745709693;98.628;101.072;93.335;101.82;
1900-01-01 09:21:34;866.0;1745709694;98.666;101.144;93.374;101.82;
1900-01-01 09:21:35;867.0;1745709695;98.729;101.144;93.374;101.872;
1900-01-01 09:21:36;868.0;1745709696;98.729;101.12;93.346;101.869;
1900-01-01 09:21:37;869.0;1745709697;98.66;101.111;93.346;101.869;
1900-01-01 09:21:38;870.0;1745709698;98.708;101.111;93.338;101.796;
1900-01-01 09:21:39;871.0;1745709699;98.708;101.076;93.421;101.831;
1900-01-01 09:21:40;872.0;1745709700;98.628;101.06;93.421;101.831;
1900-01-01 09:21:41;873.0;1745709701;98.674;101.06;93.485;101.764;
1900-01-01 09:21:42;874.0;1745709702;98.674;101.024;93.462;101.764;
1900-01-01 09:21:43;875.0;1745709703;98.643;101.058;93.462;101.87;
1900-01-01 09:21:44;876.0;1745709704;98.71;101.058;93.506;101.91;
1900-01-01 09:21:46;877.0;1745709706;98.71;100.998;93.409;101.852;
1900-01-01 09:21:46;878.0;1745709706;98.616;101.034;93.409;101.852;
1900-01-01 09:21:47;879.0;1745709707;98.587;101.034;93.469;101.856;
1900-01-01 09:21:48;880.0;1745709708;98.587;100.96;93.41;101.856;
1900-01-01 09:21:49;881.0;1745709709;98.545;100.936;93.41;101.855;
1900-01-01 09:21:50;882.0;1745709710;98.545;100.936;93.385;101.916;
1900-01-01 09:21:51;883.0;1745709711;98.571;100.943;93.466;101.916;
1900-01-01 09:21:52;884.0;1745709712;98.525;101.045;93.466;101.771;
1900-01-01 09:21:53;885.0;1745709713;98.525;101.045;93.313;101.943;
1900-01-01 09:21:54;886.0;1745709714;98.629;101.002;93.158;101.943;
1900-01-01 09:21:55;887.0;1745709715;98.647;101.002;93.158;101.86;
1900-01-01 09:21:56;888.0;1745709716;98.647;101.026;93.113;101.915;
1900-01-01 09:21:57;889.0;1745709717;98.675;101.065;93.113;101.915;
1900-01-01 09:21:58;890.0;1745709718;98.65;101.065;93.223;101.866;
1900-01-01 09:22:00;891.0;1745709720;98.65;101.13;93.254;101.852;
1900-01-01 09:22:00;892.0;1745709720;98.582;101.032;93.254;101.852;
1900-01-01 09:22:01;893.0;1745709721;98.486;101.032;93.229;101.838;
1900-01-01 09:22:02;894.0;1745709722;98.486;101.049;93.312;101.838;
1900-01-01 09:22:03;895.0;1745709723;98.512;101.102;93.312;101.882;
1900-01-01 09:22:04;896.0;1745709724;98.413;101.102;93.359;101.89;
1900-01-01 09:22:05;897.0;1745709725;98.413;100.996;93.399;101.861;
1900-01-01 09:22:06;898.0;1745709726;98.402;100.93;93.399;101.861;
1900-01-01 09:22:07;899.0;1745709727;98.402;100.93;93.36;101.849;
1900-01-01 09:22:08;900.0;1745709728;98.377;101.0;93.348;101.827;
1900-01-01 09:22:09;901.0;1745709729;98.397;100.91;93.348;101.827;
1900-01-01 09:22:10;902.0;1745709730;98.397;100.91;93.233;101.8;
1900-01-01 09:22:11;903.0;1745709731;98.551;100.993;93.264;101.866;
1900-01-01 09:22:12;904.0;1745709732;98.484;100.993;93.264;101.866;
1900-01-01 09:22:13;905.0;1745709733;98.484;100.951;93.307;101.798;
1900-01-01 09:22:14;906.0;1745709734;98.48;100.943;93.121;101.798;
1900-01-01 09:22:15;907.0;1745709735;98.361;101.02;93.121;101.861;
1900-01-01 09:22:16;908.0;1745709736;98.361;101.02;93.213;101.879;
1900-01-01 09:22:17;909.0;1745709737;98.445;100.888;93.361;101.879;
1900-01-01 09:22:18;910.0;1745709738;98.395;100.769;93.361;101.852;
1900-01-01 09:22:19;911.0;1745709739;98.395;100.769;93.253;101.921;
1900-01-01 09:22:20;912.0;1745709740;98.396;100.966;93.278;101.921;
1900-01-01 09:22:21;913.0;1745709741;98.464;100.966;93.278;101.885;
1900-01-01 09:22:22;914.0;1745709742;98.464;100.87;93.238;101.91;
1900-01-01 09:22:23;915.0;1745709743;98.522;100.779;93.238;101.91;
1900-01-01 09:22:24;916.0;1745709744;98.481;100.779;93.319;101.772;
1900-01-01 09:22:25;917.0;1745709745;98.481;100.823;93.309;101.855;
1900-01-01 09:22:26;918.0;1745709746;98.6;100.878;93.309;101.855;
1900-01-01 09:22:28;919.0;1745709748;98.475;100.878;93.256;101.854;
1900-01-01 09:22:28;920.0;1745709748;98.475;100.816;93.188;101.854;
1900-01-01 09:22:29;921.0;1745709749;98.424;100.826;93.188;101.9;
1900-01-01 09:22:30;922.0;1745709750;98.303;100.826;93.142;101.822;
1900-01-01 09:22:31;923.0;1745709751;98.303;100.761;93.17;101.822;
1900-01-01 09:22:32;924.0;1745709752;98.247;100.769;93.17;101.786;
1900-01-01 09:22:33;925.0;1745709753;98.247;100.769;93.118;101.871;
1900-01-01 09:22:34;926.0;1745709754;98.332;100.707;93.103;101.871;
1900-01-01 09:22:36;927.0;1745709756;98.342;100.766;93.103;101.776;
1900-01-01 09:22:36;928.0;1745709756;98.342;100.766;93.183;101.82;
1900-01-01 09:22:37;929.0;1745709757;98.291;100.786;93.209;101.82;
1900-01-01 09:22:38;930.0;1745709758;98.273;100.786;93.209;101.862;
1900-01-01 09:22:39;931.0;1745709759;98.273;100.869;93.262;101.75;
1900-01-01 09:22:40;932.0;1745709760;98.26;100.811;93.304;101.75;
1900-01-01 09:22:41;933.0;1745709761;98.386;100.811;93.304;101.891;
1900-01-01 09:22:42;934.0;1745709762;98.386;100.774;93.265;101.809;
1900-01-01 09:22:43;935.0;1745709763;98.386;100.797;93.265;101.809;
1900-01-01 09:22:44;936.0;1745709764;98.387;100.797;93.137;101.817;
1900-01-01 09:22:45;937.0;1745709765;98.387;100.804;93.059;101.733;
1900-01-01 09:22:46;938.0;1745709766;98.351;100.871;93.042;101.733;
1900-01-01 09:22:47;939.0;1745709767;98.411;100.871;93.042;101.763;
1900-01-01 09:22:48;940.0;1745709768;98.411;100.867;93.03;101.812;
1900-01-01 09:22:49;941.0;1745709769;98.385;100.847;93.03;101.812;
1900-01-01 09:22:50;942.0;1745709770;98.332;100.847;92.99;101.819;
1900-01-01 09:22:51;943.0;1745709771;98.332;100.917;93.063;101.819;
1900-01-01 09:22:52;944.0;1745709772;98.355;100.965;93.063;101.803;
1900-01-01 09:22:53;945.0;1745709773;98.346;100.965;93.058;101.869;
1900-01-01 09:22:54;946.0;1745709774;98.346;100.911;93.132;101.869;
1900-01-01 09:22:55;947.0;1745709775;98.304;101.005;93.132;101.816;
1900-01-01 09:22:57;948.0;1745709777;98.345;101.005;93.177;101.778;
1900-01-01 09:22:57;949.0;1745709777;98.345;100.997;93.296;101.778;
1900-01-01 09:22:58;950.0;1745709778;98.439;101.06;93.296;101.809;
1900-01-01 09:22:59;951.0;1745709779;98.439;101.06;93.184;101.823;
1900-01-01 09:23:00;952.0;1745709780;98.334;100.917;93.214;101.823;
1900-01-01 09:23:01;953.0;1745709781;98.377;100.917;93.214;101.791;
1900-01-01 09:23:02;954.0;1745709782;98.377;101.035;93.129;101.843;
1900-01-01 09:23:04;955.0;1745709784;98.326;100.898;93.026;101.843;
1900-01-01 09:23:04;956.0;1745709784;98.307;100.898;93.026;101.857;
1900-01-01 09:23:05;957.0;1745709785;98.307;100.873;92.985;101.836;
1900-01-01 09:23:06;958.0;1745709786;98.238;100.908;92.985;101.836;
1900-01-01 09:23:07;959.0;1745709787;98.336;100.908;92.832;101.855;
1900-01-01 09:23:08;960.0;1745709788;98.336;100.875;92.914;101.871;
1900-01-01 09:23:09;961.0;1745709789;98.293;100.902;92.914;101.871;
1900-01-01 09:23:10;962.0;1745709790;98.404;100.902;92.91;101.905;
1900-01-01 09:23:11;963.0;1745709791;98.404;100.831;92.791;101.86;
1900-01-01 09:23:12;964.0;1745709792;98.281;100.873;92.791;101.86;
1900-01-01 09:23:13;965.0;1745709793;98.281;100.873;92.815;101.85;
1900-01-01 09:23:14;966.0;1745709794;98.353;100.893;92.826;101.85;
1900-01-01 09:23:15;967.0;1745709795;98.436;100.893;92.826;101.815;
1900-01-01 09:23:16;968.0;1745709796;98.436;100.865;92.824;101.869;
1900-01-01 09:23:18;969.0;1745709798;98.422;100.81;92.82;101.837;
1900-01-01 09:23:18;970.0;1745709798;98.414;100.81;92.82;101.837;
1900-01-01 09:23:19;971.0;1745709799;98.414;100.902;92.761;101.814;
1900-01-01 09:23:20;972.0;1745709800;98.367;100.861;92.721;101.814;
1900-01-01 09:23:21;973.0;1745709801;98.301;100.861;92.721;101.86;
1900-01-01 09:23:22;974.0;1745709802;98.301;100.843;92.679;101.832;
1900-01-01 09:23:23;975.0;1745709803;98.345;100.807;92.742;101.832;
1900-01-01 09:23:24;976.0;1745709804;98.266;100.807;92.742;101.843;
1900-01-01 09:23:25;977.0;1745709805;98.266;100.745;92.75;101.874;
1900-01-01 09:23:26;978.0;1745709806;98.284;100.698;92.794;101.874;
1900-01-01 09:23:27;979.0;1745709807;98.244;100.789;92.794;101.817;
1900-01-01 09:23:28;980.0;1745709808;98.244;100.789;92.847;101.879;
1900-01-01 09:23:29;981.0;1745709809;98.224;100.736;92.803;101.879;
1900-01-01 09:23:31;982.0;1745709811;98.232;100.736;92.803;101.814;
1900-01-01 09:23:31;983.0;1745709811;98.232;100.618;92.828;101.827;
1900-01-01 09:23:32;984.0;1745709812;98.276;100.547;92.801;101.827;
1900-01-01 09:23:34;985.0;1745709814;98.288;100.547;92.801;101.828;
1900-01-01 09:23:34;986.0;1745709814;98.288;100.613;92.785;101.951;
1900-01-01 09:23:35;987.0;1745709815;98.326;100.585;92.785;101.951;
1900-01-01 09:23:37;988.0;1745709817;98.334;100.585;92.902;101.838;
1900-01-01 09:23:37;989.0;1745709817;98.334;100.451;92.862;101.838;
1900-01-01 09:23:38;990.0;1745709818;98.287;100.502;92.862;101.847;
1900-01-01 09:23:39;991.0;1745709819;98.287;100.502;92.778;101.925;
1900-01-01 09:23:40;992.0;1745709820;98.269;100.434;92.755;101.925;
1900-01-01 09:23:41;993.0;1745709821;98.18;100.381;92.755;101.888;
1900-01-01 09:23:42;994.0;1745709822;98.18;100.381;92.743;101.899;
1900-01-01 09:23:43;995.0;1745709823;98.289;100.413;92.807;101.899;
1900-01-01 09:23:44;996.0;1745709824;98.179;100.413;92.807;101.874;
1900-01-01 09:23:45;997.0;1745709825;98.179;100.311;92.862;101.744;
1900-01-01 09:23:46;998.0;1745709826;98.186;100.311;92.862;101.744;
1900-01-01 09:23:47;999.0;1745709827;98.159;100.311;92.883;101.844;
1900-01-01 09:23:48;1000.0;1745709828;98.159;100.292;92.924;101.874;
1900-01-01 09:23:49;1001.0;1745709829;98.167;100.156;92.924;101.874;
1900-01-01 09:23:51;1002.0;1745709831;98.164;100.156;92.95;101.837;
1900-01-01 09:23:51;1003.0;1745709831;98.164;100.278;92.947;101.887;
1900-01-01 09:23:52;1004.0;1745709832;98.02;100.191;92.947;101.887;
1900-01-01 09:23:54;1005.0;1745709834;98.106;100.191;92.916;101.871;
1900-01-01 09:23:54;1006.0;1745709834;98.106;100.169;92.988;101.871;
1900-01-01 09:23:55;1007.0;1745709835;98.128;100.264;92.988;101.852;
1900-01-01 09:23:56;1008.0;1745709836;98.067;100.264;92.889;101.852;
1900-01-01 09:23:57;1009.0;1745709837;98.067;100.273;92.879;101.852;
1900-01-01 09:23:58;1010.0;1745709838;98.137;100.259;92.879;101.843;
1900-01-01 09:23:59;1011.0;1745709839;98.137;100.259;92.759;101.809;
1900-01-01 09:24:00;1012.0;1745709840;98.233;100.246;92.75;101.809;
1900-01-01 09:24:01;1013.0;1745709841;98.322;100.246;92.75;101.836;
1900-01-01 09:24:02;1014.0;1745709842;98.322;100.3;92.69;101.913;
1900-01-01 09:24:03;1015.0;1745709843;98.273;100.32;92.702;101.913;
1900-01-01 09:24:04;1016.0;1745709844;98.271;100.275;92.702;101.847;
1900-01-01 09:24:05;1017.0;1745709845;98.271;100.275;92.69;101.812;
1900-01-01 09:24:06;1018.0;1745709846;98.242;100.329;92.667;101.812;
1900-01-01 09:24:07;1019.0;1745709847;98.216;100.237;92.667;101.881;
1900-01-01 09:24:08;1020.0;1745709848;98.216;100.237;92.658;101.792;
1900-01-01 09:24:09;1021.0;1745709849;98.248;100.302;92.607;101.792;
1900-01-01 09:24:10;1022.0;1745709850;98.145;100.253;92.607;101.896;
1900-01-01 09:24:11;1023.0;1745709851;98.145;100.253;92.668;101.828;
1900-01-01 09:24:12;1024.0;1745709852;98.237;100.367;92.648;101.828;
1900-01-01 09:24:13;1025.0;1745709853;98.108;100.312;92.648;101.852;
1900-01-01 09:24:14;1026.0;1745709854;98.136;100.312;92.696;101.855;
1900-01-01 09:24:15;1027.0;1745709855;98.136;100.311;92.681;101.855;
1900-01-01 09:24:16;1028.0;1745709856;98.082;100.314;92.681;101.89;
1900-01-01 09:24:17;1029.0;1745709857;98.082;100.314;92.623;101.802;
1900-01-01 09:24:18;1030.0;1745709858;98.181;100.327;92.585;101.808;
1900-01-01 09:24:19;1031.0;1745709859;98.087;100.327;92.585;101.808;
1900-01-01 09:24:20;1032.0;1745709860;98.087;100.325;92.63;101.786;
1900-01-01 09:24:21;1033.0;1745709861;98.055;100.285;92.557;101.786;
1900-01-01 09:24:22;1034.0;1745709862;97.966;100.311;92.557;101.85;
1900-01-01 09:24:23;1035.0;1745709863;97.966;100.311;92.508;101.818;
1900-01-01 09:24:24;1036.0;1745709864;97.969;100.278;92.543;101.818;
1900-01-01 09:24:25;1037.0;1745709865;97.962;100.31;92.543;101.845;
1900-01-01 09:24:26;1038.0;1745709866;97.962;100.31;92.585;101.845;
1900-01-01 09:24:27;1039.0;1745709867;98.007;100.29;92.707;101.845;
1900-01-01 09:24:28;1040.0;1745709868;97.875;100.221;92.707;101.849;
1900-01-01 09:24:29;1041.0;1745709869;97.875;100.221;92.69;101.82;
1900-01-01 09:24:30;1042.0;1745709870;97.963;100.236;92.63;101.82;
1900-01-01 09:24:31;1043.0;1745709871;97.976;100.236;92.63;101.872;
1900-01-01 09:24:32;1044.0;1745709872;97.976;100.303;92.684;101.844;
1900-01-01 09:24:33;1045.0;1745709873;97.99;100.224;92.684;101.844;
1900-01-01 09:24:35;1046.0;1745709875;98.049;100.346;92.684;101.935;
1900-01-01 09:24:35;1047.0;1745709875;98.049;100.346;92.622;101.813;
1900-01-01 09:24:36;1048.0;1745709876;98.003;100.321;92.604;101.813;
1900-01-01 09:24:37;1049.0;1745709877;98.003;100.321;92.604;101.873;
1900-01-01 09:24:38;1050.0;1745709878;98.003;100.348;92.534;101.888;
1900-01-01 09:24:40;1051.0;1745709880;98.04;100.292;92.577;101.888;
1900-01-01 09:24:40;1052.0;1745709880;97.941;100.292;92.577;101.844;
1900-01-01 09:24:41;1053.0;1745709881;97.941;100.307;92.577;101.809;
1900-01-01 09:24:42;1054.0;1745709882;97.949;100.224;92.577;101.809;
1900-01-01 09:24:43;1055.0;1745709883;97.949;100.224;92.5;101.919;
1900-01-01 09:24:44;1056.0;1745709884;97.986;100.167;92.479;101.919;
1900-01-01 09:24:45;1057.0;1745709885;97.99;100.139;92.479;101.881;
1900-01-01 09:24:46;1058.0;1745709886;98.014;100.139;92.517;101.86;
1900-01-01 09:24:47;1059.0;1745709887;98.014;100.144;92.45;101.86;
1900-01-01 09:24:48;1060.0;1745709888;98.024;100.148;92.45;101.883;
1900-01-01 09:24:49;1061.0;1745709889;98.024;100.148;92.428;101.838;
1900-01-01 09:24:50;1062.0;1745709890;98.101;100.125;92.362;101.838;
1900-01-01 09:24:51;1063.0;1745709891;98.106;100.125;92.362;101.841;
1900-01-01 09:24:52;1064.0;1745709892;98.106;100.031;92.424;101.833;
1900-01-01 09:24:53;1065.0;1745709893;98.18;100.026;92.424;101.833;
1900-01-01 09:24:54;1066.0;1745709894;98.22;100.026;92.263;101.788;
1900-01-01 09:24:55;1067.0;1745709895;98.22;99.977;92.272;101.882;
1900-01-01 09:24:56;1068.0;1745709896;98.146;99.943;92.272;101.882;
1900-01-01 09:24:57;1069.0;1745709897;98.089;99.943;92.25;101.891;
1900-01-01 09:24:58;1070.0;1745709898;98.089;100.011;92.372;101.771;
1900-01-01 09:24:59;1071.0;1745709899;98.121;99.933;92.372;101.771;
1900-01-01 09:25:00;1072.0;1745709900;0.0;0.0;0.0;0.0;
1900-01-01 09:25:01;1073.0;1745709901;98.019;99.864;92.507;101.8;
1900-01-01 09:25:02;1074.0;1745709902;98.041;99.964;92.507;101.8;
1900-01-01 09:25:03;1075.0;1745709903;97.985;99.964;92.466;101.834;
1900-01-01 09:25:04;1076.0;1745709904;97.985;99.942;92.539;101.834;
1900-01-01 09:25:05;1077.0;1745709905;97.994;99.873;92.539;101.772;
1900-01-01 09:25:06;1078.0;1745709906;97.995;99.873;92.541;101.828;
1900-01-01 09:25:07;1079.0;1745709907;97.995;99.941;92.42;101.828;
1900-01-01 09:25:08;1080.0;1745709908;97.925;100.018;92.42;101.812;
1900-01-01 09:25:09;1081.0;1745709909;97.925;100.018;92.28;101.77;
1900-01-01 09:25:10;1082.0;1745709910;97.874;99.892;92.41;101.77;
1900-01-01 09:25:11;1083.0;1745709911;97.924;99.934;92.41;101.898;
1900-01-01 09:25:12;1084.0;1745709912;97.924;99.934;92.348;101.792;
1900-01-01 09:25:13;1085.0;1745709913;97.992;99.941;92.337;101.792;
1900-01-01 09:25:14;1086.0;1745709914;97.984;99.941;92.337;101.827;
1900-01-01 09:25:15;1087.0;1745709915;97.984;100.028;92.37;101.85;
1900-01-01 09:25:16;1088.0;1745709916;97.934;99.958;92.365;101.85;
1900-01-01 09:25:17;1089.0;1745709917;97.975;99.977;92.365;101.834;
1900-01-01 09:25:18;1090.0;1745709918;97.975;99.977;92.375;101.919;
1900-01-01 09:25:19;1091.0;1745709919;98.037;99.965;92.353;101.919;
1900-01-01 09:25:20;1092.0;1745709920;98.083;99.965;92.353;101.871;
1900-01-01 09:25:21;1093.0;1745709921;98.083;99.891;92.341;101.892;
1900-01-01 09:25:22;1094.0;1745709922;97.968;99.937;92.341;101.892;
1900-01-01 09:25:23;1095.0;1745709923;97.968;99.937;92.26;101.841;
1900-01-01 09:25:24;1096.0;1745709924;98.0;99.98;92.248;101.834;
1900-01-01 09:25:25;1097.0;1745709925;97.955;100.04;92.248;101.834;
1900-01-01 09:25:26;1098.0;1745709926;97.955;100.04;92.212;101.909;
1900-01-01 09:25:27;1099.0;1745709927;97.958;100.049;92.235;101.849;
1900-01-01 09:25:29;1100.0;1745709929;97.927;100.01;92.235;101.849;
1900-01-01 09:25:29;1101.0;1745709929;97.927;100.01;92.226;101.889;
1900-01-01 09:25:30;1102.0;1745709930;97.908;99.88;92.198;101.889;
1900-01-01 09:25:31;1103.0;1745709931;97.876;99.902;92.198;101.812;
1900-01-01 09:25:32;1104.0;1745709932;97.833;99.902;92.136;101.826;
1900-01-01 09:25:33;1105.0;1745709933;97.833;100.006;92.227;101.826;
1900-01-01 09:25:34;1106.0;1745709934;97.806;99.993;92.227;101.818;
1900-01-01 09:25:35;1107.0;1745709935;97.805;99.993;92.334;101.933;
1900-01-01 09:25:36;1108.0;1745709936;97.805;99.842;92.231;101.933;
1900-01-01 09:25:37;1109.0;1745709937;97.775;99.91;92.231;101.943;
1900-01-01 09:25:38;1110.0;1745709938;97.775;99.91;92.223;101.873;
1900-01-01 09:25:39;1111.0;1745709939;97.695;99.911;92.284;101.873;
1900-01-01 09:25:40;1112.0;1745709940;97.749;99.911;92.284;101.885;
1900-01-01 09:25:41;1113.0;1745709941;97.749;99.972;92.354;101.836;
1900-01-01 09:25:42;1114.0;1745709942;97.789;100.032;92.34;101.836;
1900-01-01 09:25:43;1115.0;1745709943;97.776;100.032;92.34;101.848;
1900-01-01 09:25:44;1116.0;1745709944;97.776;99.977;92.262;101.81;
1900-01-01 09:25:45;1117.0;1745709945;97.736;99.98;92.232;101.81;
1900-01-01 09:25:46;1118.0;1745709946;97.792;99.986;92.232;101.928;
1900-01-01 09:25:47;1119.0;1745709947;97.792;99.986;92.205;101.864;
1900-01-01 09:25:48;1120.0;1745709948;97.766;99.975;92.266;101.864;
1900-01-01 09:25:49;1121.0;1745709949;97.8;99.975;92.266;101.812;
1900-01-01 09:25:50;1122.0;1745709950;97.8;100.047;92.268;101.831;
1900-01-01 09:25:51;1123.0;1745709951;97.835;100.073;92.207;101.831;
1900-01-01 09:25:52;1124.0;1745709952;97.835;100.073;92.207;101.81;
1900-01-01 09:25:53;1125.0;1745709953;97.812;100.121;92.065;101.791;
1900-01-01 09:25:54;1126.0;1745709954;97.92;100.117;92.065;101.791;
1900-01-01 09:25:55;1127.0;1745709955;97.92;100.117;91.986;101.799;
1900-01-01 09:25:56;1128.0;1745709956;97.887;100.19;92.006;101.799;
1900-01-01 09:25:57;1129.0;1745709957;97.89;100.088;92.006;101.834;
1900-01-01 09:25:58;1130.0;1745709958;97.89;100.088;91.986;101.901;
1900-01-01 09:25:59;1131.0;1745709959;97.866;99.937;92.056;101.901;
1900-01-01 09:26:00;1132.0;1745709960;97.79;99.937;92.056;101.799;
1900-01-01 09:26:01;1133.0;1745709961;97.79;99.981;92.012;101.931;
1900-01-01 09:26:02;1134.0;1745709962;97.838;99.886;92.134;101.931;
1900-01-01 09:26:03;1135.0;1745709963;97.868;99.859;92.134;101.743;
1900-01-01 09:26:04;1136.0;1745709964;97.868;99.859;92.134;101.952;
1900-01-01 09:26:05;1137.0;1745709965;97.823;99.929;92.175;101.952;
1900-01-01 09:26:06;1138.0;1745709966;97.848;99.929;92.175;101.848;
1900-01-01 09:26:07;1139.0;1745709967;97.848;99.858;92.101;101.923;
1900-01-01 09:26:08;1140.0;1745709968;97.834;99.931;92.101;101.923;
1900-01-01 09:26:09;1141.0;1745709969;97.805;99.931;92.056;101.921;
1900-01-01 09:26:10;1142.0;1745709970;97.805;99.925;92.014;101.887;
1900-01-01 09:26:12;1143.0;1745709972;97.828;99.971;91.92;101.887;
1900-01-01 09:26:12;1144.0;1745709972;97.736;99.971;91.92;101.932;
1900-01-01 09:26:13;1145.0;1745709973;97.736;99.913;91.941;101.884;
1900-01-01 09:26:14;1146.0;1745709974;97.654;99.956;91.941;101.884;
1900-01-01 09:26:15;1147.0;1745709975;97.69;99.956;91.983;101.868;
1900-01-01 09:26:16;1148.0;1745709976;97.69;99.905;92.007;101.889;
1900-01-01 09:26:17;1149.0;1745709977;97.703;99.901;92.007;101.889;
1900-01-01 09:26:18;1150.0;1745709978;97.609;99.901;91.962;101.891;
1900-01-01 09:26:19;1151.0;1745709979;97.609;99.797;91.96;101.89;
1900-01-01 09:26:20;1152.0;1745709980;97.646;99.85;91.96;101.89;
1900-01-01 09:26:21;1153.0;1745709981;97.646;99.85;91.926;101.866;
1900-01-01 09:26:22;1154.0;1745709982;97.65;99.851;91.828;101.865;
1900-01-01 09:26:23;1155.0;1745709983;97.733;99.851;91.828;101.865;
1900-01-01 09:26:24;1156.0;1745709984;97.733;99.982;91.79;101.88;
1900-01-01 09:26:25;1157.0;1745709985;97.714;99.909;91.764;101.88;
1900-01-01 09:26:26;1158.0;1745709986;97.793;99.909;91.764;101.861;
1900-01-01 09:26:27;1159.0;1745709987;97.793;99.944;91.8;101.809;
1900-01-01 09:26:28;1160.0;1745709988;97.803;99.907;91.807;101.809;
1900-01-01 09:26:29;1161.0;1745709989;97.772;99.907;91.807;101.923;
1900-01-01 09:26:30;1162.0;1745709990;97.772;99.882;91.726;101.851;
1900-01-01 09:26:31;1163.0;1745709991;97.725;99.843;91.726;101.851;
1900-01-01 09:26:32;1164.0;1745709992;97.591;99.843;91.763;101.973;
1900-01-01 09:26:33;1165.0;1745709993;97.591;99.863;91.816;101.855;
1900-01-01 09:26:34;1166.0;1745709994;97.611;99.773;91.816;101.855;
1900-01-01 09:26:35;1167.0;1745709995;97.624;99.773;91.807;101.879;
1900-01-01 09:26:36;1168.0;1745709996;97.624;99.784;91.823;101.852;
1900-01-01 09:26:37;1169.0;1745709997;97.645;99.83;91.823;101.852;
1900-01-01 09:26:38;1170.0;1745709998;97.645;99.83;91.862;101.874;
1900-01-01 09:26:39;1171.0;1745709999;97.543;99.752;91.801;101.874;
1900-01-01 09:26:40;1172.0;1745710000;97.617;99.613;91.801;101.904;
1900-01-01 09:26:41;1173.0;1745710001;97.617;99.613;91.863;101.878;
1900-01-01 09:26:42;1174.0;1745710002;97.608;99.664;91.855;101.878;
1900-01-01 09:26:43;1175.0;1745710003;97.645;99.643;91.855;101.957;
1900-01-01 09:26:44;1176.0;1745710004;97.645;99.643;91.885;101.899;
1900-01-01 09:26:45;1177.0;1745710005;97.65;99.642;91.838;101.899;
1900-01-01 09:26:46;1178.0;1745710006;97.575;99.686;91.838;101.781;
1900-01-01 09:26:47;1179.0;1745710007;97.575;99.686;91.853;101.838;
1900-01-01 09:26:48;1180.0;1745710008;97.617;99.735;91.705;101.838;
1900-01-01 09:26:49;1181.0;1745710009;97.617;99.581;91.705;101.853;
1900-01-01 09:26:50;1182.0;1745710010;97.617;99.581;91.66;101.794;
1900-01-01 09:26:51;1183.0;1745710011;97.643;99.603;91.681;101.794;
1900-01-01 09:26:52;1184.0;1745710012;97.521;99.603;91.681;101.773;
1900-01-01 09:26:53;1185.0;1745710013;97.521;99.708;91.754;101.838;
1900-01-01 09:26:54;1186.0;1745710014;97.567;99.621;91.696;101.838;
1900-01-01 09:26:55;1187.0;1745710015;97.507;99.621;91.696;101.88;
1900-01-01 09:26:56;1188.0;1745710016;97.507;99.708;91.748;101.848;
1900-01-01 09:26:57;1189.0;1745710017;97.624;99.802;91.748;101.848;
1900-01-01 09:26:58;1190.0;1745710018;97.678;99.802;91.757;101.819;
1900-01-01 09:26:59;1191.0;1745710019;97.678;99.789;91.68;101.938;
1900-01-01 09:27:01;1192.0;1745710021;97.596;99.811;91.66;101.938;
1900-01-01 09:27:01;1193.0;1745710021;97.596;99.811;91.66;101.912;
1900-01-01 09:27:02;1194.0;1745710022;97.598;99.779;91.574;101.86;
1900-01-01 09:27:03;1195.0;1745710023;97.632;99.832;91.574;101.86;
1900-01-01 09:27:04;1196.0;1745710024;97.632;99.832;91.567;101.845;
1900-01-01 09:27:05;1197.0;1745710025;97.584;99.787;91.575;101.845;
1900-01-01 09:27:06;1198.0;1745710026;97.572;99.88;91.575;101.955;
1900-01-01 09:27:07;1199.0;1745710027;97.572;99.88;91.646;101.924;
1900-01-01 09:27:08;1200.0;1745710028;97.567;99.974;91.568;101.924;
