Time;Seconds from start for linreg;Unix Time;ch1 po2;ch2 po2;ch3 po2;ch4 po2;
1900-01-01 21:52:07;1.0;1745668327;100.2;101.551;96.812;104.686;
1900-01-01 21:52:08;2.0;1745668328;100.219;101.545;96.812;104.686;
1900-01-01 21:52:09;3.0;1745668329;100.219;101.545;96.766;104.729;
1900-01-01 21:52:10;4.0;1745668330;100.182;101.539;96.741;104.729;
1900-01-01 21:52:11;5.0;1745668331;100.139;101.539;96.741;104.668;
1900-01-01 21:52:12;6.0;1745668332;100.139;101.58;96.618;104.721;
1900-01-01 21:52:13;7.0;1745668333;100.158;101.543;96.752;104.721;
1900-01-01 21:52:14;8.0;1745668334;100.168;101.543;96.752;104.654;
1900-01-01 21:52:15;9.0;1745668335;100.168;101.546;96.815;104.738;
1900-01-01 21:52:17;10.0;1745668337;100.225;101.554;96.727;104.738;
1900-01-01 21:52:17;11.0;1745668337;100.296;101.554;96.727;104.668;
1900-01-01 21:52:18;12.0;1745668338;100.296;101.438;96.75;104.688;
1900-01-01 21:52:19;13.0;1745668339;100.266;101.427;96.614;104.688;
1900-01-01 21:52:20;14.0;1745668340;100.332;101.427;96.614;104.693;
1900-01-01 21:52:21;15.0;1745668341;100.332;101.401;96.703;104.632;
1900-01-01 21:52:22;16.0;1745668342;100.295;101.384;96.685;104.632;
1900-01-01 21:52:23;17.0;1745668343;100.329;101.384;96.685;104.716;
1900-01-01 21:52:24;18.0;1745668344;100.329;101.413;96.753;104.635;
1900-01-01 21:52:25;19.0;1745668345;100.301;101.488;96.755;104.635;
1900-01-01 21:52:26;20.0;1745668346;100.298;101.488;96.755;104.66;
1900-01-01 21:52:27;21.0;1745668347;100.298;101.361;96.72;104.703;
1900-01-01 21:52:28;22.0;1745668348;100.281;101.405;96.72;104.703;
1900-01-01 21:52:29;23.0;1745668349;100.297;101.405;96.738;104.669;
1900-01-01 21:52:30;24.0;1745668350;100.297;101.403;96.645;104.711;
1900-01-01 21:52:31;25.0;1745668351;100.276;101.484;96.645;104.711;
1900-01-01 21:52:32;26.0;1745668352;100.275;101.484;96.684;104.681;
1900-01-01 21:52:33;27.0;1745668353;100.275;101.514;96.633;104.678;
1900-01-01 21:52:34;28.0;1745668354;100.332;101.458;96.513;104.678;
1900-01-01 21:52:35;29.0;1745668355;100.332;101.458;96.513;104.668;
1900-01-01 21:52:36;30.0;1745668356;100.253;101.444;96.42;104.684;
1900-01-01 21:52:37;31.0;1745668357;100.267;101.479;96.42;104.684;
1900-01-01 21:52:39;32.0;1745668359;100.228;101.479;96.511;104.644;
1900-01-01 21:52:39;33.0;1745668359;100.228;101.453;96.652;104.644;
1900-01-01 21:52:40;34.0;1745668360;100.129;101.472;96.652;104.643;
1900-01-01 21:52:41;35.0;1745668361;100.129;101.472;96.725;104.62;
1900-01-01 21:52:42;36.0;1745668362;100.157;101.465;96.825;104.62;
1900-01-01 21:52:43;37.0;1745668363;100.219;101.523;96.825;104.663;
1900-01-01 21:52:44;38.0;1745668364;100.219;101.523;96.888;104.698;
1900-01-01 21:52:45;39.0;1745668365;100.1;101.467;96.902;104.698;
1900-01-01 21:52:46;40.0;1745668366;100.12;101.467;96.902;104.655;
1900-01-01 21:52:47;41.0;1745668367;100.12;101.545;96.75;104.679;
1900-01-01 21:52:48;42.0;1745668368;100.035;101.576;96.689;104.679;
1900-01-01 21:52:49;43.0;1745668369;100.008;101.576;96.689;104.642;
1900-01-01 21:52:50;44.0;1745668370;100.008;101.51;96.642;104.65;
1900-01-01 21:52:51;45.0;1745668371;99.997;101.399;96.642;104.65;
1900-01-01 21:52:52;46.0;1745668372;99.997;101.399;96.62;104.669;
1900-01-01 21:52:53;47.0;1745668373;100.054;101.514;96.649;104.669;
1900-01-01 21:52:54;48.0;1745668374;100.023;101.511;96.649;104.629;
1900-01-01 21:52:55;49.0;1745668375;100.026;101.511;96.598;104.636;
1900-01-01 21:52:56;50.0;1745668376;100.026;101.539;96.609;104.636;
1900-01-01 21:52:57;51.0;1745668377;99.927;101.561;96.609;104.658;
1900-01-01 21:52:58;52.0;1745668378;99.927;101.561;96.513;104.604;
1900-01-01 21:52:59;53.0;1745668379;99.953;101.524;96.611;104.604;
1900-01-01 21:53:00;54.0;1745668380;99.991;101.524;96.611;104.651;
1900-01-01 21:53:01;55.0;1745668381;99.991;101.519;96.543;104.662;
1900-01-01 21:53:02;56.0;1745668382;99.963;101.509;96.596;104.662;
1900-01-01 21:53:03;57.0;1745668383;100.048;101.518;96.596;104.672;
1900-01-01 21:53:04;58.0;1745668384;100.048;101.518;96.579;104.705;
1900-01-01 21:53:05;59.0;1745668385;100.133;101.451;96.633;104.705;
1900-01-01 21:53:06;60.0;1745668386;100.087;101.451;96.633;104.728;
1900-01-01 21:53:07;61.0;1745668387;100.087;101.481;96.478;104.659;
1900-01-01 21:53:08;62.0;1745668388;100.065;101.51;96.478;104.659;
1900-01-01 21:53:09;63.0;1745668389;100.027;101.51;96.425;104.704;
1900-01-01 21:53:10;64.0;1745668390;100.027;101.424;96.423;104.701;
1900-01-01 21:53:11;65.0;1745668391;100.115;101.407;96.423;104.701;
1900-01-01 21:53:12;66.0;1745668392;100.124;101.407;96.379;104.634;
1900-01-01 21:53:13;67.0;1745668393;100.124;101.412;96.457;104.634;
1900-01-01 21:53:14;68.0;1745668394;100.144;101.387;96.457;104.731;
1900-01-01 21:53:15;69.0;1745668395;100.018;101.387;96.435;104.665;
1900-01-01 21:53:16;70.0;1745668396;100.018;101.36;96.4;104.641;
1900-01-01 21:53:17;71.0;1745668397;99.955;101.339;96.4;104.641;
1900-01-01 21:53:18;72.0;1745668398;99.955;101.339;96.437;104.726;
1900-01-01 21:53:19;73.0;1745668399;99.901;101.319;96.399;104.726;
1900-01-01 21:53:21;74.0;1745668401;99.892;101.209;96.399;104.73;
1900-01-01 21:53:21;75.0;1745668401;99.892;101.209;96.428;104.637;
1900-01-01 21:53:22;76.0;1745668402;99.846;101.188;96.375;104.637;
1900-01-01 21:53:23;77.0;1745668403;99.707;101.212;96.375;104.647;
1900-01-01 21:53:24;78.0;1745668404;99.707;101.212;96.372;104.627;
1900-01-01 21:53:25;79.0;1745668405;99.85;101.218;96.372;104.627;
1900-01-01 21:53:26;80.0;1745668406;99.779;101.218;96.385;104.701;
1900-01-01 21:53:27;81.0;1745668407;99.779;101.191;96.298;104.78;
1900-01-01 21:53:28;82.0;1745668408;99.848;101.21;96.298;104.78;
1900-01-01 21:53:29;83.0;1745668409;99.759;101.21;96.247;104.672;
1900-01-01 21:53:30;84.0;1745668410;99.759;101.258;96.403;104.656;
1900-01-01 21:53:31;85.0;1745668411;99.754;101.183;96.403;104.656;
1900-01-01 21:53:32;86.0;1745668412;99.754;101.183;96.443;104.667;
1900-01-01 21:53:33;87.0;1745668413;99.683;101.186;96.489;104.722;
1900-01-01 21:53:34;88.0;1745668414;99.672;101.159;96.489;104.722;
1900-01-01 21:53:35;89.0;1745668415;99.622;101.159;96.355;104.587;
1900-01-01 21:53:36;90.0;1745668416;99.622;101.191;96.241;104.587;
1900-01-01 21:53:37;91.0;1745668417;99.543;101.078;96.241;104.735;
1900-01-01 21:53:38;92.0;1745668418;99.556;101.078;96.132;104.638;
1900-01-01 21:53:39;93.0;1745668419;99.556;101.106;96.159;104.699;
1900-01-01 21:53:40;94.0;1745668420;99.548;101.194;96.159;104.699;
1900-01-01 21:53:41;95.0;1745668421;99.548;101.194;96.144;104.617;
1900-01-01 21:53:42;96.0;1745668422;99.549;101.08;96.223;104.617;
1900-01-01 21:53:43;97.0;1745668423;99.495;101.144;96.223;104.749;
1900-01-01 21:53:44;98.0;1745668424;99.495;101.144;96.361;104.673;
1900-01-01 21:53:45;99.0;1745668425;99.442;101.191;96.356;104.673;
1900-01-01 21:53:46;100.0;1745668426;99.461;101.186;96.356;104.702;
1900-01-01 21:53:47;101.0;1745668427;99.461;101.186;96.227;104.593;
1900-01-01 21:53:48;102.0;1745668428;99.395;101.186;96.412;104.593;
1900-01-01 21:53:49;103.0;1745668429;99.316;101.186;96.412;104.599;
1900-01-01 21:53:50;104.0;1745668430;99.316;101.076;96.392;104.667;
1900-01-01 21:53:51;105.0;1745668431;99.425;101.101;96.392;104.667;
1900-01-01 21:53:52;106.0;1745668432;99.319;101.101;96.363;104.656;
1900-01-01 21:53:53;107.0;1745668433;99.319;101.091;96.359;104.656;
1900-01-01 21:53:54;108.0;1745668434;99.365;101.128;96.359;104.709;
1900-01-01 21:53:55;109.0;1745668435;99.35;101.128;96.355;104.597;
1900-01-01 21:53:56;110.0;1745668436;99.35;101.137;96.377;104.686;
1900-01-01 21:53:57;111.0;1745668437;99.289;101.149;96.377;104.686;
1900-01-01 21:53:58;112.0;1745668438;99.289;101.149;96.337;104.635;
1900-01-01 21:53:59;113.0;1745668439;99.296;101.09;96.311;104.635;
1900-01-01 21:54:00;114.0;1745668440;99.276;101.158;96.311;104.655;
1900-01-01 21:54:01;115.0;1745668441;99.276;101.158;96.371;104.591;
1900-01-01 21:54:02;116.0;1745668442;99.316;101.15;96.365;104.591;
1900-01-01 21:54:03;117.0;1745668443;99.25;101.104;96.365;104.654;
1900-01-01 21:54:04;118.0;1745668444;99.25;101.104;96.352;104.652;
1900-01-01 21:54:05;119.0;1745668445;99.314;101.116;96.339;104.652;
1900-01-01 21:54:06;120.0;1745668446;99.253;101.116;96.339;104.728;
1900-01-01 21:54:07;121.0;1745668447;99.253;101.134;96.407;104.653;
1900-01-01 21:54:08;122.0;1745668448;99.324;101.035;96.407;104.653;
1900-01-01 21:54:09;123.0;1745668449;99.434;101.035;96.394;104.698;
1900-01-01 21:54:10;124.0;1745668450;99.434;101.152;96.246;104.659;
1900-01-01 21:54:11;125.0;1745668451;99.355;100.923;96.141;104.659;
1900-01-01 21:54:12;126.0;1745668452;99.406;100.923;96.141;104.675;
1900-01-01 21:54:13;127.0;1745668453;99.406;101.016;96.073;104.728;
1900-01-01 21:54:14;128.0;1745668454;99.466;100.98;96.073;104.728;
1900-01-01 21:54:15;129.0;1745668455;99.371;100.98;96.055;104.696;
1900-01-01 21:54:16;130.0;1745668456;99.371;100.973;95.977;104.619;
1900-01-01 21:54:17;131.0;1745668457;99.44;100.999;95.969;104.619;
1900-01-01 21:54:18;132.0;1745668458;99.424;100.999;95.969;104.715;
1900-01-01 21:54:19;133.0;1745668459;99.424;100.914;95.992;104.637;
1900-01-01 21:54:20;134.0;1745668460;99.504;100.928;95.992;104.637;
1900-01-01 21:54:21;135.0;1745668461;99.433;100.928;96.062;104.617;
1900-01-01 21:54:22;136.0;1745668462;99.433;100.964;96.083;104.693;
1900-01-01 21:54:23;137.0;1745668463;99.459;100.912;96.083;104.693;
1900-01-01 21:54:24;138.0;1745668464;99.496;100.912;96.177;104.666;
1900-01-01 21:54:25;139.0;1745668465;99.496;100.95;96.185;104.651;
1900-01-01 21:54:26;140.0;1745668466;99.46;100.865;96.185;104.651;
1900-01-01 21:54:27;141.0;1745668467;99.538;100.865;96.094;104.652;
1900-01-01 21:54:28;142.0;1745668468;99.538;100.927;95.958;104.578;
1900-01-01 21:54:29;143.0;1745668469;99.455;100.921;95.958;104.578;
1900-01-01 21:54:30;144.0;1745668470;99.455;100.921;96.095;104.661;
1900-01-01 21:54:31;145.0;1745668471;99.4;100.955;96.096;104.661;
1900-01-01 21:54:32;146.0;1745668472;99.479;100.917;96.096;104.661;
1900-01-01 21:54:33;147.0;1745668473;99.479;100.917;96.053;104.699;
1900-01-01 21:54:34;148.0;1745668474;99.388;100.854;96.003;104.699;
1900-01-01 21:54:36;149.0;1745668476;99.393;101.033;96.003;104.641;
1900-01-01 21:54:36;150.0;1745668476;99.393;101.033;95.922;104.719;
1900-01-01 21:54:37;151.0;1745668477;99.349;100.968;95.882;104.719;
1900-01-01 21:54:38;152.0;1745668478;99.323;100.968;95.882;104.559;
1900-01-01 21:54:39;153.0;1745668479;99.323;100.941;95.926;104.758;
1900-01-01 21:54:40;154.0;1745668480;99.329;100.976;95.944;104.758;
1900-01-01 21:54:41;155.0;1745668481;99.251;100.976;95.944;104.644;
1900-01-01 21:54:42;156.0;1745668482;99.251;100.953;95.915;104.717;
1900-01-01 21:54:43;157.0;1745668483;99.333;100.89;95.958;104.717;
1900-01-01 21:54:44;158.0;1745668484;99.206;100.89;95.958;104.76;
1900-01-01 21:54:45;159.0;1745668485;99.206;100.954;96.073;104.718;
1900-01-01 21:54:46;160.0;1745668486;99.14;100.993;96.073;104.718;
1900-01-01 21:54:47;161.0;1745668487;99.148;100.993;96.004;104.705;
1900-01-01 21:54:49;162.0;1745668489;99.148;100.974;95.974;104.648;
1900-01-01 21:54:49;163.0;1745668489;99.064;100.918;95.974;104.648;
1900-01-01 21:54:50;164.0;1745668490;99.041;100.918;96.09;104.669;
1900-01-01 21:54:51;165.0;1745668491;99.041;100.893;96.099;104.588;
1900-01-01 21:54:52;166.0;1745668492;99.078;100.892;96.099;104.588;
1900-01-01 21:54:53;167.0;1745668493;99.078;100.892;96.047;104.663;
1900-01-01 21:54:54;168.0;1745668494;98.95;100.8;96.01;104.663;
1900-01-01 21:54:55;169.0;1745668495;98.916;100.861;96.01;104.639;
1900-01-01 21:54:56;170.0;1745668496;98.916;100.861;96.01;104.671;
1900-01-01 21:54:57;171.0;1745668497;99.023;100.963;95.943;104.671;
1900-01-01 21:54:58;172.0;1745668498;99.017;100.963;95.943;104.671;
1900-01-01 21:54:59;173.0;1745668499;99.017;100.941;95.913;104.65;
1900-01-01 21:55:00;174.0;1745668500;99.0;100.881;95.913;104.65;
1900-01-01 21:55:01;175.0;1745668501;98.985;100.881;95.968;104.699;
1900-01-01 21:55:02;176.0;1745668502;98.985;100.89;95.981;104.664;
1900-01-01 21:55:03;177.0;1745668503;98.992;100.806;95.981;104.664;
1900-01-01 21:55:04;178.0;1745668504;99.045;100.806;96.022;104.646;
1900-01-01 21:55:05;179.0;1745668505;99.045;100.893;96.025;104.685;
1900-01-01 21:55:06;180.0;1745668506;98.98;100.853;96.025;104.685;
1900-01-01 21:55:07;181.0;1745668507;99.094;100.853;96.022;104.692;
1900-01-01 21:55:08;182.0;1745668508;99.094;100.792;95.938;104.621;
1900-01-01 21:55:09;183.0;1745668509;99.035;100.748;95.938;104.621;
1900-01-01 21:55:10;184.0;1745668510;99.035;100.748;95.813;104.69;
1900-01-01 21:55:11;185.0;1745668511;99.057;100.795;95.882;104.69;
1900-01-01 21:55:12;186.0;1745668512;99.057;100.773;95.882;104.585;
1900-01-01 21:55:14;187.0;1745668514;99.053;100.773;95.749;104.689;
1900-01-01 21:55:14;188.0;1745668514;99.053;100.815;95.731;104.689;
1900-01-01 21:55:15;189.0;1745668515;98.999;100.826;95.731;104.663;
1900-01-01 21:55:16;190.0;1745668516;98.999;100.826;95.597;104.681;
1900-01-01 21:55:17;191.0;1745668517;99.067;100.55;95.667;104.681;
1900-01-01 21:55:18;192.0;1745668518;98.999;100.55;95.667;104.648;
1900-01-01 21:55:19;193.0;1745668519;98.999;100.694;95.641;104.6;
1900-01-01 21:55:20;194.0;1745668520;98.992;100.675;95.725;104.6;
1900-01-01 21:55:21;195.0;1745668521;98.935;100.675;95.725;104.632;
1900-01-01 21:55:22;196.0;1745668522;98.935;100.595;95.722;104.698;
1900-01-01 21:55:24;197.0;1745668524;99.01;100.685;95.808;104.698;
1900-01-01 21:55:24;198.0;1745668524;98.988;100.685;95.808;104.641;
1900-01-01 21:55:25;199.0;1745668525;98.988;100.63;95.79;104.657;
1900-01-01 21:55:27;200.0;1745668527;99.004;100.658;95.817;104.657;
1900-01-01 21:55:27;201.0;1745668527;99.086;100.658;95.817;104.693;
1900-01-01 21:55:28;202.0;1745668528;99.086;100.682;95.797;104.662;
1900-01-01 21:55:29;203.0;1745668529;98.921;100.646;95.797;104.662;
1900-01-01 21:55:30;204.0;1745668530;98.921;100.646;95.718;104.719;
1900-01-01 21:55:31;205.0;1745668531;98.895;100.645;95.77;104.701;
1900-01-01 21:55:32;206.0;1745668532;98.85;100.651;95.77;104.701;
1900-01-01 21:55:33;207.0;1745668533;98.85;100.651;95.616;104.67;
1900-01-01 21:55:34;208.0;1745668534;98.855;100.702;95.698;104.668;
1900-01-01 21:55:35;209.0;1745668535;98.874;100.537;95.698;104.668;
1900-01-01 21:55:36;210.0;1745668536;98.874;100.537;95.775;104.712;
1900-01-01 21:55:37;211.0;1745668537;98.75;100.659;95.829;104.712;
1900-01-01 21:55:38;212.0;1745668538;98.765;100.659;95.829;104.692;
1900-01-01 21:55:39;213.0;1745668539;98.765;100.644;95.766;104.658;
1900-01-01 21:55:40;214.0;1745668540;98.771;100.616;95.672;104.658;
1900-01-01 21:55:41;215.0;1745668541;98.679;100.616;95.672;104.638;
1900-01-01 21:55:42;216.0;1745668542;98.679;100.654;95.675;104.747;
1900-01-01 21:55:43;217.0;1745668543;98.624;100.622;95.677;104.747;
1900-01-01 21:55:44;218.0;1745668544;98.624;100.622;95.677;104.695;
1900-01-01 21:55:45;219.0;1745668545;98.561;100.676;95.725;104.686;
1900-01-01 21:55:46;220.0;1745668546;98.564;100.722;95.725;104.686;
1900-01-01 21:55:47;221.0;1745668547;98.49;100.722;95.76;104.643;
1900-01-01 21:55:48;222.0;1745668548;98.49;100.632;95.691;104.643;
1900-01-01 21:55:49;223.0;1745668549;98.532;100.697;95.691;104.704;
1900-01-01 21:55:50;224.0;1745668550;98.457;100.697;95.691;104.639;
1900-01-01 21:55:51;225.0;1745668551;98.457;100.626;95.726;104.639;
1900-01-01 21:55:52;226.0;1745668552;98.325;100.656;95.726;104.66;
1900-01-01 21:55:53;227.0;1745668553;98.325;100.656;95.656;104.672;
1900-01-01 21:55:54;228.0;1745668554;98.34;100.676;95.589;104.672;
1900-01-01 21:55:55;229.0;1745668555;98.283;100.608;95.589;104.61;
1900-01-01 21:55:56;230.0;1745668556;98.283;100.608;95.567;104.564;
1900-01-01 21:55:57;231.0;1745668557;98.199;100.537;95.569;104.564;
1900-01-01 21:55:58;232.0;1745668558;98.233;100.537;95.569;104.647;
1900-01-01 21:55:59;233.0;1745668559;98.233;100.597;95.692;104.645;
1900-01-01 21:56:01;234.0;1745668561;98.146;100.573;95.708;104.645;
1900-01-01 21:56:01;235.0;1745668561;98.252;100.573;95.708;104.726;
1900-01-01 21:56:02;236.0;1745668562;98.252;100.504;95.728;104.653;
1900-01-01 21:56:03;237.0;1745668563;98.214;100.458;95.728;104.653;
1900-01-01 21:56:04;238.0;1745668564;98.164;100.458;95.662;104.673;
1900-01-01 21:56:05;239.0;1745668565;98.164;100.526;95.586;104.629;
1900-01-01 21:56:06;240.0;1745668566;98.293;100.48;95.528;104.629;
1900-01-01 21:56:07;241.0;1745668567;98.283;100.48;95.528;104.617;
1900-01-01 21:56:08;242.0;1745668568;98.283;100.393;95.679;104.615;
1900-01-01 21:56:09;243.0;1745668569;98.203;100.384;95.679;104.615;
1900-01-01 21:56:10;244.0;1745668570;98.203;100.384;95.61;104.731;
1900-01-01 21:56:11;245.0;1745668571;98.22;100.43;95.497;104.631;
1900-01-01 21:56:12;246.0;1745668572;98.167;100.365;95.497;104.631;
1900-01-01 21:56:13;247.0;1745668573;98.167;100.365;95.484;104.724;
1900-01-01 21:56:14;248.0;1745668574;98.135;100.378;95.419;104.724;
1900-01-01 21:56:15;249.0;1745668575;98.155;100.426;95.419;104.656;
1900-01-01 21:56:16;250.0;1745668576;98.155;100.426;95.414;104.693;
1900-01-01 21:56:17;251.0;1745668577;98.148;100.352;95.476;104.693;
1900-01-01 21:56:18;252.0;1745668578;98.149;100.352;95.476;104.603;
1900-01-01 21:56:20;253.0;1745668580;98.149;100.323;95.526;104.679;
1900-01-01 21:56:20;254.0;1745668580;98.117;100.353;95.526;104.679;
1900-01-01 21:56:21;255.0;1745668581;98.143;100.353;95.571;104.623;
1900-01-01 21:56:22;256.0;1745668582;98.143;100.393;95.567;104.597;
1900-01-01 21:56:24;257.0;1745668584;98.145;100.349;95.578;104.597;
1900-01-01 21:56:24;258.0;1745668584;98.13;100.349;95.578;104.701;
1900-01-01 21:56:25;259.0;1745668585;98.13;100.419;95.504;104.663;
1900-01-01 21:56:26;260.0;1745668586;98.103;100.413;95.517;104.663;
1900-01-01 21:56:27;261.0;1745668587;98.015;100.413;95.517;104.668;
1900-01-01 21:56:28;262.0;1745668588;98.015;100.417;95.566;104.668;
1900-01-01 21:56:29;263.0;1745668589;98.002;100.462;95.566;104.656;
1900-01-01 21:56:30;264.0;1745668590;97.921;100.462;95.552;104.61;
1900-01-01 21:56:31;265.0;1745668591;97.921;100.46;95.533;104.725;
1900-01-01 21:56:32;266.0;1745668592;97.867;100.453;95.533;104.725;
1900-01-01 21:56:33;267.0;1745668593;97.818;100.453;95.555;104.739;
1900-01-01 21:56:34;268.0;1745668594;97.818;100.49;95.47;104.739;
1900-01-01 21:56:35;269.0;1745668595;97.845;100.384;95.47;104.634;
1900-01-01 21:56:36;270.0;1745668596;97.845;100.384;95.493;104.581;
1900-01-01 21:56:37;271.0;1745668597;97.835;100.339;95.539;104.581;
1900-01-01 21:56:38;272.0;1745668598;97.777;100.315;95.539;104.634;
1900-01-01 21:56:39;273.0;1745668599;97.777;100.315;95.41;104.61;
1900-01-01 21:56:40;274.0;1745668600;97.761;100.347;95.425;104.61;
1900-01-01 21:56:41;275.0;1745668601;97.761;100.347;95.425;104.696;
1900-01-01 21:56:42;276.0;1745668602;97.761;100.333;95.448;104.668;
1900-01-01 21:56:43;277.0;1745668603;97.762;100.309;95.448;104.668;
1900-01-01 21:56:44;278.0;1745668604;97.712;100.309;95.308;104.713;
1900-01-01 21:56:45;279.0;1745668605;97.712;100.27;95.301;104.684;
1900-01-01 21:56:46;280.0;1745668606;97.751;100.414;95.301;104.684;
1900-01-01 21:56:47;281.0;1745668607;97.736;100.414;95.268;104.586;
1900-01-01 21:56:48;282.0;1745668608;97.736;100.356;95.174;104.586;
1900-01-01 21:56:49;283.0;1745668609;97.695;100.343;95.174;104.664;
1900-01-01 21:56:50;284.0;1745668610;97.697;100.343;95.156;104.587;
1900-01-01 21:56:51;285.0;1745668611;97.697;100.395;95.119;104.587;
1900-01-01 21:56:52;286.0;1745668612;97.715;100.316;95.119;104.699;
1900-01-01 21:56:54;287.0;1745668614;97.745;100.316;95.106;104.715;
1900-01-01 21:56:54;288.0;1745668614;97.745;100.251;95.129;104.715;
1900-01-01 21:56:55;289.0;1745668615;97.604;100.257;95.129;104.761;
1900-01-01 21:56:56;290.0;1745668616;97.604;100.257;95.157;104.715;
1900-01-01 21:56:57;291.0;1745668617;97.53;100.237;95.261;104.715;
1900-01-01 21:56:58;292.0;1745668618;97.589;100.15;95.261;104.737;
1900-01-01 21:56:59;293.0;1745668619;97.589;100.15;95.269;104.793;
1900-01-01 21:57:00;294.0;1745668620;97.547;100.28;95.267;104.793;
1900-01-01 21:57:01;295.0;1745668621;97.455;100.28;95.267;104.765;
1900-01-01 21:57:02;296.0;1745668622;97.455;100.281;95.226;104.719;
1900-01-01 21:57:03;297.0;1745668623;97.43;100.196;95.226;104.719;
1900-01-01 21:57:04;298.0;1745668624;97.447;100.196;95.226;104.661;
1900-01-01 21:57:05;299.0;1745668625;97.447;100.175;95.292;104.725;
1900-01-01 21:57:06;300.0;1745668626;97.46;100.118;95.223;104.725;
1900-01-01 21:57:07;301.0;1745668627;97.442;100.118;95.223;104.643;
1900-01-01 21:57:08;302.0;1745668628;97.442;100.232;95.167;104.698;
1900-01-01 21:57:09;303.0;1745668629;97.253;100.107;95.167;104.698;
1900-01-01 21:57:10;304.0;1745668630;97.227;100.107;95.223;104.686;
1900-01-01 21:57:11;305.0;1745668631;97.227;100.211;95.254;104.611;
1900-01-01 21:57:12;306.0;1745668632;97.356;100.01;95.254;104.611;
1900-01-01 21:57:13;307.0;1745668633;97.331;100.01;95.331;104.626;
1900-01-01 21:57:14;308.0;1745668634;97.331;100.068;95.314;104.742;
1900-01-01 21:57:15;309.0;1745668635;97.338;100.049;95.314;104.742;
1900-01-01 21:57:16;310.0;1745668636;97.296;100.049;95.228;104.754;
1900-01-01 21:57:17;311.0;1745668637;97.296;100.067;95.193;104.65;
1900-01-01 21:57:18;312.0;1745668638;97.226;100.067;95.193;104.65;
1900-01-01 21:57:19;313.0;1745668639;97.226;100.069;95.224;104.7;
1900-01-01 21:57:20;314.0;1745668640;97.281;100.01;95.154;104.7;
1900-01-01 21:57:22;315.0;1745668642;97.253;100.095;95.154;104.711;
1900-01-01 21:57:22;316.0;1745668642;97.253;100.095;95.157;104.684;
1900-01-01 21:57:23;317.0;1745668643;97.262;100.189;95.22;104.684;
1900-01-01 21:57:24;318.0;1745668644;97.24;100.189;95.22;104.67;
1900-01-01 21:57:25;319.0;1745668645;97.24;100.055;95.149;104.733;
1900-01-01 21:57:26;320.0;1745668646;97.282;100.044;95.083;104.733;
1900-01-01 21:57:27;321.0;1745668647;97.349;100.044;95.083;104.627;
1900-01-01 21:57:28;322.0;1745668648;97.349;100.078;95.142;104.646;
1900-01-01 21:57:29;323.0;1745668649;97.272;100.097;95.142;104.646;
1900-01-01 21:57:31;324.0;1745668651;97.351;100.097;95.193;104.703;
1900-01-01 21:57:31;325.0;1745668651;97.351;100.074;95.136;104.611;
1900-01-01 21:57:32;326.0;1745668652;97.31;100.035;95.136;104.611;
1900-01-01 21:57:33;327.0;1745668653;97.305;100.035;95.196;104.646;
1900-01-01 21:57:34;328.0;1745668654;97.305;99.969;95.097;104.646;
1900-01-01 21:57:35;329.0;1745668655;97.296;100.01;95.097;104.657;
1900-01-01 21:57:36;330.0;1745668656;97.315;100.01;95.11;104.631;
1900-01-01 21:57:37;331.0;1745668657;97.315;99.926;95.086;104.631;
1900-01-01 21:57:38;332.0;1745668658;97.38;99.859;95.086;104.671;
1900-01-01 21:57:39;333.0;1745668659;97.31;99.859;95.066;104.709;
1900-01-01 21:57:40;334.0;1745668660;97.31;99.883;95.05;104.688;
1900-01-01 21:57:41;335.0;1745668661;97.334;99.932;95.05;104.688;
1900-01-01 21:57:42;336.0;1745668662;97.334;99.932;95.003;104.765;
1900-01-01 21:57:43;337.0;1745668663;97.312;99.827;94.927;104.765;
1900-01-01 21:57:44;338.0;1745668664;97.335;99.827;94.927;104.673;
1900-01-01 21:57:45;339.0;1745668665;97.335;99.829;94.985;104.73;
1900-01-01 21:57:46;340.0;1745668666;97.315;99.853;95.106;104.73;
1900-01-01 21:57:47;341.0;1745668667;97.21;99.853;95.106;104.725;
1900-01-01 21:57:48;342.0;1745668668;97.21;99.886;95.1;104.644;
1900-01-01 21:57:49;343.0;1745668669;97.164;99.911;95.045;104.644;
1900-01-01 21:57:50;344.0;1745668670;97.091;99.911;95.045;104.612;
1900-01-01 21:57:51;345.0;1745668671;97.091;99.909;95.068;104.589;
1900-01-01 21:57:52;346.0;1745668672;97.099;99.896;95.068;104.589;
1900-01-01 21:57:53;347.0;1745668673;97.08;99.896;95.125;104.662;
1900-01-01 21:57:54;348.0;1745668674;97.08;99.981;95.125;104.662;
1900-01-01 21:57:55;349.0;1745668675;97.036;99.938;95.125;104.672;
1900-01-01 21:57:57;350.0;1745668677;97.01;99.938;95.183;104.69;
1900-01-01 21:57:57;351.0;1745668677;97.01;99.962;95.206;104.69;
1900-01-01 21:57:58;352.0;1745668678;97.027;99.943;95.206;104.637;
1900-01-01 21:57:59;353.0;1745668679;97.027;99.943;95.119;104.642;
1900-01-01 21:58:00;354.0;1745668680;96.926;99.963;94.984;104.642;
1900-01-01 21:58:01;355.0;1745668681;97.04;99.922;94.984;104.649;
1900-01-01 21:58:02;356.0;1745668682;97.04;99.922;94.911;104.614;
1900-01-01 21:58:03;357.0;1745668683;97.001;100.025;94.803;104.614;
1900-01-01 21:58:04;358.0;1745668684;97.013;100.057;94.803;104.555;
1900-01-01 21:58:05;359.0;1745668685;97.013;100.057;94.852;104.591;
1900-01-01 21:58:06;360.0;1745668686;97.039;99.889;94.816;104.591;
1900-01-01 21:58:07;361.0;1745668687;97.048;99.936;94.816;104.613;
1900-01-01 21:58:08;362.0;1745668688;97.048;99.936;94.795;104.707;
1900-01-01 21:58:09;363.0;1745668689;97.114;99.877;94.81;104.707;
1900-01-01 21:58:10;364.0;1745668690;97.052;99.877;94.81;104.555;
1900-01-01 21:58:11;365.0;1745668691;97.052;99.723;94.708;104.496;
1900-01-01 21:58:12;366.0;1745668692;97.033;99.855;94.708;104.496;
1900-01-01 21:58:13;367.0;1745668693;97.109;99.855;94.642;104.539;
1900-01-01 21:58:14;368.0;1745668694;97.109;99.76;94.734;104.648;
1900-01-01 21:58:15;369.0;1745668695;97.037;99.817;94.734;104.648;
1900-01-01 21:58:16;370.0;1745668696;96.975;99.817;94.786;104.627;
1900-01-01 21:58:17;371.0;1745668697;96.975;99.646;94.838;104.613;
1900-01-01 21:58:18;372.0;1745668698;96.985;99.638;94.838;104.613;
1900-01-01 21:58:19;373.0;1745668699;97.012;99.638;94.817;104.698;
1900-01-01 21:58:20;374.0;1745668700;97.012;99.704;94.814;104.698;
1900-01-01 21:58:21;375.0;1745668701;96.899;99.589;94.814;104.58;
1900-01-01 21:58:22;376.0;1745668702;96.938;99.589;94.924;104.613;
1900-01-01 21:58:23;377.0;1745668703;96.938;99.565;94.829;104.673;
1900-01-01 21:58:24;378.0;1745668704;96.932;99.552;94.829;104.673;
1900-01-01 21:58:25;379.0;1745668705;96.932;99.552;94.765;104.725;
1900-01-01 21:58:26;380.0;1745668706;96.894;99.651;94.896;104.682;
1900-01-01 21:58:27;381.0;1745668707;96.986;99.605;94.896;104.682;
1900-01-01 21:58:28;382.0;1745668708;96.986;99.605;94.792;104.624;
1900-01-01 21:58:29;383.0;1745668709;96.983;99.679;94.795;104.624;
1900-01-01 21:58:30;384.0;1745668710;97.071;99.679;94.795;104.646;
1900-01-01 21:58:31;385.0;1745668711;97.071;99.612;94.748;104.705;
1900-01-01 21:58:32;386.0;1745668712;96.949;99.622;94.836;104.705;
1900-01-01 21:58:33;387.0;1745668713;96.967;99.622;94.836;104.694;
1900-01-01 21:58:35;388.0;1745668715;96.967;99.561;94.821;104.77;
1900-01-01 21:58:35;389.0;1745668715;96.931;99.584;94.809;104.77;
1900-01-01 21:58:36;390.0;1745668716;96.909;99.584;94.809;104.743;
1900-01-01 21:58:37;391.0;1745668717;96.909;99.537;94.736;104.736;
1900-01-01 21:58:38;392.0;1745668718;96.944;99.49;94.736;104.736;
1900-01-01 21:58:39;393.0;1745668719;96.844;99.49;94.81;104.654;
1900-01-01 21:58:40;394.0;1745668720;96.844;99.525;94.791;104.607;
1900-01-01 21:58:41;395.0;1745668721;96.779;99.504;94.791;104.607;
1900-01-01 21:58:42;396.0;1745668722;96.753;99.504;94.702;104.662;
1900-01-01 21:58:43;397.0;1745668723;96.753;99.409;94.661;104.62;
1900-01-01 21:58:44;398.0;1745668724;96.78;99.433;94.661;104.62;
1900-01-01 21:58:45;399.0;1745668725;96.78;99.433;94.601;104.686;
1900-01-01 21:58:46;400.0;1745668726;96.754;99.446;94.725;104.637;
1900-01-01 21:58:47;401.0;1745668727;96.702;99.439;94.725;104.637;
1900-01-01 21:58:48;402.0;1745668728;96.702;99.439;94.65;104.641;
1900-01-01 21:58:49;403.0;1745668729;96.642;99.433;94.643;104.641;
1900-01-01 21:58:50;404.0;1745668730;96.625;99.505;94.643;104.608;
1900-01-01 21:58:51;405.0;1745668731;96.625;99.505;94.602;104.614;
1900-01-01 21:58:52;406.0;1745668732;96.534;99.542;94.602;104.614;
1900-01-01 21:58:53;407.0;1745668733;96.587;99.542;94.602;104.638;
1900-01-01 21:58:54;408.0;1745668734;96.587;99.501;94.636;104.672;
1900-01-01 21:58:55;409.0;1745668735;96.505;99.508;94.703;104.672;
1900-01-01 21:58:56;410.0;1745668736;96.554;99.508;94.703;104.715;
1900-01-01 21:58:57;411.0;1745668737;96.554;99.494;94.753;104.556;
1900-01-01 21:58:58;412.0;1745668738;96.504;99.563;94.855;104.556;
1900-01-01 21:59:00;413.0;1745668740;96.58;99.563;94.855;104.645;
1900-01-01 21:59:00;414.0;1745668740;96.58;99.397;94.814;104.671;
1900-01-01 21:59:01;415.0;1745668741;96.523;99.489;94.814;104.671;
1900-01-01 21:59:02;416.0;1745668742;96.61;99.489;94.755;104.561;
1900-01-01 21:59:03;417.0;1745668743;96.61;99.474;94.739;104.561;
1900-01-01 21:59:04;418.0;1745668744;96.608;99.327;94.739;104.691;
1900-01-01 21:59:05;419.0;1745668745;96.583;99.327;94.611;104.698;
1900-01-01 21:59:06;420.0;1745668746;96.583;99.474;94.684;104.597;
1900-01-01 21:59:08;421.0;1745668748;96.68;99.439;94.603;104.597;
1900-01-01 21:59:08;422.0;1745668748;96.68;99.439;94.603;104.584;
1900-01-01 21:59:09;423.0;1745668749;96.527;99.373;94.523;104.658;
1900-01-01 21:59:10;424.0;1745668750;96.587;99.439;94.523;104.658;
1900-01-01 21:59:11;425.0;1745668751;96.637;99.439;94.585;104.618;
1900-01-01 21:59:12;426.0;1745668752;96.637;99.475;94.55;104.618;
1900-01-01 21:59:13;427.0;1745668753;96.582;99.347;94.55;104.642;
1900-01-01 21:59:14;428.0;1745668754;96.635;99.347;94.613;104.617;
1900-01-01 21:59:15;429.0;1745668755;96.635;99.411;94.574;104.484;
1900-01-01 21:59:16;430.0;1745668756;96.553;99.333;94.478;104.484;
1900-01-01 21:59:17;431.0;1745668757;96.54;99.333;94.478;104.604;
1900-01-01 21:59:18;432.0;1745668758;96.54;99.41;94.495;104.687;
1900-01-01 21:59:19;433.0;1745668759;96.561;99.324;94.495;104.687;
1900-01-01 21:59:20;434.0;1745668760;96.538;99.324;94.479;104.647;
1900-01-01 21:59:21;435.0;1745668761;96.538;99.386;94.439;104.58;
1900-01-01 21:59:23;436.0;1745668763;96.676;99.301;94.442;104.58;
1900-01-01 21:59:23;437.0;1745668763;96.644;99.301;94.442;104.646;
1900-01-01 21:59:24;438.0;1745668764;96.644;99.351;94.451;104.714;
1900-01-01 21:59:25;439.0;1745668765;96.69;99.303;94.437;104.714;
1900-01-01 21:59:26;440.0;1745668766;96.705;99.303;94.437;104.574;
1900-01-01 21:59:27;441.0;1745668767;96.705;99.356;94.405;104.574;
1900-01-01 21:59:28;442.0;1745668768;96.734;99.285;94.405;104.618;
1900-01-01 21:59:29;443.0;1745668769;96.696;99.285;94.512;104.685;
1900-01-01 21:59:30;444.0;1745668770;96.696;99.382;94.456;104.685;
1900-01-01 21:59:31;445.0;1745668771;96.727;99.316;94.456;104.581;
1900-01-01 21:59:32;446.0;1745668772;96.727;99.316;94.441;104.57;
1900-01-01 21:59:33;447.0;1745668773;96.69;99.307;94.361;104.57;
1900-01-01 21:59:34;448.0;1745668774;96.705;99.196;94.361;104.616;
1900-01-01 21:59:35;449.0;1745668775;96.705;99.196;94.366;104.635;
1900-01-01 21:59:36;450.0;1745668776;96.711;99.251;94.388;104.635;
1900-01-01 21:59:37;451.0;1745668777;96.74;99.258;94.388;104.655;
1900-01-01 21:59:38;452.0;1745668778;96.74;99.258;94.394;104.627;
1900-01-01 21:59:39;453.0;1745668779;96.699;99.161;94.396;104.627;
1900-01-01 21:59:41;454.0;1745668781;96.662;99.137;94.396;104.592;
1900-01-01 21:59:41;455.0;1745668781;96.662;99.137;94.34;104.694;
1900-01-01 21:59:42;456.0;1745668782;96.526;99.086;94.391;104.694;
1900-01-01 21:59:43;457.0;1745668783;96.437;99.086;94.391;104.686;
1900-01-01 21:59:44;458.0;1745668784;96.437;99.073;94.447;104.606;
1900-01-01 21:59:45;459.0;1745668785;96.379;99.07;94.447;104.606;
1900-01-01 21:59:46;460.0;1745668786;96.26;99.07;94.487;104.667;
1900-01-01 21:59:47;461.0;1745668787;96.26;99.044;94.447;104.667;
1900-01-01 21:59:48;462.0;1745668788;96.23;99.116;94.447;104.693;
1900-01-01 21:59:49;463.0;1745668789;96.23;99.116;94.515;104.655;
1900-01-01 21:59:50;464.0;1745668790;96.212;99.077;94.39;104.685;
1900-01-01 21:59:51;465.0;1745668791;96.195;99.108;94.39;104.685;
1900-01-01 21:59:52;466.0;1745668792;96.195;99.108;94.514;104.627;
1900-01-01 21:59:53;467.0;1745668793;96.192;99.091;94.493;104.627;
1900-01-01 21:59:54;468.0;1745668794;96.167;99.113;94.493;104.615;
1900-01-01 21:59:55;469.0;1745668795;96.109;99.113;94.516;104.606;
1900-01-01 21:59:56;470.0;1745668796;96.109;99.108;94.438;104.606;
1900-01-01 21:59:57;471.0;1745668797;96.242;99.084;94.438;104.599;
1900-01-01 21:59:58;472.0;1745668798;96.242;99.084;94.433;104.578;
1900-01-01 21:59:59;473.0;1745668799;96.155;99.062;94.433;104.578;
1900-01-01 22:00:00;474.0;1745668800;96.197;99.062;94.428;104.662;
1900-01-01 22:00:01;475.0;1745668801;96.197;99.004;94.412;104.647;
1900-01-01 22:00:02;476.0;1745668802;96.136;98.957;94.412;104.647;
1900-01-01 22:00:03;477.0;1745668803;96.105;98.957;94.362;104.632;
1900-01-01 22:00:04;478.0;1745668804;96.105;99.033;94.214;104.642;
1900-01-01 22:00:05;479.0;1745668805;96.149;98.958;94.214;104.642;
1900-01-01 22:00:06;480.0;1745668806;96.165;98.958;94.316;104.573;
1900-01-01 22:00:07;481.0;1745668807;96.165;98.972;94.318;104.629;
1900-01-01 22:00:08;482.0;1745668808;96.121;98.936;94.318;104.629;
1900-01-01 22:00:09;483.0;1745668809;96.067;98.936;94.309;104.691;
1900-01-01 22:00:10;484.0;1745668810;96.067;98.851;94.248;104.631;
1900-01-01 22:00:11;485.0;1745668811;96.141;98.93;94.248;104.631;
1900-01-01 22:00:12;486.0;1745668812;96.035;98.93;94.167;104.635;
1900-01-01 22:00:13;487.0;1745668813;96.035;98.961;94.18;104.635;
1900-01-01 22:00:14;488.0;1745668814;96.166;98.965;94.18;104.657;
1900-01-01 22:00:15;489.0;1745668815;96.024;98.965;94.084;104.68;
1900-01-01 22:00:16;490.0;1745668816;96.024;98.979;94.083;104.68;
1900-01-01 22:00:17;491.0;1745668817;96.074;98.979;94.083;104.708;
1900-01-01 22:00:18;492.0;1745668818;96.074;98.969;94.295;104.633;
1900-01-01 22:00:19;493.0;1745668819;96.065;98.879;94.17;104.633;
1900-01-01 22:00:20;494.0;1745668820;96.035;98.947;94.17;104.682;
1900-01-01 22:00:21;495.0;1745668821;96.035;98.947;94.155;104.662;
1900-01-01 22:00:22;496.0;1745668822;95.94;99.007;94.151;104.662;
1900-01-01 22:00:23;497.0;1745668823;95.952;99.031;94.151;104.627;
1900-01-01 22:00:24;498.0;1745668824;95.952;99.031;94.055;104.682;
1900-01-01 22:00:26;499.0;1745668826;96.027;98.909;94.048;104.682;
1900-01-01 22:00:26;500.0;1745668826;96.151;98.909;94.048;104.648;
1900-01-01 22:00:27;501.0;1745668827;96.151;98.909;94.167;104.638;
1900-01-01 22:00:29;502.0;1745668829;96.11;98.986;94.115;104.638;
1900-01-01 22:00:29;503.0;1745668829;96.16;98.986;94.115;104.704;
1900-01-01 22:00:30;504.0;1745668830;96.16;98.871;94.045;104.724;
1900-01-01 22:00:31;505.0;1745668831;96.157;98.957;94.085;104.724;
1900-01-01 22:00:32;506.0;1745668832;96.259;98.957;94.085;104.688;
1900-01-01 22:00:33;507.0;1745668833;96.259;99.011;94.108;104.629;
1900-01-01 22:00:34;508.0;1745668834;96.286;98.952;94.108;104.629;
1900-01-01 22:00:35;509.0;1745668835;96.286;98.952;94.199;104.663;
1900-01-01 22:00:36;510.0;1745668836;96.282;98.906;94.26;104.662;
1900-01-01 22:00:37;511.0;1745668837;96.313;98.906;94.26;104.662;
1900-01-01 22:00:38;512.0;1745668838;96.313;98.894;94.367;104.657;
1900-01-01 22:00:39;513.0;1745668839;96.199;98.941;94.278;104.657;
1900-01-01 22:00:40;514.0;1745668840;96.257;98.941;94.278;104.631;
1900-01-01 22:00:41;515.0;1745668841;96.257;98.866;94.246;104.741;
1900-01-01 22:00:43;516.0;1745668843;96.191;98.877;94.127;104.741;
1900-01-01 22:00:43;517.0;1745668843;96.131;98.877;94.127;104.663;
1900-01-01 22:00:44;518.0;1745668844;96.131;98.86;94.121;104.658;
1900-01-01 22:00:45;519.0;1745668845;96.113;98.767;94.121;104.658;
1900-01-01 22:00:46;520.0;1745668846;96.081;98.767;94.025;104.668;
1900-01-01 22:00:47;521.0;1745668847;96.081;98.879;93.979;104.694;
1900-01-01 22:00:49;522.0;1745668849;96.12;98.746;93.965;104.694;
1900-01-01 22:00:49;523.0;1745668849;96.12;98.746;93.965;104.629;
1900-01-01 22:00:50;524.0;1745668850;96.138;98.757;93.926;104.704;
1900-01-01 22:00:51;525.0;1745668851;96.073;98.777;93.926;104.704;
1900-01-01 22:00:53;526.0;1745668853;96.025;98.777;94.028;104.723;
1900-01-01 22:00:53;527.0;1745668853;96.025;98.741;94.086;104.723;
1900-01-01 22:00:54;528.0;1745668854;95.979;98.736;94.086;104.6;
1900-01-01 22:00:55;529.0;1745668855;96.068;98.736;93.94;104.648;
1900-01-01 22:00:56;530.0;1745668856;96.068;98.727;94.016;104.634;
1900-01-01 22:00:57;531.0;1745668857;96.037;98.798;94.016;104.634;
1900-01-01 22:00:58;532.0;1745668858;96.037;98.798;93.916;104.713;
1900-01-01 22:00:59;533.0;1745668859;95.986;98.777;94.008;104.713;
1900-01-01 22:01:00;534.0;1745668860;95.949;98.763;94.008;104.754;
1900-01-01 22:01:01;535.0;1745668861;95.813;98.763;93.955;104.672;
1900-01-01 22:01:02;536.0;1745668862;95.813;98.727;93.898;104.672;
1900-01-01 22:01:03;537.0;1745668863;95.762;98.683;93.898;104.626;
1900-01-01 22:01:04;538.0;1745668864;95.762;98.683;93.918;104.661;
1900-01-01 22:01:05;539.0;1745668865;95.888;98.734;93.86;104.661;
1900-01-01 22:01:06;540.0;1745668866;95.866;98.734;93.86;104.642;
1900-01-01 22:01:07;541.0;1745668867;95.866;98.688;93.878;104.529;
1900-01-01 22:01:08;542.0;1745668868;95.853;98.692;93.974;104.529;
1900-01-01 22:01:09;543.0;1745668869;95.871;98.692;93.974;104.689;
1900-01-01 22:01:10;544.0;1745668870;95.871;98.727;93.935;104.682;
1900-01-01 22:01:11;545.0;1745668871;95.914;98.753;93.935;104.682;
1900-01-01 22:01:12;546.0;1745668872;95.819;98.753;93.875;104.638;
1900-01-01 22:01:13;547.0;1745668873;95.819;98.689;93.878;104.74;
1900-01-01 22:01:14;548.0;1745668874;95.844;98.631;93.878;104.74;
1900-01-01 22:01:15;549.0;1745668875;95.844;98.631;93.91;104.609;
1900-01-01 22:01:17;550.0;1745668877;95.844;98.601;93.883;104.624;
1900-01-01 22:01:17;551.0;1745668877;95.904;98.626;93.883;104.624;
1900-01-01 22:01:19;552.0;1745668879;95.903;98.626;93.9;104.727;
1900-01-01 22:01:19;553.0;1745668879;95.903;98.624;93.93;104.727;
1900-01-01 22:01:20;554.0;1745668880;95.748;98.69;93.93;104.605;
1900-01-01 22:01:21;555.0;1745668881;95.748;98.69;93.973;104.704;
1900-01-01 22:01:22;556.0;1745668882;95.815;98.652;93.915;104.704;
1900-01-01 22:01:23;557.0;1745668883;95.804;98.606;93.915;104.605;
1900-01-01 22:01:24;558.0;1745668884;95.804;98.606;93.88;104.668;
1900-01-01 22:01:25;559.0;1745668885;95.749;98.681;93.799;104.668;
1900-01-01 22:01:26;560.0;1745668886;95.747;98.552;93.799;104.632;
1900-01-01 22:01:27;561.0;1745668887;95.747;98.552;93.747;104.644;
1900-01-01 22:01:28;562.0;1745668888;95.687;98.465;93.747;104.644;
1900-01-01 22:01:29;563.0;1745668889;95.581;98.465;93.704;104.621;
1900-01-01 22:01:30;564.0;1745668890;95.581;98.591;93.732;104.65;
1900-01-01 22:01:32;565.0;1745668892;95.593;98.589;93.797;104.65;
1900-01-01 22:01:32;566.0;1745668892;95.637;98.589;93.797;104.59;
1900-01-01 22:01:33;567.0;1745668893;95.637;98.524;93.826;104.693;
1900-01-01 22:01:35;568.0;1745668895;95.59;98.616;93.796;104.693;
1900-01-01 22:01:35;569.0;1745668895;95.524;98.616;93.796;104.618;
1900-01-01 22:01:36;570.0;1745668896;95.524;98.512;93.752;104.659;
1900-01-01 22:01:37;571.0;1745668897;95.555;98.584;93.715;104.659;
1900-01-01 22:01:38;572.0;1745668898;95.605;98.584;93.715;104.617;
1900-01-01 22:01:39;573.0;1745668899;95.605;98.424;93.699;104.696;
1900-01-01 22:01:40;574.0;1745668900;95.619;98.428;93.699;104.696;
1900-01-01 22:01:41;575.0;1745668901;95.607;98.428;93.72;104.688;
1900-01-01 22:01:42;576.0;1745668902;95.607;98.494;93.752;104.688;
1900-01-01 22:01:43;577.0;1745668903;95.596;98.427;93.752;104.604;
1900-01-01 22:01:45;578.0;1745668905;95.677;98.427;93.732;104.705;
1900-01-01 22:01:45;579.0;1745668905;95.677;98.346;93.877;104.705;
1900-01-01 22:01:46;580.0;1745668906;95.653;98.449;93.877;104.653;
1900-01-01 22:01:47;581.0;1745668907;95.653;98.449;93.832;104.718;
1900-01-01 22:01:48;582.0;1745668908;95.654;98.423;93.827;104.718;
1900-01-01 22:01:49;583.0;1745668909;95.621;98.432;93.827;104.663;
1900-01-01 22:01:50;584.0;1745668910;95.621;98.432;93.739;104.679;
1900-01-01 22:01:51;585.0;1745668911;95.599;98.413;93.74;104.679;
1900-01-01 22:01:52;586.0;1745668912;95.719;98.413;93.74;104.695;
1900-01-01 22:01:53;587.0;1745668913;95.719;98.382;93.793;104.687;
1900-01-01 22:01:54;588.0;1745668914;95.732;98.371;93.793;104.687;
1900-01-01 22:01:55;589.0;1745668915;95.626;98.371;93.789;104.684;
1900-01-01 22:01:56;590.0;1745668916;95.626;98.358;93.706;104.641;
1900-01-01 22:01:57;591.0;1745668917;95.69;98.468;93.706;104.641;
1900-01-01 22:01:58;592.0;1745668918;95.717;98.468;93.599;104.676;
1900-01-01 22:01:59;593.0;1745668919;95.717;98.356;93.525;104.678;
1900-01-01 22:02:00;594.0;1745668920;95.666;98.374;93.525;104.678;
1900-01-01 22:02:01;595.0;1745668921;95.666;98.374;93.587;104.625;
1900-01-01 22:02:02;596.0;1745668922;95.697;98.319;93.528;104.625;
1900-01-01 22:02:03;597.0;1745668923;95.673;98.371;93.528;104.662;
1900-01-01 22:02:04;598.0;1745668924;95.673;98.371;93.615;104.661;
1900-01-01 22:02:05;599.0;1745668925;95.749;98.319;93.674;104.661;
1900-01-01 22:02:06;600.0;1745668926;95.663;98.333;93.674;104.652;
1900-01-01 22:02:07;601.0;1745668927;95.663;98.333;93.586;104.543;
1900-01-01 22:02:08;602.0;1745668928;95.62;98.308;93.597;104.543;
1900-01-01 22:02:09;603.0;1745668929;95.636;98.279;93.597;104.668;
1900-01-01 22:02:10;604.0;1745668930;95.636;98.279;93.577;104.643;
1900-01-01 22:02:11;605.0;1745668931;95.637;98.242;93.599;104.643;
1900-01-01 22:02:12;606.0;1745668932;95.572;98.242;93.599;104.69;
1900-01-01 22:02:13;607.0;1745668933;95.572;98.284;93.474;104.621;
1900-01-01 22:02:14;608.0;1745668934;95.524;98.182;93.556;104.621;
1900-01-01 22:02:15;609.0;1745668935;95.562;98.182;93.556;104.605;
1900-01-01 22:02:16;610.0;1745668936;95.562;98.223;93.596;104.656;
1900-01-01 22:02:17;611.0;1745668937;95.416;98.237;93.771;104.656;
1900-01-01 22:02:18;612.0;1745668938;95.352;98.237;93.771;104.623;
1900-01-01 22:02:19;613.0;1745668939;95.352;98.201;93.815;104.629;
1900-01-01 22:02:20;614.0;1745668940;95.309;98.179;93.775;104.629;
1900-01-01 22:02:21;615.0;1745668941;95.277;98.179;93.775;104.658;
1900-01-01 22:02:22;616.0;1745668942;95.277;98.214;93.727;104.566;
1900-01-01 22:02:23;617.0;1745668943;95.363;98.269;93.727;104.566;
1900-01-01 22:02:24;618.0;1745668944;95.468;98.269;93.579;104.646;
1900-01-01 22:02:25;619.0;1745668945;95.468;98.22;93.586;104.646;
1900-01-01 22:02:26;620.0;1745668946;95.439;98.177;93.586;104.689;
1900-01-01 22:02:27;621.0;1745668947;95.518;98.177;93.528;104.649;
1900-01-01 22:02:28;622.0;1745668948;95.518;98.247;93.653;104.741;
1900-01-01 22:02:29;623.0;1745668949;95.4;98.248;93.653;104.741;
1900-01-01 22:02:30;624.0;1745668950;95.4;98.248;93.611;104.67;
1900-01-01 22:02:31;625.0;1745668951;95.42;98.247;93.641;104.622;
1900-01-01 22:02:32;626.0;1745668952;95.387;98.194;93.641;104.622;
1900-01-01 22:02:33;627.0;1745668953;95.387;98.194;93.584;104.653;
1900-01-01 22:02:34;628.0;1745668954;95.355;98.071;93.512;104.653;
1900-01-01 22:02:36;629.0;1745668956;95.328;98.224;93.512;104.633;
1900-01-01 22:02:36;630.0;1745668956;95.328;98.224;93.399;104.631;
1900-01-01 22:02:37;631.0;1745668957;95.407;98.134;93.354;104.631;
1900-01-01 22:02:38;632.0;1745668958;95.358;98.134;93.354;104.552;
1900-01-01 22:02:39;633.0;1745668959;95.358;98.211;93.397;104.702;
1900-01-01 22:02:40;634.0;1745668960;95.313;98.19;93.34;104.702;
1900-01-01 22:02:41;635.0;1745668961;95.354;98.19;93.34;104.716;
1900-01-01 22:02:42;636.0;1745668962;95.354;98.188;93.229;104.691;
1900-01-01 22:02:43;637.0;1745668963;95.379;98.18;93.229;104.691;
1900-01-01 22:02:44;638.0;1745668964;95.313;98.18;93.323;104.758;
1900-01-01 22:02:45;639.0;1745668965;95.313;98.129;93.466;104.704;
1900-01-01 22:02:46;640.0;1745668966;95.353;98.118;93.466;104.704;
1900-01-01 22:02:47;641.0;1745668967;95.31;98.118;93.418;104.664;
1900-01-01 22:02:48;642.0;1745668968;95.31;98.109;93.533;104.728;
1900-01-01 22:02:50;643.0;1745668970;95.402;98.108;93.402;104.728;
1900-01-01 22:02:50;644.0;1745668970;95.421;98.108;93.402;104.705;
1900-01-01 22:02:51;645.0;1745668971;95.421;98.143;93.371;104.659;
1900-01-01 22:02:52;646.0;1745668972;95.308;98.033;93.371;104.659;
1900-01-01 22:02:53;647.0;1745668973;95.308;98.033;93.382;104.687;
1900-01-01 22:02:54;648.0;1745668974;95.379;98.078;93.31;104.687;
1900-01-01 22:02:56;649.0;1745668976;95.224;98.1;93.31;104.646;
1900-01-01 22:02:56;650.0;1745668976;95.224;98.1;93.296;104.677;
1900-01-01 22:02:57;651.0;1745668977;95.289;98.022;93.273;104.677;
1900-01-01 22:02:58;652.0;1745668978;95.315;98.027;93.273;104.646;
1900-01-01 22:02:59;653.0;1745668979;95.315;98.027;93.237;104.664;
1900-01-01 22:03:00;654.0;1745668980;95.286;98.091;93.354;104.664;
1900-01-01 22:03:01;655.0;1745668981;95.248;98.091;93.354;104.614;
1900-01-01 22:03:03;656.0;1745668983;95.248;98.108;93.478;104.719;
1900-01-01 22:03:03;657.0;1745668983;95.205;98.033;93.478;104.719;
1900-01-01 22:03:04;658.0;1745668984;95.187;98.033;93.53;104.623;
1900-01-01 22:03:05;659.0;1745668985;95.187;98.098;93.415;104.623;
1900-01-01 22:03:06;660.0;1745668986;95.235;97.97;93.415;104.623;
1900-01-01 22:03:07;661.0;1745668987;95.26;97.97;93.338;104.566;
1900-01-01 22:03:08;662.0;1745668988;95.26;98.041;93.25;104.566;
1900-01-01 22:03:09;663.0;1745668989;95.28;97.95;93.25;104.686;
1900-01-01 22:03:10;664.0;1745668990;95.305;97.95;93.285;104.6;
1900-01-01 22:03:11;665.0;1745668991;95.305;98.073;93.318;104.6;
1900-01-01 22:03:12;666.0;1745668992;95.231;98.015;93.318;104.643;
1900-01-01 22:03:14;667.0;1745668994;95.152;98.015;93.228;104.699;
1900-01-01 22:03:14;668.0;1745668994;95.152;97.914;93.295;104.699;
1900-01-01 22:03:15;669.0;1745668995;95.135;97.918;93.295;104.633;
1900-01-01 22:03:16;670.0;1745668996;95.135;97.918;93.189;104.649;
1900-01-01 22:03:17;671.0;1745668997;95.117;98.023;93.187;104.649;
1900-01-01 22:03:18;672.0;1745668998;94.998;97.931;93.187;104.676;
1900-01-01 22:03:19;673.0;1745668999;94.998;97.931;93.21;104.615;
1900-01-01 22:03:20;674.0;1745669000;95.009;97.967;93.109;104.615;
1900-01-01 22:03:21;675.0;1745669001;95.118;97.967;93.109;104.688;
1900-01-01 22:03:22;676.0;1745669002;95.118;97.938;93.144;104.68;
1900-01-01 22:03:23;677.0;1745669003;94.944;97.855;93.087;104.68;
1900-01-01 22:03:24;678.0;1745669004;94.961;97.855;93.087;104.59;
1900-01-01 22:03:25;679.0;1745669005;94.961;97.89;93.088;104.6;
1900-01-01 22:03:26;680.0;1745669006;94.98;97.92;93.078;104.6;
1900-01-01 22:03:27;681.0;1745669007;95.012;97.92;93.078;104.631;
1900-01-01 22:03:28;682.0;1745669008;95.012;97.885;93.102;104.733;
1900-01-01 22:03:29;683.0;1745669009;95.066;97.86;93.102;104.733;
1900-01-01 22:03:30;684.0;1745669010;95.056;97.86;93.071;104.607;
1900-01-01 22:03:31;685.0;1745669011;95.056;97.863;92.981;104.712;
1900-01-01 22:03:32;686.0;1745669012;95.043;97.813;92.981;104.712;
1900-01-01 22:03:33;687.0;1745669013;95.148;97.813;93.036;104.747;
1900-01-01 22:03:34;688.0;1745669014;95.148;97.879;93.031;104.747;
1900-01-01 22:03:35;689.0;1745669015;95.203;97.854;93.031;104.583;
1900-01-01 22:03:36;690.0;1745669016;95.236;97.854;93.065;104.718;
1900-01-01 22:03:38;691.0;1745669018;95.236;97.848;93.038;104.692;
1900-01-01 22:03:38;692.0;1745669018;95.186;97.862;93.038;104.692;
1900-01-01 22:03:39;693.0;1745669019;95.186;97.862;92.998;104.611;
1900-01-01 22:03:40;694.0;1745669020;95.179;97.79;93.071;104.64;
1900-01-01 22:03:41;695.0;1745669021;95.166;97.79;93.071;104.64;
1900-01-01 22:03:42;696.0;1745669022;95.166;97.786;93.107;104.616;
1900-01-01 22:03:43;697.0;1745669023;95.084;97.725;93.17;104.616;
1900-01-01 22:03:44;698.0;1745669024;94.948;97.768;93.17;104.68;
1900-01-01 22:03:45;699.0;1745669025;94.948;97.768;93.091;104.702;
1900-01-01 22:03:46;700.0;1745669026;95.089;97.774;93.083;104.702;
1900-01-01 22:03:47;701.0;1745669027;94.975;97.774;93.083;104.669;
1900-01-01 22:03:48;702.0;1745669028;94.975;97.715;93.002;104.654;
1900-01-01 22:03:49;703.0;1745669029;94.982;97.763;93.083;104.654;
1900-01-01 22:03:51;704.0;1745669031;94.867;97.763;93.083;104.729;
1900-01-01 22:03:51;705.0;1745669031;94.867;97.69;93.143;104.71;
1900-01-01 22:03:52;706.0;1745669032;94.882;97.716;93.143;104.71;
1900-01-01 22:03:54;707.0;1745669034;94.823;97.716;93.189;104.672;
1900-01-01 22:03:54;708.0;1745669034;94.823;97.645;93.175;104.672;
1900-01-01 22:03:55;709.0;1745669035;94.781;97.631;93.175;104.619;
1900-01-01 22:03:57;710.0;1745669037;94.783;97.631;93.15;104.604;
1900-01-01 22:03:57;711.0;1745669037;94.783;97.684;93.078;104.604;
1900-01-01 22:03:58;712.0;1745669038;94.837;97.664;93.078;104.668;
1900-01-01 22:03:59;713.0;1745669039;94.837;97.664;93.047;104.669;
1900-01-01 22:04:00;714.0;1745669040;94.761;97.601;93.026;104.669;
1900-01-01 22:04:01;715.0;1745669041;94.87;97.589;93.026;104.699;
1900-01-01 22:04:02;716.0;1745669042;94.87;97.589;92.993;104.663;
1900-01-01 22:04:03;717.0;1745669043;94.917;97.588;92.97;104.663;
1900-01-01 22:04:05;718.0;1745669045;94.85;97.593;92.97;104.635;
1900-01-01 22:04:05;719.0;1745669045;94.85;97.593;92.919;104.624;
1900-01-01 22:04:06;720.0;1745669046;94.876;97.675;92.928;104.624;
1900-01-01 22:04:07;721.0;1745669047;94.902;97.614;92.928;104.685;
1900-01-01 22:04:09;722.0;1745669049;94.917;97.614;92.97;104.638;
1900-01-01 22:04:09;723.0;1745669049;94.917;97.589;93.021;104.638;
1900-01-01 22:04:10;724.0;1745669050;94.884;97.565;93.021;104.733;
1900-01-01 22:04:11;725.0;1745669051;94.884;97.565;92.894;104.673;
1900-01-01 22:04:12;726.0;1745669052;94.909;97.655;92.803;104.725;
1900-01-01 22:04:13;727.0;1745669053;94.83;97.655;92.803;104.725;
1900-01-01 22:04:14;728.0;1745669054;94.83;97.687;92.699;104.671;
1900-01-01 22:04:15;729.0;1745669055;94.819;97.666;92.636;104.671;
1900-01-01 22:04:16;730.0;1745669056;94.812;97.586;92.636;104.662;
1900-01-01 22:04:17;731.0;1745669057;94.756;97.586;92.658;104.662;
1900-01-01 22:04:18;732.0;1745669058;94.756;97.645;92.722;104.662;
1900-01-01 22:04:19;733.0;1745669059;94.814;97.581;92.722;104.702;
1900-01-01 22:04:20;734.0;1745669060;94.814;97.581;92.716;104.576;
1900-01-01 22:04:21;735.0;1745669061;94.777;97.608;92.707;104.644;
1900-01-01 22:04:22;736.0;1745669062;94.765;97.465;92.707;104.644;
1900-01-01 22:04:23;737.0;1745669063;94.765;97.465;92.762;104.662;
1900-01-01 22:04:24;738.0;1745669064;94.749;97.501;92.887;104.662;
1900-01-01 22:04:25;739.0;1745669065;94.69;97.501;92.887;104.628;
1900-01-01 22:04:26;740.0;1745669066;94.69;97.523;92.909;104.617;
1900-01-01 22:04:27;741.0;1745669067;94.608;97.506;92.886;104.617;
1900-01-01 22:04:28;742.0;1745669068;94.604;97.506;92.886;104.577;
1900-01-01 22:04:29;743.0;1745669069;94.604;97.477;92.941;104.558;
1900-01-01 22:04:30;744.0;1745669070;94.596;97.487;92.939;104.558;
1900-01-01 22:04:31;745.0;1745669071;94.622;97.487;92.939;104.55;
1900-01-01 22:04:32;746.0;1745669072;94.622;97.453;92.864;104.652;
1900-01-01 22:04:33;747.0;1745669073;94.535;97.363;92.912;104.652;
1900-01-01 22:04:34;748.0;1745669074;94.547;97.363;92.912;104.627;
1900-01-01 22:04:35;749.0;1745669075;94.547;97.34;92.89;104.701;
1900-01-01 22:04:36;750.0;1745669076;94.637;97.386;92.89;104.701;
1900-01-01 22:04:37;751.0;1745669077;94.674;97.386;92.872;104.717;
1900-01-01 22:04:38;752.0;1745669078;94.674;97.378;92.889;104.703;
1900-01-01 22:04:39;753.0;1745669079;94.694;97.452;92.889;104.703;
1900-01-01 22:04:40;754.0;1745669080;94.705;97.452;92.908;104.684;
1900-01-01 22:04:41;755.0;1745669081;94.705;97.439;92.903;104.684;
1900-01-01 22:04:42;756.0;1745669082;94.668;97.317;92.903;104.678;
1900-01-01 22:04:43;757.0;1745669083;94.633;97.317;92.807;104.583;
1900-01-01 22:04:44;758.0;1745669084;94.633;97.397;92.788;104.583;
1900-01-01 22:04:45;759.0;1745669085;94.655;97.407;92.788;104.611;
1900-01-01 22:04:46;760.0;1745669086;94.655;97.407;92.838;104.64;
1900-01-01 22:04:47;761.0;1745669087;94.643;97.363;92.732;104.64;
1900-01-01 22:04:48;762.0;1745669088;94.647;97.35;92.732;104.825;
1900-01-01 22:04:49;763.0;1745669089;94.647;97.35;92.772;104.703;
1900-01-01 22:04:51;764.0;1745669091;94.584;97.343;92.674;104.703;
1900-01-01 22:04:51;765.0;1745669091;94.636;97.343;92.674;104.594;
1900-01-01 22:04:52;766.0;1745669092;94.636;97.285;92.815;104.686;
1900-01-01 22:04:53;767.0;1745669093;94.599;97.37;92.815;104.686;
1900-01-01 22:04:54;768.0;1745669094;94.628;97.37;92.799;104.665;
1900-01-01 22:04:55;769.0;1745669095;94.628;97.383;92.691;104.74;
1900-01-01 22:04:56;770.0;1745669096;94.643;97.357;92.691;104.74;
1900-01-01 22:04:57;771.0;1745669097;94.556;97.357;92.677;104.664;
1900-01-01 22:04:58;772.0;1745669098;94.556;97.354;92.599;104.733;
1900-01-01 22:04:59;773.0;1745669099;94.57;97.411;92.599;104.733;
1900-01-01 22:05:00;774.0;1745669100;94.57;97.411;92.505;104.623;
1900-01-01 22:05:01;775.0;1745669101;94.529;97.417;92.576;104.623;
1900-01-01 22:05:02;776.0;1745669102;94.424;97.276;92.576;104.651;
1900-01-01 22:05:03;777.0;1745669103;94.458;97.276;92.574;104.653;
1900-01-01 22:05:04;778.0;1745669104;94.458;97.336;92.518;104.699;
1900-01-01 22:05:05;779.0;1745669105;94.443;97.336;92.518;104.699;
1900-01-01 22:05:06;780.0;1745669106;94.443;97.366;92.656;104.606;
1900-01-01 22:05:07;781.0;1745669107;94.481;97.386;92.766;104.606;
1900-01-01 22:05:08;782.0;1745669108;94.424;97.405;92.766;104.745;
1900-01-01 22:05:09;783.0;1745669109;94.424;97.405;92.694;104.732;
1900-01-01 22:05:10;784.0;1745669110;94.426;97.332;92.764;104.732;
1900-01-01 22:05:12;785.0;1745669112;94.415;97.318;92.764;104.695;
1900-01-01 22:05:12;786.0;1745669112;94.415;97.318;92.638;104.642;
1900-01-01 22:05:13;787.0;1745669113;94.388;97.263;92.42;104.642;
1900-01-01 22:05:14;788.0;1745669114;94.275;97.263;92.42;104.699;
1900-01-01 22:05:15;789.0;1745669115;94.275;97.336;92.446;104.674;
1900-01-01 22:05:16;790.0;1745669116;94.279;97.283;92.446;104.674;
1900-01-01 22:05:18;791.0;1745669118;94.259;97.283;92.458;104.684;
1900-01-01 22:05:18;792.0;1745669118;94.259;97.275;92.476;104.673;
1900-01-01 22:05:19;793.0;1745669119;94.236;97.259;92.476;104.673;
1900-01-01 22:05:20;794.0;1745669120;94.236;97.259;92.452;104.71;
1900-01-01 22:05:21;795.0;1745669121;94.146;97.254;92.45;104.71;
1900-01-01 22:05:23;796.0;1745669123;94.12;97.172;92.45;104.64;
1900-01-01 22:05:23;797.0;1745669123;94.12;97.172;92.523;104.68;
1900-01-01 22:05:24;798.0;1745669124;94.176;97.225;92.491;104.68;
1900-01-01 22:05:26;799.0;1745669126;94.183;97.272;92.491;104.693;
1900-01-01 22:05:26;800.0;1745669126;94.183;97.272;92.429;104.695;
1900-01-01 22:05:28;801.0;1745669128;94.185;97.163;92.417;104.695;
1900-01-01 22:05:28;802.0;1745669128;94.218;97.163;92.417;104.61;
1900-01-01 22:05:29;803.0;1745669129;94.218;97.251;92.422;104.637;
1900-01-01 22:05:30;804.0;1745669130;94.18;97.247;92.422;104.637;
1900-01-01 22:05:31;805.0;1745669131;94.15;97.247;92.484;104.648;
1900-01-01 22:05:32;806.0;1745669132;94.15;97.166;92.454;104.646;
1900-01-01 22:05:33;807.0;1745669133;94.197;97.235;92.432;104.646;
1900-01-01 22:05:34;808.0;1745669134;94.149;97.235;92.432;104.663;
1900-01-01 22:05:35;809.0;1745669135;94.149;97.284;92.572;104.616;
1900-01-01 22:05:36;810.0;1745669136;94.321;97.125;92.611;104.616;
1900-01-01 22:05:38;811.0;1745669138;94.288;97.125;92.611;104.55;
1900-01-01 22:05:38;812.0;1745669138;94.288;97.156;92.545;104.629;
1900-01-01 22:05:39;813.0;1745669139;94.258;97.105;92.545;104.629;
1900-01-01 22:05:40;814.0;1745669140;94.286;97.105;92.51;104.629;
1900-01-01 22:05:41;815.0;1745669141;94.286;97.15;92.463;104.61;
1900-01-01 22:05:42;816.0;1745669142;94.253;97.093;92.463;104.61;
1900-01-01 22:05:43;817.0;1745669143;94.253;97.093;92.453;104.596;
1900-01-01 22:05:44;818.0;1745669144;94.27;97.122;92.393;104.596;
1900-01-01 22:05:45;819.0;1745669145;94.263;97.097;92.393;104.565;
1900-01-01 22:05:46;820.0;1745669146;94.263;97.097;92.315;104.644;
1900-01-01 22:05:47;821.0;1745669147;94.272;97.095;92.289;104.644;
1900-01-01 22:05:48;822.0;1745669148;94.186;96.955;92.289;104.646;
1900-01-01 22:05:49;823.0;1745669149;94.186;96.955;92.269;104.658;
1900-01-01 22:05:50;824.0;1745669150;94.18;97.103;92.283;104.658;
1900-01-01 22:05:51;825.0;1745669151;94.113;97.103;92.283;104.613;
1900-01-01 22:05:52;826.0;1745669152;94.113;96.995;92.259;104.546;
1900-01-01 22:05:53;827.0;1745669153;94.179;96.97;92.294;104.546;
1900-01-01 22:05:54;828.0;1745669154;94.157;96.97;92.294;104.561;
1900-01-01 22:05:55;829.0;1745669155;94.157;96.958;92.232;104.639;
1900-01-01 22:05:56;830.0;1745669156;94.28;96.918;92.232;104.639;
1900-01-01 22:05:57;831.0;1745669157;94.258;96.918;92.25;104.675;
1900-01-01 22:05:58;832.0;1745669158;94.258;96.841;92.353;104.532;
1900-01-01 22:05:59;833.0;1745669159;94.221;97.032;92.403;104.532;
1900-01-01 22:06:00;834.0;1745669160;94.221;97.032;92.403;104.671;
1900-01-01 22:06:01;835.0;1745669161;94.308;96.956;92.35;104.64;
1900-01-01 22:06:02;836.0;1745669162;94.256;96.808;92.35;104.64;
1900-01-01 22:06:03;837.0;1745669163;94.256;96.808;92.182;104.598;
1900-01-01 22:06:04;838.0;1745669164;94.211;96.911;92.21;104.598;
1900-01-01 22:06:05;839.0;1745669165;94.288;96.863;92.21;104.614;
1900-01-01 22:06:06;840.0;1745669166;94.288;96.863;92.24;104.577;
1900-01-01 22:06:07;841.0;1745669167;94.227;96.927;92.227;104.577;
1900-01-01 22:06:08;842.0;1745669168;94.229;96.865;92.227;104.594;
1900-01-01 22:06:09;843.0;1745669169;94.229;96.865;92.194;104.587;
1900-01-01 22:06:10;844.0;1745669170;94.253;96.809;92.153;104.587;
1900-01-01 22:06:11;845.0;1745669171;94.231;96.836;92.153;104.615;
1900-01-01 22:06:12;846.0;1745669172;94.231;96.836;92.061;104.691;
1900-01-01 22:06:13;847.0;1745669173;94.271;96.844;92.121;104.691;
1900-01-01 22:06:14;848.0;1745669174;94.213;96.817;92.121;104.643;
1900-01-01 22:06:15;849.0;1745669175;94.213;96.817;92.159;104.692;
1900-01-01 22:06:16;850.0;1745669176;94.202;96.885;92.129;104.692;
1900-01-01 22:06:17;851.0;1745669177;94.101;96.775;92.129;104.593;
1900-01-01 22:06:18;852.0;1745669178;94.101;96.775;92.049;104.672;
1900-01-01 22:06:19;853.0;1745669179;93.918;96.839;92.168;104.672;
1900-01-01 22:06:20;854.0;1745669180;93.868;96.839;92.168;104.629;
1900-01-01 22:06:21;855.0;1745669181;93.868;96.846;92.098;104.663;
1900-01-01 22:06:22;856.0;1745669182;93.903;96.799;92.143;104.663;
1900-01-01 22:06:23;857.0;1745669183;93.865;96.799;92.143;104.663;
1900-01-01 22:06:24;858.0;1745669184;93.865;96.876;92.093;104.638;
1900-01-01 22:06:25;859.0;1745669185;93.888;96.797;92.135;104.638;
1900-01-01 22:06:26;860.0;1745669186;93.888;96.797;92.135;104.652;
1900-01-01 22:06:27;861.0;1745669187;93.897;96.889;92.102;104.564;
1900-01-01 22:06:28;862.0;1745669188;93.945;96.791;92.102;104.564;
1900-01-01 22:06:30;863.0;1745669190;93.933;96.791;92.095;104.623;
1900-01-01 22:06:30;864.0;1745669190;93.933;96.838;92.113;104.623;
1900-01-01 22:06:31;865.0;1745669191;93.905;96.728;92.113;104.648;
1900-01-01 22:06:32;866.0;1745669192;93.905;96.728;92.221;104.61;
1900-01-01 22:06:33;867.0;1745669193;93.89;96.847;92.094;104.61;
1900-01-01 22:06:34;868.0;1745669194;93.851;96.847;92.094;104.639;
1900-01-01 22:06:35;869.0;1745669195;93.851;96.732;92.153;104.598;
1900-01-01 22:06:36;870.0;1745669196;93.791;96.74;92.153;104.598;
1900-01-01 22:06:37;871.0;1745669197;93.827;96.74;92.049;104.599;
1900-01-01 22:06:38;872.0;1745669198;93.827;96.697;91.999;104.541;
1900-01-01 22:06:39;873.0;1745669199;93.762;96.711;91.999;104.541;
1900-01-01 22:06:40;874.0;1745669200;93.723;96.711;92.005;104.596;
1900-01-01 22:06:41;875.0;1745669201;93.723;96.661;92.008;104.683;
1900-01-01 22:06:42;876.0;1745669202;93.702;96.741;92.008;104.683;
1900-01-01 22:06:43;877.0;1745669203;93.702;96.741;92.074;104.647;
1900-01-01 22:06:44;878.0;1745669204;93.782;96.696;92.111;104.658;
1900-01-01 22:06:45;879.0;1745669205;93.69;96.754;92.111;104.658;
1900-01-01 22:06:46;880.0;1745669206;93.69;96.754;92.05;104.577;
1900-01-01 22:06:47;881.0;1745669207;93.764;96.642;91.982;104.577;
1900-01-01 22:06:48;882.0;1745669208;93.737;96.78;91.982;104.613;
1900-01-01 22:06:49;883.0;1745669209;93.817;96.78;91.874;104.658;
1900-01-01 22:06:50;884.0;1745669210;93.817;96.741;91.82;104.658;
1900-01-01 22:06:51;885.0;1745669211;93.823;96.598;91.82;104.646;
1900-01-01 22:06:52;886.0;1745669212;93.939;96.598;91.868;104.594;
1900-01-01 22:06:53;887.0;1745669213;93.939;96.613;91.899;104.594;
1900-01-01 22:06:54;888.0;1745669214;93.967;96.589;91.899;104.7;
1900-01-01 22:06:55;889.0;1745669215;93.967;96.589;91.965;104.668;
1900-01-01 22:06:56;890.0;1745669216;93.913;96.664;91.988;104.668;
1900-01-01 22:06:57;891.0;1745669217;93.875;96.664;91.988;104.663;
1900-01-01 22:06:58;892.0;1745669218;93.875;96.733;92.005;104.544;
1900-01-01 22:06:59;893.0;1745669219;93.885;96.711;92.005;104.544;
1900-01-01 22:07:00;894.0;1745669220;93.876;96.711;91.907;104.618;
1900-01-01 22:07:01;895.0;1745669221;93.876;96.663;91.834;104.618;
1900-01-01 22:07:02;896.0;1745669222;93.859;96.608;91.834;104.697;
1900-01-01 22:07:03;897.0;1745669223;93.888;96.608;91.939;104.591;
1900-01-01 22:07:04;898.0;1745669224;93.888;96.686;91.933;104.58;
1900-01-01 22:07:05;899.0;1745669225;93.865;96.603;91.933;104.58;
1900-01-01 22:07:06;900.0;1745669226;93.865;96.603;91.91;104.616;
1900-01-01 22:07:07;901.0;1745669227;93.818;96.644;91.847;104.616;
1900-01-01 22:07:08;902.0;1745669228;93.759;96.543;91.847;104.554;
1900-01-01 22:07:09;903.0;1745669229;93.759;96.543;91.976;104.611;
1900-01-01 22:07:10;904.0;1745669230;93.731;96.551;91.89;104.611;
1900-01-01 22:07:11;905.0;1745669231;93.747;96.551;91.89;104.638;
1900-01-01 22:07:12;906.0;1745669232;93.747;96.562;91.804;104.658;
1900-01-01 22:07:13;907.0;1745669233;93.738;96.519;91.842;104.658;
1900-01-01 22:07:14;908.0;1745669234;93.641;96.519;91.842;104.633;
1900-01-01 22:07:15;909.0;1745669235;93.641;96.602;91.844;104.588;
1900-01-01 22:07:17;910.0;1745669237;93.654;96.449;91.769;104.588;
1900-01-01 22:07:17;911.0;1745669237;93.604;96.449;91.769;104.633;
1900-01-01 22:07:18;912.0;1745669238;93.604;96.498;91.712;104.562;
1900-01-01 22:07:20;913.0;1745669240;93.562;96.548;91.679;104.562;
1900-01-01 22:07:20;914.0;1745669240;93.51;96.548;91.679;104.6;
1900-01-01 22:07:21;915.0;1745669241;93.51;96.529;91.713;104.669;
1900-01-01 22:07:22;916.0;1745669242;93.529;96.41;91.713;104.669;
1900-01-01 22:07:23;917.0;1745669243;93.562;96.41;91.747;104.644;
1900-01-01 22:07:24;918.0;1745669244;93.562;96.455;91.727;104.644;
1900-01-01 22:07:25;919.0;1745669245;93.543;96.418;91.727;104.562;
1900-01-01 22:07:26;920.0;1745669246;93.434;96.418;91.757;104.632;
1900-01-01 22:07:27;921.0;1745669247;93.434;96.447;91.755;104.632;
1900-01-01 22:07:28;922.0;1745669248;93.437;96.433;91.755;104.659;
1900-01-01 22:07:29;923.0;1745669249;93.437;96.433;91.742;104.685;
1900-01-01 22:07:30;924.0;1745669250;93.321;96.499;91.852;104.685;
1900-01-01 22:07:31;925.0;1745669251;93.311;96.499;91.852;104.651;
1900-01-01 22:07:32;926.0;1745669252;93.311;96.445;91.919;104.657;
1900-01-01 22:07:33;927.0;1745669253;93.351;96.483;91.818;104.657;
1900-01-01 22:07:34;928.0;1745669254;93.44;96.483;91.818;104.665;
1900-01-01 22:07:35;929.0;1745669255;93.44;96.396;91.794;104.616;
1900-01-01 22:07:37;930.0;1745669257;93.48;96.374;91.734;104.616;
1900-01-01 22:07:37;931.0;1745669257;93.465;96.374;91.734;104.573;
1900-01-01 22:07:38;932.0;1745669258;93.465;96.435;91.64;104.64;
1900-01-01 22:07:39;933.0;1745669259;93.493;96.47;91.64;104.64;
1900-01-01 22:07:40;934.0;1745669260;93.532;96.47;91.616;104.647;
1900-01-01 22:07:41;935.0;1745669261;93.532;96.272;91.561;104.609;
1900-01-01 22:07:42;936.0;1745669262;93.559;96.364;91.561;104.609;
1900-01-01 22:07:43;937.0;1745669263;93.559;96.364;91.697;104.633;
1900-01-01 22:07:44;938.0;1745669264;93.499;96.351;91.754;104.603;
1900-01-01 22:07:45;939.0;1745669265;93.535;96.337;91.754;104.603;
1900-01-01 22:07:46;940.0;1745669266;93.535;96.337;91.768;104.558;
1900-01-01 22:07:47;941.0;1745669267;93.491;96.275;91.842;104.558;
1900-01-01 22:07:48;942.0;1745669268;93.554;96.275;91.842;104.557;
1900-01-01 22:07:49;943.0;1745669269;93.554;96.263;91.752;104.707;
1900-01-01 22:07:50;944.0;1745669270;93.531;96.305;91.736;104.707;
1900-01-01 22:07:51;945.0;1745669271;93.534;96.305;91.736;104.636;
1900-01-01 22:07:52;946.0;1745669272;93.534;96.253;91.64;104.703;
1900-01-01 22:07:53;947.0;1745669273;93.537;96.303;91.647;104.703;
1900-01-01 22:07:54;948.0;1745669274;93.588;96.252;91.647;104.756;
1900-01-01 22:07:55;949.0;1745669275;93.588;96.252;91.659;104.595;
1900-01-01 22:07:56;950.0;1745669276;93.574;96.247;91.695;104.595;
1900-01-01 22:07:57;951.0;1745669277;93.487;96.247;91.695;104.52;
1900-01-01 22:07:58;952.0;1745669278;93.487;96.235;91.654;104.58;
1900-01-01 22:07:59;953.0;1745669279;93.44;96.247;91.654;104.58;
1900-01-01 22:08:00;954.0;1745669280;93.455;96.247;91.495;104.56;
1900-01-01 22:08:01;955.0;1745669281;93.455;96.203;91.512;104.661;
1900-01-01 22:08:02;956.0;1745669282;93.503;96.274;91.512;104.661;
1900-01-01 22:08:03;957.0;1745669283;93.415;96.274;91.539;104.596;
1900-01-01 22:08:04;958.0;1745669284;93.415;96.2;91.502;104.615;
1900-01-01 22:08:05;959.0;1745669285;93.456;96.186;91.502;104.615;
1900-01-01 22:08:06;960.0;1745669286;93.56;96.186;91.605;104.599;
1900-01-01 22:08:07;961.0;1745669287;93.56;96.222;91.553;104.599;
1900-01-01 22:08:08;962.0;1745669288;93.503;96.101;91.553;104.599;
1900-01-01 22:08:09;963.0;1745669289;93.497;96.101;91.505;104.568;
1900-01-01 22:08:10;964.0;1745669290;93.497;96.178;91.489;104.665;
1900-01-01 22:08:11;965.0;1745669291;93.536;96.149;91.489;104.665;
1900-01-01 22:08:12;966.0;1745669292;93.536;96.149;91.44;104.573;
1900-01-01 22:08:14;967.0;1745669294;93.568;96.215;91.492;104.649;
1900-01-01 22:08:14;968.0;1745669294;93.555;96.215;91.492;104.649;
1900-01-01 22:08:15;969.0;1745669295;93.555;96.175;91.407;104.539;
1900-01-01 22:08:16;970.0;1745669296;93.591;96.205;91.415;104.539;
1900-01-01 22:08:17;971.0;1745669297;93.545;96.205;91.415;104.6;
1900-01-01 22:08:18;972.0;1745669298;93.545;96.172;91.461;104.621;
1900-01-01 22:08:19;973.0;1745669299;93.437;96.154;91.412;104.621;
1900-01-01 22:08:20;974.0;1745669300;93.455;96.154;91.412;104.749;
1900-01-01 22:08:21;975.0;1745669301;93.455;96.126;91.452;104.641;
1900-01-01 22:08:22;976.0;1745669302;93.438;96.14;91.452;104.641;
1900-01-01 22:08:23;977.0;1745669303;93.434;96.14;91.357;104.731;
1900-01-01 22:08:24;978.0;1745669304;93.434;96.143;91.338;104.731;
1900-01-01 22:08:25;979.0;1745669305;93.243;96.102;91.338;104.586;
1900-01-01 22:08:26;980.0;1745669306;93.259;96.102;91.456;104.621;
1900-01-01 22:08:27;981.0;1745669307;93.259;96.12;91.399;104.682;
1900-01-01 22:08:28;982.0;1745669308;93.297;96.043;91.399;104.682;
1900-01-01 22:08:29;983.0;1745669309;93.297;96.043;91.526;104.589;
1900-01-01 22:08:30;984.0;1745669310;93.175;96.11;91.425;104.589;
1900-01-01 22:08:32;985.0;1745669312;93.172;96.119;91.425;104.642;
1900-01-01 22:08:32;986.0;1745669312;93.172;96.119;91.334;104.666;
1900-01-01 22:08:33;987.0;1745669313;93.184;95.971;91.338;104.666;
1900-01-01 22:08:34;988.0;1745669314;93.137;96.054;91.338;104.599;
1900-01-01 22:08:35;989.0;1745669315;93.137;96.054;91.321;104.709;
1900-01-01 22:08:36;990.0;1745669316;93.058;96.054;91.261;104.709;
1900-01-01 22:08:37;991.0;1745669317;93.027;96.072;91.261;104.69;
1900-01-01 22:08:38;992.0;1745669318;93.027;96.072;91.202;104.633;
1900-01-01 22:08:39;993.0;1745669319;93.051;95.991;91.372;104.633;
1900-01-01 22:08:40;994.0;1745669320;92.931;95.991;91.372;104.599;
1900-01-01 22:08:41;995.0;1745669321;92.931;96.036;91.376;104.612;
1900-01-01 22:08:42;996.0;1745669322;92.999;96.088;91.376;104.612;
1900-01-01 22:08:43;997.0;1745669323;93.001;96.088;91.247;104.67;
1900-01-01 22:08:44;998.0;1745669324;93.001;96.028;91.385;104.557;
1900-01-01 22:08:46;999.0;1745669326;92.939;96.092;91.397;104.557;
1900-01-01 22:08:46;1000.0;1745669326;93.034;96.092;91.397;104.626;
1900-01-01 22:08:47;1001.0;1745669327;93.034;95.95;91.339;104.632;
1900-01-01 22:08:48;1002.0;1745669328;93.075;95.995;91.323;104.632;
1900-01-01 22:08:49;1003.0;1745669329;93.017;95.995;91.323;104.671;
1900-01-01 22:08:50;1004.0;1745669330;93.017;95.981;91.266;104.608;
1900-01-01 22:08:51;1005.0;1745669331;93.107;95.978;91.266;104.608;
1900-01-01 22:08:52;1006.0;1745669332;93.107;95.978;91.259;104.71;
1900-01-01 22:08:53;1007.0;1745669333;93.091;95.946;91.237;104.596;
1900-01-01 22:08:54;1008.0;1745669334;93.086;95.946;91.237;104.596;
1900-01-01 22:08:55;1009.0;1745669335;93.086;95.976;91.192;104.679;
1900-01-01 22:08:56;1010.0;1745669336;93.096;95.958;91.313;104.679;
1900-01-01 22:08:58;1011.0;1745669338;93.18;95.958;91.313;104.72;
1900-01-01 22:08:58;1012.0;1745669338;93.18;95.958;91.276;104.644;
1900-01-01 22:08:59;1013.0;1745669339;93.13;95.891;91.159;104.644;
1900-01-01 22:09:00;1014.0;1745669340;93.073;95.891;91.159;104.642;
1900-01-01 22:09:01;1015.0;1745669341;93.073;95.901;91.168;104.653;
1900-01-01 22:09:02;1016.0;1745669342;93.202;95.774;91.168;104.653;
1900-01-01 22:09:03;1017.0;1745669343;93.143;95.774;91.303;104.701;
1900-01-01 22:09:04;1018.0;1745669344;93.143;95.815;91.197;104.619;
1900-01-01 22:09:05;1019.0;1745669345;93.003;95.769;91.197;104.619;
1900-01-01 22:09:06;1020.0;1745669346;92.878;95.769;91.198;104.69;
1900-01-01 22:09:07;1021.0;1745669347;92.878;95.845;91.248;104.587;
1900-01-01 22:09:08;1022.0;1745669348;92.939;95.8;91.248;104.587;
1900-01-01 22:09:09;1023.0;1745669349;92.858;95.8;91.256;104.615;
1900-01-01 22:09:10;1024.0;1745669350;92.858;95.849;91.179;104.642;
1900-01-01 22:09:11;1025.0;1745669351;92.935;95.874;91.179;104.642;
1900-01-01 22:09:12;1026.0;1745669352;92.996;95.874;91.138;104.656;
1900-01-01 22:09:13;1027.0;1745669353;92.996;95.801;91.111;104.656;
1900-01-01 22:09:14;1028.0;1745669354;93.067;95.869;91.111;104.697;
1900-01-01 22:09:15;1029.0;1745669355;93.01;95.869;91.055;104.714;
1900-01-01 22:09:16;1030.0;1745669356;93.01;95.852;91.051;104.714;
1900-01-01 22:09:17;1031.0;1745669357;93.023;95.741;91.064;104.714;
1900-01-01 22:09:18;1032.0;1745669358;93.061;95.741;91.064;104.688;
1900-01-01 22:09:19;1033.0;1745669359;93.061;95.827;91.092;104.702;
1900-01-01 22:09:20;1034.0;1745669360;93.081;95.758;91.092;104.702;
1900-01-01 22:09:21;1035.0;1745669361;93.024;95.758;91.078;104.713;
1900-01-01 22:09:22;1036.0;1745669362;93.024;95.769;91.128;104.725;
1900-01-01 22:09:23;1037.0;1745669363;93.059;95.766;91.128;104.725;
1900-01-01 22:09:24;1038.0;1745669364;92.99;95.766;91.05;104.648;
1900-01-01 22:09:25;1039.0;1745669365;92.99;95.85;91.154;104.637;
1900-01-01 22:09:26;1040.0;1745669366;93.028;95.728;91.154;104.637;
1900-01-01 22:09:27;1041.0;1745669367;93.065;95.728;91.187;104.643;
1900-01-01 22:09:28;1042.0;1745669368;93.065;95.792;91.099;104.602;
1900-01-01 22:09:29;1043.0;1745669369;92.909;95.78;91.099;104.602;
1900-01-01 22:09:30;1044.0;1745669370;92.909;95.78;91.0;104.672;
1900-01-01 22:09:31;1045.0;1745669371;92.948;95.769;90.97;104.672;
1900-01-01 22:09:32;1046.0;1745669372;92.87;95.693;90.97;104.674;
1900-01-01 22:09:33;1047.0;1745669373;92.87;95.693;91.057;104.611;
1900-01-01 22:09:34;1048.0;1745669374;92.832;95.752;91.004;104.611;
1900-01-01 22:09:35;1049.0;1745669375;92.794;95.752;91.004;104.71;
1900-01-01 22:09:36;1050.0;1745669376;92.794;95.768;91.004;104.694;
1900-01-01 22:09:37;1051.0;1745669377;92.805;95.776;90.975;104.694;
1900-01-01 22:09:38;1052.0;1745669378;92.815;95.776;90.975;104.754;
1900-01-01 22:09:39;1053.0;1745669379;92.815;95.781;91.017;104.654;
1900-01-01 22:09:40;1054.0;1745669380;92.938;95.723;91.036;104.654;
1900-01-01 22:09:41;1055.0;1745669381;92.804;95.723;91.036;104.649;
1900-01-01 22:09:42;1056.0;1745669382;92.804;95.706;90.928;104.63;
1900-01-01 22:09:43;1057.0;1745669383;92.867;95.729;90.928;104.63;
1900-01-01 22:09:44;1058.0;1745669384;92.819;95.729;90.861;104.611;
1900-01-01 22:09:45;1059.0;1745669385;92.819;95.701;90.87;104.66;
1900-01-01 22:09:46;1060.0;1745669386;92.786;95.62;90.87;104.66;
1900-01-01 22:09:47;1061.0;1745669387;92.747;95.62;90.765;104.633;
1900-01-01 22:09:48;1062.0;1745669388;92.747;95.622;90.788;104.633;
1900-01-01 22:09:49;1063.0;1745669389;92.778;95.673;90.788;104.66;
1900-01-01 22:09:50;1064.0;1745669390;92.712;95.673;90.792;104.648;
1900-01-01 22:09:52;1065.0;1745669392;92.712;95.73;90.884;104.561;
1900-01-01 22:09:52;1066.0;1745669392;92.785;95.675;90.884;104.561;
1900-01-01 22:09:53;1067.0;1745669393;92.779;95.675;90.958;104.66;
1900-01-01 22:09:54;1068.0;1745669394;92.779;95.646;91.044;104.66;
1900-01-01 22:09:55;1069.0;1745669395;92.761;95.622;91.044;104.673;
1900-01-01 22:09:56;1070.0;1745669396;92.681;95.622;91.074;104.619;
1900-01-01 22:09:57;1071.0;1745669397;92.681;95.592;90.967;104.619;
1900-01-01 22:09:58;1072.0;1745669398;92.669;95.616;90.967;104.578;
1900-01-01 22:09:59;1073.0;1745669399;92.669;95.616;90.95;104.652;
1900-01-01 22:10:00;1074.0;1745669400;92.71;95.592;90.826;104.652;
1900-01-01 22:10:01;1075.0;1745669401;92.779;95.592;90.826;104.559;
1900-01-01 22:10:02;1076.0;1745669402;92.779;95.55;90.764;104.604;
1900-01-01 22:10:03;1077.0;1745669403;92.769;95.561;90.764;104.604;
1900-01-01 22:10:04;1078.0;1745669404;92.718;95.561;90.838;104.643;
1900-01-01 22:10:05;1079.0;1745669405;92.718;95.487;90.815;104.643;
1900-01-01 22:10:06;1080.0;1745669406;92.772;95.499;90.815;104.648;
1900-01-01 22:10:07;1081.0;1745669407;92.659;95.499;90.907;104.572;
1900-01-01 22:10:08;1082.0;1745669408;92.659;95.416;90.878;104.7;
1900-01-01 22:10:09;1083.0;1745669409;92.673;95.521;90.878;104.7;
1900-01-01 22:10:10;1084.0;1745669410;92.753;95.521;90.735;104.617;
1900-01-01 22:10:11;1085.0;1745669411;92.753;95.489;90.745;104.63;
1900-01-01 22:10:12;1086.0;1745669412;92.691;95.453;90.745;104.63;
1900-01-01 22:10:13;1087.0;1745669413;92.691;95.453;90.717;104.577;
1900-01-01 22:10:14;1088.0;1745669414;92.702;95.397;90.665;104.597;
1900-01-01 22:10:15;1089.0;1745669415;92.561;95.37;90.665;104.597;
1900-01-01 22:10:16;1090.0;1745669416;92.561;95.37;90.737;104.665;
1900-01-01 22:10:17;1091.0;1745669417;92.568;95.403;90.692;104.665;
1900-01-01 22:10:19;1092.0;1745669419;92.543;95.349;90.692;104.672;
1900-01-01 22:10:19;1093.0;1745669419;92.543;95.349;90.772;104.7;
1900-01-01 22:10:20;1094.0;1745669420;92.511;95.395;90.797;104.7;
1900-01-01 22:10:21;1095.0;1745669421;92.437;95.293;90.797;104.703;
1900-01-01 22:10:22;1096.0;1745669422;92.437;95.293;90.778;104.686;
1900-01-01 22:10:23;1097.0;1745669423;92.548;95.371;90.747;104.686;
1900-01-01 22:10:24;1098.0;1745669424;92.56;95.371;90.747;104.598;
1900-01-01 22:10:25;1099.0;1745669425;92.56;95.381;90.817;104.684;
1900-01-01 22:10:26;1100.0;1745669426;92.557;95.322;90.817;104.684;
1900-01-01 22:10:27;1101.0;1745669427;92.49;95.322;90.818;104.642;
1900-01-01 22:10:28;1102.0;1745669428;92.49;95.389;90.685;104.745;
1900-01-01 22:10:29;1103.0;1745669429;92.482;95.317;90.685;104.745;
1900-01-01 22:10:31;1104.0;1745669431;92.462;95.317;90.662;104.608;
1900-01-01 22:10:31;1105.0;1745669431;92.462;95.37;90.687;104.608;
1900-01-01 22:10:32;1106.0;1745669432;92.465;95.286;90.687;104.607;
1900-01-01 22:10:34;1107.0;1745669434;92.43;95.286;90.646;104.656;
1900-01-01 22:10:34;1108.0;1745669434;92.43;95.298;90.69;104.656;
1900-01-01 22:10:35;1109.0;1745669435;92.456;95.263;90.69;104.703;
1900-01-01 22:10:36;1110.0;1745669436;92.431;95.263;90.63;104.755;
1900-01-01 22:10:37;1111.0;1745669437;92.431;95.217;90.515;104.755;
1900-01-01 22:10:38;1112.0;1745669438;92.366;95.289;90.515;104.657;
1900-01-01 22:10:39;1113.0;1745669439;92.413;95.289;90.539;104.618;
1900-01-01 22:10:40;1114.0;1745669440;92.413;95.274;90.546;104.618;
1900-01-01 22:10:41;1115.0;1745669441;92.511;95.313;90.546;104.596;
1900-01-01 22:10:42;1116.0;1745669442;92.511;95.313;90.617;104.606;
1900-01-01 22:10:43;1117.0;1745669443;92.478;95.328;90.619;104.606;
1900-01-01 22:10:44;1118.0;1745669444;92.437;95.305;90.619;104.664;
1900-01-01 22:10:45;1119.0;1745669445;92.437;95.305;90.639;104.641;
1900-01-01 22:10:46;1120.0;1745669446;92.499;95.251;90.598;104.641;
1900-01-01 22:10:47;1121.0;1745669447;92.501;95.344;90.598;104.623;
1900-01-01 22:10:48;1122.0;1745669448;92.501;95.344;90.585;104.633;
1900-01-01 22:10:49;1123.0;1745669449;92.513;95.293;90.631;104.633;
1900-01-01 22:10:50;1124.0;1745669450;92.552;95.293;90.631;104.653;
1900-01-01 22:10:51;1125.0;1745669451;92.552;95.21;90.672;104.623;
1900-01-01 22:10:52;1126.0;1745669452;92.552;95.177;90.672;104.623;
1900-01-01 22:10:53;1127.0;1745669453;92.571;95.177;90.691;104.641;
1900-01-01 22:10:54;1128.0;1745669454;92.571;95.214;90.548;104.552;
1900-01-01 22:10:55;1129.0;1745669455;92.619;95.222;90.548;104.552;
1900-01-01 22:10:56;1130.0;1745669456;92.646;95.222;90.461;104.555;
1900-01-01 22:10:57;1131.0;1745669457;92.646;95.274;90.496;104.614;
1900-01-01 22:10:58;1132.0;1745669458;92.668;95.146;90.496;104.614;
1900-01-01 22:10:59;1133.0;1745669459;92.649;95.146;90.504;104.649;
1900-01-01 22:11:00;1134.0;1745669460;92.649;95.166;90.416;104.557;
1900-01-01 22:11:01;1135.0;1745669461;92.621;95.224;90.416;104.557;
1900-01-01 22:11:02;1136.0;1745669462;92.61;95.224;90.466;104.656;
1900-01-01 22:11:04;1137.0;1745669464;92.61;95.202;90.485;104.705;
1900-01-01 22:11:04;1138.0;1745669464;92.606;95.143;90.485;104.705;
1900-01-01 22:11:05;1139.0;1745669465;92.606;95.143;90.551;104.65;
1900-01-01 22:11:06;1140.0;1745669466;92.492;95.153;90.51;104.65;
1900-01-01 22:11:07;1141.0;1745669467;92.376;95.141;90.51;104.73;
1900-01-01 22:11:08;1142.0;1745669468;92.376;95.141;90.585;104.635;
1900-01-01 22:11:09;1143.0;1745669469;92.442;95.179;90.506;104.635;
1900-01-01 22:11:10;1144.0;1745669470;92.33;95.218;90.506;104.595;
1900-01-01 22:11:11;1145.0;1745669471;92.33;95.218;90.355;104.701;
1900-01-01 22:11:12;1146.0;1745669472;92.305;95.176;90.337;104.701;
1900-01-01 22:11:14;1147.0;1745669474;92.377;95.204;90.337;104.674;
1900-01-01 22:11:14;1148.0;1745669474;92.377;95.204;90.434;104.634;
1900-01-01 22:11:15;1149.0;1745669475;92.418;95.106;90.441;104.634;
1900-01-01 22:11:16;1150.0;1745669476;92.31;95.106;90.441;104.728;
1900-01-01 22:11:18;1151.0;1745669478;92.31;95.094;90.423;104.656;
1900-01-01 22:11:18;1152.0;1745669478;92.407;95.004;90.423;104.656;
1900-01-01 22:11:19;1153.0;1745669479;92.323;95.004;90.42;104.628;
1900-01-01 22:11:20;1154.0;1745669480;92.323;95.01;90.473;104.668;
1900-01-01 22:11:21;1155.0;1745669481;92.311;95.095;90.473;104.668;
1900-01-01 22:11:22;1156.0;1745669482;92.302;95.095;90.381;104.659;
1900-01-01 22:11:23;1157.0;1745669483;92.302;95.1;90.309;104.679;
1900-01-01 22:11:24;1158.0;1745669484;92.219;95.093;90.309;104.679;
1900-01-01 22:11:25;1159.0;1745669485;92.219;95.093;90.386;104.707;
1900-01-01 22:11:26;1160.0;1745669486;92.151;95.156;90.442;104.605;
1900-01-01 22:11:27;1161.0;1745669487;92.166;95.037;90.442;104.605;
1900-01-01 22:11:28;1162.0;1745669488;92.166;95.037;90.519;104.67;
1900-01-01 22:11:29;1163.0;1745669489;92.134;95.097;90.529;104.67;
1900-01-01 22:11:30;1164.0;1745669490;92.048;95.017;90.529;104.735;
1900-01-01 22:11:31;1165.0;1745669491;92.048;95.017;90.577;104.668;
1900-01-01 22:11:32;1166.0;1745669492;92.094;95.026;90.417;104.668;
1900-01-01 22:11:33;1167.0;1745669493;92.037;94.997;90.417;104.699;
1900-01-01 22:11:34;1168.0;1745669494;92.037;94.997;90.351;104.659;
1900-01-01 22:11:35;1169.0;1745669495;91.997;94.938;90.301;104.659;
1900-01-01 22:11:36;1170.0;1745669496;91.931;94.938;90.301;104.638;
1900-01-01 22:11:37;1171.0;1745669497;91.931;95.058;90.399;104.742;
1900-01-01 22:11:38;1172.0;1745669498;92.034;94.95;90.265;104.742;
1900-01-01 22:11:39;1173.0;1745669499;91.968;94.95;90.265;104.668;
1900-01-01 22:11:40;1174.0;1745669500;91.968;94.93;90.201;104.55;
1900-01-01 22:11:41;1175.0;1745669501;92.008;94.936;90.201;104.55;
1900-01-01 22:11:42;1176.0;1745669502;91.982;94.936;90.06;104.624;
1900-01-01 22:11:43;1177.0;1745669503;91.982;94.801;90.08;104.624;
1900-01-01 22:11:44;1178.0;1745669504;91.989;94.873;90.08;104.74;
1900-01-01 22:11:45;1179.0;1745669505;92.035;94.873;90.053;104.719;
1900-01-01 22:11:46;1180.0;1745669506;92.035;94.87;90.016;104.719;
1900-01-01 22:11:47;1181.0;1745669507;92.026;94.924;90.016;104.645;
1900-01-01 22:11:48;1182.0;1745669508;92.026;94.924;90.163;104.645;
1900-01-01 22:11:49;1183.0;1745669509;92.095;94.904;90.198;104.645;
1900-01-01 22:11:50;1184.0;1745669510;92.088;94.893;90.198;104.549;
1900-01-01 22:11:51;1185.0;1745669511;92.088;94.893;90.183;104.66;
1900-01-01 22:11:52;1186.0;1745669512;92.153;94.846;90.311;104.66;
1900-01-01 22:11:53;1187.0;1745669513;92.17;94.846;90.311;104.572;
1900-01-01 22:11:54;1188.0;1745669514;92.17;94.81;90.2;104.61;
1900-01-01 22:11:55;1189.0;1745669515;92.249;94.826;90.283;104.61;
1900-01-01 22:11:56;1190.0;1745669516;92.203;94.826;90.283;104.638;
1900-01-01 22:11:57;1191.0;1745669517;92.203;94.825;90.202;104.658;
1900-01-01 22:11:59;1192.0;1745669519;92.224;94.898;90.178;104.658;
1900-01-01 22:11:59;1193.0;1745669519;92.243;94.898;90.178;104.586;
1900-01-01 22:12:00;1194.0;1745669520;92.243;94.906;90.139;104.726;
1900-01-01 22:12:01;1195.0;1745669521;92.245;94.886;90.102;104.726;
1900-01-01 22:12:02;1196.0;1745669522;92.242;94.886;90.102;104.586;
1900-01-01 22:12:03;1197.0;1745669523;92.242;94.805;90.143;104.641;
1900-01-01 22:12:04;1198.0;1745669524;92.152;94.896;90.187;104.641;
1900-01-01 22:12:05;1199.0;1745669525;92.145;94.896;90.187;104.677;
1900-01-01 22:12:06;1200.0;1745669526;92.145;94.798;90.293;104.599;
