Time;Seconds from start for linreg;Unix Time;ch1 po2;ch2 po2;ch3 po2;ch4 po2;
1900-01-01 09:57:09;1.0;1745711829;101.666;103.169;97.691;102.092;
1900-01-01 09:57:10;2.0;1745711830;101.701;103.051;97.594;102.092;
1900-01-01 09:57:11;3.0;1745711831;101.619;103.117;97.594;102.025;
1900-01-01 09:57:12;4.0;1745711832;101.619;103.117;97.596;102.096;
1900-01-01 09:57:13;5.0;1745711833;101.699;103.079;97.661;102.096;
1900-01-01 09:57:14;6.0;1745711834;101.541;103.043;97.661;102.077;
1900-01-01 09:57:15;7.0;1745711835;101.541;103.043;97.707;102.056;
1900-01-01 09:57:16;8.0;1745711836;101.493;103.05;97.63;102.056;
1900-01-01 09:57:17;9.0;1745711837;101.571;103.05;97.63;102.077;
1900-01-01 09:57:18;10.0;1745711838;101.571;103.083;97.592;102.142;
1900-01-01 09:57:19;11.0;1745711839;101.537;103.061;97.537;102.142;
1900-01-01 09:57:21;12.0;1745711841;101.525;103.083;97.537;102.023;
1900-01-01 09:57:21;13.0;1745711841;101.525;103.083;97.358;102.096;
1900-01-01 09:57:22;14.0;1745711842;101.582;103.051;97.275;102.096;
1900-01-01 09:57:23;15.0;1745711843;101.541;103.051;97.275;102.168;
1900-01-01 09:57:24;16.0;1745711844;101.541;103.111;97.064;102.15;
1900-01-01 09:57:25;17.0;1745711845;101.563;103.065;97.064;102.15;
1900-01-01 09:57:26;18.0;1745711846;101.538;103.065;97.046;102.123;
1900-01-01 09:57:28;19.0;1745711848;101.538;103.153;97.125;102.23;
1900-01-01 09:57:28;20.0;1745711848;101.548;103.105;97.125;102.23;
1900-01-01 09:57:29;21.0;1745711849;101.632;103.105;97.215;102.133;
1900-01-01 09:57:30;22.0;1745711850;101.632;103.057;97.342;102.166;
1900-01-01 09:57:31;23.0;1745711851;101.539;103.168;97.342;102.166;
1900-01-01 09:57:32;24.0;1745711852;101.539;103.168;97.549;102.205;
1900-01-01 09:57:33;25.0;1745711853;101.614;103.15;97.519;102.06;
1900-01-01 09:57:34;26.0;1745711854;101.552;103.162;97.519;102.06;
1900-01-01 09:57:35;27.0;1745711855;101.552;103.162;97.543;102.059;
1900-01-01 09:57:36;28.0;1745711856;101.542;103.092;97.478;102.059;
1900-01-01 09:57:37;29.0;1745711857;101.539;103.092;97.478;102.181;
1900-01-01 09:57:38;30.0;1745711858;101.539;103.24;97.505;102.112;
1900-01-01 09:57:39;31.0;1745711859;101.611;103.201;97.432;102.112;
1900-01-01 09:57:40;32.0;1745711860;101.547;103.201;97.432;102.177;
1900-01-01 09:57:41;33.0;1745711861;101.547;103.141;97.427;102.208;
1900-01-01 09:57:42;34.0;1745711862;101.626;103.131;97.366;102.208;
1900-01-01 09:57:43;35.0;1745711863;101.654;103.131;97.366;102.195;
1900-01-01 09:57:44;36.0;1745711864;101.654;103.128;97.327;102.069;
1900-01-01 09:57:45;37.0;1745711865;101.6;103.102;97.327;102.069;
1900-01-01 09:57:46;38.0;1745711866;101.639;103.102;97.339;102.189;
1900-01-01 09:57:47;39.0;1745711867;101.639;103.096;97.406;102.186;
1900-01-01 09:57:48;40.0;1745711868;101.751;103.071;97.406;102.186;
1900-01-01 09:57:49;41.0;1745711869;101.634;103.071;97.428;102.141;
1900-01-01 09:57:50;42.0;1745711870;101.634;103.021;97.335;102.213;
1900-01-01 09:57:51;43.0;1745711871;101.708;103.053;97.335;102.213;
1900-01-01 09:57:52;44.0;1745711872;101.634;103.053;97.381;102.101;
1900-01-01 09:57:53;45.0;1745711873;101.634;103.054;97.444;102.106;
1900-01-01 09:57:54;46.0;1745711874;101.642;103.086;97.444;102.106;
1900-01-01 09:57:55;47.0;1745711875;101.642;103.086;97.541;102.152;
1900-01-01 09:57:56;48.0;1745711876;101.63;103.063;97.536;102.152;
1900-01-01 09:57:58;49.0;1745711878;101.557;103.027;97.536;102.051;
1900-01-01 09:57:58;50.0;1745711878;101.557;103.027;97.249;102.206;
1900-01-01 09:57:59;51.0;1745711879;101.558;103.012;97.263;102.206;
1900-01-01 09:58:00;52.0;1745711880;101.464;103.122;97.263;102.111;
1900-01-01 09:58:01;53.0;1745711881;101.464;103.122;97.172;102.084;
1900-01-01 09:58:02;54.0;1745711882;101.482;103.061;97.179;102.084;
1900-01-01 09:58:03;55.0;1745711883;101.371;103.086;97.179;102.131;
1900-01-01 09:58:04;56.0;1745711884;101.371;103.086;97.279;102.242;
1900-01-01 09:58:05;57.0;1745711885;101.467;103.093;97.282;102.242;
1900-01-01 09:58:06;58.0;1745711886;101.431;103.093;97.282;102.126;
1900-01-01 09:58:07;59.0;1745711887;101.431;103.102;97.288;102.197;
1900-01-01 09:58:08;60.0;1745711888;101.556;103.111;97.366;102.197;
1900-01-01 09:58:09;61.0;1745711889;101.638;103.111;97.366;102.135;
1900-01-01 09:58:10;62.0;1745711890;101.638;103.071;97.178;102.124;
1900-01-01 09:58:11;63.0;1745711891;101.483;103.145;97.178;102.124;
1900-01-01 09:58:12;64.0;1745711892;101.571;103.145;97.254;102.159;
1900-01-01 09:58:13;65.0;1745711893;101.571;103.162;97.122;102.124;
1900-01-01 09:58:14;66.0;1745711894;101.559;103.155;97.122;102.124;
1900-01-01 09:58:15;67.0;1745711895;101.535;103.155;97.048;102.163;
1900-01-01 09:58:16;68.0;1745711896;101.535;103.134;96.968;102.163;
1900-01-01 09:58:17;69.0;1745711897;101.499;103.232;96.968;102.166;
1900-01-01 09:58:18;70.0;1745711898;101.499;103.232;96.917;102.141;
1900-01-01 09:58:19;71.0;1745711899;101.529;103.206;97.013;102.141;
1900-01-01 09:58:20;72.0;1745711900;101.459;103.145;97.013;102.192;
1900-01-01 09:58:21;73.0;1745711901;101.459;103.145;96.961;102.126;
1900-01-01 09:58:22;74.0;1745711902;101.48;103.077;97.059;102.126;
1900-01-01 09:58:23;75.0;1745711903;101.51;103.077;97.059;102.202;
1900-01-01 09:58:24;76.0;1745711904;101.51;103.03;97.139;102.111;
1900-01-01 09:58:26;77.0;1745711906;101.535;102.994;97.17;102.111;
1900-01-01 09:58:26;78.0;1745711906;101.537;102.994;97.17;102.169;
1900-01-01 09:58:27;79.0;1745711907;101.537;103.043;97.16;102.145;
1900-01-01 09:58:28;80.0;1745711908;101.472;102.978;97.142;102.145;
1900-01-01 09:58:29;81.0;1745711909;101.534;102.978;97.142;102.215;
1900-01-01 09:58:30;82.0;1745711910;101.534;103.034;97.112;102.227;
1900-01-01 09:58:31;83.0;1745711911;101.529;103.032;97.112;102.227;
1900-01-01 09:58:32;84.0;1745711912;101.465;103.032;96.996;102.23;
1900-01-01 09:58:33;85.0;1745711913;101.465;103.003;96.934;102.225;
1900-01-01 09:58:34;86.0;1745711914;101.479;103.01;96.934;102.225;
1900-01-01 09:58:35;87.0;1745711915;101.479;103.01;97.037;102.174;
1900-01-01 09:58:36;88.0;1745711916;101.435;103.128;97.005;102.174;
1900-01-01 09:58:37;89.0;1745711917;101.394;103.096;97.005;102.191;
1900-01-01 09:58:38;90.0;1745711918;101.394;103.096;96.969;102.142;
1900-01-01 09:58:39;91.0;1745711919;101.493;103.079;96.932;102.142;
1900-01-01 09:58:40;92.0;1745711920;101.529;103.126;96.932;102.2;
1900-01-01 09:58:41;93.0;1745711921;101.529;103.126;96.86;102.17;
1900-01-01 09:58:42;94.0;1745711922;101.452;103.137;96.878;102.17;
1900-01-01 09:58:43;95.0;1745711923;101.511;103.076;96.878;102.229;
1900-01-01 09:58:44;96.0;1745711924;101.511;103.076;96.877;102.125;
1900-01-01 09:58:45;97.0;1745711925;101.498;103.18;96.833;102.125;
1900-01-01 09:58:46;98.0;1745711926;101.402;103.18;96.833;102.136;
1900-01-01 09:58:47;99.0;1745711927;101.402;103.206;96.872;102.223;
1900-01-01 09:58:48;100.0;1745711928;101.349;103.164;96.795;102.223;
1900-01-01 09:58:49;101.0;1745711929;101.242;103.164;96.795;102.074;
1900-01-01 09:58:50;102.0;1745711930;101.242;103.185;96.669;102.159;
1900-01-01 09:58:52;103.0;1745711932;101.212;103.157;96.445;102.159;
1900-01-01 09:58:52;104.0;1745711932;101.181;103.157;96.445;102.193;
1900-01-01 09:58:53;105.0;1745711933;101.181;103.205;96.304;102.129;
1900-01-01 09:58:54;106.0;1745711934;101.155;103.191;96.304;102.129;
1900-01-01 09:58:55;107.0;1745711935;101.064;103.191;96.25;102.174;
1900-01-01 09:58:56;108.0;1745711936;101.064;103.172;96.327;102.061;
1900-01-01 09:58:57;109.0;1745711937;101.13;103.144;96.327;102.061;
1900-01-01 09:58:58;110.0;1745711938;101.13;103.144;96.345;102.125;
1900-01-01 09:59:00;111.0;1745711940;101.021;103.153;96.419;102.121;
1900-01-01 09:59:00;112.0;1745711940;101.059;103.153;96.419;102.121;
1900-01-01 09:59:01;113.0;1745711941;101.059;103.116;96.565;102.154;
1900-01-01 09:59:02;114.0;1745711942;101.098;103.142;96.526;102.154;
1900-01-01 09:59:03;115.0;1745711943;101.094;103.142;96.526;102.218;
1900-01-01 09:59:04;116.0;1745711944;101.094;103.141;96.627;102.148;
1900-01-01 09:59:05;117.0;1745711945;101.034;103.08;96.627;102.148;
1900-01-01 09:59:06;118.0;1745711946;101.003;103.08;96.696;102.153;
1900-01-01 09:59:07;119.0;1745711947;101.003;102.985;96.703;102.232;
1900-01-01 09:59:08;120.0;1745711948;101.03;103.1;96.832;102.232;
1900-01-01 09:59:09;121.0;1745711949;101.06;103.1;96.832;102.166;
1900-01-01 09:59:10;122.0;1745711950;101.06;103.06;96.746;102.131;
1900-01-01 09:59:11;123.0;1745711951;101.082;103.057;96.746;102.131;
1900-01-01 09:59:12;124.0;1745711952;101.131;103.057;96.695;102.196;
1900-01-01 09:59:13;125.0;1745711953;101.131;103.051;96.705;102.088;
1900-01-01 09:59:14;126.0;1745711954;101.069;103.053;96.633;102.088;
1900-01-01 09:59:16;127.0;1745711956;101.154;103.053;96.633;102.167;
1900-01-01 09:59:16;128.0;1745711956;101.154;103.168;96.643;102.227;
1900-01-01 09:59:17;129.0;1745711957;101.195;103.155;96.643;102.227;
1900-01-01 09:59:18;130.0;1745711958;101.214;103.155;96.464;102.108;
1900-01-01 09:59:19;131.0;1745711959;101.214;103.143;96.33;102.247;
1900-01-01 09:59:21;132.0;1745711961;101.207;103.059;96.278;102.247;
1900-01-01 09:59:21;133.0;1745711961;101.199;103.059;96.278;102.228;
1900-01-01 09:59:22;134.0;1745711962;101.199;103.113;96.283;102.179;
1900-01-01 09:59:23;135.0;1745711963;101.18;103.034;96.246;102.179;
1900-01-01 09:59:24;136.0;1745711964;101.175;103.034;96.246;102.116;
1900-01-01 09:59:25;137.0;1745711965;101.175;103.125;96.267;102.162;
1900-01-01 09:59:26;138.0;1745711966;101.218;103.078;96.267;102.162;
1900-01-01 09:59:27;139.0;1745711967;101.218;103.078;96.387;102.163;
1900-01-01 09:59:28;140.0;1745711968;101.186;103.024;96.365;102.163;
1900-01-01 09:59:30;141.0;1745711970;101.26;103.059;96.365;102.246;
1900-01-01 09:59:30;142.0;1745711970;101.26;103.059;96.449;102.236;
1900-01-01 09:59:31;143.0;1745711971;101.255;102.984;96.522;102.236;
1900-01-01 09:59:32;144.0;1745711972;101.218;103.024;96.522;102.148;
1900-01-01 09:59:33;145.0;1745711973;101.218;103.024;96.597;102.179;
1900-01-01 09:59:34;146.0;1745711974;101.236;103.002;96.522;102.179;
1900-01-01 09:59:36;147.0;1745711976;101.109;103.032;96.522;102.205;
1900-01-01 09:59:36;148.0;1745711976;101.109;103.032;96.501;102.151;
1900-01-01 09:59:37;149.0;1745711977;101.164;102.924;96.376;102.151;
1900-01-01 09:59:38;150.0;1745711978;101.189;102.924;96.376;102.145;
1900-01-01 09:59:39;151.0;1745711979;101.189;102.97;96.483;102.133;
1900-01-01 09:59:40;152.0;1745711980;101.199;103.004;96.462;102.133;
1900-01-01 09:59:41;153.0;1745711981;101.159;103.004;96.462;102.147;
1900-01-01 09:59:42;154.0;1745711982;101.159;102.989;96.541;102.093;
1900-01-01 09:59:43;155.0;1745711983;101.262;103.083;96.541;102.093;
1900-01-01 09:59:44;156.0;1745711984;101.29;103.083;96.465;102.16;
1900-01-01 09:59:45;157.0;1745711985;101.29;103.019;96.436;102.191;
1900-01-01 09:59:47;158.0;1745711987;101.419;103.075;96.44;102.191;
1900-01-01 09:59:47;159.0;1745711987;101.419;103.075;96.44;102.186;
1900-01-01 09:59:48;160.0;1745711988;101.311;103.137;96.339;102.189;
1900-01-01 09:59:49;161.0;1745711989;101.485;103.144;96.339;102.189;
1900-01-01 09:59:50;162.0;1745711990;101.485;103.144;96.376;102.171;
1900-01-01 09:59:51;163.0;1745711991;101.402;103.134;96.362;102.171;
1900-01-01 09:59:52;164.0;1745711992;101.429;103.134;96.362;102.148;
1900-01-01 09:59:53;165.0;1745711993;101.429;103.141;96.462;102.205;
1900-01-01 09:59:54;166.0;1745711994;101.375;103.191;96.463;102.205;
1900-01-01 09:59:55;167.0;1745711995;101.311;103.191;96.463;102.114;
1900-01-01 09:59:56;168.0;1745711996;101.311;103.095;96.459;102.194;
1900-01-01 09:59:57;169.0;1745711997;101.316;103.082;96.441;102.194;
1900-01-01 09:59:58;170.0;1745711998;101.216;103.082;96.441;102.146;
1900-01-01 09:59:59;171.0;1745711999;101.216;103.13;96.453;102.13;
1900-01-01 10:00:00;172.0;1745712000;101.321;103.111;96.453;102.13;
1900-01-01 10:00:01;173.0;1745712001;101.148;103.111;96.382;102.185;
1900-01-01 10:00:02;174.0;1745712002;101.148;103.056;96.42;102.144;
1900-01-01 10:00:03;175.0;1745712003;101.25;103.071;96.42;102.144;
1900-01-01 10:00:04;176.0;1745712004;101.16;103.071;96.375;102.212;
1900-01-01 10:00:05;177.0;1745712005;101.16;102.935;96.573;102.036;
1900-01-01 10:00:06;178.0;1745712006;101.21;102.939;96.573;102.036;
1900-01-01 10:00:07;179.0;1745712007;101.21;102.939;96.556;102.068;
1900-01-01 10:00:08;180.0;1745712008;101.17;102.949;96.62;102.068;
1900-01-01 10:00:09;181.0;1745712009;101.097;102.916;96.62;102.172;
1900-01-01 10:00:10;182.0;1745712010;101.097;102.916;96.497;102.123;
1900-01-01 10:00:11;183.0;1745712011;101.117;103.012;96.565;102.123;
1900-01-01 10:00:12;184.0;1745712012;101.127;102.987;96.565;102.197;
1900-01-01 10:00:13;185.0;1745712013;101.127;102.987;96.581;102.127;
1900-01-01 10:00:15;186.0;1745712015;101.171;103.004;96.472;102.231;
1900-01-01 10:00:15;187.0;1745712015;101.148;103.004;96.472;102.231;
1900-01-01 10:00:16;188.0;1745712016;101.148;102.995;96.479;102.154;
1900-01-01 10:00:17;189.0;1745712017;101.116;103.031;96.387;102.154;
1900-01-01 10:00:18;190.0;1745712018;101.175;103.031;96.387;102.181;
1900-01-01 10:00:19;191.0;1745712019;101.175;102.965;96.25;102.178;
1900-01-01 10:00:21;192.0;1745712021;101.231;102.972;96.22;102.178;
1900-01-01 10:00:21;193.0;1745712021;101.113;102.972;96.22;102.28;
1900-01-01 10:00:22;194.0;1745712022;101.113;102.931;96.089;102.182;
1900-01-01 10:00:23;195.0;1745712023;101.255;102.976;96.089;102.182;
1900-01-01 10:00:24;196.0;1745712024;101.201;102.976;96.079;102.113;
1900-01-01 10:00:25;197.0;1745712025;101.201;102.932;96.022;102.229;
1900-01-01 10:00:26;198.0;1745712026;101.144;102.911;96.022;102.229;
1900-01-01 10:00:27;199.0;1745712027;101.144;102.911;96.018;102.249;
1900-01-01 10:00:28;200.0;1745712028;101.166;102.855;96.091;102.155;
1900-01-01 10:00:30;201.0;1745712030;101.188;102.933;96.091;102.155;
1900-01-01 10:00:30;202.0;1745712030;101.188;102.933;96.111;102.176;
1900-01-01 10:00:32;203.0;1745712032;101.118;102.874;96.188;102.186;
1900-01-01 10:00:32;204.0;1745712032;101.124;102.874;96.188;102.186;
1900-01-01 10:00:33;205.0;1745712033;101.124;102.847;96.139;102.2;
1900-01-01 10:00:34;206.0;1745712034;101.177;102.817;96.093;102.2;
1900-01-01 10:00:36;207.0;1745712036;101.173;102.903;96.093;102.248;
1900-01-01 10:00:36;208.0;1745712036;101.173;102.903;96.087;102.245;
1900-01-01 10:00:37;209.0;1745712037;101.099;102.836;96.055;102.245;
1900-01-01 10:00:39;210.0;1745712039;101.076;102.953;96.055;102.255;
1900-01-01 10:00:39;211.0;1745712039;101.076;102.953;96.104;102.155;
1900-01-01 10:00:41;212.0;1745712041;101.131;102.945;96.137;102.155;
1900-01-01 10:00:41;213.0;1745712041;101.219;102.945;96.137;102.206;
1900-01-01 10:00:42;214.0;1745712042;101.219;102.922;96.189;102.176;
1900-01-01 10:00:44;215.0;1745712044;101.074;102.901;96.067;102.176;
1900-01-01 10:00:44;216.0;1745712044;101.133;102.901;96.067;102.152;
1900-01-01 10:00:45;217.0;1745712045;101.133;102.892;96.064;102.191;
1900-01-01 10:00:46;218.0;1745712046;101.093;103.02;96.064;102.191;
1900-01-01 10:00:47;219.0;1745712047;101.093;103.02;96.044;102.133;
1900-01-01 10:00:48;220.0;1745712048;101.092;103.065;96.031;102.187;
1900-01-01 10:00:49;221.0;1745712049;101.126;102.969;96.031;102.187;
1900-01-01 10:00:51;222.0;1745712051;101.128;102.969;95.988;102.137;
1900-01-01 10:00:51;223.0;1745712051;101.128;103.012;95.995;102.137;
1900-01-01 10:00:52;224.0;1745712052;101.135;103.041;95.995;102.144;
1900-01-01 10:00:53;225.0;1745712053;101.135;103.041;95.949;102.149;
1900-01-01 10:00:54;226.0;1745712054;101.184;103.141;95.868;102.149;
1900-01-01 10:00:55;227.0;1745712055;101.183;103.111;95.868;102.137;
1900-01-01 10:00:56;228.0;1745712056;101.183;103.111;95.858;102.221;
1900-01-01 10:00:57;229.0;1745712057;101.226;103.135;95.775;102.221;
1900-01-01 10:00:58;230.0;1745712058;101.23;103.135;95.775;102.187;
1900-01-01 10:00:59;231.0;1745712059;101.23;103.062;95.766;102.147;
1900-01-01 10:01:00;232.0;1745712060;101.189;102.994;95.943;102.147;
1900-01-01 10:01:01;233.0;1745712061;101.082;102.994;95.943;102.226;
1900-01-01 10:01:02;234.0;1745712062;101.082;102.882;95.99;102.203;
1900-01-01 10:01:03;235.0;1745712063;101.172;102.971;95.964;102.203;
1900-01-01 10:01:04;236.0;1745712064;101.109;102.971;95.964;102.302;
1900-01-01 10:01:05;237.0;1745712065;101.109;102.862;95.963;102.204;
1900-01-01 10:01:06;238.0;1745712066;101.061;102.942;95.963;102.204;
1900-01-01 10:01:07;239.0;1745712067;101.025;102.942;96.05;102.234;
1900-01-01 10:01:08;240.0;1745712068;101.025;102.978;95.965;102.234;
1900-01-01 10:01:09;241.0;1745712069;101.096;102.973;95.965;102.233;
1900-01-01 10:01:10;242.0;1745712070;101.096;102.973;95.912;102.239;
1900-01-01 10:01:11;243.0;1745712071;101.042;102.97;95.997;102.239;
1900-01-01 10:01:12;244.0;1745712072;101.068;102.97;95.997;102.194;
1900-01-01 10:01:13;245.0;1745712073;101.068;102.97;96.04;102.199;
1900-01-01 10:01:14;246.0;1745712074;101.107;103.033;96.014;102.199;
1900-01-01 10:01:16;247.0;1745712076;101.012;103.01;96.014;102.272;
1900-01-01 10:01:16;248.0;1745712076;101.012;103.01;95.923;102.166;
1900-01-01 10:01:17;249.0;1745712077;101.085;103.018;95.919;102.166;
1900-01-01 10:01:19;250.0;1745712079;101.134;102.878;95.919;102.345;
1900-01-01 10:01:19;251.0;1745712079;101.134;102.878;95.998;102.21;
1900-01-01 10:01:20;252.0;1745712080;101.12;103.046;96.037;102.21;
1900-01-01 10:01:21;253.0;1745712081;101.087;103.046;96.037;102.273;
1900-01-01 10:01:22;254.0;1745712082;101.087;103.073;95.983;102.219;
1900-01-01 10:01:23;255.0;1745712083;101.167;103.009;95.983;102.219;
1900-01-01 10:01:24;256.0;1745712084;101.075;103.009;96.024;102.275;
1900-01-01 10:01:25;257.0;1745712085;101.075;102.919;96.064;102.244;
1900-01-01 10:01:26;258.0;1745712086;101.04;102.996;96.064;102.244;
1900-01-01 10:01:27;259.0;1745712087;101.06;102.996;95.967;102.177;
1900-01-01 10:01:28;260.0;1745712088;101.06;102.96;95.99;102.177;
1900-01-01 10:01:29;261.0;1745712089;101.032;103.039;95.99;102.139;
1900-01-01 10:01:30;262.0;1745712090;101.032;103.039;95.924;102.081;
1900-01-01 10:01:31;263.0;1745712091;101.079;102.964;95.924;102.212;
1900-01-01 10:01:32;264.0;1745712092;101.054;103.04;95.924;102.212;
1900-01-01 10:01:33;265.0;1745712093;101.054;103.04;95.929;102.14;
1900-01-01 10:01:34;266.0;1745712094;101.045;102.985;95.873;102.14;
1900-01-01 10:01:35;267.0;1745712095;101.069;103.007;95.873;102.158;
1900-01-01 10:01:36;268.0;1745712096;101.069;103.007;95.901;102.186;
1900-01-01 10:01:37;269.0;1745712097;101.007;102.892;95.915;102.186;
1900-01-01 10:01:38;270.0;1745712098;100.961;102.915;95.915;102.107;
1900-01-01 10:01:39;271.0;1745712099;100.961;102.915;95.946;102.301;
1900-01-01 10:01:40;272.0;1745712100;100.996;102.882;95.916;102.301;
1900-01-01 10:01:41;273.0;1745712101;101.077;102.882;95.916;102.214;
1900-01-01 10:01:42;274.0;1745712102;101.077;102.939;95.892;102.239;
1900-01-01 10:01:43;275.0;1745712103;100.983;102.881;95.892;102.239;
1900-01-01 10:01:44;276.0;1745712104;101.036;102.881;95.833;102.15;
1900-01-01 10:01:45;277.0;1745712105;101.036;102.875;95.936;102.15;
1900-01-01 10:01:46;278.0;1745712106;101.015;102.89;95.936;102.236;
1900-01-01 10:01:47;279.0;1745712107;101.1;102.89;95.912;102.173;
1900-01-01 10:01:48;280.0;1745712108;101.1;102.944;95.861;102.249;
1900-01-01 10:01:49;281.0;1745712109;101.011;102.959;95.861;102.249;
1900-01-01 10:01:50;282.0;1745712110;101.011;102.959;95.757;102.249;
1900-01-01 10:01:51;283.0;1745712111;101.047;102.872;95.699;102.249;
1900-01-01 10:01:52;284.0;1745712112;101.043;102.872;95.699;102.214;
1900-01-01 10:01:53;285.0;1745712113;101.043;102.855;95.695;102.246;
1900-01-01 10:01:54;286.0;1745712114;101.03;102.902;95.722;102.246;
1900-01-01 10:01:55;287.0;1745712115;101.009;102.902;95.722;102.218;
1900-01-01 10:01:57;288.0;1745712117;101.009;102.841;95.639;102.193;
1900-01-01 10:01:57;289.0;1745712117;101.052;102.854;95.639;102.193;
1900-01-01 10:01:58;290.0;1745712118;100.892;102.854;95.667;102.181;
1900-01-01 10:01:59;291.0;1745712119;100.892;102.819;95.682;102.164;
1900-01-01 10:02:00;292.0;1745712120;100.973;102.895;95.682;102.164;
1900-01-01 10:02:01;293.0;1745712121;100.958;102.895;95.634;102.202;
1900-01-01 10:02:02;294.0;1745712122;100.958;102.86;95.586;102.193;
1900-01-01 10:02:03;295.0;1745712123;101.005;102.827;95.586;102.193;
1900-01-01 10:02:04;296.0;1745712124;100.99;102.827;95.576;102.214;
1900-01-01 10:02:05;297.0;1745712125;100.99;102.824;95.624;102.242;
1900-01-01 10:02:06;298.0;1745712126;100.967;102.821;95.624;102.242;
1900-01-01 10:02:07;299.0;1745712127;100.967;102.821;95.669;102.154;
1900-01-01 10:02:08;300.0;1745712128;100.989;102.727;95.71;102.197;
1900-01-01 10:02:09;301.0;1745712129;100.971;102.753;95.71;102.197;
1900-01-01 10:02:10;302.0;1745712130;100.971;102.753;95.725;102.131;
1900-01-01 10:02:11;303.0;1745712131;100.965;102.766;95.78;102.131;
1900-01-01 10:02:12;304.0;1745712132;101.012;102.842;95.78;102.208;
1900-01-01 10:02:13;305.0;1745712133;101.012;102.842;95.722;102.212;
1900-01-01 10:02:14;306.0;1745712134;100.995;102.804;95.694;102.212;
1900-01-01 10:02:15;307.0;1745712135;100.867;102.804;95.694;102.163;
1900-01-01 10:02:16;308.0;1745712136;100.867;102.832;95.616;102.269;
1900-01-01 10:02:17;309.0;1745712137;100.942;102.856;95.707;102.269;
1900-01-01 10:02:18;310.0;1745712138;100.854;102.856;95.707;102.164;
1900-01-01 10:02:19;311.0;1745712139;100.854;102.835;95.662;102.292;
1900-01-01 10:02:20;312.0;1745712140;100.91;102.843;95.709;102.292;
1900-01-01 10:02:21;313.0;1745712141;100.866;102.843;95.709;102.215;
1900-01-01 10:02:22;314.0;1745712142;100.866;102.877;95.623;102.266;
1900-01-01 10:02:23;315.0;1745712143;100.897;102.909;95.623;102.266;
1900-01-01 10:02:25;316.0;1745712145;100.951;102.909;95.582;102.225;
1900-01-01 10:02:25;317.0;1745712145;100.951;102.891;95.463;102.234;
1900-01-01 10:02:26;318.0;1745712146;100.933;102.825;95.463;102.234;
1900-01-01 10:02:28;319.0;1745712148;100.862;102.825;95.471;102.233;
1900-01-01 10:02:28;320.0;1745712148;100.862;102.861;95.425;102.233;
1900-01-01 10:02:29;321.0;1745712149;100.949;102.921;95.425;102.193;
1900-01-01 10:02:30;322.0;1745712150;100.936;102.921;95.49;102.18;
1900-01-01 10:02:31;323.0;1745712151;100.936;102.872;95.401;102.203;
1900-01-01 10:02:32;324.0;1745712152;100.979;102.808;95.401;102.203;
1900-01-01 10:02:33;325.0;1745712153;100.979;102.808;95.528;102.176;
1900-01-01 10:02:34;326.0;1745712154;100.934;102.843;95.514;102.176;
1900-01-01 10:02:35;327.0;1745712155;100.887;102.843;95.514;102.137;
1900-01-01 10:02:36;328.0;1745712156;100.887;102.859;95.501;102.289;
1900-01-01 10:02:37;329.0;1745712157;100.897;102.859;95.464;102.289;
1900-01-01 10:02:38;330.0;1745712158;100.926;102.859;95.464;102.139;
1900-01-01 10:02:39;331.0;1745712159;100.926;102.949;95.409;102.186;
1900-01-01 10:02:40;332.0;1745712160;100.8;102.842;95.445;102.186;
1900-01-01 10:02:41;333.0;1745712161;100.831;102.842;95.445;102.138;
1900-01-01 10:02:42;334.0;1745712162;100.831;102.918;95.369;102.176;
1900-01-01 10:02:43;335.0;1745712163;100.865;102.835;95.456;102.176;
1900-01-01 10:02:44;336.0;1745712164;100.84;102.835;95.456;102.113;
1900-01-01 10:02:45;337.0;1745712165;100.84;102.854;95.366;102.19;
1900-01-01 10:02:46;338.0;1745712166;100.807;102.829;95.366;102.19;
1900-01-01 10:02:47;339.0;1745712167;100.839;102.829;95.312;102.19;
1900-01-01 10:02:48;340.0;1745712168;100.839;102.866;95.285;102.19;
1900-01-01 10:02:49;341.0;1745712169;100.92;102.846;95.285;102.204;
1900-01-01 10:02:51;342.0;1745712171;100.93;102.846;95.363;102.124;
1900-01-01 10:02:51;343.0;1745712171;100.93;102.871;95.441;102.277;
1900-01-01 10:02:52;344.0;1745712172;100.908;102.834;95.441;102.277;
1900-01-01 10:02:54;345.0;1745712174;101.009;102.834;95.428;102.206;
1900-01-01 10:02:54;346.0;1745712174;101.009;102.85;95.445;102.206;
1900-01-01 10:02:55;347.0;1745712175;101.054;102.916;95.445;102.213;
1900-01-01 10:02:56;348.0;1745712176;101.054;102.916;95.417;102.204;
1900-01-01 10:02:57;349.0;1745712177;101.03;102.808;95.446;102.204;
1900-01-01 10:02:58;350.0;1745712178;101.097;102.808;95.446;102.13;
1900-01-01 10:02:59;351.0;1745712179;101.097;102.823;95.432;102.181;
1900-01-01 10:03:00;352.0;1745712180;100.978;102.748;95.432;102.181;
1900-01-01 10:03:01;353.0;1745712181;100.922;102.748;95.389;102.246;
1900-01-01 10:03:02;354.0;1745712182;100.922;102.878;95.463;102.202;
1900-01-01 10:03:03;355.0;1745712183;100.944;102.855;95.463;102.202;
1900-01-01 10:03:04;356.0;1745712184;100.817;102.855;95.481;102.157;
1900-01-01 10:03:05;357.0;1745712185;100.817;102.755;95.551;102.31;
1900-01-01 10:03:07;358.0;1745712187;100.815;102.741;95.567;102.31;
1900-01-01 10:03:07;359.0;1745712187;100.815;102.741;95.567;102.207;
1900-01-01 10:03:08;360.0;1745712188;100.851;102.722;95.456;102.207;
1900-01-01 10:03:09;361.0;1745712189;100.824;102.722;95.456;102.19;
1900-01-01 10:03:10;362.0;1745712190;100.824;102.722;95.4;102.23;
1900-01-01 10:03:11;363.0;1745712191;100.856;102.656;95.324;102.23;
1900-01-01 10:03:12;364.0;1745712192;100.915;102.74;95.324;102.173;
1900-01-01 10:03:14;365.0;1745712194;100.842;102.74;95.262;102.298;
1900-01-01 10:03:14;366.0;1745712194;100.842;102.693;95.365;102.298;
1900-01-01 10:03:15;367.0;1745712195;100.766;102.61;95.365;102.298;
1900-01-01 10:03:16;368.0;1745712196;100.766;102.61;95.354;102.227;
1900-01-01 10:03:17;369.0;1745712197;100.771;102.668;95.286;102.227;
1900-01-01 10:03:18;370.0;1745712198;100.798;102.668;95.286;102.227;
1900-01-01 10:03:19;371.0;1745712199;100.798;102.653;95.246;102.198;
1900-01-01 10:03:20;372.0;1745712200;100.83;102.707;95.254;102.198;
1900-01-01 10:03:21;373.0;1745712201;100.895;102.707;95.254;102.218;
1900-01-01 10:03:22;374.0;1745712202;100.895;102.712;95.254;102.202;
1900-01-01 10:03:23;375.0;1745712203;100.766;102.636;95.236;102.202;
1900-01-01 10:03:24;376.0;1745712204;100.824;102.636;95.236;102.282;
1900-01-01 10:03:25;377.0;1745712205;100.824;102.637;95.209;102.284;
1900-01-01 10:03:27;378.0;1745712207;100.744;102.621;95.353;102.284;
1900-01-01 10:03:27;379.0;1745712207;100.777;102.621;95.353;102.227;
1900-01-01 10:03:28;380.0;1745712208;100.777;102.634;95.336;102.198;
1900-01-01 10:03:30;381.0;1745712210;100.851;102.678;95.377;102.198;
1900-01-01 10:03:30;382.0;1745712210;100.851;102.678;95.377;102.18;
1900-01-01 10:03:31;383.0;1745712211;100.773;102.604;95.322;102.18;
1900-01-01 10:03:32;384.0;1745712212;100.775;102.651;95.322;102.257;
1900-01-01 10:03:33;385.0;1745712213;100.775;102.651;95.316;102.195;
1900-01-01 10:03:34;386.0;1745712214;100.823;102.68;95.271;102.195;
1900-01-01 10:03:35;387.0;1745712215;100.814;102.679;95.271;102.167;
1900-01-01 10:03:36;388.0;1745712216;100.814;102.679;95.312;102.202;
1900-01-01 10:03:37;389.0;1745712217;100.812;102.715;95.244;102.202;
1900-01-01 10:03:39;390.0;1745712219;100.755;102.625;95.244;102.239;
1900-01-01 10:03:39;391.0;1745712219;100.755;102.625;95.113;102.25;
1900-01-01 10:03:40;392.0;1745712220;100.79;102.606;95.072;102.25;
1900-01-01 10:03:41;393.0;1745712221;100.84;102.606;95.072;102.237;
1900-01-01 10:03:42;394.0;1745712222;100.84;102.621;95.083;102.291;
1900-01-01 10:03:43;395.0;1745712223;100.794;102.62;95.077;102.291;
1900-01-01 10:03:44;396.0;1745712224;100.788;102.62;95.077;102.31;
1900-01-01 10:03:45;397.0;1745712225;100.788;102.739;95.167;102.276;
1900-01-01 10:03:46;398.0;1745712226;100.752;102.561;95.167;102.276;
1900-01-01 10:03:47;399.0;1745712227;100.752;102.561;95.071;102.215;
1900-01-01 10:03:48;400.0;1745712228;100.794;102.74;94.96;102.157;
1900-01-01 10:03:49;401.0;1745712229;100.744;102.823;94.96;102.157;
1900-01-01 10:03:50;402.0;1745712230;100.744;102.823;95.016;102.145;
1900-01-01 10:03:51;403.0;1745712231;100.786;102.79;95.096;102.145;
1900-01-01 10:03:52;404.0;1745712232;100.804;102.75;95.096;102.238;
1900-01-01 10:03:53;405.0;1745712233;100.769;102.75;95.119;102.239;
1900-01-01 10:03:54;406.0;1745712234;100.769;102.763;95.15;102.239;
1900-01-01 10:03:55;407.0;1745712235;100.823;102.847;95.15;102.194;
1900-01-01 10:03:56;408.0;1745712236;100.823;102.847;95.116;102.233;
1900-01-01 10:03:57;409.0;1745712237;100.823;102.791;95.127;102.233;
1900-01-01 10:03:58;410.0;1745712238;100.802;102.791;95.127;102.213;
1900-01-01 10:03:59;411.0;1745712239;100.802;102.844;95.029;102.228;
1900-01-01 10:04:00;412.0;1745712240;100.749;102.741;95.17;102.228;
1900-01-01 10:04:01;413.0;1745712241;100.807;102.741;95.17;102.251;
1900-01-01 10:04:02;414.0;1745712242;100.807;102.772;95.106;102.243;
1900-01-01 10:04:03;415.0;1745712243;100.728;102.734;95.106;102.243;
1900-01-01 10:04:04;416.0;1745712244;100.646;102.734;95.09;102.186;
1900-01-01 10:04:05;417.0;1745712245;100.646;102.686;95.153;102.119;
1900-01-01 10:04:06;418.0;1745712246;100.699;102.656;95.153;102.119;
1900-01-01 10:04:07;419.0;1745712247;100.728;102.656;95.098;102.167;
1900-01-01 10:04:08;420.0;1745712248;100.728;102.645;95.162;102.276;
1900-01-01 10:04:09;421.0;1745712249;100.671;102.72;95.162;102.276;
1900-01-01 10:04:10;422.0;1745712250;100.657;102.72;95.202;102.163;
1900-01-01 10:04:11;423.0;1745712251;100.657;102.672;95.157;102.208;
1900-01-01 10:04:12;424.0;1745712252;100.73;102.745;95.157;102.208;
1900-01-01 10:04:13;425.0;1745712253;100.679;102.745;95.059;102.262;
1900-01-01 10:04:14;426.0;1745712254;100.679;102.761;95.07;102.106;
1900-01-01 10:04:15;427.0;1745712255;100.661;102.814;95.07;102.106;
1900-01-01 10:04:16;428.0;1745712256;100.69;102.814;95.039;102.189;
1900-01-01 10:04:17;429.0;1745712257;100.69;102.814;94.988;102.194;
1900-01-01 10:04:18;430.0;1745712258;100.664;102.745;94.988;102.194;
1900-01-01 10:04:19;431.0;1745712259;100.582;102.745;94.998;102.22;
1900-01-01 10:04:20;432.0;1745712260;100.582;102.784;94.91;102.3;
1900-01-01 10:04:21;433.0;1745712261;100.59;102.82;94.939;102.3;
1900-01-01 10:04:22;434.0;1745712262;100.661;102.82;94.939;102.208;
1900-01-01 10:04:23;435.0;1745712263;100.661;102.883;94.985;102.13;
1900-01-01 10:04:24;436.0;1745712264;100.684;102.8;94.985;102.13;
1900-01-01 10:04:25;437.0;1745712265;100.634;102.8;94.854;102.208;
1900-01-01 10:04:26;438.0;1745712266;100.634;102.864;94.961;102.321;
1900-01-01 10:04:27;439.0;1745712267;100.6;102.776;94.961;102.321;
1900-01-01 10:04:28;440.0;1745712268;100.754;102.776;94.937;102.212;
1900-01-01 10:04:29;441.0;1745712269;100.754;102.755;94.898;102.171;
1900-01-01 10:04:31;442.0;1745712271;100.651;102.776;94.916;102.171;
1900-01-01 10:04:31;443.0;1745712271;100.651;102.776;94.916;102.329;
1900-01-01 10:04:32;444.0;1745712272;100.7;102.775;94.885;102.207;
1900-01-01 10:04:34;445.0;1745712274;100.601;102.731;94.885;102.207;
1900-01-01 10:04:34;446.0;1745712274;100.601;102.731;94.801;102.287;
1900-01-01 10:04:35;447.0;1745712275;100.571;102.665;94.823;102.287;
1900-01-01 10:04:36;448.0;1745712276;100.654;102.665;94.823;102.242;
1900-01-01 10:04:37;449.0;1745712277;100.654;102.762;94.724;102.301;
1900-01-01 10:04:38;450.0;1745712278;100.616;102.683;94.756;102.301;
1900-01-01 10:04:39;451.0;1745712279;100.676;102.683;94.756;102.246;
1900-01-01 10:04:40;452.0;1745712280;100.676;102.641;94.773;102.22;
1900-01-01 10:04:41;453.0;1745712281;100.582;102.618;94.835;102.22;
1900-01-01 10:04:42;454.0;1745712282;100.593;102.618;94.835;102.18;
1900-01-01 10:04:43;455.0;1745712283;100.593;102.566;94.878;102.319;
1900-01-01 10:04:44;456.0;1745712284;100.595;102.545;94.878;102.319;
1900-01-01 10:04:45;457.0;1745712285;100.567;102.545;94.902;102.283;
1900-01-01 10:04:46;458.0;1745712286;100.567;102.496;94.929;102.186;
1900-01-01 10:04:47;459.0;1745712287;100.67;102.581;94.929;102.186;
1900-01-01 10:04:48;460.0;1745712288;100.756;102.581;94.964;102.28;
1900-01-01 10:04:49;461.0;1745712289;100.756;102.56;94.997;102.329;
1900-01-01 10:04:50;462.0;1745712290;100.771;102.496;94.997;102.329;
1900-01-01 10:04:51;463.0;1745712291;100.8;102.496;94.955;102.322;
1900-01-01 10:04:52;464.0;1745712292;100.8;102.583;95.058;102.272;
1900-01-01 10:04:53;465.0;1745712293;100.656;102.573;95.058;102.272;
1900-01-01 10:04:54;466.0;1745712294;100.656;102.573;94.925;102.248;
1900-01-01 10:04:55;467.0;1745712295;100.618;102.587;95.014;102.248;
1900-01-01 10:04:56;468.0;1745712296;100.659;102.586;95.014;102.345;
1900-01-01 10:04:57;469.0;1745712297;100.611;102.586;94.952;102.239;
1900-01-01 10:04:58;470.0;1745712298;100.611;102.565;94.997;102.239;
1900-01-01 10:04:59;471.0;1745712299;100.583;102.536;94.997;102.221;
1900-01-01 10:05:00;472.0;1745712300;100.546;102.536;95.012;102.212;
1900-01-01 10:05:01;473.0;1745712301;100.546;102.578;94.975;102.212;
1900-01-01 10:05:02;474.0;1745712302;100.616;102.564;94.975;102.24;
1900-01-01 10:05:03;475.0;1745712303;100.616;102.564;94.945;102.235;
1900-01-01 10:05:04;476.0;1745712304;100.637;102.628;94.879;102.235;
1900-01-01 10:05:05;477.0;1745712305;100.583;102.628;94.879;102.275;
1900-01-01 10:05:06;478.0;1745712306;100.583;102.657;94.963;102.262;
1900-01-01 10:05:07;479.0;1745712307;100.651;102.638;94.981;102.262;
1900-01-01 10:05:08;480.0;1745712308;100.455;102.638;94.981;102.169;
1900-01-01 10:05:09;481.0;1745712309;100.455;102.7;94.872;102.315;
1900-01-01 10:05:10;482.0;1745712310;100.504;102.646;94.872;102.315;
1900-01-01 10:05:11;483.0;1745712311;100.519;102.646;94.795;102.25;
1900-01-01 10:05:12;484.0;1745712312;100.519;102.744;94.795;102.25;
1900-01-01 10:05:13;485.0;1745712313;100.483;102.684;94.795;102.182;
1900-01-01 10:05:14;486.0;1745712314;100.456;102.684;94.684;102.319;
1900-01-01 10:05:15;487.0;1745712315;100.456;102.615;94.582;102.319;
1900-01-01 10:05:16;488.0;1745712316;100.587;102.625;94.582;102.259;
1900-01-01 10:05:17;489.0;1745712317;100.484;102.625;94.453;102.29;
1900-01-01 10:05:18;490.0;1745712318;100.484;102.626;94.45;102.29;
1900-01-01 10:05:19;491.0;1745712319;100.528;102.464;94.45;102.231;
1900-01-01 10:05:20;492.0;1745712320;100.528;102.464;94.417;102.285;
1900-01-01 10:05:21;493.0;1745712321;100.458;102.577;94.464;102.285;
1900-01-01 10:05:22;494.0;1745712322;100.407;102.577;94.464;102.233;
1900-01-01 10:05:23;495.0;1745712323;100.407;102.566;94.363;102.24;
1900-01-01 10:05:24;496.0;1745712324;100.46;102.461;94.491;102.24;
1900-01-01 10:05:25;497.0;1745712325;100.447;102.461;94.491;102.301;
1900-01-01 10:05:26;498.0;1745712326;100.447;102.538;94.569;102.264;
1900-01-01 10:05:27;499.0;1745712327;100.402;102.58;94.69;102.264;
1900-01-01 10:05:28;500.0;1745712328;100.518;102.546;94.69;102.291;
1900-01-01 10:05:29;501.0;1745712329;100.518;102.546;94.654;102.281;
1900-01-01 10:05:30;502.0;1745712330;100.528;102.607;94.706;102.281;
1900-01-01 10:05:31;503.0;1745712331;100.525;102.607;94.706;102.336;
1900-01-01 10:05:32;504.0;1745712332;100.525;102.52;94.712;102.281;
1900-01-01 10:05:33;505.0;1745712333;100.571;102.58;94.712;102.281;
1900-01-01 10:05:34;506.0;1745712334;100.584;102.58;94.586;102.133;
1900-01-01 10:05:35;507.0;1745712335;100.584;102.581;94.519;102.196;
1900-01-01 10:05:36;508.0;1745712336;100.566;102.502;94.519;102.196;
1900-01-01 10:05:37;509.0;1745712337;100.58;102.502;94.502;102.28;
1900-01-01 10:05:38;510.0;1745712338;100.58;102.543;94.527;102.254;
1900-01-01 10:05:39;511.0;1745712339;100.447;102.602;94.527;102.254;
1900-01-01 10:05:40;512.0;1745712340;100.447;102.602;94.625;102.241;
1900-01-01 10:05:41;513.0;1745712341;100.418;102.478;94.665;102.241;
1900-01-01 10:05:42;514.0;1745712342;100.464;102.478;94.665;102.245;
1900-01-01 10:05:43;515.0;1745712343;100.464;102.435;94.627;102.25;
1900-01-01 10:05:44;516.0;1745712344;100.448;102.447;94.528;102.25;
1900-01-01 10:05:45;517.0;1745712345;100.536;102.426;94.528;102.256;
1900-01-01 10:05:46;518.0;1745712346;100.536;102.426;94.562;102.231;
1900-01-01 10:05:47;519.0;1745712347;100.567;102.445;94.533;102.231;
1900-01-01 10:05:48;520.0;1745712348;100.572;102.445;94.533;102.242;
1900-01-01 10:05:49;521.0;1745712349;100.572;102.463;94.556;102.275;
1900-01-01 10:05:50;522.0;1745712350;100.505;102.47;94.5;102.275;
1900-01-01 10:05:52;523.0;1745712352;100.512;102.47;94.5;102.258;
1900-01-01 10:05:52;524.0;1745712352;100.512;102.49;94.476;102.266;
1900-01-01 10:05:53;525.0;1745712353;100.591;102.502;94.476;102.266;
1900-01-01 10:05:54;526.0;1745712354;100.511;102.502;94.501;102.221;
1900-01-01 10:05:55;527.0;1745712355;100.511;102.538;94.501;102.221;
1900-01-01 10:05:56;528.0;1745712356;100.518;102.572;94.501;102.266;
1900-01-01 10:05:58;529.0;1745712358;100.488;102.572;94.578;102.254;
1900-01-01 10:05:58;530.0;1745712358;100.488;102.473;94.562;102.254;
1900-01-01 10:05:59;531.0;1745712359;100.347;102.545;94.562;102.327;
1900-01-01 10:06:00;532.0;1745712360;100.347;102.545;94.546;102.198;
1900-01-01 10:06:01;533.0;1745712361;100.349;102.512;94.567;102.198;
1900-01-01 10:06:02;534.0;1745712362;100.411;102.521;94.567;102.269;
1900-01-01 10:06:03;535.0;1745712363;100.411;102.521;94.688;102.254;
1900-01-01 10:06:04;536.0;1745712364;100.31;102.444;94.562;102.254;
1900-01-01 10:06:05;537.0;1745712365;100.378;102.444;94.562;102.309;
1900-01-01 10:06:06;538.0;1745712366;100.378;102.395;94.478;102.259;
1900-01-01 10:06:07;539.0;1745712367;100.305;102.388;94.478;102.259;
1900-01-01 10:06:08;540.0;1745712368;100.384;102.388;94.551;102.251;
1900-01-01 10:06:09;541.0;1745712369;100.384;102.477;94.468;102.259;
1900-01-01 10:06:11;542.0;1745712371;100.447;102.328;94.362;102.259;
1900-01-01 10:06:11;543.0;1745712371;100.348;102.328;94.362;102.272;
1900-01-01 10:06:12;544.0;1745712372;100.348;102.337;94.325;102.263;
1900-01-01 10:06:13;545.0;1745712373;100.454;102.334;94.325;102.263;
1900-01-01 10:06:15;546.0;1745712375;100.295;102.334;94.359;102.227;
1900-01-01 10:06:15;547.0;1745712375;100.295;102.34;94.426;102.227;
1900-01-01 10:06:16;548.0;1745712376;100.289;102.482;94.426;102.241;
1900-01-01 10:06:17;549.0;1745712377;100.279;102.482;94.453;102.258;
1900-01-01 10:06:18;550.0;1745712378;100.279;102.449;94.393;102.258;
1900-01-01 10:06:19;551.0;1745712379;100.324;102.418;94.393;102.196;
1900-01-01 10:06:20;552.0;1745712380;100.324;102.418;94.441;102.269;
1900-01-01 10:06:21;553.0;1745712381;100.293;102.497;94.356;102.269;
1900-01-01 10:06:22;554.0;1745712382;100.287;102.497;94.356;102.231;
1900-01-01 10:06:23;555.0;1745712383;100.287;102.489;94.349;102.34;
1900-01-01 10:06:24;556.0;1745712384;100.356;102.469;94.39;102.34;
1900-01-01 10:06:25;557.0;1745712385;100.404;102.469;94.39;102.304;
1900-01-01 10:06:26;558.0;1745712386;100.404;102.448;94.336;102.223;
1900-01-01 10:06:27;559.0;1745712387;100.442;102.462;94.366;102.223;
1900-01-01 10:06:28;560.0;1745712388;100.48;102.462;94.366;102.25;
1900-01-01 10:06:29;561.0;1745712389;100.48;102.428;94.327;102.206;
1900-01-01 10:06:30;562.0;1745712390;100.35;102.351;94.327;102.206;
1900-01-01 10:06:31;563.0;1745712391;100.283;102.351;94.249;102.236;
1900-01-01 10:06:32;564.0;1745712392;100.283;102.394;94.26;102.197;
1900-01-01 10:06:33;565.0;1745712393;100.325;102.457;94.26;102.197;
1900-01-01 10:06:34;566.0;1745712394;100.27;102.457;94.321;102.186;
1900-01-01 10:06:35;567.0;1745712395;100.27;102.46;94.313;102.186;
1900-01-01 10:06:36;568.0;1745712396;100.328;102.418;94.313;102.206;
1900-01-01 10:06:37;569.0;1745712397;100.328;102.418;94.275;102.243;
1900-01-01 10:06:38;570.0;1745712398;100.342;102.529;94.296;102.311;
1900-01-01 10:06:39;571.0;1745712399;100.237;102.529;94.296;102.311;
1900-01-01 10:06:40;572.0;1745712400;100.237;102.417;94.238;102.266;
1900-01-01 10:06:41;573.0;1745712401;100.269;102.479;94.261;102.266;
1900-01-01 10:06:42;574.0;1745712402;100.292;102.472;94.261;102.259;
1900-01-01 10:06:43;575.0;1745712403;100.292;102.472;94.275;102.239;
1900-01-01 10:06:44;576.0;1745712404;100.236;102.491;94.235;102.239;
1900-01-01 10:06:45;577.0;1745712405;100.34;102.491;94.235;102.309;
1900-01-01 10:06:46;578.0;1745712406;100.34;102.416;94.184;102.243;
1900-01-01 10:06:48;579.0;1745712408;100.281;102.469;94.278;102.243;
1900-01-01 10:06:48;580.0;1745712408;100.336;102.469;94.278;102.208;
1900-01-01 10:06:49;581.0;1745712409;100.336;102.38;94.271;102.194;
1900-01-01 10:06:50;582.0;1745712410;100.361;102.43;94.271;102.194;
1900-01-01 10:06:51;583.0;1745712411;100.377;102.43;94.285;102.304;
1900-01-01 10:06:53;584.0;1745712413;100.377;102.453;94.255;102.26;
1900-01-01 10:06:53;585.0;1745712413;100.387;102.436;94.255;102.26;
1900-01-01 10:06:54;586.0;1745712414;100.284;102.436;94.345;102.364;
1900-01-01 10:06:55;587.0;1745712415;100.284;102.426;94.272;102.313;
1900-01-01 10:06:56;588.0;1745712416;100.328;102.486;94.272;102.313;
1900-01-01 10:06:57;589.0;1745712417;100.328;102.486;94.367;102.272;
1900-01-01 10:06:58;590.0;1745712418;100.335;102.425;94.391;102.272;
1900-01-01 10:06:59;591.0;1745712419;100.299;102.425;94.391;102.272;
1900-01-01 10:07:00;592.0;1745712420;100.299;102.516;94.328;102.249;
1900-01-01 10:07:01;593.0;1745712421;100.271;102.502;94.266;102.249;
1900-01-01 10:07:03;594.0;1745712423;100.218;102.45;94.266;102.326;
1900-01-01 10:07:03;595.0;1745712423;100.218;102.45;94.143;102.257;
1900-01-01 10:07:04;596.0;1745712424;100.242;102.439;94.085;102.257;
1900-01-01 10:07:05;597.0;1745712425;100.231;102.439;94.085;102.283;
1900-01-01 10:07:06;598.0;1745712426;100.231;102.467;94.203;102.278;
1900-01-01 10:07:07;599.0;1745712427;100.21;102.433;94.062;102.278;
1900-01-01 10:07:08;600.0;1745712428;100.146;102.433;94.062;102.218;
1900-01-01 10:07:09;601.0;1745712429;100.146;102.474;94.015;102.332;
1900-01-01 10:07:10;602.0;1745712430;100.189;102.489;94.073;102.332;
1900-01-01 10:07:11;603.0;1745712431;100.247;102.489;94.073;102.314;
1900-01-01 10:07:12;604.0;1745712432;100.247;102.458;94.127;102.217;
1900-01-01 10:07:13;605.0;1745712433;100.253;102.499;94.127;102.217;
1900-01-01 10:07:14;606.0;1745712434;100.194;102.499;94.021;102.314;
1900-01-01 10:07:15;607.0;1745712435;100.194;102.475;94.016;102.314;
1900-01-01 10:07:16;608.0;1745712436;100.208;102.464;94.016;102.254;
1900-01-01 10:07:17;609.0;1745712437;100.164;102.464;93.907;102.26;
1900-01-01 10:07:18;610.0;1745712438;100.164;102.457;94.005;102.26;
1900-01-01 10:07:19;611.0;1745712439;100.079;102.478;94.005;102.26;
1900-01-01 10:07:20;612.0;1745712440;100.079;102.478;93.964;102.234;
1900-01-01 10:07:21;613.0;1745712441;100.089;102.38;93.973;102.316;
1900-01-01 10:07:22;614.0;1745712442;100.192;102.481;93.973;102.316;
1900-01-01 10:07:23;615.0;1745712443;100.192;102.481;94.046;102.385;
1900-01-01 10:07:24;616.0;1745712444;100.208;102.358;94.009;102.266;
1900-01-01 10:07:25;617.0;1745712445;100.235;102.317;94.009;102.266;
1900-01-01 10:07:26;618.0;1745712446;100.235;102.317;93.986;102.328;
1900-01-01 10:07:27;619.0;1745712447;100.232;102.317;94.01;102.328;
1900-01-01 10:07:29;620.0;1745712449;100.206;102.261;94.01;102.22;
1900-01-01 10:07:29;621.0;1745712449;100.206;102.261;93.933;102.315;
1900-01-01 10:07:30;622.0;1745712450;100.189;102.29;94.078;102.315;
1900-01-01 10:07:31;623.0;1745712451;100.08;102.29;94.078;102.321;
1900-01-01 10:07:32;624.0;1745712452;100.08;102.41;94.094;102.328;
1900-01-01 10:07:33;625.0;1745712453;100.114;102.316;94.113;102.328;
1900-01-01 10:07:34;626.0;1745712454;100.185;102.316;94.113;102.279;
1900-01-01 10:07:35;627.0;1745712455;100.185;102.203;94.042;102.267;
1900-01-01 10:07:37;628.0;1745712457;100.156;102.259;93.926;102.267;
1900-01-01 10:07:37;629.0;1745712457;100.066;102.259;93.926;102.24;
1900-01-01 10:07:38;630.0;1745712458;100.066;102.22;93.911;102.273;
1900-01-01 10:07:39;631.0;1745712459;100.173;102.246;93.911;102.273;
1900-01-01 10:07:40;632.0;1745712460;100.209;102.246;93.899;102.244;
1900-01-01 10:07:41;633.0;1745712461;100.209;102.218;93.979;102.249;
1900-01-01 10:07:42;634.0;1745712462;100.157;102.317;93.979;102.249;
1900-01-01 10:07:43;635.0;1745712463;100.157;102.317;93.835;102.213;
1900-01-01 10:07:44;636.0;1745712464;100.199;102.168;93.964;102.213;
1900-01-01 10:07:45;637.0;1745712465;100.199;102.168;93.964;102.211;
1900-01-01 10:07:46;638.0;1745712466;100.199;102.163;93.968;102.304;
1900-01-01 10:07:47;639.0;1745712467;100.154;102.252;93.909;102.304;
1900-01-01 10:07:48;640.0;1745712468;100.241;102.252;93.909;102.231;
1900-01-01 10:07:49;641.0;1745712469;100.241;102.223;93.852;102.292;
1900-01-01 10:07:50;642.0;1745712470;100.111;102.185;93.886;102.292;
1900-01-01 10:07:52;643.0;1745712472;100.187;102.152;93.886;102.357;
1900-01-01 10:07:52;644.0;1745712472;100.187;102.152;93.892;102.254;
1900-01-01 10:07:53;645.0;1745712473;100.057;102.072;93.9;102.254;
1900-01-01 10:07:54;646.0;1745712474;100.037;102.072;93.9;102.283;
1900-01-01 10:07:55;647.0;1745712475;100.037;102.083;93.896;102.258;
1900-01-01 10:07:56;648.0;1745712476;100.094;102.154;93.896;102.258;
1900-01-01 10:07:57;649.0;1745712477;100.133;102.154;93.798;102.274;
1900-01-01 10:07:58;650.0;1745712478;100.133;102.081;93.771;102.28;
1900-01-01 10:07:59;651.0;1745712479;100.113;102.201;93.771;102.28;
1900-01-01 10:08:00;652.0;1745712480;100.113;102.201;93.698;102.279;
1900-01-01 10:08:01;653.0;1745712481;100.097;102.133;93.711;102.31;
1900-01-01 10:08:03;654.0;1745712483;100.114;102.223;93.711;102.31;
1900-01-01 10:08:03;655.0;1745712483;100.114;102.223;93.835;102.284;
1900-01-01 10:08:04;656.0;1745712484;100.131;102.23;93.955;102.284;
1900-01-01 10:08:05;657.0;1745712485;100.064;102.314;93.955;102.266;
1900-01-01 10:08:06;658.0;1745712486;100.064;102.314;94.02;102.288;
1900-01-01 10:08:07;659.0;1745712487;99.979;102.311;93.966;102.288;
1900-01-01 10:08:08;660.0;1745712488;100.064;102.311;93.966;102.343;
1900-01-01 10:08:09;661.0;1745712489;100.064;102.274;94.005;102.332;
1900-01-01 10:08:10;662.0;1745712490;100.026;102.238;94.005;102.332;
1900-01-01 10:08:11;663.0;1745712491;100.073;102.238;93.803;102.281;
1900-01-01 10:08:12;664.0;1745712492;100.073;102.271;93.786;102.314;
1900-01-01 10:08:13;665.0;1745712493;99.993;102.274;93.786;102.314;
1900-01-01 10:08:14;666.0;1745712494;100.027;102.274;93.761;102.402;
1900-01-01 10:08:15;667.0;1745712495;100.027;102.296;93.739;102.402;
1900-01-01 10:08:16;668.0;1745712496;100.001;102.247;93.739;102.332;
1900-01-01 10:08:18;669.0;1745712498;99.984;102.247;93.725;102.321;
1900-01-01 10:08:18;670.0;1745712498;99.984;102.232;93.777;102.321;
1900-01-01 10:08:19;671.0;1745712499;99.961;102.288;93.777;102.225;
1900-01-01 10:08:20;672.0;1745712500;99.961;102.288;93.827;102.263;
1900-01-01 10:08:21;673.0;1745712501;100.092;102.3;93.835;102.263;
1900-01-01 10:08:23;674.0;1745712503;100.053;102.325;93.835;102.323;
1900-01-01 10:08:23;675.0;1745712503;100.053;102.325;93.89;102.288;
1900-01-01 10:08:24;676.0;1745712504;99.987;102.298;93.844;102.288;
1900-01-01 10:08:25;677.0;1745712505;100.004;102.298;93.844;102.273;
1900-01-01 10:08:26;678.0;1745712506;100.004;102.232;93.871;102.309;
1900-01-01 10:08:27;679.0;1745712507;99.991;102.241;93.867;102.309;
1900-01-01 10:08:28;680.0;1745712508;100.073;102.241;93.867;102.253;
1900-01-01 10:08:29;681.0;1745712509;100.073;102.295;93.712;102.293;
1900-01-01 10:08:30;682.0;1745712510;100.044;102.235;93.678;102.293;
1900-01-01 10:08:31;683.0;1745712511;100.078;102.235;93.678;102.353;
1900-01-01 10:08:32;684.0;1745712512;100.078;102.196;93.658;102.271;
1900-01-01 10:08:34;685.0;1745712514;100.066;102.18;93.708;102.271;
1900-01-01 10:08:34;686.0;1745712514;100.015;102.18;93.708;102.275;
1900-01-01 10:08:35;687.0;1745712515;100.015;102.177;93.716;102.353;
1900-01-01 10:08:36;688.0;1745712516;99.95;102.246;93.762;102.353;
1900-01-01 10:08:37;689.0;1745712517;99.95;102.246;93.762;102.374;
1900-01-01 10:08:38;690.0;1745712518;99.924;102.201;93.702;102.424;
1900-01-01 10:08:39;691.0;1745712519;99.871;102.159;93.702;102.424;
1900-01-01 10:08:40;692.0;1745712520;99.871;102.159;93.764;102.316;
1900-01-01 10:08:41;693.0;1745712521;99.953;102.197;93.784;102.316;
1900-01-01 10:08:42;694.0;1745712522;99.99;102.197;93.784;102.309;
1900-01-01 10:08:43;695.0;1745712523;99.99;102.116;93.766;102.417;
1900-01-01 10:08:44;696.0;1745712524;99.987;102.14;93.808;102.417;
1900-01-01 10:08:45;697.0;1745712525;99.986;102.14;93.808;102.327;
1900-01-01 10:08:46;698.0;1745712526;99.986;102.137;93.746;102.418;
1900-01-01 10:08:48;699.0;1745712528;99.994;102.118;93.619;102.418;
1900-01-01 10:08:48;700.0;1745712528;100.08;102.118;93.619;102.331;
1900-01-01 10:08:49;701.0;1745712529;100.08;102.242;93.435;102.389;
1900-01-01 10:08:50;702.0;1745712530;100.099;102.201;93.435;102.389;
1900-01-01 10:08:51;703.0;1745712531;100.001;102.201;93.325;102.37;
1900-01-01 10:08:52;704.0;1745712532;100.001;102.172;93.391;102.353;
1900-01-01 10:08:53;705.0;1745712533;100.088;102.164;93.391;102.353;
1900-01-01 10:08:54;706.0;1745712534;100.088;102.164;93.374;102.387;
1900-01-01 10:08:55;707.0;1745712535;100.041;102.152;93.4;102.387;
1900-01-01 10:08:56;708.0;1745712536;100.083;102.104;93.4;102.351;
1900-01-01 10:08:57;709.0;1745712537;100.083;102.104;93.462;102.334;
1900-01-01 10:08:58;710.0;1745712538;99.854;102.051;93.542;102.334;
1900-01-01 10:08:59;711.0;1745712539;99.863;102.102;93.542;102.372;
1900-01-01 10:09:00;712.0;1745712540;99.863;102.102;93.582;102.297;
1900-01-01 10:09:01;713.0;1745712541;99.881;102.098;93.557;102.297;
1900-01-01 10:09:02;714.0;1745712542;99.831;102.128;93.557;102.32;
1900-01-01 10:09:03;715.0;1745712543;99.831;102.128;93.551;102.284;
1900-01-01 10:09:04;716.0;1745712544;99.825;102.083;93.539;102.284;
1900-01-01 10:09:05;717.0;1745712545;99.747;102.083;93.539;102.324;
1900-01-01 10:09:06;718.0;1745712546;99.747;102.163;93.485;102.318;
1900-01-01 10:09:07;719.0;1745712547;99.804;102.054;93.485;102.318;
1900-01-01 10:09:08;720.0;1745712548;99.801;102.054;93.457;102.324;
1900-01-01 10:09:09;721.0;1745712549;99.801;102.142;93.437;102.336;
1900-01-01 10:09:10;722.0;1745712550;99.863;102.137;93.475;102.336;
1900-01-01 10:09:11;723.0;1745712551;99.852;102.137;93.475;102.207;
1900-01-01 10:09:12;724.0;1745712552;99.852;102.114;93.52;102.3;
1900-01-01 10:09:13;725.0;1745712553;99.866;102.094;93.462;102.3;
1900-01-01 10:09:14;726.0;1745712554;99.739;102.094;93.462;102.257;
1900-01-01 10:09:15;727.0;1745712555;99.739;102.123;93.424;102.339;
1900-01-01 10:09:16;728.0;1745712556;99.88;102.004;93.424;102.339;
1900-01-01 10:09:17;729.0;1745712557;99.888;102.004;93.43;102.348;
1900-01-01 10:09:18;730.0;1745712558;99.888;102.054;93.428;102.293;
1900-01-01 10:09:19;731.0;1745712559;99.824;102.029;93.497;102.293;
1900-01-01 10:09:20;732.0;1745712560;99.824;102.029;93.497;102.375;
1900-01-01 10:09:21;733.0;1745712561;99.824;102.042;93.5;102.428;
1900-01-01 10:09:22;734.0;1745712562;99.807;102.059;93.5;102.428;
1900-01-01 10:09:23;735.0;1745712563;99.761;102.059;93.518;102.315;
1900-01-01 10:09:24;736.0;1745712564;99.761;102.09;93.511;102.37;
1900-01-01 10:09:25;737.0;1745712565;99.812;101.979;93.586;102.37;
1900-01-01 10:09:27;738.0;1745712567;99.797;101.979;93.586;102.311;
1900-01-01 10:09:27;739.0;1745712567;99.797;102.066;93.504;102.377;
1900-01-01 10:09:28;740.0;1745712568;99.759;102.055;93.504;102.377;
1900-01-01 10:09:29;741.0;1745712569;99.759;102.055;93.507;102.293;
1900-01-01 10:09:30;742.0;1745712570;99.754;102.121;93.381;102.293;
1900-01-01 10:09:31;743.0;1745712571;99.63;102.035;93.381;102.27;
1900-01-01 10:09:32;744.0;1745712572;99.678;102.035;93.415;102.284;
1900-01-01 10:09:33;745.0;1745712573;99.678;102.077;93.407;102.32;
1900-01-01 10:09:34;746.0;1745712574;99.817;102.022;93.407;102.32;
1900-01-01 10:09:35;747.0;1745712575;99.817;102.022;93.452;102.335;
1900-01-01 10:09:36;748.0;1745712576;99.715;102.017;93.525;102.335;
1900-01-01 10:09:37;749.0;1745712577;99.72;102.016;93.525;102.334;
1900-01-01 10:09:38;750.0;1745712578;99.814;102.016;93.592;102.292;
1900-01-01 10:09:40;751.0;1745712580;99.814;101.952;93.489;102.27;
1900-01-01 10:09:40;752.0;1745712580;99.766;101.972;93.489;102.27;
1900-01-01 10:09:41;753.0;1745712581;99.766;101.972;93.436;102.363;
1900-01-01 10:09:42;754.0;1745712582;99.772;102.008;93.446;102.363;
1900-01-01 10:09:43;755.0;1745712583;99.901;102.086;93.446;102.3;
1900-01-01 10:09:44;756.0;1745712584;99.901;102.086;93.348;102.313;
1900-01-01 10:09:45;757.0;1745712585;99.834;102.062;93.332;102.313;
1900-01-01 10:09:46;758.0;1745712586;99.832;102.062;93.332;102.254;
1900-01-01 10:09:47;759.0;1745712587;99.832;102.032;93.21;102.324;
1900-01-01 10:09:48;760.0;1745712588;99.793;101.963;93.258;102.324;
1900-01-01 10:09:49;761.0;1745712589;99.883;101.963;93.258;102.351;
1900-01-01 10:09:50;762.0;1745712590;99.883;102.039;93.187;102.327;
1900-01-01 10:09:51;763.0;1745712591;99.81;101.981;93.185;102.327;
1900-01-01 10:09:52;764.0;1745712592;99.831;101.981;93.185;102.285;
1900-01-01 10:09:53;765.0;1745712593;99.831;102.01;93.204;102.334;
1900-01-01 10:09:54;766.0;1745712594;99.84;102.03;93.204;102.334;
1900-01-01 10:09:55;767.0;1745712595;99.84;102.03;93.215;102.274;
1900-01-01 10:09:56;768.0;1745712596;99.824;101.965;93.215;102.269;
1900-01-01 10:09:57;769.0;1745712597;99.882;101.957;93.215;102.269;
1900-01-01 10:09:58;770.0;1745712598;99.882;101.957;93.177;102.276;
1900-01-01 10:09:59;771.0;1745712599;99.879;101.985;93.167;102.276;
1900-01-01 10:10:00;772.0;1745712600;99.825;102.053;93.167;102.256;
1900-01-01 10:10:01;773.0;1745712601;99.825;102.053;93.127;102.313;
1900-01-01 10:10:02;774.0;1745712602;99.869;101.941;93.181;102.313;
1900-01-01 10:10:03;775.0;1745712603;99.831;101.941;93.181;102.259;
1900-01-01 10:10:04;776.0;1745712604;99.831;102.05;93.132;102.384;
1900-01-01 10:10:05;777.0;1745712605;99.834;101.992;93.166;102.384;
1900-01-01 10:10:06;778.0;1745712606;99.787;101.953;93.166;102.297;
1900-01-01 10:10:07;779.0;1745712607;99.787;101.953;93.237;102.306;
1900-01-01 10:10:08;780.0;1745712608;99.767;101.923;93.134;102.306;
1900-01-01 10:10:09;781.0;1745712609;99.77;101.923;93.134;102.37;
1900-01-01 10:10:10;782.0;1745712610;99.77;101.899;93.177;102.363;
1900-01-01 10:10:11;783.0;1745712611;99.648;101.915;93.177;102.363;
1900-01-01 10:10:12;784.0;1745712612;99.685;101.915;93.174;102.355;
1900-01-01 10:10:13;785.0;1745712613;99.685;101.851;93.258;102.333;
1900-01-01 10:10:15;786.0;1745712615;99.581;101.971;93.251;102.333;
1900-01-01 10:10:15;787.0;1745712615;99.601;101.971;93.251;102.389;
1900-01-01 10:10:16;788.0;1745712616;99.601;101.911;93.257;102.464;
1900-01-01 10:10:17;789.0;1745712617;99.624;101.887;93.257;102.464;
1900-01-01 10:10:18;790.0;1745712618;99.741;101.887;93.219;102.436;
1900-01-01 10:10:19;791.0;1745712619;99.741;101.84;93.273;102.412;
1900-01-01 10:10:20;792.0;1745712620;99.66;101.888;93.273;102.412;
1900-01-01 10:10:21;793.0;1745712621;99.66;101.888;93.145;102.362;
1900-01-01 10:10:22;794.0;1745712622;99.703;101.942;93.104;102.362;
1900-01-01 10:10:23;795.0;1745712623;99.82;101.897;93.104;102.379;
1900-01-01 10:10:24;796.0;1745712624;99.82;101.897;93.138;102.301;
1900-01-01 10:10:25;797.0;1745712625;99.817;101.921;93.108;102.301;
1900-01-01 10:10:26;798.0;1745712626;99.794;101.921;93.108;102.314;
1900-01-01 10:10:27;799.0;1745712627;99.794;101.883;93.171;102.251;
1900-01-01 10:10:28;800.0;1745712628;99.783;101.88;93.146;102.251;
1900-01-01 10:10:29;801.0;1745712629;99.823;101.88;93.146;102.345;
1900-01-01 10:10:30;802.0;1745712630;99.823;101.963;93.186;102.351;
1900-01-01 10:10:31;803.0;1745712631;99.752;101.931;93.186;102.351;
1900-01-01 10:10:32;804.0;1745712632;99.653;101.931;93.202;102.325;
1900-01-01 10:10:33;805.0;1745712633;99.653;101.996;93.185;102.357;
1900-01-01 10:10:34;806.0;1745712634;99.632;101.999;93.185;102.357;
1900-01-01 10:10:35;807.0;1745712635;99.595;101.999;93.087;102.264;
1900-01-01 10:10:36;808.0;1745712636;99.595;101.871;93.156;102.264;
1900-01-01 10:10:37;809.0;1745712637;99.524;101.97;93.156;102.315;
1900-01-01 10:10:38;810.0;1745712638;99.512;101.97;93.088;102.293;
1900-01-01 10:10:39;811.0;1745712639;99.512;101.925;92.99;102.293;
1900-01-01 10:10:40;812.0;1745712640;99.573;101.989;92.99;102.387;
1900-01-01 10:10:41;813.0;1745712641;99.573;101.989;92.99;102.344;
1900-01-01 10:10:42;814.0;1745712642;99.663;101.985;92.992;102.312;
1900-01-01 10:10:43;815.0;1745712643;99.637;101.985;92.992;102.312;
1900-01-01 10:10:44;816.0;1745712644;99.637;101.94;93.014;102.391;
1900-01-01 10:10:45;817.0;1745712645;99.623;101.969;92.931;102.391;
1900-01-01 10:10:47;818.0;1745712647;99.551;102.066;92.931;102.285;
1900-01-01 10:10:47;819.0;1745712647;99.551;102.066;92.965;102.337;
1900-01-01 10:10:48;820.0;1745712648;99.401;101.992;92.982;102.337;
1900-01-01 10:10:49;821.0;1745712649;99.389;101.955;92.982;102.347;
1900-01-01 10:10:50;822.0;1745712650;99.389;101.955;93.009;102.361;
1900-01-01 10:10:51;823.0;1745712651;99.46;101.925;92.986;102.361;
1900-01-01 10:10:52;824.0;1745712652;99.438;101.925;92.986;102.388;
1900-01-01 10:10:53;825.0;1745712653;99.438;101.908;93.003;102.375;
1900-01-01 10:10:54;826.0;1745712654;99.473;101.845;93.003;102.375;
1900-01-01 10:10:56;827.0;1745712656;99.489;101.845;92.942;102.312;
1900-01-01 10:10:56;828.0;1745712656;99.489;101.89;92.922;102.284;
1900-01-01 10:10:57;829.0;1745712657;99.469;101.942;92.922;102.284;
1900-01-01 10:10:59;830.0;1745712659;99.479;101.942;92.856;102.278;
1900-01-01 10:10:59;831.0;1745712659;99.479;101.838;92.772;102.278;
1900-01-01 10:11:00;832.0;1745712660;99.443;101.909;92.772;102.325;
1900-01-01 10:11:01;833.0;1745712661;99.443;101.909;92.833;102.284;
1900-01-01 10:11:02;834.0;1745712662;99.45;101.868;92.896;102.284;
1900-01-01 10:11:03;835.0;1745712663;99.45;101.843;92.896;102.333;
1900-01-01 10:11:04;836.0;1745712664;99.45;101.843;92.935;102.331;
1900-01-01 10:11:05;837.0;1745712665;99.493;101.842;92.942;102.331;
1900-01-01 10:11:07;838.0;1745712667;99.441;101.911;92.942;102.327;
1900-01-01 10:11:07;839.0;1745712667;99.441;101.911;92.82;102.399;
1900-01-01 10:11:08;840.0;1745712668;99.548;101.947;92.821;102.399;
1900-01-01 10:11:09;841.0;1745712669;99.593;101.947;92.821;102.4;
1900-01-01 10:11:10;842.0;1745712670;99.593;101.803;92.821;102.335;
1900-01-01 10:11:11;843.0;1745712671;99.591;101.854;92.821;102.335;
1900-01-01 10:11:12;844.0;1745712672;99.653;101.854;92.863;102.425;
1900-01-01 10:11:13;845.0;1745712673;99.653;101.834;92.794;102.384;
1900-01-01 10:11:14;846.0;1745712674;99.617;101.882;92.794;102.384;
1900-01-01 10:11:15;847.0;1745712675;99.55;101.882;92.884;102.341;
1900-01-01 10:11:16;848.0;1745712676;99.55;101.861;92.894;102.348;
1900-01-01 10:11:17;849.0;1745712677;99.509;101.846;92.894;102.348;
1900-01-01 10:11:18;850.0;1745712678;99.509;101.846;92.98;102.373;
1900-01-01 10:11:19;851.0;1745712679;99.466;101.79;92.967;102.373;
1900-01-01 10:11:20;852.0;1745712680;99.53;101.803;92.967;102.391;
1900-01-01 10:11:21;853.0;1745712681;99.454;101.803;93.005;102.244;
1900-01-01 10:11:22;854.0;1745712682;99.454;101.857;93.0;102.244;
1900-01-01 10:11:23;855.0;1745712683;99.478;101.784;93.0;102.43;
1900-01-01 10:11:24;856.0;1745712684;99.458;101.784;92.904;102.376;
1900-01-01 10:11:25;857.0;1745712685;99.458;101.856;92.837;102.376;
1900-01-01 10:11:26;858.0;1745712686;99.365;101.919;92.837;102.37;
1900-01-01 10:11:27;859.0;1745712687;99.365;101.919;92.989;102.321;
1900-01-01 10:11:28;860.0;1745712688;99.445;101.792;92.849;102.321;
1900-01-01 10:11:29;861.0;1745712689;99.456;101.792;92.849;102.431;
1900-01-01 10:11:30;862.0;1745712690;99.456;101.849;92.893;102.324;
1900-01-01 10:11:32;863.0;1745712692;99.482;101.84;92.877;102.324;
1900-01-01 10:11:32;864.0;1745712692;99.534;101.84;92.877;102.336;
1900-01-01 10:11:33;865.0;1745712693;99.534;101.828;92.739;102.293;
1900-01-01 10:11:35;866.0;1745712695;99.591;101.761;92.721;102.293;
1900-01-01 10:11:35;867.0;1745712695;99.538;101.761;92.721;102.309;
1900-01-01 10:11:36;868.0;1745712696;99.538;101.796;92.713;102.313;
1900-01-01 10:11:37;869.0;1745712697;99.626;101.802;92.713;102.313;
1900-01-01 10:11:38;870.0;1745712698;99.57;101.802;92.653;102.303;
1900-01-01 10:11:39;871.0;1745712699;99.57;101.825;92.683;102.312;
1900-01-01 10:11:40;872.0;1745712700;99.519;101.823;92.683;102.312;
1900-01-01 10:11:41;873.0;1745712701;99.38;101.823;92.701;102.349;
1900-01-01 10:11:43;874.0;1745712703;99.38;101.684;92.754;102.294;
1900-01-01 10:11:43;875.0;1745712703;99.413;101.762;92.754;102.294;
1900-01-01 10:11:44;876.0;1745712704;99.413;101.762;92.784;102.308;
1900-01-01 10:11:45;877.0;1745712705;99.34;101.779;92.606;102.308;
1900-01-01 10:11:46;878.0;1745712706;99.315;101.779;92.606;102.345;
1900-01-01 10:11:47;879.0;1745712707;99.315;101.714;92.689;102.346;
1900-01-01 10:11:48;880.0;1745712708;99.363;101.756;92.695;102.346;
1900-01-01 10:11:50;881.0;1745712710;99.337;101.804;92.695;102.323;
1900-01-01 10:11:50;882.0;1745712710;99.337;101.804;92.674;102.306;
1900-01-01 10:11:51;883.0;1745712711;99.316;101.713;92.569;102.306;
1900-01-01 10:11:52;884.0;1745712712;99.255;101.713;92.569;102.311;
1900-01-01 10:11:53;885.0;1745712713;99.255;101.761;92.589;102.308;
1900-01-01 10:11:54;886.0;1745712714;99.239;101.832;92.589;102.308;
1900-01-01 10:11:55;887.0;1745712715;99.227;101.832;92.585;102.33;
1900-01-01 10:11:56;888.0;1745712716;99.227;101.754;92.619;102.379;
1900-01-01 10:11:57;889.0;1745712717;99.196;101.673;92.635;102.379;
1900-01-01 10:11:58;890.0;1745712718;99.316;101.673;92.635;102.28;
1900-01-01 10:11:59;891.0;1745712719;99.316;101.654;92.581;102.306;
1900-01-01 10:12:00;892.0;1745712720;99.167;101.683;92.581;102.306;
1900-01-01 10:12:02;893.0;1745712722;99.325;101.683;92.518;102.352;
1900-01-01 10:12:02;894.0;1745712722;99.325;101.735;92.479;102.352;
1900-01-01 10:12:03;895.0;1745712723;99.251;101.665;92.479;102.347;
1900-01-01 10:12:04;896.0;1745712724;99.287;101.665;92.578;102.362;
1900-01-01 10:12:05;897.0;1745712725;99.287;101.758;92.532;102.362;
1900-01-01 10:12:06;898.0;1745712726;99.429;101.693;92.532;102.341;
1900-01-01 10:12:08;899.0;1745712728;99.436;101.693;92.598;102.272;
1900-01-01 10:12:08;900.0;1745712728;99.436;101.584;92.631;102.272;
1900-01-01 10:12:09;901.0;1745712729;99.35;101.622;92.631;102.339;
1900-01-01 10:12:10;902.0;1745712730;99.35;101.622;92.697;102.327;
1900-01-01 10:12:11;903.0;1745712731;99.393;101.665;92.618;102.327;
1900-01-01 10:12:12;904.0;1745712732;99.373;101.665;92.618;102.28;
1900-01-01 10:12:13;905.0;1745712733;99.373;101.676;92.636;102.361;
1900-01-01 10:12:14;906.0;1745712734;99.293;101.688;92.636;102.361;
1900-01-01 10:12:15;907.0;1745712735;99.223;101.688;92.629;102.334;
1900-01-01 10:12:16;908.0;1745712736;99.223;101.74;92.75;102.38;
1900-01-01 10:12:17;909.0;1745712737;99.297;101.654;92.75;102.38;
1900-01-01 10:12:18;910.0;1745712738;99.297;101.654;92.652;102.397;
1900-01-01 10:12:19;911.0;1745712739;99.297;101.729;92.575;102.29;
1900-01-01 10:12:20;912.0;1745712740;99.254;101.646;92.575;102.29;
1900-01-01 10:12:21;913.0;1745712741;99.299;101.646;92.473;102.359;
1900-01-01 10:12:22;914.0;1745712742;99.299;101.7;92.461;102.274;
1900-01-01 10:12:23;915.0;1745712743;99.266;101.668;92.461;102.274;
1900-01-01 10:12:24;916.0;1745712744;99.266;101.668;92.375;102.294;
1900-01-01 10:12:25;917.0;1745712745;99.255;101.636;92.387;102.269;
1900-01-01 10:12:26;918.0;1745712746;99.225;101.608;92.387;102.269;
1900-01-01 10:12:27;919.0;1745712747;99.225;101.608;92.418;102.309;
1900-01-01 10:12:28;920.0;1745712748;99.156;101.587;92.4;102.309;
1900-01-01 10:12:29;921.0;1745712749;99.187;101.601;92.4;102.397;
1900-01-01 10:12:30;922.0;1745712750;99.116;101.601;92.427;102.328;
1900-01-01 10:12:31;923.0;1745712751;99.116;101.499;92.483;102.328;
1900-01-01 10:12:32;924.0;1745712752;99.165;101.508;92.483;102.324;
1900-01-01 10:12:33;925.0;1745712753;99.165;101.508;92.48;102.332;
1900-01-01 10:12:34;926.0;1745712754;99.152;101.629;92.469;102.332;
1900-01-01 10:12:35;927.0;1745712755;99.147;101.629;92.469;102.361;
1900-01-01 10:12:36;928.0;1745712756;99.147;101.578;92.488;102.389;
1900-01-01 10:12:37;929.0;1745712757;99.283;101.617;92.406;102.389;
1900-01-01 10:12:38;930.0;1745712758;99.27;101.617;92.406;102.465;
1900-01-01 10:12:39;931.0;1745712759;99.27;101.504;92.416;102.368;
1900-01-01 10:12:40;932.0;1745712760;99.315;101.56;92.329;102.368;
1900-01-01 10:12:41;933.0;1745712761;99.359;101.56;92.329;102.339;
1900-01-01 10:12:42;934.0;1745712762;99.359;101.547;92.293;102.31;
1900-01-01 10:12:44;935.0;1745712764;99.247;101.589;92.26;102.31;
1900-01-01 10:12:44;936.0;1745712764;99.366;101.589;92.26;102.35;
1900-01-01 10:12:45;937.0;1745712765;99.366;101.584;92.336;102.34;
1900-01-01 10:12:46;938.0;1745712766;99.267;101.577;92.336;102.34;
1900-01-01 10:12:47;939.0;1745712767;99.213;101.577;92.345;102.326;
1900-01-01 10:12:48;940.0;1745712768;99.213;101.593;92.331;102.312;
1900-01-01 10:12:49;941.0;1745712769;99.245;101.524;92.331;102.312;
1900-01-01 10:12:50;942.0;1745712770;99.245;101.524;92.379;102.33;
1900-01-01 10:12:51;943.0;1745712771;99.236;101.523;92.342;102.33;
1900-01-01 10:12:52;944.0;1745712772;99.25;101.523;92.342;102.33;
1900-01-01 10:12:53;945.0;1745712773;99.25;101.532;92.394;102.322;
1900-01-01 10:12:54;946.0;1745712774;99.268;101.502;92.489;102.322;
1900-01-01 10:12:55;947.0;1745712775;99.312;101.502;92.489;102.305;
1900-01-01 10:12:56;948.0;1745712776;99.312;101.605;92.486;102.347;
1900-01-01 10:12:57;949.0;1745712777;99.212;101.534;92.592;102.347;
1900-01-01 10:12:58;950.0;1745712778;99.194;101.534;92.592;102.387;
1900-01-01 10:12:59;951.0;1745712779;99.194;101.556;92.482;102.446;
1900-01-01 10:13:01;952.0;1745712781;99.179;101.528;92.426;102.446;
1900-01-01 10:13:01;953.0;1745712781;99.195;101.528;92.426;102.353;
1900-01-01 10:13:02;954.0;1745712782;99.195;101.552;92.412;102.318;
1900-01-01 10:13:03;955.0;1745712783;99.145;101.564;92.412;102.318;
1900-01-01 10:13:04;956.0;1745712784;99.111;101.564;92.333;102.415;
1900-01-01 10:13:05;957.0;1745712785;99.111;101.511;92.331;102.415;
1900-01-01 10:13:06;958.0;1745712786;99.126;101.518;92.331;102.296;
1900-01-01 10:13:07;959.0;1745712787;99.049;101.518;92.331;102.338;
1900-01-01 10:13:08;960.0;1745712788;99.049;101.549;92.348;102.343;
1900-01-01 10:13:09;961.0;1745712789;99.129;101.516;92.348;102.343;
1900-01-01 10:13:10;962.0;1745712790;99.129;101.516;92.249;102.389;
1900-01-01 10:13:11;963.0;1745712791;99.118;101.502;92.293;102.389;
1900-01-01 10:13:13;964.0;1745712793;99.138;101.5;92.293;102.339;
1900-01-01 10:13:13;965.0;1745712793;99.138;101.5;92.172;102.292;
1900-01-01 10:13:14;966.0;1745712794;99.164;101.583;92.138;102.292;
1900-01-01 10:13:15;967.0;1745712795;99.129;101.583;92.138;102.307;
1900-01-01 10:13:16;968.0;1745712796;99.129;101.559;92.099;102.451;
1900-01-01 10:13:17;969.0;1745712797;99.154;101.505;92.155;102.451;
1900-01-01 10:13:18;970.0;1745712798;99.165;101.505;92.155;102.292;
1900-01-01 10:13:19;971.0;1745712799;99.165;101.495;92.182;102.374;
1900-01-01 10:13:20;972.0;1745712800;99.056;101.543;92.127;102.374;
1900-01-01 10:13:21;973.0;1745712801;99.022;101.543;92.127;102.386;
1900-01-01 10:13:22;974.0;1745712802;99.022;101.413;92.075;102.444;
1900-01-01 10:13:23;975.0;1745712803;98.988;101.547;92.058;102.444;
1900-01-01 10:13:24;976.0;1745712804;98.988;101.547;92.058;102.398;
1900-01-01 10:13:25;977.0;1745712805;98.946;101.534;92.121;102.358;
1900-01-01 10:13:26;978.0;1745712806;99.037;101.437;92.121;102.358;
1900-01-01 10:13:27;979.0;1745712807;99.037;101.437;92.048;102.388;
1900-01-01 10:13:28;980.0;1745712808;99.034;101.543;92.075;102.388;
1900-01-01 10:13:29;981.0;1745712809;99.05;101.488;92.075;102.339;
1900-01-01 10:13:30;982.0;1745712810;99.05;101.488;92.193;102.465;
1900-01-01 10:13:31;983.0;1745712811;99.029;101.478;92.282;102.465;
1900-01-01 10:13:32;984.0;1745712812;99.121;101.432;92.282;102.312;
1900-01-01 10:13:33;985.0;1745712813;99.121;101.432;92.219;102.345;
1900-01-01 10:13:34;986.0;1745712814;99.056;101.482;92.263;102.345;
1900-01-01 10:13:36;987.0;1745712816;99.018;101.323;92.263;102.378;
1900-01-01 10:13:36;988.0;1745712816;99.018;101.323;92.177;102.329;
1900-01-01 10:13:37;989.0;1745712817;99.028;101.449;92.159;102.329;
1900-01-01 10:13:39;990.0;1745712819;98.955;101.444;92.159;102.309;
1900-01-01 10:13:39;991.0;1745712819;98.955;101.444;92.06;102.333;
1900-01-01 10:13:40;992.0;1745712820;98.887;101.457;92.048;102.333;
1900-01-01 10:13:41;993.0;1745712821;98.941;101.457;92.048;102.442;
1900-01-01 10:13:42;994.0;1745712822;98.941;101.385;91.952;102.359;
1900-01-01 10:13:43;995.0;1745712823;98.925;101.398;91.952;102.359;
1900-01-01 10:13:44;996.0;1745712824;98.921;101.398;91.893;102.442;
1900-01-01 10:13:45;997.0;1745712825;98.921;101.453;92.008;102.375;
1900-01-01 10:13:46;998.0;1745712826;98.987;101.465;92.008;102.375;
1900-01-01 10:13:47;999.0;1745712827;98.962;101.465;91.95;102.328;
1900-01-01 10:13:48;1000.0;1745712828;98.962;101.345;91.952;102.313;
1900-01-01 10:13:50;1001.0;1745712830;99.045;101.349;92.05;102.313;
1900-01-01 10:13:50;1002.0;1745712830;99.045;101.349;92.05;102.4;
1900-01-01 10:13:51;1003.0;1745712831;98.94;101.492;92.096;102.406;
1900-01-01 10:13:52;1004.0;1745712832;98.992;101.396;92.096;102.406;
1900-01-01 10:13:53;1005.0;1745712833;98.992;101.396;91.99;102.403;
1900-01-01 10:13:54;1006.0;1745712834;98.98;101.435;91.962;102.403;
1900-01-01 10:13:56;1007.0;1745712836;99.038;101.404;91.962;102.427;
1900-01-01 10:13:56;1008.0;1745712836;99.038;101.404;91.98;102.348;
1900-01-01 10:13:57;1009.0;1745712837;99.069;101.364;92.109;102.348;
1900-01-01 10:13:58;1010.0;1745712838;98.978;101.364;92.109;102.404;
1900-01-01 10:13:59;1011.0;1745712839;98.978;101.486;92.033;102.335;
1900-01-01 10:14:01;1012.0;1745712841;98.935;101.443;91.997;102.335;
1900-01-01 10:14:01;1013.0;1745712841;98.896;101.443;91.997;102.38;
1900-01-01 10:14:02;1014.0;1745712842;98.896;101.483;91.932;102.378;
1900-01-01 10:14:03;1015.0;1745712843;98.796;101.513;91.932;102.378;
1900-01-01 10:14:04;1016.0;1745712844;98.717;101.513;91.896;102.411;
1900-01-01 10:14:05;1017.0;1745712845;98.717;101.417;91.89;102.392;
1900-01-01 10:14:06;1018.0;1745712846;98.591;101.394;91.89;102.392;
1900-01-01 10:14:07;1019.0;1745712847;98.617;101.394;91.948;102.372;
1900-01-01 10:14:08;1020.0;1745712848;98.617;101.465;91.999;102.363;
1900-01-01 10:14:09;1021.0;1745712849;98.65;101.436;91.999;102.363;
1900-01-01 10:14:10;1022.0;1745712850;98.611;101.436;92.005;102.358;
1900-01-01 10:14:11;1023.0;1745712851;98.611;101.465;92.03;102.358;
1900-01-01 10:14:12;1024.0;1745712852;98.529;101.365;92.03;102.446;
1900-01-01 10:14:13;1025.0;1745712853;98.59;101.365;92.077;102.325;
1900-01-01 10:14:14;1026.0;1745712854;98.59;101.36;92.048;102.29;
1900-01-01 10:14:15;1027.0;1745712855;98.546;101.384;92.048;102.29;
1900-01-01 10:14:16;1028.0;1745712856;98.551;101.384;92.134;102.295;
1900-01-01 10:14:17;1029.0;1745712857;98.551;101.383;92.089;102.376;
1900-01-01 10:14:18;1030.0;1745712858;98.612;101.448;92.089;102.376;
1900-01-01 10:14:19;1031.0;1745712859;98.555;101.448;91.936;102.367;
1900-01-01 10:14:21;1032.0;1745712861;98.555;101.353;91.864;102.435;
1900-01-01 10:14:21;1033.0;1745712861;98.606;101.411;91.864;102.435;
1900-01-01 10:14:22;1034.0;1745712862;98.601;101.411;91.888;102.411;
1900-01-01 10:14:23;1035.0;1745712863;98.601;101.302;91.893;102.252;
1900-01-01 10:14:24;1036.0;1745712864;98.673;101.384;91.893;102.252;
1900-01-01 10:14:25;1037.0;1745712865;98.673;101.384;91.89;102.402;
1900-01-01 10:14:26;1038.0;1745712866;98.64;101.298;91.864;102.364;
1900-01-01 10:14:28;1039.0;1745712868;98.672;101.272;91.864;102.364;
1900-01-01 10:14:28;1040.0;1745712868;98.672;101.272;91.844;102.255;
1900-01-01 10:14:29;1041.0;1745712869;98.601;101.337;91.969;102.255;
1900-01-01 10:14:30;1042.0;1745712870;98.657;101.308;91.969;102.346;
1900-01-01 10:14:31;1043.0;1745712871;98.657;101.308;91.988;102.3;
1900-01-01 10:14:32;1044.0;1745712872;98.658;101.281;91.933;102.3;
1900-01-01 10:14:33;1045.0;1745712873;98.666;101.329;91.933;102.359;
1900-01-01 10:14:34;1046.0;1745712874;98.666;101.329;91.794;102.34;
1900-01-01 10:14:35;1047.0;1745712875;98.782;101.29;91.762;102.34;
1900-01-01 10:14:36;1048.0;1745712876;98.778;101.29;91.762;102.364;
1900-01-01 10:14:37;1049.0;1745712877;98.778;101.324;91.793;102.313;
1900-01-01 10:14:38;1050.0;1745712878;98.636;101.207;91.773;102.313;
1900-01-01 10:14:39;1051.0;1745712879;98.606;101.207;91.773;102.296;
1900-01-01 10:14:40;1052.0;1745712880;98.606;101.267;91.733;102.376;
1900-01-01 10:14:42;1053.0;1745712882;98.534;101.228;91.649;102.376;
1900-01-01 10:14:42;1054.0;1745712882;98.534;101.228;91.649;102.347;
1900-01-01 10:14:43;1055.0;1745712883;98.522;101.213;91.719;102.313;
1900-01-01 10:14:44;1056.0;1745712884;98.538;101.088;91.719;102.313;
1900-01-01 10:14:45;1057.0;1745712885;98.538;101.088;91.726;102.348;
1900-01-01 10:14:46;1058.0;1745712886;98.472;101.083;91.798;102.348;
1900-01-01 10:14:47;1059.0;1745712887;98.451;101.144;91.798;102.408;
1900-01-01 10:14:48;1060.0;1745712888;98.489;101.144;91.752;102.347;
1900-01-01 10:14:49;1061.0;1745712889;98.489;101.187;91.645;102.347;
1900-01-01 10:14:50;1062.0;1745712890;98.496;101.203;91.645;102.382;
1900-01-01 10:14:51;1063.0;1745712891;98.496;101.203;91.596;102.35;
1900-01-01 10:14:52;1064.0;1745712892;98.581;101.22;91.597;102.31;
1900-01-01 10:14:53;1065.0;1745712893;98.582;101.226;91.597;102.31;
1900-01-01 10:14:54;1066.0;1745712894;98.582;101.226;91.669;102.417;
1900-01-01 10:14:55;1067.0;1745712895;98.58;101.225;91.66;102.417;
1900-01-01 10:14:56;1068.0;1745712896;98.571;101.225;91.66;102.32;
1900-01-01 10:14:57;1069.0;1745712897;98.571;101.162;91.709;102.377;
1900-01-01 10:14:59;1070.0;1745712899;98.549;101.228;91.657;102.377;
1900-01-01 10:14:59;1071.0;1745712899;98.585;101.228;91.657;102.421;
1900-01-01 10:15:00;1072.0;1745712900;98.585;101.27;91.643;102.271;
1900-01-01 10:15:01;1073.0;1745712901;98.695;101.211;91.678;102.271;
1900-01-01 10:15:03;1074.0;1745712903;98.643;101.211;91.678;102.3;
1900-01-01 10:15:03;1075.0;1745712903;98.643;101.217;91.806;102.376;
1900-01-01 10:15:04;1076.0;1745712904;98.617;101.287;91.806;102.376;
1900-01-01 10:15:05;1077.0;1745712905;98.615;101.287;91.866;102.271;
1900-01-01 10:15:06;1078.0;1745712906;98.615;101.226;91.84;102.271;
1900-01-01 10:15:07;1079.0;1745712907;98.592;101.197;91.84;102.344;
1900-01-01 10:15:08;1080.0;1745712908;98.592;101.197;91.894;102.317;
1900-01-01 10:15:09;1081.0;1745712909;98.636;101.273;91.742;102.317;
1900-01-01 10:15:10;1082.0;1745712910;98.548;101.242;91.742;102.309;
1900-01-01 10:15:11;1083.0;1745712911;98.548;101.242;91.676;102.353;
1900-01-01 10:15:12;1084.0;1745712912;98.526;101.275;91.675;102.353;
1900-01-01 10:15:13;1085.0;1745712913;98.497;101.275;91.675;102.316;
1900-01-01 10:15:14;1086.0;1745712914;98.497;101.333;91.64;102.339;
1900-01-01 10:15:15;1087.0;1745712915;98.579;101.269;91.567;102.339;
1900-01-01 10:15:16;1088.0;1745712916;98.581;101.269;91.567;102.444;
1900-01-01 10:15:17;1089.0;1745712917;98.581;101.357;91.438;102.366;
1900-01-01 10:15:18;1090.0;1745712918;98.608;101.325;91.538;102.366;
1900-01-01 10:15:19;1091.0;1745712919;98.454;101.303;91.538;102.399;
1900-01-01 10:15:20;1092.0;1745712920;98.454;101.303;91.584;102.394;
1900-01-01 10:15:21;1093.0;1745712921;98.474;101.345;91.628;102.394;
1900-01-01 10:15:22;1094.0;1745712922;98.383;101.345;91.628;102.443;
1900-01-01 10:15:23;1095.0;1745712923;98.383;101.271;91.717;102.381;
1900-01-01 10:15:24;1096.0;1745712924;98.442;101.238;91.717;102.381;
1900-01-01 10:15:25;1097.0;1745712925;98.35;101.238;91.685;102.403;
1900-01-01 10:15:26;1098.0;1745712926;98.35;101.373;91.608;102.363;
1900-01-01 10:15:27;1099.0;1745712927;98.377;101.26;91.608;102.363;
1900-01-01 10:15:28;1100.0;1745712928;98.318;101.26;91.49;102.451;
1900-01-01 10:15:30;1101.0;1745712930;98.318;101.313;91.532;102.4;
1900-01-01 10:15:30;1102.0;1745712930;98.384;101.343;91.532;102.4;
1900-01-01 10:15:31;1103.0;1745712931;98.384;101.343;91.537;102.366;
1900-01-01 10:15:32;1104.0;1745712932;98.384;101.277;91.495;102.419;
1900-01-01 10:15:33;1105.0;1745712933;98.362;101.226;91.495;102.419;
1900-01-01 10:15:34;1106.0;1745712934;98.362;101.226;91.455;102.424;
1900-01-01 10:15:35;1107.0;1745712935;98.328;101.147;91.384;102.424;
1900-01-01 10:15:36;1108.0;1745712936;98.284;101.258;91.384;102.411;
1900-01-01 10:15:37;1109.0;1745712937;98.284;101.258;91.338;102.385;
1900-01-01 10:15:38;1110.0;1745712938;98.263;101.269;91.284;102.385;
1900-01-01 10:15:39;1111.0;1745712939;98.265;101.269;91.284;102.322;
1900-01-01 10:15:40;1112.0;1745712940;98.265;101.295;91.187;102.431;
1900-01-01 10:15:42;1113.0;1745712942;98.271;101.235;91.205;102.431;
1900-01-01 10:15:42;1114.0;1745712942;98.267;101.235;91.205;102.398;
1900-01-01 10:15:43;1115.0;1745712943;98.267;101.196;91.212;102.382;
1900-01-01 10:15:44;1116.0;1745712944;98.254;101.144;91.212;102.382;
1900-01-01 10:15:45;1117.0;1745712945;98.256;101.144;91.331;102.356;
1900-01-01 10:15:46;1118.0;1745712946;98.256;101.099;91.34;102.324;
1900-01-01 10:15:47;1119.0;1745712947;98.287;101.156;91.34;102.324;
1900-01-01 10:15:48;1120.0;1745712948;98.235;101.156;91.46;102.427;
1900-01-01 10:15:50;1121.0;1745712950;98.235;101.136;91.356;102.448;
1900-01-01 10:15:50;1122.0;1745712950;98.164;101.199;91.356;102.448;
1900-01-01 10:15:51;1123.0;1745712951;98.164;101.199;91.417;102.475;
1900-01-01 10:15:52;1124.0;1745712952;98.174;101.209;91.352;102.407;
1900-01-01 10:15:53;1125.0;1745712953;98.161;101.209;91.352;102.407;
1900-01-01 10:15:54;1126.0;1745712954;98.161;101.191;91.384;102.332;
1900-01-01 10:15:55;1127.0;1745712955;98.159;101.112;91.437;102.332;
1900-01-01 10:15:56;1128.0;1745712956;98.11;101.112;91.437;102.365;
1900-01-01 10:15:57;1129.0;1745712957;98.11;101.188;91.475;102.413;
1900-01-01 10:15:58;1130.0;1745712958;98.11;101.078;91.412;102.413;
1900-01-01 10:15:59;1131.0;1745712959;98.113;101.078;91.412;102.479;
1900-01-01 10:16:00;1132.0;1745712960;98.113;101.112;91.466;102.426;
1900-01-01 10:16:01;1133.0;1745712961;98.091;101.178;91.441;102.426;
1900-01-01 10:16:03;1134.0;1745712963;98.166;101.122;91.441;102.459;
1900-01-01 10:16:03;1135.0;1745712963;98.166;101.122;91.368;102.404;
1900-01-01 10:16:04;1136.0;1745712964;98.07;101.058;91.461;102.404;
1900-01-01 10:16:05;1137.0;1745712965;98.065;101.106;91.461;102.491;
1900-01-01 10:16:06;1138.0;1745712966;98.065;101.106;91.483;102.417;
1900-01-01 10:16:07;1139.0;1745712967;98.074;101.143;91.413;102.417;
1900-01-01 10:16:08;1140.0;1745712968;97.996;101.143;91.413;102.361;
1900-01-01 10:16:09;1141.0;1745712969;97.996;101.24;91.39;102.363;
1900-01-01 10:16:10;1142.0;1745712970;98.036;101.211;91.39;102.363;
1900-01-01 10:16:11;1143.0;1745712971;98.072;101.211;91.322;102.426;
1900-01-01 10:16:12;1144.0;1745712972;98.072;101.251;91.324;102.426;
1900-01-01 10:16:13;1145.0;1745712973;97.946;101.237;91.324;102.408;
1900-01-01 10:16:14;1146.0;1745712974;97.975;101.237;91.478;102.362;
1900-01-01 10:16:15;1147.0;1745712975;97.975;101.199;91.334;102.362;
1900-01-01 10:16:16;1148.0;1745712976;97.95;101.176;91.334;102.415;
1900-01-01 10:16:17;1149.0;1745712977;97.95;101.176;91.19;102.4;
1900-01-01 10:16:18;1150.0;1745712978;97.931;101.118;91.138;102.4;
1900-01-01 10:16:19;1151.0;1745712979;97.949;101.1;91.138;102.423;
1900-01-01 10:16:20;1152.0;1745712980;97.949;101.1;91.135;102.398;
1900-01-01 10:16:21;1153.0;1745712981;97.866;101.144;91.249;102.398;
1900-01-01 10:16:22;1154.0;1745712982;97.955;101.144;91.249;102.368;
1900-01-01 10:16:23;1155.0;1745712983;97.955;101.209;91.236;102.419;
1900-01-01 10:16:24;1156.0;1745712984;97.802;101.173;91.102;102.419;
1900-01-01 10:16:26;1157.0;1745712986;97.821;101.173;91.102;102.417;
1900-01-01 10:16:26;1158.0;1745712986;97.821;101.122;91.208;102.382;
1900-01-01 10:16:27;1159.0;1745712987;97.838;101.104;91.208;102.382;
1900-01-01 10:16:28;1160.0;1745712988;97.838;101.104;91.145;102.404;
1900-01-01 10:16:29;1161.0;1745712989;97.746;101.038;91.19;102.365;
1900-01-01 10:16:30;1162.0;1745712990;97.718;101.04;91.19;102.365;
1900-01-01 10:16:31;1163.0;1745712991;97.718;101.04;91.077;102.392;
1900-01-01 10:16:32;1164.0;1745712992;97.672;101.159;91.012;102.415;
1900-01-01 10:16:33;1165.0;1745712993;97.775;101.068;91.012;102.415;
1900-01-01 10:16:35;1166.0;1745712995;97.681;101.068;91.078;102.327;
1900-01-01 10:16:35;1167.0;1745712995;97.681;101.111;91.154;102.327;
1900-01-01 10:16:36;1168.0;1745712996;97.676;101.122;91.154;102.413;
1900-01-01 10:16:37;1169.0;1745712997;97.698;101.122;91.161;102.472;
1900-01-01 10:16:38;1170.0;1745712998;97.698;101.054;91.159;102.394;
1900-01-01 10:16:39;1171.0;1745712999;97.679;101.039;91.159;102.394;
1900-01-01 10:16:40;1172.0;1745713000;97.679;101.039;91.087;102.392;
1900-01-01 10:16:41;1173.0;1745713001;97.596;101.109;91.059;102.392;
1900-01-01 10:16:42;1174.0;1745713002;97.677;101.078;91.059;102.416;
1900-01-01 10:16:43;1175.0;1745713003;97.677;101.078;91.082;102.401;
1900-01-01 10:16:44;1176.0;1745713004;97.653;101.098;91.141;102.401;
1900-01-01 10:16:45;1177.0;1745713005;97.586;101.069;91.141;102.408;
1900-01-01 10:16:46;1178.0;1745713006;97.586;101.069;91.111;102.422;
1900-01-01 10:16:47;1179.0;1745713007;97.546;101.095;91.155;102.422;
1900-01-01 10:16:48;1180.0;1745713008;97.473;101.09;91.155;102.389;
1900-01-01 10:16:49;1181.0;1745713009;97.473;101.09;91.066;102.377;
1900-01-01 10:16:50;1182.0;1745713010;97.348;101.176;91.119;102.377;
1900-01-01 10:16:52;1183.0;1745713012;97.284;101.176;91.119;102.365;
1900-01-01 10:16:52;1184.0;1745713012;97.284;101.127;91.068;102.505;
1900-01-01 10:16:53;1185.0;1745713013;97.291;101.031;91.068;102.505;
1900-01-01 10:16:54;1186.0;1745713014;97.291;101.031;91.158;102.45;
1900-01-01 10:16:55;1187.0;1745713015;97.379;101.096;91.154;102.45;
1900-01-01 10:16:56;1188.0;1745713016;97.333;101.101;91.154;102.407;
1900-01-01 10:16:57;1189.0;1745713017;97.354;101.101;91.18;102.365;
1900-01-01 10:16:58;1190.0;1745713018;97.354;100.97;91.089;102.365;
1900-01-01 10:16:59;1191.0;1745713019;97.352;101.002;91.089;102.422;
1900-01-01 10:17:00;1192.0;1745713020;97.352;101.002;91.024;102.428;
1900-01-01 10:17:01;1193.0;1745713021;97.447;101.059;91.066;102.428;
1900-01-01 10:17:02;1194.0;1745713022;97.371;101.032;91.066;102.479;
1900-01-01 10:17:03;1195.0;1745713023;97.371;101.032;90.993;102.454;
1900-01-01 10:17:04;1196.0;1745713024;97.382;101.029;90.972;102.454;
1900-01-01 10:17:05;1197.0;1745713025;97.432;101.029;90.972;102.433;
1900-01-01 10:17:06;1198.0;1745713026;97.432;101.03;90.864;102.388;
1900-01-01 10:17:07;1199.0;1745713027;97.367;100.933;90.969;102.388;
1900-01-01 10:17:08;1200.0;1745713028;97.388;100.933;90.969;102.382;
