Time;Seconds from start for linreg;Unix Time;ch1 po2;ch2 po2;ch3 po2;ch4 po2;
1900-01-01 06:12:09;1.0;1745698329;100.332;101.64;96.386;102.924;
1900-01-01 06:12:10;2.0;1745698330;100.221;101.645;96.386;102.952;
1900-01-01 06:12:11;3.0;1745698331;100.221;101.645;96.258;102.849;
1900-01-01 06:12:12;4.0;1745698332;100.278;101.667;96.141;102.849;
1900-01-01 06:12:13;5.0;1745698333;100.244;101.659;96.141;102.871;
1900-01-01 06:12:14;6.0;1745698334;100.244;101.659;96.004;102.895;
1900-01-01 06:12:15;7.0;1745698335;100.297;101.637;95.971;102.895;
1900-01-01 06:12:16;8.0;1745698336;100.281;101.637;95.971;102.871;
1900-01-01 06:12:17;9.0;1745698337;100.281;101.747;96.009;102.999;
1900-01-01 06:12:18;10.0;1745698338;100.414;101.759;96.009;102.999;
1900-01-01 06:12:19;11.0;1745698339;100.315;101.759;95.999;102.995;
1900-01-01 06:12:20;12.0;1745698340;100.315;101.682;96.035;102.953;
1900-01-01 06:12:21;13.0;1745698341;100.386;101.753;96.042;102.953;
1900-01-01 06:12:22;14.0;1745698342;100.372;101.753;96.042;102.928;
1900-01-01 06:12:23;15.0;1745698343;100.372;101.834;96.015;102.959;
1900-01-01 06:12:24;16.0;1745698344;100.335;101.78;96.015;102.959;
1900-01-01 06:12:25;17.0;1745698345;100.335;101.78;95.967;102.91;
1900-01-01 06:12:26;18.0;1745698346;100.378;101.665;95.974;102.91;
1900-01-01 06:12:27;19.0;1745698347;100.289;101.716;95.974;102.841;
1900-01-01 06:12:28;20.0;1745698348;100.289;101.716;96.037;102.845;
1900-01-01 06:12:29;21.0;1745698349;100.289;101.766;96.039;102.845;
1900-01-01 06:12:30;22.0;1745698350;100.254;101.798;96.039;102.914;
1900-01-01 06:12:31;23.0;1745698351;100.254;101.798;96.088;102.84;
1900-01-01 06:12:32;24.0;1745698352;100.251;101.814;96.041;102.84;
1900-01-01 06:12:33;25.0;1745698353;100.311;101.819;96.041;102.829;
1900-01-01 06:12:34;26.0;1745698354;100.311;101.819;96.06;102.875;
1900-01-01 06:12:35;27.0;1745698355;100.243;101.771;95.975;102.875;
1900-01-01 06:12:36;28.0;1745698356;100.3;101.771;95.975;102.837;
1900-01-01 06:12:37;29.0;1745698357;100.3;101.825;95.958;102.918;
1900-01-01 06:12:39;30.0;1745698359;100.246;101.802;95.838;102.918;
1900-01-01 06:12:39;31.0;1745698359;100.254;101.802;95.838;102.872;
1900-01-01 06:12:40;32.0;1745698360;100.254;101.807;95.83;102.892;
1900-01-01 06:12:41;33.0;1745698361;100.199;101.732;95.922;102.892;
1900-01-01 06:12:42;34.0;1745698362;100.226;101.732;95.922;102.894;
1900-01-01 06:12:43;35.0;1745698363;100.226;101.805;95.923;102.897;
1900-01-01 06:12:44;36.0;1745698364;100.233;101.803;95.923;102.897;
1900-01-01 06:12:45;37.0;1745698365;100.277;101.803;96.051;102.924;
1900-01-01 06:12:46;38.0;1745698366;100.277;101.785;96.046;102.924;
1900-01-01 06:12:47;39.0;1745698367;100.306;101.801;96.046;102.906;
1900-01-01 06:12:48;40.0;1745698368;100.306;101.801;96.141;102.928;
1900-01-01 06:12:49;41.0;1745698369;100.363;101.73;96.23;102.928;
1900-01-01 06:12:50;42.0;1745698370;100.243;101.75;96.23;102.898;
1900-01-01 06:12:51;43.0;1745698371;100.243;101.75;96.08;102.878;
1900-01-01 06:12:52;44.0;1745698372;100.248;101.709;95.975;102.878;
1900-01-01 06:12:53;45.0;1745698373;100.264;101.787;95.975;102.958;
1900-01-01 06:12:54;46.0;1745698374;100.264;101.787;95.895;102.906;
1900-01-01 06:12:55;47.0;1745698375;100.214;101.827;95.895;102.906;
1900-01-01 06:12:56;48.0;1745698376;100.326;101.827;96.018;102.894;
1900-01-01 06:12:57;49.0;1745698377;100.326;101.849;95.888;102.927;
1900-01-01 06:12:58;50.0;1745698378;100.26;101.726;95.888;102.927;
1900-01-01 06:12:59;51.0;1745698379;100.364;101.726;95.927;102.951;
1900-01-01 06:13:00;52.0;1745698380;100.364;101.774;95.862;102.925;
1900-01-01 06:13:01;53.0;1745698381;100.372;101.824;95.862;102.925;
1900-01-01 06:13:02;54.0;1745698382;100.372;101.824;95.808;102.829;
1900-01-01 06:13:03;55.0;1745698383;100.32;101.767;95.75;102.829;
1900-01-01 06:13:04;56.0;1745698384;100.384;101.832;95.75;102.859;
1900-01-01 06:13:05;57.0;1745698385;100.384;101.832;95.711;102.945;
1900-01-01 06:13:06;58.0;1745698386;100.369;101.842;95.662;102.945;
1900-01-01 06:13:07;59.0;1745698387;100.393;101.87;95.662;102.873;
1900-01-01 06:13:08;60.0;1745698388;100.393;101.87;95.653;102.984;
1900-01-01 06:13:09;61.0;1745698389;100.404;101.885;95.717;102.984;
1900-01-01 06:13:10;62.0;1745698390;100.338;101.941;95.717;102.966;
1900-01-01 06:13:11;63.0;1745698391;100.338;101.941;95.675;102.844;
1900-01-01 06:13:12;64.0;1745698392;100.33;101.874;95.68;102.844;
1900-01-01 06:13:13;65.0;1745698393;100.307;101.874;95.68;102.961;
1900-01-01 06:13:14;66.0;1745698394;100.307;101.908;95.641;102.913;
1900-01-01 06:13:15;67.0;1745698395;100.326;101.902;95.686;102.913;
1900-01-01 06:13:16;68.0;1745698396;100.317;101.902;95.686;102.942;
1900-01-01 06:13:17;69.0;1745698397;100.317;101.818;95.649;102.923;
1900-01-01 06:13:18;70.0;1745698398;100.276;101.896;95.676;102.923;
1900-01-01 06:13:19;71.0;1745698399;100.387;101.896;95.676;102.859;
1900-01-01 06:13:20;72.0;1745698400;100.387;101.652;95.569;102.92;
1900-01-01 06:13:21;73.0;1745698401;100.282;101.797;95.598;102.92;
1900-01-01 06:13:22;74.0;1745698402;100.348;101.797;95.598;102.972;
1900-01-01 06:13:23;75.0;1745698403;100.348;101.833;95.621;102.924;
1900-01-01 06:13:24;76.0;1745698404;100.375;101.741;95.621;102.924;
1900-01-01 06:13:25;77.0;1745698405;100.375;101.741;95.719;102.889;
1900-01-01 06:13:26;78.0;1745698406;100.5;101.745;95.725;102.889;
1900-01-01 06:13:27;79.0;1745698407;100.446;101.724;95.725;102.996;
1900-01-01 06:13:28;80.0;1745698408;100.446;101.724;95.749;102.883;
1900-01-01 06:13:29;81.0;1745698409;100.43;101.628;95.641;102.883;
1900-01-01 06:13:30;82.0;1745698410;100.338;101.736;95.641;102.929;
1900-01-01 06:13:31;83.0;1745698411;100.338;101.736;95.554;102.959;
1900-01-01 06:13:32;84.0;1745698412;100.285;101.603;95.432;102.959;
1900-01-01 06:13:33;85.0;1745698413;100.293;101.603;95.432;102.884;
1900-01-01 06:13:34;86.0;1745698414;100.293;101.732;95.474;102.904;
1900-01-01 06:13:35;87.0;1745698415;100.341;101.692;95.505;102.904;
1900-01-01 06:13:36;88.0;1745698416;100.294;101.692;95.505;102.953;
1900-01-01 06:13:37;89.0;1745698417;100.294;101.726;95.522;102.92;
1900-01-01 06:13:39;90.0;1745698419;100.233;101.801;95.571;102.92;
1900-01-01 06:13:39;91.0;1745698419;100.267;101.801;95.571;102.89;
1900-01-01 06:13:40;92.0;1745698420;100.267;101.696;95.653;102.959;
1900-01-01 06:13:41;93.0;1745698421;100.27;101.705;95.653;102.959;
1900-01-01 06:13:42;94.0;1745698422;100.359;101.705;95.639;102.971;
1900-01-01 06:13:43;95.0;1745698423;100.359;101.686;95.685;102.966;
1900-01-01 06:13:44;96.0;1745698424;100.233;101.808;95.685;102.966;
1900-01-01 06:13:45;97.0;1745698425;100.233;101.808;95.665;102.96;
1900-01-01 06:13:46;98.0;1745698426;100.307;101.7;95.714;102.896;
1900-01-01 06:13:47;99.0;1745698427;100.377;101.757;95.714;102.896;
1900-01-01 06:13:48;100.0;1745698428;100.377;101.757;95.634;102.898;
1900-01-01 06:13:49;101.0;1745698429;100.322;101.644;95.524;102.898;
1900-01-01 06:13:50;102.0;1745698430;100.348;101.751;95.524;102.933;
1900-01-01 06:13:51;103.0;1745698431;100.348;101.751;95.495;102.983;
1900-01-01 06:13:52;104.0;1745698432;100.469;101.816;95.361;102.983;
1900-01-01 06:13:53;105.0;1745698433;100.392;101.807;95.361;103.015;
1900-01-01 06:13:54;106.0;1745698434;100.392;101.807;95.284;102.894;
1900-01-01 06:13:55;107.0;1745698435;100.414;101.756;95.327;102.894;
1900-01-01 06:13:56;108.0;1745698436;100.436;101.756;95.327;102.894;
1900-01-01 06:13:57;109.0;1745698437;100.436;101.763;95.367;102.914;
1900-01-01 06:13:58;110.0;1745698438;100.4;101.801;95.367;102.914;
1900-01-01 06:13:59;111.0;1745698439;100.307;101.801;95.374;102.887;
1900-01-01 06:14:00;112.0;1745698440;100.307;101.82;95.365;102.891;
1900-01-01 06:14:01;113.0;1745698441;100.314;101.838;95.365;102.891;
1900-01-01 06:14:02;114.0;1745698442;100.38;101.838;95.281;102.826;
1900-01-01 06:14:03;115.0;1745698443;100.38;101.854;95.278;102.826;
1900-01-01 06:14:04;116.0;1745698444;100.316;101.828;95.278;102.952;
1900-01-01 06:14:05;117.0;1745698445;100.262;101.828;95.2;102.857;
1900-01-01 06:14:06;118.0;1745698446;100.262;101.885;95.095;102.901;
1900-01-01 06:14:07;119.0;1745698447;100.24;101.796;95.095;102.901;
1900-01-01 06:14:08;120.0;1745698448;100.24;101.796;95.146;102.796;
1900-01-01 06:14:09;121.0;1745698449;100.245;101.744;95.109;102.796;
1900-01-01 06:14:10;122.0;1745698450;100.235;101.806;95.109;102.894;
1900-01-01 06:14:11;123.0;1745698451;100.231;101.806;95.164;102.866;
1900-01-01 06:14:12;124.0;1745698452;100.231;101.812;95.178;102.889;
1900-01-01 06:14:13;125.0;1745698453;100.225;101.78;95.178;102.889;
1900-01-01 06:14:14;126.0;1745698454;100.225;101.78;95.216;102.895;
1900-01-01 06:14:15;127.0;1745698455;100.211;101.772;95.277;102.816;
1900-01-01 06:14:16;128.0;1745698456;100.204;101.69;95.277;102.816;
1900-01-01 06:14:17;129.0;1745698457;100.204;101.69;95.202;102.822;
1900-01-01 06:14:18;130.0;1745698458;100.116;101.667;95.225;102.822;
1900-01-01 06:14:19;131.0;1745698459;100.184;101.659;95.225;102.951;
1900-01-01 06:14:20;132.0;1745698460;100.096;101.659;95.065;102.833;
1900-01-01 06:14:21;133.0;1745698461;100.096;101.624;95.085;102.833;
1900-01-01 06:14:22;134.0;1745698462;100.139;101.601;95.085;102.894;
1900-01-01 06:14:23;135.0;1745698463;100.139;101.601;95.069;102.948;
1900-01-01 06:14:24;136.0;1745698464;100.169;101.6;95.112;102.948;
1900-01-01 06:14:26;137.0;1745698466;100.127;101.581;95.112;102.98;
1900-01-01 06:14:26;138.0;1745698466;100.127;101.581;95.013;102.904;
1900-01-01 06:14:27;139.0;1745698467;100.167;101.678;95.015;102.904;
1900-01-01 06:14:28;140.0;1745698468;100.175;101.714;95.015;102.926;
1900-01-01 06:14:29;141.0;1745698469;100.175;101.714;95.033;102.919;
1900-01-01 06:14:30;142.0;1745698470;100.229;101.697;94.989;102.919;
1900-01-01 06:14:31;143.0;1745698471;100.175;101.697;94.989;102.84;
1900-01-01 06:14:33;144.0;1745698473;100.175;101.676;94.994;102.838;
1900-01-01 06:14:33;145.0;1745698473;100.293;101.641;94.994;102.838;
1900-01-01 06:14:34;146.0;1745698474;100.241;101.641;95.009;102.87;
1900-01-01 06:14:35;147.0;1745698475;100.241;101.659;95.029;102.87;
1900-01-01 06:14:36;148.0;1745698476;100.283;101.666;95.029;102.902;
1900-01-01 06:14:37;149.0;1745698477;100.241;101.666;94.996;102.91;
1900-01-01 06:14:38;150.0;1745698478;100.241;101.689;95.004;102.91;
1900-01-01 06:14:39;151.0;1745698479;100.208;101.659;95.004;102.966;
1900-01-01 06:14:40;152.0;1745698480;100.208;101.659;95.004;102.847;
1900-01-01 06:14:42;153.0;1745698482;100.262;101.698;95.106;102.883;
1900-01-01 06:14:42;154.0;1745698482;100.261;101.698;95.106;102.883;
1900-01-01 06:14:43;155.0;1745698483;100.261;101.675;95.135;102.851;
1900-01-01 06:14:44;156.0;1745698484;100.213;101.764;95.166;102.851;
1900-01-01 06:14:45;157.0;1745698485;100.221;101.764;95.166;102.824;
1900-01-01 06:14:46;158.0;1745698486;100.221;101.713;95.049;102.787;
1900-01-01 06:14:47;159.0;1745698487;100.168;101.677;95.042;102.787;
1900-01-01 06:14:49;160.0;1745698489;100.199;101.795;95.042;102.872;
1900-01-01 06:14:49;161.0;1745698489;100.199;101.795;94.973;102.855;
1900-01-01 06:14:50;162.0;1745698490;100.163;101.817;94.913;102.855;
1900-01-01 06:14:51;163.0;1745698491;100.11;101.817;94.913;102.887;
1900-01-01 06:14:52;164.0;1745698492;100.11;101.797;94.936;102.904;
1900-01-01 06:14:53;165.0;1745698493;100.088;101.785;94.936;102.904;
1900-01-01 06:14:54;166.0;1745698494;100.049;101.785;94.85;102.884;
1900-01-01 06:14:55;167.0;1745698495;100.049;101.735;94.897;102.878;
1900-01-01 06:14:56;168.0;1745698496;100.015;101.714;94.897;102.878;
1900-01-01 06:14:57;169.0;1745698497;100.009;101.714;94.928;102.868;
1900-01-01 06:14:58;170.0;1745698498;100.009;101.72;94.983;102.887;
1900-01-01 06:14:59;171.0;1745698499;99.873;101.79;94.983;102.887;
1900-01-01 06:15:00;172.0;1745698500;99.918;101.79;95.035;102.899;
1900-01-01 06:15:01;173.0;1745698501;99.918;101.753;95.076;102.812;
1900-01-01 06:15:02;174.0;1745698502;99.925;101.77;95.076;102.812;
1900-01-01 06:15:03;175.0;1745698503;99.925;101.77;95.02;102.935;
1900-01-01 06:15:04;176.0;1745698504;99.856;101.744;94.951;102.935;
1900-01-01 06:15:06;177.0;1745698506;99.803;101.757;94.951;102.859;
1900-01-01 06:15:06;178.0;1745698506;99.803;101.757;94.886;102.79;
1900-01-01 06:15:07;179.0;1745698507;99.83;101.781;94.815;102.79;
1900-01-01 06:15:08;180.0;1745698508;99.876;101.781;94.815;102.898;
1900-01-01 06:15:09;181.0;1745698509;99.876;101.774;94.832;102.921;
1900-01-01 06:15:10;182.0;1745698510;99.912;101.799;94.807;102.921;
1900-01-01 06:15:11;183.0;1745698511;99.922;101.799;94.807;102.869;
1900-01-01 06:15:12;184.0;1745698512;99.922;101.687;94.752;102.872;
1900-01-01 06:15:13;185.0;1745698513;99.868;101.718;94.808;102.872;
1900-01-01 06:15:14;186.0;1745698514;99.822;101.718;94.808;102.886;
1900-01-01 06:15:15;187.0;1745698515;99.822;101.711;94.834;102.897;
1900-01-01 06:15:16;188.0;1745698516;99.819;101.623;94.811;102.897;
1900-01-01 06:15:17;189.0;1745698517;99.902;101.623;94.811;102.939;
1900-01-01 06:15:18;190.0;1745698518;99.902;101.691;94.861;102.833;
1900-01-01 06:15:19;191.0;1745698519;99.766;101.74;94.861;102.833;
1900-01-01 06:15:20;192.0;1745698520;99.882;101.74;94.868;102.919;
1900-01-01 06:15:21;193.0;1745698521;99.882;101.733;94.836;102.859;
1900-01-01 06:15:22;194.0;1745698522;99.832;101.73;94.836;102.859;
1900-01-01 06:15:23;195.0;1745698523;99.87;101.73;94.716;102.887;
1900-01-01 06:15:24;196.0;1745698524;99.87;101.68;94.652;102.887;
1900-01-01 06:15:25;197.0;1745698525;99.891;101.629;94.652;102.844;
1900-01-01 06:15:26;198.0;1745698526;99.88;101.629;94.663;102.897;
1900-01-01 06:15:27;199.0;1745698527;99.88;101.712;94.612;102.897;
1900-01-01 06:15:28;200.0;1745698528;100.011;101.618;94.612;102.87;
1900-01-01 06:15:29;201.0;1745698529;100.015;101.618;94.678;102.881;
1900-01-01 06:15:30;202.0;1745698530;100.015;101.604;94.598;102.881;
1900-01-01 06:15:31;203.0;1745698531;100.117;101.693;94.598;102.93;
1900-01-01 06:15:33;204.0;1745698533;100.11;101.693;94.655;102.897;
1900-01-01 06:15:33;205.0;1745698533;100.11;101.666;94.561;102.897;
1900-01-01 06:15:34;206.0;1745698534;100.092;101.633;94.561;102.899;
1900-01-01 06:15:35;207.0;1745698535;100.092;101.633;94.646;102.869;
1900-01-01 06:15:36;208.0;1745698536;100.036;101.62;94.621;102.869;
1900-01-01 06:15:37;209.0;1745698537;100.071;101.62;94.621;102.866;
1900-01-01 06:15:38;210.0;1745698538;100.071;101.624;94.645;102.862;
1900-01-01 06:15:39;211.0;1745698539;100.128;101.581;94.619;102.862;
1900-01-01 06:15:41;212.0;1745698541;100.142;101.557;94.619;102.834;
1900-01-01 06:15:41;213.0;1745698541;100.142;101.557;94.579;102.969;
1900-01-01 06:15:42;214.0;1745698542;100.063;101.69;94.561;102.969;
1900-01-01 06:15:43;215.0;1745698543;100.128;101.69;94.561;102.95;
1900-01-01 06:15:44;216.0;1745698544;100.128;101.615;94.503;102.894;
1900-01-01 06:15:46;217.0;1745698546;100.035;101.589;94.433;102.894;
1900-01-01 06:15:46;218.0;1745698546;100.105;101.589;94.433;102.937;
1900-01-01 06:15:47;219.0;1745698547;100.105;101.669;94.405;102.856;
1900-01-01 06:15:48;220.0;1745698548;100.18;101.705;94.405;102.856;
1900-01-01 06:15:49;221.0;1745698549;100.18;101.705;94.363;102.866;
1900-01-01 06:15:50;222.0;1745698550;100.081;101.743;94.411;102.866;
1900-01-01 06:15:51;223.0;1745698551;100.06;101.699;94.411;102.862;
1900-01-01 06:15:52;224.0;1745698552;100.06;101.699;94.44;102.854;
1900-01-01 06:15:53;225.0;1745698553;100.08;101.688;94.516;102.854;
1900-01-01 06:15:54;226.0;1745698554;100.117;101.715;94.516;102.842;
1900-01-01 06:15:55;227.0;1745698555;100.117;101.715;94.58;102.852;
1900-01-01 06:15:56;228.0;1745698556;100.031;101.683;94.661;102.852;
1900-01-01 06:15:57;229.0;1745698557;99.977;101.683;94.661;102.846;
1900-01-01 06:15:58;230.0;1745698558;99.977;101.775;94.596;102.863;
1900-01-01 06:15:59;231.0;1745698559;99.989;101.725;94.579;102.863;
1900-01-01 06:16:00;232.0;1745698560;99.945;101.725;94.579;102.86;
1900-01-01 06:16:01;233.0;1745698561;99.945;101.751;94.584;102.841;
1900-01-01 06:16:02;234.0;1745698562;99.955;101.75;94.548;102.841;
1900-01-01 06:16:03;235.0;1745698563;99.895;101.75;94.548;102.915;
1900-01-01 06:16:04;236.0;1745698564;99.895;101.837;94.492;102.799;
1900-01-01 06:16:05;237.0;1745698565;99.938;101.739;94.492;102.799;
1900-01-01 06:16:06;238.0;1745698566;99.953;101.739;94.513;102.778;
1900-01-01 06:16:07;239.0;1745698567;99.953;101.77;94.464;102.818;
1900-01-01 06:16:08;240.0;1745698568;99.948;101.736;94.464;102.818;
1900-01-01 06:16:09;241.0;1745698569;99.907;101.736;94.402;102.831;
1900-01-01 06:16:10;242.0;1745698570;99.907;101.716;94.403;102.831;
1900-01-01 06:16:11;243.0;1745698571;99.895;101.737;94.403;102.857;
1900-01-01 06:16:12;244.0;1745698572;99.968;101.737;94.269;102.894;
1900-01-01 06:16:13;245.0;1745698573;99.968;101.67;94.319;102.894;
1900-01-01 06:16:14;246.0;1745698574;99.952;101.67;94.319;102.881;
1900-01-01 06:16:15;247.0;1745698575;99.952;101.685;94.303;102.899;
1900-01-01 06:16:16;248.0;1745698576;99.966;101.663;94.304;102.899;
1900-01-01 06:16:17;249.0;1745698577;99.93;101.663;94.304;102.855;
1900-01-01 06:16:18;250.0;1745698578;99.93;101.719;94.365;102.854;
1900-01-01 06:16:19;251.0;1745698579;99.976;101.618;94.365;102.854;
1900-01-01 06:16:20;252.0;1745698580;99.836;101.618;94.351;102.87;
1900-01-01 06:16:21;253.0;1745698581;99.836;101.659;94.383;102.885;
1900-01-01 06:16:22;254.0;1745698582;99.813;101.605;94.383;102.885;
1900-01-01 06:16:23;255.0;1745698583;99.798;101.605;94.36;102.852;
1900-01-01 06:16:24;256.0;1745698584;99.798;101.661;94.392;102.852;
1900-01-01 06:16:25;257.0;1745698585;99.781;101.677;94.392;102.911;
1900-01-01 06:16:26;258.0;1745698586;99.781;101.677;94.413;102.842;
1900-01-01 06:16:27;259.0;1745698587;99.801;101.591;94.329;102.842;
1900-01-01 06:16:28;260.0;1745698588;99.748;101.629;94.329;102.93;
1900-01-01 06:16:29;261.0;1745698589;99.748;101.629;94.294;102.872;
1900-01-01 06:16:30;262.0;1745698590;99.862;101.569;94.261;102.872;
1900-01-01 06:16:31;263.0;1745698591;99.912;101.569;94.261;102.8;
1900-01-01 06:16:32;264.0;1745698592;99.912;101.576;94.245;102.781;
1900-01-01 06:16:33;265.0;1745698593;99.924;101.632;94.23;102.781;
1900-01-01 06:16:34;266.0;1745698594;99.947;101.632;94.23;102.823;
1900-01-01 06:16:35;267.0;1745698595;99.947;101.59;94.188;102.915;
1900-01-01 06:16:36;268.0;1745698596;100.011;101.562;94.09;102.915;
1900-01-01 06:16:37;269.0;1745698597;99.94;101.562;94.09;102.8;
1900-01-01 06:16:38;270.0;1745698598;99.94;101.641;94.111;102.859;
1900-01-01 06:16:39;271.0;1745698599;99.885;101.655;94.036;102.859;
1900-01-01 06:16:40;272.0;1745698600;99.96;101.655;94.036;102.87;
1900-01-01 06:16:41;273.0;1745698601;99.96;101.636;94.055;102.872;
1900-01-01 06:16:42;274.0;1745698602;99.945;101.609;94.055;102.872;
1900-01-01 06:16:43;275.0;1745698603;99.927;101.609;94.006;102.955;
1900-01-01 06:16:44;276.0;1745698604;99.927;101.6;94.046;102.892;
1900-01-01 06:16:45;277.0;1745698605;99.941;101.659;94.046;102.892;
1900-01-01 06:16:46;278.0;1745698606;99.894;101.659;93.908;102.882;
1900-01-01 06:16:47;279.0;1745698607;99.894;101.626;93.868;102.882;
1900-01-01 06:16:48;280.0;1745698608;99.909;101.703;93.868;102.901;
1900-01-01 06:16:50;281.0;1745698610;99.84;101.703;93.975;102.929;
1900-01-01 06:16:50;282.0;1745698610;99.84;101.647;93.969;102.929;
1900-01-01 06:16:51;283.0;1745698611;99.776;101.655;93.969;102.856;
1900-01-01 06:16:52;284.0;1745698612;99.776;101.655;93.902;102.823;
1900-01-01 06:16:53;285.0;1745698613;99.748;101.622;93.955;102.823;
1900-01-01 06:16:54;286.0;1745698614;99.704;101.622;93.955;102.837;
1900-01-01 06:16:55;287.0;1745698615;99.704;101.72;93.914;102.804;
1900-01-01 06:16:56;288.0;1745698616;99.65;101.678;93.914;102.804;
1900-01-01 06:16:57;289.0;1745698617;99.732;101.678;93.883;102.759;
1900-01-01 06:16:58;290.0;1745698618;99.732;101.704;93.874;102.928;
1900-01-01 06:16:59;291.0;1745698619;99.681;101.712;93.874;102.928;
1900-01-01 06:17:00;292.0;1745698620;99.758;101.712;93.991;102.899;
1900-01-01 06:17:01;293.0;1745698621;99.758;101.768;94.035;102.857;
1900-01-01 06:17:02;294.0;1745698622;99.794;101.748;94.035;102.857;
1900-01-01 06:17:03;295.0;1745698623;99.818;101.748;94.069;102.898;
1900-01-01 06:17:04;296.0;1745698624;99.818;101.791;94.006;102.898;
1900-01-01 06:17:05;297.0;1745698625;99.814;101.833;94.006;102.892;
1900-01-01 06:17:07;298.0;1745698627;99.801;101.833;93.853;102.887;
1900-01-01 06:17:07;299.0;1745698627;99.801;101.73;93.852;102.887;
1900-01-01 06:17:08;300.0;1745698628;99.813;101.745;93.852;102.834;
1900-01-01 06:17:09;301.0;1745698629;99.813;101.745;93.79;102.853;
1900-01-01 06:17:10;302.0;1745698630;99.781;101.728;93.841;102.853;
1900-01-01 06:17:11;303.0;1745698631;99.803;101.728;93.841;102.921;
1900-01-01 06:17:12;304.0;1745698632;99.803;101.715;93.992;102.819;
1900-01-01 06:17:13;305.0;1745698633;99.75;101.698;94.029;102.819;
1900-01-01 06:17:14;306.0;1745698634;99.706;101.698;94.029;102.786;
1900-01-01 06:17:15;307.0;1745698635;99.706;101.636;94.014;102.837;
1900-01-01 06:17:16;308.0;1745698636;99.734;101.731;93.934;102.837;
1900-01-01 06:17:17;309.0;1745698637;99.806;101.731;93.934;102.843;
1900-01-01 06:17:18;310.0;1745698638;99.806;101.648;93.955;102.919;
1900-01-01 06:17:19;311.0;1745698639;99.732;101.649;93.955;102.919;
1900-01-01 06:17:20;312.0;1745698640;99.735;101.649;93.87;102.867;
1900-01-01 06:17:21;313.0;1745698641;99.735;101.548;93.793;102.867;
1900-01-01 06:17:22;314.0;1745698642;99.731;101.641;93.793;102.87;
1900-01-01 06:17:23;315.0;1745698643;99.815;101.641;93.739;102.884;
1900-01-01 06:17:24;316.0;1745698644;99.815;101.574;93.731;102.846;
1900-01-01 06:17:25;317.0;1745698645;99.755;101.539;93.731;102.846;
1900-01-01 06:17:26;318.0;1745698646;99.755;101.539;93.744;102.876;
1900-01-01 06:17:27;319.0;1745698647;99.7;101.544;93.802;102.876;
1900-01-01 06:17:28;320.0;1745698648;99.872;101.574;93.802;102.828;
1900-01-01 06:17:29;321.0;1745698649;99.872;101.574;93.907;102.809;
1900-01-01 06:17:30;322.0;1745698650;99.767;101.562;93.872;102.809;
1900-01-01 06:17:31;323.0;1745698651;99.799;101.562;93.872;102.871;
1900-01-01 06:17:32;324.0;1745698652;99.799;101.581;93.813;102.774;
1900-01-01 06:17:33;325.0;1745698653;99.868;101.535;93.813;102.774;
1900-01-01 06:17:34;326.0;1745698654;99.928;101.535;93.799;102.82;
1900-01-01 06:17:35;327.0;1745698655;99.928;101.561;93.72;102.795;
1900-01-01 06:17:36;328.0;1745698656;99.892;101.514;93.72;102.795;
1900-01-01 06:17:37;329.0;1745698657;99.892;101.514;93.629;102.805;
1900-01-01 06:17:38;330.0;1745698658;99.767;101.654;93.611;102.805;
1900-01-01 06:17:39;331.0;1745698659;99.794;101.617;93.611;102.845;
1900-01-01 06:17:40;332.0;1745698660;99.794;101.617;93.58;102.88;
1900-01-01 06:17:41;333.0;1745698661;99.814;101.604;93.6;102.88;
1900-01-01 06:17:42;334.0;1745698662;99.754;101.604;93.6;102.745;
1900-01-01 06:17:43;335.0;1745698663;99.754;101.683;93.518;102.793;
1900-01-01 06:17:44;336.0;1745698664;99.73;101.583;93.55;102.793;
1900-01-01 06:17:45;337.0;1745698665;99.615;101.583;93.55;102.791;
1900-01-01 06:17:46;338.0;1745698666;99.615;101.634;93.519;102.862;
1900-01-01 06:17:47;339.0;1745698667;99.598;101.601;93.606;102.862;
1900-01-01 06:17:49;340.0;1745698669;99.531;101.554;93.606;102.817;
1900-01-01 06:17:49;341.0;1745698669;99.531;101.554;93.618;102.768;
1900-01-01 06:17:50;342.0;1745698670;99.548;101.486;93.709;102.768;
1900-01-01 06:17:51;343.0;1745698671;99.574;101.486;93.709;102.756;
1900-01-01 06:17:52;344.0;1745698672;99.574;101.591;93.63;102.873;
1900-01-01 06:17:53;345.0;1745698673;99.613;101.44;93.598;102.873;
1900-01-01 06:17:54;346.0;1745698674;99.595;101.44;93.598;102.803;
1900-01-01 06:17:55;347.0;1745698675;99.595;101.44;93.719;102.825;
1900-01-01 06:17:56;348.0;1745698676;99.535;101.535;93.706;102.825;
1900-01-01 06:17:57;349.0;1745698677;99.63;101.535;93.706;102.777;
1900-01-01 06:17:58;350.0;1745698678;99.63;101.468;93.718;102.781;
1900-01-01 06:17:59;351.0;1745698679;99.558;101.589;93.718;102.781;
1900-01-01 06:18:01;352.0;1745698681;99.665;101.589;93.692;102.918;
1900-01-01 06:18:01;353.0;1745698681;99.665;101.503;93.707;102.764;
1900-01-01 06:18:02;354.0;1745698682;99.688;101.462;93.707;102.764;
1900-01-01 06:18:03;355.0;1745698683;99.688;101.462;93.691;102.729;
1900-01-01 06:18:04;356.0;1745698684;99.776;101.499;93.717;102.729;
1900-01-01 06:18:06;357.0;1745698686;99.746;101.521;93.717;102.892;
1900-01-01 06:18:06;358.0;1745698686;99.746;101.521;93.752;102.846;
1900-01-01 06:18:07;359.0;1745698687;99.817;101.533;93.563;102.846;
1900-01-01 06:18:08;360.0;1745698688;99.779;101.491;93.563;102.773;
1900-01-01 06:18:09;361.0;1745698689;99.779;101.491;93.44;102.805;
1900-01-01 06:18:10;362.0;1745698690;99.815;101.501;93.392;102.805;
1900-01-01 06:18:11;363.0;1745698691;99.719;101.505;93.392;102.842;
1900-01-01 06:18:12;364.0;1745698692;99.719;101.505;93.286;102.875;
1900-01-01 06:18:13;365.0;1745698693;99.661;101.56;93.163;102.875;
1900-01-01 06:18:14;366.0;1745698694;99.737;101.56;93.163;102.766;
1900-01-01 06:18:15;367.0;1745698695;99.737;101.441;93.121;102.839;
1900-01-01 06:18:16;368.0;1745698696;99.721;101.492;93.121;102.839;
1900-01-01 06:18:17;369.0;1745698697;99.703;101.492;93.193;102.847;
1900-01-01 06:18:18;370.0;1745698698;99.703;101.561;93.263;102.847;
1900-01-01 06:18:19;371.0;1745698699;99.782;101.491;93.263;102.789;
1900-01-01 06:18:20;372.0;1745698700;99.782;101.491;93.241;102.808;
1900-01-01 06:18:22;373.0;1745698702;99.72;101.577;93.332;102.801;
1900-01-01 06:18:22;374.0;1745698702;99.729;101.577;93.332;102.801;
1900-01-01 06:18:23;375.0;1745698703;99.729;101.558;93.342;102.836;
1900-01-01 06:18:24;376.0;1745698704;99.743;101.551;93.381;102.836;
1900-01-01 06:18:25;377.0;1745698705;99.74;101.551;93.381;102.787;
1900-01-01 06:18:26;378.0;1745698706;99.74;101.637;93.351;102.861;
1900-01-01 06:18:27;379.0;1745698707;99.706;101.515;93.365;102.861;
1900-01-01 06:18:28;380.0;1745698708;99.716;101.515;93.365;102.779;
1900-01-01 06:18:29;381.0;1745698709;99.716;101.649;93.219;102.792;
1900-01-01 06:18:30;382.0;1745698710;99.648;101.578;93.219;102.792;
1900-01-01 06:18:31;383.0;1745698711;99.608;101.578;93.215;102.871;
1900-01-01 06:18:32;384.0;1745698712;99.608;101.536;93.121;102.871;
1900-01-01 06:18:33;385.0;1745698713;99.611;101.515;93.223;102.871;
1900-01-01 06:18:34;386.0;1745698714;99.598;101.515;93.223;102.764;
1900-01-01 06:18:35;387.0;1745698715;99.598;101.529;93.219;102.797;
1900-01-01 06:18:37;388.0;1745698717;99.657;101.563;93.172;102.797;
1900-01-01 06:18:37;389.0;1745698717;99.551;101.563;93.172;102.811;
1900-01-01 06:18:38;390.0;1745698718;99.551;101.431;93.16;102.827;
1900-01-01 06:18:39;391.0;1745698719;99.564;101.458;93.16;102.827;
1900-01-01 06:18:40;392.0;1745698720;99.564;101.458;93.234;102.786;
1900-01-01 06:18:41;393.0;1745698721;99.611;101.359;93.396;102.814;
1900-01-01 06:18:43;394.0;1745698723;99.601;101.431;93.396;102.814;
1900-01-01 06:18:43;395.0;1745698723;99.601;101.431;93.308;102.835;
1900-01-01 06:18:44;396.0;1745698724;99.559;101.593;93.325;102.835;
1900-01-01 06:18:45;397.0;1745698725;99.583;101.544;93.325;102.833;
1900-01-01 06:18:47;398.0;1745698727;99.583;101.544;93.314;102.812;
1900-01-01 06:18:47;399.0;1745698727;99.568;101.56;93.374;102.812;
1900-01-01 06:18:48;400.0;1745698728;99.505;101.56;93.374;102.877;
1900-01-01 06:18:49;401.0;1745698729;99.505;101.57;93.28;102.835;
1900-01-01 06:18:50;402.0;1745698730;99.492;101.542;93.232;102.835;
1900-01-01 06:18:51;403.0;1745698731;99.515;101.542;93.232;102.834;
1900-01-01 06:18:52;404.0;1745698732;99.515;101.529;93.232;102.769;
1900-01-01 06:18:53;405.0;1745698733;99.411;101.577;93.232;102.769;
1900-01-01 06:18:54;406.0;1745698734;99.49;101.577;93.222;102.784;
1900-01-01 06:18:55;407.0;1745698735;99.49;101.462;93.063;102.784;
1900-01-01 06:18:56;408.0;1745698736;99.43;101.412;93.063;102.776;
1900-01-01 06:18:58;409.0;1745698738;99.426;101.412;93.022;102.798;
1900-01-01 06:18:58;410.0;1745698738;99.426;101.443;92.938;102.798;
1900-01-01 06:18:59;411.0;1745698739;99.358;101.573;92.938;102.812;
1900-01-01 06:19:00;412.0;1745698740;99.358;101.573;92.795;102.85;
1900-01-01 06:19:01;413.0;1745698741;99.347;101.499;92.872;102.85;
1900-01-01 06:19:02;414.0;1745698742;99.44;101.55;92.872;102.782;
1900-01-01 06:19:03;415.0;1745698743;99.44;101.55;92.897;102.885;
1900-01-01 06:19:04;416.0;1745698744;99.482;101.602;92.939;102.885;
1900-01-01 06:19:05;417.0;1745698745;99.417;101.602;92.939;102.793;
1900-01-01 06:19:06;418.0;1745698746;99.417;101.537;92.954;102.837;
1900-01-01 06:19:07;419.0;1745698747;99.36;101.496;93.015;102.837;
1900-01-01 06:19:08;420.0;1745698748;99.354;101.466;93.015;102.769;
1900-01-01 06:19:09;421.0;1745698749;99.354;101.466;93.067;102.804;
1900-01-01 06:19:10;422.0;1745698750;99.387;101.545;92.992;102.804;
1900-01-01 06:19:11;423.0;1745698751;99.422;101.545;92.992;102.754;
1900-01-01 06:19:12;424.0;1745698752;99.422;101.532;93.005;102.729;
1900-01-01 06:19:14;425.0;1745698754;99.403;101.429;93.015;102.729;
1900-01-01 06:19:14;426.0;1745698754;99.495;101.429;93.015;102.796;
1900-01-01 06:19:15;427.0;1745698755;99.495;101.401;92.907;102.764;
1900-01-01 06:19:16;428.0;1745698756;99.394;101.43;93.03;102.764;
1900-01-01 06:19:17;429.0;1745698757;99.419;101.471;93.03;102.827;
1900-01-01 06:19:18;430.0;1745698758;99.419;101.471;92.909;102.795;
1900-01-01 06:19:19;431.0;1745698759;99.478;101.402;92.89;102.795;
1900-01-01 06:19:20;432.0;1745698760;99.445;101.402;92.89;102.834;
1900-01-01 06:19:21;433.0;1745698761;99.445;101.473;92.766;102.778;
1900-01-01 06:19:22;434.0;1745698762;99.464;101.358;92.812;102.778;
1900-01-01 06:19:23;435.0;1745698763;99.434;101.358;92.812;102.814;
1900-01-01 06:19:24;436.0;1745698764;99.434;101.345;92.73;102.765;
1900-01-01 06:19:25;437.0;1745698765;99.45;101.354;92.688;102.765;
1900-01-01 06:19:26;438.0;1745698766;99.51;101.354;92.688;102.814;
1900-01-01 06:19:27;439.0;1745698767;99.51;101.395;92.773;102.827;
1900-01-01 06:19:28;440.0;1745698768;99.456;101.393;92.773;102.827;
1900-01-01 06:19:29;441.0;1745698769;99.456;101.393;92.804;102.744;
1900-01-01 06:19:30;442.0;1745698770;99.475;101.405;92.8;102.776;
1900-01-01 06:19:31;443.0;1745698771;99.492;101.359;92.8;102.776;
1900-01-01 06:19:32;444.0;1745698772;99.492;101.359;92.954;102.852;
1900-01-01 06:19:33;445.0;1745698773;99.477;101.488;92.849;102.852;
1900-01-01 06:19:34;446.0;1745698774;99.516;101.469;92.849;102.806;
1900-01-01 06:19:35;447.0;1745698775;99.562;101.469;92.913;102.775;
1900-01-01 06:19:36;448.0;1745698776;99.562;101.418;92.885;102.775;
1900-01-01 06:19:37;449.0;1745698777;99.51;101.509;92.885;102.714;
1900-01-01 06:19:38;450.0;1745698778;99.51;101.509;92.844;102.775;
1900-01-01 06:19:39;451.0;1745698779;99.413;101.503;92.827;102.775;
1900-01-01 06:19:40;452.0;1745698780;99.367;101.503;92.827;102.819;
1900-01-01 06:19:41;453.0;1745698781;99.367;101.449;92.843;102.789;
1900-01-01 06:19:42;454.0;1745698782;99.385;101.495;92.684;102.789;
1900-01-01 06:19:43;455.0;1745698783;99.405;101.507;92.684;102.833;
1900-01-01 06:19:45;456.0;1745698785;99.405;101.507;92.733;102.78;
1900-01-01 06:19:45;457.0;1745698785;99.479;101.545;92.733;102.78;
1900-01-01 06:19:46;458.0;1745698786;99.473;101.545;92.682;102.715;
1900-01-01 06:19:47;459.0;1745698787;99.473;101.519;92.698;102.785;
1900-01-01 06:19:48;460.0;1745698788;99.52;101.523;92.698;102.785;
1900-01-01 06:19:49;461.0;1745698789;99.401;101.523;92.693;102.689;
1900-01-01 06:19:50;462.0;1745698790;99.401;101.49;92.763;102.682;
1900-01-01 06:19:52;463.0;1745698792;99.42;101.499;92.719;102.682;
1900-01-01 06:19:52;464.0;1745698792;99.42;101.499;92.719;102.717;
1900-01-01 06:19:53;465.0;1745698793;99.372;101.551;92.683;102.833;
1900-01-01 06:19:54;466.0;1745698794;99.388;101.406;92.683;102.833;
1900-01-01 06:19:55;467.0;1745698795;99.388;101.406;92.604;102.719;
1900-01-01 06:19:56;468.0;1745698796;99.395;101.439;92.701;102.719;
1900-01-01 06:19:57;469.0;1745698797;99.373;101.47;92.701;102.797;
1900-01-01 06:19:58;470.0;1745698798;99.377;101.47;92.691;102.712;
1900-01-01 06:19:59;471.0;1745698799;99.377;101.417;92.687;102.712;
1900-01-01 06:20:00;472.0;1745698800;99.365;101.463;92.687;102.73;
1900-01-01 06:20:01;473.0;1745698801;99.357;101.463;92.624;102.742;
1900-01-01 06:20:02;474.0;1745698802;99.357;101.387;92.619;102.753;
1900-01-01 06:20:03;475.0;1745698803;99.382;101.323;92.619;102.753;
1900-01-01 06:20:04;476.0;1745698804;99.382;101.323;92.689;102.809;
1900-01-01 06:20:05;477.0;1745698805;99.371;101.312;92.562;102.809;
1900-01-01 06:20:06;478.0;1745698806;99.29;101.379;92.562;102.805;
1900-01-01 06:20:07;479.0;1745698807;99.316;101.379;92.554;102.86;
1900-01-01 06:20:08;480.0;1745698808;99.316;101.325;92.535;102.86;
1900-01-01 06:20:09;481.0;1745698809;99.282;101.37;92.535;102.831;
1900-01-01 06:20:10;482.0;1745698810;99.282;101.37;92.547;102.787;
1900-01-01 06:20:11;483.0;1745698811;99.31;101.338;92.484;102.787;
1900-01-01 06:20:12;484.0;1745698812;99.298;101.206;92.484;102.784;
1900-01-01 06:20:13;485.0;1745698813;99.298;101.206;92.514;102.829;
1900-01-01 06:20:14;486.0;1745698814;99.402;101.325;92.445;102.829;
1900-01-01 06:20:15;487.0;1745698815;99.318;101.325;92.445;102.841;
1900-01-01 06:20:16;488.0;1745698816;99.318;101.34;92.506;102.796;
1900-01-01 06:20:17;489.0;1745698817;99.41;101.244;92.506;102.796;
1900-01-01 06:20:18;490.0;1745698818;99.397;101.244;92.455;102.837;
1900-01-01 06:20:19;491.0;1745698819;99.397;101.394;92.386;102.719;
1900-01-01 06:20:20;492.0;1745698820;99.383;101.418;92.386;102.719;
1900-01-01 06:20:21;493.0;1745698821;99.361;101.418;92.329;102.728;
1900-01-01 06:20:22;494.0;1745698822;99.361;101.433;92.326;102.721;
1900-01-01 06:20:23;495.0;1745698823;99.361;101.451;92.326;102.721;
1900-01-01 06:20:24;496.0;1745698824;99.325;101.451;92.409;102.737;
1900-01-01 06:20:25;497.0;1745698825;99.325;101.381;92.334;102.737;
1900-01-01 06:20:26;498.0;1745698826;99.4;101.377;92.334;102.763;
1900-01-01 06:20:27;499.0;1745698827;99.38;101.377;92.308;102.742;
1900-01-01 06:20:28;500.0;1745698828;99.38;101.368;92.29;102.742;
1900-01-01 06:20:29;501.0;1745698829;99.349;101.339;92.29;102.824;
1900-01-01 06:20:30;502.0;1745698830;99.349;101.339;92.293;102.821;
1900-01-01 06:20:31;503.0;1745698831;99.399;101.342;92.345;102.821;
1900-01-01 06:20:32;504.0;1745698832;99.304;101.334;92.345;102.743;
1900-01-01 06:20:33;505.0;1745698833;99.304;101.334;92.378;102.745;
1900-01-01 06:20:34;506.0;1745698834;99.244;101.323;92.354;102.745;
1900-01-01 06:20:35;507.0;1745698835;99.243;101.323;92.354;102.838;
1900-01-01 06:20:36;508.0;1745698836;99.243;101.255;92.448;102.824;
1900-01-01 06:20:38;509.0;1745698838;99.127;101.28;92.404;102.824;
1900-01-01 06:20:38;510.0;1745698838;99.09;101.28;92.404;102.739;
1900-01-01 06:20:39;511.0;1745698839;99.09;101.276;92.411;102.712;
1900-01-01 06:20:40;512.0;1745698840;99.2;101.183;92.421;102.712;
1900-01-01 06:20:41;513.0;1745698841;99.04;101.183;92.421;102.759;
1900-01-01 06:20:42;514.0;1745698842;99.04;101.206;92.373;102.767;
1900-01-01 06:20:43;515.0;1745698843;99.126;101.176;92.396;102.767;
1900-01-01 06:20:44;516.0;1745698844;99.13;101.176;92.396;102.791;
1900-01-01 06:20:45;517.0;1745698845;99.13;101.199;92.375;102.742;
1900-01-01 06:20:46;518.0;1745698846;99.118;101.244;92.375;102.742;
1900-01-01 06:20:48;519.0;1745698848;99.084;101.244;92.375;102.747;
1900-01-01 06:20:48;520.0;1745698848;99.084;101.283;92.265;102.747;
1900-01-01 06:20:49;521.0;1745698849;99.174;101.209;92.265;102.854;
1900-01-01 06:20:50;522.0;1745698850;99.174;101.209;92.16;102.784;
1900-01-01 06:20:51;523.0;1745698851;99.204;101.218;92.026;102.784;
1900-01-01 06:20:53;524.0;1745698853;99.284;101.263;92.026;102.783;
1900-01-01 06:20:53;525.0;1745698853;99.284;101.263;91.967;102.734;
1900-01-01 06:20:54;526.0;1745698854;99.278;101.202;91.971;102.734;
1900-01-01 06:20:55;527.0;1745698855;99.208;101.202;91.971;102.767;
1900-01-01 06:20:56;528.0;1745698856;99.208;101.291;92.028;102.84;
1900-01-01 06:20:57;529.0;1745698857;99.263;101.337;91.984;102.84;
1900-01-01 06:20:58;530.0;1745698858;99.231;101.337;91.984;102.765;
1900-01-01 06:20:59;531.0;1745698859;99.231;101.325;92.023;102.738;
1900-01-01 06:21:00;532.0;1745698860;99.21;101.228;92.029;102.738;
1900-01-01 06:21:02;533.0;1745698862;99.242;101.228;92.029;102.666;
1900-01-01 06:21:02;534.0;1745698862;99.242;101.2;92.1;102.8;
1900-01-01 06:21:03;535.0;1745698863;99.208;101.33;92.1;102.8;
1900-01-01 06:21:04;536.0;1745698864;99.208;101.33;92.117;102.798;
1900-01-01 06:21:05;537.0;1745698865;99.152;101.328;92.072;102.798;
1900-01-01 06:21:06;538.0;1745698866;99.156;101.312;92.072;102.783;
1900-01-01 06:21:07;539.0;1745698867;99.271;101.312;92.104;102.813;
1900-01-01 06:21:08;540.0;1745698868;99.271;101.242;92.13;102.813;
1900-01-01 06:21:09;541.0;1745698869;99.189;101.365;92.13;102.773;
1900-01-01 06:21:10;542.0;1745698870;99.234;101.365;92.21;102.731;
1900-01-01 06:21:11;543.0;1745698871;99.234;101.28;92.156;102.731;
1900-01-01 06:21:12;544.0;1745698872;99.213;101.313;92.156;102.723;
1900-01-01 06:21:13;545.0;1745698873;99.213;101.313;92.202;102.726;
1900-01-01 06:21:14;546.0;1745698874;99.242;101.313;92.165;102.726;
1900-01-01 06:21:15;547.0;1745698875;99.196;101.241;92.165;102.692;
1900-01-01 06:21:16;548.0;1745698876;99.196;101.241;92.14;102.757;
1900-01-01 06:21:17;549.0;1745698877;99.219;101.22;92.071;102.757;
1900-01-01 06:21:18;550.0;1745698878;99.218;101.14;92.071;102.787;
1900-01-01 06:21:19;551.0;1745698879;99.218;101.14;91.906;102.7;
1900-01-01 06:21:20;552.0;1745698880;99.203;101.234;91.945;102.7;
1900-01-01 06:21:21;553.0;1745698881;99.161;101.219;91.945;102.749;
1900-01-01 06:21:22;554.0;1745698882;99.161;101.219;91.884;102.775;
1900-01-01 06:21:23;555.0;1745698883;99.175;101.262;91.908;102.775;
1900-01-01 06:21:24;556.0;1745698884;99.195;101.262;91.908;102.682;
1900-01-01 06:21:25;557.0;1745698885;99.195;101.269;91.94;102.767;
1900-01-01 06:21:26;558.0;1745698886;99.114;101.266;91.94;102.767;
1900-01-01 06:21:27;559.0;1745698887;99.104;101.266;91.877;102.751;
1900-01-01 06:21:28;560.0;1745698888;99.104;101.223;91.869;102.751;
1900-01-01 06:21:29;561.0;1745698889;99.132;101.355;91.869;102.708;
1900-01-01 06:21:31;562.0;1745698891;99.051;101.355;91.847;102.712;
1900-01-01 06:21:31;563.0;1745698891;99.051;101.261;91.815;102.712;
1900-01-01 06:21:32;564.0;1745698892;99.043;101.246;91.815;102.817;
1900-01-01 06:21:33;565.0;1745698893;99.043;101.246;91.875;102.782;
1900-01-01 06:21:34;566.0;1745698894;99.111;101.293;91.853;102.782;
1900-01-01 06:21:35;567.0;1745698895;99.106;101.311;91.853;102.749;
1900-01-01 06:21:36;568.0;1745698896;99.106;101.311;91.871;102.729;
1900-01-01 06:21:37;569.0;1745698897;99.179;101.307;91.858;102.729;
1900-01-01 06:21:38;570.0;1745698898;99.065;101.307;91.858;102.723;
1900-01-01 06:21:39;571.0;1745698899;99.065;101.328;91.843;102.803;
1900-01-01 06:21:40;572.0;1745698900;99.07;101.263;91.926;102.803;
1900-01-01 06:21:41;573.0;1745698901;99.126;101.263;91.926;102.725;
1900-01-01 06:21:42;574.0;1745698902;99.126;101.302;91.935;102.797;
1900-01-01 06:21:43;575.0;1745698903;99.137;101.276;91.935;102.797;
1900-01-01 06:21:44;576.0;1745698904;99.095;101.276;91.9;102.729;
1900-01-01 06:21:45;577.0;1745698905;99.095;101.232;91.888;102.783;
1900-01-01 06:21:46;578.0;1745698906;99.111;101.189;91.888;102.783;
1900-01-01 06:21:47;579.0;1745698907;99.168;101.189;91.871;102.882;
1900-01-01 06:21:48;580.0;1745698908;99.168;101.083;91.846;102.796;
1900-01-01 06:21:49;581.0;1745698909;99.069;101.126;91.846;102.796;
1900-01-01 06:21:50;582.0;1745698910;99.167;101.126;91.729;102.808;
1900-01-01 06:21:51;583.0;1745698911;99.167;101.154;91.663;102.734;
1900-01-01 06:21:52;584.0;1745698912;99.093;101.055;91.663;102.734;
1900-01-01 06:21:54;585.0;1745698914;99.088;101.055;91.656;102.709;
1900-01-01 06:21:54;586.0;1745698914;99.088;101.129;91.632;102.75;
1900-01-01 06:21:55;587.0;1745698915;99.104;100.984;91.632;102.75;
1900-01-01 06:21:56;588.0;1745698916;99.165;100.984;91.592;102.75;
1900-01-01 06:21:57;589.0;1745698917;99.165;101.071;91.651;102.75;
1900-01-01 06:21:58;590.0;1745698918;99.07;101.069;91.651;102.774;
1900-01-01 06:21:59;591.0;1745698919;99.07;101.069;91.603;102.732;
1900-01-01 06:22:00;592.0;1745698920;99.096;101.095;91.582;102.732;
1900-01-01 06:22:01;593.0;1745698921;99.027;101.095;91.582;102.83;
1900-01-01 06:22:02;594.0;1745698922;99.027;101.099;91.563;102.71;
1900-01-01 06:22:03;595.0;1745698923;98.984;101.105;91.595;102.71;
1900-01-01 06:22:04;596.0;1745698924;98.904;101.105;91.595;102.634;
1900-01-01 06:22:05;597.0;1745698925;98.904;101.138;91.661;102.817;
1900-01-01 06:22:06;598.0;1745698926;98.91;101.205;91.598;102.817;
1900-01-01 06:22:07;599.0;1745698927;98.828;101.205;91.598;102.85;
1900-01-01 06:22:08;600.0;1745698928;98.828;101.089;91.654;102.74;
1900-01-01 06:22:09;601.0;1745698929;98.783;101.174;91.608;102.74;
1900-01-01 06:22:10;602.0;1745698930;98.702;101.174;91.608;102.734;
1900-01-01 06:22:11;603.0;1745698931;98.702;101.198;91.622;102.709;
1900-01-01 06:22:12;604.0;1745698932;98.785;101.146;91.622;102.709;
1900-01-01 06:22:14;605.0;1745698934;98.757;101.146;91.484;102.776;
1900-01-01 06:22:14;606.0;1745698934;98.757;101.105;91.502;102.776;
1900-01-01 06:22:15;607.0;1745698935;98.849;101.051;91.502;102.649;
1900-01-01 06:22:16;608.0;1745698936;98.836;101.051;91.461;102.681;
1900-01-01 06:22:17;609.0;1745698937;98.836;101.002;91.492;102.681;
1900-01-01 06:22:18;610.0;1745698938;98.821;101.031;91.492;102.748;
1900-01-01 06:22:19;611.0;1745698939;98.821;101.031;91.455;102.74;
1900-01-01 06:22:20;612.0;1745698940;98.784;101.017;91.461;102.74;
1900-01-01 06:22:21;613.0;1745698941;98.882;101.051;91.461;102.79;
1900-01-01 06:22:22;614.0;1745698942;98.882;101.051;91.536;102.761;
1900-01-01 06:22:23;615.0;1745698943;98.881;100.975;91.567;102.761;
1900-01-01 06:22:24;616.0;1745698944;98.919;101.064;91.567;102.704;
1900-01-01 06:22:25;617.0;1745698945;98.919;101.064;91.6;102.767;
1900-01-01 06:22:26;618.0;1745698946;98.897;101.061;91.624;102.767;
1900-01-01 06:22:27;619.0;1745698947;98.869;101.061;91.624;102.746;
1900-01-01 06:22:28;620.0;1745698948;98.869;101.031;91.506;102.737;
1900-01-01 06:22:29;621.0;1745698949;98.906;101.149;91.392;102.737;
1900-01-01 06:22:30;622.0;1745698950;98.878;101.149;91.392;102.724;
1900-01-01 06:22:31;623.0;1745698951;98.878;101.02;91.431;102.705;
1900-01-01 06:22:33;624.0;1745698953;98.871;101.123;91.28;102.705;
1900-01-01 06:22:33;625.0;1745698953;98.917;101.123;91.28;102.709;
1900-01-01 06:22:34;626.0;1745698954;98.917;101.038;91.216;102.83;
1900-01-01 06:22:36;627.0;1745698956;98.997;101.112;91.21;102.83;
1900-01-01 06:22:36;628.0;1745698956;98.972;101.112;91.21;102.755;
1900-01-01 06:22:37;629.0;1745698957;98.972;101.103;91.277;102.725;
1900-01-01 06:22:39;630.0;1745698959;98.972;101.137;91.42;102.725;
1900-01-01 06:22:39;631.0;1745698959;98.946;101.137;91.42;102.719;
1900-01-01 06:22:40;632.0;1745698960;98.946;101.149;91.552;102.719;
1900-01-01 06:22:41;633.0;1745698961;98.907;101.189;91.552;102.711;
1900-01-01 06:22:42;634.0;1745698962;98.953;101.189;91.537;102.746;
1900-01-01 06:22:43;635.0;1745698963;98.953;101.058;91.596;102.746;
1900-01-01 06:22:44;636.0;1745698964;98.9;101.119;91.596;102.761;
1900-01-01 06:22:45;637.0;1745698965;98.869;101.119;91.648;102.792;
1900-01-01 06:22:46;638.0;1745698966;98.869;101.109;91.627;102.792;
1900-01-01 06:22:47;639.0;1745698967;98.9;101.12;91.627;102.771;
1900-01-01 06:22:49;640.0;1745698969;98.898;101.12;91.617;102.776;
1900-01-01 06:22:49;641.0;1745698969;98.898;101.091;91.523;102.776;
1900-01-01 06:22:50;642.0;1745698970;98.912;101.025;91.523;102.746;
1900-01-01 06:22:51;643.0;1745698971;98.912;101.025;91.374;102.697;
1900-01-01 06:22:52;644.0;1745698972;98.901;101.096;91.228;102.697;
1900-01-01 06:22:53;645.0;1745698973;98.929;101.096;91.228;102.724;
1900-01-01 06:22:54;646.0;1745698974;98.929;100.972;91.117;102.807;
1900-01-01 06:22:55;647.0;1745698975;98.907;101.002;91.152;102.807;
1900-01-01 06:22:56;648.0;1745698976;98.989;101.002;91.152;102.772;
1900-01-01 06:22:57;649.0;1745698977;98.989;101.078;91.149;102.765;
1900-01-01 06:22:58;650.0;1745698978;98.981;101.018;91.149;102.765;
1900-01-01 06:22:59;651.0;1745698979;98.886;101.018;90.949;102.739;
1900-01-01 06:23:00;652.0;1745698980;98.886;101.062;90.852;102.775;
1900-01-01 06:23:01;653.0;1745698981;98.838;100.96;90.882;102.775;
1900-01-01 06:23:02;654.0;1745698982;98.793;100.96;90.882;102.74;
1900-01-01 06:23:03;655.0;1745698983;98.793;100.976;90.828;102.655;
1900-01-01 06:23:04;656.0;1745698984;98.876;100.997;90.828;102.655;
1900-01-01 06:23:05;657.0;1745698985;98.798;100.997;90.959;102.754;
1900-01-01 06:23:06;658.0;1745698986;98.798;101.071;90.977;102.744;
1900-01-01 06:23:07;659.0;1745698987;98.864;101.072;90.977;102.744;
1900-01-01 06:23:08;660.0;1745698988;98.879;101.072;91.044;102.823;
1900-01-01 06:23:09;661.0;1745698989;98.879;101.137;90.97;102.823;
1900-01-01 06:23:10;662.0;1745698990;98.875;101.03;90.97;102.775;
1900-01-01 06:23:11;663.0;1745698991;98.972;101.03;90.948;102.763;
1900-01-01 06:23:12;664.0;1745698992;98.972;101.147;90.98;102.763;
1900-01-01 06:23:13;665.0;1745698993;98.915;101.039;90.98;102.787;
1900-01-01 06:23:14;666.0;1745698994;98.915;101.039;91.029;102.716;
1900-01-01 06:23:15;667.0;1745698995;98.897;101.095;91.067;102.716;
1900-01-01 06:23:16;668.0;1745698996;98.916;101.095;91.067;102.796;
1900-01-01 06:23:17;669.0;1745698997;98.916;100.929;91.012;102.818;
1900-01-01 06:23:18;670.0;1745698998;98.876;100.98;91.015;102.818;
1900-01-01 06:23:19;671.0;1745698999;98.801;100.892;91.015;102.727;
1900-01-01 06:23:20;672.0;1745699000;98.801;100.892;91.047;102.691;
1900-01-01 06:23:21;673.0;1745699001;98.79;100.921;91.048;102.691;
1900-01-01 06:23:23;674.0;1745699003;98.742;100.911;91.048;102.732;
1900-01-01 06:23:23;675.0;1745699003;98.742;100.911;91.025;102.673;
1900-01-01 06:23:24;676.0;1745699004;98.771;100.84;90.933;102.673;
1900-01-01 06:23:25;677.0;1745699005;98.733;100.84;90.933;102.718;
1900-01-01 06:23:26;678.0;1745699006;98.733;100.803;90.892;102.711;
1900-01-01 06:23:28;679.0;1745699008;98.665;100.838;90.921;102.711;
1900-01-01 06:23:28;680.0;1745699008;98.747;100.838;90.921;102.762;
1900-01-01 06:23:29;681.0;1745699009;98.747;100.912;91.019;102.67;
1900-01-01 06:23:30;682.0;1745699010;98.807;100.847;91.019;102.67;
1900-01-01 06:23:31;683.0;1745699011;98.807;100.847;91.179;102.723;
1900-01-01 06:23:32;684.0;1745699012;98.775;100.735;91.096;102.764;
1900-01-01 06:23:33;685.0;1745699013;98.883;100.901;91.096;102.764;
1900-01-01 06:23:34;686.0;1745699014;98.883;100.901;91.166;102.737;
1900-01-01 06:23:35;687.0;1745699015;98.759;100.9;91.011;102.737;
1900-01-01 06:23:36;688.0;1745699016;98.82;100.879;91.011;102.824;
1900-01-01 06:23:38;689.0;1745699018;98.806;100.879;90.941;102.787;
1900-01-01 06:23:38;690.0;1745699018;98.806;100.94;90.958;102.787;
1900-01-01 06:23:39;691.0;1745699019;98.751;100.851;90.958;102.69;
1900-01-01 06:23:40;692.0;1745699020;98.751;100.851;90.911;102.713;
1900-01-01 06:23:41;693.0;1745699021;98.779;100.885;90.847;102.713;
1900-01-01 06:23:42;694.0;1745699022;98.816;100.929;90.847;102.714;
1900-01-01 06:23:43;695.0;1745699023;98.77;100.929;90.818;102.758;
1900-01-01 06:23:44;696.0;1745699024;98.77;100.876;90.691;102.758;
1900-01-01 06:23:45;697.0;1745699025;98.802;100.959;90.691;102.678;
1900-01-01 06:23:46;698.0;1745699026;98.802;100.959;90.635;102.808;
1900-01-01 06:23:47;699.0;1745699027;98.74;100.939;90.683;102.808;
1900-01-01 06:23:48;700.0;1745699028;98.705;100.939;90.683;102.707;
1900-01-01 06:23:49;701.0;1745699029;98.705;100.95;90.7;102.773;
1900-01-01 06:23:50;702.0;1745699030;98.658;100.936;90.761;102.773;
1900-01-01 06:23:51;703.0;1745699031;98.73;100.936;90.761;102.75;
1900-01-01 06:23:52;704.0;1745699032;98.73;100.852;90.825;102.701;
1900-01-01 06:23:53;705.0;1745699033;98.613;100.909;90.825;102.701;
1900-01-01 06:23:54;706.0;1745699034;98.667;100.909;90.949;102.705;
1900-01-01 06:23:55;707.0;1745699035;98.667;100.903;90.936;102.705;
1900-01-01 06:23:56;708.0;1745699036;98.665;100.869;90.936;102.582;
1900-01-01 06:23:57;709.0;1745699037;98.68;100.869;90.907;102.772;
1900-01-01 06:23:58;710.0;1745699038;98.68;100.851;90.901;102.76;
1900-01-01 06:23:59;711.0;1745699039;98.61;100.868;90.901;102.76;
1900-01-01 06:24:00;712.0;1745699040;98.61;100.868;90.953;102.687;
1900-01-01 06:24:01;713.0;1745699041;98.662;100.942;90.925;102.72;
1900-01-01 06:24:03;714.0;1745699043;98.495;100.987;90.925;102.72;
1900-01-01 06:24:03;715.0;1745699043;98.495;100.987;90.843;102.763;
1900-01-01 06:24:04;716.0;1745699044;98.584;101.017;90.827;102.763;
1900-01-01 06:24:05;717.0;1745699045;98.485;100.938;90.827;102.644;
1900-01-01 06:24:06;718.0;1745699046;98.485;100.938;90.806;102.685;
1900-01-01 06:24:07;719.0;1745699047;98.421;100.967;90.826;102.685;
1900-01-01 06:24:08;720.0;1745699048;98.474;100.967;90.826;102.712;
1900-01-01 06:24:09;721.0;1745699049;98.474;100.937;90.695;102.775;
1900-01-01 06:24:10;722.0;1745699050;98.455;100.963;90.623;102.775;
1900-01-01 06:24:12;723.0;1745699052;98.55;100.923;90.623;102.737;
1900-01-01 06:24:12;724.0;1745699052;98.55;100.923;90.593;102.77;
1900-01-01 06:24:13;725.0;1745699053;98.484;100.99;90.473;102.77;
1900-01-01 06:24:14;726.0;1745699054;98.434;100.989;90.473;102.751;
1900-01-01 06:24:15;727.0;1745699055;98.434;100.989;90.34;102.677;
1900-01-01 06:24:16;728.0;1745699056;98.39;100.982;90.249;102.677;
1900-01-01 06:24:17;729.0;1745699057;98.413;100.982;90.249;102.675;
1900-01-01 06:24:18;730.0;1745699058;98.413;100.943;90.186;102.742;
1900-01-01 06:24:19;731.0;1745699059;98.516;100.915;90.099;102.742;
1900-01-01 06:24:20;732.0;1745699060;98.612;100.861;90.099;102.666;
1900-01-01 06:24:21;733.0;1745699061;98.612;100.861;90.128;102.682;
1900-01-01 06:24:22;734.0;1745699062;98.634;100.845;90.125;102.682;
1900-01-01 06:24:23;735.0;1745699063;98.644;100.983;90.125;102.767;
1900-01-01 06:24:24;736.0;1745699064;98.644;100.983;90.07;102.737;
1900-01-01 06:24:25;737.0;1745699065;98.674;100.894;90.07;102.737;
1900-01-01 06:24:26;738.0;1745699066;98.655;100.894;90.153;102.735;
1900-01-01 06:24:27;739.0;1745699067;98.655;100.847;90.201;102.758;
1900-01-01 06:24:28;740.0;1745699068;98.604;100.872;90.201;102.758;
1900-01-01 06:24:29;741.0;1745699069;98.539;100.872;90.348;102.693;
1900-01-01 06:24:31;742.0;1745699071;98.539;100.848;90.4;102.766;
1900-01-01 06:24:31;743.0;1745699071;98.629;100.852;90.4;102.766;
1900-01-01 06:24:32;744.0;1745699072;98.656;100.852;90.378;102.757;
1900-01-01 06:24:33;745.0;1745699073;98.656;100.809;90.357;102.757;
1900-01-01 06:24:34;746.0;1745699074;98.626;100.78;90.357;102.73;
1900-01-01 06:24:35;747.0;1745699075;98.661;100.78;90.397;102.719;
1900-01-01 06:24:36;748.0;1745699076;98.661;100.858;90.378;102.68;
1900-01-01 06:24:37;749.0;1745699077;98.696;100.794;90.378;102.68;
1900-01-01 06:24:38;750.0;1745699078;98.696;100.794;90.285;102.621;
1900-01-01 06:24:39;751.0;1745699079;98.629;100.81;90.3;102.621;
1900-01-01 06:24:40;752.0;1745699080;98.694;100.764;90.3;102.62;
1900-01-01 06:24:41;753.0;1745699081;98.596;100.764;90.238;102.579;
1900-01-01 06:24:42;754.0;1745699082;98.596;100.775;90.227;102.579;
1900-01-01 06:24:43;755.0;1745699083;98.561;100.721;90.227;102.628;
1900-01-01 06:24:44;756.0;1745699084;98.561;100.721;90.337;102.644;
1900-01-01 06:24:45;757.0;1745699085;98.61;100.836;90.332;102.644;
1900-01-01 06:24:46;758.0;1745699086;98.534;100.81;90.332;102.653;
1900-01-01 06:24:47;759.0;1745699087;98.534;100.81;90.443;102.649;
1900-01-01 06:24:48;760.0;1745699088;98.554;100.747;90.378;102.649;
1900-01-01 06:24:49;761.0;1745699089;98.538;100.747;90.378;102.64;
1900-01-01 06:24:50;762.0;1745699090;98.538;100.798;90.365;102.722;
1900-01-01 06:24:51;763.0;1745699091;98.508;100.758;90.365;102.722;
1900-01-01 06:24:52;764.0;1745699092;98.637;100.758;90.328;102.745;
1900-01-01 06:24:53;765.0;1745699093;98.637;100.814;90.286;102.698;
1900-01-01 06:24:54;766.0;1745699094;98.585;100.761;90.286;102.698;
1900-01-01 06:24:55;767.0;1745699095;98.528;100.761;90.287;102.699;
1900-01-01 06:24:56;768.0;1745699096;98.528;100.677;90.202;102.837;
1900-01-01 06:24:57;769.0;1745699097;98.405;100.723;90.202;102.837;
1900-01-01 06:24:58;770.0;1745699098;98.425;100.723;90.087;102.737;
1900-01-01 06:24:59;771.0;1745699099;98.425;100.745;90.095;102.737;
1900-01-01 06:25:00;772.0;1745699100;98.371;100.704;90.095;102.735;
1900-01-01 06:25:01;773.0;1745699101;98.371;100.704;90.071;102.752;
1900-01-01 06:25:02;774.0;1745699102;98.429;100.757;89.983;102.764;
1900-01-01 06:25:03;775.0;1745699103;98.321;100.701;89.983;102.764;
1900-01-01 06:25:04;776.0;1745699104;98.321;100.701;90.011;102.73;
1900-01-01 06:25:05;777.0;1745699105;98.284;100.723;89.921;102.73;
1900-01-01 06:25:06;778.0;1745699106;98.342;100.723;89.921;102.744;
1900-01-01 06:25:07;779.0;1745699107;98.342;100.778;90.043;102.651;
1900-01-01 06:25:08;780.0;1745699108;98.242;100.78;90.08;102.651;
1900-01-01 06:25:09;781.0;1745699109;98.302;100.781;90.08;102.719;
1900-01-01 06:25:10;782.0;1745699110;98.302;100.781;90.007;102.712;
1900-01-01 06:25:11;783.0;1745699111;98.274;100.68;90.144;102.712;
1900-01-01 06:25:12;784.0;1745699112;98.222;100.821;90.144;102.816;
1900-01-01 06:25:13;785.0;1745699113;98.222;100.821;90.208;102.733;
1900-01-01 06:25:14;786.0;1745699114;98.314;100.815;90.193;102.733;
1900-01-01 06:25:15;787.0;1745699115;98.373;100.775;90.193;102.679;
1900-01-01 06:25:16;788.0;1745699116;98.373;100.775;90.236;102.689;
1900-01-01 06:25:17;789.0;1745699117;98.307;100.813;90.177;102.689;
1900-01-01 06:25:18;790.0;1745699118;98.412;100.845;90.177;102.668;
1900-01-01 06:25:19;791.0;1745699119;98.412;100.845;90.179;102.729;
1900-01-01 06:25:20;792.0;1745699120;98.373;100.796;90.172;102.729;
1900-01-01 06:25:22;793.0;1745699122;98.452;100.796;90.172;102.627;
1900-01-01 06:25:22;794.0;1745699122;98.452;100.804;90.036;102.63;
1900-01-01 06:25:23;795.0;1745699123;98.5;100.764;90.076;102.63;
1900-01-01 06:25:24;796.0;1745699124;98.415;100.764;90.076;102.715;
1900-01-01 06:25:25;797.0;1745699125;98.415;100.748;90.018;102.674;
1900-01-01 06:25:26;798.0;1745699126;98.476;100.745;90.018;102.674;
1900-01-01 06:25:27;799.0;1745699127;98.372;100.745;89.971;102.672;
1900-01-01 06:25:28;800.0;1745699128;98.372;100.617;89.899;102.672;
1900-01-01 06:25:29;801.0;1745699129;98.269;100.627;89.899;102.695;
1900-01-01 06:25:31;802.0;1745699131;98.239;100.627;89.903;102.665;
1900-01-01 06:25:31;803.0;1745699131;98.239;100.626;89.926;102.665;
1900-01-01 06:25:32;804.0;1745699132;98.204;100.667;89.926;102.711;
1900-01-01 06:25:33;805.0;1745699133;98.204;100.667;89.767;102.69;
1900-01-01 06:25:34;806.0;1745699134;98.239;100.639;89.777;102.69;
1900-01-01 06:25:35;807.0;1745699135;98.117;100.66;89.777;102.699;
1900-01-01 06:25:36;808.0;1745699136;98.117;100.66;89.863;102.612;
1900-01-01 06:25:37;809.0;1745699137;98.197;100.653;89.856;102.612;
1900-01-01 06:25:38;810.0;1745699138;98.195;100.66;89.856;102.639;
1900-01-01 06:25:39;811.0;1745699139;98.195;100.66;89.884;102.755;
1900-01-01 06:25:40;812.0;1745699140;98.193;100.67;89.845;102.755;
1900-01-01 06:25:41;813.0;1745699141;98.164;100.67;89.845;102.747;
1900-01-01 06:25:43;814.0;1745699143;98.164;100.521;89.928;102.677;
1900-01-01 06:25:43;815.0;1745699143;98.215;100.591;89.928;102.677;
1900-01-01 06:25:44;816.0;1745699144;98.245;100.591;89.804;102.681;
1900-01-01 06:25:45;817.0;1745699145;98.245;100.541;89.854;102.729;
1900-01-01 06:25:46;818.0;1745699146;98.235;100.544;89.774;102.729;
1900-01-01 06:25:47;819.0;1745699147;98.349;100.544;89.774;102.663;
1900-01-01 06:25:48;820.0;1745699148;98.349;100.539;89.829;102.589;
1900-01-01 06:25:49;821.0;1745699149;98.302;100.675;89.789;102.589;
1900-01-01 06:25:50;822.0;1745699150;98.347;100.675;89.789;102.623;
1900-01-01 06:25:51;823.0;1745699151;98.347;100.659;89.748;102.619;
1900-01-01 06:25:52;824.0;1745699152;98.36;100.573;89.748;102.619;
1900-01-01 06:25:53;825.0;1745699153;98.363;100.573;89.607;102.753;
1900-01-01 06:25:54;826.0;1745699154;98.363;100.67;89.529;102.753;
1900-01-01 06:25:55;827.0;1745699155;98.371;100.655;89.529;102.722;
1900-01-01 06:25:56;828.0;1745699156;98.371;100.655;89.618;102.61;
1900-01-01 06:25:57;829.0;1745699157;98.431;100.642;89.524;102.61;
1900-01-01 06:25:58;830.0;1745699158;98.367;100.681;89.524;102.573;
1900-01-01 06:25:59;831.0;1745699159;98.367;100.681;89.627;102.662;
1900-01-01 06:26:00;832.0;1745699160;98.375;100.668;89.572;102.662;
1900-01-01 06:26:01;833.0;1745699161;98.353;100.638;89.572;102.605;
1900-01-01 06:26:03;834.0;1745699163;98.353;100.638;89.575;102.667;
1900-01-01 06:26:03;835.0;1745699163;98.432;100.672;89.564;102.667;
1900-01-01 06:26:04;836.0;1745699164;98.464;100.657;89.564;102.669;
1900-01-01 06:26:05;837.0;1745699165;98.464;100.657;89.652;102.66;
1900-01-01 06:26:06;838.0;1745699166;98.476;100.74;89.718;102.66;
1900-01-01 06:26:07;839.0;1745699167;98.465;100.74;89.718;102.674;
1900-01-01 06:26:08;840.0;1745699168;98.465;100.689;89.724;102.657;
1900-01-01 06:26:09;841.0;1745699169;98.329;100.713;89.724;102.657;
1900-01-01 06:26:10;842.0;1745699170;98.292;100.713;89.679;102.701;
1900-01-01 06:26:11;843.0;1745699171;98.292;100.662;89.678;102.701;
1900-01-01 06:26:12;844.0;1745699172;98.369;100.671;89.678;102.689;
1900-01-01 06:26:13;845.0;1745699173;98.196;100.671;89.585;102.6;
1900-01-01 06:26:14;846.0;1745699174;98.196;100.659;89.412;102.606;
1900-01-01 06:26:15;847.0;1745699175;98.316;100.635;89.412;102.606;
1900-01-01 06:26:16;848.0;1745699176;98.316;100.635;89.441;102.673;
1900-01-01 06:26:17;849.0;1745699177;98.188;100.612;89.394;102.673;
1900-01-01 06:26:18;850.0;1745699178;98.125;100.546;89.394;102.684;
1900-01-01 06:26:19;851.0;1745699179;98.125;100.546;89.378;102.695;
1900-01-01 06:26:20;852.0;1745699180;98.095;100.597;89.437;102.695;
1900-01-01 06:26:21;853.0;1745699181;98.084;100.597;89.437;102.6;
1900-01-01 06:26:22;854.0;1745699182;98.084;100.618;89.496;102.636;
1900-01-01 06:26:23;855.0;1745699183;98.016;100.664;89.46;102.636;
1900-01-01 06:26:24;856.0;1745699184;98.045;100.664;89.46;102.548;
1900-01-01 06:26:25;857.0;1745699185;98.045;100.643;89.539;102.602;
1900-01-01 06:26:26;858.0;1745699186;98.041;100.586;89.449;102.602;
1900-01-01 06:26:27;859.0;1745699187;97.999;100.605;89.449;102.63;
1900-01-01 06:26:28;860.0;1745699188;97.999;100.605;89.486;102.593;
1900-01-01 06:26:29;861.0;1745699189;98.043;100.562;89.457;102.593;
1900-01-01 06:26:30;862.0;1745699190;98.032;100.562;89.457;102.648;
1900-01-01 06:26:31;863.0;1745699191;98.032;100.502;89.486;102.552;
1900-01-01 06:26:32;864.0;1745699192;97.98;100.58;89.486;102.552;
1900-01-01 06:26:33;865.0;1745699193;98.023;100.58;89.469;102.682;
1900-01-01 06:26:34;866.0;1745699194;98.023;100.526;89.415;102.637;
1900-01-01 06:26:35;867.0;1745699195;98.096;100.448;89.424;102.637;
1900-01-01 06:26:36;868.0;1745699196;98.096;100.448;89.424;102.578;
1900-01-01 06:26:37;869.0;1745699197;98.153;100.435;89.456;102.619;
1900-01-01 06:26:38;870.0;1745699198;98.124;100.407;89.456;102.619;
1900-01-01 06:26:39;871.0;1745699199;98.124;100.407;89.304;102.709;
1900-01-01 06:26:40;872.0;1745699200;98.182;100.446;89.276;102.587;
1900-01-01 06:26:41;873.0;1745699201;98.089;100.417;89.276;102.587;
1900-01-01 06:26:42;874.0;1745699202;98.089;100.417;89.209;102.735;
1900-01-01 06:26:43;875.0;1745699203;98.095;100.444;89.122;102.735;
1900-01-01 06:26:44;876.0;1745699204;98.169;100.444;89.122;102.674;
1900-01-01 06:26:45;877.0;1745699205;98.169;100.371;89.058;102.683;
1900-01-01 06:26:46;878.0;1745699206;98.107;100.484;88.992;102.683;
1900-01-01 06:26:47;879.0;1745699207;98.162;100.484;88.992;102.712;
1900-01-01 06:26:48;880.0;1745699208;98.162;100.419;88.887;102.704;
1900-01-01 06:26:49;881.0;1745699209;98.123;100.329;88.887;102.704;
1900-01-01 06:26:50;882.0;1745699210;98.18;100.329;88.95;102.687;
1900-01-01 06:26:51;883.0;1745699211;98.18;100.389;89.039;102.676;
1900-01-01 06:26:52;884.0;1745699212;98.14;100.432;89.039;102.676;
1900-01-01 06:26:53;885.0;1745699213;98.181;100.432;89.061;102.638;
1900-01-01 06:26:54;886.0;1745699214;98.181;100.493;89.121;102.527;
1900-01-01 06:26:55;887.0;1745699215;98.162;100.456;89.121;102.527;
1900-01-01 06:26:57;888.0;1745699217;98.243;100.456;89.118;102.662;
1900-01-01 06:26:57;889.0;1745699217;98.243;100.391;89.087;102.662;
1900-01-01 06:26:58;890.0;1745699218;98.229;100.378;89.087;102.724;
1900-01-01 06:26:59;891.0;1745699219;98.229;100.378;89.12;102.589;
1900-01-01 06:27:00;892.0;1745699220;98.27;100.409;89.058;102.589;
1900-01-01 06:27:01;893.0;1745699221;98.294;100.409;89.058;102.678;
1900-01-01 06:27:02;894.0;1745699222;98.294;100.34;89.117;102.545;
1900-01-01 06:27:03;895.0;1745699223;98.218;100.384;89.076;102.545;
1900-01-01 06:27:04;896.0;1745699224;98.172;100.384;89.076;102.677;
1900-01-01 06:27:05;897.0;1745699225;98.172;100.388;89.108;102.577;
1900-01-01 06:27:06;898.0;1745699226;98.243;100.404;89.062;102.577;
1900-01-01 06:27:07;899.0;1745699227;98.123;100.404;89.062;102.673;
1900-01-01 06:27:08;900.0;1745699228;98.123;100.299;89.093;102.566;
1900-01-01 06:27:09;901.0;1745699229;98.152;100.223;89.093;102.566;
1900-01-01 06:27:10;902.0;1745699230;98.039;100.223;89.051;102.61;
1900-01-01 06:27:11;903.0;1745699231;98.039;100.182;88.966;102.573;
1900-01-01 06:27:12;904.0;1745699232;98.044;100.285;88.966;102.573;
1900-01-01 06:27:13;905.0;1745699233;98.061;100.285;88.883;102.676;
1900-01-01 06:27:14;906.0;1745699234;98.061;100.241;88.801;102.635;
1900-01-01 06:27:15;907.0;1745699235;98.021;100.26;88.801;102.635;
1900-01-01 06:27:16;908.0;1745699236;98.092;100.26;88.829;102.599;
1900-01-01 06:27:17;909.0;1745699237;98.092;100.272;88.795;102.643;
1900-01-01 06:27:18;910.0;1745699238;98.086;100.262;88.795;102.643;
1900-01-01 06:27:19;911.0;1745699239;98.01;100.262;88.829;102.569;
1900-01-01 06:27:20;912.0;1745699240;98.01;100.174;88.739;102.593;
1900-01-01 06:27:21;913.0;1745699241;97.992;100.178;88.739;102.593;
1900-01-01 06:27:22;914.0;1745699242;97.992;100.178;88.757;102.569;
1900-01-01 06:27:23;915.0;1745699243;98.044;100.262;88.67;102.569;
1900-01-01 06:27:24;916.0;1745699244;97.93;100.105;88.67;102.551;
1900-01-01 06:27:25;917.0;1745699245;97.93;100.105;88.738;102.607;
1900-01-01 06:27:26;918.0;1745699246;97.926;100.141;88.641;102.607;
1900-01-01 06:27:27;919.0;1745699247;97.725;100.141;88.641;102.567;
1900-01-01 06:27:28;920.0;1745699248;97.725;100.14;88.534;102.552;
1900-01-01 06:27:29;921.0;1745699249;97.807;100.206;88.632;102.552;
1900-01-01 06:27:30;922.0;1745699250;97.834;100.206;88.632;102.577;
1900-01-01 06:27:31;923.0;1745699251;97.834;100.181;88.635;102.539;
1900-01-01 06:27:32;924.0;1745699252;97.847;100.183;88.627;102.539;
1900-01-01 06:27:33;925.0;1745699253;97.909;100.183;88.627;102.572;
1900-01-01 06:27:34;926.0;1745699254;97.909;100.205;88.581;102.623;
1900-01-01 06:27:35;927.0;1745699255;97.81;100.242;88.454;102.623;
1900-01-01 06:27:36;928.0;1745699256;97.802;100.242;88.454;102.606;
1900-01-01 06:27:37;929.0;1745699257;97.802;100.276;88.464;102.554;
1900-01-01 06:27:38;930.0;1745699258;97.805;100.186;88.464;102.554;
1900-01-01 06:27:39;931.0;1745699259;97.816;100.186;88.372;102.501;
1900-01-01 06:27:41;932.0;1745699261;97.816;100.197;88.34;102.623;
1900-01-01 06:27:41;933.0;1745699261;97.953;100.147;88.34;102.623;
1900-01-01 06:27:42;934.0;1745699262;97.891;100.147;88.357;102.549;
1900-01-01 06:27:43;935.0;1745699263;97.891;100.268;88.229;102.623;
1900-01-01 06:27:44;936.0;1745699264;97.926;100.165;88.229;102.623;
1900-01-01 06:27:45;937.0;1745699265;97.926;100.165;88.166;102.589;
1900-01-01 06:27:46;938.0;1745699266;97.954;100.235;88.139;102.589;
1900-01-01 06:27:48;939.0;1745699268;97.96;100.191;88.139;102.556;
1900-01-01 06:27:48;940.0;1745699268;97.96;100.191;88.168;102.573;
1900-01-01 06:27:49;941.0;1745699269;97.962;100.17;88.131;102.573;
1900-01-01 06:27:50;942.0;1745699270;97.965;100.17;88.131;102.644;
1900-01-01 06:27:51;943.0;1745699271;97.965;100.195;88.16;102.644;
1900-01-01 06:27:53;944.0;1745699273;97.922;100.273;88.117;102.644;
1900-01-01 06:27:53;945.0;1745699273;98.018;100.273;88.117;102.64;
1900-01-01 06:27:54;946.0;1745699274;98.018;100.248;88.08;102.63;
1900-01-01 06:27:55;947.0;1745699275;97.921;100.166;88.08;102.63;
1900-01-01 06:27:56;948.0;1745699276;98.02;100.166;88.104;102.601;
1900-01-01 06:27:57;949.0;1745699277;98.02;100.186;88.113;102.573;
1900-01-01 06:27:58;950.0;1745699278;98.073;100.215;88.113;102.573;
1900-01-01 06:27:59;951.0;1745699279;97.964;100.215;88.097;102.572;
1900-01-01 06:28:00;952.0;1745699280;97.964;100.208;88.133;102.481;
1900-01-01 06:28:01;953.0;1745699281;98.02;100.166;88.133;102.481;
1900-01-01 06:28:02;954.0;1745699282;97.988;100.166;88.096;102.592;
1900-01-01 06:28:03;955.0;1745699283;97.988;100.021;88.075;102.552;
1900-01-01 06:28:04;956.0;1745699284;97.883;100.206;88.075;102.552;
1900-01-01 06:28:05;957.0;1745699285;97.883;100.206;88.025;102.656;
1900-01-01 06:28:06;958.0;1745699286;97.948;100.104;87.957;102.656;
1900-01-01 06:28:07;959.0;1745699287;97.9;100.137;87.957;102.608;
1900-01-01 06:28:08;960.0;1745699288;97.9;100.137;88.009;102.587;
1900-01-01 06:28:09;961.0;1745699289;97.777;100.139;88.048;102.587;
1900-01-01 06:28:10;962.0;1745699290;97.872;100.141;88.048;102.526;
1900-01-01 06:28:11;963.0;1745699291;97.872;100.141;88.031;102.461;
1900-01-01 06:28:12;964.0;1745699292;97.796;100.105;88.017;102.461;
1900-01-01 06:28:13;965.0;1745699293;97.679;100.106;88.017;102.507;
1900-01-01 06:28:14;966.0;1745699294;97.679;100.106;88.039;102.492;
1900-01-01 06:28:15;967.0;1745699295;97.765;100.133;88.133;102.492;
1900-01-01 06:28:16;968.0;1745699296;97.65;100.133;88.133;102.614;
1900-01-01 06:28:17;969.0;1745699297;97.65;100.023;88.189;102.547;
1900-01-01 06:28:18;970.0;1745699298;97.664;100.041;88.189;102.547;
1900-01-01 06:28:19;971.0;1745699299;97.695;100.041;88.267;102.566;
1900-01-01 06:28:20;972.0;1745699300;97.695;100.011;88.335;102.563;
1900-01-01 06:28:21;973.0;1745699301;97.699;100.107;88.335;102.563;
1900-01-01 06:28:22;974.0;1745699302;97.731;100.107;88.361;102.519;
1900-01-01 06:28:23;975.0;1745699303;97.731;100.035;88.305;102.519;
1900-01-01 06:28:24;976.0;1745699304;97.635;100.086;88.305;102.564;
1900-01-01 06:28:25;977.0;1745699305;97.67;100.086;88.162;102.536;
1900-01-01 06:28:26;978.0;1745699306;97.67;100.01;88.08;102.536;
1900-01-01 06:28:27;979.0;1745699307;97.633;100.032;88.08;102.64;
1900-01-01 06:28:28;980.0;1745699308;97.643;100.032;88.058;102.508;
1900-01-01 06:28:29;981.0;1745699309;97.643;100.031;88.073;102.508;
1900-01-01 06:28:30;982.0;1745699310;97.645;100.098;88.073;102.562;
1900-01-01 06:28:31;983.0;1745699311;97.645;100.098;88.065;102.51;
1900-01-01 06:28:32;984.0;1745699312;97.634;100.017;88.092;102.51;
1900-01-01 06:28:33;985.0;1745699313;97.675;100.017;88.092;102.483;
1900-01-01 06:28:34;986.0;1745699314;97.675;100.053;88.152;102.564;
1900-01-01 06:28:35;987.0;1745699315;97.691;100.045;88.055;102.564;
1900-01-01 06:28:36;988.0;1745699316;97.707;100.045;88.055;102.458;
1900-01-01 06:28:37;989.0;1745699317;97.707;100.036;88.022;102.551;
1900-01-01 06:28:38;990.0;1745699318;97.706;100.075;88.002;102.551;
1900-01-01 06:28:39;991.0;1745699319;97.831;100.075;88.002;102.458;
1900-01-01 06:28:40;992.0;1745699320;97.831;99.998;87.794;102.551;
1900-01-01 06:28:41;993.0;1745699321;97.815;100.033;87.689;102.551;
1900-01-01 06:28:42;994.0;1745699322;97.762;100.033;87.689;102.456;
1900-01-01 06:28:43;995.0;1745699323;97.762;99.96;87.641;102.57;
1900-01-01 06:28:44;996.0;1745699324;97.788;99.962;87.641;102.57;
1900-01-01 06:28:46;997.0;1745699326;97.791;99.962;87.576;102.464;
1900-01-01 06:28:46;998.0;1745699326;97.791;99.983;87.531;102.526;
1900-01-01 06:28:47;999.0;1745699327;97.877;99.991;87.531;102.526;
1900-01-01 06:28:49;1000.0;1745699329;97.759;99.991;87.59;102.546;
1900-01-01 06:28:49;1001.0;1745699329;97.759;99.998;87.569;102.546;
1900-01-01 06:28:50;1002.0;1745699330;97.783;100.033;87.569;102.452;
1900-01-01 06:28:51;1003.0;1745699331;97.747;100.033;87.618;102.509;
1900-01-01 06:28:52;1004.0;1745699332;97.747;100.057;87.505;102.509;
1900-01-01 06:28:53;1005.0;1745699333;97.716;99.947;87.505;102.482;
1900-01-01 06:28:54;1006.0;1745699334;97.716;99.947;87.486;102.528;
1900-01-01 06:28:55;1007.0;1745699335;97.733;99.981;87.59;102.581;
1900-01-01 06:28:56;1008.0;1745699336;97.543;99.947;87.59;102.581;
1900-01-01 06:28:57;1009.0;1745699337;97.543;99.947;87.544;102.521;
1900-01-01 06:28:59;1010.0;1745699339;97.567;99.94;87.665;102.519;
1900-01-01 06:28:59;1011.0;1745699339;97.558;99.94;87.665;102.519;
1900-01-01 06:29:00;1012.0;1745699340;97.558;99.981;87.669;102.557;
1900-01-01 06:29:01;1013.0;1745699341;97.506;100.002;87.72;102.557;
1900-01-01 06:29:02;1014.0;1745699342;97.506;100.002;87.72;102.436;
1900-01-01 06:29:03;1015.0;1745699343;97.506;99.995;87.791;102.449;
1900-01-01 06:29:04;1016.0;1745699344;97.488;99.955;87.716;102.449;
1900-01-01 06:29:05;1017.0;1745699345;97.502;99.955;87.716;102.555;
1900-01-01 06:29:06;1018.0;1745699346;97.502;100.024;87.723;102.461;
1900-01-01 06:29:07;1019.0;1745699347;97.506;100.048;87.703;102.461;
1900-01-01 06:29:08;1020.0;1745699348;97.502;100.048;87.703;102.513;
1900-01-01 06:29:09;1021.0;1745699349;97.502;99.943;87.659;102.552;
1900-01-01 06:29:10;1022.0;1745699350;97.484;99.998;87.611;102.552;
1900-01-01 06:29:11;1023.0;1745699351;97.481;99.998;87.611;102.543;
1900-01-01 06:29:12;1024.0;1745699352;97.481;100.002;87.616;102.566;
1900-01-01 06:29:13;1025.0;1745699353;97.492;99.878;87.538;102.566;
1900-01-01 06:29:14;1026.0;1745699354;97.524;99.878;87.538;102.472;
1900-01-01 06:29:15;1027.0;1745699355;97.524;99.883;87.5;102.418;
1900-01-01 06:29:16;1028.0;1745699356;97.476;99.876;87.502;102.418;
1900-01-01 06:29:17;1029.0;1745699357;97.502;99.876;87.502;102.422;
1900-01-01 06:29:18;1030.0;1745699358;97.502;99.977;87.409;102.509;
1900-01-01 06:29:19;1031.0;1745699359;97.55;99.943;87.322;102.509;
1900-01-01 06:29:20;1032.0;1745699360;97.581;99.893;87.322;102.453;
1900-01-01 06:29:21;1033.0;1745699361;97.581;99.893;87.383;102.513;
1900-01-01 06:29:22;1034.0;1745699362;97.388;99.906;87.302;102.513;
1900-01-01 06:29:23;1035.0;1745699363;97.539;99.906;87.302;102.494;
1900-01-01 06:29:24;1036.0;1745699364;97.539;99.96;87.205;102.44;
1900-01-01 06:29:25;1037.0;1745699365;97.444;99.936;87.205;102.44;
1900-01-01 06:29:26;1038.0;1745699366;97.506;99.936;87.198;102.551;
1900-01-01 06:29:27;1039.0;1745699367;97.506;99.852;87.272;102.564;
1900-01-01 06:29:29;1040.0;1745699369;97.485;99.901;87.389;102.564;
1900-01-01 06:29:29;1041.0;1745699369;97.424;99.901;87.389;102.426;
1900-01-01 06:29:30;1042.0;1745699370;97.424;99.783;87.404;102.508;
1900-01-01 06:29:31;1043.0;1745699371;97.467;99.785;87.404;102.508;
1900-01-01 06:29:32;1044.0;1745699372;97.434;99.785;87.355;102.526;
1900-01-01 06:29:33;1045.0;1745699373;97.434;99.862;87.306;102.534;
1900-01-01 06:29:34;1046.0;1745699374;97.403;99.819;87.306;102.534;
1900-01-01 06:29:35;1047.0;1745699375;97.403;99.819;87.313;102.472;
1900-01-01 06:29:37;1048.0;1745699377;97.365;99.868;87.177;102.437;
1900-01-01 06:29:37;1049.0;1745699377;97.426;99.868;87.177;102.437;
1900-01-01 06:29:38;1050.0;1745699378;97.426;99.811;87.14;102.447;
1900-01-01 06:29:39;1051.0;1745699379;97.503;99.894;87.113;102.447;
1900-01-01 06:29:40;1052.0;1745699380;97.476;99.894;87.113;102.369;
1900-01-01 06:29:41;1053.0;1745699381;97.476;99.867;87.062;102.523;
1900-01-01 06:29:43;1054.0;1745699383;97.528;99.831;87.066;102.523;
1900-01-01 06:29:43;1055.0;1745699383;97.543;99.831;87.066;102.57;
1900-01-01 06:29:44;1056.0;1745699384;97.543;99.843;87.062;102.52;
1900-01-01 06:29:45;1057.0;1745699385;97.494;99.823;86.96;102.52;
1900-01-01 06:29:46;1058.0;1745699386;97.47;99.823;86.96;102.465;
1900-01-01 06:29:47;1059.0;1745699387;97.47;99.875;86.983;102.512;
1900-01-01 06:29:48;1060.0;1745699388;97.463;99.75;86.983;102.512;
1900-01-01 06:29:49;1061.0;1745699389;97.454;99.75;86.849;102.524;
1900-01-01 06:29:50;1062.0;1745699390;97.454;99.759;86.801;102.422;
1900-01-01 06:29:51;1063.0;1745699391;97.464;99.732;86.801;102.422;
1900-01-01 06:29:52;1064.0;1745699392;97.508;99.732;86.878;102.525;
1900-01-01 06:29:53;1065.0;1745699393;97.508;99.741;86.954;102.491;
1900-01-01 06:29:54;1066.0;1745699394;97.432;99.738;86.982;102.491;
1900-01-01 06:29:55;1067.0;1745699395;97.432;99.738;86.982;102.506;
1900-01-01 06:29:56;1068.0;1745699396;97.406;99.647;87.175;102.558;
1900-01-01 06:29:57;1069.0;1745699397;97.461;99.597;87.175;102.558;
1900-01-01 06:29:58;1070.0;1745699398;97.461;99.597;87.162;102.497;
1900-01-01 06:29:59;1071.0;1745699399;97.347;99.579;87.221;102.497;
1900-01-01 06:30:00;1072.0;1745699400;97.381;99.686;87.221;102.538;
1900-01-01 06:30:01;1073.0;1745699401;97.381;99.686;87.257;102.423;
1900-01-01 06:30:02;1074.0;1745699402;97.367;99.646;87.308;102.423;
1900-01-01 06:30:03;1075.0;1745699403;97.37;99.667;87.308;102.419;
1900-01-01 06:30:04;1076.0;1745699404;97.37;99.667;87.306;102.399;
1900-01-01 06:30:05;1077.0;1745699405;97.298;99.637;87.272;102.399;
1900-01-01 06:30:07;1078.0;1745699407;97.327;99.667;87.272;102.523;
1900-01-01 06:30:07;1079.0;1745699407;97.327;99.667;87.23;102.428;
1900-01-01 06:30:08;1080.0;1745699408;97.333;99.596;87.24;102.428;
1900-01-01 06:30:09;1081.0;1745699409;97.401;99.596;87.24;102.467;
1900-01-01 06:30:10;1082.0;1745699410;97.401;99.678;87.096;102.445;
1900-01-01 06:30:11;1083.0;1745699411;97.336;99.762;87.052;102.445;
1900-01-01 06:30:12;1084.0;1745699412;97.418;99.762;87.052;102.477;
1900-01-01 06:30:13;1085.0;1745699413;97.418;99.654;86.918;102.434;
1900-01-01 06:30:14;1086.0;1745699414;97.406;99.706;86.918;102.434;
1900-01-01 06:30:15;1087.0;1745699415;97.406;99.706;86.856;102.452;
1900-01-01 06:30:16;1088.0;1745699416;97.395;99.727;86.838;102.452;
1900-01-01 06:30:17;1089.0;1745699417;97.438;99.622;86.838;102.47;
1900-01-01 06:30:18;1090.0;1745699418;97.345;99.622;86.771;102.434;
1900-01-01 06:30:19;1091.0;1745699419;97.345;99.66;86.622;102.434;
1900-01-01 06:30:20;1092.0;1745699420;97.379;99.693;86.622;102.425;
1900-01-01 06:30:21;1093.0;1745699421;97.379;99.693;86.482;102.526;
1900-01-01 06:30:22;1094.0;1745699422;97.395;99.715;86.435;102.388;
1900-01-01 06:30:23;1095.0;1745699423;97.343;99.715;86.435;102.388;
1900-01-01 06:30:24;1096.0;1745699424;97.343;99.63;86.44;102.449;
1900-01-01 06:30:25;1097.0;1745699425;97.35;99.594;86.415;102.449;
1900-01-01 06:30:26;1098.0;1745699426;97.359;99.594;86.415;102.448;
1900-01-01 06:30:27;1099.0;1745699427;97.359;99.634;86.328;102.505;
1900-01-01 06:30:28;1100.0;1745699428;97.382;99.654;86.19;102.505;
1900-01-01 06:30:29;1101.0;1745699429;97.356;99.654;86.19;102.53;
1900-01-01 06:30:30;1102.0;1745699430;97.356;99.69;86.1;102.509;
1900-01-01 06:30:31;1103.0;1745699431;97.277;99.637;86.178;102.509;
1900-01-01 06:30:32;1104.0;1745699432;97.272;99.637;86.178;102.392;
1900-01-01 06:30:33;1105.0;1745699433;97.272;99.553;86.272;102.495;
1900-01-01 06:30:35;1106.0;1745699435;97.302;99.562;86.329;102.495;
1900-01-01 06:30:35;1107.0;1745699435;97.27;99.562;86.329;102.465;
1900-01-01 06:30:36;1108.0;1745699436;97.27;99.608;86.314;102.438;
1900-01-01 06:30:38;1109.0;1745699438;97.208;99.58;86.394;102.438;
1900-01-01 06:30:38;1110.0;1745699438;97.208;99.58;86.394;102.446;
1900-01-01 06:30:39;1111.0;1745699439;97.192;99.674;86.373;102.443;
1900-01-01 06:30:40;1112.0;1745699440;97.273;99.694;86.373;102.443;
1900-01-01 06:30:41;1113.0;1745699441;97.273;99.694;86.343;102.395;
1900-01-01 06:30:42;1114.0;1745699442;97.212;99.61;86.37;102.395;
1900-01-01 06:30:43;1115.0;1745699443;97.289;99.686;86.37;102.453;
1900-01-01 06:30:44;1116.0;1745699444;97.289;99.686;86.315;102.485;
1900-01-01 06:30:45;1117.0;1745699445;97.261;99.679;86.384;102.485;
1900-01-01 06:30:46;1118.0;1745699446;97.135;99.602;86.384;102.503;
1900-01-01 06:30:47;1119.0;1745699447;97.135;99.602;86.338;102.494;
1900-01-01 06:30:48;1120.0;1745699448;97.143;99.623;86.441;102.494;
1900-01-01 06:30:49;1121.0;1745699449;97.097;99.66;86.441;102.412;
1900-01-01 06:30:50;1122.0;1745699450;97.097;99.66;86.395;102.334;
1900-01-01 06:30:51;1123.0;1745699451;97.126;99.631;86.539;102.334;
1900-01-01 06:30:52;1124.0;1745699452;97.084;99.631;86.539;102.38;
1900-01-01 06:30:53;1125.0;1745699453;97.084;99.578;86.503;102.426;
1900-01-01 06:30:54;1126.0;1745699454;97.057;99.605;86.503;102.426;
1900-01-01 06:30:55;1127.0;1745699455;97.12;99.605;86.425;102.427;
1900-01-01 06:30:56;1128.0;1745699456;97.12;99.62;86.353;102.414;
1900-01-01 06:30:57;1129.0;1745699457;97.085;99.627;86.353;102.414;
1900-01-01 06:30:58;1130.0;1745699458;97.085;99.627;86.093;102.412;
1900-01-01 06:30:59;1131.0;1745699459;97.085;99.555;86.001;102.394;
1900-01-01 06:31:00;1132.0;1745699460;97.041;99.6;85.872;102.394;
1900-01-01 06:31:01;1133.0;1745699461;97.041;99.6;85.872;102.452;
1900-01-01 06:31:02;1134.0;1745699462;97.028;99.55;85.803;102.382;
1900-01-01 06:31:03;1135.0;1745699463;97.025;99.512;85.803;102.382;
1900-01-01 06:31:05;1136.0;1745699465;97.008;99.512;85.795;102.481;
1900-01-01 06:31:05;1137.0;1745699465;97.008;99.495;85.824;102.481;
1900-01-01 06:31:06;1138.0;1745699466;97.1;99.507;85.824;102.458;
1900-01-01 06:31:07;1139.0;1745699467;97.133;99.507;85.754;102.405;
1900-01-01 06:31:08;1140.0;1745699468;97.133;99.468;85.777;102.405;
1900-01-01 06:31:09;1141.0;1745699469;97.074;99.505;85.777;102.445;
1900-01-01 06:31:10;1142.0;1745699470;97.074;99.505;85.766;102.36;
1900-01-01 06:31:11;1143.0;1745699471;97.033;99.557;85.855;102.36;
1900-01-01 06:31:12;1144.0;1745699472;97.003;99.506;85.855;102.476;
1900-01-01 06:31:13;1145.0;1745699473;97.003;99.506;85.955;102.431;
1900-01-01 06:31:14;1146.0;1745699474;97.025;99.461;85.922;102.431;
1900-01-01 06:31:15;1147.0;1745699475;97.043;99.461;85.922;102.44;
1900-01-01 06:31:16;1148.0;1745699476;97.043;99.487;86.04;102.42;
1900-01-01 06:31:17;1149.0;1745699477;97.09;99.555;86.04;102.42;
1900-01-01 06:31:18;1150.0;1745699478;97.059;99.555;86.098;102.466;
1900-01-01 06:31:20;1151.0;1745699480;97.059;99.436;86.141;102.408;
1900-01-01 06:31:20;1152.0;1745699480;97.087;99.544;86.141;102.408;
1900-01-01 06:31:21;1153.0;1745699481;96.966;99.544;86.155;102.361;
1900-01-01 06:31:22;1154.0;1745699482;96.966;99.537;86.174;102.361;
1900-01-01 06:31:23;1155.0;1745699483;97.084;99.506;86.174;102.412;
1900-01-01 06:31:24;1156.0;1745699484;97.022;99.506;86.154;102.436;
1900-01-01 06:31:25;1157.0;1745699485;97.022;99.56;86.003;102.436;
1900-01-01 06:31:26;1158.0;1745699486;97.036;99.625;86.003;102.444;
1900-01-01 06:31:27;1159.0;1745699487;97.036;99.625;85.952;102.419;
1900-01-01 06:31:28;1160.0;1745699488;97.057;99.536;85.892;102.419;
1900-01-01 06:31:29;1161.0;1745699489;96.971;99.522;85.892;102.446;
1900-01-01 06:31:30;1162.0;1745699490;96.971;99.522;85.751;102.448;
1900-01-01 06:31:31;1163.0;1745699491;96.991;99.537;85.658;102.448;
1900-01-01 06:31:32;1164.0;1745699492;96.987;99.537;85.658;102.378;
1900-01-01 06:31:33;1165.0;1745699493;96.987;99.552;85.56;102.48;
1900-01-01 06:31:34;1166.0;1745699494;96.959;99.426;85.586;102.48;
1900-01-01 06:31:35;1167.0;1745699495;97.003;99.426;85.586;102.426;
1900-01-01 06:31:36;1168.0;1745699496;97.003;99.601;85.432;102.48;
1900-01-01 06:31:38;1169.0;1745699498;96.985;99.527;85.492;102.48;
1900-01-01 06:31:38;1170.0;1745699498;96.989;99.527;85.492;102.463;
1900-01-01 06:31:39;1171.0;1745699499;96.989;99.597;85.482;102.405;
1900-01-01 06:31:40;1172.0;1745699500;96.904;99.495;85.522;102.405;
1900-01-01 06:31:41;1173.0;1745699501;96.91;99.495;85.522;102.441;
1900-01-01 06:31:42;1174.0;1745699502;96.91;99.517;85.576;102.351;
1900-01-01 06:31:43;1175.0;1745699503;96.949;99.445;85.612;102.351;
1900-01-01 06:31:44;1176.0;1745699504;96.942;99.445;85.612;102.337;
1900-01-01 06:31:45;1177.0;1745699505;96.942;99.465;85.575;102.329;
1900-01-01 06:31:46;1178.0;1745699506;96.901;99.467;85.575;102.329;
1900-01-01 06:31:48;1179.0;1745699508;96.872;99.467;85.437;102.348;
1900-01-01 06:31:48;1180.0;1745699508;96.872;99.453;85.446;102.348;
1900-01-01 06:31:49;1181.0;1745699509;96.795;99.414;85.446;102.357;
1900-01-01 06:31:50;1182.0;1745699510;96.795;99.414;85.377;102.372;
1900-01-01 06:31:51;1183.0;1745699511;96.815;99.375;85.382;102.372;
1900-01-01 06:31:52;1184.0;1745699512;96.723;99.422;85.382;102.383;
1900-01-01 06:31:53;1185.0;1745699513;96.723;99.422;85.357;102.256;
1900-01-01 06:31:54;1186.0;1745699514;96.669;99.397;85.251;102.256;
1900-01-01 06:31:56;1187.0;1745699516;96.724;99.372;85.251;102.362;
1900-01-01 06:31:56;1188.0;1745699516;96.724;99.372;85.216;102.337;
1900-01-01 06:31:57;1189.0;1745699517;96.81;99.345;85.217;102.337;
1900-01-01 06:31:58;1190.0;1745699518;96.715;99.345;85.217;102.359;
1900-01-01 06:31:59;1191.0;1745699519;96.715;99.44;85.299;102.402;
1900-01-01 06:32:01;1192.0;1745699521;96.841;99.347;85.238;102.402;
1900-01-01 06:32:01;1193.0;1745699521;96.766;99.347;85.238;102.315;
1900-01-01 06:32:02;1194.0;1745699522;96.766;99.305;85.309;102.443;
1900-01-01 06:32:04;1195.0;1745699524;96.797;99.244;85.518;102.443;
1900-01-01 06:32:04;1196.0;1745699524;96.894;99.244;85.518;102.427;
1900-01-01 06:32:05;1197.0;1745699525;96.894;99.26;85.504;102.379;
1900-01-01 06:32:06;1198.0;1745699526;96.813;99.266;85.504;102.379;
1900-01-01 06:32:07;1199.0;1745699527;96.733;99.266;85.542;102.48;
1900-01-01 06:32:08;1200.0;1745699528;96.733;99.222;85.477;102.426;
