Time;Seconds from start for linreg;Unix Time;ch1 po2;ch2 po2;ch3 po2;ch4 po2;
1900-01-01 11:12:09;1.0;1745716329;100.909;102.53;97.542;102.862;
1900-01-01 11:12:10;2.0;1745716330;100.909;102.62;97.627;103.042;
1900-01-01 11:12:11;3.0;1745716331;101.004;102.585;97.577;103.042;
1900-01-01 11:12:12;4.0;1745716332;100.902;102.585;97.577;102.99;
1900-01-01 11:12:13;5.0;1745716333;100.902;102.57;97.612;102.882;
1900-01-01 11:12:14;6.0;1745716334;100.915;102.587;97.612;102.882;
1900-01-01 11:12:15;7.0;1745716335;100.897;102.587;97.665;102.914;
1900-01-01 11:12:16;8.0;1745716336;100.897;102.445;97.671;102.959;
1900-01-01 11:12:17;9.0;1745716337;100.831;102.494;97.671;102.959;
1900-01-01 11:12:18;10.0;1745716338;100.866;102.494;97.515;102.922;
1900-01-01 11:12:19;11.0;1745716339;100.866;102.593;97.584;102.906;
1900-01-01 11:12:20;12.0;1745716340;100.942;102.535;97.584;102.906;
1900-01-01 11:12:21;13.0;1745716341;100.942;102.535;97.658;102.894;
1900-01-01 11:12:22;14.0;1745716342;100.904;102.574;97.713;102.894;
1900-01-01 11:12:23;15.0;1745716343;100.914;102.529;97.713;103.012;
1900-01-01 11:12:24;16.0;1745716344;100.914;102.529;97.734;102.898;
1900-01-01 11:12:25;17.0;1745716345;100.978;102.557;97.604;102.898;
1900-01-01 11:12:26;18.0;1745716346;101.058;102.61;97.604;102.929;
1900-01-01 11:12:27;19.0;1745716347;101.058;102.61;97.654;102.914;
1900-01-01 11:12:28;20.0;1745716348;101.061;102.562;97.714;102.914;
1900-01-01 11:12:29;21.0;1745716349;101.024;102.562;97.714;102.903;
1900-01-01 11:12:30;22.0;1745716350;101.024;102.623;97.75;102.892;
1900-01-01 11:12:31;23.0;1745716351;100.99;102.543;97.796;102.892;
1900-01-01 11:12:32;24.0;1745716352;100.968;102.543;97.796;102.947;
1900-01-01 11:12:33;25.0;1745716353;100.968;102.564;97.725;102.882;
1900-01-01 11:12:34;26.0;1745716354;101.006;102.642;97.671;102.882;
1900-01-01 11:12:36;27.0;1745716356;100.992;102.654;97.671;102.948;
1900-01-01 11:12:36;28.0;1745716356;100.992;102.654;97.672;102.929;
1900-01-01 11:12:37;29.0;1745716357;101.075;102.557;97.702;102.929;
1900-01-01 11:12:38;30.0;1745716358;101.045;102.557;97.702;102.869;
1900-01-01 11:12:39;31.0;1745716359;101.045;102.689;97.708;102.93;
1900-01-01 11:12:40;32.0;1745716360;101.065;102.627;97.708;102.93;
1900-01-01 11:12:42;33.0;1745716362;101.193;102.627;97.678;102.934;
1900-01-01 11:12:42;34.0;1745716362;101.193;102.672;97.774;102.758;
1900-01-01 11:12:43;35.0;1745716363;101.081;102.684;97.774;102.758;
1900-01-01 11:12:44;36.0;1745716364;101.081;102.684;97.66;102.873;
1900-01-01 11:12:45;37.0;1745716365;101.083;102.629;97.676;102.873;
1900-01-01 11:12:46;38.0;1745716366;101.034;102.643;97.676;102.871;
1900-01-01 11:12:48;39.0;1745716368;101.021;102.643;97.648;102.948;
1900-01-01 11:12:48;40.0;1745716368;101.021;102.644;97.661;102.948;
1900-01-01 11:12:49;41.0;1745716369;101.021;102.577;97.661;102.851;
1900-01-01 11:12:50;42.0;1745716370;101.021;102.577;97.705;102.873;
1900-01-01 11:12:51;43.0;1745716371;100.991;102.609;97.726;102.873;
1900-01-01 11:12:52;44.0;1745716372;100.955;102.609;97.726;102.816;
1900-01-01 11:12:53;45.0;1745716373;100.955;102.747;97.591;102.853;
1900-01-01 11:12:54;46.0;1745716374;101.017;102.725;97.591;102.853;
1900-01-01 11:12:55;47.0;1745716375;100.92;102.725;97.509;102.919;
1900-01-01 11:12:56;48.0;1745716376;100.92;102.691;97.508;102.929;
1900-01-01 11:12:57;49.0;1745716377;100.904;102.692;97.508;102.929;
1900-01-01 11:12:58;50.0;1745716378;100.854;102.692;97.455;102.834;
1900-01-01 11:12:59;51.0;1745716379;100.854;102.658;97.427;102.883;
1900-01-01 11:13:00;52.0;1745716380;100.791;102.707;97.427;102.883;
1900-01-01 11:13:01;53.0;1745716381;100.839;102.707;97.497;102.877;
1900-01-01 11:13:02;54.0;1745716382;100.839;102.706;97.463;102.837;
1900-01-01 11:13:03;55.0;1745716383;100.909;102.758;97.463;102.837;
1900-01-01 11:13:05;56.0;1745716385;100.896;102.758;97.375;102.839;
1900-01-01 11:13:05;57.0;1745716385;100.896;102.645;97.439;102.839;
1900-01-01 11:13:06;58.0;1745716386;100.943;102.671;97.439;102.901;
1900-01-01 11:13:07;59.0;1745716387;100.905;102.671;97.51;102.921;
1900-01-01 11:13:08;60.0;1745716388;100.905;102.698;97.525;102.921;
1900-01-01 11:13:09;61.0;1745716389;100.918;102.654;97.525;102.885;
1900-01-01 11:13:10;62.0;1745716390;100.918;102.654;97.538;102.979;
1900-01-01 11:13:11;63.0;1745716391;100.826;102.655;97.535;102.979;
1900-01-01 11:13:12;64.0;1745716392;100.919;102.655;97.535;102.925;
1900-01-01 11:13:13;65.0;1745716393;100.919;102.674;97.516;102.927;
1900-01-01 11:13:14;66.0;1745716394;100.965;102.678;97.467;102.927;
1900-01-01 11:13:15;67.0;1745716395;100.878;102.678;97.467;102.869;
1900-01-01 11:13:16;68.0;1745716396;100.878;102.538;97.498;102.919;
1900-01-01 11:13:17;69.0;1745716397;100.951;102.639;97.498;102.919;
1900-01-01 11:13:18;70.0;1745716398;100.92;102.639;97.508;102.899;
1900-01-01 11:13:20;71.0;1745716400;100.92;102.702;97.581;102.866;
1900-01-01 11:13:20;72.0;1745716400;100.976;102.596;97.581;102.866;
1900-01-01 11:13:21;73.0;1745716401;100.97;102.596;97.431;102.865;
1900-01-01 11:13:22;74.0;1745716402;100.97;102.654;97.342;102.831;
1900-01-01 11:13:23;75.0;1745716403;100.911;102.633;97.342;102.831;
1900-01-01 11:13:24;76.0;1745716404;100.911;102.633;97.333;102.874;
1900-01-01 11:13:25;77.0;1745716405;100.908;102.544;97.313;102.874;
1900-01-01 11:13:26;78.0;1745716406;100.899;102.638;97.313;102.841;
1900-01-01 11:13:27;79.0;1745716407;100.899;102.638;97.399;102.918;
1900-01-01 11:13:28;80.0;1745716408;100.912;102.599;97.294;102.918;
1900-01-01 11:13:30;81.0;1745716410;100.912;102.63;97.294;102.959;
1900-01-01 11:13:30;82.0;1745716410;100.912;102.63;97.457;102.885;
1900-01-01 11:13:32;83.0;1745716412;100.925;102.613;97.47;102.885;
1900-01-01 11:13:32;84.0;1745716412;100.964;102.613;97.47;102.834;
1900-01-01 11:13:33;85.0;1745716413;100.964;102.536;97.295;102.919;
1900-01-01 11:13:35;86.0;1745716415;100.906;102.666;97.413;102.919;
1900-01-01 11:13:35;87.0;1745716415;100.863;102.666;97.413;102.897;
1900-01-01 11:13:36;88.0;1745716416;100.863;102.62;97.497;102.894;
1900-01-01 11:13:37;89.0;1745716417;100.975;102.573;97.497;102.894;
1900-01-01 11:13:39;90.0;1745716419;100.998;102.573;97.445;102.897;
1900-01-01 11:13:39;91.0;1745716419;100.998;102.676;97.488;102.874;
1900-01-01 11:13:40;92.0;1745716420;101.034;102.699;97.488;102.874;
1900-01-01 11:13:41;93.0;1745716421;101.022;102.699;97.401;102.901;
1900-01-01 11:13:42;94.0;1745716422;101.022;102.619;97.413;102.901;
1900-01-01 11:13:43;95.0;1745716423;100.954;102.677;97.413;102.933;
1900-01-01 11:13:44;96.0;1745716424;100.938;102.677;97.473;102.921;
1900-01-01 11:13:45;97.0;1745716425;100.938;102.646;97.414;102.921;
1900-01-01 11:13:46;98.0;1745716426;100.934;102.656;97.414;102.913;
1900-01-01 11:13:47;99.0;1745716427;100.934;102.656;97.424;102.898;
1900-01-01 11:13:48;100.0;1745716428;100.878;102.613;97.305;102.922;
1900-01-01 11:13:49;101.0;1745716429;100.773;102.613;97.305;102.922;
1900-01-01 11:13:50;102.0;1745716430;100.773;102.628;97.407;102.924;
1900-01-01 11:13:51;103.0;1745716431;100.828;102.673;97.348;102.924;
1900-01-01 11:13:52;104.0;1745716432;100.776;102.673;97.348;102.933;
1900-01-01 11:13:53;105.0;1745716433;100.776;102.682;97.248;102.873;
1900-01-01 11:13:54;106.0;1745716434;100.743;102.598;97.217;102.873;
1900-01-01 11:13:55;107.0;1745716435;100.798;102.598;97.217;102.903;
1900-01-01 11:13:56;108.0;1745716436;100.798;102.591;97.24;102.908;
1900-01-01 11:13:57;109.0;1745716437;100.769;102.64;97.24;102.908;
1900-01-01 11:13:58;110.0;1745716438;100.76;102.64;97.237;102.917;
1900-01-01 11:13:59;111.0;1745716439;100.76;102.696;97.171;103.016;
1900-01-01 11:14:00;112.0;1745716440;100.935;102.658;97.171;103.016;
1900-01-01 11:14:01;113.0;1745716441;100.828;102.658;97.294;102.857;
1900-01-01 11:14:02;114.0;1745716442;100.828;102.644;97.371;102.857;
1900-01-01 11:14:03;115.0;1745716443;100.861;102.57;97.371;102.824;
1900-01-01 11:14:05;116.0;1745716445;100.826;102.57;97.372;102.876;
1900-01-01 11:14:05;117.0;1745716445;100.826;102.693;97.46;102.876;
1900-01-01 11:14:06;118.0;1745716446;100.793;102.653;97.46;102.955;
1900-01-01 11:14:07;119.0;1745716447;100.793;102.653;97.391;102.889;
1900-01-01 11:14:08;120.0;1745716448;100.814;102.62;97.471;102.889;
1900-01-01 11:14:09;121.0;1745716449;100.792;102.62;97.471;102.892;
1900-01-01 11:14:10;122.0;1745716450;100.792;102.641;97.434;102.867;
1900-01-01 11:14:11;123.0;1745716451;100.885;102.716;97.349;102.867;
1900-01-01 11:14:12;124.0;1745716452;100.762;102.769;97.349;102.956;
1900-01-01 11:14:13;125.0;1745716453;100.762;102.769;97.363;102.873;
1900-01-01 11:14:15;126.0;1745716455;100.814;102.662;97.34;102.947;
1900-01-01 11:14:15;127.0;1745716455;100.743;102.662;97.34;102.947;
1900-01-01 11:14:16;128.0;1745716456;100.743;102.658;97.392;102.893;
1900-01-01 11:14:17;129.0;1745716457;100.767;102.708;97.348;102.893;
1900-01-01 11:14:18;130.0;1745716458;100.762;102.645;97.348;102.9;
1900-01-01 11:14:19;131.0;1745716459;100.762;102.645;97.242;102.961;
1900-01-01 11:14:20;132.0;1745716460;100.822;102.7;97.301;102.961;
1900-01-01 11:14:21;133.0;1745716461;100.835;102.712;97.301;102.9;
1900-01-01 11:14:22;134.0;1745716462;100.835;102.712;97.246;102.951;
1900-01-01 11:14:23;135.0;1745716463;100.861;102.581;97.321;102.951;
1900-01-01 11:14:24;136.0;1745716464;100.865;102.581;97.321;102.931;
1900-01-01 11:14:25;137.0;1745716465;100.865;102.695;97.333;102.962;
1900-01-01 11:14:26;138.0;1745716466;100.91;102.676;97.242;102.962;
1900-01-01 11:14:27;139.0;1745716467;100.946;102.676;97.242;102.913;
1900-01-01 11:14:28;140.0;1745716468;100.946;102.662;97.284;102.901;
1900-01-01 11:14:29;141.0;1745716469;100.96;102.597;97.22;102.901;
1900-01-01 11:14:30;142.0;1745716470;100.992;102.597;97.22;102.935;
1900-01-01 11:14:31;143.0;1745716471;100.992;102.703;97.171;102.882;
1900-01-01 11:14:32;144.0;1745716472;100.94;102.672;97.2;102.882;
1900-01-01 11:14:33;145.0;1745716473;100.88;102.672;97.2;102.786;
1900-01-01 11:14:34;146.0;1745716474;100.88;102.632;97.275;102.88;
1900-01-01 11:14:35;147.0;1745716475;100.842;102.597;97.275;102.88;
1900-01-01 11:14:37;148.0;1745716477;100.761;102.597;97.407;102.89;
1900-01-01 11:14:37;149.0;1745716477;100.761;102.601;97.327;102.89;
1900-01-01 11:14:38;150.0;1745716478;100.632;102.561;97.327;102.895;
1900-01-01 11:14:39;151.0;1745716479;100.632;102.561;97.358;102.905;
1900-01-01 11:14:40;152.0;1745716480;100.713;102.635;97.317;102.905;
1900-01-01 11:14:41;153.0;1745716481;100.579;102.628;97.317;102.906;
1900-01-01 11:14:42;154.0;1745716482;100.579;102.628;97.234;102.877;
1900-01-01 11:14:43;155.0;1745716483;100.56;102.612;97.154;102.877;
1900-01-01 11:14:44;156.0;1745716484;100.538;102.642;97.154;102.974;
1900-01-01 11:14:45;157.0;1745716485;100.538;102.642;97.086;102.859;
1900-01-01 11:14:46;158.0;1745716486;100.608;102.567;97.045;102.859;
1900-01-01 11:14:47;159.0;1745716487;100.64;102.567;97.045;102.935;
1900-01-01 11:14:48;160.0;1745716488;100.64;102.644;97.041;102.897;
1900-01-01 11:14:49;161.0;1745716489;100.73;102.543;97.132;102.897;
1900-01-01 11:14:50;162.0;1745716490;100.701;102.543;97.132;102.92;
1900-01-01 11:14:51;163.0;1745716491;100.701;102.641;97.115;102.923;
1900-01-01 11:14:52;164.0;1745716492;100.682;102.68;97.16;102.923;
1900-01-01 11:14:54;165.0;1745716494;100.747;102.698;97.16;102.929;
1900-01-01 11:14:54;166.0;1745716494;100.747;102.698;97.281;102.884;
1900-01-01 11:14:55;167.0;1745716495;100.747;102.656;97.267;102.884;
1900-01-01 11:14:56;168.0;1745716496;100.747;102.656;97.267;102.87;
1900-01-01 11:14:57;169.0;1745716497;100.747;102.721;97.292;102.87;
1900-01-01 11:14:58;170.0;1745716498;100.765;102.756;97.292;102.792;
1900-01-01 11:14:59;171.0;1745716499;100.776;102.756;97.191;102.807;
1900-01-01 11:15:00;172.0;1745716500;100.776;102.564;97.167;102.807;
1900-01-01 11:15:01;173.0;1745716501;100.765;102.672;97.167;102.904;
1900-01-01 11:15:03;174.0;1745716503;100.747;102.672;97.086;102.839;
1900-01-01 11:15:03;175.0;1745716503;100.747;102.671;97.059;102.839;
1900-01-01 11:15:04;176.0;1745716504;100.677;102.683;97.059;102.837;
1900-01-01 11:15:05;177.0;1745716505;100.677;102.683;97.083;102.808;
1900-01-01 11:15:06;178.0;1745716506;100.77;102.588;97.148;102.808;
1900-01-01 11:15:07;179.0;1745716507;100.788;102.693;97.148;102.848;
1900-01-01 11:15:08;180.0;1745716508;100.788;102.693;97.055;102.804;
1900-01-01 11:15:09;181.0;1745716509;100.794;102.632;97.065;102.804;
1900-01-01 11:15:10;182.0;1745716510;100.737;102.632;97.065;102.836;
1900-01-01 11:15:11;183.0;1745716511;100.737;102.522;97.09;102.83;
1900-01-01 11:15:12;184.0;1745716512;100.722;102.623;97.13;102.83;
1900-01-01 11:15:13;185.0;1745716513;100.651;102.623;97.13;102.768;
1900-01-01 11:15:14;186.0;1745716514;100.651;102.592;97.224;102.904;
1900-01-01 11:15:15;187.0;1745716515;100.712;102.672;97.224;102.904;
1900-01-01 11:15:16;188.0;1745716516;100.658;102.672;97.295;102.851;
1900-01-01 11:15:17;189.0;1745716517;100.658;102.637;97.235;102.927;
1900-01-01 11:15:18;190.0;1745716518;100.696;102.619;97.235;102.927;
1900-01-01 11:15:19;191.0;1745716519;100.653;102.619;97.046;102.882;
1900-01-01 11:15:20;192.0;1745716520;100.653;102.63;97.005;102.872;
1900-01-01 11:15:21;193.0;1745716521;100.676;102.558;97.005;102.872;
1900-01-01 11:15:22;194.0;1745716522;100.624;102.558;97.031;102.933;
1900-01-01 11:15:23;195.0;1745716523;100.624;102.601;96.999;102.928;
1900-01-01 11:15:24;196.0;1745716524;100.73;102.532;96.999;102.928;
1900-01-01 11:15:25;197.0;1745716525;100.73;102.532;96.932;102.854;
1900-01-01 11:15:26;198.0;1745716526;100.797;102.622;96.899;102.854;
1900-01-01 11:15:27;199.0;1745716527;100.832;102.587;96.899;102.896;
1900-01-01 11:15:28;200.0;1745716528;100.832;102.587;96.985;102.958;
1900-01-01 11:15:29;201.0;1745716529;100.751;102.622;96.925;102.958;
1900-01-01 11:15:30;202.0;1745716530;100.689;102.622;96.925;102.991;
1900-01-01 11:15:31;203.0;1745716531;100.689;102.551;97.064;102.946;
1900-01-01 11:15:32;204.0;1745716532;100.756;102.575;97.12;102.946;
1900-01-01 11:15:33;205.0;1745716533;100.672;102.575;97.12;102.93;
1900-01-01 11:15:34;206.0;1745716534;100.672;102.661;97.141;102.925;
1900-01-01 11:15:35;207.0;1745716535;100.677;102.603;97.141;102.925;
1900-01-01 11:15:36;208.0;1745716536;100.65;102.603;96.989;102.972;
1900-01-01 11:15:37;209.0;1745716537;100.65;102.626;96.877;102.897;
1900-01-01 11:15:38;210.0;1745716538;100.513;102.589;96.877;102.897;
1900-01-01 11:15:39;211.0;1745716539;100.563;102.589;96.932;102.902;
1900-01-01 11:15:40;212.0;1745716540;100.563;102.576;96.839;102.902;
1900-01-01 11:15:41;213.0;1745716541;100.676;102.642;96.839;102.899;
1900-01-01 11:15:42;214.0;1745716542;100.617;102.642;96.844;102.897;
1900-01-01 11:15:43;215.0;1745716543;100.617;102.558;96.983;102.897;
1900-01-01 11:15:44;216.0;1745716544;100.551;102.508;96.983;102.95;
1900-01-01 11:15:45;217.0;1745716545;100.551;102.508;96.981;102.932;
1900-01-01 11:15:46;218.0;1745716546;100.529;102.579;97.004;102.932;
1900-01-01 11:15:47;219.0;1745716547;100.587;102.579;97.004;102.891;
1900-01-01 11:15:48;220.0;1745716548;100.587;102.592;96.959;102.923;
1900-01-01 11:15:49;221.0;1745716549;100.518;102.559;96.905;102.923;
1900-01-01 11:15:50;222.0;1745716550;100.515;102.559;96.905;102.884;
1900-01-01 11:15:51;223.0;1745716551;100.515;102.465;96.867;102.906;
1900-01-01 11:15:53;224.0;1745716553;100.476;102.501;96.823;102.906;
1900-01-01 11:15:53;225.0;1745716553;100.474;102.501;96.823;102.865;
1900-01-01 11:15:54;226.0;1745716554;100.474;102.53;96.665;102.909;
1900-01-01 11:15:55;227.0;1745716555;100.46;102.594;96.793;102.909;
1900-01-01 11:15:56;228.0;1745716556;100.581;102.594;96.793;102.822;
1900-01-01 11:15:57;229.0;1745716557;100.581;102.47;96.768;102.836;
1900-01-01 11:15:58;230.0;1745716558;100.599;102.501;96.768;102.836;
1900-01-01 11:15:59;231.0;1745716559;100.552;102.501;96.793;102.876;
1900-01-01 11:16:00;232.0;1745716560;100.552;102.696;96.837;102.83;
1900-01-01 11:16:01;233.0;1745716561;100.73;102.538;96.837;102.83;
1900-01-01 11:16:02;234.0;1745716562;100.598;102.538;96.813;102.9;
1900-01-01 11:16:03;235.0;1745716563;100.598;102.532;96.822;102.912;
1900-01-01 11:16:04;236.0;1745716564;100.646;102.551;96.822;102.912;
1900-01-01 11:16:05;237.0;1745716565;100.646;102.551;96.852;102.831;
1900-01-01 11:16:06;238.0;1745716566;100.693;102.525;96.936;102.831;
1900-01-01 11:16:07;239.0;1745716567;100.693;102.573;96.936;102.901;
1900-01-01 11:16:08;240.0;1745716568;100.693;102.573;96.958;102.888;
1900-01-01 11:16:09;241.0;1745716569;100.677;102.584;96.979;102.888;
1900-01-01 11:16:10;242.0;1745716570;100.701;102.584;96.979;102.861;
1900-01-01 11:16:11;243.0;1745716571;100.701;102.552;96.92;102.905;
1900-01-01 11:16:12;244.0;1745716572;100.727;102.558;96.92;102.905;
1900-01-01 11:16:13;245.0;1745716573;100.671;102.558;96.94;102.85;
1900-01-01 11:16:14;246.0;1745716574;100.671;102.6;96.942;102.909;
1900-01-01 11:16:15;247.0;1745716575;100.615;102.587;96.933;102.909;
1900-01-01 11:16:16;248.0;1745716576;100.615;102.587;96.933;102.909;
1900-01-01 11:16:17;249.0;1745716577;100.588;102.518;96.899;102.947;
1900-01-01 11:16:18;250.0;1745716578;100.514;102.555;96.899;102.947;
1900-01-01 11:16:19;251.0;1745716579;100.514;102.555;96.835;102.881;
1900-01-01 11:16:20;252.0;1745716580;100.411;102.581;96.847;102.881;
1900-01-01 11:16:21;253.0;1745716581;100.512;102.611;96.847;102.9;
1900-01-01 11:16:23;254.0;1745716583;100.577;102.611;96.855;102.898;
1900-01-01 11:16:23;255.0;1745716583;100.577;102.658;96.788;102.898;
1900-01-01 11:16:24;256.0;1745716584;100.549;102.54;96.788;102.917;
1900-01-01 11:16:25;257.0;1745716585;100.549;102.54;96.786;102.924;
1900-01-01 11:16:26;258.0;1745716586;100.562;102.651;96.88;102.924;
1900-01-01 11:16:27;259.0;1745716587;100.582;102.651;96.88;102.948;
1900-01-01 11:16:28;260.0;1745716588;100.582;102.602;96.775;102.863;
1900-01-01 11:16:29;261.0;1745716589;100.566;102.553;96.718;102.863;
1900-01-01 11:16:31;262.0;1745716591;100.619;102.584;96.718;102.955;
1900-01-01 11:16:31;263.0;1745716591;100.619;102.584;96.851;102.908;
1900-01-01 11:16:32;264.0;1745716592;100.707;102.611;96.605;102.908;
1900-01-01 11:16:33;265.0;1745716593;100.734;102.611;96.605;102.91;
1900-01-01 11:16:34;266.0;1745716594;100.734;102.618;96.778;102.897;
1900-01-01 11:16:35;267.0;1745716595;100.705;102.589;96.778;102.897;
1900-01-01 11:16:36;268.0;1745716596;100.704;102.589;96.671;102.867;
1900-01-01 11:16:37;269.0;1745716597;100.704;102.581;96.676;102.991;
1900-01-01 11:16:38;270.0;1745716598;100.73;102.569;96.676;102.991;
1900-01-01 11:16:39;271.0;1745716599;100.69;102.569;96.634;102.935;
1900-01-01 11:16:40;272.0;1745716600;100.69;102.602;96.606;102.898;
1900-01-01 11:16:42;273.0;1745716602;100.543;102.577;96.663;102.898;
1900-01-01 11:16:42;274.0;1745716602;100.543;102.577;96.663;102.93;
1900-01-01 11:16:43;275.0;1745716603;100.483;102.669;96.611;102.857;
1900-01-01 11:16:44;276.0;1745716604;100.478;102.64;96.611;102.857;
1900-01-01 11:16:45;277.0;1745716605;100.478;102.64;96.654;102.87;
1900-01-01 11:16:46;278.0;1745716606;100.481;102.621;96.617;102.87;
1900-01-01 11:16:48;279.0;1745716608;100.483;102.519;96.617;102.926;
1900-01-01 11:16:48;280.0;1745716608;100.483;102.519;96.747;102.882;
1900-01-01 11:16:49;281.0;1745716609;100.508;102.564;96.6;102.882;
1900-01-01 11:16:50;282.0;1745716610;100.431;102.559;96.6;102.896;
1900-01-01 11:16:51;283.0;1745716611;100.431;102.559;96.637;102.952;
1900-01-01 11:16:52;284.0;1745716612;100.506;102.555;96.705;102.952;
1900-01-01 11:16:53;285.0;1745716613;100.521;102.503;96.705;102.895;
1900-01-01 11:16:54;286.0;1745716614;100.521;102.503;96.688;102.921;
1900-01-01 11:16:55;287.0;1745716615;100.48;102.562;96.701;102.921;
1900-01-01 11:16:56;288.0;1745716616;100.408;102.562;96.701;102.901;
1900-01-01 11:16:57;289.0;1745716617;100.408;102.539;96.713;102.826;
1900-01-01 11:16:58;290.0;1745716618;100.513;102.582;96.713;102.826;
1900-01-01 11:16:59;291.0;1745716619;100.448;102.582;96.742;102.896;
1900-01-01 11:17:00;292.0;1745716620;100.448;102.56;96.669;102.867;
1900-01-01 11:17:01;293.0;1745716621;100.455;102.578;96.669;102.867;
1900-01-01 11:17:03;294.0;1745716623;100.409;102.578;96.777;102.896;
1900-01-01 11:17:03;295.0;1745716623;100.409;102.587;96.789;102.896;
1900-01-01 11:17:04;296.0;1745716624;100.409;102.516;96.789;102.941;
1900-01-01 11:17:05;297.0;1745716625;100.409;102.516;96.698;102.915;
1900-01-01 11:17:06;298.0;1745716626;100.506;102.598;96.552;102.915;
1900-01-01 11:17:07;299.0;1745716627;100.534;102.64;96.552;102.906;
1900-01-01 11:17:08;300.0;1745716628;100.534;102.64;96.462;102.908;
1900-01-01 11:17:09;301.0;1745716629;100.536;102.557;96.411;102.908;
1900-01-01 11:17:10;302.0;1745716630;100.47;102.557;96.411;102.96;
1900-01-01 11:17:11;303.0;1745716631;100.47;102.546;96.473;102.903;
1900-01-01 11:17:12;304.0;1745716632;100.508;102.576;96.481;102.903;
1900-01-01 11:17:13;305.0;1745716633;100.372;102.576;96.481;102.915;
1900-01-01 11:17:14;306.0;1745716634;100.372;102.585;96.479;102.9;
1900-01-01 11:17:15;307.0;1745716635;100.418;102.485;96.602;102.9;
1900-01-01 11:17:16;308.0;1745716636;100.432;102.485;96.602;102.898;
1900-01-01 11:17:17;309.0;1745716637;100.432;102.578;96.6;102.962;
1900-01-01 11:17:18;310.0;1745716638;100.422;102.574;96.628;102.962;
1900-01-01 11:17:19;311.0;1745716639;100.422;102.574;96.628;102.868;
1900-01-01 11:17:20;312.0;1745716640;100.388;102.564;96.637;102.974;
1900-01-01 11:17:21;313.0;1745716641;100.53;102.496;96.637;102.974;
1900-01-01 11:17:22;314.0;1745716642;100.512;102.496;96.647;102.952;
1900-01-01 11:17:23;315.0;1745716643;100.512;102.536;96.604;102.952;
1900-01-01 11:17:24;316.0;1745716644;100.449;102.537;96.604;102.952;
1900-01-01 11:17:25;317.0;1745716645;100.449;102.537;96.665;102.902;
1900-01-01 11:17:26;318.0;1745716646;100.591;102.583;96.622;102.928;
1900-01-01 11:17:27;319.0;1745716647;100.498;102.57;96.622;102.928;
1900-01-01 11:17:28;320.0;1745716648;100.498;102.57;96.627;102.865;
1900-01-01 11:17:29;321.0;1745716649;100.501;102.491;96.548;102.865;
1900-01-01 11:17:30;322.0;1745716650;100.487;102.491;96.548;102.97;
1900-01-01 11:17:31;323.0;1745716651;100.487;102.504;96.608;102.948;
1900-01-01 11:17:32;324.0;1745716652;100.471;102.587;96.547;102.948;
1900-01-01 11:17:33;325.0;1745716653;100.481;102.587;96.547;102.93;
1900-01-01 11:17:34;326.0;1745716654;100.481;102.53;96.62;102.948;
1900-01-01 11:17:35;327.0;1745716655;100.428;102.502;96.599;102.948;
1900-01-01 11:17:36;328.0;1745716656;100.417;102.502;96.599;102.934;
1900-01-01 11:17:37;329.0;1745716657;100.417;102.469;96.55;102.9;
1900-01-01 11:17:38;330.0;1745716658;100.408;102.551;96.543;102.9;
1900-01-01 11:17:39;331.0;1745716659;100.399;102.551;96.543;102.867;
1900-01-01 11:17:40;332.0;1745716660;100.399;102.555;96.534;102.847;
1900-01-01 11:17:41;333.0;1745716661;100.403;102.523;96.534;102.847;
1900-01-01 11:17:42;334.0;1745716662;100.484;102.523;96.563;102.89;
1900-01-01 11:17:43;335.0;1745716663;100.484;102.514;96.489;103.004;
1900-01-01 11:17:44;336.0;1745716664;100.455;102.611;96.489;103.004;
1900-01-01 11:17:45;337.0;1745716665;100.433;102.611;96.505;102.952;
1900-01-01 11:17:46;338.0;1745716666;100.433;102.55;96.477;102.913;
1900-01-01 11:17:47;339.0;1745716667;100.375;102.523;96.477;102.913;
1900-01-01 11:17:48;340.0;1745716668;100.375;102.523;96.472;102.875;
1900-01-01 11:17:49;341.0;1745716669;100.388;102.565;96.475;102.875;
1900-01-01 11:17:50;342.0;1745716670;100.416;102.542;96.475;102.926;
1900-01-01 11:17:51;343.0;1745716671;100.416;102.542;96.33;102.903;
1900-01-01 11:17:52;344.0;1745716672;100.421;102.473;96.404;102.903;
1900-01-01 11:17:53;345.0;1745716673;100.473;102.474;96.404;102.896;
1900-01-01 11:17:54;346.0;1745716674;100.473;102.474;96.453;102.896;
1900-01-01 11:17:55;347.0;1745716675;100.52;102.435;96.462;102.896;
1900-01-01 11:17:56;348.0;1745716676;100.53;102.435;96.462;102.837;
1900-01-01 11:17:57;349.0;1745716677;100.53;102.471;96.36;102.925;
1900-01-01 11:17:58;350.0;1745716678;100.452;102.476;96.36;102.925;
1900-01-01 11:17:59;351.0;1745716679;100.443;102.476;96.404;102.956;
1900-01-01 11:18:00;352.0;1745716680;100.443;102.497;96.444;102.905;
1900-01-01 11:18:01;353.0;1745716681;100.356;102.564;96.444;102.905;
1900-01-01 11:18:02;354.0;1745716682;100.359;102.564;96.433;102.881;
1900-01-01 11:18:03;355.0;1745716683;100.359;102.401;96.321;102.947;
1900-01-01 11:18:04;356.0;1745716684;100.294;102.464;96.321;102.947;
1900-01-01 11:18:05;357.0;1745716685;100.251;102.464;96.359;103.004;
1900-01-01 11:18:06;358.0;1745716686;100.251;102.455;96.395;102.888;
1900-01-01 11:18:07;359.0;1745716687;100.24;102.469;96.395;102.888;
1900-01-01 11:18:09;360.0;1745716689;100.309;102.469;96.365;102.886;
1900-01-01 11:18:09;361.0;1745716689;100.309;102.529;96.458;102.886;
1900-01-01 11:18:10;362.0;1745716690;100.313;102.55;96.458;102.859;
1900-01-01 11:18:12;363.0;1745716692;100.371;102.55;96.457;102.855;
1900-01-01 11:18:12;364.0;1745716692;100.371;102.48;96.529;102.855;
1900-01-01 11:18:13;365.0;1745716693;100.443;102.49;96.529;102.95;
1900-01-01 11:18:14;366.0;1745716694;100.443;102.49;96.426;102.874;
1900-01-01 11:18:15;367.0;1745716695;100.376;102.447;96.363;102.874;
1900-01-01 11:18:16;368.0;1745716696;100.348;102.525;96.363;102.907;
1900-01-01 11:18:17;369.0;1745716697;100.348;102.525;96.429;102.9;
1900-01-01 11:18:18;370.0;1745716698;100.324;102.381;96.464;102.9;
1900-01-01 11:18:19;371.0;1745716699;100.254;102.381;96.464;102.915;
1900-01-01 11:18:20;372.0;1745716700;100.254;102.403;96.358;102.967;
1900-01-01 11:18:21;373.0;1745716701;100.256;102.475;96.419;102.967;
1900-01-01 11:18:23;374.0;1745716703;100.17;102.332;96.419;102.931;
1900-01-01 11:18:23;375.0;1745716703;100.17;102.332;96.46;102.917;
1900-01-01 11:18:24;376.0;1745716704;100.175;102.443;96.417;102.917;
1900-01-01 11:18:25;377.0;1745716705;100.195;102.443;96.417;102.92;
1900-01-01 11:18:26;378.0;1745716706;100.195;102.415;96.35;102.958;
1900-01-01 11:18:27;379.0;1745716707;100.189;102.402;96.35;102.958;
1900-01-01 11:18:28;380.0;1745716708;100.15;102.402;96.345;102.979;
1900-01-01 11:18:29;381.0;1745716709;100.15;102.384;96.356;102.979;
1900-01-01 11:18:30;382.0;1745716710;100.225;102.446;96.356;102.923;
1900-01-01 11:18:31;383.0;1745716711;100.207;102.446;96.347;102.992;
1900-01-01 11:18:32;384.0;1745716712;100.207;102.415;96.231;102.931;
1900-01-01 11:18:33;385.0;1745716713;100.154;102.392;96.231;102.931;
1900-01-01 11:18:34;386.0;1745716714;100.154;102.392;96.259;102.892;
1900-01-01 11:18:35;387.0;1745716715;100.163;102.365;96.302;102.892;
1900-01-01 11:18:36;388.0;1745716716;100.133;102.366;96.302;102.854;
1900-01-01 11:18:37;389.0;1745716717;100.133;102.366;96.189;102.936;
1900-01-01 11:18:38;390.0;1745716718;100.204;102.431;96.2;102.936;
1900-01-01 11:18:39;391.0;1745716719;100.174;102.496;96.2;102.983;
1900-01-01 11:18:40;392.0;1745716720;100.174;102.496;96.118;102.908;
1900-01-01 11:18:41;393.0;1745716721;100.213;102.383;96.259;102.908;
1900-01-01 11:18:43;394.0;1745716723;100.262;102.383;96.259;102.838;
1900-01-01 11:18:43;395.0;1745716723;100.262;102.383;96.199;102.887;
1900-01-01 11:18:44;396.0;1745716724;100.255;102.419;96.301;102.887;
1900-01-01 11:18:45;397.0;1745716725;100.297;102.419;96.301;102.886;
1900-01-01 11:18:46;398.0;1745716726;100.297;102.486;96.241;102.937;
1900-01-01 11:18:47;399.0;1745716727;100.282;102.467;96.241;102.937;
1900-01-01 11:18:48;400.0;1745716728;100.378;102.467;96.255;102.938;
1900-01-01 11:18:49;401.0;1745716729;100.378;102.441;96.262;102.959;
1900-01-01 11:18:50;402.0;1745716730;100.358;102.452;96.262;102.959;
1900-01-01 11:18:51;403.0;1745716731;100.35;102.452;96.23;102.95;
1900-01-01 11:18:52;404.0;1745716732;100.35;102.396;96.23;102.923;
1900-01-01 11:18:53;405.0;1745716733;100.285;102.458;96.23;102.923;
1900-01-01 11:18:54;406.0;1745716734;100.226;102.458;96.141;102.931;
1900-01-01 11:18:55;407.0;1745716735;100.226;102.503;96.187;102.908;
1900-01-01 11:18:56;408.0;1745716736;100.261;102.493;96.187;102.908;
1900-01-01 11:18:57;409.0;1745716737;100.261;102.493;96.161;102.916;
1900-01-01 11:18:58;410.0;1745716738;100.186;102.409;96.112;102.916;
1900-01-01 11:18:59;411.0;1745716739;100.18;102.471;96.112;102.931;
1900-01-01 11:19:00;412.0;1745716740;100.251;102.471;96.094;102.935;
1900-01-01 11:19:01;413.0;1745716741;100.251;102.401;96.095;102.935;
1900-01-01 11:19:02;414.0;1745716742;100.249;102.404;96.095;102.947;
1900-01-01 11:19:03;415.0;1745716743;100.249;102.404;95.988;102.897;
1900-01-01 11:19:04;416.0;1745716744;100.368;102.384;96.073;102.897;
1900-01-01 11:19:05;417.0;1745716745;100.327;102.384;96.073;102.949;
1900-01-01 11:19:06;418.0;1745716746;100.327;102.416;96.004;102.872;
1900-01-01 11:19:07;419.0;1745716747;100.354;102.437;96.123;102.872;
1900-01-01 11:19:08;420.0;1745716748;100.294;102.439;96.123;102.944;
1900-01-01 11:19:09;421.0;1745716749;100.294;102.439;96.066;102.852;
1900-01-01 11:19:10;422.0;1745716750;100.38;102.468;96.08;102.852;
1900-01-01 11:19:11;423.0;1745716751;100.292;102.468;96.08;102.895;
1900-01-01 11:19:12;424.0;1745716752;100.292;102.395;96.05;102.874;
1900-01-01 11:19:13;425.0;1745716753;100.344;102.474;96.081;102.874;
1900-01-01 11:19:14;426.0;1745716754;100.381;102.514;96.081;102.933;
1900-01-01 11:19:15;427.0;1745716755;100.314;102.514;96.138;102.957;
1900-01-01 11:19:16;428.0;1745716756;100.314;102.382;96.056;102.957;
1900-01-01 11:19:17;429.0;1745716757;100.387;102.37;96.056;102.918;
1900-01-01 11:19:18;430.0;1745716758;100.387;102.37;96.074;102.908;
1900-01-01 11:19:19;431.0;1745716759;100.406;102.454;96.199;102.908;
1900-01-01 11:19:20;432.0;1745716760;100.435;102.405;96.199;102.868;
1900-01-01 11:19:21;433.0;1745716761;100.435;102.405;96.115;102.872;
1900-01-01 11:19:22;434.0;1745716762;100.233;102.455;96.134;102.872;
1900-01-01 11:19:23;435.0;1745716763;100.187;102.391;96.134;102.912;
1900-01-01 11:19:24;436.0;1745716764;100.187;102.391;96.128;102.879;
1900-01-01 11:19:25;437.0;1745716765;100.218;102.455;96.129;102.879;
1900-01-01 11:19:26;438.0;1745716766;100.11;102.455;96.129;102.916;
1900-01-01 11:19:27;439.0;1745716767;100.11;102.411;96.042;102.953;
1900-01-01 11:19:28;440.0;1745716768;100.102;102.459;96.042;102.953;
1900-01-01 11:19:29;441.0;1745716769;100.12;102.459;96.056;102.905;
1900-01-01 11:19:30;442.0;1745716770;100.12;102.338;96.067;102.923;
1900-01-01 11:19:31;443.0;1745716771;100.034;102.346;96.085;102.923;
1900-01-01 11:19:32;444.0;1745716772;100.078;102.346;96.085;102.886;
1900-01-01 11:19:33;445.0;1745716773;100.078;102.398;96.111;102.894;
1900-01-01 11:19:34;446.0;1745716774;100.117;102.38;96.131;102.894;
1900-01-01 11:19:35;447.0;1745716775;100.163;102.38;96.131;102.923;
1900-01-01 11:19:36;448.0;1745716776;100.163;102.413;96.178;102.931;
1900-01-01 11:19:37;449.0;1745716777;100.052;102.448;96.178;102.931;
1900-01-01 11:19:38;450.0;1745716778;100.036;102.448;96.083;102.906;
1900-01-01 11:19:39;451.0;1745716779;100.036;102.419;96.134;102.883;
1900-01-01 11:19:40;452.0;1745716780;100.115;102.433;96.134;102.883;
1900-01-01 11:19:41;453.0;1745716781;100.115;102.433;96.052;102.865;
1900-01-01 11:19:42;454.0;1745716782;99.991;102.402;95.985;102.865;
1900-01-01 11:19:43;455.0;1745716783;100.083;102.305;95.985;102.741;
1900-01-01 11:19:44;456.0;1745716784;100.083;102.305;96.022;102.854;
1900-01-01 11:19:45;457.0;1745716785;100.1;102.316;95.926;102.854;
1900-01-01 11:19:46;458.0;1745716786;100.076;102.316;95.926;102.846;
1900-01-01 11:19:47;459.0;1745716787;100.076;102.398;95.967;102.917;
1900-01-01 11:19:48;460.0;1745716788;100.087;102.29;95.882;102.917;
1900-01-01 11:19:50;461.0;1745716790;100.057;102.404;95.882;102.851;
1900-01-01 11:19:50;462.0;1745716790;100.057;102.404;96.046;102.831;
1900-01-01 11:19:51;463.0;1745716791;100.095;102.414;96.146;102.831;
1900-01-01 11:19:52;464.0;1745716792;100.039;102.414;96.146;102.92;
1900-01-01 11:19:53;465.0;1745716793;100.039;102.489;96.154;102.886;
1900-01-01 11:19:54;466.0;1745716794;100.052;102.358;96.154;102.886;
1900-01-01 11:19:55;467.0;1745716795;100.025;102.358;96.117;102.901;
1900-01-01 11:19:57;468.0;1745716797;100.025;102.436;96.011;102.883;
1900-01-01 11:19:57;469.0;1745716797;100.088;102.437;96.011;102.883;
1900-01-01 11:19:58;470.0;1745716798;100.066;102.437;95.866;102.906;
1900-01-01 11:19:59;471.0;1745716799;100.066;102.405;95.878;102.888;
1900-01-01 11:20:00;472.0;1745716800;100.08;102.368;95.878;102.888;
1900-01-01 11:20:01;473.0;1745716801;100.08;102.368;95.868;102.828;
1900-01-01 11:20:02;474.0;1745716802;100.103;102.377;95.903;102.828;
1900-01-01 11:20:03;475.0;1745716803;100.135;102.381;95.903;102.911;
1900-01-01 11:20:04;476.0;1745716804;100.111;102.381;96.02;102.812;
1900-01-01 11:20:05;477.0;1745716805;100.111;102.358;96.045;102.812;
1900-01-01 11:20:06;478.0;1745716806;100.218;102.257;96.045;102.85;
1900-01-01 11:20:07;479.0;1745716807;100.218;102.257;95.901;102.945;
1900-01-01 11:20:08;480.0;1745716808;100.134;102.359;95.975;102.945;
1900-01-01 11:20:09;481.0;1745716809;100.069;102.359;95.975;102.88;
1900-01-01 11:20:10;482.0;1745716810;100.069;102.251;95.97;102.787;
1900-01-01 11:20:11;483.0;1745716811;100.101;102.313;95.97;102.787;
1900-01-01 11:20:12;484.0;1745716812;100.134;102.313;95.864;102.823;
1900-01-01 11:20:13;485.0;1745716813;100.134;102.386;95.81;102.821;
1900-01-01 11:20:14;486.0;1745716814;100.078;102.313;95.81;102.821;
1900-01-01 11:20:15;487.0;1745716815;100.106;102.313;95.748;102.854;
1900-01-01 11:20:16;488.0;1745716816;100.106;102.326;95.789;102.897;
1900-01-01 11:20:17;489.0;1745716817;100.072;102.323;95.789;102.897;
1900-01-01 11:20:18;490.0;1745716818;100.061;102.323;95.732;102.813;
1900-01-01 11:20:19;491.0;1745716819;100.061;102.36;95.711;102.883;
1900-01-01 11:20:20;492.0;1745716820;100.087;102.373;95.711;102.883;
1900-01-01 11:20:21;493.0;1745716821;100.087;102.373;95.79;103.016;
1900-01-01 11:20:22;494.0;1745716822;100.079;102.356;95.793;103.016;
1900-01-01 11:20:23;495.0;1745716823;100.069;102.284;95.793;102.868;
1900-01-01 11:20:24;496.0;1745716824;100.069;102.284;95.817;102.803;
1900-01-01 11:20:25;497.0;1745716825;100.112;102.292;95.738;102.803;
1900-01-01 11:20:26;498.0;1745716826;100.133;102.292;95.738;102.837;
1900-01-01 11:20:27;499.0;1745716827;100.133;102.354;95.71;102.812;
1900-01-01 11:20:28;500.0;1745716828;100.077;102.314;95.71;102.812;
1900-01-01 11:20:29;501.0;1745716829;100.097;102.314;95.685;102.813;
1900-01-01 11:20:30;502.0;1745716830;100.097;102.203;95.813;102.924;
1900-01-01 11:20:32;503.0;1745716832;100.071;102.222;95.8;102.924;
1900-01-01 11:20:32;504.0;1745716832;99.958;102.222;95.8;102.945;
1900-01-01 11:20:33;505.0;1745716833;99.958;102.317;95.754;102.936;
1900-01-01 11:20:34;506.0;1745716834;100.007;102.329;95.74;102.936;
1900-01-01 11:20:35;507.0;1745716835;99.902;102.329;95.74;102.94;
1900-01-01 11:20:36;508.0;1745716836;99.902;102.355;95.748;102.961;
1900-01-01 11:20:37;509.0;1745716837;99.886;102.3;95.782;102.961;
1900-01-01 11:20:38;510.0;1745716838;99.886;102.3;95.782;102.982;
1900-01-01 11:20:39;511.0;1745716839;99.873;102.287;95.763;102.975;
1900-01-01 11:20:40;512.0;1745716840;99.901;102.178;95.763;102.975;
1900-01-01 11:20:42;513.0;1745716842;99.83;102.178;95.798;102.886;
1900-01-01 11:20:42;514.0;1745716842;99.83;102.324;95.8;102.873;
1900-01-01 11:20:43;515.0;1745716843;99.876;102.308;95.8;102.873;
1900-01-01 11:20:44;516.0;1745716844;99.876;102.308;95.764;102.865;
1900-01-01 11:20:45;517.0;1745716845;99.875;102.265;95.752;102.865;
1900-01-01 11:20:46;518.0;1745716846;99.912;102.268;95.752;102.875;
1900-01-01 11:20:47;519.0;1745716847;99.912;102.268;95.823;102.887;
1900-01-01 11:20:48;520.0;1745716848;100.008;102.248;95.877;102.887;
1900-01-01 11:20:49;521.0;1745716849;100.009;102.248;95.877;102.904;
1900-01-01 11:20:50;522.0;1745716850;100.009;102.258;95.705;102.789;
1900-01-01 11:20:51;523.0;1745716851;99.951;102.198;95.603;102.789;
1900-01-01 11:20:52;524.0;1745716852;99.991;102.198;95.603;102.861;
1900-01-01 11:20:53;525.0;1745716853;99.991;102.242;95.624;102.823;
1900-01-01 11:20:54;526.0;1745716854;99.926;102.171;95.624;102.823;
1900-01-01 11:20:55;527.0;1745716855;99.894;102.171;95.605;102.959;
1900-01-01 11:20:56;528.0;1745716856;99.894;102.213;95.615;102.845;
1900-01-01 11:20:57;529.0;1745716857;99.983;102.241;95.615;102.845;
1900-01-01 11:20:58;530.0;1745716858;99.907;102.241;95.655;102.922;
1900-01-01 11:20:59;531.0;1745716859;99.907;102.279;95.548;102.858;
1900-01-01 11:21:00;532.0;1745716860;99.929;102.247;95.548;102.858;
1900-01-01 11:21:01;533.0;1745716861;99.929;102.247;95.688;102.803;
1900-01-01 11:21:02;534.0;1745716862;99.888;102.212;95.6;102.939;
1900-01-01 11:21:03;535.0;1745716863;99.926;102.212;95.6;102.939;
1900-01-01 11:21:04;536.0;1745716864;99.926;102.186;95.671;102.83;
1900-01-01 11:21:05;537.0;1745716865;100.022;102.222;95.689;102.83;
1900-01-01 11:21:06;538.0;1745716866;99.983;102.222;95.689;102.909;
1900-01-01 11:21:07;539.0;1745716867;99.983;102.26;95.693;102.912;
1900-01-01 11:21:08;540.0;1745716868;99.927;102.203;95.705;102.912;
1900-01-01 11:21:09;541.0;1745716869;100.03;102.244;95.705;102.952;
1900-01-01 11:21:10;542.0;1745716870;100.03;102.244;95.6;102.855;
1900-01-01 11:21:11;543.0;1745716871;100.009;102.212;95.622;102.855;
1900-01-01 11:21:12;544.0;1745716872;100.097;102.148;95.622;102.895;
1900-01-01 11:21:13;545.0;1745716873;100.097;102.148;95.547;102.83;
1900-01-01 11:21:14;546.0;1745716874;99.995;102.264;95.482;102.83;
1900-01-01 11:21:15;547.0;1745716875;100.098;102.264;95.482;102.738;
1900-01-01 11:21:16;548.0;1745716876;100.098;102.296;95.521;102.939;
1900-01-01 11:21:17;549.0;1745716877;100.058;102.314;95.593;102.939;
1900-01-01 11:21:18;550.0;1745716878;100.059;102.314;95.593;102.9;
1900-01-01 11:21:19;551.0;1745716879;100.059;102.241;95.625;102.828;
1900-01-01 11:21:20;552.0;1745716880;99.979;102.266;95.609;102.828;
1900-01-01 11:21:21;553.0;1745716881;99.924;102.266;95.609;102.874;
1900-01-01 11:21:22;554.0;1745716882;99.924;102.176;95.629;102.91;
1900-01-01 11:21:23;555.0;1745716883;99.888;102.285;95.629;102.91;
1900-01-01 11:21:24;556.0;1745716884;99.843;102.285;95.624;102.886;
1900-01-01 11:21:25;557.0;1745716885;99.843;102.23;95.631;102.886;
1900-01-01 11:21:26;558.0;1745716886;99.931;102.138;95.631;102.831;
1900-01-01 11:21:27;559.0;1745716887;99.901;102.138;95.547;102.838;
1900-01-01 11:21:28;560.0;1745716888;99.901;102.164;95.614;102.838;
1900-01-01 11:21:29;561.0;1745716889;99.856;102.189;95.614;102.894;
1900-01-01 11:21:30;562.0;1745716890;99.856;102.189;95.517;102.821;
1900-01-01 11:21:31;563.0;1745716891;99.882;102.201;95.35;102.821;
1900-01-01 11:21:32;564.0;1745716892;99.91;102.201;95.35;102.89;
1900-01-01 11:21:33;565.0;1745716893;99.91;102.228;95.336;102.82;
1900-01-01 11:21:34;566.0;1745716894;99.823;102.198;95.466;102.82;
1900-01-01 11:21:35;567.0;1745716895;99.89;102.198;95.466;102.884;
1900-01-01 11:21:36;568.0;1745716896;99.89;102.216;95.442;102.83;
1900-01-01 11:21:37;569.0;1745716897;99.821;102.132;95.49;102.83;
1900-01-01 11:21:38;570.0;1745716898;99.897;102.132;95.49;102.831;
1900-01-01 11:21:39;571.0;1745716899;99.897;102.206;95.381;102.879;
1900-01-01 11:21:40;572.0;1745716900;99.851;102.153;95.48;102.879;
1900-01-01 11:21:42;573.0;1745716902;99.807;102.266;95.48;102.868;
1900-01-01 11:21:42;574.0;1745716902;99.807;102.266;95.504;102.857;
1900-01-01 11:21:43;575.0;1745716903;99.874;102.194;95.512;102.857;
1900-01-01 11:21:44;576.0;1745716904;99.841;102.194;95.512;102.855;
1900-01-01 11:21:45;577.0;1745716905;99.841;102.214;95.336;102.868;
1900-01-01 11:21:46;578.0;1745716906;100.011;102.146;95.336;102.868;
1900-01-01 11:21:47;579.0;1745716907;100.032;102.146;95.392;102.782;
1900-01-01 11:21:48;580.0;1745716908;100.032;102.148;95.354;102.889;
1900-01-01 11:21:49;581.0;1745716909;99.933;102.23;95.354;102.889;
1900-01-01 11:21:50;582.0;1745716910;100.036;102.23;95.325;102.856;
1900-01-01 11:21:51;583.0;1745716911;100.036;102.141;95.385;102.92;
1900-01-01 11:21:52;584.0;1745716912;99.964;102.119;95.385;102.92;
1900-01-01 11:21:53;585.0;1745716913;99.964;102.119;95.526;102.804;
1900-01-01 11:21:54;586.0;1745716914;99.914;102.21;95.444;102.851;
1900-01-01 11:21:55;587.0;1745716915;99.903;102.21;95.444;102.851;
1900-01-01 11:21:56;588.0;1745716916;99.903;102.159;95.355;102.955;
1900-01-01 11:21:57;589.0;1745716917;99.872;102.166;95.431;102.955;
1900-01-01 11:21:59;590.0;1745716919;99.822;102.022;95.431;102.907;
1900-01-01 11:21:59;591.0;1745716919;99.822;102.022;95.379;102.912;
1900-01-01 11:22:00;592.0;1745716920;99.768;102.102;95.344;102.912;
1900-01-01 11:22:01;593.0;1745716921;99.667;102.102;95.344;102.8;
1900-01-01 11:22:02;594.0;1745716922;99.667;102.163;95.369;102.857;
1900-01-01 11:22:03;595.0;1745716923;99.66;102.072;95.365;102.857;
1900-01-01 11:22:04;596.0;1745716924;99.755;102.072;95.365;102.894;
1900-01-01 11:22:05;597.0;1745716925;99.755;102.087;95.381;102.933;
1900-01-01 11:22:06;598.0;1745716926;99.643;102.089;95.381;102.933;
1900-01-01 11:22:07;599.0;1745716927;99.693;102.089;95.34;102.918;
1900-01-01 11:22:08;600.0;1745716928;99.693;102.192;95.371;102.918;
1900-01-01 11:22:09;601.0;1745716929;99.702;102.101;95.371;102.912;
1900-01-01 11:22:10;602.0;1745716930;99.702;102.101;95.277;102.89;
1900-01-01 11:22:11;603.0;1745716931;99.683;102.122;95.29;102.89;
1900-01-01 11:22:12;604.0;1745716932;99.732;102.124;95.29;102.874;
1900-01-01 11:22:13;605.0;1745716933;99.732;102.124;95.317;102.974;
1900-01-01 11:22:14;606.0;1745716934;99.758;102.174;95.358;102.974;
1900-01-01 11:22:15;607.0;1745716935;99.718;102.061;95.358;102.853;
1900-01-01 11:22:16;608.0;1745716936;99.718;102.061;95.349;102.911;
1900-01-01 11:22:17;609.0;1745716937;99.76;102.047;95.336;102.911;
1900-01-01 11:22:19;610.0;1745716939;99.681;102.053;95.336;102.816;
1900-01-01 11:22:19;611.0;1745716939;99.681;102.053;95.427;102.876;
1900-01-01 11:22:20;612.0;1745716940;99.749;102.035;95.325;102.876;
1900-01-01 11:22:21;613.0;1745716941;99.737;102.124;95.325;102.879;
1900-01-01 11:22:22;614.0;1745716942;99.737;102.124;95.421;102.856;
1900-01-01 11:22:23;615.0;1745716943;99.74;102.134;95.363;102.856;
1900-01-01 11:22:24;616.0;1745716944;99.654;102.134;95.363;102.895;
1900-01-01 11:22:25;617.0;1745716945;99.654;101.99;95.376;102.867;
1900-01-01 11:22:26;618.0;1745716946;99.659;102.097;95.321;102.867;
1900-01-01 11:22:27;619.0;1745716947;99.648;102.097;95.321;102.939;
1900-01-01 11:22:28;620.0;1745716948;99.648;102.062;95.337;102.927;
1900-01-01 11:22:29;621.0;1745716949;99.604;102.14;95.337;102.927;
1900-01-01 11:22:30;622.0;1745716950;99.585;102.14;95.312;102.939;
1900-01-01 11:22:31;623.0;1745716951;99.585;102.03;95.254;102.857;
1900-01-01 11:22:32;624.0;1745716952;99.573;102.075;95.254;102.857;
1900-01-01 11:22:33;625.0;1745716953;99.645;102.075;95.207;102.938;
1900-01-01 11:22:34;626.0;1745716954;99.645;102.126;95.177;102.879;
1900-01-01 11:22:35;627.0;1745716955;99.664;102.136;95.177;102.879;
1900-01-01 11:22:37;628.0;1745716957;99.718;102.136;95.116;102.882;
1900-01-01 11:22:37;629.0;1745716957;99.718;102.027;95.171;102.882;
1900-01-01 11:22:38;630.0;1745716958;99.746;102.056;95.171;102.865;
1900-01-01 11:22:39;631.0;1745716959;99.728;102.056;95.155;102.841;
1900-01-01 11:22:40;632.0;1745716960;99.728;102.087;95.168;102.841;
1900-01-01 11:22:41;633.0;1745716961;99.775;102.039;95.168;102.93;
1900-01-01 11:22:42;634.0;1745716962;99.775;102.039;95.078;102.835;
1900-01-01 11:22:43;635.0;1745716963;99.752;102.018;95.183;102.835;
1900-01-01 11:22:44;636.0;1745716964;99.766;102.018;95.183;102.784;
1900-01-01 11:22:45;637.0;1745716965;99.766;101.983;95.103;102.846;
1900-01-01 11:22:46;638.0;1745716966;99.718;101.994;95.056;102.846;
1900-01-01 11:22:47;639.0;1745716967;99.78;101.994;95.056;102.767;
1900-01-01 11:22:48;640.0;1745716968;99.78;102.005;95.16;102.835;
1900-01-01 11:22:49;641.0;1745716969;99.8;101.988;95.16;102.835;
1900-01-01 11:22:50;642.0;1745716970;99.834;101.988;95.163;102.841;
1900-01-01 11:22:51;643.0;1745716971;99.834;102.022;95.127;102.913;
1900-01-01 11:22:52;644.0;1745716972;99.807;102.038;95.127;102.913;
1900-01-01 11:22:53;645.0;1745716973;99.875;102.038;95.085;102.806;
1900-01-01 11:22:54;646.0;1745716974;99.875;102.09;95.088;102.82;
1900-01-01 11:22:55;647.0;1745716975;99.616;102.01;95.088;102.82;
1900-01-01 11:22:56;648.0;1745716976;99.538;102.01;95.144;102.769;
1900-01-01 11:22:57;649.0;1745716977;99.538;101.968;95.086;102.783;
1900-01-01 11:22:58;650.0;1745716978;99.474;102.01;95.086;102.783;
1900-01-01 11:22:59;651.0;1745716979;99.474;102.01;95.023;102.805;
1900-01-01 11:23:00;652.0;1745716980;99.442;101.957;95.085;102.783;
1900-01-01 11:23:01;653.0;1745716981;99.375;101.986;95.085;102.783;
1900-01-01 11:23:02;654.0;1745716982;99.375;101.986;95.072;102.873;
1900-01-01 11:23:03;655.0;1745716983;99.28;102.03;95.023;102.873;
1900-01-01 11:23:04;656.0;1745716984;99.364;101.974;95.023;102.812;
1900-01-01 11:23:06;657.0;1745716986;99.39;101.974;95.035;102.814;
1900-01-01 11:23:06;658.0;1745716986;99.39;101.976;94.954;102.814;
1900-01-01 11:23:07;659.0;1745716987;99.451;101.983;94.954;102.705;
1900-01-01 11:23:08;660.0;1745716988;99.451;101.983;94.909;102.941;
1900-01-01 11:23:09;661.0;1745716989;99.369;102.018;94.882;102.941;
1900-01-01 11:23:10;662.0;1745716990;99.466;102.037;94.882;102.843;
1900-01-01 11:23:11;663.0;1745716991;99.466;102.037;95.044;102.856;
1900-01-01 11:23:12;664.0;1745716992;99.6;102.097;95.041;102.856;
1900-01-01 11:23:13;665.0;1745716993;99.593;102.097;95.041;102.897;
1900-01-01 11:23:14;666.0;1745716994;99.593;101.962;94.964;102.854;
1900-01-01 11:23:16;667.0;1745716996;99.618;101.973;94.982;102.854;
1900-01-01 11:23:16;668.0;1745716996;99.613;101.973;94.982;102.853;
1900-01-01 11:23:17;669.0;1745716997;99.613;102.036;95.006;102.872;
1900-01-01 11:23:18;670.0;1745716998;99.57;102.01;95.006;102.872;
1900-01-01 11:23:19;671.0;1745716999;99.57;102.01;95.086;102.803;
1900-01-01 11:23:20;672.0;1745717000;99.633;101.965;95.14;102.852;
1900-01-01 11:23:21;673.0;1745717001;99.581;101.962;95.14;102.852;
1900-01-01 11:23:22;674.0;1745717002;99.581;101.962;95.186;102.827;
1900-01-01 11:23:23;675.0;1745717003;99.468;102.01;95.254;102.827;
1900-01-01 11:23:24;676.0;1745717004;99.443;101.986;95.254;102.838;
1900-01-01 11:23:25;677.0;1745717005;99.443;101.986;95.064;102.777;
1900-01-01 11:23:26;678.0;1745717006;99.444;102.06;95.067;102.777;
1900-01-01 11:23:27;679.0;1745717007;99.497;102.06;95.067;102.727;
1900-01-01 11:23:28;680.0;1745717008;99.497;101.982;94.999;102.823;
1900-01-01 11:23:29;681.0;1745717009;99.494;102.008;94.97;102.823;
1900-01-01 11:23:30;682.0;1745717010;99.554;102.008;94.97;102.848;
1900-01-01 11:23:31;683.0;1745717011;99.554;102.017;94.871;102.824;
1900-01-01 11:23:32;684.0;1745717012;99.538;101.91;94.871;102.824;
1900-01-01 11:23:33;685.0;1745717013;99.574;101.91;94.874;102.873;
1900-01-01 11:23:34;686.0;1745717014;99.574;102.008;94.945;102.853;
1900-01-01 11:23:35;687.0;1745717015;99.63;101.97;94.945;102.853;
1900-01-01 11:23:36;688.0;1745717016;99.62;101.97;95.006;102.871;
1900-01-01 11:23:37;689.0;1745717017;99.62;101.898;94.926;102.82;
1900-01-01 11:23:38;690.0;1745717018;99.668;101.936;94.926;102.82;
1900-01-01 11:23:39;691.0;1745717019;99.683;101.936;94.849;102.776;
1900-01-01 11:23:40;692.0;1745717020;99.683;101.966;94.888;102.898;
1900-01-01 11:23:41;693.0;1745717021;99.607;101.937;94.888;102.898;
1900-01-01 11:23:42;694.0;1745717022;99.607;101.937;94.791;102.851;
1900-01-01 11:23:43;695.0;1745717023;99.601;102.017;94.762;102.945;
1900-01-01 11:23:44;696.0;1745717024;99.563;101.94;94.762;102.945;
1900-01-01 11:23:45;697.0;1745717025;99.563;101.94;94.642;102.869;
1900-01-01 11:23:46;698.0;1745717026;99.512;101.956;94.791;102.869;
1900-01-01 11:23:47;699.0;1745717027;99.523;101.97;94.791;102.817;
1900-01-01 11:23:48;700.0;1745717028;99.523;101.97;94.815;102.826;
1900-01-01 11:23:49;701.0;1745717029;99.55;101.917;94.837;102.826;
1900-01-01 11:23:50;702.0;1745717030;99.529;101.917;94.837;102.924;
1900-01-01 11:23:51;703.0;1745717031;99.529;101.957;94.888;102.862;
1900-01-01 11:23:52;704.0;1745717032;99.523;101.91;94.935;102.862;
1900-01-01 11:23:53;705.0;1745717033;99.507;101.91;94.935;102.791;
1900-01-01 11:23:54;706.0;1745717034;99.507;101.87;94.914;102.827;
1900-01-01 11:23:56;707.0;1745717036;99.431;101.876;94.801;102.827;
1900-01-01 11:23:56;708.0;1745717036;99.366;101.876;94.801;102.813;
1900-01-01 11:23:57;709.0;1745717037;99.366;101.877;94.77;102.791;
1900-01-01 11:23:58;710.0;1745717038;99.306;101.775;94.77;102.791;
1900-01-01 11:24:00;711.0;1745717040;99.405;101.775;94.747;102.842;
1900-01-01 11:24:00;712.0;1745717040;99.405;101.903;94.685;102.842;
1900-01-01 11:24:01;713.0;1745717041;99.377;101.936;94.685;102.8;
1900-01-01 11:24:02;714.0;1745717042;99.377;101.936;94.716;102.798;
1900-01-01 11:24:03;715.0;1745717043;99.37;101.922;94.752;102.798;
1900-01-01 11:24:04;716.0;1745717044;99.384;101.902;94.752;102.793;
1900-01-01 11:24:05;717.0;1745717045;99.384;101.902;94.789;102.848;
1900-01-01 11:24:06;718.0;1745717046;99.357;101.951;94.692;102.848;
1900-01-01 11:24:07;719.0;1745717047;99.312;101.951;94.692;102.786;
1900-01-01 11:24:08;720.0;1745717048;99.312;101.936;94.761;102.84;
1900-01-01 11:24:09;721.0;1745717049;99.325;101.874;94.8;102.84;
1900-01-01 11:24:10;722.0;1745717050;99.306;101.897;94.8;102.855;
1900-01-01 11:24:11;723.0;1745717051;99.306;101.897;94.788;102.853;
1900-01-01 11:24:12;724.0;1745717052;99.371;101.871;94.762;102.853;
1900-01-01 11:24:13;725.0;1745717053;99.261;101.877;94.762;102.856;
1900-01-01 11:24:14;726.0;1745717054;99.261;101.877;94.802;102.861;
1900-01-01 11:24:15;727.0;1745717055;99.226;101.925;94.845;102.861;
1900-01-01 11:24:16;728.0;1745717056;99.265;101.925;94.845;102.766;
1900-01-01 11:24:17;729.0;1745717057;99.265;101.835;94.84;102.833;
1900-01-01 11:24:18;730.0;1745717058;99.278;101.777;94.774;102.833;
1900-01-01 11:24:19;731.0;1745717059;99.315;101.777;94.774;102.765;
1900-01-01 11:24:20;732.0;1745717060;99.315;101.755;94.83;102.822;
1900-01-01 11:24:21;733.0;1745717061;99.363;101.717;94.816;102.822;
1900-01-01 11:24:22;734.0;1745717062;99.419;101.836;94.816;102.928;
1900-01-01 11:24:23;735.0;1745717063;99.419;101.836;94.722;102.815;
1900-01-01 11:24:24;736.0;1745717064;99.368;101.741;94.677;102.815;
1900-01-01 11:24:25;737.0;1745717065;99.234;101.741;94.677;102.757;
1900-01-01 11:24:26;738.0;1745717066;99.234;101.76;94.599;102.84;
1900-01-01 11:24:27;739.0;1745717067;99.335;101.773;94.519;102.84;
1900-01-01 11:24:28;740.0;1745717068;99.31;101.773;94.519;102.783;
1900-01-01 11:24:29;741.0;1745717069;99.31;101.776;94.519;102.826;
1900-01-01 11:24:30;742.0;1745717070;99.217;101.718;94.519;102.826;
1900-01-01 11:24:31;743.0;1745717071;99.242;101.718;94.433;102.759;
1900-01-01 11:24:32;744.0;1745717072;99.242;101.757;94.462;102.791;
1900-01-01 11:24:33;745.0;1745717073;99.334;101.768;94.462;102.791;
1900-01-01 11:24:34;746.0;1745717074;99.347;101.768;94.533;102.766;
1900-01-01 11:24:35;747.0;1745717075;99.347;101.851;94.656;102.86;
1900-01-01 11:24:36;748.0;1745717076;99.349;101.74;94.656;102.86;
1900-01-01 11:24:37;749.0;1745717077;99.349;101.74;94.628;102.817;
1900-01-01 11:24:38;750.0;1745717078;99.359;101.766;94.693;102.796;
1900-01-01 11:24:39;751.0;1745717079;99.321;101.711;94.693;102.796;
1900-01-01 11:24:40;752.0;1745717080;99.326;101.711;94.677;102.841;
1900-01-01 11:24:41;753.0;1745717081;99.326;101.78;94.671;102.841;
1900-01-01 11:24:42;754.0;1745717082;99.356;101.739;94.671;102.815;
1900-01-01 11:24:43;755.0;1745717083;99.357;101.739;94.675;102.828;
1900-01-01 11:24:44;756.0;1745717084;99.357;101.718;94.689;102.828;
1900-01-01 11:24:45;757.0;1745717085;99.285;101.76;94.689;102.801;
1900-01-01 11:24:46;758.0;1745717086;99.285;101.76;94.747;102.827;
1900-01-01 11:24:47;759.0;1745717087;99.323;101.844;94.688;102.827;
1900-01-01 11:24:48;760.0;1745717088;99.218;101.844;94.688;102.844;
1900-01-01 11:24:49;761.0;1745717089;99.218;101.692;94.599;102.839;
1900-01-01 11:24:50;762.0;1745717090;99.236;101.77;94.599;102.839;
1900-01-01 11:24:51;763.0;1745717091;99.349;101.77;94.572;102.85;
1900-01-01 11:24:52;764.0;1745717092;99.349;101.848;94.494;102.784;
1900-01-01 11:24:53;765.0;1745717093;99.274;101.797;94.494;102.784;
1900-01-01 11:24:54;766.0;1745717094;99.196;101.797;94.407;102.839;
1900-01-01 11:24:55;767.0;1745717095;99.196;101.796;94.475;102.796;
1900-01-01 11:24:56;768.0;1745717096;99.218;101.757;94.475;102.796;
1900-01-01 11:24:57;769.0;1745717097;99.274;101.757;94.543;102.845;
1900-01-01 11:24:58;770.0;1745717098;99.274;101.75;94.455;102.845;
1900-01-01 11:24:59;771.0;1745717099;99.253;101.81;94.455;102.861;
1900-01-01 11:25:00;772.0;1745717100;99.253;101.81;94.473;102.817;
1900-01-01 11:25:01;773.0;1745717101;99.268;101.802;94.466;102.817;
1900-01-01 11:25:02;774.0;1745717102;99.166;101.802;94.466;102.811;
1900-01-01 11:25:03;775.0;1745717103;99.166;101.772;94.479;102.862;
1900-01-01 11:25:04;776.0;1745717104;99.168;101.733;94.334;102.862;
1900-01-01 11:25:05;777.0;1745717105;99.164;101.733;94.334;102.779;
1900-01-01 11:25:06;778.0;1745717106;99.164;101.616;94.35;102.742;
1900-01-01 11:25:07;779.0;1745717107;99.18;101.688;94.35;102.742;
1900-01-01 11:25:08;780.0;1745717108;99.294;101.688;94.364;102.836;
1900-01-01 11:25:09;781.0;1745717109;99.294;101.645;94.439;102.794;
1900-01-01 11:25:10;782.0;1745717110;99.286;101.73;94.511;102.794;
1900-01-01 11:25:11;783.0;1745717111;99.347;101.73;94.511;102.758;
1900-01-01 11:25:12;784.0;1745717112;99.347;101.739;94.429;102.755;
1900-01-01 11:25:13;785.0;1745717113;99.421;101.684;94.525;102.755;
1900-01-01 11:25:14;786.0;1745717114;99.224;101.684;94.525;102.798;
1900-01-01 11:25:15;787.0;1745717115;99.224;101.742;94.426;102.711;
1900-01-01 11:25:16;788.0;1745717116;99.243;101.629;94.426;102.711;
1900-01-01 11:25:17;789.0;1745717117;99.207;101.629;94.301;102.71;
1900-01-01 11:25:18;790.0;1745717118;99.207;101.717;94.317;102.71;
1900-01-01 11:25:19;791.0;1745717119;99.155;101.71;94.317;102.774;
1900-01-01 11:25:21;792.0;1745717121;99.186;101.71;94.318;102.791;
1900-01-01 11:25:21;793.0;1745717121;99.186;101.7;94.419;102.791;
1900-01-01 11:25:22;794.0;1745717122;99.161;101.679;94.419;102.81;
1900-01-01 11:25:23;795.0;1745717123;99.161;101.679;94.322;102.849;
1900-01-01 11:25:24;796.0;1745717124;99.103;101.771;94.334;102.849;
1900-01-01 11:25:25;797.0;1745717125;99.124;101.747;94.334;102.801;
1900-01-01 11:25:26;798.0;1745717126;99.124;101.747;94.377;102.794;
1900-01-01 11:25:27;799.0;1745717127;99.153;101.678;94.429;102.794;
1900-01-01 11:25:28;800.0;1745717128;99.064;101.678;94.429;102.781;
1900-01-01 11:25:29;801.0;1745717129;99.064;101.721;94.348;102.813;
1900-01-01 11:25:30;802.0;1745717130;99.023;101.703;94.354;102.813;
1900-01-01 11:25:31;803.0;1745717131;99.118;101.703;94.354;102.913;
1900-01-01 11:25:32;804.0;1745717132;99.118;101.729;94.345;102.804;
1900-01-01 11:25:33;805.0;1745717133;99.095;101.744;94.345;102.804;
1900-01-01 11:25:34;806.0;1745717134;99.232;101.744;94.25;102.756;
1900-01-01 11:25:35;807.0;1745717135;99.232;101.653;94.363;102.864;
1900-01-01 11:25:36;808.0;1745717136;99.281;101.739;94.363;102.864;
1900-01-01 11:25:37;809.0;1745717137;99.281;101.739;94.303;102.79;
1900-01-01 11:25:38;810.0;1745717138;99.195;101.701;94.279;102.79;
1900-01-01 11:25:39;811.0;1745717139;99.228;101.663;94.279;102.797;
1900-01-01 11:25:40;812.0;1745717140;99.228;101.663;94.336;102.718;
1900-01-01 11:25:41;813.0;1745717141;99.108;101.588;94.387;102.718;
1900-01-01 11:25:42;814.0;1745717142;99.146;101.689;94.387;102.789;
1900-01-01 11:25:43;815.0;1745717143;99.146;101.689;94.355;102.832;
1900-01-01 11:25:44;816.0;1745717144;99.196;101.553;94.257;102.832;
1900-01-01 11:25:45;817.0;1745717145;99.122;101.67;94.257;102.861;
1900-01-01 11:25:46;818.0;1745717146;99.122;101.67;94.178;102.783;
1900-01-01 11:25:47;819.0;1745717147;99.205;101.652;94.205;102.783;
1900-01-01 11:25:48;820.0;1745717148;99.212;101.652;94.205;102.835;
1900-01-01 11:25:49;821.0;1745717149;99.212;101.706;94.196;102.76;
1900-01-01 11:25:50;822.0;1745717150;99.208;101.679;94.16;102.76;
1900-01-01 11:25:51;823.0;1745717151;99.171;101.679;94.16;102.772;
1900-01-01 11:25:52;824.0;1745717152;99.171;101.7;94.142;102.803;
1900-01-01 11:25:53;825.0;1745717153;99.228;101.661;94.142;102.803;
1900-01-01 11:25:54;826.0;1745717154;99.058;101.661;94.226;102.804;
1900-01-01 11:25:55;827.0;1745717155;99.058;101.695;94.331;102.911;
1900-01-01 11:25:56;828.0;1745717156;99.078;101.726;94.343;102.911;
1900-01-01 11:25:57;829.0;1745717157;99.078;101.726;94.343;102.854;
1900-01-01 11:25:58;830.0;1745717158;98.989;101.627;94.371;102.847;
1900-01-01 11:25:59;831.0;1745717159;98.932;101.706;94.371;102.847;
1900-01-01 11:26:00;832.0;1745717160;98.932;101.706;94.305;102.873;
1900-01-01 11:26:01;833.0;1745717161;98.985;101.653;94.26;102.873;
1900-01-01 11:26:02;834.0;1745717162;99.081;101.69;94.26;102.877;
1900-01-01 11:26:03;835.0;1745717163;99.081;101.69;94.206;102.903;
1900-01-01 11:26:04;836.0;1745717164;99.028;101.631;94.185;102.903;
1900-01-01 11:26:05;837.0;1745717165;99.005;101.631;94.185;102.771;
1900-01-01 11:26:06;838.0;1745717166;99.005;101.663;94.149;102.856;
1900-01-01 11:26:07;839.0;1745717167;99.126;101.683;94.037;102.856;
1900-01-01 11:26:08;840.0;1745717168;99.112;101.683;94.037;102.866;
1900-01-01 11:26:09;841.0;1745717169;99.112;101.665;94.038;102.875;
1900-01-01 11:26:10;842.0;1745717170;99.0;101.729;94.038;102.875;
1900-01-01 11:26:11;843.0;1745717171;99.074;101.729;94.057;102.878;
1900-01-01 11:26:12;844.0;1745717172;99.074;101.667;94.165;102.858;
1900-01-01 11:26:13;845.0;1745717173;98.998;101.597;94.165;102.858;
1900-01-01 11:26:14;846.0;1745717174;98.919;101.597;94.009;102.807;
1900-01-01 11:26:15;847.0;1745717175;98.919;101.572;94.06;102.924;
1900-01-01 11:26:16;848.0;1745717176;98.843;101.608;94.06;102.924;
1900-01-01 11:26:17;849.0;1745717177;98.843;101.608;94.158;102.844;
1900-01-01 11:26:18;850.0;1745717178;98.899;101.636;94.096;102.748;
1900-01-01 11:26:20;851.0;1745717180;98.949;101.615;94.096;102.748;
1900-01-01 11:26:20;852.0;1745717180;98.949;101.615;94.09;102.81;
1900-01-01 11:26:21;853.0;1745717181;98.818;101.552;94.134;102.81;
1900-01-01 11:26:23;854.0;1745717183;98.865;101.57;94.134;102.722;
1900-01-01 11:26:23;855.0;1745717183;98.865;101.57;94.182;102.887;
1900-01-01 11:26:24;856.0;1745717184;98.801;101.575;94.233;102.887;
1900-01-01 11:26:26;857.0;1745717186;98.889;101.587;94.233;102.843;
1900-01-01 11:26:26;858.0;1745717186;98.889;101.587;94.182;102.778;
1900-01-01 11:26:27;859.0;1745717187;98.798;101.607;94.089;102.778;
1900-01-01 11:26:28;860.0;1745717188;98.911;101.563;94.089;102.845;
1900-01-01 11:26:29;861.0;1745717189;98.911;101.563;94.113;102.889;
1900-01-01 11:26:30;862.0;1745717190;98.877;101.671;94.12;102.889;
1900-01-01 11:26:31;863.0;1745717191;98.861;101.671;94.12;102.772;
1900-01-01 11:26:32;864.0;1745717192;98.861;101.58;93.991;102.78;
1900-01-01 11:26:33;865.0;1745717193;98.942;101.583;93.957;102.78;
1900-01-01 11:26:34;866.0;1745717194;99.065;101.583;93.957;102.776;
1900-01-01 11:26:35;867.0;1745717195;99.065;101.56;94.018;102.848;
1900-01-01 11:26:36;868.0;1745717196;99.046;101.554;94.018;102.848;
1900-01-01 11:26:37;869.0;1745717197;99.046;101.554;93.992;102.832;
1900-01-01 11:26:38;870.0;1745717198;99.079;101.503;93.933;102.832;
1900-01-01 11:26:39;871.0;1745717199;98.938;101.627;93.933;102.882;
1900-01-01 11:26:40;872.0;1745717200;98.938;101.627;93.949;102.854;
1900-01-01 11:26:41;873.0;1745717201;99.073;101.465;93.999;102.854;
1900-01-01 11:26:43;874.0;1745717203;98.928;101.544;93.999;102.774;
1900-01-01 11:26:43;875.0;1745717203;98.928;101.544;93.961;102.838;
1900-01-01 11:26:44;876.0;1745717204;98.977;101.485;93.925;102.838;
1900-01-01 11:26:45;877.0;1745717205;98.981;101.536;93.925;102.776;
1900-01-01 11:26:46;878.0;1745717206;98.981;101.536;93.89;102.843;
1900-01-01 11:26:47;879.0;1745717207;98.848;101.556;93.869;102.843;
1900-01-01 11:26:48;880.0;1745717208;98.892;101.556;93.869;102.84;
1900-01-01 11:26:49;881.0;1745717209;98.892;101.53;93.94;102.759;
1900-01-01 11:26:50;882.0;1745717210;98.952;101.566;93.94;102.759;
1900-01-01 11:26:51;883.0;1745717211;98.935;101.566;93.963;102.776;
1900-01-01 11:26:52;884.0;1745717212;98.935;101.526;93.893;102.72;
1900-01-01 11:26:53;885.0;1745717213;98.931;101.497;93.893;102.72;
1900-01-01 11:26:54;886.0;1745717214;98.931;101.497;93.924;102.697;
1900-01-01 11:26:55;887.0;1745717215;98.985;101.519;93.853;102.697;
1900-01-01 11:26:56;888.0;1745717216;98.982;101.548;93.853;102.795;
1900-01-01 11:26:57;889.0;1745717217;98.942;101.548;93.825;102.829;
1900-01-01 11:26:58;890.0;1745717218;98.942;101.444;93.932;102.829;
1900-01-01 11:26:59;891.0;1745717219;98.953;101.412;93.932;102.811;
1900-01-01 11:27:00;892.0;1745717220;99.018;101.412;93.872;102.758;
1900-01-01 11:27:01;893.0;1745717221;99.018;101.557;93.779;102.757;
1900-01-01 11:27:02;894.0;1745717222;98.958;101.456;93.779;102.757;
1900-01-01 11:27:03;895.0;1745717223;98.958;101.456;93.798;102.855;
1900-01-01 11:27:04;896.0;1745717224;98.832;101.492;93.756;102.855;
1900-01-01 11:27:05;897.0;1745717225;98.826;101.402;93.756;102.779;
1900-01-01 11:27:06;898.0;1745717226;98.826;101.402;93.736;102.82;
1900-01-01 11:27:07;899.0;1745717227;98.828;101.514;93.854;102.82;
1900-01-01 11:27:09;900.0;1745717229;98.768;101.388;93.854;102.827;
1900-01-01 11:27:09;901.0;1745717229;98.768;101.388;93.928;102.777;
1900-01-01 11:27:10;902.0;1745717230;98.779;101.459;93.897;102.777;
1900-01-01 11:27:11;903.0;1745717231;98.706;101.459;93.897;102.812;
1900-01-01 11:27:12;904.0;1745717232;98.706;101.43;93.909;102.84;
1900-01-01 11:27:13;905.0;1745717233;98.788;101.418;93.856;102.84;
1900-01-01 11:27:14;906.0;1745717234;98.7;101.418;93.856;102.883;
1900-01-01 11:27:15;907.0;1745717235;98.7;101.461;93.843;102.854;
1900-01-01 11:27:17;908.0;1745717237;98.787;101.523;93.937;102.854;
1900-01-01 11:27:17;909.0;1745717237;98.787;101.523;93.937;102.849;
1900-01-01 11:27:18;910.0;1745717238;98.834;101.475;93.879;102.812;
1900-01-01 11:27:19;911.0;1745717239;98.811;101.517;93.879;102.812;
1900-01-01 11:27:20;912.0;1745717240;98.811;101.517;93.858;102.742;
1900-01-01 11:27:21;913.0;1745717241;98.833;101.384;93.904;102.932;
1900-01-01 11:27:22;914.0;1745717242;98.877;101.399;93.904;102.932;
1900-01-01 11:27:23;915.0;1745717243;98.877;101.399;93.929;102.815;
1900-01-01 11:27:25;916.0;1745717245;98.771;101.374;93.924;102.817;
1900-01-01 11:27:25;917.0;1745717245;98.76;101.374;93.924;102.817;
1900-01-01 11:27:26;918.0;1745717246;98.76;101.381;93.839;102.834;
1900-01-01 11:27:27;919.0;1745717247;98.8;101.463;93.763;102.834;
1900-01-01 11:27:28;920.0;1745717248;98.668;101.463;93.763;102.832;
1900-01-01 11:27:29;921.0;1745717249;98.668;101.459;93.792;102.953;
1900-01-01 11:27:31;922.0;1745717251;98.72;101.342;93.532;102.953;
1900-01-01 11:27:31;923.0;1745717251;98.681;101.342;93.532;102.878;
1900-01-01 11:27:32;924.0;1745717252;98.681;101.471;93.643;102.897;
1900-01-01 11:27:33;925.0;1745717253;98.634;101.439;93.584;102.897;
1900-01-01 11:27:34;926.0;1745717254;98.737;101.439;93.584;102.841;
1900-01-01 11:27:35;927.0;1745717255;98.737;101.444;93.611;102.832;
1900-01-01 11:27:36;928.0;1745717256;98.763;101.428;93.488;102.832;
1900-01-01 11:27:37;929.0;1745717257;98.739;101.428;93.488;102.841;
1900-01-01 11:27:38;930.0;1745717258;98.739;101.433;93.588;102.888;
1900-01-01 11:27:39;931.0;1745717259;98.77;101.476;93.587;102.888;
1900-01-01 11:27:40;932.0;1745717260;98.829;101.476;93.587;102.834;
1900-01-01 11:27:41;933.0;1745717261;98.829;101.421;93.689;102.798;
1900-01-01 11:27:42;934.0;1745717262;98.839;101.439;93.689;102.798;
1900-01-01 11:27:43;935.0;1745717263;98.783;101.439;93.714;102.84;
1900-01-01 11:27:44;936.0;1745717264;98.783;101.414;93.722;102.84;
1900-01-01 11:27:45;937.0;1745717265;98.722;101.419;93.722;102.832;
1900-01-01 11:27:46;938.0;1745717266;98.717;101.419;93.749;102.861;
1900-01-01 11:27:47;939.0;1745717267;98.717;101.335;93.672;102.861;
1900-01-01 11:27:48;940.0;1745717268;98.666;101.313;93.672;102.82;
1900-01-01 11:27:49;941.0;1745717269;98.666;101.313;93.612;102.922;
1900-01-01 11:27:50;942.0;1745717270;98.576;101.344;93.5;102.922;
1900-01-01 11:27:51;943.0;1745717271;98.622;101.387;93.5;102.859;
1900-01-01 11:27:52;944.0;1745717272;98.622;101.387;93.514;102.906;
1900-01-01 11:27:53;945.0;1745717273;98.517;101.497;93.57;102.906;
1900-01-01 11:27:54;946.0;1745717274;98.652;101.435;93.57;102.845;
1900-01-01 11:27:55;947.0;1745717275;98.652;101.435;93.587;102.814;
1900-01-01 11:27:56;948.0;1745717276;98.633;101.337;93.586;102.814;
1900-01-01 11:27:57;949.0;1745717277;98.662;101.337;93.586;102.815;
1900-01-01 11:27:58;950.0;1745717278;98.662;101.398;93.549;102.818;
1900-01-01 11:27:59;951.0;1745717279;98.637;101.403;93.549;102.818;
1900-01-01 11:28:00;952.0;1745717280;98.767;101.403;93.527;102.788;
1900-01-01 11:28:01;953.0;1745717281;98.767;101.364;93.536;102.778;
1900-01-01 11:28:02;954.0;1745717282;98.683;101.289;93.536;102.778;
1900-01-01 11:28:04;955.0;1745717284;98.817;101.289;93.477;102.813;
1900-01-01 11:28:04;956.0;1745717284;98.817;101.3;93.579;102.813;
1900-01-01 11:28:05;957.0;1745717285;98.77;101.308;93.579;102.842;
1900-01-01 11:28:06;958.0;1745717286;98.77;101.308;93.642;102.819;
1900-01-01 11:28:07;959.0;1745717287;98.739;101.371;93.659;102.819;
1900-01-01 11:28:08;960.0;1745717288;98.773;101.371;93.659;102.775;
1900-01-01 11:28:09;961.0;1745717289;98.773;101.307;93.672;102.792;
1900-01-01 11:28:10;962.0;1745717290;98.775;101.311;93.599;102.792;
1900-01-01 11:28:12;963.0;1745717292;98.792;101.328;93.599;102.727;
1900-01-01 11:28:12;964.0;1745717292;98.792;101.328;93.603;102.851;
1900-01-01 11:28:13;965.0;1745717293;98.815;101.416;93.561;102.851;
1900-01-01 11:28:14;966.0;1745717294;98.803;101.325;93.561;102.796;
1900-01-01 11:28:15;967.0;1745717295;98.803;101.325;93.571;102.807;
1900-01-01 11:28:16;968.0;1745717296;98.824;101.322;93.5;102.807;
1900-01-01 11:28:18;969.0;1745717298;98.797;101.322;93.5;102.761;
1900-01-01 11:28:18;970.0;1745717298;98.797;101.363;93.505;102.9;
1900-01-01 11:28:19;971.0;1745717299;98.803;101.317;93.522;102.9;
1900-01-01 11:28:20;972.0;1745717300;98.775;101.317;93.522;102.819;
1900-01-01 11:28:21;973.0;1745717301;98.775;101.343;93.487;102.758;
1900-01-01 11:28:22;974.0;1745717302;98.658;101.275;93.487;102.758;
1900-01-01 11:28:23;975.0;1745717303;98.549;101.275;93.507;102.762;
1900-01-01 11:28:24;976.0;1745717304;98.549;101.233;93.481;102.736;
1900-01-01 11:28:25;977.0;1745717305;98.623;101.26;93.481;102.736;
1900-01-01 11:28:26;978.0;1745717306;98.623;101.26;93.474;102.76;
1900-01-01 11:28:27;979.0;1745717307;98.548;101.239;93.431;102.752;
1900-01-01 11:28:28;980.0;1745717308;98.491;101.239;93.431;102.752;
1900-01-01 11:28:29;981.0;1745717309;98.491;101.264;93.427;102.82;
1900-01-01 11:28:30;982.0;1745717310;98.465;101.193;93.372;102.82;
1900-01-01 11:28:31;983.0;1745717311;98.489;101.193;93.372;102.747;
1900-01-01 11:28:32;984.0;1745717312;98.489;101.227;93.416;102.777;
1900-01-01 11:28:34;985.0;1745717314;98.45;101.248;93.486;102.777;
1900-01-01 11:28:34;986.0;1745717314;98.463;101.248;93.486;102.816;
1900-01-01 11:28:35;987.0;1745717315;98.463;101.248;93.489;102.718;
1900-01-01 11:28:36;988.0;1745717316;98.462;101.184;93.489;102.718;
1900-01-01 11:28:37;989.0;1745717317;98.379;101.184;93.533;102.797;
1900-01-01 11:28:38;990.0;1745717318;98.379;101.28;93.51;102.888;
1900-01-01 11:28:39;991.0;1745717319;98.503;101.261;93.51;102.888;
1900-01-01 11:28:40;992.0;1745717320;98.388;101.261;93.396;102.76;
1900-01-01 11:28:41;993.0;1745717321;98.388;101.209;93.352;102.736;
1900-01-01 11:28:42;994.0;1745717322;98.372;101.152;93.352;102.736;
1900-01-01 11:28:43;995.0;1745717323;98.411;101.152;93.343;102.785;
1900-01-01 11:28:44;996.0;1745717324;98.411;101.256;93.366;102.843;
1900-01-01 11:28:45;997.0;1745717325;98.521;101.265;93.366;102.843;
1900-01-01 11:28:46;998.0;1745717326;98.521;101.265;93.277;102.797;
1900-01-01 11:28:47;999.0;1745717327;98.517;101.155;93.394;102.82;
1900-01-01 11:28:48;1000.0;1745717328;98.479;101.155;93.394;102.82;
1900-01-01 11:28:49;1001.0;1745717329;98.479;101.114;93.229;102.814;
1900-01-01 11:28:50;1002.0;1745717330;98.539;101.107;93.203;102.814;
1900-01-01 11:28:51;1003.0;1745717331;98.528;101.126;93.203;102.86;
1900-01-01 11:28:52;1004.0;1745717332;98.528;101.126;93.32;102.788;
1900-01-01 11:28:53;1005.0;1745717333;98.447;101.214;93.281;102.788;
1900-01-01 11:28:54;1006.0;1745717334;98.571;101.151;93.281;102.757;
1900-01-01 11:28:55;1007.0;1745717335;98.571;101.151;93.302;102.822;
1900-01-01 11:28:56;1008.0;1745717336;98.479;101.145;93.247;102.822;
1900-01-01 11:28:57;1009.0;1745717337;98.503;101.145;93.247;102.8;
1900-01-01 11:28:58;1010.0;1745717338;98.503;101.06;93.291;102.798;
1900-01-01 11:28:59;1011.0;1745717339;98.462;101.154;93.326;102.798;
1900-01-01 11:29:00;1012.0;1745717340;98.512;101.154;93.326;102.754;
1900-01-01 11:29:01;1013.0;1745717341;98.512;101.017;93.345;102.853;
1900-01-01 11:29:02;1014.0;1745717342;98.499;101.107;93.279;102.853;
1900-01-01 11:29:03;1015.0;1745717343;98.497;101.107;93.279;102.796;
1900-01-01 11:29:04;1016.0;1745717344;98.497;101.129;93.338;102.843;
1900-01-01 11:29:05;1017.0;1745717345;98.492;101.155;93.338;102.843;
1900-01-01 11:29:06;1018.0;1745717346;98.481;101.155;93.324;102.839;
1900-01-01 11:29:07;1019.0;1745717347;98.481;101.015;93.364;102.77;
1900-01-01 11:29:08;1020.0;1745717348;98.502;100.947;93.364;102.77;
1900-01-01 11:29:09;1021.0;1745717349;98.465;100.947;93.252;102.83;
1900-01-01 11:29:10;1022.0;1745717350;98.465;100.93;93.248;102.83;
1900-01-01 11:29:11;1023.0;1745717351;98.473;100.904;93.248;102.717;
1900-01-01 11:29:12;1024.0;1745717352;98.561;100.904;93.16;102.74;
1900-01-01 11:29:13;1025.0;1745717353;98.561;100.816;93.136;102.82;
1900-01-01 11:29:14;1026.0;1745717354;98.639;100.767;93.169;102.82;
1900-01-01 11:29:15;1027.0;1745717355;98.583;100.767;93.169;102.793;
1900-01-01 11:29:16;1028.0;1745717356;98.583;100.741;93.126;102.81;
1900-01-01 11:29:17;1029.0;1745717357;98.542;100.768;93.126;102.81;
1900-01-01 11:29:18;1030.0;1745717358;98.527;100.768;93.194;102.816;
1900-01-01 11:29:19;1031.0;1745717359;98.527;100.709;93.214;102.79;
1900-01-01 11:29:20;1032.0;1745717360;98.452;100.798;93.214;102.79;
1900-01-01 11:29:21;1033.0;1745717361;98.464;100.798;93.235;102.769;
1900-01-01 11:29:22;1034.0;1745717362;98.464;100.744;93.196;102.823;
1900-01-01 11:29:23;1035.0;1745717363;98.354;100.758;93.196;102.823;
1900-01-01 11:29:25;1036.0;1745717365;98.347;100.758;93.092;102.765;
1900-01-01 11:29:25;1037.0;1745717365;98.347;100.704;93.007;102.733;
1900-01-01 11:29:26;1038.0;1745717366;98.356;100.764;93.007;102.733;
1900-01-01 11:29:27;1039.0;1745717367;98.356;100.764;92.991;102.891;
1900-01-01 11:29:28;1040.0;1745717368;98.276;100.721;93.01;102.891;
1900-01-01 11:29:29;1041.0;1745717369;98.282;100.78;93.01;102.741;
1900-01-01 11:29:30;1042.0;1745717370;98.282;100.78;93.083;102.745;
1900-01-01 11:29:31;1043.0;1745717371;98.359;100.772;93.176;102.745;
1900-01-01 11:29:33;1044.0;1745717373;98.351;100.707;93.176;102.794;
1900-01-01 11:29:33;1045.0;1745717373;98.351;100.707;93.148;102.84;
1900-01-01 11:29:34;1046.0;1745717374;98.364;100.682;93.014;102.84;
1900-01-01 11:29:35;1047.0;1745717375;98.487;100.682;93.014;102.739;
1900-01-01 11:29:36;1048.0;1745717376;98.487;100.745;93.015;102.797;
1900-01-01 11:29:37;1049.0;1745717377;98.453;100.73;93.064;102.797;
1900-01-01 11:29:38;1050.0;1745717378;98.483;100.73;93.064;102.833;
1900-01-01 11:29:39;1051.0;1745717379;98.483;100.753;92.994;102.833;
1900-01-01 11:29:40;1052.0;1745717380;98.433;100.71;92.994;102.833;
1900-01-01 11:29:41;1053.0;1745717381;98.34;100.71;92.918;102.767;
1900-01-01 11:29:42;1054.0;1745717382;98.34;100.648;93.093;102.767;
1900-01-01 11:29:43;1055.0;1745717383;98.193;100.745;93.093;102.768;
1900-01-01 11:29:45;1056.0;1745717385;98.266;100.745;93.079;102.825;
1900-01-01 11:29:45;1057.0;1745717385;98.266;100.714;93.112;102.825;
1900-01-01 11:29:46;1058.0;1745717386;98.249;100.783;93.112;102.889;
1900-01-01 11:29:47;1059.0;1745717387;98.249;100.783;93.07;102.804;
1900-01-01 11:29:48;1060.0;1745717388;98.165;100.793;93.1;102.804;
1900-01-01 11:29:49;1061.0;1745717389;98.113;100.793;93.1;102.775;
1900-01-01 11:29:50;1062.0;1745717390;98.113;100.839;93.041;102.801;
1900-01-01 11:29:51;1063.0;1745717391;98.122;100.794;93.057;102.801;
1900-01-01 11:29:52;1064.0;1745717392;98.076;100.702;93.057;102.793;
1900-01-01 11:29:53;1065.0;1745717393;98.076;100.702;93.012;102.755;
1900-01-01 11:29:54;1066.0;1745717394;98.057;100.755;92.975;102.755;
1900-01-01 11:29:55;1067.0;1745717395;98.13;100.755;92.975;102.831;
1900-01-01 11:29:56;1068.0;1745717396;98.13;100.839;93.034;102.839;
1900-01-01 11:29:57;1069.0;1745717397;98.192;100.88;93.034;102.839;
1900-01-01 11:29:58;1070.0;1745717398;98.197;100.88;93.098;102.72;
1900-01-01 11:29:59;1071.0;1745717399;98.197;100.73;93.091;102.872;
1900-01-01 11:30:00;1072.0;1745717400;98.2;100.742;93.091;102.872;
1900-01-01 11:30:01;1073.0;1745717401;98.213;100.742;93.041;102.73;
1900-01-01 11:30:02;1074.0;1745717402;98.213;100.745;92.97;102.73;
1900-01-01 11:30:03;1075.0;1745717403;98.276;100.817;92.97;102.718;
1900-01-01 11:30:04;1076.0;1745717404;98.192;100.817;92.829;102.726;
1900-01-01 11:30:05;1077.0;1745717405;98.192;100.791;92.899;102.726;
1900-01-01 11:30:06;1078.0;1745717406;98.217;100.745;92.899;102.739;
1900-01-01 11:30:07;1079.0;1745717407;98.282;100.745;92.815;102.747;
1900-01-01 11:30:08;1080.0;1745717408;98.282;100.835;92.885;102.747;
1900-01-01 11:30:09;1081.0;1745717409;98.241;100.773;92.885;102.725;
1900-01-01 11:30:10;1082.0;1745717410;98.241;100.773;92.856;102.696;
1900-01-01 11:30:11;1083.0;1745717411;98.389;100.822;92.721;102.696;
1900-01-01 11:30:12;1084.0;1745717412;98.226;100.79;92.721;102.761;
1900-01-01 11:30:13;1085.0;1745717413;98.226;100.79;92.795;102.705;
1900-01-01 11:30:14;1086.0;1745717414;98.246;100.765;92.786;102.705;
1900-01-01 11:30:15;1087.0;1745717415;98.244;100.798;92.786;102.771;
1900-01-01 11:30:16;1088.0;1745717416;98.244;100.798;92.93;102.734;
1900-01-01 11:30:17;1089.0;1745717417;98.292;100.699;92.936;102.734;
1900-01-01 11:30:18;1090.0;1745717418;98.132;100.699;92.936;102.741;
1900-01-01 11:30:19;1091.0;1745717419;98.132;100.694;92.857;102.751;
1900-01-01 11:30:20;1092.0;1745717420;98.174;100.637;92.849;102.751;
1900-01-01 11:30:21;1093.0;1745717421;98.091;100.637;92.849;102.823;
1900-01-01 11:30:22;1094.0;1745717422;98.091;100.741;92.816;102.797;
1900-01-01 11:30:23;1095.0;1745717423;98.205;100.705;92.816;102.797;
1900-01-01 11:30:24;1096.0;1745717424;98.162;100.705;92.748;102.799;
1900-01-01 11:30:25;1097.0;1745717425;98.162;100.758;92.777;102.878;
1900-01-01 11:30:26;1098.0;1745717426;98.172;100.652;92.777;102.878;
1900-01-01 11:30:27;1099.0;1745717427;98.236;100.652;92.73;102.826;
1900-01-01 11:30:28;1100.0;1745717428;98.236;100.642;92.782;102.839;
1900-01-01 11:30:29;1101.0;1745717429;98.233;100.657;92.782;102.839;
1900-01-01 11:30:30;1102.0;1745717430;98.246;100.657;92.757;102.698;
1900-01-01 11:30:31;1103.0;1745717431;98.246;100.63;92.767;102.835;
1900-01-01 11:30:32;1104.0;1745717432;98.154;100.701;92.767;102.835;
1900-01-01 11:30:33;1105.0;1745717433;98.154;100.701;92.724;102.741;
1900-01-01 11:30:34;1106.0;1745717434;98.149;100.673;92.777;102.741;
1900-01-01 11:30:35;1107.0;1745717435;98.174;100.673;92.777;102.643;
1900-01-01 11:30:36;1108.0;1745717436;98.174;100.647;92.808;102.765;
1900-01-01 11:30:37;1109.0;1745717437;98.174;100.593;92.715;102.765;
1900-01-01 11:30:38;1110.0;1745717438;98.152;100.593;92.715;102.771;
1900-01-01 11:30:39;1111.0;1745717439;98.152;100.602;92.666;102.744;
1900-01-01 11:30:40;1112.0;1745717440;98.138;100.634;92.666;102.744;
1900-01-01 11:30:41;1113.0;1745717441;98.134;100.634;92.784;102.683;
1900-01-01 11:30:42;1114.0;1745717442;98.134;100.535;92.819;102.663;
1900-01-01 11:30:43;1115.0;1745717443;98.15;100.538;92.819;102.663;
1900-01-01 11:30:44;1116.0;1745717444;98.147;100.538;92.767;102.697;
1900-01-01 11:30:45;1117.0;1745717445;98.147;100.557;92.636;102.697;
1900-01-01 11:30:46;1118.0;1745717446;98.087;100.447;92.636;102.647;
1900-01-01 11:30:47;1119.0;1745717447;98.063;100.447;92.684;102.688;
1900-01-01 11:30:48;1120.0;1745717448;98.063;100.355;92.624;102.688;
1900-01-01 11:30:49;1121.0;1745717449;98.025;100.381;92.624;102.767;
1900-01-01 11:30:50;1122.0;1745717450;98.002;100.381;92.624;102.721;
1900-01-01 11:30:51;1123.0;1745717451;98.002;100.434;92.583;102.721;
1900-01-01 11:30:52;1124.0;1745717452;97.955;100.475;92.583;102.824;
1900-01-01 11:30:53;1125.0;1745717453;97.955;100.475;92.58;102.717;
1900-01-01 11:30:54;1126.0;1745717454;97.898;100.455;92.503;102.603;
1900-01-01 11:30:55;1127.0;1745717455;97.965;100.455;92.503;102.603;
1900-01-01 11:30:56;1128.0;1745717456;97.965;100.458;92.528;102.706;
1900-01-01 11:30:57;1129.0;1745717457;97.791;100.423;92.57;102.706;
1900-01-01 11:30:59;1130.0;1745717459;97.83;100.573;92.57;102.742;
1900-01-01 11:30:59;1131.0;1745717459;97.83;100.573;92.682;102.698;
1900-01-01 11:31:00;1132.0;1745717460;97.969;100.521;92.595;102.698;
1900-01-01 11:31:01;1133.0;1745717461;97.949;100.574;92.595;102.77;
1900-01-01 11:31:02;1134.0;1745717462;97.949;100.574;92.565;102.843;
1900-01-01 11:31:03;1135.0;1745717463;97.973;100.477;92.603;102.843;
1900-01-01 11:31:04;1136.0;1745717464;98.011;100.477;92.603;102.752;
1900-01-01 11:31:05;1137.0;1745717465;98.011;100.46;92.491;102.688;
1900-01-01 11:31:06;1138.0;1745717466;98.13;100.513;92.491;102.688;
1900-01-01 11:31:07;1139.0;1745717467;98.08;100.513;92.556;102.764;
1900-01-01 11:31:08;1140.0;1745717468;98.08;100.514;92.496;102.764;
1900-01-01 11:31:09;1141.0;1745717469;98.129;100.435;92.496;102.725;
1900-01-01 11:31:10;1142.0;1745717470;98.222;100.435;92.561;102.719;
1900-01-01 11:31:11;1143.0;1745717471;98.222;100.498;92.556;102.719;
1900-01-01 11:31:12;1144.0;1745717472;98.194;100.496;92.556;102.699;
1900-01-01 11:31:13;1145.0;1745717473;98.194;100.496;92.432;102.745;
1900-01-01 11:31:14;1146.0;1745717474;98.166;100.477;92.502;102.792;
1900-01-01 11:31:15;1147.0;1745717475;98.078;100.477;92.502;102.792;
1900-01-01 11:31:16;1148.0;1745717476;98.078;100.41;92.559;102.655;
1900-01-01 11:31:17;1149.0;1745717477;98.113;100.448;92.621;102.655;
1900-01-01 11:31:18;1150.0;1745717478;98.031;100.457;92.621;102.775;
1900-01-01 11:31:19;1151.0;1745717479;98.031;100.457;92.598;102.77;
1900-01-01 11:31:20;1152.0;1745717480;97.979;100.405;92.622;102.77;
1900-01-01 11:31:21;1153.0;1745717481;98.089;100.405;92.622;102.686;
1900-01-01 11:31:22;1154.0;1745717482;98.089;100.387;92.72;102.754;
1900-01-01 11:31:24;1155.0;1745717484;97.97;100.422;92.628;102.754;
1900-01-01 11:31:24;1156.0;1745717484;97.864;100.422;92.628;102.797;
1900-01-01 11:31:25;1157.0;1745717485;97.864;100.459;92.479;102.784;
1900-01-01 11:31:27;1158.0;1745717487;97.91;100.438;92.588;102.784;
1900-01-01 11:31:27;1159.0;1745717487;97.91;100.438;92.588;102.81;
1900-01-01 11:31:28;1160.0;1745717488;97.897;100.439;92.482;102.779;
1900-01-01 11:31:29;1161.0;1745717489;97.848;100.405;92.482;102.779;
1900-01-01 11:31:30;1162.0;1745717490;97.848;100.405;92.358;102.747;
1900-01-01 11:31:31;1163.0;1745717491;97.928;100.416;92.452;102.747;
1900-01-01 11:31:32;1164.0;1745717492;97.93;100.396;92.452;102.839;
1900-01-01 11:31:33;1165.0;1745717493;98.013;100.396;92.373;102.728;
1900-01-01 11:31:34;1166.0;1745717494;98.013;100.509;92.446;102.728;
1900-01-01 11:31:35;1167.0;1745717495;98.002;100.425;92.446;102.709;
1900-01-01 11:31:36;1168.0;1745717496;98.002;100.425;92.445;102.813;
1900-01-01 11:31:37;1169.0;1745717497;97.871;100.38;92.466;102.776;
1900-01-01 11:31:38;1170.0;1745717498;97.94;100.38;92.466;102.776;
1900-01-01 11:31:39;1171.0;1745717499;97.94;100.406;92.327;102.745;
1900-01-01 11:31:40;1172.0;1745717500;97.895;100.436;92.365;102.745;
1900-01-01 11:31:42;1173.0;1745717502;97.831;100.433;92.365;102.691;
1900-01-01 11:31:42;1174.0;1745717502;97.831;100.433;92.354;102.703;
1900-01-01 11:31:43;1175.0;1745717503;97.818;100.428;92.379;102.703;
1900-01-01 11:31:44;1176.0;1745717504;97.794;100.428;92.379;102.729;
1900-01-01 11:31:45;1177.0;1745717505;97.794;100.476;92.331;102.73;
1900-01-01 11:31:47;1178.0;1745717507;97.753;100.457;92.412;102.73;
1900-01-01 11:31:47;1179.0;1745717507;97.862;100.457;92.412;102.745;
1900-01-01 11:31:48;1180.0;1745717508;97.862;100.465;92.408;102.715;
1900-01-01 11:31:50;1181.0;1745717510;97.77;100.437;92.39;102.715;
1900-01-01 11:31:50;1182.0;1745717510;97.825;100.437;92.39;102.749;
1900-01-01 11:31:51;1183.0;1745717511;97.825;100.451;92.374;102.667;
1900-01-01 11:31:52;1184.0;1745717512;97.811;100.39;92.374;102.667;
1900-01-01 11:31:53;1185.0;1745717513;97.891;100.39;92.347;102.713;
1900-01-01 11:31:54;1186.0;1745717514;97.891;100.367;92.289;102.713;
1900-01-01 11:31:55;1187.0;1745717515;97.773;100.275;92.289;102.783;
1900-01-01 11:31:56;1188.0;1745717516;97.773;100.275;92.229;102.743;
1900-01-01 11:31:57;1189.0;1745717517;97.788;100.253;92.21;102.743;
1900-01-01 11:31:58;1190.0;1745717518;97.741;100.253;92.21;102.685;
1900-01-01 11:31:59;1191.0;1745717519;97.741;100.322;92.287;102.706;
1900-01-01 11:32:00;1192.0;1745717520;97.652;100.348;92.3;102.706;
1900-01-01 11:32:01;1193.0;1745717521;97.674;100.444;92.3;102.746;
1900-01-01 11:32:02;1194.0;1745717522;97.674;100.444;92.279;102.567;
1900-01-01 11:32:03;1195.0;1745717523;97.753;100.364;92.326;102.567;
1900-01-01 11:32:04;1196.0;1745717524;97.778;100.364;92.326;102.705;
1900-01-01 11:32:05;1197.0;1745717525;97.778;100.303;92.284;102.747;
1900-01-01 11:32:06;1198.0;1745717526;97.782;100.377;92.284;102.747;
1900-01-01 11:32:07;1199.0;1745717527;97.805;100.377;92.28;102.71;
1900-01-01 11:32:08;1200.0;1745717528;97.805;100.374;92.288;102.723;
