Time;Seconds from start for linreg;Unix Time;ch1 po2;ch2 po2;ch3 po2;ch4 po2;
1900-01-01 23:07:08;1.0;1745672828;99.568;101.098;96.343;103.513;
1900-01-01 23:07:09;2.0;1745672829;99.568;101.136;96.368;103.513;
1900-01-01 23:07:10;3.0;1745672830;99.487;101.164;96.368;103.438;
1900-01-01 23:07:11;4.0;1745672831;99.487;101.164;96.357;103.385;
1900-01-01 23:07:12;5.0;1745672832;99.558;101.103;96.328;103.432;
1900-01-01 23:07:13;6.0;1745672833;99.529;101.103;96.328;103.432;
1900-01-01 23:07:14;7.0;1745672834;99.529;101.138;96.346;103.517;
1900-01-01 23:07:15;8.0;1745672835;99.537;101.08;96.429;103.517;
1900-01-01 23:07:16;9.0;1745672836;99.591;101.08;96.429;103.449;
1900-01-01 23:07:17;10.0;1745672837;99.591;101.081;96.379;103.454;
1900-01-01 23:07:18;11.0;1745672838;99.688;100.913;96.374;103.454;
1900-01-01 23:07:19;12.0;1745672839;99.712;100.913;96.374;103.327;
1900-01-01 23:07:20;13.0;1745672840;99.712;100.963;96.415;103.349;
1900-01-01 23:07:21;14.0;1745672841;99.7;101.014;96.415;103.349;
1900-01-01 23:07:22;15.0;1745672842;99.821;101.014;96.376;103.42;
1900-01-01 23:07:23;16.0;1745672843;99.821;101.002;96.335;103.414;
1900-01-01 23:07:24;17.0;1745672844;99.745;101.055;96.335;103.414;
1900-01-01 23:07:25;18.0;1745672845;99.774;101.055;96.318;103.463;
1900-01-01 23:07:26;19.0;1745672846;99.774;101.029;96.335;103.433;
1900-01-01 23:07:27;20.0;1745672847;99.803;101.03;96.335;103.433;
1900-01-01 23:07:28;21.0;1745672848;99.803;101.03;96.314;103.388;
1900-01-01 23:07:29;22.0;1745672849;99.644;101.0;96.403;103.388;
1900-01-01 23:07:30;23.0;1745672850;99.695;101.0;96.403;103.476;
1900-01-01 23:07:31;24.0;1745672851;99.695;100.918;96.431;103.4;
1900-01-01 23:07:32;25.0;1745672852;99.694;100.96;96.39;103.4;
1900-01-01 23:07:33;26.0;1745672853;99.655;100.899;96.39;103.496;
1900-01-01 23:07:34;27.0;1745672854;99.655;100.899;96.511;103.472;
1900-01-01 23:07:35;28.0;1745672855;99.662;100.929;96.481;103.472;
1900-01-01 23:07:36;29.0;1745672856;99.689;100.932;96.481;103.431;
1900-01-01 23:07:37;30.0;1745672857;99.689;100.932;96.321;103.35;
1900-01-01 23:07:38;31.0;1745672858;99.618;100.984;96.226;103.35;
1900-01-01 23:07:39;32.0;1745672859;99.622;100.984;96.226;103.394;
1900-01-01 23:07:40;33.0;1745672860;99.622;100.914;96.259;103.425;
1900-01-01 23:07:41;34.0;1745672861;99.599;100.86;96.259;103.425;
1900-01-01 23:07:42;35.0;1745672862;99.655;100.86;96.289;103.489;
1900-01-01 23:07:43;36.0;1745672863;99.655;100.959;96.321;103.438;
1900-01-01 23:07:44;37.0;1745672864;99.712;101.055;96.321;103.438;
1900-01-01 23:07:45;38.0;1745672865;99.777;101.055;96.333;103.455;
1900-01-01 23:07:46;39.0;1745672866;99.777;100.949;96.307;103.457;
1900-01-01 23:07:47;40.0;1745672867;99.757;101.004;96.307;103.457;
1900-01-01 23:07:48;41.0;1745672868;99.779;101.004;96.302;103.534;
1900-01-01 23:07:49;42.0;1745672869;99.779;100.895;96.317;103.534;
1900-01-01 23:07:50;43.0;1745672870;99.785;100.985;96.317;103.411;
1900-01-01 23:07:51;44.0;1745672871;99.785;100.985;96.299;103.427;
1900-01-01 23:07:53;45.0;1745672873;99.797;100.893;96.164;103.397;
1900-01-01 23:07:53;46.0;1745672873;99.703;100.887;96.164;103.397;
1900-01-01 23:07:54;47.0;1745672874;99.703;100.887;96.091;103.396;
1900-01-01 23:07:55;48.0;1745672875;99.729;100.921;96.139;103.396;
1900-01-01 23:07:57;49.0;1745672877;99.65;100.892;96.139;103.434;
1900-01-01 23:07:57;50.0;1745672877;99.65;100.892;96.123;103.367;
1900-01-01 23:07:58;51.0;1745672878;99.742;100.876;96.189;103.367;
1900-01-01 23:07:59;52.0;1745672879;99.697;100.869;96.189;103.37;
1900-01-01 23:08:00;53.0;1745672880;99.697;100.869;96.258;103.373;
1900-01-01 23:08:01;54.0;1745672881;99.746;100.875;96.326;103.373;
1900-01-01 23:08:02;55.0;1745672882;99.698;100.875;96.326;103.415;
1900-01-01 23:08:03;56.0;1745672883;99.698;100.983;96.285;103.421;
1900-01-01 23:08:04;57.0;1745672884;99.746;100.932;96.285;103.421;
1900-01-01 23:08:05;58.0;1745672885;99.746;100.932;96.298;103.45;
1900-01-01 23:08:06;59.0;1745672886;99.631;100.904;96.341;103.375;
1900-01-01 23:08:07;60.0;1745672887;99.66;100.931;96.341;103.375;
1900-01-01 23:08:08;61.0;1745672888;99.66;100.931;96.314;103.445;
1900-01-01 23:08:09;62.0;1745672889;99.786;100.877;96.304;103.445;
1900-01-01 23:08:10;63.0;1745672890;99.776;100.87;96.304;103.407;
1900-01-01 23:08:11;64.0;1745672891;99.718;100.87;96.321;103.428;
1900-01-01 23:08:12;65.0;1745672892;99.718;100.885;96.335;103.428;
1900-01-01 23:08:13;66.0;1745672893;99.72;100.876;96.335;103.364;
1900-01-01 23:08:14;67.0;1745672894;99.72;100.876;96.266;103.415;
1900-01-01 23:08:15;68.0;1745672895;99.708;100.797;96.181;103.415;
1900-01-01 23:08:16;69.0;1745672896;99.68;100.938;96.181;103.422;
1900-01-01 23:08:17;70.0;1745672897;99.68;100.938;96.073;103.375;
1900-01-01 23:08:18;71.0;1745672898;99.691;100.875;96.16;103.375;
1900-01-01 23:08:19;72.0;1745672899;99.557;100.875;96.16;103.338;
1900-01-01 23:08:20;73.0;1745672900;99.557;100.899;96.126;103.352;
1900-01-01 23:08:21;74.0;1745672901;99.64;100.916;96.126;103.352;
1900-01-01 23:08:22;75.0;1745672902;99.626;100.916;96.204;103.413;
1900-01-01 23:08:23;76.0;1745672903;99.626;100.952;96.144;103.413;
1900-01-01 23:08:24;77.0;1745672904;99.681;100.928;96.144;103.385;
1900-01-01 23:08:25;78.0;1745672905;99.741;100.928;96.157;103.377;
1900-01-01 23:08:26;79.0;1745672906;99.741;101.009;96.094;103.377;
1900-01-01 23:08:27;80.0;1745672907;99.681;101.025;96.094;103.473;
1900-01-01 23:08:28;81.0;1745672908;99.755;101.025;96.129;103.469;
1900-01-01 23:08:29;82.0;1745672909;99.755;100.924;96.202;103.469;
1900-01-01 23:08:30;83.0;1745672910;99.738;101.061;96.202;103.466;
1900-01-01 23:08:31;84.0;1745672911;99.738;101.061;96.168;103.462;
1900-01-01 23:08:32;85.0;1745672912;99.673;100.934;96.167;103.462;
1900-01-01 23:08:33;86.0;1745672913;99.709;100.934;96.167;103.467;
1900-01-01 23:08:34;87.0;1745672914;99.709;100.937;96.027;103.355;
1900-01-01 23:08:35;88.0;1745672915;99.686;100.894;96.002;103.355;
1900-01-01 23:08:36;89.0;1745672916;99.653;100.894;96.002;103.443;
1900-01-01 23:08:37;90.0;1745672917;99.653;100.952;95.913;103.386;
1900-01-01 23:08:38;91.0;1745672918;99.512;100.902;95.913;103.386;
1900-01-01 23:08:39;92.0;1745672919;99.524;100.902;95.863;103.396;
1900-01-01 23:08:40;93.0;1745672920;99.524;100.834;95.891;103.363;
1900-01-01 23:08:41;94.0;1745672921;99.512;100.828;95.81;103.363;
1900-01-01 23:08:42;95.0;1745672922;99.442;100.828;95.81;103.389;
1900-01-01 23:08:43;96.0;1745672923;99.442;100.783;95.789;103.389;
1900-01-01 23:08:44;97.0;1745672924;99.43;100.733;95.789;103.395;
1900-01-01 23:08:45;98.0;1745672925;99.373;100.733;95.799;103.332;
1900-01-01 23:08:46;99.0;1745672926;99.373;100.776;95.669;103.332;
1900-01-01 23:08:47;100.0;1745672927;99.45;100.697;95.669;103.368;
1900-01-01 23:08:48;101.0;1745672928;99.45;100.697;95.753;103.394;
1900-01-01 23:08:49;102.0;1745672929;99.31;100.752;95.796;103.499;
1900-01-01 23:08:50;103.0;1745672930;99.337;100.754;95.796;103.499;
1900-01-01 23:08:51;104.0;1745672931;99.337;100.754;95.856;103.394;
1900-01-01 23:08:52;105.0;1745672932;99.287;100.68;95.945;103.394;
1900-01-01 23:08:53;106.0;1745672933;99.203;100.615;95.945;103.335;
1900-01-01 23:08:54;107.0;1745672934;99.203;100.615;96.011;103.445;
1900-01-01 23:08:55;108.0;1745672935;99.242;100.647;95.984;103.445;
1900-01-01 23:08:56;109.0;1745672936;99.398;100.602;95.984;103.401;
1900-01-01 23:08:57;110.0;1745672937;99.398;100.602;96.022;103.331;
1900-01-01 23:08:58;111.0;1745672938;99.373;100.568;96.086;103.331;
1900-01-01 23:08:59;112.0;1745672939;99.448;100.568;96.086;103.416;
1900-01-01 23:09:00;113.0;1745672940;99.448;100.551;95.981;103.441;
1900-01-01 23:09:01;114.0;1745672941;99.412;100.55;95.992;103.441;
1900-01-01 23:09:02;115.0;1745672942;99.5;100.55;95.992;103.31;
1900-01-01 23:09:03;116.0;1745672943;99.5;100.654;95.901;103.474;
1900-01-01 23:09:04;117.0;1745672944;99.443;100.695;96.005;103.474;
1900-01-01 23:09:05;118.0;1745672945;99.476;100.695;96.005;103.366;
1900-01-01 23:09:06;119.0;1745672946;99.476;100.767;96.043;103.376;
1900-01-01 23:09:07;120.0;1745672947;99.529;100.697;96.043;103.376;
1900-01-01 23:09:08;121.0;1745672948;99.593;100.697;96.085;103.338;
1900-01-01 23:09:09;122.0;1745672949;99.593;100.613;96.241;103.408;
1900-01-01 23:09:10;123.0;1745672950;99.565;100.63;96.205;103.408;
1900-01-01 23:09:11;124.0;1745672951;99.598;100.63;96.205;103.417;
1900-01-01 23:09:12;125.0;1745672952;99.598;100.539;96.202;103.416;
1900-01-01 23:09:13;126.0;1745672953;99.548;100.622;96.202;103.416;
1900-01-01 23:09:14;127.0;1745672954;99.54;100.622;96.218;103.395;
1900-01-01 23:09:15;128.0;1745672955;99.54;100.703;96.144;103.416;
1900-01-01 23:09:16;129.0;1745672956;99.508;100.696;96.037;103.416;
1900-01-01 23:09:17;130.0;1745672957;99.52;100.696;96.037;103.352;
1900-01-01 23:09:18;131.0;1745672958;99.52;100.686;96.064;103.414;
1900-01-01 23:09:19;132.0;1745672959;99.387;100.649;96.064;103.414;
1900-01-01 23:09:20;133.0;1745672960;99.394;100.649;95.939;103.453;
1900-01-01 23:09:21;134.0;1745672961;99.394;100.63;95.897;103.4;
1900-01-01 23:09:23;135.0;1745672963;99.347;100.753;95.998;103.4;
1900-01-01 23:09:23;136.0;1745672963;99.517;100.753;95.998;103.398;
1900-01-01 23:09:24;137.0;1745672964;99.517;100.69;95.934;103.35;
1900-01-01 23:09:25;138.0;1745672965;99.466;100.668;96.016;103.35;
1900-01-01 23:09:26;139.0;1745672966;99.472;100.668;96.016;103.291;
1900-01-01 23:09:27;140.0;1745672967;99.472;100.614;95.977;103.291;
1900-01-01 23:09:28;141.0;1745672968;99.589;100.668;95.977;103.266;
1900-01-01 23:09:29;142.0;1745672969;99.553;100.668;96.055;103.319;
1900-01-01 23:09:30;143.0;1745672970;99.553;100.697;96.036;103.319;
1900-01-01 23:09:31;144.0;1745672971;99.493;100.642;96.036;103.456;
1900-01-01 23:09:32;145.0;1745672972;99.506;100.642;95.944;103.392;
1900-01-01 23:09:33;146.0;1745672973;99.506;100.651;96.0;103.392;
1900-01-01 23:09:34;147.0;1745672974;99.479;100.625;96.0;103.357;
1900-01-01 23:09:35;148.0;1745672975;99.479;100.625;95.933;103.372;
1900-01-01 23:09:36;149.0;1745672976;99.473;100.549;96.061;103.372;
1900-01-01 23:09:37;150.0;1745672977;99.46;100.583;96.061;103.393;
1900-01-01 23:09:38;151.0;1745672978;99.46;100.583;96.049;103.301;
1900-01-01 23:09:39;152.0;1745672979;99.399;100.666;96.105;103.301;
1900-01-01 23:09:40;153.0;1745672980;99.365;100.666;96.105;103.378;
1900-01-01 23:09:41;154.0;1745672981;99.365;100.618;96.195;103.419;
1900-01-01 23:09:42;155.0;1745672982;99.493;100.573;96.124;103.419;
1900-01-01 23:09:44;156.0;1745672984;99.483;100.573;96.124;103.422;
1900-01-01 23:09:44;157.0;1745672984;99.483;100.771;96.039;103.437;
1900-01-01 23:09:45;158.0;1745672985;99.456;100.633;96.039;103.437;
1900-01-01 23:09:46;159.0;1745672986;99.461;100.633;95.897;103.385;
1900-01-01 23:09:47;160.0;1745672987;99.461;100.65;95.861;103.385;
1900-01-01 23:09:48;161.0;1745672988;99.472;100.605;95.861;103.409;
1900-01-01 23:09:49;162.0;1745672989;99.472;100.605;95.877;103.387;
1900-01-01 23:09:50;163.0;1745672990;99.385;100.679;95.902;103.387;
1900-01-01 23:09:51;164.0;1745672991;99.361;100.679;95.902;103.399;
1900-01-01 23:09:52;165.0;1745672992;99.361;100.581;95.829;103.391;
1900-01-01 23:09:53;166.0;1745672993;99.275;100.579;95.889;103.391;
1900-01-01 23:09:54;167.0;1745672994;99.369;100.568;95.889;103.385;
1900-01-01 23:09:55;168.0;1745672995;99.369;100.568;95.847;103.448;
1900-01-01 23:09:56;169.0;1745672996;99.343;100.461;95.727;103.448;
1900-01-01 23:09:57;170.0;1745672997;99.414;100.461;95.727;103.446;
1900-01-01 23:09:58;171.0;1745672998;99.414;100.507;95.72;103.408;
1900-01-01 23:09:59;172.0;1745672999;99.46;100.554;95.72;103.408;
1900-01-01 23:10:00;173.0;1745673000;99.376;100.554;95.75;103.42;
1900-01-01 23:10:01;174.0;1745673001;99.376;100.551;95.773;103.384;
1900-01-01 23:10:02;175.0;1745673002;99.352;100.574;95.738;103.384;
1900-01-01 23:10:03;176.0;1745673003;99.433;100.574;95.738;103.367;
1900-01-01 23:10:04;177.0;1745673004;99.433;100.511;95.754;103.392;
1900-01-01 23:10:05;178.0;1745673005;99.323;100.482;95.734;103.392;
1900-01-01 23:10:07;179.0;1745673007;99.364;100.482;95.734;103.423;
1900-01-01 23:10:07;180.0;1745673007;99.364;100.567;95.661;103.464;
1900-01-01 23:10:08;181.0;1745673008;99.338;100.574;95.661;103.464;
1900-01-01 23:10:10;182.0;1745673010;99.283;100.574;95.762;103.339;
1900-01-01 23:10:10;183.0;1745673010;99.283;100.55;95.768;103.339;
1900-01-01 23:10:11;184.0;1745673011;99.371;100.627;95.768;103.383;
1900-01-01 23:10:13;185.0;1745673013;99.435;100.627;95.798;103.431;
1900-01-01 23:10:13;186.0;1745673013;99.435;100.524;95.818;103.431;
1900-01-01 23:10:14;187.0;1745673014;99.4;100.499;95.818;103.443;
1900-01-01 23:10:16;188.0;1745673016;99.372;100.499;95.848;103.464;
1900-01-01 23:10:16;189.0;1745673016;99.372;100.527;95.669;103.464;
1900-01-01 23:10:17;190.0;1745673017;99.289;100.419;95.669;103.37;
1900-01-01 23:10:18;191.0;1745673018;99.289;100.419;95.643;103.361;
1900-01-01 23:10:19;192.0;1745673019;99.3;100.392;95.621;103.361;
1900-01-01 23:10:20;193.0;1745673020;99.31;100.392;95.621;103.358;
1900-01-01 23:10:21;194.0;1745673021;99.31;100.51;95.587;103.37;
1900-01-01 23:10:22;195.0;1745673022;99.31;100.412;95.665;103.37;
1900-01-01 23:10:23;196.0;1745673023;99.32;100.412;95.665;103.359;
1900-01-01 23:10:24;197.0;1745673024;99.32;100.393;95.666;103.354;
1900-01-01 23:10:25;198.0;1745673025;99.357;100.452;95.733;103.354;
1900-01-01 23:10:26;199.0;1745673026;99.303;100.452;95.733;103.379;
1900-01-01 23:10:27;200.0;1745673027;99.303;100.451;95.761;103.315;
1900-01-01 23:10:28;201.0;1745673028;99.31;100.52;95.823;103.315;
1900-01-01 23:10:29;202.0;1745673029;99.257;100.52;95.823;103.458;
1900-01-01 23:10:30;203.0;1745673030;99.257;100.511;95.778;103.388;
1900-01-01 23:10:31;204.0;1745673031;99.21;100.431;95.778;103.388;
1900-01-01 23:10:32;205.0;1745673032;99.213;100.431;95.873;103.464;
1900-01-01 23:10:33;206.0;1745673033;99.213;100.444;95.88;103.464;
1900-01-01 23:10:34;207.0;1745673034;99.185;100.464;95.88;103.389;
1900-01-01 23:10:35;208.0;1745673035;99.212;100.464;95.893;103.391;
1900-01-01 23:10:36;209.0;1745673036;99.212;100.391;95.865;103.391;
1900-01-01 23:10:37;210.0;1745673037;99.233;100.435;95.865;103.367;
1900-01-01 23:10:38;211.0;1745673038;99.201;100.435;95.81;103.336;
1900-01-01 23:10:39;212.0;1745673039;99.201;100.412;95.838;103.336;
1900-01-01 23:10:40;213.0;1745673040;99.159;100.374;95.838;103.419;
1900-01-01 23:10:41;214.0;1745673041;99.159;100.374;95.921;103.467;
1900-01-01 23:10:42;215.0;1745673042;99.15;100.377;95.846;103.467;
1900-01-01 23:10:43;216.0;1745673043;99.184;100.316;95.846;103.35;
1900-01-01 23:10:44;217.0;1745673044;99.184;100.316;95.808;103.311;
1900-01-01 23:10:45;218.0;1745673045;99.098;100.425;95.681;103.311;
1900-01-01 23:10:46;219.0;1745673046;99.133;100.425;95.681;103.335;
1900-01-01 23:10:47;220.0;1745673047;99.133;100.461;95.544;103.374;
1900-01-01 23:10:48;221.0;1745673048;99.239;100.458;95.544;103.374;
1900-01-01 23:10:49;222.0;1745673049;99.158;100.458;95.602;103.387;
1900-01-01 23:10:51;223.0;1745673051;99.158;100.392;95.436;103.315;
1900-01-01 23:10:51;224.0;1745673051;99.118;100.4;95.436;103.315;
1900-01-01 23:10:52;225.0;1745673052;99.231;100.4;95.342;103.35;
1900-01-01 23:10:53;226.0;1745673053;99.231;100.43;95.268;103.35;
1900-01-01 23:10:54;227.0;1745673054;99.186;100.325;95.268;103.396;
1900-01-01 23:10:55;228.0;1745673055;99.186;100.325;95.321;103.365;
1900-01-01 23:10:56;229.0;1745673056;99.091;100.391;95.338;103.361;
1900-01-01 23:10:57;230.0;1745673057;99.045;100.357;95.338;103.361;
1900-01-01 23:10:58;231.0;1745673058;99.045;100.357;95.451;103.39;
1900-01-01 23:10:59;232.0;1745673059;99.046;100.337;95.552;103.39;
1900-01-01 23:11:00;233.0;1745673060;99.041;100.337;95.552;103.4;
1900-01-01 23:11:01;234.0;1745673061;99.041;100.405;95.662;103.409;
1900-01-01 23:11:02;235.0;1745673062;99.109;100.397;95.662;103.409;
1900-01-01 23:11:03;236.0;1745673063;99.168;100.397;95.662;103.4;
1900-01-01 23:11:04;237.0;1745673064;99.168;100.276;95.683;103.337;
1900-01-01 23:11:05;238.0;1745673065;99.176;100.323;95.713;103.337;
1900-01-01 23:11:06;239.0;1745673066;99.163;100.323;95.713;103.311;
1900-01-01 23:11:07;240.0;1745673067;99.163;100.427;95.676;103.439;
1900-01-01 23:11:08;241.0;1745673068;99.171;100.354;95.665;103.439;
1900-01-01 23:11:09;242.0;1745673069;99.249;100.354;95.665;103.394;
1900-01-01 23:11:10;243.0;1745673070;99.249;100.364;95.597;103.319;
1900-01-01 23:11:11;244.0;1745673071;99.278;100.319;95.597;103.319;
1900-01-01 23:11:12;245.0;1745673072;99.311;100.319;95.526;103.478;
1900-01-01 23:11:13;246.0;1745673073;99.311;100.305;95.576;103.365;
1900-01-01 23:11:14;247.0;1745673074;99.289;100.303;95.576;103.365;
1900-01-01 23:11:16;248.0;1745673076;99.264;100.303;95.484;103.398;
1900-01-01 23:11:16;249.0;1745673076;99.264;100.338;95.535;103.398;
1900-01-01 23:11:17;250.0;1745673077;99.288;100.35;95.535;103.297;
1900-01-01 23:11:18;251.0;1745673078;99.198;100.35;95.507;103.394;
1900-01-01 23:11:19;252.0;1745673079;99.198;100.322;95.505;103.394;
1900-01-01 23:11:20;253.0;1745673080;99.216;100.238;95.505;103.431;
1900-01-01 23:11:21;254.0;1745673081;99.216;100.238;95.467;103.312;
1900-01-01 23:11:22;255.0;1745673082;99.23;100.282;95.467;103.312;
1900-01-01 23:11:23;256.0;1745673083;99.258;100.282;95.467;103.439;
1900-01-01 23:11:24;257.0;1745673084;99.258;100.277;95.369;103.353;
1900-01-01 23:11:25;258.0;1745673085;99.22;100.225;95.366;103.353;
1900-01-01 23:11:26;259.0;1745673086;99.113;100.225;95.366;103.464;
1900-01-01 23:11:27;260.0;1745673087;99.113;100.265;95.315;103.348;
1900-01-01 23:11:28;261.0;1745673088;99.172;100.233;95.315;103.348;
1900-01-01 23:11:29;262.0;1745673089;99.158;100.233;95.262;103.317;
1900-01-01 23:11:30;263.0;1745673090;99.158;100.323;95.338;103.36;
1900-01-01 23:11:31;264.0;1745673091;99.098;100.214;95.338;103.36;
1900-01-01 23:11:32;265.0;1745673092;99.084;100.214;95.397;103.351;
1900-01-01 23:11:33;266.0;1745673093;99.084;100.24;95.367;103.435;
1900-01-01 23:11:34;267.0;1745673094;99.03;100.308;95.367;103.435;
1900-01-01 23:11:35;268.0;1745673095;99.03;100.308;95.45;103.359;
1900-01-01 23:11:36;269.0;1745673096;99.028;100.28;95.468;103.359;
1900-01-01 23:11:37;270.0;1745673097;98.903;100.215;95.468;103.354;
1900-01-01 23:11:38;271.0;1745673098;99.082;100.215;95.44;103.409;
1900-01-01 23:11:39;272.0;1745673099;99.082;100.286;95.452;103.409;
1900-01-01 23:11:40;273.0;1745673100;99.017;100.229;95.452;103.341;
1900-01-01 23:11:41;274.0;1745673101;99.017;100.229;95.486;103.383;
1900-01-01 23:11:42;275.0;1745673102;98.928;100.211;95.398;103.408;
1900-01-01 23:11:43;276.0;1745673103;98.992;100.211;95.398;103.408;
1900-01-01 23:11:44;277.0;1745673104;98.992;100.246;95.335;103.367;
1900-01-01 23:11:45;278.0;1745673105;98.944;100.312;95.266;103.367;
1900-01-01 23:11:47;279.0;1745673107;98.939;100.268;95.266;103.397;
1900-01-01 23:11:47;280.0;1745673107;98.939;100.268;95.209;103.318;
1900-01-01 23:11:48;281.0;1745673108;98.949;100.253;95.183;103.318;
1900-01-01 23:11:49;282.0;1745673109;98.989;100.253;95.183;103.335;
1900-01-01 23:11:50;283.0;1745673110;98.989;100.226;95.175;103.312;
1900-01-01 23:11:51;284.0;1745673111;98.932;100.262;95.189;103.312;
1900-01-01 23:11:53;285.0;1745673113;98.988;100.262;95.189;103.303;
1900-01-01 23:11:53;286.0;1745673113;98.988;100.312;95.322;103.29;
1900-01-01 23:11:54;287.0;1745673114;98.878;100.237;95.322;103.29;
1900-01-01 23:11:55;288.0;1745673115;98.878;100.237;95.355;103.369;
1900-01-01 23:11:56;289.0;1745673116;98.922;100.276;95.39;103.345;
1900-01-01 23:11:57;290.0;1745673117;98.948;100.248;95.39;103.345;
1900-01-01 23:11:58;291.0;1745673118;98.948;100.248;95.342;103.373;
1900-01-01 23:11:59;292.0;1745673119;98.958;100.239;95.287;103.373;
1900-01-01 23:12:00;293.0;1745673120;98.889;100.195;95.287;103.267;
1900-01-01 23:12:01;294.0;1745673121;98.889;100.195;95.304;103.397;
1900-01-01 23:12:02;295.0;1745673122;98.91;100.222;95.287;103.397;
1900-01-01 23:12:03;296.0;1745673123;98.954;100.172;95.287;103.313;
1900-01-01 23:12:04;297.0;1745673124;98.954;100.172;95.39;103.356;
1900-01-01 23:12:05;298.0;1745673125;98.831;100.283;95.341;103.356;
1900-01-01 23:12:06;299.0;1745673126;98.89;100.283;95.341;103.43;
1900-01-01 23:12:07;300.0;1745673127;98.89;100.25;95.345;103.356;
1900-01-01 23:12:08;301.0;1745673128;98.889;100.159;95.331;103.356;
1900-01-01 23:12:09;302.0;1745673129;98.894;100.159;95.331;103.293;
1900-01-01 23:12:10;303.0;1745673130;98.894;100.161;95.229;103.399;
1900-01-01 23:12:11;304.0;1745673131;98.946;100.18;95.229;103.399;
1900-01-01 23:12:12;305.0;1745673132;98.896;100.18;95.217;103.344;
1900-01-01 23:12:13;306.0;1745673133;98.896;100.105;95.28;103.344;
1900-01-01 23:12:14;307.0;1745673134;98.907;100.132;95.28;103.306;
1900-01-01 23:12:15;308.0;1745673135;98.896;100.132;95.196;103.361;
1900-01-01 23:12:17;309.0;1745673137;98.896;100.157;95.304;103.39;
1900-01-01 23:12:17;310.0;1745673137;98.852;100.182;95.304;103.39;
1900-01-01 23:12:18;311.0;1745673138;98.954;100.182;95.269;103.31;
1900-01-01 23:12:19;312.0;1745673139;98.954;100.191;95.203;103.311;
1900-01-01 23:12:20;313.0;1745673140;98.888;100.183;95.203;103.311;
1900-01-01 23:12:21;314.0;1745673141;98.89;100.183;95.214;103.404;
1900-01-01 23:12:22;315.0;1745673142;98.89;100.13;95.292;103.404;
1900-01-01 23:12:23;316.0;1745673143;98.891;100.195;95.292;103.374;
1900-01-01 23:12:24;317.0;1745673144;98.891;100.195;95.408;103.358;
1900-01-01 23:12:25;318.0;1745673145;98.814;100.179;95.292;103.358;
1900-01-01 23:12:26;319.0;1745673146;98.847;100.172;95.292;103.385;
1900-01-01 23:12:27;320.0;1745673147;98.847;100.172;95.295;103.255;
1900-01-01 23:12:28;321.0;1745673148;98.864;100.156;95.297;103.255;
1900-01-01 23:12:29;322.0;1745673149;98.855;100.156;95.297;103.321;
1900-01-01 23:12:30;323.0;1745673150;98.855;100.068;95.347;103.28;
1900-01-01 23:12:31;324.0;1745673151;98.842;100.177;95.269;103.28;
1900-01-01 23:12:32;325.0;1745673152;98.945;100.177;95.269;103.306;
1900-01-01 23:12:33;326.0;1745673153;98.945;100.162;95.227;103.341;
1900-01-01 23:12:34;327.0;1745673154;98.852;100.171;95.167;103.341;
1900-01-01 23:12:35;328.0;1745673155;98.921;100.171;95.167;103.318;
1900-01-01 23:12:36;329.0;1745673156;98.921;100.118;95.126;103.318;
1900-01-01 23:12:37;330.0;1745673157;98.844;100.113;95.138;103.318;
1900-01-01 23:12:38;331.0;1745673158;98.838;100.113;95.138;103.354;
1900-01-01 23:12:39;332.0;1745673159;98.838;100.067;95.182;103.262;
1900-01-01 23:12:40;333.0;1745673160;98.827;100.039;95.182;103.262;
1900-01-01 23:12:41;334.0;1745673161;98.831;100.039;95.308;103.293;
1900-01-01 23:12:42;335.0;1745673162;98.831;100.111;95.185;103.293;
1900-01-01 23:12:43;336.0;1745673163;98.837;100.035;95.185;103.304;
1900-01-01 23:12:44;337.0;1745673164;98.771;100.035;95.135;103.341;
1900-01-01 23:12:45;338.0;1745673165;98.771;100.069;95.129;103.341;
1900-01-01 23:12:46;339.0;1745673166;98.81;99.988;95.129;103.375;
1900-01-01 23:12:48;340.0;1745673168;98.787;99.988;95.171;103.297;
1900-01-01 23:12:48;341.0;1745673168;98.787;100.02;95.163;103.297;
1900-01-01 23:12:49;342.0;1745673169;98.873;100.078;95.163;103.332;
1900-01-01 23:12:50;343.0;1745673170;98.873;100.078;95.151;103.277;
1900-01-01 23:12:51;344.0;1745673171;98.918;99.955;95.124;103.277;
1900-01-01 23:12:52;345.0;1745673172;98.819;100.014;95.124;103.341;
1900-01-01 23:12:53;346.0;1745673173;98.819;100.014;95.284;103.328;
1900-01-01 23:12:54;347.0;1745673174;98.842;99.993;95.261;103.328;
1900-01-01 23:12:55;348.0;1745673175;98.86;99.993;95.261;103.327;
1900-01-01 23:12:56;349.0;1745673176;98.86;99.96;95.237;103.411;
1900-01-01 23:12:57;350.0;1745673177;98.796;99.949;95.237;103.411;
1900-01-01 23:12:58;351.0;1745673178;98.84;99.949;95.256;103.294;
1900-01-01 23:12:59;352.0;1745673179;98.84;99.931;95.213;103.412;
1900-01-01 23:13:00;353.0;1745673180;98.866;100.035;95.213;103.412;
1900-01-01 23:13:01;354.0;1745673181;98.827;100.035;95.158;103.353;
1900-01-01 23:13:02;355.0;1745673182;98.827;99.93;95.154;103.324;
1900-01-01 23:13:03;356.0;1745673183;98.739;99.941;95.154;103.324;
1900-01-01 23:13:04;357.0;1745673184;98.706;99.941;95.024;103.366;
1900-01-01 23:13:05;358.0;1745673185;98.706;99.892;95.08;103.436;
1900-01-01 23:13:06;359.0;1745673186;98.747;99.879;95.08;103.436;
1900-01-01 23:13:07;360.0;1745673187;98.747;99.879;95.097;103.254;
1900-01-01 23:13:08;361.0;1745673188;98.719;99.866;95.022;103.254;
1900-01-01 23:13:09;362.0;1745673189;98.675;99.866;95.022;103.293;
1900-01-01 23:13:10;363.0;1745673190;98.675;99.949;95.002;103.267;
1900-01-01 23:13:11;364.0;1745673191;98.735;99.914;94.991;103.267;
1900-01-01 23:13:12;365.0;1745673192;98.749;99.914;94.991;103.385;
1900-01-01 23:13:13;366.0;1745673193;98.749;99.884;94.951;103.346;
1900-01-01 23:13:15;367.0;1745673195;98.78;99.86;95.028;103.346;
1900-01-01 23:13:15;368.0;1745673195;98.824;99.86;95.028;103.335;
1900-01-01 23:13:16;369.0;1745673196;98.824;99.987;95.063;103.267;
1900-01-01 23:13:17;370.0;1745673197;98.804;99.958;95.063;103.267;
1900-01-01 23:13:18;371.0;1745673198;98.812;99.958;95.144;103.355;
1900-01-01 23:13:19;372.0;1745673199;98.812;99.823;95.125;103.355;
1900-01-01 23:13:20;373.0;1745673200;98.799;99.832;95.125;103.399;
1900-01-01 23:13:21;374.0;1745673201;98.822;99.832;95.111;103.386;
1900-01-01 23:13:22;375.0;1745673202;98.822;99.911;95.096;103.364;
1900-01-01 23:13:23;376.0;1745673203;98.743;99.814;95.096;103.364;
1900-01-01 23:13:24;377.0;1745673204;98.743;99.814;95.107;103.299;
1900-01-01 23:13:25;378.0;1745673205;98.756;99.793;95.056;103.299;
1900-01-01 23:13:27;379.0;1745673207;98.737;99.886;95.056;103.268;
1900-01-01 23:13:27;380.0;1745673207;98.737;99.886;95.044;103.286;
1900-01-01 23:13:28;381.0;1745673208;98.778;99.852;95.031;103.286;
1900-01-01 23:13:29;382.0;1745673209;98.78;99.863;95.031;103.383;
1900-01-01 23:13:30;383.0;1745673210;98.78;99.863;95.112;103.314;
1900-01-01 23:13:31;384.0;1745673211;98.789;99.89;95.106;103.314;
1900-01-01 23:13:32;385.0;1745673212;98.767;99.918;95.106;103.298;
1900-01-01 23:13:33;386.0;1745673213;98.767;99.918;95.037;103.352;
1900-01-01 23:13:34;387.0;1745673214;98.796;99.818;95.1;103.352;
1900-01-01 23:13:35;388.0;1745673215;98.713;99.891;95.1;103.401;
1900-01-01 23:13:37;389.0;1745673217;98.713;99.891;95.073;103.407;
1900-01-01 23:13:37;390.0;1745673217;98.757;99.86;95.041;103.407;
1900-01-01 23:13:38;391.0;1745673218;98.764;99.83;95.041;103.286;
1900-01-01 23:13:39;392.0;1745673219;98.764;99.83;94.978;103.345;
1900-01-01 23:13:40;393.0;1745673220;98.759;99.854;94.983;103.345;
1900-01-01 23:13:42;394.0;1745673222;98.757;99.854;94.983;103.327;
1900-01-01 23:13:42;395.0;1745673222;98.757;99.808;95.11;103.326;
1900-01-01 23:13:43;396.0;1745673223;98.74;99.869;94.968;103.326;
1900-01-01 23:13:44;397.0;1745673224;98.661;99.869;94.968;103.238;
1900-01-01 23:13:45;398.0;1745673225;98.661;99.916;94.919;103.29;
1900-01-01 23:13:46;399.0;1745673226;98.608;99.859;94.919;103.29;
1900-01-01 23:13:47;400.0;1745673227;98.597;99.859;95.027;103.316;
1900-01-01 23:13:48;401.0;1745673228;98.597;99.897;95.073;103.374;
1900-01-01 23:13:49;402.0;1745673229;98.713;99.929;95.073;103.374;
1900-01-01 23:13:50;403.0;1745673230;98.713;99.929;95.011;103.447;
1900-01-01 23:13:51;404.0;1745673231;98.557;99.898;95.006;103.447;
1900-01-01 23:13:52;405.0;1745673232;98.632;99.891;95.006;103.335;
1900-01-01 23:13:53;406.0;1745673233;98.632;99.891;94.949;103.328;
1900-01-01 23:13:54;407.0;1745673234;98.577;99.938;94.931;103.328;
1900-01-01 23:13:55;408.0;1745673235;98.571;99.938;94.931;103.371;
1900-01-01 23:13:56;409.0;1745673236;98.571;99.772;94.96;103.34;
1900-01-01 23:13:57;410.0;1745673237;98.563;99.858;94.96;103.34;
1900-01-01 23:13:58;411.0;1745673238;98.523;99.858;94.92;103.243;
1900-01-01 23:13:59;412.0;1745673239;98.523;99.784;94.888;103.279;
1900-01-01 23:14:01;413.0;1745673241;98.555;99.79;94.962;103.279;
1900-01-01 23:14:01;414.0;1745673241;98.52;99.79;94.962;103.365;
1900-01-01 23:14:02;415.0;1745673242;98.52;99.793;94.938;103.45;
1900-01-01 23:14:03;416.0;1745673243;98.487;99.728;94.938;103.45;
1900-01-01 23:14:04;417.0;1745673244;98.459;99.728;94.943;103.282;
1900-01-01 23:14:05;418.0;1745673245;98.459;99.745;94.915;103.318;
1900-01-01 23:14:06;419.0;1745673246;98.462;99.748;94.944;103.318;
1900-01-01 23:14:07;420.0;1745673247;98.479;99.748;94.944;103.359;
1900-01-01 23:14:08;421.0;1745673248;98.479;99.842;95.006;103.364;
1900-01-01 23:14:09;422.0;1745673249;98.557;99.779;95.006;103.364;
1900-01-01 23:14:10;423.0;1745673250;98.442;99.779;95.007;103.379;
1900-01-01 23:14:11;424.0;1745673251;98.442;99.779;94.968;103.365;
1900-01-01 23:14:12;425.0;1745673252;98.415;99.803;94.889;103.365;
1900-01-01 23:14:13;426.0;1745673253;98.419;99.803;94.889;103.382;
1900-01-01 23:14:14;427.0;1745673254;98.419;99.769;94.947;103.251;
1900-01-01 23:14:15;428.0;1745673255;98.533;99.662;94.947;103.251;
1900-01-01 23:14:16;429.0;1745673256;98.563;99.662;94.89;103.397;
1900-01-01 23:14:17;430.0;1745673257;98.563;99.696;94.733;103.351;
1900-01-01 23:14:18;431.0;1745673258;98.471;99.784;94.733;103.351;
1900-01-01 23:14:19;432.0;1745673259;98.549;99.784;94.742;103.241;
1900-01-01 23:14:20;433.0;1745673260;98.549;99.739;94.712;103.34;
1900-01-01 23:14:21;434.0;1745673261;98.583;99.759;94.757;103.34;
1900-01-01 23:14:22;435.0;1745673262;98.648;99.759;94.757;103.289;
1900-01-01 23:14:23;436.0;1745673263;98.648;99.695;94.802;103.344;
1900-01-01 23:14:24;437.0;1745673264;98.546;99.704;94.783;103.344;
1900-01-01 23:14:25;438.0;1745673265;98.62;99.704;94.783;103.269;
1900-01-01 23:14:26;439.0;1745673266;98.62;99.681;94.842;103.275;
1900-01-01 23:14:27;440.0;1745673267;98.56;99.647;94.842;103.275;
1900-01-01 23:14:28;441.0;1745673268;98.56;99.647;94.857;103.383;
1900-01-01 23:14:29;442.0;1745673269;98.579;99.764;94.891;103.345;
1900-01-01 23:14:30;443.0;1745673270;98.518;99.595;94.891;103.345;
1900-01-01 23:14:31;444.0;1745673271;98.518;99.595;94.819;103.289;
1900-01-01 23:14:32;445.0;1745673272;98.439;99.681;94.773;103.289;
1900-01-01 23:14:33;446.0;1745673273;98.602;99.692;94.773;103.345;
1900-01-01 23:14:34;447.0;1745673274;98.548;99.692;94.72;103.398;
1900-01-01 23:14:35;448.0;1745673275;98.548;99.62;94.739;103.344;
1900-01-01 23:14:36;449.0;1745673276;98.497;99.71;94.739;103.344;
1900-01-01 23:14:37;450.0;1745673277;98.497;99.71;94.666;103.348;
1900-01-01 23:14:38;451.0;1745673278;98.719;99.625;94.742;103.348;
1900-01-01 23:14:40;452.0;1745673280;98.625;99.684;94.742;103.341;
1900-01-01 23:14:40;453.0;1745673280;98.625;99.684;94.699;103.295;
1900-01-01 23:14:41;454.0;1745673281;98.569;99.687;94.781;103.295;
1900-01-01 23:14:42;455.0;1745673282;98.609;99.651;94.781;103.316;
1900-01-01 23:14:43;456.0;1745673283;98.609;99.651;94.85;103.318;
1900-01-01 23:14:44;457.0;1745673284;98.611;99.681;94.81;103.318;
1900-01-01 23:14:45;458.0;1745673285;98.448;99.666;94.81;103.288;
1900-01-01 23:14:46;459.0;1745673286;98.448;99.666;94.696;103.391;
1900-01-01 23:14:47;460.0;1745673287;98.504;99.714;94.79;103.391;
1900-01-01 23:14:48;461.0;1745673288;98.517;99.717;94.79;103.323;
1900-01-01 23:14:49;462.0;1745673289;98.517;99.717;94.75;103.388;
1900-01-01 23:14:50;463.0;1745673290;98.592;99.654;94.687;103.388;
1900-01-01 23:14:51;464.0;1745673291;98.525;99.654;94.687;103.352;
1900-01-01 23:14:52;465.0;1745673292;98.525;99.681;94.802;103.382;
1900-01-01 23:14:53;466.0;1745673293;98.483;99.573;94.802;103.382;
1900-01-01 23:14:54;467.0;1745673294;98.508;99.573;94.783;103.362;
1900-01-01 23:14:55;468.0;1745673295;98.508;99.697;94.728;103.41;
1900-01-01 23:14:56;469.0;1745673296;98.394;99.612;94.728;103.41;
1900-01-01 23:14:57;470.0;1745673297;98.394;99.612;94.825;103.398;
1900-01-01 23:14:58;471.0;1745673298;98.389;99.613;94.795;103.398;
1900-01-01 23:14:59;472.0;1745673299;98.209;99.672;94.795;103.466;
1900-01-01 23:15:00;473.0;1745673300;98.209;99.672;94.707;103.302;
1900-01-01 23:15:01;474.0;1745673301;98.292;99.591;94.669;103.302;
1900-01-01 23:15:02;475.0;1745673302;98.194;99.593;94.669;103.405;
1900-01-01 23:15:03;476.0;1745673303;98.194;99.593;94.608;103.293;
1900-01-01 23:15:04;477.0;1745673304;98.2;99.604;94.565;103.293;
1900-01-01 23:15:05;478.0;1745673305;98.256;99.54;94.565;103.288;
1900-01-01 23:15:06;479.0;1745673306;98.262;99.54;94.58;103.373;
1900-01-01 23:15:07;480.0;1745673307;98.262;99.589;94.751;103.394;
1900-01-01 23:15:08;481.0;1745673308;98.379;99.558;94.751;103.394;
1900-01-01 23:15:09;482.0;1745673309;98.379;99.558;94.792;103.306;
1900-01-01 23:15:10;483.0;1745673310;98.277;99.623;94.794;103.306;
1900-01-01 23:15:11;484.0;1745673311;98.289;99.623;94.794;103.354;
1900-01-01 23:15:12;485.0;1745673312;98.289;99.518;94.791;103.305;
1900-01-01 23:15:13;486.0;1745673313;98.335;99.58;94.636;103.305;
1900-01-01 23:15:14;487.0;1745673314;98.324;99.58;94.636;103.31;
1900-01-01 23:15:15;488.0;1745673315;98.324;99.549;94.505;103.331;
1900-01-01 23:15:16;489.0;1745673316;98.348;99.494;94.437;103.331;
1900-01-01 23:15:17;490.0;1745673317;98.239;99.494;94.437;103.356;
1900-01-01 23:15:18;491.0;1745673318;98.239;99.462;94.455;103.293;
1900-01-01 23:15:19;492.0;1745673319;98.333;99.49;94.455;103.293;
1900-01-01 23:15:20;493.0;1745673320;98.26;99.49;94.444;103.25;
1900-01-01 23:15:21;494.0;1745673321;98.26;99.447;94.492;103.25;
1900-01-01 23:15:22;495.0;1745673322;98.206;99.436;94.492;103.362;
1900-01-01 23:15:24;496.0;1745673324;98.258;99.436;94.439;103.285;
1900-01-01 23:15:24;497.0;1745673324;98.258;99.399;94.502;103.285;
1900-01-01 23:15:25;498.0;1745673325;98.34;99.467;94.502;103.237;
1900-01-01 23:15:27;499.0;1745673327;98.266;99.467;94.466;103.261;
1900-01-01 23:15:27;500.0;1745673327;98.266;99.554;94.465;103.261;
1900-01-01 23:15:28;501.0;1745673328;98.326;99.396;94.465;103.348;
1900-01-01 23:15:29;502.0;1745673329;98.326;99.396;94.483;103.294;
1900-01-01 23:15:30;503.0;1745673330;98.327;99.421;94.504;103.294;
1900-01-01 23:15:32;504.0;1745673332;98.338;99.414;94.504;103.232;
1900-01-01 23:15:32;505.0;1745673332;98.338;99.414;94.581;103.321;
1900-01-01 23:15:33;506.0;1745673333;98.371;99.495;94.552;103.321;
1900-01-01 23:15:34;507.0;1745673334;98.357;99.473;94.552;103.283;
1900-01-01 23:15:35;508.0;1745673335;98.357;99.473;94.616;103.334;
1900-01-01 23:15:36;509.0;1745673336;98.351;99.394;94.609;103.334;
1900-01-01 23:15:37;510.0;1745673337;98.209;99.394;94.609;103.347;
1900-01-01 23:15:38;511.0;1745673338;98.209;99.345;94.626;103.366;
1900-01-01 23:15:40;512.0;1745673340;98.251;99.423;94.688;103.366;
1900-01-01 23:15:40;513.0;1745673340;98.26;99.423;94.688;103.27;
1900-01-01 23:15:41;514.0;1745673341;98.26;99.387;94.601;103.369;
1900-01-01 23:15:42;515.0;1745673342;98.321;99.345;94.627;103.369;
1900-01-01 23:15:43;516.0;1745673343;98.254;99.345;94.627;103.379;
1900-01-01 23:15:44;517.0;1745673344;98.254;99.357;94.557;103.345;
1900-01-01 23:15:45;518.0;1745673345;98.272;99.277;94.58;103.345;
1900-01-01 23:15:46;519.0;1745673346;98.182;99.277;94.58;103.285;
1900-01-01 23:15:47;520.0;1745673347;98.182;99.258;94.469;103.388;
1900-01-01 23:15:48;521.0;1745673348;98.324;99.231;94.469;103.388;
1900-01-01 23:15:49;522.0;1745673349;98.283;99.231;94.44;103.366;
1900-01-01 23:15:50;523.0;1745673350;98.283;99.281;94.438;103.391;
1900-01-01 23:15:51;524.0;1745673351;98.293;99.391;94.438;103.391;
1900-01-01 23:15:52;525.0;1745673352;98.2;99.391;94.439;103.44;
1900-01-01 23:15:53;526.0;1745673353;98.2;99.335;94.445;103.44;
1900-01-01 23:15:54;527.0;1745673354;98.109;99.229;94.445;103.417;
1900-01-01 23:15:55;528.0;1745673355;98.296;99.229;94.326;103.351;
1900-01-01 23:15:56;529.0;1745673356;98.296;99.346;94.347;103.351;
1900-01-01 23:15:57;530.0;1745673357;98.194;99.391;94.347;103.339;
1900-01-01 23:15:58;531.0;1745673358;98.194;99.391;94.428;103.295;
1900-01-01 23:15:59;532.0;1745673359;98.271;99.245;94.428;103.295;
1900-01-01 23:16:00;533.0;1745673360;98.356;99.245;94.428;103.352;
1900-01-01 23:16:01;534.0;1745673361;98.356;99.33;94.407;103.293;
1900-01-01 23:16:02;535.0;1745673362;98.299;99.373;94.486;103.293;
1900-01-01 23:16:04;536.0;1745673364;98.358;99.301;94.486;103.316;
1900-01-01 23:16:04;537.0;1745673364;98.358;99.301;94.489;103.354;
1900-01-01 23:16:05;538.0;1745673365;98.267;99.393;94.413;103.354;
1900-01-01 23:16:06;539.0;1745673366;98.263;99.393;94.413;103.304;
1900-01-01 23:16:07;540.0;1745673367;98.263;99.363;94.487;103.454;
1900-01-01 23:16:08;541.0;1745673368;98.231;99.377;94.277;103.454;
1900-01-01 23:16:09;542.0;1745673369;98.239;99.377;94.277;103.343;
1900-01-01 23:16:10;543.0;1745673370;98.239;99.342;94.274;103.309;
1900-01-01 23:16:11;544.0;1745673371;98.228;99.322;94.274;103.309;
1900-01-01 23:16:12;545.0;1745673372;98.25;99.322;94.259;103.357;
1900-01-01 23:16:13;546.0;1745673373;98.25;99.23;94.19;103.357;
1900-01-01 23:16:14;547.0;1745673374;98.087;99.273;94.19;103.339;
1900-01-01 23:16:15;548.0;1745673375;98.274;99.273;94.219;103.339;
1900-01-01 23:16:16;549.0;1745673376;98.274;99.291;94.252;103.288;
1900-01-01 23:16:17;550.0;1745673377;98.268;99.343;94.252;103.288;
1900-01-01 23:16:18;551.0;1745673378;98.268;99.343;94.226;103.34;
1900-01-01 23:16:19;552.0;1745673379;98.306;99.314;94.23;103.347;
1900-01-01 23:16:21;553.0;1745673381;98.239;99.256;94.23;103.347;
1900-01-01 23:16:21;554.0;1745673381;98.239;99.256;94.138;103.294;
1900-01-01 23:16:22;555.0;1745673382;98.317;99.254;94.175;103.294;
1900-01-01 23:16:23;556.0;1745673383;98.359;99.254;94.175;103.296;
1900-01-01 23:16:24;557.0;1745673384;98.359;99.27;94.171;103.392;
1900-01-01 23:16:25;558.0;1745673385;98.181;99.195;94.238;103.392;
1900-01-01 23:16:26;559.0;1745673386;98.194;99.195;94.238;103.274;
1900-01-01 23:16:27;560.0;1745673387;98.194;99.315;94.215;103.411;
1900-01-01 23:16:28;561.0;1745673388;98.071;99.322;94.255;103.411;
1900-01-01 23:16:29;562.0;1745673389;98.049;99.322;94.255;103.35;
1900-01-01 23:16:30;563.0;1745673390;98.049;99.24;94.197;103.365;
1900-01-01 23:16:31;564.0;1745673391;98.089;99.145;94.197;103.365;
1900-01-01 23:16:32;565.0;1745673392;98.037;99.145;94.252;103.351;
1900-01-01 23:16:33;566.0;1745673393;98.037;99.241;94.209;103.351;
1900-01-01 23:16:34;567.0;1745673394;97.999;99.19;94.209;103.297;
1900-01-01 23:16:35;568.0;1745673395;97.999;99.19;94.092;103.229;
1900-01-01 23:16:36;569.0;1745673396;97.972;99.211;94.059;103.229;
1900-01-01 23:16:37;570.0;1745673397;97.941;99.231;94.059;103.353;
1900-01-01 23:16:39;571.0;1745673399;97.905;99.231;94.051;103.331;
1900-01-01 23:16:39;572.0;1745673399;97.905;99.283;94.118;103.331;
1900-01-01 23:16:40;573.0;1745673400;97.994;99.235;94.118;103.288;
1900-01-01 23:16:41;574.0;1745673401;97.994;99.235;94.104;103.237;
1900-01-01 23:16:42;575.0;1745673402;97.994;99.271;94.116;103.237;
1900-01-01 23:16:43;576.0;1745673403;98.053;99.271;94.116;103.383;
1900-01-01 23:16:44;577.0;1745673404;98.053;99.181;94.033;103.362;
1900-01-01 23:16:45;578.0;1745673405;98.096;99.203;94.085;103.362;
1900-01-01 23:16:46;579.0;1745673406;98.165;99.203;94.085;103.344;
1900-01-01 23:16:47;580.0;1745673407;98.165;99.292;93.929;103.341;
1900-01-01 23:16:48;581.0;1745673408;98.054;99.203;93.929;103.341;
1900-01-01 23:16:49;582.0;1745673409;98.123;99.203;93.988;103.265;
1900-01-01 23:16:50;583.0;1745673410;98.123;99.092;93.986;103.213;
1900-01-01 23:16:51;584.0;1745673411;98.026;99.154;93.977;103.213;
1900-01-01 23:16:52;585.0;1745673412;97.917;99.154;93.977;103.411;
1900-01-01 23:16:53;586.0;1745673413;97.917;99.107;93.942;103.348;
1900-01-01 23:16:54;587.0;1745673414;98.071;99.185;93.961;103.348;
1900-01-01 23:16:55;588.0;1745673415;97.949;99.185;93.961;103.246;
1900-01-01 23:16:56;589.0;1745673416;97.949;99.2;93.929;103.28;
1900-01-01 23:16:57;590.0;1745673417;97.884;99.187;93.929;103.28;
1900-01-01 23:16:58;591.0;1745673418;97.884;99.187;93.956;103.265;
1900-01-01 23:16:59;592.0;1745673419;97.935;99.044;93.942;103.226;
1900-01-01 23:17:00;593.0;1745673420;97.939;99.11;93.942;103.226;
1900-01-01 23:17:01;594.0;1745673421;97.939;99.11;93.97;103.266;
1900-01-01 23:17:02;595.0;1745673422;97.982;99.15;93.892;103.266;
1900-01-01 23:17:03;596.0;1745673423;97.957;99.101;93.892;103.336;
1900-01-01 23:17:04;597.0;1745673424;97.957;99.101;93.923;103.348;
1900-01-01 23:17:06;598.0;1745673426;97.886;99.025;93.913;103.348;
1900-01-01 23:17:06;599.0;1745673426;97.987;99.025;93.913;103.313;
1900-01-01 23:17:07;600.0;1745673427;97.987;98.976;93.869;103.271;
1900-01-01 23:17:08;601.0;1745673428;98.015;99.057;93.877;103.271;
1900-01-01 23:17:09;602.0;1745673429;98.078;99.057;93.877;103.321;
1900-01-01 23:17:10;603.0;1745673430;98.078;99.048;93.875;103.293;
1900-01-01 23:17:11;604.0;1745673431;98.035;99.106;93.875;103.293;
1900-01-01 23:17:12;605.0;1745673432;98.052;99.106;93.888;103.279;
1900-01-01 23:17:13;606.0;1745673433;98.052;99.0;93.79;103.423;
1900-01-01 23:17:14;607.0;1745673434;98.078;98.983;93.79;103.423;
1900-01-01 23:17:15;608.0;1745673435;98.078;98.983;93.799;103.338;
1900-01-01 23:17:16;609.0;1745673436;98.107;99.03;93.985;103.338;
1900-01-01 23:17:17;610.0;1745673437;98.092;99.064;93.985;103.309;
1900-01-01 23:17:18;611.0;1745673438;98.092;99.064;93.958;103.309;
1900-01-01 23:17:19;612.0;1745673439;97.996;99.087;94.1;103.309;
1900-01-01 23:17:20;613.0;1745673440;98.02;98.993;94.1;103.305;
1900-01-01 23:17:21;614.0;1745673441;98.02;98.993;94.145;103.306;
1900-01-01 23:17:22;615.0;1745673442;97.961;99.026;94.033;103.306;
1900-01-01 23:17:23;616.0;1745673443;97.912;98.998;94.033;103.366;
1900-01-01 23:17:24;617.0;1745673444;97.912;98.998;94.06;103.409;
1900-01-01 23:17:25;618.0;1745673445;97.973;99.011;94.047;103.409;
1900-01-01 23:17:26;619.0;1745673446;98.007;99.011;94.047;103.406;
1900-01-01 23:17:27;620.0;1745673447;98.007;98.911;93.985;103.268;
1900-01-01 23:17:28;621.0;1745673448;97.967;99.004;93.974;103.268;
1900-01-01 23:17:29;622.0;1745673449;97.877;99.004;93.974;103.281;
1900-01-01 23:17:30;623.0;1745673450;97.877;98.977;94.004;103.331;
1900-01-01 23:17:31;624.0;1745673451;97.872;99.064;93.975;103.331;
1900-01-01 23:17:33;625.0;1745673453;97.868;99.059;93.975;103.306;
1900-01-01 23:17:33;626.0;1745673453;97.868;99.059;93.915;103.286;
1900-01-01 23:17:34;627.0;1745673454;97.858;98.874;93.886;103.286;
1900-01-01 23:17:35;628.0;1745673455;97.855;98.874;93.886;103.362;
1900-01-01 23:17:36;629.0;1745673456;97.855;98.941;93.988;103.39;
1900-01-01 23:17:38;630.0;1745673458;97.89;98.922;93.974;103.39;
1900-01-01 23:17:38;631.0;1745673458;97.958;98.922;93.974;103.357;
1900-01-01 23:17:39;632.0;1745673459;97.958;98.9;93.94;103.286;
1900-01-01 23:17:40;633.0;1745673460;97.873;98.883;93.94;103.286;
1900-01-01 23:17:41;634.0;1745673461;97.873;98.883;93.946;103.334;
1900-01-01 23:17:42;635.0;1745673462;97.908;98.922;93.83;103.334;
1900-01-01 23:17:43;636.0;1745673463;97.895;98.988;93.83;103.338;
1900-01-01 23:17:44;637.0;1745673464;97.895;98.988;93.884;103.398;
1900-01-01 23:17:45;638.0;1745673465;97.855;98.855;93.841;103.398;
1900-01-01 23:17:46;639.0;1745673466;97.815;98.975;93.841;103.331;
1900-01-01 23:17:47;640.0;1745673467;97.815;98.975;93.812;103.307;
1900-01-01 23:17:48;641.0;1745673468;97.826;98.962;93.802;103.307;
1900-01-01 23:17:49;642.0;1745673469;97.84;98.962;93.802;103.4;
1900-01-01 23:17:50;643.0;1745673470;97.84;98.893;93.838;103.334;
1900-01-01 23:17:51;644.0;1745673471;97.726;98.931;93.838;103.334;
1900-01-01 23:17:52;645.0;1745673472;97.813;98.931;93.805;103.295;
1900-01-01 23:17:53;646.0;1745673473;97.813;98.913;93.917;103.36;
1900-01-01 23:17:54;647.0;1745673474;97.875;98.936;93.917;103.36;
1900-01-01 23:17:55;648.0;1745673475;97.844;98.936;93.879;103.262;
1900-01-01 23:17:56;649.0;1745673476;97.844;98.941;93.827;103.262;
1900-01-01 23:17:57;650.0;1745673477;97.865;98.904;93.827;103.256;
1900-01-01 23:17:58;651.0;1745673478;97.897;98.904;93.85;103.301;
1900-01-01 23:17:59;652.0;1745673479;97.897;98.954;93.825;103.302;
1900-01-01 23:18:00;653.0;1745673480;97.807;98.942;93.825;103.302;
1900-01-01 23:18:01;654.0;1745673481;97.807;98.942;93.768;103.297;
1900-01-01 23:18:02;655.0;1745673482;97.806;98.852;93.756;103.317;
1900-01-01 23:18:03;656.0;1745673483;97.785;98.9;93.756;103.317;
1900-01-01 23:18:04;657.0;1745673484;97.785;98.9;93.794;103.311;
1900-01-01 23:18:05;658.0;1745673485;97.774;98.866;93.795;103.311;
1900-01-01 23:18:06;659.0;1745673486;97.796;98.959;93.795;103.209;
1900-01-01 23:18:07;660.0;1745673487;97.796;98.959;93.676;103.284;
1900-01-01 23:18:08;661.0;1745673488;97.847;98.955;93.66;103.288;
1900-01-01 23:18:09;662.0;1745673489;97.863;98.926;93.66;103.288;
1900-01-01 23:18:10;663.0;1745673490;97.863;98.926;93.628;103.263;
1900-01-01 23:18:11;664.0;1745673491;97.794;98.944;93.595;103.263;
1900-01-01 23:18:12;665.0;1745673492;97.747;98.944;93.595;103.339;
1900-01-01 23:18:13;666.0;1745673493;97.747;98.925;93.589;103.275;
1900-01-01 23:18:14;667.0;1745673494;97.751;98.877;93.582;103.275;
1900-01-01 23:18:16;668.0;1745673496;97.785;98.932;93.582;103.391;
1900-01-01 23:18:16;669.0;1745673496;97.785;98.932;93.573;103.36;
1900-01-01 23:18:17;670.0;1745673497;97.783;98.903;93.694;103.36;
1900-01-01 23:18:18;671.0;1745673498;97.782;98.903;93.694;103.301;
1900-01-01 23:18:19;672.0;1745673499;97.782;98.835;93.666;103.15;
1900-01-01 23:18:20;673.0;1745673500;97.719;98.894;93.666;103.15;
1900-01-01 23:18:21;674.0;1745673501;97.656;98.894;93.757;103.316;
1900-01-01 23:18:22;675.0;1745673502;97.656;98.818;93.821;103.352;
1900-01-01 23:18:23;676.0;1745673503;97.686;98.869;93.821;103.352;
1900-01-01 23:18:24;677.0;1745673504;97.686;98.869;93.799;103.309;
1900-01-01 23:18:25;678.0;1745673505;97.713;98.813;93.745;103.301;
1900-01-01 23:18:26;679.0;1745673506;97.675;98.793;93.745;103.301;
1900-01-01 23:18:27;680.0;1745673507;97.675;98.793;93.67;103.327;
1900-01-01 23:18:28;681.0;1745673508;97.648;98.888;93.644;103.327;
1900-01-01 23:18:29;682.0;1745673509;97.706;98.876;93.644;103.361;
1900-01-01 23:18:30;683.0;1745673510;97.706;98.876;93.745;103.408;
1900-01-01 23:18:31;684.0;1745673511;97.729;98.798;93.784;103.408;
1900-01-01 23:18:32;685.0;1745673512;97.711;98.792;93.784;103.226;
1900-01-01 23:18:33;686.0;1745673513;97.711;98.792;93.692;103.282;
1900-01-01 23:18:34;687.0;1745673514;97.707;98.821;93.619;103.282;
1900-01-01 23:18:35;688.0;1745673515;97.652;98.821;93.619;103.283;
1900-01-01 23:18:36;689.0;1745673516;97.652;98.749;93.634;103.286;
1900-01-01 23:18:37;690.0;1745673517;97.757;98.859;93.582;103.286;
1900-01-01 23:18:38;691.0;1745673518;97.646;98.859;93.582;103.309;
1900-01-01 23:18:39;692.0;1745673519;97.646;98.769;93.614;103.23;
1900-01-01 23:18:40;693.0;1745673520;97.678;98.779;93.621;103.23;
1900-01-01 23:18:41;694.0;1745673521;97.734;98.779;93.621;103.226;
1900-01-01 23:18:42;695.0;1745673522;97.734;98.659;93.571;103.286;
1900-01-01 23:18:43;696.0;1745673523;97.637;98.799;93.604;103.286;
1900-01-01 23:18:44;697.0;1745673524;97.573;98.799;93.604;103.318;
1900-01-01 23:18:45;698.0;1745673525;97.573;98.804;93.502;103.175;
1900-01-01 23:18:46;699.0;1745673526;97.718;98.754;93.502;103.175;
1900-01-01 23:18:47;700.0;1745673527;97.63;98.754;93.549;103.288;
1900-01-01 23:18:48;701.0;1745673528;97.63;98.665;93.533;103.288;
1900-01-01 23:18:49;702.0;1745673529;97.614;98.64;93.533;103.321;
1900-01-01 23:18:50;703.0;1745673530;97.654;98.64;93.55;103.314;
1900-01-01 23:18:51;704.0;1745673531;97.654;98.609;93.486;103.314;
1900-01-01 23:18:52;705.0;1745673532;97.654;98.702;93.486;103.274;
1900-01-01 23:18:53;706.0;1745673533;97.755;98.702;93.415;103.287;
1900-01-01 23:18:54;707.0;1745673534;97.755;98.63;93.508;103.287;
1900-01-01 23:18:55;708.0;1745673535;97.68;98.6;93.508;103.274;
1900-01-01 23:18:56;709.0;1745673536;97.68;98.6;93.511;103.225;
1900-01-01 23:18:57;710.0;1745673537;97.719;98.698;93.563;103.225;
1900-01-01 23:18:58;711.0;1745673538;97.707;98.678;93.563;103.315;
1900-01-01 23:18:59;712.0;1745673539;97.707;98.678;93.57;103.196;
1900-01-01 23:19:00;713.0;1745673540;97.684;98.684;93.551;103.196;
1900-01-01 23:19:01;714.0;1745673541;97.651;98.684;93.551;103.247;
1900-01-01 23:19:02;715.0;1745673542;97.651;98.666;93.537;103.312;
1900-01-01 23:19:03;716.0;1745673543;97.668;98.671;93.537;103.312;
1900-01-01 23:19:04;717.0;1745673544;97.644;98.671;93.488;103.31;
1900-01-01 23:19:05;718.0;1745673545;97.644;98.598;93.457;103.275;
1900-01-01 23:19:06;719.0;1745673546;97.482;98.628;93.457;103.275;
1900-01-01 23:19:07;720.0;1745673547;97.473;98.628;93.535;103.271;
1900-01-01 23:19:08;721.0;1745673548;97.473;98.645;93.462;103.234;
1900-01-01 23:19:09;722.0;1745673549;97.41;98.588;93.441;103.234;
1900-01-01 23:19:10;723.0;1745673550;97.348;98.588;93.441;103.267;
1900-01-01 23:19:11;724.0;1745673551;97.348;98.605;93.428;103.242;
1900-01-01 23:19:12;725.0;1745673552;97.261;98.598;93.428;103.242;
1900-01-01 23:19:13;726.0;1745673553;97.259;98.598;93.452;103.337;
1900-01-01 23:19:14;727.0;1745673554;97.259;98.583;93.493;103.266;
1900-01-01 23:19:15;728.0;1745673555;97.335;98.674;93.501;103.266;
1900-01-01 23:19:16;729.0;1745673556;97.272;98.674;93.501;103.376;
1900-01-01 23:19:17;730.0;1745673557;97.272;98.589;93.65;103.261;
1900-01-01 23:19:18;731.0;1745673558;97.384;98.527;93.65;103.261;
1900-01-01 23:19:19;732.0;1745673559;97.369;98.527;93.613;103.368;
1900-01-01 23:19:20;733.0;1745673560;97.369;98.592;93.591;103.253;
1900-01-01 23:19:21;734.0;1745673561;97.418;98.598;93.573;103.253;
1900-01-01 23:19:22;735.0;1745673562;97.433;98.598;93.573;103.321;
1900-01-01 23:19:23;736.0;1745673563;97.433;98.576;93.503;103.233;
1900-01-01 23:19:24;737.0;1745673564;97.525;98.562;93.503;103.233;
1900-01-01 23:19:25;738.0;1745673565;97.525;98.562;93.445;103.285;
1900-01-01 23:19:26;739.0;1745673566;97.458;98.536;93.414;103.285;
1900-01-01 23:19:27;740.0;1745673567;97.524;98.562;93.414;103.256;
1900-01-01 23:19:28;741.0;1745673568;97.524;98.562;93.429;103.298;
1900-01-01 23:19:29;742.0;1745673569;97.555;98.402;93.388;103.298;
1900-01-01 23:19:30;743.0;1745673570;97.498;98.515;93.388;103.293;
1900-01-01 23:19:31;744.0;1745673571;97.498;98.515;93.39;103.22;
1900-01-01 23:19:32;745.0;1745673572;97.575;98.529;93.408;103.22;
1900-01-01 23:19:34;746.0;1745673574;97.555;98.498;93.408;103.224;
1900-01-01 23:19:34;747.0;1745673574;97.555;98.498;93.426;103.217;
1900-01-01 23:19:35;748.0;1745673575;97.53;98.527;93.411;103.217;
1900-01-01 23:19:36;749.0;1745673576;97.497;98.527;93.411;103.314;
1900-01-01 23:19:37;750.0;1745673577;97.497;98.534;93.373;103.325;
1900-01-01 23:19:38;751.0;1745673578;97.56;98.506;93.336;103.325;
1900-01-01 23:19:39;752.0;1745673579;97.534;98.506;93.336;103.281;
1900-01-01 23:19:40;753.0;1745673580;97.534;98.545;93.302;103.299;
1900-01-01 23:19:41;754.0;1745673581;97.589;98.538;93.302;103.299;
1900-01-01 23:19:42;755.0;1745673582;97.652;98.538;93.189;103.377;
1900-01-01 23:19:43;756.0;1745673583;97.652;98.417;93.142;103.32;
1900-01-01 23:19:44;757.0;1745673584;97.577;98.553;93.142;103.32;
1900-01-01 23:19:45;758.0;1745673585;97.579;98.553;93.315;103.304;
1900-01-01 23:19:46;759.0;1745673586;97.579;98.492;93.314;103.347;
1900-01-01 23:19:47;760.0;1745673587;97.57;98.554;93.314;103.347;
1900-01-01 23:19:48;761.0;1745673588;97.57;98.554;93.384;103.283;
1900-01-01 23:19:49;762.0;1745673589;97.552;98.565;93.349;103.295;
1900-01-01 23:19:50;763.0;1745673590;97.555;98.483;93.349;103.295;
1900-01-01 23:19:52;764.0;1745673592;97.467;98.483;93.341;103.278;
1900-01-01 23:19:52;765.0;1745673592;97.467;98.536;93.334;103.278;
1900-01-01 23:19:53;766.0;1745673593;97.463;98.533;93.334;103.327;
1900-01-01 23:19:55;767.0;1745673595;97.42;98.533;93.279;103.318;
1900-01-01 23:19:55;768.0;1745673595;97.42;98.488;93.241;103.318;
1900-01-01 23:19:56;769.0;1745673596;97.45;98.446;93.241;103.39;
1900-01-01 23:19:57;770.0;1745673597;97.45;98.446;93.258;103.293;
1900-01-01 23:19:58;771.0;1745673598;97.357;98.531;93.2;103.293;
1900-01-01 23:20:00;772.0;1745673600;97.355;98.455;93.2;103.286;
1900-01-01 23:20:00;773.0;1745673600;97.355;98.455;93.154;103.336;
1900-01-01 23:20:01;774.0;1745673601;97.269;98.498;93.213;103.336;
1900-01-01 23:20:02;775.0;1745673602;97.361;98.498;93.213;103.24;
1900-01-01 23:20:03;776.0;1745673603;97.361;98.51;93.274;103.336;
1900-01-01 23:20:04;777.0;1745673604;97.31;98.441;93.274;103.336;
1900-01-01 23:20:05;778.0;1745673605;97.311;98.441;93.296;103.228;
1900-01-01 23:20:06;779.0;1745673606;97.311;98.397;93.344;103.228;
1900-01-01 23:20:07;780.0;1745673607;97.212;98.432;93.344;103.31;
1900-01-01 23:20:08;781.0;1745673608;97.26;98.432;93.267;103.252;
1900-01-01 23:20:09;782.0;1745673609;97.26;98.441;93.186;103.252;
1900-01-01 23:20:10;783.0;1745673610;97.22;98.406;93.186;103.257;
1900-01-01 23:20:11;784.0;1745673611;97.17;98.406;93.233;103.319;
1900-01-01 23:20:12;785.0;1745673612;97.17;98.463;93.302;103.329;
1900-01-01 23:20:13;786.0;1745673613;97.207;98.393;93.302;103.329;
1900-01-01 23:20:14;787.0;1745673614;97.207;98.393;93.266;103.232;
1900-01-01 23:20:15;788.0;1745673615;97.167;98.383;93.312;103.318;
1900-01-01 23:20:17;789.0;1745673617;97.137;98.394;93.312;103.318;
1900-01-01 23:20:17;790.0;1745673617;97.137;98.394;93.233;103.354;
1900-01-01 23:20:18;791.0;1745673618;97.132;98.377;93.266;103.354;
1900-01-01 23:20:19;792.0;1745673619;97.195;98.352;93.266;103.427;
1900-01-01 23:20:20;793.0;1745673620;97.195;98.352;93.217;103.32;
1900-01-01 23:20:21;794.0;1745673621;97.162;98.376;93.142;103.32;
1900-01-01 23:20:22;795.0;1745673622;97.193;98.336;93.142;103.279;
1900-01-01 23:20:23;796.0;1745673623;97.193;98.336;92.99;103.302;
1900-01-01 23:20:24;797.0;1745673624;97.202;98.268;92.969;103.302;
1900-01-01 23:20:25;798.0;1745673625;97.288;98.268;92.969;103.339;
1900-01-01 23:20:26;799.0;1745673626;97.288;98.278;93.021;103.35;
1900-01-01 23:20:27;800.0;1745673627;97.296;98.294;93.021;103.35;
1900-01-01 23:20:28;801.0;1745673628;97.312;98.294;93.105;103.255;
1900-01-01 23:20:29;802.0;1745673629;97.312;98.215;93.08;103.376;
1900-01-01 23:20:30;803.0;1745673630;97.306;98.214;93.08;103.376;
1900-01-01 23:20:31;804.0;1745673631;97.365;98.214;93.152;103.255;
1900-01-01 23:20:32;805.0;1745673632;97.365;98.234;93.159;103.255;
1900-01-01 23:20:33;806.0;1745673633;97.296;98.227;93.159;103.298;
1900-01-01 23:20:34;807.0;1745673634;97.296;98.227;93.107;103.247;
1900-01-01 23:20:35;808.0;1745673635;97.295;98.193;93.0;103.21;
1900-01-01 23:20:36;809.0;1745673636;97.251;98.196;93.0;103.21;
1900-01-01 23:20:37;810.0;1745673637;97.251;98.196;92.978;103.237;
1900-01-01 23:20:38;811.0;1745673638;97.209;98.217;92.955;103.237;
1900-01-01 23:20:39;812.0;1745673639;97.233;98.236;92.955;103.285;
1900-01-01 23:20:40;813.0;1745673640;97.233;98.236;93.003;103.336;
1900-01-01 23:20:41;814.0;1745673641;97.233;98.324;92.95;103.336;
1900-01-01 23:20:42;815.0;1745673642;97.319;98.324;92.95;103.242;
1900-01-01 23:20:43;816.0;1745673643;97.319;98.295;92.939;103.304;
1900-01-01 23:20:44;817.0;1745673644;97.258;98.298;92.939;103.304;
1900-01-01 23:20:45;818.0;1745673645;97.277;98.298;92.901;103.338;
1900-01-01 23:20:46;819.0;1745673646;97.277;98.323;93.014;103.304;
1900-01-01 23:20:47;820.0;1745673647;97.21;98.283;93.068;103.304;
1900-01-01 23:20:48;821.0;1745673648;97.225;98.283;93.068;103.245;
1900-01-01 23:20:49;822.0;1745673649;97.225;98.301;92.99;103.31;
1900-01-01 23:20:50;823.0;1745673650;97.177;98.315;92.99;103.31;
1900-01-01 23:20:51;824.0;1745673651;97.144;98.315;92.926;103.231;
1900-01-01 23:20:52;825.0;1745673652;97.144;98.235;92.94;103.291;
1900-01-01 23:20:53;826.0;1745673653;97.055;98.22;92.94;103.291;
1900-01-01 23:20:54;827.0;1745673654;97.063;98.22;92.972;103.315;
1900-01-01 23:20:55;828.0;1745673655;97.063;98.244;92.908;103.229;
1900-01-01 23:20:57;829.0;1745673657;97.02;98.238;93.01;103.229;
1900-01-01 23:20:57;830.0;1745673657;97.02;98.238;93.01;103.275;
1900-01-01 23:20:58;831.0;1745673658;97.019;98.249;92.986;103.321;
1900-01-01 23:20:59;832.0;1745673659;97.054;98.232;92.986;103.321;
1900-01-01 23:21:00;833.0;1745673660;97.074;98.232;92.969;103.32;
1900-01-01 23:21:01;834.0;1745673661;97.074;98.278;92.909;103.32;
1900-01-01 23:21:02;835.0;1745673662;97.158;98.249;92.909;103.356;
1900-01-01 23:21:03;836.0;1745673663;97.078;98.249;92.931;103.273;
1900-01-01 23:21:04;837.0;1745673664;97.078;98.243;92.902;103.273;
1900-01-01 23:21:05;838.0;1745673665;97.048;98.281;92.902;103.219;
1900-01-01 23:21:06;839.0;1745673666;97.048;98.281;93.041;103.238;
1900-01-01 23:21:07;840.0;1745673667;97.035;98.285;92.979;103.238;
1900-01-01 23:21:08;841.0;1745673668;97.038;98.285;92.979;103.271;
1900-01-01 23:21:09;842.0;1745673669;97.038;98.238;92.919;103.243;
1900-01-01 23:21:10;843.0;1745673670;97.107;98.239;92.866;103.243;
1900-01-01 23:21:11;844.0;1745673671;96.98;98.239;92.866;103.256;
1900-01-01 23:21:12;845.0;1745673672;96.98;98.279;92.874;103.354;
1900-01-01 23:21:13;846.0;1745673673;96.904;98.111;92.874;103.354;
1900-01-01 23:21:14;847.0;1745673674;96.912;98.111;92.898;103.367;
1900-01-01 23:21:15;848.0;1745673675;96.912;98.162;92.924;103.276;
1900-01-01 23:21:16;849.0;1745673676;96.837;98.16;92.924;103.276;
1900-01-01 23:21:17;850.0;1745673677;96.758;98.16;92.873;103.284;
1900-01-01 23:21:18;851.0;1745673678;96.758;98.128;92.817;103.228;
1900-01-01 23:21:19;852.0;1745673679;96.733;98.14;92.817;103.228;
1900-01-01 23:21:20;853.0;1745673680;96.788;98.14;92.799;103.278;
1900-01-01 23:21:21;854.0;1745673681;96.788;98.13;92.802;103.262;
1900-01-01 23:21:22;855.0;1745673682;96.696;98.106;92.802;103.262;
1900-01-01 23:21:23;856.0;1745673683;96.696;98.106;92.796;103.228;
1900-01-01 23:21:24;857.0;1745673684;96.605;98.169;92.863;103.289;
1900-01-01 23:21:25;858.0;1745673685;96.517;98.153;92.863;103.289;
1900-01-01 23:21:26;859.0;1745673686;96.517;98.153;92.941;103.259;
1900-01-01 23:21:27;860.0;1745673687;96.491;98.127;92.854;103.259;
1900-01-01 23:21:28;861.0;1745673688;96.551;98.141;92.854;103.28;
1900-01-01 23:21:29;862.0;1745673689;96.551;98.141;92.872;103.253;
1900-01-01 23:21:30;863.0;1745673690;96.592;98.118;92.794;103.253;
1900-01-01 23:21:31;864.0;1745673691;96.563;98.126;92.794;103.307;
1900-01-01 23:21:32;865.0;1745673692;96.563;98.126;92.88;103.264;
1900-01-01 23:21:33;866.0;1745673693;96.457;98.121;92.841;103.264;
1900-01-01 23:21:34;867.0;1745673694;96.471;98.129;92.841;103.274;
1900-01-01 23:21:35;868.0;1745673695;96.471;98.129;92.845;103.316;
1900-01-01 23:21:36;869.0;1745673696;96.557;98.113;92.91;103.316;
1900-01-01 23:21:37;870.0;1745673697;96.57;98.052;92.91;103.203;
1900-01-01 23:21:38;871.0;1745673698;96.57;98.052;92.949;103.309;
1900-01-01 23:21:39;872.0;1745673699;96.472;98.012;92.987;103.309;
1900-01-01 23:21:40;873.0;1745673700;96.472;98.012;92.987;103.214;
1900-01-01 23:21:41;874.0;1745673701;96.472;98.023;92.867;103.191;
1900-01-01 23:21:42;875.0;1745673702;96.514;97.99;92.84;103.191;
1900-01-01 23:21:44;876.0;1745673704;96.483;97.99;92.84;103.193;
1900-01-01 23:21:44;877.0;1745673704;96.483;97.998;92.707;103.172;
1900-01-01 23:21:45;878.0;1745673705;96.451;98.03;92.707;103.172;
1900-01-01 23:21:46;879.0;1745673706;96.451;98.03;92.646;103.16;
1900-01-01 23:21:47;880.0;1745673707;96.434;97.978;92.55;103.271;
1900-01-01 23:21:48;881.0;1745673708;96.48;97.928;92.55;103.271;
1900-01-01 23:21:49;882.0;1745673709;96.48;97.928;92.59;103.281;
1900-01-01 23:21:50;883.0;1745673710;96.419;97.951;92.621;103.281;
1900-01-01 23:21:51;884.0;1745673711;96.368;97.91;92.621;103.258;
1900-01-01 23:21:52;885.0;1745673712;96.368;97.91;92.645;103.212;
1900-01-01 23:21:53;886.0;1745673713;96.47;98.025;92.506;103.212;
1900-01-01 23:21:54;887.0;1745673714;96.432;98.029;92.506;103.162;
1900-01-01 23:21:55;888.0;1745673715;96.432;98.029;92.521;103.199;
1900-01-01 23:21:56;889.0;1745673716;96.407;97.998;92.53;103.199;
1900-01-01 23:21:57;890.0;1745673717;96.441;98.022;92.53;103.236;
1900-01-01 23:21:58;891.0;1745673718;96.441;98.022;92.429;103.227;
1900-01-01 23:21:59;892.0;1745673719;96.398;97.971;92.37;103.227;
1900-01-01 23:22:00;893.0;1745673720;96.411;97.971;92.37;103.185;
1900-01-01 23:22:01;894.0;1745673721;96.411;97.934;92.332;103.254;
1900-01-01 23:22:02;895.0;1745673722;96.414;97.918;92.292;103.254;
1900-01-01 23:22:03;896.0;1745673723;96.327;97.918;92.292;103.317;
1900-01-01 23:22:04;897.0;1745673724;96.327;98.034;92.234;103.198;
1900-01-01 23:22:05;898.0;1745673725;96.383;98.012;92.228;103.198;
1900-01-01 23:22:06;899.0;1745673726;96.395;98.012;92.228;103.235;
1900-01-01 23:22:07;900.0;1745673727;96.395;98.027;92.255;103.228;
1900-01-01 23:22:08;901.0;1745673728;96.367;97.952;92.229;103.228;
1900-01-01 23:22:09;902.0;1745673729;96.366;97.952;92.229;103.266;
1900-01-01 23:22:10;903.0;1745673730;96.366;97.899;92.283;103.21;
1900-01-01 23:22:11;904.0;1745673731;96.223;97.888;92.283;103.21;
1900-01-01 23:22:12;905.0;1745673732;96.223;97.888;92.333;103.259;
1900-01-01 23:22:13;906.0;1745673733;96.307;97.867;92.333;103.259;
1900-01-01 23:22:14;907.0;1745673734;96.189;97.799;92.333;103.237;
1900-01-01 23:22:15;908.0;1745673735;96.189;97.799;92.17;103.221;
1900-01-01 23:22:16;909.0;1745673736;96.183;97.866;92.124;103.221;
1900-01-01 23:22:18;910.0;1745673738;96.204;97.807;92.124;103.289;
1900-01-01 23:22:18;911.0;1745673738;96.204;97.807;92.099;103.22;
1900-01-01 23:22:19;912.0;1745673739;96.124;97.922;92.158;103.22;
1900-01-01 23:22:20;913.0;1745673740;96.141;97.922;92.158;103.291;
1900-01-01 23:22:21;914.0;1745673741;96.141;97.853;92.216;103.29;
1900-01-01 23:22:22;915.0;1745673742;96.113;97.925;92.346;103.29;
1900-01-01 23:22:23;916.0;1745673743;96.06;97.925;92.346;103.279;
1900-01-01 23:22:24;917.0;1745673744;96.06;97.96;92.4;103.297;
1900-01-01 23:22:25;918.0;1745673745;96.031;97.909;92.4;103.297;
1900-01-01 23:22:26;919.0;1745673746;96.031;97.909;92.511;103.231;
1900-01-01 23:22:27;920.0;1745673747;95.957;97.924;92.566;103.312;
1900-01-01 23:22:28;921.0;1745673748;95.939;97.889;92.566;103.312;
1900-01-01 23:22:29;922.0;1745673749;95.869;97.889;92.659;103.205;
1900-01-01 23:22:30;923.0;1745673750;95.869;97.79;92.549;103.205;
1900-01-01 23:22:31;924.0;1745673751;95.93;97.756;92.549;103.24;
1900-01-01 23:22:32;925.0;1745673752;95.93;97.756;92.64;103.29;
1900-01-01 23:22:33;926.0;1745673753;95.873;97.807;92.577;103.313;
1900-01-01 23:22:34;927.0;1745673754;95.861;97.745;92.577;103.313;
1900-01-01 23:22:35;928.0;1745673755;95.861;97.745;92.599;103.325;
1900-01-01 23:22:36;929.0;1745673756;95.836;97.794;92.615;103.325;
1900-01-01 23:22:37;930.0;1745673757;95.747;97.846;92.615;103.296;
1900-01-01 23:22:38;931.0;1745673758;95.747;97.846;92.599;103.284;
1900-01-01 23:22:39;932.0;1745673759;95.778;97.807;92.553;103.284;
1900-01-01 23:22:40;933.0;1745673760;95.75;97.809;92.553;103.265;
1900-01-01 23:22:41;934.0;1745673761;95.75;97.809;92.486;103.259;
1900-01-01 23:22:42;935.0;1745673762;95.779;97.797;92.471;103.259;
1900-01-01 23:22:43;936.0;1745673763;95.718;97.797;92.471;103.31;
1900-01-01 23:22:44;937.0;1745673764;95.718;97.743;92.356;103.212;
1900-01-01 23:22:45;938.0;1745673765;95.796;97.79;92.356;103.212;
1900-01-01 23:22:46;939.0;1745673766;95.712;97.79;92.368;103.204;
1900-01-01 23:22:47;940.0;1745673767;95.712;97.726;92.491;103.339;
1900-01-01 23:22:48;941.0;1745673768;95.723;97.711;92.491;103.339;
1900-01-01 23:22:49;942.0;1745673769;95.758;97.711;92.44;103.144;
1900-01-01 23:22:50;943.0;1745673770;95.758;97.688;92.316;103.258;
1900-01-01 23:22:51;944.0;1745673771;95.779;97.674;92.316;103.258;
1900-01-01 23:22:52;945.0;1745673772;95.785;97.674;92.285;103.253;
1900-01-01 23:22:53;946.0;1745673773;95.785;97.73;92.278;103.247;
1900-01-01 23:22:54;947.0;1745673774;95.802;97.639;92.278;103.247;
1900-01-01 23:22:55;948.0;1745673775;95.729;97.639;92.253;103.143;
1900-01-01 23:22:56;949.0;1745673776;95.729;97.769;92.118;103.168;
1900-01-01 23:22:57;950.0;1745673777;95.773;97.671;92.118;103.168;
1900-01-01 23:22:58;951.0;1745673778;95.773;97.671;92.168;103.215;
1900-01-01 23:22:59;952.0;1745673779;95.73;97.694;92.156;103.221;
1900-01-01 23:23:00;953.0;1745673780;95.689;97.694;92.156;103.221;
1900-01-01 23:23:01;954.0;1745673781;95.689;97.698;92.151;103.178;
1900-01-01 23:23:02;955.0;1745673782;95.75;97.707;92.18;103.178;
1900-01-01 23:23:03;956.0;1745673783;95.721;97.707;92.18;103.166;
1900-01-01 23:23:04;957.0;1745673784;95.721;97.621;92.157;103.29;
1900-01-01 23:23:05;958.0;1745673785;95.71;97.712;92.134;103.29;
1900-01-01 23:23:06;959.0;1745673786;95.678;97.712;92.134;103.221;
1900-01-01 23:23:07;960.0;1745673787;95.678;97.624;92.102;103.239;
1900-01-01 23:23:08;961.0;1745673788;95.721;97.678;92.142;103.239;
1900-01-01 23:23:09;962.0;1745673789;95.659;97.678;92.142;103.183;
1900-01-01 23:23:10;963.0;1745673790;95.659;97.623;92.13;103.2;
1900-01-01 23:23:11;964.0;1745673791;95.632;97.583;92.13;103.2;
1900-01-01 23:23:12;965.0;1745673792;95.61;97.583;92.125;103.186;
1900-01-01 23:23:13;966.0;1745673793;95.61;97.673;92.235;103.178;
1900-01-01 23:23:14;967.0;1745673794;95.594;97.588;92.183;103.178;
1900-01-01 23:23:15;968.0;1745673795;95.594;97.588;92.183;103.225;
1900-01-01 23:23:16;969.0;1745673796;95.556;97.549;92.187;103.169;
1900-01-01 23:23:17;970.0;1745673797;95.542;97.664;92.187;103.169;
1900-01-01 23:23:19;971.0;1745673799;95.442;97.664;92.145;103.217;
1900-01-01 23:23:19;972.0;1745673799;95.442;97.635;92.17;103.217;
1900-01-01 23:23:20;973.0;1745673800;95.457;97.605;92.17;103.281;
1900-01-01 23:23:21;974.0;1745673801;95.457;97.605;92.209;103.212;
1900-01-01 23:23:22;975.0;1745673802;95.441;97.631;92.156;103.212;
1900-01-01 23:23:23;976.0;1745673803;95.394;97.625;92.156;103.242;
1900-01-01 23:23:24;977.0;1745673804;95.394;97.625;92.135;103.309;
1900-01-01 23:23:25;978.0;1745673805;95.413;97.624;92.139;103.309;
1900-01-01 23:23:26;979.0;1745673806;95.375;97.624;92.139;103.219;
1900-01-01 23:23:27;980.0;1745673807;95.375;97.715;92.196;103.263;
1900-01-01 23:23:28;981.0;1745673808;95.322;97.632;92.196;103.263;
1900-01-01 23:23:29;982.0;1745673809;95.315;97.632;92.173;103.074;
1900-01-01 23:23:30;983.0;1745673810;95.315;97.537;92.276;103.188;
1900-01-01 23:23:31;984.0;1745673811;95.209;97.559;92.276;103.188;
1900-01-01 23:23:32;985.0;1745673812;95.22;97.559;92.249;103.135;
1900-01-01 23:23:33;986.0;1745673813;95.22;97.572;92.151;103.243;
1900-01-01 23:23:34;987.0;1745673814;95.27;97.505;92.151;103.243;
1900-01-01 23:23:36;988.0;1745673816;95.296;97.505;92.068;103.323;
1900-01-01 23:23:36;989.0;1745673816;95.296;97.582;91.952;103.323;
1900-01-01 23:23:37;990.0;1745673817;95.305;97.557;91.952;103.289;
1900-01-01 23:23:38;991.0;1745673818;95.305;97.557;91.736;103.243;
1900-01-01 23:23:39;992.0;1745673819;95.212;97.573;91.693;103.243;
1900-01-01 23:23:40;993.0;1745673820;95.211;97.482;91.693;103.283;
1900-01-01 23:23:41;994.0;1745673821;95.211;97.482;91.768;103.202;
1900-01-01 23:23:42;995.0;1745673822;95.108;97.523;91.819;103.202;
1900-01-01 23:23:43;996.0;1745673823;95.13;97.523;91.819;103.231;
1900-01-01 23:23:44;997.0;1745673824;95.13;97.464;91.871;103.194;
1900-01-01 23:23:45;998.0;1745673825;95.072;97.588;91.744;103.194;
1900-01-01 23:23:46;999.0;1745673826;95.118;97.588;91.744;103.235;
1900-01-01 23:23:47;1000.0;1745673827;95.118;97.42;91.798;103.231;
1900-01-01 23:23:49;1001.0;1745673829;95.003;97.502;91.765;103.231;
1900-01-01 23:23:49;1002.0;1745673829;95.036;97.502;91.765;103.185;
1900-01-01 23:23:50;1003.0;1745673830;95.036;97.506;91.773;103.227;
1900-01-01 23:23:51;1004.0;1745673831;94.959;97.492;91.723;103.227;
1900-01-01 23:23:52;1005.0;1745673832;94.991;97.492;91.723;103.355;
1900-01-01 23:23:53;1006.0;1745673833;94.991;97.487;91.75;103.285;
1900-01-01 23:23:54;1007.0;1745673834;94.941;97.485;91.642;103.285;
1900-01-01 23:23:56;1008.0;1745673836;94.939;97.485;91.642;103.262;
1900-01-01 23:23:56;1009.0;1745673836;94.939;97.458;91.776;103.26;
1900-01-01 23:23:57;1010.0;1745673837;94.893;97.433;91.776;103.26;
1900-01-01 23:23:58;1011.0;1745673838;94.893;97.433;91.655;103.256;
1900-01-01 23:23:59;1012.0;1745673839;94.938;97.445;91.694;103.248;
1900-01-01 23:24:00;1013.0;1745673840;94.867;97.451;91.694;103.248;
1900-01-01 23:24:01;1014.0;1745673841;94.867;97.451;91.622;103.271;
1900-01-01 23:24:02;1015.0;1745673842;94.902;97.447;91.605;103.271;
1900-01-01 23:24:04;1016.0;1745673844;94.889;97.468;91.605;103.289;
1900-01-01 23:24:04;1017.0;1745673844;94.889;97.468;91.503;103.216;
1900-01-01 23:24:05;1018.0;1745673845;94.82;97.392;91.369;103.216;
1900-01-01 23:24:06;1019.0;1745673846;94.788;97.434;91.369;103.312;
1900-01-01 23:24:07;1020.0;1745673847;94.788;97.434;91.452;103.243;
1900-01-01 23:24:08;1021.0;1745673848;94.887;97.344;91.521;103.243;
1900-01-01 23:24:09;1022.0;1745673849;94.906;97.387;91.521;103.25;
1900-01-01 23:24:10;1023.0;1745673850;94.906;97.387;91.585;103.247;
1900-01-01 23:24:11;1024.0;1745673851;94.95;97.306;91.674;103.247;
1900-01-01 23:24:12;1025.0;1745673852;94.962;97.306;91.674;103.235;
1900-01-01 23:24:13;1026.0;1745673853;94.962;97.385;91.768;103.178;
1900-01-01 23:24:14;1027.0;1745673854;94.911;97.297;91.866;103.178;
1900-01-01 23:24:15;1028.0;1745673855;94.946;97.291;91.866;103.233;
1900-01-01 23:24:16;1029.0;1745673856;94.946;97.291;91.909;103.253;
1900-01-01 23:24:17;1030.0;1745673857;94.943;97.363;91.926;103.253;
1900-01-01 23:24:18;1031.0;1745673858;94.924;97.363;91.926;103.232;
1900-01-01 23:24:19;1032.0;1745673859;94.924;97.406;91.917;103.342;
1900-01-01 23:24:20;1033.0;1745673860;94.927;97.344;91.923;103.342;
1900-01-01 23:24:21;1034.0;1745673861;94.793;97.281;91.923;103.247;
1900-01-01 23:24:22;1035.0;1745673862;94.793;97.281;91.845;103.257;
1900-01-01 23:24:23;1036.0;1745673863;94.795;97.285;91.802;103.257;
1900-01-01 23:24:24;1037.0;1745673864;94.8;97.36;91.802;103.196;
1900-01-01 23:24:25;1038.0;1745673865;94.8;97.36;91.839;103.174;
1900-01-01 23:24:26;1039.0;1745673866;94.726;97.338;91.9;103.174;
1900-01-01 23:24:27;1040.0;1745673867;94.662;97.338;91.9;103.194;
1900-01-01 23:24:28;1041.0;1745673868;94.662;97.392;91.884;103.254;
1900-01-01 23:24:29;1042.0;1745673869;94.609;97.329;91.765;103.254;
1900-01-01 23:24:30;1043.0;1745673870;94.645;97.329;91.765;103.155;
1900-01-01 23:24:31;1044.0;1745673871;94.645;97.307;91.708;103.13;
1900-01-01 23:24:32;1045.0;1745673872;94.636;97.288;91.663;103.13;
1900-01-01 23:24:33;1046.0;1745673873;94.653;97.288;91.663;103.182;
1900-01-01 23:24:34;1047.0;1745673874;94.653;97.224;91.528;103.169;
1900-01-01 23:24:35;1048.0;1745673875;94.557;97.235;91.528;103.169;
1900-01-01 23:24:36;1049.0;1745673876;94.546;97.235;91.468;103.158;
1900-01-01 23:24:37;1050.0;1745673877;94.546;97.321;91.487;103.231;
1900-01-01 23:24:38;1051.0;1745673878;94.486;97.283;91.487;103.231;
1900-01-01 23:24:40;1052.0;1745673880;94.499;97.283;91.533;103.176;
1900-01-01 23:24:40;1053.0;1745673880;94.499;97.236;91.706;103.145;
1900-01-01 23:24:41;1054.0;1745673881;94.47;97.145;91.706;103.145;
1900-01-01 23:24:42;1055.0;1745673882;94.47;97.145;91.63;103.191;
1900-01-01 23:24:43;1056.0;1745673883;94.402;97.112;91.693;103.191;
1900-01-01 23:24:44;1057.0;1745673884;94.468;97.219;91.693;103.285;
1900-01-01 23:24:45;1058.0;1745673885;94.468;97.219;91.682;103.236;
1900-01-01 23:24:46;1059.0;1745673886;94.504;97.189;91.661;103.236;
1900-01-01 23:24:47;1060.0;1745673887;94.533;97.189;91.661;103.124;
1900-01-01 23:24:48;1061.0;1745673888;94.533;97.144;91.683;103.224;
1900-01-01 23:24:49;1062.0;1745673889;94.462;97.091;91.688;103.224;
1900-01-01 23:24:50;1063.0;1745673890;94.495;97.091;91.688;103.175;
1900-01-01 23:24:51;1064.0;1745673891;94.495;97.2;91.671;103.164;
1900-01-01 23:24:52;1065.0;1745673892;94.541;97.124;91.631;103.164;
1900-01-01 23:24:53;1066.0;1745673893;94.561;97.124;91.631;103.179;
1900-01-01 23:24:54;1067.0;1745673894;94.561;97.17;91.561;103.147;
1900-01-01 23:24:55;1068.0;1745673895;94.575;97.174;91.561;103.147;
1900-01-01 23:24:56;1069.0;1745673896;94.475;97.174;91.545;103.208;
1900-01-01 23:24:57;1070.0;1745673897;94.475;97.186;91.505;103.208;
1900-01-01 23:24:58;1071.0;1745673898;94.498;97.212;91.505;103.194;
1900-01-01 23:24:59;1072.0;1745673899;94.397;97.212;91.588;103.146;
1900-01-01 23:25:00;1073.0;1745673900;94.397;97.208;91.501;103.146;
1900-01-01 23:25:01;1074.0;1745673901;94.327;97.172;91.501;103.228;
1900-01-01 23:25:02;1075.0;1745673902;94.327;97.172;91.556;103.241;
1900-01-01 23:25:03;1076.0;1745673903;94.265;97.221;91.458;103.241;
1900-01-01 23:25:04;1077.0;1745673904;94.26;97.17;91.458;103.155;
1900-01-01 23:25:05;1078.0;1745673905;94.26;97.17;91.471;103.226;
1900-01-01 23:25:06;1079.0;1745673906;94.224;97.163;91.452;103.226;
1900-01-01 23:25:07;1080.0;1745673907;94.22;97.21;91.452;103.232;
1900-01-01 23:25:08;1081.0;1745673908;94.22;97.21;91.467;103.214;
1900-01-01 23:25:09;1082.0;1745673909;94.264;97.221;91.453;103.214;
1900-01-01 23:25:10;1083.0;1745673910;94.322;97.123;91.453;103.234;
1900-01-01 23:25:11;1084.0;1745673911;94.322;97.123;91.446;103.172;
1900-01-01 23:25:12;1085.0;1745673912;94.277;97.201;91.406;103.172;
1900-01-01 23:25:13;1086.0;1745673913;94.306;97.201;91.406;103.267;
1900-01-01 23:25:14;1087.0;1745673914;94.306;97.129;91.354;103.152;
1900-01-01 23:25:15;1088.0;1745673915;94.153;97.089;91.354;103.152;
1900-01-01 23:25:16;1089.0;1745673916;94.179;97.089;91.343;103.286;
1900-01-01 23:25:17;1090.0;1745673917;94.179;97.036;91.293;103.286;
1900-01-01 23:25:18;1091.0;1745673918;94.101;97.113;91.293;103.23;
1900-01-01 23:25:19;1092.0;1745673919;94.16;97.113;91.373;103.184;
1900-01-01 23:25:20;1093.0;1745673920;94.16;97.069;91.511;103.184;
1900-01-01 23:25:21;1094.0;1745673921;94.115;97.097;91.511;103.246;
1900-01-01 23:25:22;1095.0;1745673922;94.145;97.097;91.577;103.207;
1900-01-01 23:25:23;1096.0;1745673923;94.145;97.064;91.545;103.197;
1900-01-01 23:25:24;1097.0;1745673924;94.177;97.042;91.545;103.197;
1900-01-01 23:25:25;1098.0;1745673925;94.177;97.042;91.447;103.292;
1900-01-01 23:25:26;1099.0;1745673926;94.178;97.07;91.481;103.292;
1900-01-01 23:25:27;1100.0;1745673927;94.135;97.035;91.481;103.221;
1900-01-01 23:25:28;1101.0;1745673928;94.135;97.035;91.447;103.245;
1900-01-01 23:25:29;1102.0;1745673929;94.216;97.06;91.401;103.245;
1900-01-01 23:25:30;1103.0;1745673930;94.197;96.994;91.401;103.172;
1900-01-01 23:25:31;1104.0;1745673931;94.2;96.994;91.392;103.19;
1900-01-01 23:25:32;1105.0;1745673932;94.2;97.107;91.485;103.19;
1900-01-01 23:25:33;1106.0;1745673933;94.149;97.038;91.485;103.228;
1900-01-01 23:25:34;1107.0;1745673934;94.149;97.038;91.35;103.219;
1900-01-01 23:25:35;1108.0;1745673935;94.127;96.987;91.372;103.219;
1900-01-01 23:25:36;1109.0;1745673936;94.137;96.987;91.372;103.13;
1900-01-01 23:25:37;1110.0;1745673937;94.137;97.031;91.331;103.257;
1900-01-01 23:25:39;1111.0;1745673939;94.133;97.022;91.34;103.257;
1900-01-01 23:25:39;1112.0;1745673939;94.093;97.022;91.34;103.283;
1900-01-01 23:25:40;1113.0;1745673940;94.093;96.979;91.375;103.208;
1900-01-01 23:25:41;1114.0;1745673941;94.1;97.05;91.375;103.208;
1900-01-01 23:25:42;1115.0;1745673942;94.031;97.05;91.43;103.249;
1900-01-01 23:25:44;1116.0;1745673944;94.031;96.99;91.422;103.21;
1900-01-01 23:25:44;1117.0;1745673944;94.053;96.986;91.422;103.21;
1900-01-01 23:25:45;1118.0;1745673945;94.126;96.986;91.289;103.244;
1900-01-01 23:25:46;1119.0;1745673946;94.126;97.049;91.184;103.256;
1900-01-01 23:25:47;1120.0;1745673947;94.148;97.004;91.184;103.256;
1900-01-01 23:25:48;1121.0;1745673948;94.163;97.004;91.098;103.278;
1900-01-01 23:25:49;1122.0;1745673949;94.163;96.925;91.048;103.278;
1900-01-01 23:25:50;1123.0;1745673950;94.185;96.915;91.048;103.246;
1900-01-01 23:25:51;1124.0;1745673951;94.185;96.915;90.947;103.229;
1900-01-01 23:25:52;1125.0;1745673952;94.158;96.889;90.971;103.229;
1900-01-01 23:25:53;1126.0;1745673953;94.193;96.943;90.971;103.22;
1900-01-01 23:25:54;1127.0;1745673954;94.085;96.943;91.066;103.199;
1900-01-01 23:25:55;1128.0;1745673955;94.085;96.892;91.129;103.199;
1900-01-01 23:25:56;1129.0;1745673956;94.034;96.871;91.129;103.203;
1900-01-01 23:25:57;1130.0;1745673957;94.034;96.871;91.063;103.225;
1900-01-01 23:25:58;1131.0;1745673958;93.963;96.829;90.912;103.225;
1900-01-01 23:25:59;1132.0;1745673959;93.897;96.829;90.912;103.196;
1900-01-01 23:26:00;1133.0;1745673960;93.897;96.807;90.988;103.154;
1900-01-01 23:26:01;1134.0;1745673961;93.82;96.858;91.136;103.154;
1900-01-01 23:26:02;1135.0;1745673962;93.732;96.858;91.136;103.186;
1900-01-01 23:26:03;1136.0;1745673963;93.732;96.836;91.039;103.189;
1900-01-01 23:26:04;1137.0;1745673964;93.636;96.803;91.034;103.189;
1900-01-01 23:26:05;1138.0;1745673965;93.666;96.803;91.034;103.179;
1900-01-01 23:26:06;1139.0;1745673966;93.666;96.862;91.07;103.226;
1900-01-01 23:26:07;1140.0;1745673967;93.634;96.923;91.127;103.226;
1900-01-01 23:26:08;1141.0;1745673968;93.632;96.923;91.127;103.19;
1900-01-01 23:26:09;1142.0;1745673969;93.632;96.864;91.169;103.224;
1900-01-01 23:26:10;1143.0;1745673970;93.626;96.753;91.09;103.224;
1900-01-01 23:26:11;1144.0;1745673971;93.61;96.753;91.09;103.22;
1900-01-01 23:26:12;1145.0;1745673972;93.61;96.783;91.094;103.149;
1900-01-01 23:26:13;1146.0;1745673973;93.613;96.77;91.131;103.149;
1900-01-01 23:26:14;1147.0;1745673974;93.613;96.77;91.131;103.214;
1900-01-01 23:26:15;1148.0;1745673975;93.658;96.779;91.079;103.251;
1900-01-01 23:26:16;1149.0;1745673976;93.655;96.788;91.079;103.251;
1900-01-01 23:26:17;1150.0;1745673977;93.655;96.788;91.021;103.172;
1900-01-01 23:26:18;1151.0;1745673978;93.728;96.83;90.979;103.173;
1900-01-01 23:26:19;1152.0;1745673979;93.759;96.832;90.979;103.173;
1900-01-01 23:26:20;1153.0;1745673980;93.759;96.832;90.992;103.189;
1900-01-01 23:26:21;1154.0;1745673981;93.645;96.831;90.99;103.189;
1900-01-01 23:26:22;1155.0;1745673982;93.729;96.831;90.99;103.174;
1900-01-01 23:26:23;1156.0;1745673983;93.729;96.82;91.086;103.187;
1900-01-01 23:26:24;1157.0;1745673984;93.737;96.756;91.093;103.187;
1900-01-01 23:26:26;1158.0;1745673986;93.79;96.831;91.093;103.187;
1900-01-01 23:26:26;1159.0;1745673986;93.79;96.831;91.141;103.188;
1900-01-01 23:26:27;1160.0;1745673987;93.817;96.783;91.064;103.188;
1900-01-01 23:26:28;1161.0;1745673988;93.876;96.783;91.064;103.205;
1900-01-01 23:26:29;1162.0;1745673989;93.876;96.751;91.097;103.245;
1900-01-01 23:26:30;1163.0;1745673990;93.848;96.797;91.046;103.245;
1900-01-01 23:26:31;1164.0;1745673991;93.865;96.797;91.046;103.224;
1900-01-01 23:26:32;1165.0;1745673992;93.865;96.697;90.992;103.226;
1900-01-01 23:26:33;1166.0;1745673993;93.787;96.871;90.992;103.226;
1900-01-01 23:26:34;1167.0;1745673994;93.787;96.871;90.95;103.242;
1900-01-01 23:26:35;1168.0;1745673995;93.693;96.774;90.878;103.204;
1900-01-01 23:26:36;1169.0;1745673996;93.693;96.832;90.878;103.204;
1900-01-01 23:26:37;1170.0;1745673997;93.752;96.832;90.865;103.155;
1900-01-01 23:26:38;1171.0;1745673998;93.752;96.803;90.956;103.155;
1900-01-01 23:26:39;1172.0;1745673999;93.656;96.753;90.956;103.202;
1900-01-01 23:26:40;1173.0;1745674000;93.634;96.753;90.907;103.268;
1900-01-01 23:26:41;1174.0;1745674001;93.634;96.81;90.85;103.25;
1900-01-01 23:26:42;1175.0;1745674002;93.67;96.832;90.85;103.25;
1900-01-01 23:26:43;1176.0;1745674003;93.67;96.832;90.794;103.217;
1900-01-01 23:26:44;1177.0;1745674004;93.577;96.817;90.784;103.2;
1900-01-01 23:26:45;1178.0;1745674005;93.69;96.817;90.784;103.2;
1900-01-01 23:26:46;1179.0;1745674006;93.69;96.806;90.806;103.172;
1900-01-01 23:26:47;1180.0;1745674007;93.62;96.702;90.861;103.172;
1900-01-01 23:26:48;1181.0;1745674008;93.501;96.63;90.861;103.134;
1900-01-01 23:26:49;1182.0;1745674009;93.501;96.63;90.843;103.232;
1900-01-01 23:26:50;1183.0;1745674010;93.447;96.764;90.843;103.232;
1900-01-01 23:26:51;1184.0;1745674011;93.464;96.764;90.878;103.119;
1900-01-01 23:26:52;1185.0;1745674012;93.464;96.715;90.973;103.348;
1900-01-01 23:26:53;1186.0;1745674013;93.421;96.723;90.973;103.348;
1900-01-01 23:26:54;1187.0;1745674014;93.441;96.723;90.974;103.169;
1900-01-01 23:26:55;1188.0;1745674015;93.441;96.729;90.881;103.177;
1900-01-01 23:26:56;1189.0;1745674016;93.331;96.664;90.881;103.177;
1900-01-01 23:26:57;1190.0;1745674017;93.367;96.664;90.932;103.177;
1900-01-01 23:26:58;1191.0;1745674018;93.367;96.616;90.947;103.197;
1900-01-01 23:26:59;1192.0;1745674019;93.26;96.623;90.947;103.197;
1900-01-01 23:27:00;1193.0;1745674020;93.284;96.623;90.921;103.287;
1900-01-01 23:27:01;1194.0;1745674021;93.284;96.717;90.889;103.287;
1900-01-01 23:27:02;1195.0;1745674022;93.257;96.641;90.889;103.19;
1900-01-01 23:27:03;1196.0;1745674023;93.254;96.641;90.82;103.192;
1900-01-01 23:27:04;1197.0;1745674024;93.254;96.628;90.81;103.192;
1900-01-01 23:27:05;1198.0;1745674025;93.247;96.633;90.81;103.142;
1900-01-01 23:27:06;1199.0;1745674026;93.247;96.633;90.801;103.226;
1900-01-01 23:27:07;1200.0;1745674027;93.19;96.526;90.774;103.226;
