Time;Seconds from start for linreg;Unix Time;ch1 po2;ch2 po2;ch3 po2;ch4 po2;
1900-01-01 18:32:07;1.0;1745656327;98.993;100.76;95.576;108.834;
1900-01-01 18:32:08;2.0;1745656328;98.979;100.724;95.642;108.834;
1900-01-01 18:32:09;3.0;1745656329;98.89;100.662;95.642;108.902;
1900-01-01 18:32:10;4.0;1745656330;98.89;100.662;95.664;108.883;
1900-01-01 18:32:11;5.0;1745656331;98.931;100.654;95.687;108.883;
1900-01-01 18:32:12;6.0;1745656332;98.881;100.654;95.687;108.91;
1900-01-01 18:32:13;7.0;1745656333;98.881;100.648;95.69;108.854;
1900-01-01 18:32:14;8.0;1745656334;98.887;100.667;95.707;108.854;
1900-01-01 18:32:15;9.0;1745656335;98.864;100.667;95.707;108.849;
1900-01-01 18:32:16;10.0;1745656336;98.864;100.655;95.743;108.797;
1900-01-01 18:32:17;11.0;1745656337;98.95;100.557;95.713;108.797;
1900-01-01 18:32:18;12.0;1745656338;98.835;100.557;95.713;108.909;
1900-01-01 18:32:19;13.0;1745656339;98.835;100.663;95.642;108.888;
1900-01-01 18:32:20;14.0;1745656340;98.912;100.599;95.642;108.888;
1900-01-01 18:32:21;15.0;1745656341;98.866;100.599;95.612;108.849;
1900-01-01 18:32:22;16.0;1745656342;98.866;100.483;95.529;108.849;
1900-01-01 18:32:23;17.0;1745656343;98.793;100.508;95.529;108.885;
1900-01-01 18:32:24;18.0;1745656344;98.829;100.508;95.51;108.797;
1900-01-01 18:32:25;19.0;1745656345;98.829;100.496;95.555;108.841;
1900-01-01 18:32:26;20.0;1745656346;98.829;100.53;95.555;108.841;
1900-01-01 18:32:27;21.0;1745656347;98.829;100.53;95.556;108.931;
1900-01-01 18:32:28;22.0;1745656348;98.802;100.444;95.535;108.931;
1900-01-01 18:32:29;23.0;1745656349;98.774;100.444;95.535;108.905;
1900-01-01 18:32:30;24.0;1745656350;98.774;100.575;95.481;108.782;
1900-01-01 18:32:31;25.0;1745656351;98.808;100.555;95.429;108.782;
1900-01-01 18:32:33;26.0;1745656353;98.861;100.655;95.429;108.883;
1900-01-01 18:32:33;27.0;1745656353;98.861;100.655;95.349;108.847;
1900-01-01 18:32:34;28.0;1745656354;98.687;100.632;95.3;108.847;
1900-01-01 18:32:36;29.0;1745656356;98.691;100.658;95.3;108.884;
1900-01-01 18:32:36;30.0;1745656356;98.691;100.658;95.206;108.887;
1900-01-01 18:32:37;31.0;1745656357;98.587;100.65;95.19;108.887;
1900-01-01 18:32:38;32.0;1745656358;98.541;100.65;95.19;108.838;
1900-01-01 18:32:39;33.0;1745656359;98.541;100.591;95.132;108.895;
1900-01-01 18:32:40;34.0;1745656360;98.56;100.593;95.199;108.895;
1900-01-01 18:32:41;35.0;1745656361;98.415;100.593;95.199;108.845;
1900-01-01 18:32:42;36.0;1745656362;98.415;100.592;95.171;108.873;
1900-01-01 18:32:43;37.0;1745656363;98.365;100.543;95.155;108.873;
1900-01-01 18:32:44;38.0;1745656364;98.365;100.543;95.155;108.828;
1900-01-01 18:32:45;39.0;1745656365;98.237;100.627;95.174;108.805;
1900-01-01 18:32:46;40.0;1745656366;98.31;100.454;95.174;108.805;
1900-01-01 18:32:47;41.0;1745656367;98.201;100.454;95.079;108.83;
1900-01-01 18:32:48;42.0;1745656368;98.201;100.469;95.049;108.83;
1900-01-01 18:32:49;43.0;1745656369;98.283;100.457;95.049;108.893;
1900-01-01 18:32:50;44.0;1745656370;98.263;100.457;95.01;108.82;
1900-01-01 18:32:52;45.0;1745656372;98.263;100.491;94.883;108.831;
1900-01-01 18:32:52;46.0;1745656372;98.223;100.471;94.883;108.831;
1900-01-01 18:32:53;47.0;1745656373;98.223;100.471;94.94;108.826;
1900-01-01 18:32:54;48.0;1745656374;98.221;100.454;94.929;108.826;
1900-01-01 18:32:55;49.0;1745656375;98.195;100.414;94.929;108.916;
1900-01-01 18:32:56;50.0;1745656376;98.195;100.414;94.965;108.827;
1900-01-01 18:32:57;51.0;1745656377;98.249;100.397;94.982;108.827;
1900-01-01 18:32:58;52.0;1745656378;98.101;100.397;94.982;108.76;
1900-01-01 18:32:59;53.0;1745656379;98.101;100.539;94.915;108.787;
1900-01-01 18:33:00;54.0;1745656380;98.139;100.496;94.835;108.787;
1900-01-01 18:33:01;55.0;1745656381;98.141;100.496;94.835;108.785;
1900-01-01 18:33:02;56.0;1745656382;98.141;100.589;94.675;108.806;
1900-01-01 18:33:03;57.0;1745656383;98.159;100.593;94.477;108.806;
1900-01-01 18:33:04;58.0;1745656384;98.161;100.593;94.477;108.754;
1900-01-01 18:33:05;59.0;1745656385;98.161;100.492;94.426;108.855;
1900-01-01 18:33:06;60.0;1745656386;98.274;100.556;94.426;108.855;
1900-01-01 18:33:07;61.0;1745656387;98.199;100.556;94.429;108.91;
1900-01-01 18:33:08;62.0;1745656388;98.199;100.542;94.45;108.853;
1900-01-01 18:33:09;63.0;1745656389;98.242;100.466;94.45;108.853;
1900-01-01 18:33:10;64.0;1745656390;98.242;100.466;94.543;108.834;
1900-01-01 18:33:11;65.0;1745656391;98.234;100.48;94.616;108.834;
1900-01-01 18:33:12;66.0;1745656392;98.277;100.387;94.616;108.802;
1900-01-01 18:33:13;67.0;1745656393;98.277;100.387;94.7;108.81;
1900-01-01 18:33:14;68.0;1745656394;98.199;100.375;94.679;108.81;
1900-01-01 18:33:16;69.0;1745656396;98.216;100.428;94.679;108.889;
1900-01-01 18:33:16;70.0;1745656396;98.216;100.428;94.664;108.784;
1900-01-01 18:33:17;71.0;1745656397;98.164;100.34;94.671;108.784;
1900-01-01 18:33:18;72.0;1745656398;98.222;100.391;94.671;108.819;
1900-01-01 18:33:19;73.0;1745656399;98.222;100.391;94.796;108.858;
1900-01-01 18:33:20;74.0;1745656400;98.165;100.371;94.801;108.858;
1900-01-01 18:33:21;75.0;1745656401;98.185;100.345;94.801;108.856;
1900-01-01 18:33:22;76.0;1745656402;98.185;100.345;94.766;108.804;
1900-01-01 18:33:23;77.0;1745656403;98.1;100.324;94.669;108.804;
1900-01-01 18:33:24;78.0;1745656404;98.186;100.36;94.669;108.803;
1900-01-01 18:33:25;79.0;1745656405;98.186;100.36;94.641;108.765;
1900-01-01 18:33:26;80.0;1745656406;98.191;100.349;94.718;108.765;
1900-01-01 18:33:27;81.0;1745656407;98.108;100.349;94.718;108.865;
1900-01-01 18:33:28;82.0;1745656408;98.108;100.306;94.621;108.901;
1900-01-01 18:33:29;83.0;1745656409;98.221;100.35;94.709;108.901;
1900-01-01 18:33:30;84.0;1745656410;98.121;100.35;94.709;108.814;
1900-01-01 18:33:31;85.0;1745656411;98.121;100.342;94.729;108.836;
1900-01-01 18:33:32;86.0;1745656412;98.104;100.349;94.729;108.836;
1900-01-01 18:33:33;87.0;1745656413;98.032;100.349;94.629;108.788;
1900-01-01 18:33:34;88.0;1745656414;98.032;100.297;94.68;108.775;
1900-01-01 18:33:35;89.0;1745656415;98.061;100.371;94.68;108.775;
1900-01-01 18:33:36;90.0;1745656416;98.018;100.371;94.687;108.756;
1900-01-01 18:33:37;91.0;1745656417;98.018;100.413;94.654;108.756;
1900-01-01 18:33:38;92.0;1745656418;98.031;100.409;94.654;108.845;
1900-01-01 18:33:39;93.0;1745656419;97.923;100.409;94.629;108.806;
1900-01-01 18:33:40;94.0;1745656420;97.923;100.316;94.633;108.806;
1900-01-01 18:33:41;95.0;1745656421;97.913;100.291;94.633;108.849;
1900-01-01 18:33:42;96.0;1745656422;97.913;100.291;94.527;108.777;
1900-01-01 18:33:43;97.0;1745656423;97.939;100.38;94.42;108.777;
1900-01-01 18:33:44;98.0;1745656424;97.904;100.38;94.42;108.804;
1900-01-01 18:33:45;99.0;1745656425;97.904;100.26;94.405;108.792;
1900-01-01 18:33:46;100.0;1745656426;97.884;100.329;94.436;108.792;
1900-01-01 18:33:47;101.0;1745656427;97.913;100.329;94.436;108.748;
1900-01-01 18:33:48;102.0;1745656428;97.913;100.287;94.404;108.797;
1900-01-01 18:33:49;103.0;1745656429;97.87;100.258;94.404;108.797;
1900-01-01 18:33:50;104.0;1745656430;97.848;100.258;94.5;108.726;
1900-01-01 18:33:51;105.0;1745656431;97.848;100.314;94.526;108.786;
1900-01-01 18:33:52;106.0;1745656432;97.797;100.265;94.526;108.786;
1900-01-01 18:33:53;107.0;1745656433;97.805;100.265;94.461;108.803;
1900-01-01 18:33:54;108.0;1745656434;97.805;100.149;94.403;108.801;
1900-01-01 18:33:55;109.0;1745656435;97.779;100.182;94.403;108.801;
1900-01-01 18:33:56;110.0;1745656436;97.779;100.182;94.367;108.704;
1900-01-01 18:33:57;111.0;1745656437;97.692;100.173;94.32;108.704;
1900-01-01 18:33:58;112.0;1745656438;97.7;100.098;94.32;108.8;
1900-01-01 18:33:59;113.0;1745656439;97.647;100.098;94.379;108.782;
1900-01-01 18:34:00;114.0;1745656440;97.647;100.186;94.327;108.782;
1900-01-01 18:34:01;115.0;1745656441;97.543;100.103;94.327;108.815;
1900-01-01 18:34:02;116.0;1745656442;97.536;100.103;94.361;108.807;
1900-01-01 18:34:03;117.0;1745656443;97.536;100.132;94.184;108.753;
1900-01-01 18:34:04;118.0;1745656444;97.421;100.132;94.184;108.753;
1900-01-01 18:34:05;119.0;1745656445;97.421;100.059;94.159;108.887;
1900-01-01 18:34:06;120.0;1745656446;97.316;100.054;94.17;108.887;
1900-01-01 18:34:07;121.0;1745656447;97.286;100.133;94.17;108.777;
1900-01-01 18:34:09;122.0;1745656449;97.238;100.133;94.292;108.841;
1900-01-01 18:34:09;123.0;1745656449;97.238;100.093;94.316;108.841;
1900-01-01 18:34:10;124.0;1745656450;97.292;100.069;94.316;108.809;
1900-01-01 18:34:11;125.0;1745656451;97.292;100.069;94.344;108.844;
1900-01-01 18:34:12;126.0;1745656452;97.294;100.023;94.198;108.844;
1900-01-01 18:34:13;127.0;1745656453;97.215;100.023;94.198;108.899;
1900-01-01 18:34:14;128.0;1745656454;97.215;100.163;94.085;108.781;
1900-01-01 18:34:15;129.0;1745656455;97.369;99.992;94.12;108.781;
1900-01-01 18:34:16;130.0;1745656456;97.316;100.11;94.12;108.855;
1900-01-01 18:34:17;131.0;1745656457;97.298;100.11;94.058;108.724;
1900-01-01 18:34:18;132.0;1745656458;97.298;100.119;94.211;108.724;
1900-01-01 18:34:19;133.0;1745656459;97.336;99.991;94.211;108.859;
1900-01-01 18:34:20;134.0;1745656460;97.336;99.991;94.225;108.747;
1900-01-01 18:34:22;135.0;1745656462;97.295;100.016;94.179;108.725;
1900-01-01 18:34:22;136.0;1745656462;97.248;100.016;94.179;108.725;
1900-01-01 18:34:23;137.0;1745656463;97.248;99.984;94.231;108.77;
1900-01-01 18:34:24;138.0;1745656464;97.315;100.126;94.215;108.77;
1900-01-01 18:34:25;139.0;1745656465;97.243;100.055;94.215;108.754;
1900-01-01 18:34:27;140.0;1745656467;97.273;100.055;94.161;108.798;
1900-01-01 18:34:27;141.0;1745656467;97.273;100.014;94.032;108.798;
1900-01-01 18:34:28;142.0;1745656468;97.204;100.053;94.032;108.818;
1900-01-01 18:34:29;143.0;1745656469;97.204;100.053;94.06;108.769;
1900-01-01 18:34:30;144.0;1745656470;97.193;99.974;94.043;108.769;
1900-01-01 18:34:31;145.0;1745656471;97.185;99.974;94.043;108.713;
1900-01-01 18:34:32;146.0;1745656472;97.185;99.908;94.049;108.792;
1900-01-01 18:34:33;147.0;1745656473;97.225;99.896;93.98;108.792;
1900-01-01 18:34:34;148.0;1745656474;97.194;99.879;93.98;108.704;
1900-01-01 18:34:35;149.0;1745656475;97.194;99.879;93.952;108.681;
1900-01-01 18:34:36;150.0;1745656476;97.184;99.93;93.874;108.681;
1900-01-01 18:34:37;151.0;1745656477;97.212;99.876;93.874;108.756;
1900-01-01 18:34:38;152.0;1745656478;97.212;99.876;93.894;108.801;
1900-01-01 18:34:39;153.0;1745656479;97.146;99.912;93.984;108.801;
1900-01-01 18:34:40;154.0;1745656480;97.099;99.912;93.984;108.791;
1900-01-01 18:34:41;155.0;1745656481;97.099;99.923;93.976;108.79;
1900-01-01 18:34:42;156.0;1745656482;97.032;99.887;93.976;108.79;
1900-01-01 18:34:43;157.0;1745656483;97.012;99.887;93.915;108.754;
1900-01-01 18:34:44;158.0;1745656484;97.012;99.862;94.0;108.817;
1900-01-01 18:34:45;159.0;1745656485;96.97;99.824;94.0;108.817;
1900-01-01 18:34:46;160.0;1745656486;97.008;99.824;93.97;108.79;
1900-01-01 18:34:47;161.0;1745656487;97.008;99.854;93.862;108.79;
1900-01-01 18:34:48;162.0;1745656488;96.875;99.93;93.862;108.792;
1900-01-01 18:34:49;163.0;1745656489;96.875;99.93;93.785;108.749;
1900-01-01 18:34:50;164.0;1745656490;96.795;99.853;93.866;108.749;
1900-01-01 18:34:51;165.0;1745656491;96.785;99.787;93.866;108.808;
1900-01-01 18:34:52;166.0;1745656492;96.785;99.787;93.822;108.885;
1900-01-01 18:34:53;167.0;1745656493;96.605;99.8;93.882;108.885;
1900-01-01 18:34:54;168.0;1745656494;96.442;99.799;93.882;108.846;
1900-01-01 18:34:56;169.0;1745656496;96.442;99.799;93.887;108.756;
1900-01-01 18:34:56;170.0;1745656496;96.414;99.81;93.9;108.756;
1900-01-01 18:34:58;171.0;1745656498;96.314;99.884;93.9;108.786;
1900-01-01 18:34:58;172.0;1745656498;96.314;99.884;93.932;108.698;
1900-01-01 18:34:59;173.0;1745656499;96.187;99.811;93.822;108.698;
1900-01-01 18:35:00;174.0;1745656500;96.259;99.811;93.822;108.849;
1900-01-01 18:35:01;175.0;1745656501;96.259;99.79;93.92;108.816;
1900-01-01 18:35:02;176.0;1745656502;96.154;99.814;93.885;108.816;
1900-01-01 18:35:03;177.0;1745656503;96.226;99.814;93.885;108.76;
1900-01-01 18:35:04;178.0;1745656504;96.226;99.817;93.671;108.772;
1900-01-01 18:35:05;179.0;1745656505;96.182;99.924;93.671;108.772;
1900-01-01 18:35:06;180.0;1745656506;96.075;99.924;93.492;108.757;
1900-01-01 18:35:07;181.0;1745656507;96.075;99.747;93.441;108.804;
1900-01-01 18:35:08;182.0;1745656508;96.111;99.748;93.441;108.804;
1900-01-01 18:35:09;183.0;1745656509;96.179;99.748;93.548;108.756;
1900-01-01 18:35:10;184.0;1745656510;96.179;99.869;93.606;108.654;
1900-01-01 18:35:11;185.0;1745656511;96.278;99.817;93.606;108.654;
1900-01-01 18:35:12;186.0;1745656512;96.259;99.817;93.613;108.833;
1900-01-01 18:35:14;187.0;1745656514;96.259;99.752;93.586;108.845;
1900-01-01 18:35:14;188.0;1745656514;96.207;99.818;93.586;108.845;
1900-01-01 18:35:15;189.0;1745656515;96.207;99.818;93.516;108.713;
1900-01-01 18:35:16;190.0;1745656516;96.262;99.837;93.43;108.713;
1900-01-01 18:35:17;191.0;1745656517;96.284;99.837;93.43;108.683;
1900-01-01 18:35:18;192.0;1745656518;96.284;99.769;93.473;108.793;
1900-01-01 18:35:19;193.0;1745656519;96.301;99.785;93.428;108.793;
1900-01-01 18:35:21;194.0;1745656521;96.25;99.775;93.428;108.807;
1900-01-01 18:35:21;195.0;1745656521;96.25;99.775;93.52;108.805;
1900-01-01 18:35:22;196.0;1745656522;96.28;99.761;93.531;108.805;
1900-01-01 18:35:23;197.0;1745656523;96.278;99.761;93.531;108.769;
1900-01-01 18:35:24;198.0;1745656524;96.278;99.744;93.525;108.75;
1900-01-01 18:35:25;199.0;1745656525;96.349;99.754;93.563;108.75;
1900-01-01 18:35:26;200.0;1745656526;96.24;99.754;93.563;108.669;
1900-01-01 18:35:27;201.0;1745656527;96.24;99.844;93.556;108.794;
1900-01-01 18:35:28;202.0;1745656528;96.312;99.759;93.487;108.794;
1900-01-01 18:35:29;203.0;1745656529;96.344;99.759;93.487;108.745;
1900-01-01 18:35:30;204.0;1745656530;96.344;99.758;93.373;108.713;
1900-01-01 18:35:31;205.0;1745656531;96.259;99.689;93.373;108.713;
1900-01-01 18:35:32;206.0;1745656532;96.343;99.689;93.457;108.764;
1900-01-01 18:35:33;207.0;1745656533;96.343;99.704;93.492;108.773;
1900-01-01 18:35:34;208.0;1745656534;96.322;99.676;93.492;108.773;
1900-01-01 18:35:35;209.0;1745656535;96.26;99.676;93.481;108.783;
1900-01-01 18:35:36;210.0;1745656536;96.26;99.718;93.413;108.791;
1900-01-01 18:35:37;211.0;1745656537;96.201;99.616;93.413;108.791;
1900-01-01 18:35:38;212.0;1745656538;96.201;99.616;93.501;108.783;
1900-01-01 18:35:39;213.0;1745656539;96.038;99.666;93.544;108.783;
1900-01-01 18:35:40;214.0;1745656540;96.014;99.585;93.544;108.711;
1900-01-01 18:35:41;215.0;1745656541;95.936;99.585;93.553;108.764;
1900-01-01 18:35:42;216.0;1745656542;95.936;99.616;93.539;108.764;
1900-01-01 18:35:43;217.0;1745656543;95.864;99.658;93.539;108.744;
1900-01-01 18:35:44;218.0;1745656544;95.864;99.658;93.462;108.712;
1900-01-01 18:35:45;219.0;1745656545;95.885;99.616;93.416;108.712;
1900-01-01 18:35:46;220.0;1745656546;95.859;99.616;93.416;108.737;
1900-01-01 18:35:47;221.0;1745656547;95.859;99.645;93.322;108.707;
1900-01-01 18:35:48;222.0;1745656548;95.855;99.639;93.253;108.707;
1900-01-01 18:35:49;223.0;1745656549;95.857;99.639;93.253;108.621;
1900-01-01 18:35:50;224.0;1745656550;95.857;99.723;93.245;108.689;
1900-01-01 18:35:52;225.0;1745656552;95.82;99.661;93.272;108.689;
1900-01-01 18:35:52;226.0;1745656552;95.726;99.661;93.272;108.772;
1900-01-01 18:35:53;227.0;1745656553;95.726;99.685;93.245;108.739;
1900-01-01 18:35:54;228.0;1745656554;95.825;99.62;93.245;108.739;
1900-01-01 18:35:55;229.0;1745656555;95.78;99.62;93.344;108.741;
1900-01-01 18:35:56;230.0;1745656556;95.78;99.629;93.312;108.749;
1900-01-01 18:35:57;231.0;1745656557;95.792;99.626;93.312;108.749;
1900-01-01 18:35:58;232.0;1745656558;95.792;99.626;93.265;108.731;
1900-01-01 18:35:59;233.0;1745656559;95.907;99.631;93.026;108.731;
1900-01-01 18:36:01;234.0;1745656561;95.939;99.528;93.026;108.791;
1900-01-01 18:36:01;235.0;1745656561;95.939;99.528;93.047;108.728;
1900-01-01 18:36:02;236.0;1745656562;95.802;99.518;92.958;108.728;
1900-01-01 18:36:03;237.0;1745656563;95.833;99.489;92.958;108.754;
1900-01-01 18:36:04;238.0;1745656564;95.833;99.489;92.937;108.791;
1900-01-01 18:36:05;239.0;1745656565;95.75;99.441;92.967;108.791;
1900-01-01 18:36:06;240.0;1745656566;95.698;99.441;92.967;108.692;
1900-01-01 18:36:07;241.0;1745656567;95.698;99.491;93.017;108.758;
1900-01-01 18:36:08;242.0;1745656568;95.698;99.381;93.068;108.758;
1900-01-01 18:36:09;243.0;1745656569;95.692;99.381;93.068;108.675;
1900-01-01 18:36:10;244.0;1745656570;95.692;99.405;93.121;108.736;
1900-01-01 18:36:11;245.0;1745656571;95.717;99.384;93.131;108.736;
1900-01-01 18:36:12;246.0;1745656572;95.69;99.384;93.131;108.756;
1900-01-01 18:36:13;247.0;1745656573;95.69;99.383;93.169;108.724;
1900-01-01 18:36:14;248.0;1745656574;95.706;99.348;93.165;108.724;
1900-01-01 18:36:15;249.0;1745656575;95.626;99.282;93.165;108.738;
1900-01-01 18:36:16;250.0;1745656576;95.626;99.282;93.097;108.77;
1900-01-01 18:36:17;251.0;1745656577;95.57;99.347;93.002;108.77;
1900-01-01 18:36:18;252.0;1745656578;95.623;99.347;93.002;108.746;
1900-01-01 18:36:19;253.0;1745656579;95.623;99.291;92.957;108.753;
1900-01-01 18:36:20;254.0;1745656580;95.61;99.246;92.957;108.753;
1900-01-01 18:36:21;255.0;1745656581;95.476;99.246;93.034;108.724;
1900-01-01 18:36:22;256.0;1745656582;95.476;99.336;92.931;108.724;
1900-01-01 18:36:23;257.0;1745656583;95.525;99.317;92.931;108.76;
1900-01-01 18:36:24;258.0;1745656584;95.467;99.317;93.0;108.729;
1900-01-01 18:36:25;259.0;1745656585;95.467;99.286;92.981;108.729;
1900-01-01 18:36:26;260.0;1745656586;95.434;99.329;92.981;108.689;
1900-01-01 18:36:27;261.0;1745656587;95.406;99.329;93.108;108.728;
1900-01-01 18:36:28;262.0;1745656588;95.406;99.262;93.044;108.728;
1900-01-01 18:36:29;263.0;1745656589;95.31;99.326;93.044;108.679;
1900-01-01 18:36:30;264.0;1745656590;95.31;99.326;93.031;108.742;
1900-01-01 18:36:32;265.0;1745656592;95.394;99.345;92.946;108.727;
1900-01-01 18:36:32;266.0;1745656592;95.155;99.345;92.946;108.727;
1900-01-01 18:36:33;267.0;1745656593;95.155;99.344;92.941;108.757;
1900-01-01 18:36:34;268.0;1745656594;95.239;99.288;92.788;108.757;
1900-01-01 18:36:35;269.0;1745656595;95.227;99.288;92.788;108.692;
1900-01-01 18:36:36;270.0;1745656596;95.227;99.248;92.764;108.7;
1900-01-01 18:36:38;271.0;1745656598;95.212;99.323;92.827;108.7;
1900-01-01 18:36:38;272.0;1745656598;95.23;99.323;92.827;108.724;
1900-01-01 18:36:39;273.0;1745656599;95.23;99.269;92.885;108.729;
1900-01-01 18:36:40;274.0;1745656600;95.16;99.309;92.885;108.729;
1900-01-01 18:36:41;275.0;1745656601;95.219;99.309;92.856;108.713;
1900-01-01 18:36:42;276.0;1745656602;95.219;99.285;92.924;108.717;
1900-01-01 18:36:43;277.0;1745656603;95.201;99.2;92.924;108.717;
1900-01-01 18:36:44;278.0;1745656604;95.15;99.2;92.928;108.778;
1900-01-01 18:36:45;279.0;1745656605;95.15;99.299;92.777;108.778;
1900-01-01 18:36:46;280.0;1745656606;95.177;99.3;92.777;108.712;
1900-01-01 18:36:47;281.0;1745656607;95.146;99.3;92.715;108.694;
1900-01-01 18:36:48;282.0;1745656608;95.146;99.246;92.677;108.67;
1900-01-01 18:36:49;283.0;1745656609;95.1;99.245;92.591;108.67;
1900-01-01 18:36:50;284.0;1745656610;95.1;99.245;92.591;108.725;
1900-01-01 18:36:51;285.0;1745656611;95.088;99.324;92.647;108.725;
1900-01-01 18:36:52;286.0;1745656612;95.062;99.344;92.647;108.733;
1900-01-01 18:36:54;287.0;1745656614;95.009;99.344;92.645;108.699;
1900-01-01 18:36:54;288.0;1745656614;95.009;99.286;92.713;108.699;
1900-01-01 18:36:55;289.0;1745656615;94.929;99.334;92.713;108.636;
1900-01-01 18:36:56;290.0;1745656616;94.906;99.334;92.799;108.721;
1900-01-01 18:36:57;291.0;1745656617;94.906;99.326;92.901;108.721;
1900-01-01 18:36:58;292.0;1745656618;94.828;99.266;92.901;108.701;
1900-01-01 18:36:59;293.0;1745656619;94.828;99.266;92.92;108.794;
1900-01-01 18:37:01;294.0;1745656621;94.752;99.241;92.828;108.794;
1900-01-01 18:37:01;295.0;1745656621;94.726;99.241;92.828;108.777;
1900-01-01 18:37:02;296.0;1745656622;94.726;99.21;92.727;108.748;
1900-01-01 18:37:03;297.0;1745656623;94.686;99.243;92.727;108.748;
1900-01-01 18:37:04;298.0;1745656624;94.638;99.243;92.671;108.712;
1900-01-01 18:37:05;299.0;1745656625;94.638;99.26;92.594;108.75;
1900-01-01 18:37:06;300.0;1745656626;94.654;99.122;92.594;108.75;
1900-01-01 18:37:07;301.0;1745656627;94.565;99.122;92.489;108.7;
1900-01-01 18:37:08;302.0;1745656628;94.565;99.126;92.519;108.7;
1900-01-01 18:37:09;303.0;1745656629;94.445;99.251;92.519;108.686;
1900-01-01 18:37:10;304.0;1745656630;94.372;99.251;92.385;108.766;
1900-01-01 18:37:11;305.0;1745656631;94.372;99.16;92.427;108.766;
1900-01-01 18:37:12;306.0;1745656632;94.431;99.163;92.427;108.7;
1900-01-01 18:37:13;307.0;1745656633;94.431;99.163;92.471;108.712;
1900-01-01 18:37:14;308.0;1745656634;94.356;99.105;92.541;108.691;
1900-01-01 18:37:15;309.0;1745656635;94.252;99.105;92.541;108.691;
1900-01-01 18:37:16;310.0;1745656636;94.252;99.144;92.525;108.689;
1900-01-01 18:37:17;311.0;1745656637;94.161;99.164;92.553;108.689;
1900-01-01 18:37:18;312.0;1745656639;94.047;99.174;92.553;108.678;
1900-01-01 18:37:19;313.0;1745656639;94.047;99.174;92.583;108.66;
1900-01-01 18:37:20;314.0;1745656640;93.91;99.062;92.558;108.66;
1900-01-01 18:37:21;315.0;1745656641;93.862;99.158;92.558;108.693;
1900-01-01 18:37:22;316.0;1745656642;93.862;99.158;92.578;108.674;
1900-01-01 18:37:23;317.0;1745656643;93.816;99.075;92.523;108.674;
1900-01-01 18:37:24;318.0;1745656644;93.743;99.075;92.523;108.736;
1900-01-01 18:37:25;319.0;1745656645;93.743;99.204;92.548;108.742;
1900-01-01 18:37:26;320.0;1745656646;93.847;99.129;92.503;108.742;
1900-01-01 18:37:27;321.0;1745656647;93.89;99.129;92.503;108.76;
1900-01-01 18:37:28;322.0;1745656648;93.89;99.142;92.564;108.682;
1900-01-01 18:37:29;323.0;1745656649;93.946;99.108;92.476;108.682;
1900-01-01 18:37:30;324.0;1745656650;93.895;99.108;92.476;108.789;
1900-01-01 18:37:31;325.0;1745656651;93.895;99.092;92.372;108.74;
1900-01-01 18:37:32;326.0;1745656652;94.021;99.122;92.372;108.74;
1900-01-01 18:37:33;327.0;1745656653;93.998;99.122;92.359;108.769;
1900-01-01 18:37:34;328.0;1745656654;93.998;99.1;92.372;108.769;
1900-01-01 18:37:35;329.0;1745656655;93.972;99.068;92.372;108.711;
1900-01-01 18:37:36;330.0;1745656656;93.935;99.068;92.332;108.629;
1900-01-01 18:37:37;331.0;1745656657;93.935;99.045;92.397;108.629;
1900-01-01 18:37:38;332.0;1745656658;93.911;98.995;92.397;108.71;
1900-01-01 18:37:40;333.0;1745656660;93.801;98.995;92.305;108.752;
1900-01-01 18:37:40;334.0;1745656660;93.801;99.111;92.258;108.752;
1900-01-01 18:37:41;335.0;1745656661;93.842;99.104;92.258;108.788;
1900-01-01 18:37:42;336.0;1745656662;93.842;99.104;92.327;108.753;
1900-01-01 18:37:43;337.0;1745656663;93.923;99.063;92.326;108.753;
1900-01-01 18:37:44;338.0;1745656664;93.941;98.982;92.326;108.657;
1900-01-01 18:37:45;339.0;1745656665;93.941;98.982;92.368;108.685;
1900-01-01 18:37:46;340.0;1745656666;93.982;99.046;92.368;108.685;
1900-01-01 18:37:47;341.0;1745656667;93.994;99.046;92.388;108.638;
1900-01-01 18:37:48;342.0;1745656668;93.994;99.05;92.37;108.731;
1900-01-01 18:37:49;343.0;1745656669;93.985;99.115;92.37;108.731;
1900-01-01 18:37:50;344.0;1745656670;94.081;99.115;92.323;108.772;
1900-01-01 18:37:51;345.0;1745656671;94.081;99.03;92.282;108.721;
1900-01-01 18:37:52;346.0;1745656672;94.016;99.036;92.282;108.721;
1900-01-01 18:37:53;347.0;1745656673;94.004;99.036;92.278;108.74;
1900-01-01 18:37:54;348.0;1745656674;94.004;99.009;92.266;108.659;
1900-01-01 18:37:55;349.0;1745656675;93.92;98.969;92.266;108.659;
1900-01-01 18:37:56;350.0;1745656676;93.92;98.969;92.35;108.639;
1900-01-01 18:37:57;351.0;1745656677;94.002;98.965;92.279;108.692;
1900-01-01 18:37:59;352.0;1745656679;94.059;98.926;92.279;108.692;
1900-01-01 18:37:59;353.0;1745656679;94.059;98.926;92.227;108.701;
1900-01-01 18:38:00;354.0;1745656680;94.101;98.873;92.186;108.701;
1900-01-01 18:38:01;355.0;1745656681;94.104;98.939;92.186;108.639;
1900-01-01 18:38:02;356.0;1745656682;94.104;98.939;92.125;108.724;
1900-01-01 18:38:03;357.0;1745656683;94.025;98.855;92.109;108.724;
1900-01-01 18:38:04;358.0;1745656684;93.931;98.929;92.109;108.676;
1900-01-01 18:38:05;359.0;1745656685;93.931;98.929;92.122;108.588;
1900-01-01 18:38:06;360.0;1745656686;93.882;98.807;92.004;108.588;
1900-01-01 18:38:07;361.0;1745656687;93.847;98.807;92.004;108.648;
1900-01-01 18:38:08;362.0;1745656688;93.847;98.785;92.043;108.613;
1900-01-01 18:38:09;363.0;1745656689;93.774;98.928;92.022;108.613;
1900-01-01 18:38:10;364.0;1745656690;93.749;98.928;92.022;108.652;
1900-01-01 18:38:11;365.0;1745656691;93.749;98.963;91.984;108.731;
1900-01-01 18:38:12;366.0;1745656692;93.619;98.833;91.984;108.731;
1900-01-01 18:38:13;367.0;1745656693;93.532;98.833;92.0;108.714;
1900-01-01 18:38:14;368.0;1745656694;93.532;98.81;91.986;108.625;
1900-01-01 18:38:15;369.0;1745656695;93.561;98.811;91.986;108.625;
1900-01-01 18:38:16;370.0;1745656696;93.537;98.811;91.949;108.667;
1900-01-01 18:38:17;371.0;1745656697;93.537;98.861;91.913;108.667;
1900-01-01 18:38:18;372.0;1745656698;93.547;98.92;91.913;108.738;
1900-01-01 18:38:19;373.0;1745656699;93.547;98.92;92.026;108.603;
1900-01-01 18:38:20;374.0;1745656700;93.559;98.876;92.104;108.701;
1900-01-01 18:38:21;375.0;1745656701;93.567;98.904;92.104;108.701;
1900-01-01 18:38:22;376.0;1745656702;93.567;98.904;92.057;108.621;
1900-01-01 18:38:23;377.0;1745656703;93.631;98.876;92.131;108.621;
1900-01-01 18:38:24;378.0;1745656704;93.658;98.746;92.131;108.623;
1900-01-01 18:38:25;379.0;1745656705;93.658;98.746;92.029;108.66;
1900-01-01 18:38:26;380.0;1745656706;93.709;98.8;92.054;108.66;
1900-01-01 18:38:27;381.0;1745656707;93.674;98.8;92.054;108.671;
1900-01-01 18:38:28;382.0;1745656708;93.674;98.762;91.914;108.666;
1900-01-01 18:38:30;383.0;1745656710;93.555;98.778;91.86;108.666;
1900-01-01 18:38:30;384.0;1745656710;93.577;98.778;91.86;108.663;
1900-01-01 18:38:31;385.0;1745656711;93.577;98.723;91.904;108.733;
1900-01-01 18:38:32;386.0;1745656712;93.477;98.714;91.764;108.733;
1900-01-01 18:38:33;387.0;1745656713;93.461;98.714;91.764;108.599;
1900-01-01 18:38:34;388.0;1745656714;93.461;98.725;91.849;108.604;
1900-01-01 18:38:35;389.0;1745656715;93.365;98.589;91.849;108.604;
1900-01-01 18:38:36;390.0;1745656716;93.399;98.589;91.934;108.67;
1900-01-01 18:38:37;391.0;1745656717;93.399;98.634;91.757;108.669;
1900-01-01 18:38:39;392.0;1745656719;93.291;98.626;91.651;108.669;
1900-01-01 18:38:39;393.0;1745656719;93.263;98.626;91.651;108.619;
1900-01-01 18:38:40;394.0;1745656720;93.263;98.591;91.642;108.731;
1900-01-01 18:38:41;395.0;1745656721;93.236;98.565;91.642;108.731;
1900-01-01 18:38:42;396.0;1745656722;93.236;98.565;91.65;108.715;
1900-01-01 18:38:43;397.0;1745656723;93.258;98.538;91.785;108.631;
1900-01-01 18:38:44;398.0;1745656724;93.275;98.5;91.785;108.631;
1900-01-01 18:38:45;399.0;1745656725;93.275;98.5;91.851;108.622;
1900-01-01 18:38:47;400.0;1745656727;93.213;98.443;91.87;108.711;
1900-01-01 18:38:47;401.0;1745656727;93.234;98.456;91.87;108.711;
1900-01-01 18:38:48;402.0;1745656728;93.234;98.456;91.868;108.636;
1900-01-01 18:38:49;403.0;1745656729;93.228;98.487;91.822;108.636;
1900-01-01 18:38:50;404.0;1745656730;93.225;98.365;91.822;108.657;
1900-01-01 18:38:51;405.0;1745656731;93.225;98.365;91.858;108.675;
1900-01-01 18:38:52;406.0;1745656732;93.202;98.479;91.812;108.675;
1900-01-01 18:38:53;407.0;1745656733;93.268;98.459;91.812;108.803;
1900-01-01 18:38:54;408.0;1745656734;93.268;98.459;91.767;108.601;
1900-01-01 18:38:55;409.0;1745656735;93.26;98.444;91.695;108.601;
1900-01-01 18:38:56;410.0;1745656736;93.256;98.444;91.695;108.593;
1900-01-01 18:38:57;411.0;1745656737;93.256;98.543;91.621;108.71;
1900-01-01 18:38:58;412.0;1745656738;93.23;98.517;91.621;108.71;
1900-01-01 18:38:59;413.0;1745656739;93.211;98.517;91.582;108.705;
1900-01-01 18:39:00;414.0;1745656740;93.211;98.541;91.546;108.705;
1900-01-01 18:39:01;415.0;1745656741;93.178;98.624;91.546;108.708;
1900-01-01 18:39:02;416.0;1745656742;93.161;98.624;91.533;108.758;
1900-01-01 18:39:03;417.0;1745656743;93.161;98.522;91.51;108.758;
1900-01-01 18:39:04;418.0;1745656744;93.113;98.58;91.51;108.711;
1900-01-01 18:39:05;419.0;1745656745;93.113;98.58;91.519;108.768;
1900-01-01 18:39:06;420.0;1745656746;93.038;98.56;91.522;108.605;
1900-01-01 18:39:07;421.0;1745656747;93.039;98.56;91.522;108.605;
1900-01-01 18:39:08;422.0;1745656748;93.039;98.642;91.592;108.575;
1900-01-01 18:39:09;423.0;1745656749;93.068;98.546;91.59;108.575;
1900-01-01 18:39:10;424.0;1745656750;93.071;98.499;91.59;108.553;
1900-01-01 18:39:11;425.0;1745656751;93.071;98.499;91.664;108.642;
1900-01-01 18:39:12;426.0;1745656752;93.1;98.474;91.773;108.642;
1900-01-01 18:39:13;427.0;1745656753;93.113;98.485;91.773;108.74;
1900-01-01 18:39:14;428.0;1745656754;93.113;98.485;91.73;108.618;
1900-01-01 18:39:15;429.0;1745656755;93.025;98.472;91.718;108.618;
1900-01-01 18:39:16;430.0;1745656756;93.059;98.472;91.718;108.648;
1900-01-01 18:39:17;431.0;1745656757;93.059;98.474;91.677;108.673;
1900-01-01 18:39:18;432.0;1745656758;92.968;98.52;91.57;108.673;
1900-01-01 18:39:19;433.0;1745656759;92.983;98.383;91.57;108.665;
1900-01-01 18:39:20;434.0;1745656760;92.983;98.383;91.573;108.662;
1900-01-01 18:39:21;435.0;1745656761;92.939;98.365;91.469;108.655;
1900-01-01 18:39:22;436.0;1745656762;92.909;98.401;91.469;108.655;
1900-01-01 18:39:23;437.0;1745656763;92.909;98.401;91.333;108.698;
1900-01-01 18:39:24;438.0;1745656764;92.986;98.424;91.221;108.698;
1900-01-01 18:39:25;439.0;1745656765;93.03;98.33;91.221;108.693;
1900-01-01 18:39:26;440.0;1745656766;93.03;98.33;91.222;108.58;
1900-01-01 18:39:27;441.0;1745656767;93.013;98.41;91.345;108.58;
1900-01-01 18:39:28;442.0;1745656768;93.097;98.41;91.345;108.603;
1900-01-01 18:39:29;443.0;1745656769;93.097;98.401;91.426;108.644;
1900-01-01 18:39:30;444.0;1745656770;93.025;98.39;91.426;108.644;
1900-01-01 18:39:31;445.0;1745656771;93.059;98.39;91.337;108.65;
1900-01-01 18:39:32;446.0;1745656772;93.059;98.416;91.369;108.659;
1900-01-01 18:39:33;447.0;1745656773;93.031;98.329;91.369;108.659;
1900-01-01 18:39:34;448.0;1745656774;92.964;98.329;91.375;108.607;
1900-01-01 18:39:35;449.0;1745656775;92.964;98.352;91.565;108.607;
1900-01-01 18:39:36;450.0;1745656776;92.847;98.358;91.565;108.627;
1900-01-01 18:39:37;451.0;1745656777;92.885;98.358;91.449;108.66;
1900-01-01 18:39:38;452.0;1745656778;92.885;98.446;91.41;108.574;
1900-01-01 18:39:39;453.0;1745656779;92.868;98.352;91.41;108.574;
1900-01-01 18:39:40;454.0;1745656780;92.868;98.352;91.328;108.567;
1900-01-01 18:39:41;455.0;1745656781;92.786;98.424;91.305;108.604;
1900-01-01 18:39:42;456.0;1745656782;92.79;98.38;91.305;108.604;
1900-01-01 18:39:44;457.0;1745656784;92.721;98.38;91.284;108.601;
1900-01-01 18:39:44;458.0;1745656784;92.721;98.291;91.255;108.601;
1900-01-01 18:39:45;459.0;1745656785;92.664;98.312;91.255;108.672;
1900-01-01 18:39:46;460.0;1745656786;92.664;98.312;91.356;108.576;
1900-01-01 18:39:47;461.0;1745656787;92.723;98.288;91.268;108.576;
1900-01-01 18:39:48;462.0;1745656788;92.689;98.288;91.268;108.636;
1900-01-01 18:39:49;463.0;1745656789;92.689;98.318;91.236;108.63;
1900-01-01 18:39:50;464.0;1745656790;92.666;98.317;91.207;108.63;
1900-01-01 18:39:51;465.0;1745656791;92.678;98.317;91.207;108.579;
1900-01-01 18:39:52;466.0;1745656792;92.678;98.309;91.145;108.666;
1900-01-01 18:39:53;467.0;1745656793;92.686;98.343;91.003;108.666;
1900-01-01 18:39:54;468.0;1745656794;92.666;98.343;91.003;108.592;
1900-01-01 18:39:55;469.0;1745656795;92.666;98.353;91.044;108.657;
1900-01-01 18:39:56;470.0;1745656796;92.618;98.381;91.044;108.657;
1900-01-01 18:39:57;471.0;1745656797;92.613;98.381;91.09;108.642;
1900-01-01 18:39:58;472.0;1745656798;92.613;98.282;91.101;108.708;
1900-01-01 18:39:59;473.0;1745656799;92.636;98.275;91.101;108.708;
1900-01-01 18:40:00;474.0;1745656800;92.523;98.275;90.996;108.635;
1900-01-01 18:40:02;475.0;1745656802;92.523;98.289;91.047;108.663;
1900-01-01 18:40:02;476.0;1745656802;92.418;98.283;91.047;108.663;
1900-01-01 18:40:03;477.0;1745656803;92.378;98.283;90.998;108.648;
1900-01-01 18:40:05;478.0;1745656805;92.378;98.189;90.953;108.642;
1900-01-01 18:40:05;479.0;1745656805;92.28;98.259;90.953;108.642;
1900-01-01 18:40:06;480.0;1745656806;92.28;98.259;91.038;108.63;
1900-01-01 18:40:07;481.0;1745656807;92.192;98.249;91.078;108.68;
1900-01-01 18:40:08;482.0;1745656808;92.312;98.234;91.078;108.68;
1900-01-01 18:40:09;483.0;1745656809;92.312;98.234;91.042;108.618;
1900-01-01 18:40:10;484.0;1745656810;92.389;98.251;91.065;108.618;
1900-01-01 18:40:11;485.0;1745656811;92.476;98.218;91.065;108.659;
1900-01-01 18:40:12;486.0;1745656812;92.476;98.218;91.013;108.612;
1900-01-01 18:40:13;487.0;1745656813;92.525;98.216;91.026;108.612;
1900-01-01 18:40:14;488.0;1745656814;92.65;98.127;91.026;108.606;
1900-01-01 18:40:15;489.0;1745656815;92.65;98.127;91.04;108.653;
1900-01-01 18:40:16;490.0;1745656816;92.724;98.187;91.055;108.653;
1900-01-01 18:40:18;491.0;1745656818;92.733;98.114;91.055;108.628;
1900-01-01 18:40:18;492.0;1745656818;92.733;98.114;90.932;108.648;
1900-01-01 18:40:19;493.0;1745656819;92.752;98.152;90.929;108.648;
1900-01-01 18:40:20;494.0;1745656820;92.718;98.152;90.929;108.663;
1900-01-01 18:40:21;495.0;1745656821;92.718;98.172;90.836;108.613;
1900-01-01 18:40:22;496.0;1745656822;92.775;98.089;90.836;108.613;
1900-01-01 18:40:23;497.0;1745656823;92.789;98.089;90.8;108.614;
1900-01-01 18:40:24;498.0;1745656824;92.789;98.118;90.803;108.614;
1900-01-01 18:40:25;499.0;1745656825;92.816;98.083;90.803;108.608;
1900-01-01 18:40:26;500.0;1745656826;92.816;98.083;90.95;108.703;
1900-01-01 18:40:27;501.0;1745656827;92.799;98.037;91.013;108.549;
1900-01-01 18:40:28;502.0;1745656828;92.731;98.113;91.013;108.549;
1900-01-01 18:40:29;503.0;1745656829;92.731;98.113;91.051;108.68;
1900-01-01 18:40:30;504.0;1745656830;92.788;98.051;91.048;108.68;
1900-01-01 18:40:31;505.0;1745656831;92.76;98.051;91.048;108.612;
1900-01-01 18:40:32;506.0;1745656832;92.76;98.098;91.026;108.596;
1900-01-01 18:40:33;507.0;1745656833;92.784;98.031;90.967;108.596;
1900-01-01 18:40:34;508.0;1745656834;92.695;98.031;90.967;108.587;
1900-01-01 18:40:35;509.0;1745656835;92.695;98.053;90.891;108.563;
1900-01-01 18:40:36;510.0;1745656836;92.624;98.039;90.828;108.563;
1900-01-01 18:40:37;511.0;1745656837;92.602;98.039;90.828;108.648;
1900-01-01 18:40:38;512.0;1745656838;92.602;97.957;90.823;108.633;
1900-01-01 18:40:39;513.0;1745656839;92.446;98.003;90.823;108.633;
1900-01-01 18:40:40;514.0;1745656840;92.437;98.003;90.855;108.55;
1900-01-01 18:40:41;515.0;1745656841;92.437;97.979;90.748;108.521;
1900-01-01 18:40:42;516.0;1745656842;92.272;98.042;90.748;108.521;
1900-01-01 18:40:43;517.0;1745656843;92.231;98.042;90.747;108.623;
1900-01-01 18:40:44;518.0;1745656844;92.231;98.04;90.653;108.689;
1900-01-01 18:40:45;519.0;1745656845;92.191;97.993;90.653;108.689;
1900-01-01 18:40:46;520.0;1745656846;92.191;97.993;90.694;108.482;
1900-01-01 18:40:47;521.0;1745656847;92.18;98.076;90.645;108.482;
1900-01-01 18:40:49;522.0;1745656849;92.093;98.026;90.645;108.53;
1900-01-01 18:40:49;523.0;1745656849;92.093;98.026;90.624;108.624;
1900-01-01 18:40:50;524.0;1745656850;92.081;98.012;90.64;108.624;
1900-01-01 18:40:51;525.0;1745656851;92.123;98.012;90.64;108.559;
1900-01-01 18:40:52;526.0;1745656852;92.123;98.024;90.64;108.578;
1900-01-01 18:40:53;527.0;1745656853;92.092;98.017;90.64;108.578;
1900-01-01 18:40:54;528.0;1745656854;92.078;98.017;90.572;108.543;
1900-01-01 18:40:55;529.0;1745656855;92.078;97.942;90.59;108.566;
1900-01-01 18:40:56;530.0;1745656856;91.997;97.96;90.59;108.566;
1900-01-01 18:40:57;531.0;1745656857;92.047;97.96;90.582;108.542;
1900-01-01 18:40:58;532.0;1745656858;92.047;97.998;90.546;108.585;
1900-01-01 18:40:59;533.0;1745656859;91.961;97.999;90.546;108.585;
1900-01-01 18:41:00;534.0;1745656860;91.92;97.999;90.571;108.577;
1900-01-01 18:41:01;535.0;1745656861;91.92;97.924;90.555;108.614;
1900-01-01 18:41:02;536.0;1745656862;91.952;97.875;90.555;108.614;
1900-01-01 18:41:03;537.0;1745656863;91.952;97.875;90.627;108.566;
1900-01-01 18:41:05;538.0;1745656865;91.895;97.799;90.624;108.627;
1900-01-01 18:41:05;539.0;1745656865;91.967;97.881;90.624;108.627;
1900-01-01 18:41:06;540.0;1745656866;91.967;97.881;90.623;108.559;
1900-01-01 18:41:07;541.0;1745656867;91.883;97.839;90.705;108.559;
1900-01-01 18:41:08;542.0;1745656868;91.813;97.839;90.705;108.502;
1900-01-01 18:41:09;543.0;1745656869;91.813;97.749;90.738;108.607;
1900-01-01 18:41:10;544.0;1745656870;91.81;97.806;90.738;108.607;
1900-01-01 18:41:11;545.0;1745656871;91.74;97.806;90.735;108.545;
1900-01-01 18:41:12;546.0;1745656872;91.74;97.75;90.753;108.639;
1900-01-01 18:41:14;547.0;1745656874;91.713;97.789;90.745;108.639;
1900-01-01 18:41:14;548.0;1745656874;91.749;97.789;90.745;108.552;
1900-01-01 18:41:15;549.0;1745656875;91.749;97.8;90.655;108.53;
1900-01-01 18:41:16;550.0;1745656876;91.711;97.761;90.631;108.53;
1900-01-01 18:41:17;551.0;1745656877;91.711;97.761;90.631;108.622;
1900-01-01 18:41:18;552.0;1745656878;91.615;97.789;90.555;108.612;
1900-01-01 18:41:19;553.0;1745656879;91.708;97.765;90.555;108.612;
1900-01-01 18:41:20;554.0;1745656880;91.708;97.765;90.49;108.567;
1900-01-01 18:41:21;555.0;1745656881;91.582;97.761;90.363;108.616;
1900-01-01 18:41:22;556.0;1745656882;91.623;97.858;90.363;108.616;
1900-01-01 18:41:23;557.0;1745656883;91.532;97.858;90.335;108.617;
1900-01-01 18:41:24;558.0;1745656884;91.532;97.704;90.327;108.617;
1900-01-01 18:41:25;559.0;1745656885;91.506;97.852;90.327;108.608;
1900-01-01 18:41:26;560.0;1745656886;91.439;97.852;90.427;108.507;
1900-01-01 18:41:27;561.0;1745656887;91.439;97.751;90.388;108.558;
1900-01-01 18:41:28;562.0;1745656888;91.338;97.73;90.388;108.558;
1900-01-01 18:41:29;563.0;1745656889;91.338;97.73;90.365;108.561;
1900-01-01 18:41:30;564.0;1745656890;91.236;97.706;90.408;108.561;
1900-01-01 18:41:31;565.0;1745656891;91.146;97.706;90.408;108.568;
1900-01-01 18:41:32;566.0;1745656892;91.146;97.819;90.446;108.598;
1900-01-01 18:41:34;567.0;1745656894;91.153;97.784;90.543;108.598;
1900-01-01 18:41:34;568.0;1745656894;91.099;97.784;90.543;108.543;
1900-01-01 18:41:35;569.0;1745656895;91.099;97.762;90.513;108.604;
1900-01-01 18:41:36;570.0;1745656896;91.114;97.704;90.513;108.604;
1900-01-01 18:41:37;571.0;1745656897;91.148;97.704;90.536;108.675;
1900-01-01 18:41:38;572.0;1745656898;91.148;97.756;90.469;108.576;
1900-01-01 18:41:39;573.0;1745656899;91.173;97.674;90.469;108.576;
1900-01-01 18:41:40;574.0;1745656900;91.245;97.674;90.453;108.581;
1900-01-01 18:41:41;575.0;1745656901;91.245;97.686;90.389;108.597;
1900-01-01 18:41:42;576.0;1745656902;91.392;97.705;90.389;108.597;
1900-01-01 18:41:43;577.0;1745656903;91.392;97.705;90.343;108.61;
1900-01-01 18:41:44;578.0;1745656904;91.351;97.649;90.284;108.61;
1900-01-01 18:41:45;579.0;1745656905;91.381;97.649;90.284;108.624;
1900-01-01 18:41:46;580.0;1745656906;91.381;97.58;90.241;108.586;
1900-01-01 18:41:47;581.0;1745656907;91.405;97.624;90.24;108.586;
1900-01-01 18:41:48;582.0;1745656908;91.4;97.624;90.24;108.582;
1900-01-01 18:41:49;583.0;1745656909;91.4;97.659;90.224;108.556;
1900-01-01 18:41:50;584.0;1745656910;91.508;97.605;90.22;108.556;
1900-01-01 18:41:51;585.0;1745656911;91.576;97.605;90.22;108.538;
1900-01-01 18:41:52;586.0;1745656912;91.576;97.597;90.193;108.645;
1900-01-01 18:41:53;587.0;1745656913;91.653;97.525;90.303;108.645;
1900-01-01 18:41:54;588.0;1745656914;91.609;97.564;90.303;108.573;
1900-01-01 18:41:55;589.0;1745656915;91.609;97.564;90.338;108.515;
1900-01-01 18:41:56;590.0;1745656916;91.646;97.523;90.338;108.515;
1900-01-01 18:41:57;591.0;1745656917;91.572;97.523;90.342;108.607;
1900-01-01 18:41:58;592.0;1745656918;91.572;97.524;90.327;108.526;
1900-01-01 18:41:59;593.0;1745656919;91.626;97.589;90.232;108.526;
1900-01-01 18:42:00;594.0;1745656920;91.611;97.589;90.232;108.614;
1900-01-01 18:42:01;595.0;1745656921;91.611;97.536;90.282;108.578;
1900-01-01 18:42:02;596.0;1745656922;91.668;97.49;90.29;108.578;
1900-01-01 18:42:03;597.0;1745656923;91.575;97.49;90.29;108.517;
1900-01-01 18:42:04;598.0;1745656924;91.575;97.483;90.279;108.558;
1900-01-01 18:42:05;599.0;1745656925;91.581;97.392;90.279;108.558;
1900-01-01 18:42:06;600.0;1745656926;91.551;97.392;90.254;108.577;
1900-01-01 18:42:07;601.0;1745656927;91.551;97.391;90.303;108.577;
1900-01-01 18:42:08;602.0;1745656928;91.411;97.362;90.303;108.551;
1900-01-01 18:42:09;603.0;1745656929;91.411;97.362;90.165;108.522;
1900-01-01 18:42:10;604.0;1745656930;91.356;97.458;90.122;108.522;
1900-01-01 18:42:11;605.0;1745656931;91.331;97.433;90.122;108.588;
1900-01-01 18:42:12;606.0;1745656932;91.331;97.433;90.013;108.586;
1900-01-01 18:42:13;607.0;1745656933;91.387;97.452;89.957;108.586;
1900-01-01 18:42:14;608.0;1745656934;91.42;97.452;89.957;108.626;
1900-01-01 18:42:15;609.0;1745656935;91.42;97.358;89.893;108.53;
1900-01-01 18:42:16;610.0;1745656936;91.438;97.356;89.893;108.53;
1900-01-01 18:42:17;611.0;1745656937;91.303;97.356;89.938;108.537;
1900-01-01 18:42:18;612.0;1745656938;91.303;97.384;89.906;108.621;
1900-01-01 18:42:19;613.0;1745656939;91.302;97.386;89.906;108.621;
1900-01-01 18:42:20;614.0;1745656940;91.247;97.386;89.984;108.629;
1900-01-01 18:42:21;615.0;1745656941;91.247;97.484;89.924;108.629;
1900-01-01 18:42:22;616.0;1745656942;91.177;97.424;89.924;108.48;
1900-01-01 18:42:23;617.0;1745656943;91.151;97.424;89.953;108.678;
1900-01-01 18:42:24;618.0;1745656944;91.151;97.43;89.926;108.678;
1900-01-01 18:42:25;619.0;1745656945;91.044;97.506;89.926;108.527;
1900-01-01 18:42:26;620.0;1745656946;91.012;97.506;89.794;108.656;
1900-01-01 18:42:27;621.0;1745656947;91.012;97.431;89.838;108.568;
1900-01-01 18:42:28;622.0;1745656948;91.01;97.503;89.838;108.568;
1900-01-01 18:42:29;623.0;1745656949;91.01;97.503;89.736;108.605;
1900-01-01 18:42:30;624.0;1745656950;90.895;97.526;89.835;108.605;
1900-01-01 18:42:31;625.0;1745656951;90.912;97.543;89.835;108.443;
1900-01-01 18:42:32;626.0;1745656952;90.934;97.543;89.765;108.59;
1900-01-01 18:42:33;627.0;1745656953;90.934;97.474;89.797;108.59;
1900-01-01 18:42:34;628.0;1745656954;90.975;97.451;89.797;108.563;
1900-01-01 18:42:35;629.0;1745656955;90.958;97.451;89.852;108.536;
1900-01-01 18:42:36;630.0;1745656956;90.958;97.44;89.87;108.536;
1900-01-01 18:42:37;631.0;1745656957;90.989;97.283;89.87;108.5;
1900-01-01 18:42:38;632.0;1745656958;90.989;97.283;89.877;108.546;
1900-01-01 18:42:39;633.0;1745656959;90.872;97.36;89.836;108.546;
1900-01-01 18:42:40;634.0;1745656960;90.884;97.36;89.836;108.597;
1900-01-01 18:42:41;635.0;1745656961;90.884;97.403;89.832;108.609;
1900-01-01 18:42:42;636.0;1745656962;90.872;97.384;89.761;108.609;
1900-01-01 18:42:43;637.0;1745656963;90.76;97.368;89.761;108.58;
1900-01-01 18:42:44;638.0;1745656964;90.76;97.368;89.924;108.533;
1900-01-01 18:42:45;639.0;1745656965;90.823;97.307;89.948;108.533;
1900-01-01 18:42:46;640.0;1745656966;90.804;97.307;89.948;108.588;
1900-01-01 18:42:47;641.0;1745656967;90.804;97.298;89.895;108.492;
1900-01-01 18:42:48;642.0;1745656968;90.732;97.276;89.895;108.492;
1900-01-01 18:42:49;643.0;1745656969;90.704;97.276;89.772;108.633;
1900-01-01 18:42:50;644.0;1745656970;90.704;97.32;89.663;108.564;
1900-01-01 18:42:51;645.0;1745656971;90.669;97.243;89.663;108.564;
1900-01-01 18:42:52;646.0;1745656972;90.643;97.243;89.585;108.61;
1900-01-01 18:42:53;647.0;1745656973;90.643;97.354;89.491;108.646;
1900-01-01 18:42:54;648.0;1745656974;90.567;97.299;89.491;108.646;
1900-01-01 18:42:55;649.0;1745656975;90.581;97.299;89.432;108.619;
1900-01-01 18:42:56;650.0;1745656976;90.581;97.26;89.489;108.619;
1900-01-01 18:42:57;651.0;1745656977;90.555;97.309;89.489;108.549;
1900-01-01 18:42:59;652.0;1745656979;90.604;97.309;89.512;108.566;
1900-01-01 18:42:59;653.0;1745656979;90.604;97.177;89.531;108.566;
1900-01-01 18:43:00;654.0;1745656980;90.602;97.179;89.531;108.564;
1900-01-01 18:43:01;655.0;1745656981;90.602;97.179;89.452;108.514;
1900-01-01 18:43:02;656.0;1745656982;90.493;97.196;89.397;108.514;
1900-01-01 18:43:03;657.0;1745656983;90.455;97.196;89.397;108.588;
1900-01-01 18:43:04;658.0;1745656984;90.455;97.2;89.51;108.526;
1900-01-01 18:43:05;659.0;1745656985;90.445;97.162;89.581;108.526;
1900-01-01 18:43:06;660.0;1745656986;90.458;97.162;89.581;108.575;
1900-01-01 18:43:07;661.0;1745656987;90.458;97.134;89.623;108.507;
1900-01-01 18:43:08;662.0;1745656988;90.348;97.108;89.699;108.507;
1900-01-01 18:43:09;663.0;1745656989;90.409;97.136;89.699;108.618;
1900-01-01 18:43:10;664.0;1745656990;90.409;97.136;89.736;108.529;
1900-01-01 18:43:11;665.0;1745656991;90.444;97.104;89.603;108.529;
1900-01-01 18:43:12;666.0;1745656992;90.432;97.104;89.603;108.541;
1900-01-01 18:43:13;667.0;1745656993;90.432;97.089;89.528;108.524;
1900-01-01 18:43:14;668.0;1745656994;90.468;97.108;89.528;108.524;
1900-01-01 18:43:15;669.0;1745656995;90.426;97.108;89.564;108.574;
1900-01-01 18:43:16;670.0;1745656996;90.426;97.123;89.4;108.607;
1900-01-01 18:43:17;671.0;1745656997;90.485;97.075;89.4;108.607;
1900-01-01 18:43:18;672.0;1745656998;90.405;97.075;89.417;108.606;
1900-01-01 18:43:20;673.0;1745657000;90.405;97.145;89.486;108.666;
1900-01-01 18:43:20;674.0;1745657000;90.467;97.065;89.486;108.666;
1900-01-01 18:43:21;675.0;1745657001;90.411;97.065;89.571;108.513;
1900-01-01 18:43:22;676.0;1745657002;90.411;97.061;89.609;108.546;
1900-01-01 18:43:23;677.0;1745657003;90.428;97.09;89.609;108.546;
1900-01-01 18:43:24;678.0;1745657004;90.428;97.09;89.662;108.564;
1900-01-01 18:43:25;679.0;1745657005;90.32;97.031;89.635;108.564;
1900-01-01 18:43:26;680.0;1745657006;90.313;97.031;89.635;108.427;
1900-01-01 18:43:27;681.0;1745657007;90.313;97.034;89.625;108.494;
1900-01-01 18:43:29;682.0;1745657009;90.218;97.088;89.497;108.494;
1900-01-01 18:43:29;683.0;1745657009;90.21;97.088;89.497;108.577;
1900-01-01 18:43:30;684.0;1745657010;90.21;96.971;89.372;108.585;
1900-01-01 18:43:31;685.0;1745657011;90.194;96.938;89.326;108.585;
1900-01-01 18:43:32;686.0;1745657012;90.229;96.938;89.326;108.396;
1900-01-01 18:43:33;687.0;1745657013;90.229;97.001;89.305;108.458;
1900-01-01 18:43:35;688.0;1745657015;90.135;97.068;89.343;108.458;
1900-01-01 18:43:35;689.0;1745657015;90.105;97.068;89.343;108.577;
1900-01-01 18:43:36;690.0;1745657016;90.105;97.044;89.322;108.549;
1900-01-01 18:43:37;691.0;1745657017;90.117;96.987;89.322;108.549;
1900-01-01 18:43:38;692.0;1745657018;90.117;96.987;89.316;108.432;
1900-01-01 18:43:39;693.0;1745657019;89.994;96.992;89.338;108.45;
1900-01-01 18:43:40;694.0;1745657020;89.905;97.023;89.338;108.45;
1900-01-01 18:43:41;695.0;1745657021;89.905;97.023;89.332;108.6;
1900-01-01 18:43:42;696.0;1745657022;89.981;96.982;89.224;108.6;
1900-01-01 18:43:43;697.0;1745657023;89.953;96.953;89.224;108.626;
1900-01-01 18:43:44;698.0;1745657024;89.953;96.953;89.274;108.546;
1900-01-01 18:43:45;699.0;1745657025;89.952;96.946;89.276;108.546;
1900-01-01 18:43:46;700.0;1745657026;89.902;96.926;89.276;108.574;
1900-01-01 18:43:47;701.0;1745657027;89.902;96.926;89.327;108.556;
1900-01-01 18:43:49;702.0;1745657029;89.874;96.898;89.32;108.519;
1900-01-01 18:43:49;703.0;1745657029;89.777;96.898;89.32;108.519;
1900-01-01 18:43:50;704.0;1745657030;89.777;96.834;89.38;108.527;
1900-01-01 18:43:51;705.0;1745657031;89.873;96.947;89.453;108.527;
1900-01-01 18:43:52;706.0;1745657032;89.774;96.947;89.453;108.459;
1900-01-01 18:43:53;707.0;1745657033;89.774;96.959;89.415;108.473;
1900-01-01 18:43:54;708.0;1745657034;89.709;96.935;89.415;108.473;
1900-01-01 18:43:55;709.0;1745657035;89.724;96.935;89.426;108.468;
1900-01-01 18:43:56;710.0;1745657036;89.724;96.95;89.36;108.508;
1900-01-01 18:43:57;711.0;1745657037;89.718;96.913;89.36;108.508;
1900-01-01 18:43:58;712.0;1745657038;89.573;96.913;89.313;108.42;
1900-01-01 18:43:59;713.0;1745657039;89.573;96.926;89.203;108.42;
1900-01-01 18:44:00;714.0;1745657040;89.547;96.909;89.203;108.473;
1900-01-01 18:44:01;715.0;1745657041;89.517;96.909;89.166;108.521;
1900-01-01 18:44:02;716.0;1745657042;89.517;96.803;89.143;108.521;
1900-01-01 18:44:03;717.0;1745657043;89.438;96.865;89.143;108.411;
1900-01-01 18:44:04;718.0;1745657044;89.438;96.865;89.089;108.501;
1900-01-01 18:44:05;719.0;1745657045;89.434;96.839;89.127;108.501;
1900-01-01 18:44:06;720.0;1745657046;89.331;96.831;89.127;108.559;
1900-01-01 18:44:07;721.0;1745657047;89.331;96.831;89.057;108.503;
1900-01-01 18:44:08;722.0;1745657048;89.319;96.832;89.053;108.503;
1900-01-01 18:44:09;723.0;1745657049;89.263;96.833;89.053;108.425;
1900-01-01 18:44:10;724.0;1745657050;89.263;96.833;88.996;108.522;
1900-01-01 18:44:11;725.0;1745657051;89.346;96.831;89.008;108.522;
1900-01-01 18:44:12;726.0;1745657052;89.35;96.778;89.008;108.521;
1900-01-01 18:44:13;727.0;1745657053;89.313;96.778;88.917;108.51;
1900-01-01 18:44:14;728.0;1745657054;89.313;96.701;88.924;108.51;
1900-01-01 18:44:15;729.0;1745657055;89.424;96.709;88.924;108.459;
1900-01-01 18:44:16;730.0;1745657056;89.424;96.709;88.971;108.476;
1900-01-01 18:44:17;731.0;1745657057;89.405;96.712;88.978;108.476;
1900-01-01 18:44:18;732.0;1745657058;89.423;96.648;88.978;108.514;
1900-01-01 18:44:19;733.0;1745657059;89.423;96.648;89.022;108.527;
1900-01-01 18:44:20;734.0;1745657060;89.414;96.71;89.12;108.527;
1900-01-01 18:44:21;735.0;1745657061;89.442;96.592;89.12;108.52;
1900-01-01 18:44:22;736.0;1745657062;89.52;96.592;89.186;108.472;
1900-01-01 18:44:23;737.0;1745657063;89.52;96.653;89.065;108.472;
1900-01-01 18:44:24;738.0;1745657064;89.511;96.696;89.065;108.49;
1900-01-01 18:44:25;739.0;1745657065;89.511;96.696;89.012;108.497;
1900-01-01 18:44:26;740.0;1745657066;89.541;96.669;88.875;108.497;
1900-01-01 18:44:27;741.0;1745657067;89.49;96.669;88.875;108.488;
1900-01-01 18:44:28;742.0;1745657068;89.49;96.708;88.722;108.419;
1900-01-01 18:44:29;743.0;1745657069;89.529;96.685;88.693;108.419;
1900-01-01 18:44:30;744.0;1745657070;89.532;96.685;88.693;108.487;
1900-01-01 18:44:31;745.0;1745657071;89.532;96.682;88.765;108.48;
1900-01-01 18:44:32;746.0;1745657072;89.524;96.709;88.765;108.48;
1900-01-01 18:44:33;747.0;1745657073;89.495;96.709;88.785;108.506;
1900-01-01 18:44:34;748.0;1745657074;89.495;96.565;88.888;108.432;
1900-01-01 18:44:35;749.0;1745657075;89.514;96.634;88.888;108.432;
1900-01-01 18:44:36;750.0;1745657076;89.424;96.634;88.886;108.541;
1900-01-01 18:44:37;751.0;1745657077;89.424;96.569;88.881;108.528;
1900-01-01 18:44:38;752.0;1745657078;89.416;96.616;88.881;108.528;
1900-01-01 18:44:39;753.0;1745657079;89.298;96.616;88.802;108.551;
1900-01-01 18:44:40;754.0;1745657080;89.298;96.612;88.835;108.532;
1900-01-01 18:44:42;755.0;1745657082;89.36;96.613;88.847;108.532;
1900-01-01 18:44:42;756.0;1745657082;89.36;96.613;88.847;108.541;
1900-01-01 18:44:43;757.0;1745657083;89.301;96.633;88.807;108.596;
1900-01-01 18:44:44;758.0;1745657084;89.259;96.632;88.807;108.596;
1900-01-01 18:44:45;759.0;1745657085;89.259;96.632;88.818;108.572;
1900-01-01 18:44:46;760.0;1745657086;89.307;96.597;88.855;108.572;
1900-01-01 18:44:47;761.0;1745657087;89.213;96.619;88.855;108.571;
1900-01-01 18:44:48;762.0;1745657088;89.283;96.619;88.808;108.505;
1900-01-01 18:44:49;763.0;1745657089;89.283;96.636;88.788;108.505;
1900-01-01 18:44:50;764.0;1745657090;89.196;96.615;88.788;108.503;
1900-01-01 18:44:51;765.0;1745657091;89.196;96.615;88.792;108.538;
1900-01-01 18:44:52;766.0;1745657092;89.219;96.677;88.683;108.538;
1900-01-01 18:44:53;767.0;1745657093;89.13;96.66;88.683;108.477;
1900-01-01 18:44:54;768.0;1745657094;89.13;96.66;88.65;108.435;
1900-01-01 18:44:55;769.0;1745657095;89.049;96.592;88.684;108.435;
1900-01-01 18:44:56;770.0;1745657096;89.028;96.551;88.684;108.52;
1900-01-01 18:44:57;771.0;1745657097;89.028;96.551;88.694;108.49;
1900-01-01 18:44:58;772.0;1745657098;89.03;96.568;88.685;108.49;
1900-01-01 18:44:59;773.0;1745657099;88.923;96.568;88.685;108.495;
1900-01-01 18:45:00;774.0;1745657100;88.923;96.509;88.637;108.438;
1900-01-01 18:45:01;775.0;1745657101;88.905;96.557;88.73;108.438;
1900-01-01 18:45:02;776.0;1745657102;88.85;96.557;88.73;108.472;
1900-01-01 18:45:03;777.0;1745657103;88.85;96.509;88.673;108.514;
1900-01-01 18:45:04;778.0;1745657104;88.816;96.483;88.673;108.514;
1900-01-01 18:45:05;779.0;1745657105;88.906;96.483;88.6;108.491;
1900-01-01 18:45:06;780.0;1745657106;88.906;96.496;88.677;108.45;
1900-01-01 18:45:07;781.0;1745657107;88.845;96.485;88.677;108.45;
1900-01-01 18:45:08;782.0;1745657108;88.817;96.485;88.731;108.556;
1900-01-01 18:45:09;783.0;1745657109;88.817;96.487;88.688;108.515;
1900-01-01 18:45:10;784.0;1745657110;88.81;96.495;88.688;108.515;
1900-01-01 18:45:11;785.0;1745657111;88.913;96.495;88.671;108.484;
1900-01-01 18:45:12;786.0;1745657112;88.913;96.457;88.624;108.441;
1900-01-01 18:45:13;787.0;1745657113;88.825;96.457;88.624;108.441;
1900-01-01 18:45:14;788.0;1745657114;88.825;96.462;88.512;108.428;
1900-01-01 18:45:15;789.0;1745657115;88.727;96.408;88.359;108.428;
1900-01-01 18:45:16;790.0;1745657116;88.814;96.346;88.359;108.544;
1900-01-01 18:45:17;791.0;1745657117;88.814;96.346;88.363;108.527;
1900-01-01 18:45:18;792.0;1745657118;88.679;96.473;88.294;108.527;
1900-01-01 18:45:19;793.0;1745657119;88.711;96.379;88.294;108.459;
1900-01-01 18:45:20;794.0;1745657120;88.711;96.379;88.301;108.442;
1900-01-01 18:45:21;795.0;1745657121;88.659;96.307;88.375;108.442;
1900-01-01 18:45:22;796.0;1745657122;88.666;96.274;88.375;108.384;
1900-01-01 18:45:23;797.0;1745657123;88.666;96.274;88.328;108.498;
1900-01-01 18:45:24;798.0;1745657124;88.607;96.339;88.379;108.498;
1900-01-01 18:45:25;799.0;1745657125;88.528;96.251;88.379;108.496;
1900-01-01 18:45:26;800.0;1745657126;88.528;96.251;88.434;108.477;
1900-01-01 18:45:27;801.0;1745657127;88.559;96.238;88.415;108.477;
1900-01-01 18:45:28;802.0;1745657128;88.375;96.238;88.415;108.516;
1900-01-01 18:45:29;803.0;1745657129;88.375;96.238;88.496;108.504;
1900-01-01 18:45:30;804.0;1745657130;88.398;96.224;88.496;108.504;
1900-01-01 18:45:31;805.0;1745657131;88.339;96.224;88.505;108.524;
1900-01-01 18:45:32;806.0;1745657132;88.339;96.35;88.514;108.531;
1900-01-01 18:45:33;807.0;1745657133;88.339;96.13;88.514;108.531;
1900-01-01 18:45:34;808.0;1745657134;88.304;96.13;88.544;108.542;
1900-01-01 18:45:35;809.0;1745657135;88.304;96.092;88.564;108.542;
1900-01-01 18:45:36;810.0;1745657136;88.336;96.111;88.564;108.496;
1900-01-01 18:45:37;811.0;1745657137;88.27;96.111;88.644;108.507;
1900-01-01 18:45:38;812.0;1745657138;88.27;96.184;88.519;108.507;
1900-01-01 18:45:39;813.0;1745657139;88.286;96.078;88.519;108.48;
1900-01-01 18:45:40;814.0;1745657140;88.286;96.078;88.479;108.434;
1900-01-01 18:45:41;815.0;1745657141;88.273;96.205;88.464;108.434;
1900-01-01 18:45:42;816.0;1745657142;88.34;96.205;88.464;108.434;
1900-01-01 18:45:43;817.0;1745657143;88.34;96.19;88.43;108.481;
1900-01-01 18:45:44;818.0;1745657144;88.266;96.146;88.412;108.481;
1900-01-01 18:45:45;819.0;1745657145;88.355;96.146;88.412;108.51;
1900-01-01 18:45:46;820.0;1745657146;88.355;96.158;88.355;108.454;
1900-01-01 18:45:47;821.0;1745657147;88.345;96.14;88.355;108.454;
1900-01-01 18:45:48;822.0;1745657148;88.327;96.14;88.34;108.499;
1900-01-01 18:45:49;823.0;1745657149;88.327;96.207;88.327;108.399;
1900-01-01 18:45:50;824.0;1745657150;88.363;96.175;88.327;108.399;
1900-01-01 18:45:51;825.0;1745657151;88.363;96.175;88.238;108.473;
1900-01-01 18:45:52;826.0;1745657152;88.363;96.142;88.15;108.464;
1900-01-01 18:45:53;827.0;1745657153;88.332;96.085;88.15;108.464;
1900-01-01 18:45:54;828.0;1745657154;88.346;96.085;88.134;108.444;
1900-01-01 18:45:55;829.0;1745657155;88.346;96.013;88.126;108.479;
1900-01-01 18:45:57;830.0;1745657157;88.335;96.042;88.171;108.479;
1900-01-01 18:45:57;831.0;1745657157;88.335;96.042;88.171;108.447;
1900-01-01 18:45:58;832.0;1745657158;88.263;96.112;88.088;108.475;
1900-01-01 18:45:59;833.0;1745657159;88.224;96.128;88.088;108.475;
1900-01-01 18:46:00;834.0;1745657160;88.224;96.128;88.116;108.507;
1900-01-01 18:46:01;835.0;1745657161;88.207;96.028;88.183;108.493;
1900-01-01 18:46:02;836.0;1745657162;88.153;96.044;88.183;108.493;
1900-01-01 18:46:03;837.0;1745657163;88.153;96.044;88.118;108.512;
1900-01-01 18:46:04;838.0;1745657164;88.18;96.072;88.188;108.512;
1900-01-01 18:46:05;839.0;1745657165;88.162;96.072;88.188;108.467;
1900-01-01 18:46:06;840.0;1745657166;88.162;95.947;88.169;108.494;
1900-01-01 18:46:07;841.0;1745657167;88.107;96.023;88.042;108.494;
1900-01-01 18:46:08;842.0;1745657168;88.088;95.999;88.042;108.541;
1900-01-01 18:46:09;843.0;1745657169;88.088;95.999;87.998;108.469;
1900-01-01 18:46:10;844.0;1745657170;88.071;95.999;88.039;108.469;
1900-01-01 18:46:11;845.0;1745657171;88.091;95.999;88.039;108.469;
1900-01-01 18:46:12;846.0;1745657172;88.091;95.965;88.109;108.45;
1900-01-01 18:46:13;847.0;1745657173;88.027;96.016;88.109;108.45;
1900-01-01 18:46:14;848.0;1745657174;88.027;96.016;88.159;108.481;
1900-01-01 18:46:15;849.0;1745657175;88.027;95.981;88.142;108.481;
1900-01-01 18:46:16;850.0;1745657176;87.949;95.992;88.142;108.475;
1900-01-01 18:46:17;851.0;1745657177;87.891;95.992;88.148;108.47;
1900-01-01 18:46:18;852.0;1745657178;87.891;96.022;88.204;108.47;
1900-01-01 18:46:19;853.0;1745657179;87.814;96.013;88.204;108.515;
1900-01-01 18:46:20;854.0;1745657180;87.814;96.013;88.063;108.445;
1900-01-01 18:46:21;855.0;1745657181;87.814;95.899;88.072;108.445;
1900-01-01 18:46:22;856.0;1745657182;87.835;95.905;88.072;108.389;
1900-01-01 18:46:23;857.0;1745657183;87.835;95.905;87.949;108.455;
1900-01-01 18:46:24;858.0;1745657184;87.749;95.859;87.958;108.455;
1900-01-01 18:46:25;859.0;1745657185;87.722;95.899;87.958;108.433;
1900-01-01 18:46:26;860.0;1745657186;87.722;95.899;87.995;108.424;
1900-01-01 18:46:27;861.0;1745657187;87.636;95.92;87.989;108.424;
1900-01-01 18:46:28;862.0;1745657188;87.621;95.92;87.989;108.452;
1900-01-01 18:46:29;863.0;1745657189;87.621;95.95;87.891;108.438;
1900-01-01 18:46:30;864.0;1745657190;87.634;95.963;87.933;108.438;
1900-01-01 18:46:31;865.0;1745657191;87.6;95.963;87.933;108.46;
1900-01-01 18:46:32;866.0;1745657192;87.6;95.813;87.936;108.489;
1900-01-01 18:46:33;867.0;1745657193;87.589;95.893;87.936;108.489;
1900-01-01 18:46:34;868.0;1745657194;87.578;95.893;88.023;108.437;
1900-01-01 18:46:35;869.0;1745657195;87.578;95.918;87.957;108.446;
1900-01-01 18:46:36;870.0;1745657196;87.578;95.986;87.907;108.446;
1900-01-01 18:46:37;871.0;1745657197;87.6;95.986;87.907;108.377;
1900-01-01 18:46:38;872.0;1745657198;87.6;95.854;87.773;108.458;
1900-01-01 18:46:39;873.0;1745657199;87.649;95.902;87.773;108.458;
1900-01-01 18:46:41;874.0;1745657201;87.645;95.902;87.691;108.484;
1900-01-01 18:46:41;875.0;1745657201;87.645;95.949;87.7;108.484;
1900-01-01 18:46:42;876.0;1745657202;87.553;95.888;87.7;108.439;
1900-01-01 18:46:44;877.0;1745657204;87.658;95.888;87.686;108.386;
1900-01-01 18:46:44;878.0;1745657204;87.658;95.928;87.715;108.386;
1900-01-01 18:46:45;879.0;1745657205;87.557;95.89;87.715;108.422;
1900-01-01 18:46:46;880.0;1745657206;87.557;95.89;87.688;108.521;
1900-01-01 18:46:47;881.0;1745657207;87.622;95.816;87.656;108.521;
1900-01-01 18:46:48;882.0;1745657208;87.586;95.804;87.656;108.454;
1900-01-01 18:46:49;883.0;1745657209;87.586;95.804;87.713;108.477;
1900-01-01 18:46:50;884.0;1745657210;87.614;95.845;87.656;108.477;
1900-01-01 18:46:52;885.0;1745657212;87.54;95.817;87.656;108.413;
1900-01-01 18:46:52;886.0;1745657212;87.54;95.817;87.746;108.43;
1900-01-01 18:46:53;887.0;1745657213;87.641;95.769;87.724;108.43;
1900-01-01 18:46:54;888.0;1745657214;87.631;95.769;87.724;108.455;
1900-01-01 18:46:55;889.0;1745657215;87.631;95.778;87.784;108.355;
1900-01-01 18:46:56;890.0;1745657216;87.633;95.708;87.774;108.355;
1900-01-01 18:46:57;891.0;1745657217;87.627;95.708;87.774;108.471;
1900-01-01 18:46:58;892.0;1745657218;87.627;95.721;87.804;108.519;
1900-01-01 18:46:59;893.0;1745657219;87.67;95.771;87.804;108.519;
1900-01-01 18:47:00;894.0;1745657220;87.614;95.771;87.792;108.359;
1900-01-01 18:47:01;895.0;1745657221;87.614;95.675;87.933;108.43;
1900-01-01 18:47:02;896.0;1745657222;87.585;95.626;87.933;108.43;
1900-01-01 18:47:03;897.0;1745657223;87.517;95.626;87.928;108.51;
1900-01-01 18:47:04;898.0;1745657224;87.517;95.696;87.883;108.51;
1900-01-01 18:47:05;899.0;1745657225;87.459;95.71;87.883;108.454;
1900-01-01 18:47:06;900.0;1745657226;87.376;95.71;87.822;108.46;
1900-01-01 18:47:07;901.0;1745657227;87.376;95.628;87.768;108.46;
1900-01-01 18:47:08;902.0;1745657228;87.379;95.683;87.768;108.482;
1900-01-01 18:47:09;903.0;1745657229;87.385;95.683;87.711;108.457;
1900-01-01 18:47:10;904.0;1745657230;87.385;95.717;87.623;108.457;
1900-01-01 18:47:11;905.0;1745657231;87.346;95.694;87.623;108.517;
1900-01-01 18:47:12;906.0;1745657232;87.346;95.694;87.662;108.431;
1900-01-01 18:47:13;907.0;1745657233;87.246;95.719;87.691;108.413;
1900-01-01 18:47:14;908.0;1745657234;87.295;95.719;87.691;108.413;
1900-01-01 18:47:15;909.0;1745657235;87.295;95.697;87.6;108.501;
1900-01-01 18:47:16;910.0;1745657236;87.25;95.608;87.559;108.501;
1900-01-01 18:47:17;911.0;1745657237;87.22;95.626;87.559;108.493;
1900-01-01 18:47:18;912.0;1745657238;87.22;95.626;87.618;108.43;
1900-01-01 18:47:19;913.0;1745657239;87.178;95.546;87.685;108.43;
1900-01-01 18:47:20;914.0;1745657240;87.102;95.546;87.685;108.484;
1900-01-01 18:47:21;915.0;1745657241;87.102;95.632;87.621;108.49;
1900-01-01 18:47:22;916.0;1745657242;87.064;95.607;87.593;108.49;
1900-01-01 18:47:23;917.0;1745657243;86.987;95.607;87.593;108.469;
1900-01-01 18:47:24;918.0;1745657244;86.987;95.581;87.547;108.399;
1900-01-01 18:47:25;919.0;1745657245;86.903;95.633;87.547;108.399;
1900-01-01 18:47:26;920.0;1745657246;86.747;95.633;87.526;108.452;
1900-01-01 18:47:27;921.0;1745657247;86.747;95.585;87.509;108.452;
1900-01-01 18:47:28;922.0;1745657248;86.674;95.516;87.509;108.4;
1900-01-01 18:47:29;923.0;1745657249;86.654;95.516;87.648;108.391;
1900-01-01 18:47:30;924.0;1745657250;86.654;95.514;87.624;108.391;
1900-01-01 18:47:31;925.0;1745657251;86.63;95.512;87.624;108.434;
1900-01-01 18:47:32;926.0;1745657252;86.521;95.512;87.541;108.371;
1900-01-01 18:47:33;927.0;1745657253;86.521;95.471;87.509;108.371;
1900-01-01 18:47:34;928.0;1745657254;86.538;95.524;87.509;108.407;
1900-01-01 18:47:35;929.0;1745657255;86.538;95.524;87.373;108.37;
1900-01-01 18:47:36;930.0;1745657256;86.455;95.51;87.372;108.37;
1900-01-01 18:47:37;931.0;1745657257;86.464;95.47;87.372;108.458;
1900-01-01 18:47:38;932.0;1745657258;86.464;95.47;87.341;108.404;
1900-01-01 18:47:39;933.0;1745657259;86.504;95.541;87.408;108.404;
1900-01-01 18:47:40;934.0;1745657260;86.455;95.541;87.408;108.434;
1900-01-01 18:47:41;935.0;1745657261;86.455;95.496;87.334;108.536;
1900-01-01 18:47:42;936.0;1745657262;86.472;95.483;87.307;108.536;
1900-01-01 18:47:43;937.0;1745657263;86.472;95.483;87.307;108.412;
1900-01-01 18:47:44;938.0;1745657264;86.472;95.48;87.284;108.425;
1900-01-01 18:47:45;939.0;1745657265;86.466;95.515;87.304;108.425;
1900-01-01 18:47:46;940.0;1745657266;86.51;95.515;87.304;108.444;
1900-01-01 18:47:47;941.0;1745657267;86.51;95.428;87.234;108.456;
1900-01-01 18:47:48;942.0;1745657268;86.484;95.393;87.234;108.456;
1900-01-01 18:47:49;943.0;1745657269;86.471;95.393;87.244;108.399;
1900-01-01 18:47:50;944.0;1745657270;86.471;95.428;87.24;108.408;
1900-01-01 18:47:51;945.0;1745657271;86.576;95.449;87.183;108.408;
1900-01-01 18:47:52;946.0;1745657272;86.576;95.449;87.183;108.432;
1900-01-01 18:47:53;947.0;1745657273;86.464;95.387;87.245;108.346;
1900-01-01 18:47:54;948.0;1745657274;86.515;95.492;87.245;108.346;
1900-01-01 18:47:56;949.0;1745657276;86.493;95.492;87.363;108.453;
1900-01-01 18:47:56;950.0;1745657276;86.493;95.403;87.45;108.453;
1900-01-01 18:47:57;951.0;1745657277;86.473;95.375;87.45;108.343;
1900-01-01 18:47:58;952.0;1745657278;86.473;95.375;87.355;108.438;
1900-01-01 18:47:59;953.0;1745657279;86.503;95.431;87.28;108.438;
1900-01-01 18:48:00;954.0;1745657280;86.445;95.412;87.28;108.415;
1900-01-01 18:48:01;955.0;1745657281;86.445;95.412;87.326;108.449;
1900-01-01 18:48:02;956.0;1745657282;86.383;95.449;87.362;108.449;
1900-01-01 18:48:04;957.0;1745657284;86.353;95.453;87.362;108.427;
1900-01-01 18:48:04;958.0;1745657284;86.353;95.453;87.333;108.445;
1900-01-01 18:48:05;959.0;1745657285;86.367;95.404;87.296;108.445;
1900-01-01 18:48:06;960.0;1745657286;86.269;95.404;87.296;108.453;
1900-01-01 18:48:07;961.0;1745657287;86.269;95.422;87.211;108.422;
1900-01-01 18:48:08;962.0;1745657288;86.246;95.366;87.211;108.422;
1900-01-01 18:48:09;963.0;1745657289;86.267;95.366;87.198;108.417;
1900-01-01 18:48:10;964.0;1745657290;86.267;95.328;87.138;108.417;
1900-01-01 18:48:11;965.0;1745657291;86.239;95.371;87.138;108.397;
1900-01-01 18:48:12;966.0;1745657292;86.154;95.371;86.946;108.359;
1900-01-01 18:48:13;967.0;1745657293;86.154;95.338;86.918;108.359;
1900-01-01 18:48:14;968.0;1745657294;86.12;95.385;86.918;108.432;
1900-01-01 18:48:15;969.0;1745657295;86.11;95.385;87.097;108.407;
1900-01-01 18:48:16;970.0;1745657296;86.11;95.381;86.971;108.407;
1900-01-01 18:48:17;971.0;1745657297;86.151;95.326;86.971;108.376;
1900-01-01 18:48:18;972.0;1745657298;86.151;95.326;87.04;108.37;
1900-01-01 18:48:19;973.0;1745657299;86.141;95.3;87.102;108.472;
1900-01-01 18:48:21;974.0;1745657301;86.212;95.239;87.102;108.472;
1900-01-01 18:48:21;975.0;1745657301;86.212;95.239;87.068;108.29;
1900-01-01 18:48:22;976.0;1745657302;86.216;95.288;87.073;108.29;
1900-01-01 18:48:23;977.0;1745657303;86.248;95.26;87.073;108.45;
1900-01-01 18:48:24;978.0;1745657304;86.196;95.26;87.107;108.431;
1900-01-01 18:48:25;979.0;1745657305;86.196;95.214;87.13;108.431;
1900-01-01 18:48:26;980.0;1745657306;86.131;95.154;87.13;108.388;
1900-01-01 18:48:27;981.0;1745657307;86.131;95.154;87.094;108.457;
1900-01-01 18:48:28;982.0;1745657308;86.117;95.22;87.054;108.457;
1900-01-01 18:48:29;983.0;1745657309;86.038;95.22;87.054;108.37;
1900-01-01 18:48:30;984.0;1745657310;86.038;95.192;87.077;108.474;
1900-01-01 18:48:31;985.0;1745657311;86.054;95.154;87.077;108.474;
1900-01-01 18:48:32;986.0;1745657312;85.953;95.154;86.973;108.428;
1900-01-01 18:48:33;987.0;1745657313;85.953;95.145;87.016;108.401;
1900-01-01 18:48:34;988.0;1745657314;85.867;95.062;87.016;108.401;
1900-01-01 18:48:35;989.0;1745657315;85.76;95.062;87.009;108.367;
1900-01-01 18:48:36;990.0;1745657316;85.76;95.175;86.999;108.48;
1900-01-01 18:48:37;991.0;1745657317;85.669;95.11;86.999;108.48;
1900-01-01 18:48:38;992.0;1745657318;85.652;95.11;86.98;108.413;
1900-01-01 18:48:39;993.0;1745657319;85.652;95.077;86.931;108.425;
1900-01-01 18:48:40;994.0;1745657320;85.482;95.086;86.931;108.425;
1900-01-01 18:48:41;995.0;1745657321;85.482;95.086;86.88;108.413;
1900-01-01 18:48:42;996.0;1745657322;85.516;95.087;86.932;108.364;
1900-01-01 18:48:43;997.0;1745657323;85.4;95.087;86.932;108.364;
1900-01-01 18:48:44;998.0;1745657324;85.4;95.043;86.85;108.424;
1900-01-01 18:48:45;999.0;1745657325;85.292;95.086;86.804;108.424;
1900-01-01 18:48:46;1000.0;1745657326;85.243;95.086;86.804;108.359;
1900-01-01 18:48:47;1001.0;1745657327;85.243;95.047;86.796;108.335;
1900-01-01 18:48:48;1002.0;1745657328;85.038;95.099;86.893;108.335;
1900-01-01 18:48:49;1003.0;1745657329;84.914;95.099;86.893;108.452;
1900-01-01 18:48:50;1004.0;1745657330;84.914;95.056;86.911;108.38;
1900-01-01 18:48:51;1005.0;1745657331;84.846;95.018;87.033;108.38;
1900-01-01 18:48:52;1006.0;1745657332;84.814;95.018;87.033;108.335;
1900-01-01 18:48:53;1007.0;1745657333;84.814;94.942;86.983;108.336;
1900-01-01 18:48:54;1008.0;1745657334;84.689;95.072;86.889;108.336;
1900-01-01 18:48:55;1009.0;1745657335;84.729;95.072;86.889;108.294;
1900-01-01 18:48:56;1010.0;1745657336;84.729;94.973;86.825;108.401;
1900-01-01 18:48:57;1011.0;1745657337;84.718;94.952;86.825;108.401;
1900-01-01 18:48:58;1012.0;1745657338;84.748;94.952;86.74;108.388;
1900-01-01 18:48:59;1013.0;1745657339;84.748;94.903;86.711;108.348;
1900-01-01 18:49:00;1014.0;1745657340;84.649;94.924;86.711;108.348;
1900-01-01 18:49:01;1015.0;1745657341;84.63;94.924;86.726;108.424;
1900-01-01 18:49:02;1016.0;1745657342;84.63;94.889;86.786;108.401;
1900-01-01 18:49:03;1017.0;1745657343;84.586;94.915;86.786;108.401;
1900-01-01 18:49:04;1018.0;1745657344;84.462;94.915;86.744;108.401;
1900-01-01 18:49:05;1019.0;1745657345;84.462;94.941;86.713;108.401;
1900-01-01 18:49:06;1020.0;1745657346;84.374;94.805;86.713;108.365;
1900-01-01 18:49:07;1021.0;1745657347;84.28;94.805;86.668;108.349;
1900-01-01 18:49:08;1022.0;1745657348;84.28;94.807;86.641;108.472;
1900-01-01 18:49:09;1023.0;1745657349;84.327;94.864;86.641;108.472;
1900-01-01 18:49:10;1024.0;1745657350;84.327;94.864;86.659;108.429;
1900-01-01 18:49:11;1025.0;1745657351;84.22;94.846;86.638;108.398;
1900-01-01 18:49:12;1026.0;1745657352;84.214;94.869;86.638;108.398;
1900-01-01 18:49:13;1027.0;1745657353;84.185;94.869;86.62;108.357;
1900-01-01 18:49:14;1028.0;1745657354;84.185;94.821;86.693;108.342;
1900-01-01 18:49:15;1029.0;1745657355;84.098;94.807;86.693;108.342;
1900-01-01 18:49:16;1030.0;1745657356;84.111;94.807;86.754;108.399;
1900-01-01 18:49:17;1031.0;1745657357;84.111;94.851;86.741;108.335;
1900-01-01 18:49:18;1032.0;1745657358;84.09;94.812;86.741;108.335;
1900-01-01 18:49:19;1033.0;1745657359;84.134;94.812;86.744;108.362;
1900-01-01 18:49:20;1034.0;1745657360;84.134;94.84;86.764;108.362;
1900-01-01 18:49:21;1035.0;1745657361;84.147;94.811;86.764;108.366;
1900-01-01 18:49:22;1036.0;1745657362;84.226;94.811;86.65;108.418;
1900-01-01 18:49:23;1037.0;1745657363;84.226;94.834;86.427;108.44;
1900-01-01 18:49:24;1038.0;1745657364;84.125;94.803;86.427;108.44;
1900-01-01 18:49:25;1039.0;1745657365;84.148;94.803;86.368;108.453;
1900-01-01 18:49:26;1040.0;1745657366;84.148;94.702;86.247;108.427;
1900-01-01 18:49:27;1041.0;1745657367;84.142;94.766;86.21;108.427;
1900-01-01 18:49:28;1042.0;1745657368;84.142;94.766;86.21;108.443;
1900-01-01 18:49:29;1043.0;1745657369;84.086;94.745;86.173;108.443;
1900-01-01 18:49:30;1044.0;1745657370;83.983;94.692;86.173;108.382;
1900-01-01 18:49:31;1045.0;1745657371;84.013;94.692;86.206;108.353;
1900-01-01 18:49:32;1046.0;1745657372;84.013;94.712;86.183;108.353;
1900-01-01 18:49:33;1047.0;1745657373;83.825;94.624;86.183;108.327;
1900-01-01 18:49:34;1048.0;1745657374;83.837;94.624;86.201;108.329;
1900-01-01 18:49:35;1049.0;1745657375;83.837;94.704;86.342;108.329;
1900-01-01 18:49:36;1050.0;1745657376;83.794;94.601;86.342;108.443;
1900-01-01 18:49:37;1051.0;1745657377;83.794;94.601;86.294;108.424;
1900-01-01 18:49:38;1052.0;1745657378;83.679;94.66;86.282;108.424;
1900-01-01 18:49:39;1053.0;1745657379;83.805;94.597;86.282;108.367;
1900-01-01 18:49:40;1054.0;1745657380;83.805;94.597;86.282;108.386;
1900-01-01 18:49:41;1055.0;1745657381;83.889;94.659;86.291;108.386;
1900-01-01 18:49:42;1056.0;1745657382;83.973;94.594;86.291;108.382;
1900-01-01 18:49:43;1057.0;1745657383;83.973;94.594;86.3;108.381;
1900-01-01 18:49:44;1058.0;1745657384;84.027;94.546;86.233;108.381;
1900-01-01 18:49:45;1059.0;1745657385;84.165;94.546;86.233;108.419;
1900-01-01 18:49:46;1060.0;1745657386;84.165;94.528;86.154;108.379;
1900-01-01 18:49:48;1061.0;1745657388;84.245;94.625;86.184;108.379;
1900-01-01 18:49:48;1062.0;1745657388;84.237;94.625;86.184;108.293;
1900-01-01 18:49:49;1063.0;1745657389;84.237;94.59;86.151;108.358;
1900-01-01 18:49:50;1064.0;1745657390;84.266;94.52;86.151;108.358;
1900-01-01 18:49:51;1065.0;1745657391;84.266;94.52;86.09;108.343;
1900-01-01 18:49:52;1066.0;1745657392;84.227;94.622;86.1;108.343;
1900-01-01 18:49:53;1067.0;1745657393;84.363;94.48;86.1;108.404;
1900-01-01 18:49:54;1068.0;1745657394;84.363;94.48;85.992;108.366;
1900-01-01 18:49:55;1069.0;1745657395;84.242;94.504;85.96;108.366;
1900-01-01 18:49:56;1070.0;1745657396;84.257;94.557;85.96;108.374;
1900-01-01 18:49:57;1071.0;1745657397;84.266;94.557;85.947;108.396;
1900-01-01 18:49:58;1072.0;1745657398;84.266;94.537;85.943;108.396;
1900-01-01 18:49:59;1073.0;1745657399;84.275;94.556;85.943;108.366;
1900-01-01 18:50:00;1074.0;1745657400;84.275;94.556;85.823;108.396;
1900-01-01 18:50:01;1075.0;1745657401;84.304;94.506;85.815;108.396;
1900-01-01 18:50:02;1076.0;1745657402;84.303;94.506;85.815;108.413;
1900-01-01 18:50:03;1077.0;1745657403;84.303;94.514;85.735;108.486;
1900-01-01 18:50:04;1078.0;1745657404;84.253;94.54;85.786;108.486;
1900-01-01 18:50:05;1079.0;1745657405;84.323;94.54;85.786;108.29;
1900-01-01 18:50:06;1080.0;1745657406;84.323;94.508;85.79;108.419;
1900-01-01 18:50:08;1081.0;1745657408;84.279;94.53;85.875;108.419;
1900-01-01 18:50:08;1082.0;1745657408;84.216;94.53;85.875;108.508;
1900-01-01 18:50:09;1083.0;1745657409;84.216;94.49;85.874;108.405;
1900-01-01 18:50:10;1084.0;1745657410;84.267;94.55;85.874;108.405;
1900-01-01 18:50:11;1085.0;1745657411;84.27;94.55;85.881;108.361;
1900-01-01 18:50:12;1086.0;1745657412;84.27;94.563;85.89;108.444;
1900-01-01 18:50:13;1087.0;1745657413;84.324;94.524;85.89;108.444;
1900-01-01 18:50:14;1088.0;1745657414;84.271;94.524;85.811;108.342;
1900-01-01 18:50:15;1089.0;1745657415;84.271;94.616;85.846;108.353;
1900-01-01 18:50:16;1090.0;1745657416;84.347;94.558;85.846;108.353;
1900-01-01 18:50:17;1091.0;1745657417;84.301;94.558;85.813;108.407;
1900-01-01 18:50:18;1092.0;1745657418;84.301;94.547;85.825;108.406;
1900-01-01 18:50:19;1093.0;1745657419;84.251;94.602;85.825;108.406;
1900-01-01 18:50:20;1094.0;1745657420;84.251;94.602;85.787;108.398;
1900-01-01 18:50:21;1095.0;1745657421;84.328;94.565;85.924;108.398;
1900-01-01 18:50:22;1096.0;1745657422;84.323;94.491;85.924;108.465;
1900-01-01 18:50:23;1097.0;1745657423;84.323;94.491;85.967;108.412;
1900-01-01 18:50:24;1098.0;1745657424;84.383;94.646;86.034;108.412;
1900-01-01 18:50:25;1099.0;1745657425;84.299;94.646;86.034;108.389;
1900-01-01 18:50:26;1100.0;1745657426;84.299;94.583;86.125;108.427;
1900-01-01 18:50:27;1101.0;1745657427;84.291;94.416;86.079;108.427;
1900-01-01 18:50:28;1102.0;1745657428;84.35;94.416;86.079;108.401;
1900-01-01 18:50:29;1103.0;1745657429;84.35;94.539;86.029;108.395;
1900-01-01 18:50:30;1104.0;1745657430;84.224;94.475;86.024;108.395;
1900-01-01 18:50:31;1105.0;1745657431;84.174;94.51;86.024;108.367;
1900-01-01 18:50:33;1106.0;1745657433;84.174;94.51;86.002;108.364;
1900-01-01 18:50:33;1107.0;1745657433;84.186;94.432;85.919;108.364;
1900-01-01 18:50:34;1108.0;1745657434;84.116;94.423;85.919;108.274;
1900-01-01 18:50:35;1109.0;1745657435;84.116;94.423;85.789;108.289;
1900-01-01 18:50:36;1110.0;1745657436;84.128;94.457;85.844;108.289;
1900-01-01 18:50:37;1111.0;1745657437;84.053;94.457;85.844;108.227;
1900-01-01 18:50:38;1112.0;1745657438;84.053;94.378;85.708;108.396;
1900-01-01 18:50:39;1113.0;1745657439;83.975;94.382;85.619;108.396;
1900-01-01 18:50:40;1114.0;1745657440;83.911;94.382;85.619;108.369;
1900-01-01 18:50:41;1115.0;1745657441;83.911;94.332;85.56;108.405;
1900-01-01 18:50:42;1116.0;1745657442;83.955;94.283;85.56;108.405;
1900-01-01 18:50:43;1117.0;1745657443;83.866;94.283;85.528;108.347;
1900-01-01 18:50:44;1118.0;1745657444;83.866;94.339;85.582;108.347;
1900-01-01 18:50:45;1119.0;1745657445;83.825;94.318;85.582;108.406;
1900-01-01 18:50:47;1120.0;1745657447;83.82;94.318;85.567;108.364;
1900-01-01 18:50:47;1121.0;1745657447;83.82;94.317;85.579;108.364;
1900-01-01 18:50:48;1122.0;1745657448;83.746;94.289;85.579;108.408;
1900-01-01 18:50:49;1123.0;1745657449;83.746;94.289;85.609;108.35;
1900-01-01 18:50:50;1124.0;1745657450;83.671;94.29;85.536;108.35;
1900-01-01 18:50:51;1125.0;1745657451;83.589;94.22;85.536;108.328;
1900-01-01 18:50:52;1126.0;1745657452;83.589;94.22;85.488;108.351;
1900-01-01 18:50:53;1127.0;1745657453;83.493;94.185;85.442;108.351;
1900-01-01 18:50:54;1128.0;1745657454;83.466;94.208;85.442;108.356;
1900-01-01 18:50:55;1129.0;1745657455;83.466;94.208;85.459;108.273;
1900-01-01 18:50:56;1130.0;1745657456;83.434;94.146;85.412;108.273;
1900-01-01 18:50:57;1131.0;1745657457;83.331;94.146;85.412;108.351;
1900-01-01 18:50:58;1132.0;1745657458;83.331;94.12;85.374;108.462;
1900-01-01 18:50:59;1133.0;1745657459;83.342;94.205;85.352;108.462;
1900-01-01 18:51:00;1134.0;1745657460;83.355;94.205;85.352;108.419;
1900-01-01 18:51:01;1135.0;1745657461;83.355;94.096;85.352;108.49;
1900-01-01 18:51:02;1136.0;1745657462;83.278;94.144;85.352;108.49;
1900-01-01 18:51:03;1137.0;1745657463;83.26;94.144;85.356;108.328;
1900-01-01 18:51:04;1138.0;1745657464;83.26;94.149;85.399;108.487;
1900-01-01 18:51:05;1139.0;1745657465;83.207;94.144;85.399;108.487;
1900-01-01 18:51:06;1140.0;1745657466;83.112;94.144;85.312;108.385;
1900-01-01 18:51:07;1141.0;1745657467;83.112;94.185;85.334;108.415;
1900-01-01 18:51:08;1142.0;1745657468;83.077;94.175;85.334;108.415;
1900-01-01 18:51:09;1143.0;1745657469;83.084;94.175;85.315;108.432;
1900-01-01 18:51:10;1144.0;1745657470;83.084;94.135;85.318;108.432;
1900-01-01 18:51:11;1145.0;1745657471;82.893;94.146;85.318;108.424;
1900-01-01 18:51:13;1146.0;1745657473;83.009;94.146;85.348;108.428;
1900-01-01 18:51:13;1147.0;1745657473;83.009;94.065;85.425;108.428;
1900-01-01 18:51:14;1148.0;1745657474;82.924;94.105;85.425;108.29;
1900-01-01 18:51:15;1149.0;1745657475;82.924;94.105;85.49;108.382;
1900-01-01 18:51:16;1150.0;1745657476;82.963;94.131;85.447;108.382;
1900-01-01 18:51:17;1151.0;1745657477;82.921;94.166;85.447;108.372;
1900-01-01 18:51:18;1152.0;1745657478;82.921;94.166;85.484;108.382;
1900-01-01 18:51:19;1153.0;1745657479;82.969;94.137;85.47;108.382;
1900-01-01 18:51:21;1154.0;1745657481;82.926;94.161;85.47;108.396;
1900-01-01 18:51:21;1155.0;1745657481;82.926;94.161;85.358;108.368;
1900-01-01 18:51:22;1156.0;1745657482;82.899;94.126;85.313;108.368;
1900-01-01 18:51:23;1157.0;1745657483;82.824;94.126;85.313;108.342;
1900-01-01 18:51:24;1158.0;1745657484;82.824;94.145;85.186;108.35;
1900-01-01 18:51:25;1159.0;1745657485;82.796;94.207;85.186;108.35;
1900-01-01 18:51:26;1160.0;1745657486;82.682;94.207;85.19;108.285;
1900-01-01 18:51:27;1161.0;1745657487;82.682;94.14;85.18;108.285;
1900-01-01 18:51:28;1162.0;1745657488;82.521;94.112;85.18;108.251;
1900-01-01 18:51:29;1163.0;1745657489;82.405;94.112;85.285;108.303;
1900-01-01 18:51:30;1164.0;1745657490;82.405;94.152;85.273;108.303;
1900-01-01 18:51:31;1165.0;1745657491;82.404;94.135;85.273;108.242;
1900-01-01 18:51:32;1166.0;1745657492;82.396;94.135;85.24;108.326;
1900-01-01 18:51:33;1167.0;1745657493;82.396;94.104;85.254;108.326;
1900-01-01 18:51:34;1168.0;1745657494;82.385;94.074;85.254;108.451;
1900-01-01 18:51:35;1169.0;1745657495;82.385;94.074;85.187;108.349;
1900-01-01 18:51:36;1170.0;1745657496;82.384;94.054;85.13;108.349;
1900-01-01 18:51:38;1171.0;1745657498;82.371;94.001;85.13;108.337;
1900-01-01 18:51:38;1172.0;1745657498;82.371;94.001;85.081;108.229;
1900-01-01 18:51:39;1173.0;1745657499;82.374;94.037;85.119;108.229;
1900-01-01 18:51:40;1174.0;1745657500;82.403;94.083;85.119;108.261;
1900-01-01 18:51:41;1175.0;1745657501;82.403;94.083;85.102;108.408;
1900-01-01 18:51:42;1176.0;1745657502;82.414;93.977;85.143;108.408;
1900-01-01 18:51:43;1177.0;1745657503;82.434;93.967;85.143;108.285;
1900-01-01 18:51:44;1178.0;1745657504;82.434;93.967;85.217;108.274;
1900-01-01 18:51:45;1179.0;1745657505;82.355;94.058;85.149;108.274;
1900-01-01 18:51:46;1180.0;1745657506;82.38;94.058;85.149;108.337;
1900-01-01 18:51:47;1181.0;1745657507;82.38;93.997;85.257;108.294;
1900-01-01 18:51:48;1182.0;1745657508;82.472;94.099;85.287;108.294;
1900-01-01 18:51:49;1183.0;1745657509;82.437;94.099;85.287;108.199;
1900-01-01 18:51:50;1184.0;1745657510;82.437;94.07;85.254;108.304;
1900-01-01 18:51:51;1185.0;1745657511;82.423;93.935;85.254;108.304;
1900-01-01 18:51:52;1186.0;1745657512;82.341;93.935;85.225;108.3;
1900-01-01 18:51:53;1187.0;1745657513;82.341;93.99;85.256;108.3;
1900-01-01 18:51:54;1188.0;1745657514;82.356;93.886;85.256;108.407;
1900-01-01 18:51:55;1189.0;1745657515;82.407;93.886;85.2;108.301;
1900-01-01 18:51:56;1190.0;1745657516;82.407;93.928;85.16;108.301;
1900-01-01 18:51:57;1191.0;1745657517;82.305;93.909;85.16;108.393;
1900-01-01 18:51:58;1192.0;1745657518;82.305;93.909;85.112;108.35;
1900-01-01 18:51:59;1193.0;1745657519;82.381;93.916;85.028;108.408;
1900-01-01 18:52:00;1194.0;1745657520;82.267;93.875;85.028;108.408;
1900-01-01 18:52:01;1195.0;1745657521;82.267;93.875;85.016;108.358;
1900-01-01 18:52:03;1196.0;1745657523;82.261;93.92;85.077;108.358;
1900-01-01 18:52:03;1197.0;1745657523;82.225;93.92;85.077;108.321;
1900-01-01 18:52:04;1198.0;1745657524;82.225;93.888;85.044;108.31;
1900-01-01 18:52:05;1199.0;1745657525;82.186;93.884;85.044;108.31;
1900-01-01 18:52:06;1200.0;1745657526;82.158;93.884;85.101;108.268;
