Time;Seconds from start for linreg;Unix Time;ch1 po2;ch2 po2;ch3 po2;ch4 po2;
1900-01-01 07:52:09;1.0;1745704329;101.407;103.047;97.523;102.334;
1900-01-01 07:52:10;2.0;1745704330;101.407;103.077;97.571;102.351;
1900-01-01 07:52:11;3.0;1745704331;101.483;102.999;97.639;102.351;
1900-01-01 07:52:12;4.0;1745704332;101.451;102.999;97.639;102.294;
1900-01-01 07:52:13;5.0;1745704333;101.451;102.952;97.427;102.336;
1900-01-01 07:52:15;6.0;1745704335;101.489;102.997;97.276;102.336;
1900-01-01 07:52:15;7.0;1745704335;101.457;102.997;97.276;102.349;
1900-01-01 07:52:16;8.0;1745704336;101.457;103.094;97.258;102.318;
1900-01-01 07:52:17;9.0;1745704337;101.435;103.061;97.258;102.318;
1900-01-01 07:52:18;10.0;1745704338;101.454;103.061;97.222;102.394;
1900-01-01 07:52:19;11.0;1745704339;101.454;103.103;97.196;102.389;
1900-01-01 07:52:20;12.0;1745704340;101.432;103.082;97.196;102.389;
1900-01-01 07:52:21;13.0;1745704341;101.445;103.082;97.231;102.44;
1900-01-01 07:52:22;14.0;1745704342;101.445;103.139;97.293;102.44;
1900-01-01 07:52:23;15.0;1745704343;101.467;103.119;97.293;102.301;
1900-01-01 07:52:24;16.0;1745704344;101.451;103.119;97.271;102.377;
1900-01-01 07:52:25;17.0;1745704345;101.451;103.183;97.182;102.303;
1900-01-01 07:52:26;18.0;1745704346;101.437;103.177;97.182;102.303;
1900-01-01 07:52:27;19.0;1745704347;101.437;103.177;97.292;102.343;
1900-01-01 07:52:28;20.0;1745704348;101.438;103.316;97.32;102.357;
1900-01-01 07:52:29;21.0;1745704349;101.38;103.232;97.32;102.357;
1900-01-01 07:52:30;22.0;1745704350;101.38;103.232;97.372;102.354;
1900-01-01 07:52:31;23.0;1745704351;101.4;103.171;97.395;102.354;
1900-01-01 07:52:32;24.0;1745704352;101.365;103.217;97.395;102.304;
1900-01-01 07:52:33;25.0;1745704353;101.328;103.217;97.437;102.346;
1900-01-01 07:52:34;26.0;1745704354;101.328;103.122;97.392;102.346;
1900-01-01 07:52:35;27.0;1745704355;101.332;103.221;97.392;102.286;
1900-01-01 07:52:36;28.0;1745704356;101.332;103.221;97.246;102.295;
1900-01-01 07:52:38;29.0;1745704358;101.397;103.111;97.204;102.295;
1900-01-01 07:52:38;30.0;1745704358;101.436;103.111;97.204;102.38;
1900-01-01 07:52:39;31.0;1745704359;101.436;103.108;97.235;102.409;
1900-01-01 07:52:40;32.0;1745704360;101.502;103.08;97.242;102.409;
1900-01-01 07:52:41;33.0;1745704361;101.429;103.08;97.242;102.356;
1900-01-01 07:52:42;34.0;1745704362;101.429;103.116;97.229;102.351;
1900-01-01 07:52:43;35.0;1745704363;101.46;103.106;97.271;102.351;
1900-01-01 07:52:45;36.0;1745704365;101.463;103.106;97.271;102.342;
1900-01-01 07:52:45;37.0;1745704365;101.463;103.006;97.173;102.355;
1900-01-01 07:52:47;38.0;1745704367;101.356;103.05;97.145;102.355;
1900-01-01 07:52:47;39.0;1745704367;101.356;103.05;97.145;102.312;
1900-01-01 07:52:48;40.0;1745704368;101.38;103.058;97.119;102.369;
1900-01-01 07:52:49;41.0;1745704369;101.382;102.96;97.119;102.369;
1900-01-01 07:52:50;42.0;1745704370;101.382;102.96;97.141;102.399;
1900-01-01 07:52:51;43.0;1745704371;101.384;103.088;97.152;102.399;
1900-01-01 07:52:52;44.0;1745704372;101.384;102.983;97.152;102.435;
1900-01-01 07:52:54;45.0;1745704374;101.384;102.983;97.193;102.39;
1900-01-01 07:52:54;46.0;1745704374;101.411;102.981;97.17;102.39;
1900-01-01 07:52:55;47.0;1745704375;101.514;102.923;97.17;102.466;
1900-01-01 07:52:56;48.0;1745704376;101.514;102.923;97.228;102.353;
1900-01-01 07:52:57;49.0;1745704377;101.486;102.998;97.13;102.353;
1900-01-01 07:52:58;50.0;1745704378;101.427;102.998;97.13;102.474;
1900-01-01 07:52:59;51.0;1745704379;101.427;103.053;97.083;102.398;
1900-01-01 07:53:00;52.0;1745704380;101.444;103.033;97.09;102.398;
1900-01-01 07:53:01;53.0;1745704381;101.43;103.033;97.09;102.435;
1900-01-01 07:53:02;54.0;1745704382;101.43;103.076;97.007;102.352;
1900-01-01 07:53:03;55.0;1745704383;101.427;103.065;97.007;102.352;
1900-01-01 07:53:04;56.0;1745704384;101.386;103.065;97.117;102.332;
1900-01-01 07:53:05;57.0;1745704385;101.386;103.021;97.164;102.349;
1900-01-01 07:53:06;58.0;1745704386;101.406;103.069;97.164;102.349;
1900-01-01 07:53:07;59.0;1745704387;101.378;103.069;97.109;102.376;
1900-01-01 07:53:08;60.0;1745704388;101.378;103.089;97.1;102.487;
1900-01-01 07:53:09;61.0;1745704389;101.45;103.04;97.1;102.487;
1900-01-01 07:53:11;62.0;1745704391;101.464;103.04;97.172;102.371;
1900-01-01 07:53:11;63.0;1745704391;101.464;103.078;97.121;102.371;
1900-01-01 07:53:12;64.0;1745704392;101.347;103.021;97.121;102.333;
1900-01-01 07:53:13;65.0;1745704393;101.32;103.021;97.171;102.329;
1900-01-01 07:53:14;66.0;1745704394;101.32;103.039;97.123;102.329;
1900-01-01 07:53:15;67.0;1745704395;101.32;103.1;97.123;102.365;
1900-01-01 07:53:16;68.0;1745704396;101.42;103.1;97.123;102.392;
1900-01-01 07:53:17;69.0;1745704397;101.42;103.126;96.98;102.392;
1900-01-01 07:53:18;70.0;1745704398;101.382;103.092;96.98;102.353;
1900-01-01 07:53:19;71.0;1745704399;101.382;103.092;96.995;102.344;
1900-01-01 07:53:20;72.0;1745704400;101.398;103.007;96.976;102.344;
1900-01-01 07:53:21;73.0;1745704401;101.36;103.007;96.976;102.41;
1900-01-01 07:53:22;74.0;1745704402;101.36;103.056;96.939;102.492;
1900-01-01 07:53:23;75.0;1745704403;101.391;102.955;96.941;102.492;
1900-01-01 07:53:24;76.0;1745704404;101.393;102.955;96.941;102.391;
1900-01-01 07:53:25;77.0;1745704405;101.393;102.878;96.879;102.303;
1900-01-01 07:53:26;78.0;1745704406;101.36;102.937;96.879;102.303;
1900-01-01 07:53:27;79.0;1745704407;101.331;102.937;96.807;102.327;
1900-01-01 07:53:28;80.0;1745704408;101.331;102.814;96.738;102.327;
1900-01-01 07:53:29;81.0;1745704409;101.333;102.84;96.738;102.354;
1900-01-01 07:53:30;82.0;1745704410;101.339;102.84;96.742;102.409;
1900-01-01 07:53:31;83.0;1745704411;101.339;102.861;96.844;102.409;
1900-01-01 07:53:32;84.0;1745704412;101.298;102.921;96.844;102.327;
1900-01-01 07:53:34;85.0;1745704414;101.217;102.921;96.846;102.305;
1900-01-01 07:53:34;86.0;1745704414;101.217;102.923;96.875;102.305;
1900-01-01 07:53:35;87.0;1745704415;101.24;103.04;96.875;102.365;
1900-01-01 07:53:36;88.0;1745704416;101.24;103.04;96.871;102.326;
1900-01-01 07:53:37;89.0;1745704417;101.271;102.944;96.741;102.326;
1900-01-01 07:53:38;90.0;1745704418;101.25;102.944;96.741;102.359;
1900-01-01 07:53:39;91.0;1745704419;101.25;102.876;96.736;102.336;
1900-01-01 07:53:41;92.0;1745704421;101.299;102.929;96.764;102.336;
1900-01-01 07:53:41;93.0;1745704421;101.264;102.929;96.764;102.355;
1900-01-01 07:53:42;94.0;1745704422;101.264;103.018;96.911;102.363;
1900-01-01 07:53:43;95.0;1745704423;101.233;102.951;96.898;102.363;
1900-01-01 07:53:44;96.0;1745704424;101.25;102.951;96.898;102.329;
1900-01-01 07:53:45;97.0;1745704425;101.25;103.013;96.995;102.443;
1900-01-01 07:53:46;98.0;1745704426;101.279;103.09;97.107;102.443;
1900-01-01 07:53:47;99.0;1745704427;101.315;103.09;97.107;102.325;
1900-01-01 07:53:48;100.0;1745704428;101.315;103.075;97.132;102.447;
1900-01-01 07:53:49;101.0;1745704429;101.328;103.027;97.132;102.447;
1900-01-01 07:53:50;102.0;1745704430;101.37;103.027;97.163;102.364;
1900-01-01 07:53:51;103.0;1745704431;101.37;103.054;97.176;102.383;
1900-01-01 07:53:53;104.0;1745704433;101.346;103.048;97.054;102.383;
1900-01-01 07:53:53;105.0;1745704433;101.404;103.048;97.054;102.404;
1900-01-01 07:53:54;106.0;1745704434;101.404;103.12;96.928;102.343;
1900-01-01 07:53:55;107.0;1745704435;101.388;103.031;96.928;102.343;
1900-01-01 07:53:56;108.0;1745704436;101.37;103.031;96.808;102.397;
1900-01-01 07:53:57;109.0;1745704437;101.37;103.016;96.87;102.357;
1900-01-01 07:53:58;110.0;1745704438;101.414;103.035;96.87;102.357;
1900-01-01 07:53:59;111.0;1745704439;101.414;103.035;96.82;102.468;
1900-01-01 07:54:00;112.0;1745704440;101.401;103.081;96.72;102.366;
1900-01-01 07:54:01;113.0;1745704441;101.412;103.038;96.72;102.366;
1900-01-01 07:54:02;114.0;1745704442;101.412;103.038;96.745;102.36;
1900-01-01 07:54:03;115.0;1745704443;101.414;103.108;96.721;102.36;
1900-01-01 07:54:04;116.0;1745704444;101.364;103.108;96.721;102.434;
1900-01-01 07:54:05;117.0;1745704445;101.364;103.097;96.664;102.313;
1900-01-01 07:54:06;118.0;1745704446;101.237;103.07;96.695;102.313;
1900-01-01 07:54:07;119.0;1745704447;101.355;103.07;96.695;102.372;
1900-01-01 07:54:08;120.0;1745704448;101.355;103.074;96.573;102.327;
1900-01-01 07:54:09;121.0;1745704449;101.369;103.063;96.488;102.327;
1900-01-01 07:54:10;122.0;1745704450;101.422;103.129;96.488;102.346;
1900-01-01 07:54:11;123.0;1745704451;101.422;103.129;96.523;102.416;
1900-01-01 07:54:12;124.0;1745704452;101.407;103.075;96.523;102.416;
1900-01-01 07:54:13;125.0;1745704453;101.345;103.075;96.523;102.362;
1900-01-01 07:54:14;126.0;1745704454;101.345;103.14;96.564;102.348;
1900-01-01 07:54:15;127.0;1745704455;101.375;103.148;96.702;102.348;
1900-01-01 07:54:17;128.0;1745704457;101.416;103.147;96.702;102.319;
1900-01-01 07:54:17;129.0;1745704457;101.416;103.147;96.627;102.36;
1900-01-01 07:54:18;130.0;1745704458;101.324;103.14;96.528;102.36;
1900-01-01 07:54:19;131.0;1745704459;101.415;103.14;96.528;102.404;
1900-01-01 07:54:20;132.0;1745704460;101.415;103.032;96.441;102.376;
1900-01-01 07:54:21;133.0;1745704461;101.437;103.076;96.441;102.376;
1900-01-01 07:54:22;134.0;1745704462;101.353;103.076;96.328;102.323;
1900-01-01 07:54:23;135.0;1745704463;101.353;103.068;96.28;102.408;
1900-01-01 07:54:24;136.0;1745704464;101.358;103.005;96.319;102.408;
1900-01-01 07:54:25;137.0;1745704465;101.357;103.005;96.319;102.442;
1900-01-01 07:54:26;138.0;1745704466;101.357;103.042;96.319;102.43;
1900-01-01 07:54:27;139.0;1745704467;101.355;103.054;96.319;102.43;
1900-01-01 07:54:28;140.0;1745704468;101.261;103.054;96.324;102.37;
1900-01-01 07:54:29;141.0;1745704469;101.261;103.035;96.362;102.37;
1900-01-01 07:54:30;142.0;1745704470;101.268;103.003;96.362;102.416;
1900-01-01 07:54:31;143.0;1745704471;101.278;103.003;96.376;102.357;
1900-01-01 07:54:32;144.0;1745704472;101.278;102.99;96.365;102.357;
1900-01-01 07:54:33;145.0;1745704473;101.233;103.047;96.365;102.416;
1900-01-01 07:54:34;146.0;1745704474;101.233;103.047;96.364;102.346;
1900-01-01 07:54:35;147.0;1745704475;101.306;103.01;96.409;102.346;
1900-01-01 07:54:36;148.0;1745704476;101.222;103.018;96.409;102.434;
1900-01-01 07:54:37;149.0;1745704477;101.222;103.018;96.468;102.265;
1900-01-01 07:54:38;150.0;1745704478;101.294;103.011;96.515;102.265;
1900-01-01 07:54:39;151.0;1745704479;101.256;103.011;96.515;102.338;
1900-01-01 07:54:40;152.0;1745704480;101.256;103.06;96.537;102.36;
1900-01-01 07:54:41;153.0;1745704481;101.299;103.066;96.537;102.36;
1900-01-01 07:54:42;154.0;1745704482;101.332;103.066;96.62;102.378;
1900-01-01 07:54:43;155.0;1745704483;101.332;103.08;96.686;102.378;
1900-01-01 07:54:44;156.0;1745704484;101.233;103.182;96.686;102.368;
1900-01-01 07:54:45;157.0;1745704485;101.174;103.182;96.779;102.332;
1900-01-01 07:54:46;158.0;1745704486;101.174;103.161;96.71;102.332;
1900-01-01 07:54:47;159.0;1745704487;101.192;103.101;96.71;102.402;
1900-01-01 07:54:48;160.0;1745704488;101.223;103.101;96.702;102.276;
1900-01-01 07:54:49;161.0;1745704489;101.223;103.092;96.663;102.317;
1900-01-01 07:54:50;162.0;1745704490;101.226;103.07;96.663;102.317;
1900-01-01 07:54:51;163.0;1745704491;101.226;103.07;96.59;102.351;
1900-01-01 07:54:52;164.0;1745704492;101.196;103.045;96.564;102.351;
1900-01-01 07:54:53;165.0;1745704493;101.124;103.056;96.564;102.388;
1900-01-01 07:54:54;166.0;1745704494;101.124;103.056;96.58;102.412;
1900-01-01 07:54:55;167.0;1745704495;101.132;103.14;96.474;102.412;
1900-01-01 07:54:56;168.0;1745704496;101.105;103.042;96.474;102.447;
1900-01-01 07:54:57;169.0;1745704497;101.105;103.042;96.487;102.379;
1900-01-01 07:54:58;170.0;1745704498;101.145;103.02;96.488;102.379;
1900-01-01 07:55:00;171.0;1745704500;101.122;103.003;96.488;102.339;
1900-01-01 07:55:00;172.0;1745704500;101.122;103.003;96.494;102.404;
1900-01-01 07:55:01;173.0;1745704501;101.33;102.91;96.589;102.404;
1900-01-01 07:55:02;174.0;1745704502;101.277;102.91;96.589;102.449;
1900-01-01 07:55:03;175.0;1745704503;101.277;102.926;96.511;102.425;
1900-01-01 07:55:04;176.0;1745704504;101.318;102.942;96.511;102.425;
1900-01-01 07:55:05;177.0;1745704505;101.262;102.942;96.485;102.4;
1900-01-01 07:55:06;178.0;1745704506;101.262;102.982;96.428;102.4;
1900-01-01 07:55:07;179.0;1745704507;101.205;103.025;96.428;102.392;
1900-01-01 07:55:08;180.0;1745704508;101.247;103.025;96.402;102.419;
1900-01-01 07:55:09;181.0;1745704509;101.247;103.039;96.477;102.419;
1900-01-01 07:55:10;182.0;1745704510;101.255;102.959;96.477;102.379;
1900-01-01 07:55:11;183.0;1745704511;101.138;102.959;96.425;102.426;
1900-01-01 07:55:12;184.0;1745704512;101.138;103.033;96.407;102.426;
1900-01-01 07:55:13;185.0;1745704513;101.162;102.983;96.407;102.418;
1900-01-01 07:55:14;186.0;1745704514;101.162;102.983;96.441;102.4;
1900-01-01 07:55:16;187.0;1745704516;101.169;103.07;96.446;102.416;
1900-01-01 07:55:16;188.0;1745704516;101.192;103.13;96.446;102.416;
1900-01-01 07:55:17;189.0;1745704517;101.192;103.13;96.26;102.361;
1900-01-01 07:55:18;190.0;1745704518;101.218;103.031;96.242;102.361;
1900-01-01 07:55:19;191.0;1745704519;101.305;103.046;96.242;102.336;
1900-01-01 07:55:20;192.0;1745704520;101.305;103.046;96.283;102.434;
1900-01-01 07:55:21;193.0;1745704521;101.283;103.076;96.219;102.434;
1900-01-01 07:55:22;194.0;1745704522;101.289;103.026;96.219;102.501;
1900-01-01 07:55:23;195.0;1745704523;101.289;103.026;96.13;102.406;
1900-01-01 07:55:24;196.0;1745704524;101.347;103.013;96.025;102.421;
1900-01-01 07:55:25;197.0;1745704525;101.305;103.013;96.025;102.421;
1900-01-01 07:55:26;198.0;1745704526;101.305;103.022;96.054;102.37;
1900-01-01 07:55:27;199.0;1745704527;101.281;103.076;95.98;102.37;
1900-01-01 07:55:29;200.0;1745704529;101.241;102.901;95.98;102.378;
1900-01-01 07:55:29;201.0;1745704529;101.241;102.901;96.109;102.34;
1900-01-01 07:55:30;202.0;1745704530;101.305;102.988;96.128;102.34;
1900-01-01 07:55:31;203.0;1745704531;101.187;102.864;96.128;102.331;
1900-01-01 07:55:32;204.0;1745704532;101.187;102.864;96.29;102.269;
1900-01-01 07:55:33;205.0;1745704533;101.169;102.861;96.231;102.269;
1900-01-01 07:55:34;206.0;1745704534;101.178;102.861;96.231;102.337;
1900-01-01 07:55:35;207.0;1745704535;101.178;102.74;96.277;102.356;
1900-01-01 07:55:36;208.0;1745704536;101.201;102.751;96.277;102.356;
1900-01-01 07:55:37;209.0;1745704537;101.261;102.751;96.198;102.286;
1900-01-01 07:55:38;210.0;1745704538;101.261;102.749;96.139;102.318;
1900-01-01 07:55:39;211.0;1745704539;101.12;102.795;96.128;102.318;
1900-01-01 07:55:40;212.0;1745704540;101.193;102.795;96.128;102.261;
1900-01-01 07:55:41;213.0;1745704541;101.193;102.775;96.054;102.362;
1900-01-01 07:55:42;214.0;1745704542;101.202;102.733;96.054;102.362;
1900-01-01 07:55:44;215.0;1745704544;101.199;102.733;95.944;102.39;
1900-01-01 07:55:44;216.0;1745704544;101.199;102.676;96.018;102.39;
1900-01-01 07:55:45;217.0;1745704545;101.208;102.758;96.018;102.325;
1900-01-01 07:55:46;218.0;1745704546;101.208;102.758;95.948;102.402;
1900-01-01 07:55:47;219.0;1745704547;101.139;102.796;95.99;102.402;
1900-01-01 07:55:49;220.0;1745704549;101.17;102.801;95.99;102.398;
1900-01-01 07:55:49;221.0;1745704549;101.17;102.801;96.035;102.386;
1900-01-01 07:55:50;222.0;1745704550;101.275;102.867;96.064;102.386;
1900-01-01 07:55:51;223.0;1745704551;101.205;102.869;96.064;102.413;
1900-01-01 07:55:52;224.0;1745704552;101.205;102.869;95.951;102.375;
1900-01-01 07:55:53;225.0;1745704553;101.28;102.978;95.919;102.375;
1900-01-01 07:55:54;226.0;1745704554;101.231;102.978;95.919;102.392;
1900-01-01 07:55:55;227.0;1745704555;101.231;102.913;95.938;102.454;
1900-01-01 07:55:56;228.0;1745704556;101.231;102.98;95.992;102.454;
1900-01-01 07:55:57;229.0;1745704557;101.193;102.98;95.992;102.45;
1900-01-01 07:55:58;230.0;1745704558;101.193;102.965;96.008;102.464;
1900-01-01 07:55:59;231.0;1745704559;101.104;103.006;96.008;102.464;
1900-01-01 07:56:00;232.0;1745704560;101.086;103.006;95.983;102.424;
1900-01-01 07:56:01;233.0;1745704561;101.086;102.93;96.038;102.424;
1900-01-01 07:56:03;234.0;1745704563;101.07;102.894;95.988;102.424;
1900-01-01 07:56:03;235.0;1745704563;101.102;102.894;95.988;102.421;
1900-01-01 07:56:04;236.0;1745704564;101.102;102.893;96.128;102.436;
1900-01-01 07:56:06;237.0;1745704566;101.064;102.985;96.078;102.436;
1900-01-01 07:56:06;238.0;1745704566;101.013;102.985;96.078;102.39;
1900-01-01 07:56:07;239.0;1745704567;101.013;102.914;96.073;102.394;
1900-01-01 07:56:08;240.0;1745704568;100.947;102.876;96.073;102.394;
1900-01-01 07:56:09;241.0;1745704569;100.947;102.876;95.979;102.401;
1900-01-01 07:56:10;242.0;1745704570;100.999;102.897;96.061;102.427;
1900-01-01 07:56:12;243.0;1745704572;100.98;102.96;96.061;102.427;
1900-01-01 07:56:12;244.0;1745704572;100.98;102.96;96.105;102.449;
1900-01-01 07:56:13;245.0;1745704573;101.007;102.908;96.167;102.449;
1900-01-01 07:56:14;246.0;1745704574;100.994;102.992;96.167;102.403;
1900-01-01 07:56:15;247.0;1745704575;100.994;102.992;96.058;102.439;
1900-01-01 07:56:16;248.0;1745704576;100.986;102.872;96.156;102.439;
1900-01-01 07:56:17;249.0;1745704577;101.122;102.897;96.156;102.383;
1900-01-01 07:56:18;250.0;1745704578;101.122;102.897;96.021;102.482;
1900-01-01 07:56:20;251.0;1745704580;101.188;102.935;95.889;102.377;
1900-01-01 07:56:20;252.0;1745704580;101.189;102.935;95.889;102.377;
1900-01-01 07:56:21;253.0;1745704581;101.189;102.894;95.99;102.411;
1900-01-01 07:56:22;254.0;1745704582;101.148;102.892;95.831;102.411;
1900-01-01 07:56:23;255.0;1745704583;101.198;102.892;95.831;102.478;
1900-01-01 07:56:24;256.0;1745704584;101.198;102.878;95.832;102.366;
1900-01-01 07:56:25;257.0;1745704585;101.161;102.881;95.745;102.366;
1900-01-01 07:56:26;258.0;1745704586;101.254;102.881;95.745;102.32;
1900-01-01 07:56:27;259.0;1745704587;101.254;102.85;95.839;102.337;
1900-01-01 07:56:28;260.0;1745704588;101.305;102.964;95.802;102.337;
1900-01-01 07:56:29;261.0;1745704589;101.218;102.964;95.802;102.387;
1900-01-01 07:56:30;262.0;1745704590;101.218;102.907;95.724;102.387;
1900-01-01 07:56:31;263.0;1745704591;101.211;102.942;95.724;102.383;
1900-01-01 07:56:32;264.0;1745704592;101.24;102.942;95.681;102.39;
1900-01-01 07:56:33;265.0;1745704593;101.24;102.865;95.751;102.502;
1900-01-01 07:56:34;266.0;1745704594;101.233;102.876;95.751;102.502;
1900-01-01 07:56:35;267.0;1745704595;101.233;102.876;95.716;102.521;
1900-01-01 07:56:36;268.0;1745704596;101.307;102.961;95.755;102.521;
1900-01-01 07:56:37;269.0;1745704597;101.131;102.92;95.755;102.335;
1900-01-01 07:56:39;270.0;1745704599;101.201;102.92;95.823;102.351;
1900-01-01 07:56:39;271.0;1745704599;101.201;102.829;95.761;102.351;
1900-01-01 07:56:40;272.0;1745704600;101.104;102.92;95.761;102.448;
1900-01-01 07:56:41;273.0;1745704601;101.104;102.92;95.837;102.393;
1900-01-01 07:56:42;274.0;1745704602;101.163;102.881;95.838;102.393;
1900-01-01 07:56:43;275.0;1745704603;101.042;102.908;95.838;102.391;
1900-01-01 07:56:44;276.0;1745704604;101.042;102.908;95.875;102.368;
1900-01-01 07:56:45;277.0;1745704605;101.029;102.968;95.689;102.368;
1900-01-01 07:56:47;278.0;1745704607;100.968;102.859;95.689;102.379;
1900-01-01 07:56:47;279.0;1745704607;100.968;102.859;95.532;102.47;
1900-01-01 07:56:48;280.0;1745704608;101.021;102.88;95.576;102.47;
1900-01-01 07:56:49;281.0;1745704609;100.978;102.88;95.576;102.341;
1900-01-01 07:56:50;282.0;1745704610;100.978;102.807;95.565;102.376;
1900-01-01 07:56:52;283.0;1745704612;101.098;102.806;95.674;102.376;
1900-01-01 07:56:52;284.0;1745704612;101.035;102.806;95.674;102.372;
1900-01-01 07:56:53;285.0;1745704613;101.035;102.78;95.722;102.44;
1900-01-01 07:56:54;286.0;1745704614;100.976;102.863;95.722;102.44;
1900-01-01 07:56:55;287.0;1745704615;100.976;102.863;95.61;102.461;
1900-01-01 07:56:56;288.0;1745704616;101.074;102.743;95.657;102.461;
1900-01-01 07:56:57;289.0;1745704617;101.1;102.848;95.657;102.431;
1900-01-01 07:56:58;290.0;1745704618;101.1;102.848;95.606;102.43;
1900-01-01 07:56:59;291.0;1745704619;101.03;102.848;95.669;102.43;
1900-01-01 07:57:00;292.0;1745704620;101.06;102.844;95.669;102.412;
1900-01-01 07:57:01;293.0;1745704621;101.06;102.844;95.734;102.387;
1900-01-01 07:57:02;294.0;1745704622;101.086;102.935;95.843;102.387;
1900-01-01 07:57:03;295.0;1745704623;100.984;102.935;95.843;102.436;
1900-01-01 07:57:04;296.0;1745704624;100.984;102.812;95.832;102.516;
1900-01-01 07:57:05;297.0;1745704625;101.009;102.895;95.721;102.516;
1900-01-01 07:57:06;298.0;1745704626;101.054;102.895;95.721;102.319;
1900-01-01 07:57:07;299.0;1745704627;101.054;102.916;95.717;102.436;
1900-01-01 07:57:08;300.0;1745704628;101.063;102.823;95.631;102.436;
1900-01-01 07:57:09;301.0;1745704629;101.084;102.823;95.631;102.451;
1900-01-01 07:57:10;302.0;1745704630;101.084;102.774;95.623;102.395;
1900-01-01 07:57:11;303.0;1745704631;100.991;102.728;95.665;102.395;
1900-01-01 07:57:12;304.0;1745704632;100.969;102.728;95.665;102.451;
1900-01-01 07:57:13;305.0;1745704633;100.969;102.574;95.671;102.449;
1900-01-01 07:57:14;306.0;1745704634;100.993;102.624;95.671;102.449;
1900-01-01 07:57:15;307.0;1745704635;100.857;102.624;95.775;102.349;
1900-01-01 07:57:16;308.0;1745704636;100.857;102.589;95.725;102.344;
1900-01-01 07:57:17;309.0;1745704637;101.02;102.602;95.725;102.344;
1900-01-01 07:57:18;310.0;1745704638;100.987;102.602;95.713;102.455;
1900-01-01 07:57:19;311.0;1745704639;100.987;102.661;95.635;102.45;
1900-01-01 07:57:20;312.0;1745704640;101.021;102.636;95.635;102.45;
1900-01-01 07:57:21;313.0;1745704641;101.021;102.636;95.597;102.471;
1900-01-01 07:57:22;314.0;1745704642;101.017;102.629;95.503;102.471;
1900-01-01 07:57:23;315.0;1745704643;100.953;102.648;95.503;102.323;
1900-01-01 07:57:25;316.0;1745704645;100.927;102.648;95.535;102.431;
1900-01-01 07:57:25;317.0;1745704645;100.927;102.674;95.518;102.431;
1900-01-01 07:57:26;318.0;1745704646;101.082;102.692;95.518;102.389;
1900-01-01 07:57:27;319.0;1745704647;101.082;102.692;95.498;102.434;
1900-01-01 07:57:28;320.0;1745704648;101.037;102.799;95.498;102.434;
1900-01-01 07:57:30;321.0;1745704650;101.015;102.781;95.498;102.423;
1900-01-01 07:57:30;322.0;1745704650;101.015;102.781;95.446;102.408;
1900-01-01 07:57:31;323.0;1745704651;100.984;102.807;95.51;102.408;
1900-01-01 07:57:32;324.0;1745704652;100.988;102.807;95.51;102.534;
1900-01-01 07:57:33;325.0;1745704653;100.988;102.734;95.464;102.456;
1900-01-01 07:57:34;326.0;1745704654;100.99;102.77;95.445;102.456;
1900-01-01 07:57:35;327.0;1745704655;100.959;102.77;95.445;102.482;
1900-01-01 07:57:36;328.0;1745704656;100.959;102.846;95.36;102.359;
1900-01-01 07:57:37;329.0;1745704657;100.94;102.719;95.36;102.359;
1900-01-01 07:57:38;330.0;1745704658;100.94;102.719;95.36;102.403;
1900-01-01 07:57:39;331.0;1745704659;100.99;102.753;95.418;102.403;
1900-01-01 07:57:40;332.0;1745704660;101.026;102.769;95.418;102.488;
1900-01-01 07:57:41;333.0;1745704661;101.009;102.769;95.379;102.474;
1900-01-01 07:57:42;334.0;1745704662;101.009;102.705;95.287;102.474;
1900-01-01 07:57:43;335.0;1745704663;100.891;102.777;95.287;102.449;
1900-01-01 07:57:44;336.0;1745704664;100.891;102.777;95.34;102.412;
1900-01-01 07:57:45;337.0;1745704665;100.891;102.806;95.353;102.412;
1900-01-01 07:57:46;338.0;1745704666;100.936;102.77;95.353;102.451;
1900-01-01 07:57:47;339.0;1745704667;100.936;102.77;95.368;102.46;
1900-01-01 07:57:48;340.0;1745704668;100.962;102.745;95.435;102.46;
1900-01-01 07:57:49;341.0;1745704669;101.003;102.745;95.435;102.366;
1900-01-01 07:57:50;342.0;1745704670;101.003;102.811;95.436;102.378;
1900-01-01 07:57:51;343.0;1745704671;100.987;102.769;95.466;102.378;
1900-01-01 07:57:52;344.0;1745704672;101.062;102.806;95.466;102.51;
1900-01-01 07:57:53;345.0;1745704673;101.062;102.806;95.509;102.399;
1900-01-01 07:57:54;346.0;1745704674;100.994;102.767;95.55;102.399;
1900-01-01 07:57:55;347.0;1745704675;100.936;102.814;95.55;102.367;
1900-01-01 07:57:56;348.0;1745704676;100.936;102.814;95.414;102.499;
1900-01-01 07:57:57;349.0;1745704677;100.901;102.755;95.42;102.499;
1900-01-01 07:57:58;350.0;1745704678;100.885;102.755;95.42;102.405;
1900-01-01 07:57:59;351.0;1745704679;100.885;102.768;95.365;102.432;
1900-01-01 07:58:00;352.0;1745704680;100.758;102.777;95.365;102.432;
1900-01-01 07:58:01;353.0;1745704681;100.822;102.777;95.335;102.367;
1900-01-01 07:58:02;354.0;1745704682;100.822;102.755;95.261;102.485;
1900-01-01 07:58:03;355.0;1745704683;100.811;102.746;95.261;102.485;
1900-01-01 07:58:04;356.0;1745704684;100.811;102.746;95.234;102.429;
1900-01-01 07:58:05;357.0;1745704685;100.901;102.742;95.237;102.429;
1900-01-01 07:58:06;358.0;1745704686;100.99;102.796;95.237;102.44;
1900-01-01 07:58:07;359.0;1745704687;100.99;102.796;95.215;102.466;
1900-01-01 07:58:08;360.0;1745704688;100.929;102.707;95.182;102.466;
1900-01-01 07:58:09;361.0;1745704689;100.994;102.717;95.182;102.387;
1900-01-01 07:58:10;362.0;1745704690;100.994;102.717;95.135;102.424;
1900-01-01 07:58:11;363.0;1745704691;100.888;102.794;95.125;102.424;
1900-01-01 07:58:12;364.0;1745704692;100.854;102.794;95.125;102.52;
1900-01-01 07:58:14;365.0;1745704694;100.854;102.695;95.171;102.445;
1900-01-01 07:58:14;366.0;1745704694;100.958;102.638;95.145;102.445;
1900-01-01 07:58:15;367.0;1745704695;100.83;102.638;95.145;102.404;
1900-01-01 07:58:16;368.0;1745704696;100.83;102.631;95.21;102.411;
1900-01-01 07:58:17;369.0;1745704697;100.85;102.711;95.21;102.411;
1900-01-01 07:58:18;370.0;1745704698;100.844;102.711;95.198;102.476;
1900-01-01 07:58:19;371.0;1745704699;100.844;102.687;95.25;102.476;
1900-01-01 07:58:20;372.0;1745704700;100.844;102.697;95.25;102.467;
1900-01-01 07:58:21;373.0;1745704701;100.812;102.697;95.291;102.454;
1900-01-01 07:58:22;374.0;1745704702;100.812;102.64;95.204;102.457;
1900-01-01 07:58:23;375.0;1745704703;100.902;102.726;95.204;102.457;
1900-01-01 07:58:24;376.0;1745704704;100.82;102.726;95.369;102.442;
1900-01-01 07:58:25;377.0;1745704705;100.82;102.718;95.315;102.478;
1900-01-01 07:58:26;378.0;1745704706;100.803;102.774;95.315;102.478;
1900-01-01 07:58:27;379.0;1745704707;100.803;102.774;95.401;102.387;
1900-01-01 07:58:28;380.0;1745704708;100.829;102.671;95.278;102.387;
1900-01-01 07:58:29;381.0;1745704709;100.819;102.672;95.278;102.454;
1900-01-01 07:58:31;382.0;1745704711;100.876;102.672;95.242;102.445;
1900-01-01 07:58:31;383.0;1745704711;100.876;102.658;95.149;102.445;
1900-01-01 07:58:32;384.0;1745704712;100.88;102.611;95.149;102.486;
1900-01-01 07:58:33;385.0;1745704713;100.88;102.611;95.189;102.389;
1900-01-01 07:58:34;386.0;1745704714;100.878;102.616;95.174;102.389;
1900-01-01 07:58:35;387.0;1745704715;100.874;102.616;95.174;102.431;
1900-01-01 07:58:36;388.0;1745704716;100.874;102.606;95.17;102.405;
1900-01-01 07:58:37;389.0;1745704717;100.885;102.618;95.173;102.405;
1900-01-01 07:58:38;390.0;1745704718;100.898;102.618;95.173;102.444;
1900-01-01 07:58:39;391.0;1745704719;100.898;102.603;95.055;102.461;
1900-01-01 07:58:40;392.0;1745704720;100.947;102.677;94.911;102.461;
1900-01-01 07:58:41;393.0;1745704721;100.883;102.677;94.911;102.42;
1900-01-01 07:58:42;394.0;1745704722;100.883;102.698;94.947;102.479;
1900-01-01 07:58:43;395.0;1745704723;100.893;102.746;94.947;102.479;
1900-01-01 07:58:44;396.0;1745704724;100.867;102.746;94.944;102.552;
1900-01-01 07:58:45;397.0;1745704725;100.867;102.68;94.97;102.552;
1900-01-01 07:58:46;398.0;1745704726;100.794;102.554;94.97;102.555;
1900-01-01 07:58:47;399.0;1745704727;100.837;102.554;95.076;102.464;
1900-01-01 07:58:48;400.0;1745704728;100.837;102.612;95.069;102.464;
1900-01-01 07:58:49;401.0;1745704729;100.747;102.598;95.069;102.49;
1900-01-01 07:58:50;402.0;1745704730;100.747;102.598;95.117;102.5;
1900-01-01 07:58:51;403.0;1745704731;100.72;102.618;95.151;102.5;
1900-01-01 07:58:52;404.0;1745704732;100.702;102.547;95.151;102.568;
1900-01-01 07:58:53;405.0;1745704733;100.702;102.547;95.126;102.428;
1900-01-01 07:58:54;406.0;1745704734;100.657;102.584;95.069;102.428;
1900-01-01 07:58:55;407.0;1745704735;100.782;102.584;95.069;102.403;
1900-01-01 07:58:56;408.0;1745704736;100.782;102.553;94.979;102.526;
1900-01-01 07:58:58;409.0;1745704738;100.801;102.561;95.008;102.526;
1900-01-01 07:58:58;410.0;1745704738;100.877;102.561;95.008;102.494;
1900-01-01 07:58:59;411.0;1745704739;100.877;102.538;95.003;102.506;
1900-01-01 07:59:00;412.0;1745704740;100.864;102.505;95.003;102.506;
1900-01-01 07:59:01;413.0;1745704741;100.915;102.505;94.974;102.526;
1900-01-01 07:59:02;414.0;1745704742;100.915;102.578;95.036;102.469;
1900-01-01 07:59:04;415.0;1745704744;100.876;102.597;94.972;102.469;
1900-01-01 07:59:04;416.0;1745704744;100.785;102.597;94.972;102.457;
1900-01-01 07:59:05;417.0;1745704745;100.785;102.554;94.958;102.477;
1900-01-01 07:59:06;418.0;1745704746;100.822;102.593;94.996;102.477;
1900-01-01 07:59:07;419.0;1745704747;100.806;102.593;94.996;102.443;
1900-01-01 07:59:08;420.0;1745704748;100.806;102.622;95.014;102.453;
1900-01-01 07:59:09;421.0;1745704749;100.787;102.634;95.014;102.453;
1900-01-01 07:59:10;422.0;1745704750;100.787;102.634;95.054;102.489;
1900-01-01 07:59:11;423.0;1745704751;100.787;102.627;95.018;102.473;
1900-01-01 07:59:12;424.0;1745704752;100.81;102.762;94.995;102.473;
1900-01-01 07:59:13;425.0;1745704753;100.81;102.762;94.995;102.51;
1900-01-01 07:59:14;426.0;1745704754;100.801;102.662;95.013;102.549;
1900-01-01 07:59:15;427.0;1745704755;100.816;102.689;95.013;102.549;
1900-01-01 07:59:16;428.0;1745704756;100.839;102.689;94.907;102.435;
1900-01-01 07:59:17;429.0;1745704757;100.839;102.63;94.878;102.51;
1900-01-01 07:59:18;430.0;1745704758;100.872;102.637;94.878;102.51;
1900-01-01 07:59:19;431.0;1745704759;100.845;102.637;94.804;102.482;
1900-01-01 07:59:20;432.0;1745704760;100.845;102.745;94.819;102.479;
1900-01-01 07:59:21;433.0;1745704761;100.856;102.666;94.819;102.479;
1900-01-01 07:59:22;434.0;1745704762;100.912;102.666;94.791;102.439;
1900-01-01 07:59:23;435.0;1745704763;100.912;102.57;94.787;102.439;
1900-01-01 07:59:24;436.0;1745704764;100.817;102.554;94.787;102.455;
1900-01-01 07:59:25;437.0;1745704765;100.851;102.554;94.805;102.528;
1900-01-01 07:59:26;438.0;1745704766;100.851;102.592;94.759;102.528;
1900-01-01 07:59:27;439.0;1745704767;100.803;102.512;94.759;102.485;
1900-01-01 07:59:28;440.0;1745704768;100.803;102.512;94.798;102.522;
1900-01-01 07:59:29;441.0;1745704769;100.72;102.574;94.857;102.522;
1900-01-01 07:59:30;442.0;1745704770;100.826;102.596;94.857;102.512;
1900-01-01 07:59:31;443.0;1745704771;100.826;102.596;94.881;102.51;
1900-01-01 07:59:32;444.0;1745704772;100.747;102.599;94.867;102.51;
1900-01-01 07:59:33;445.0;1745704773;100.752;102.616;94.867;102.47;
1900-01-01 07:59:34;446.0;1745704774;100.752;102.616;94.824;102.395;
1900-01-01 07:59:35;447.0;1745704775;100.764;102.666;94.76;102.395;
1900-01-01 07:59:36;448.0;1745704776;100.771;102.666;94.76;102.453;
1900-01-01 07:59:37;449.0;1745704777;100.771;102.58;94.767;102.553;
1900-01-01 07:59:38;450.0;1745704778;100.749;102.567;94.746;102.553;
1900-01-01 07:59:39;451.0;1745704779;100.855;102.567;94.746;102.534;
1900-01-01 07:59:40;452.0;1745704780;100.855;102.59;94.745;102.504;
1900-01-01 07:59:41;453.0;1745704781;100.825;102.585;94.777;102.504;
1900-01-01 07:59:42;454.0;1745704782;100.738;102.585;94.777;102.532;
1900-01-01 07:59:43;455.0;1745704783;100.738;102.492;94.767;102.477;
1900-01-01 07:59:44;456.0;1745704784;100.827;102.564;94.767;102.477;
1900-01-01 07:59:45;457.0;1745704785;100.826;102.564;94.706;102.423;
1900-01-01 07:59:46;458.0;1745704786;100.826;102.554;94.747;102.423;
1900-01-01 07:59:47;459.0;1745704787;100.678;102.547;94.747;102.421;
1900-01-01 07:59:48;460.0;1745704788;100.697;102.547;94.749;102.434;
1900-01-01 07:59:49;461.0;1745704789;100.697;102.51;94.837;102.434;
1900-01-01 07:59:50;462.0;1745704790;100.69;102.557;94.837;102.536;
1900-01-01 07:59:52;463.0;1745704792;100.573;102.557;94.849;102.441;
1900-01-01 07:59:52;464.0;1745704792;100.573;102.556;94.842;102.441;
1900-01-01 07:59:53;465.0;1745704793;100.531;102.522;94.842;102.509;
1900-01-01 07:59:54;466.0;1745704794;100.531;102.522;94.781;102.52;
1900-01-01 07:59:55;467.0;1745704795;100.415;102.557;94.767;102.52;
1900-01-01 07:59:56;468.0;1745704796;100.436;102.557;94.767;102.525;
1900-01-01 07:59:57;469.0;1745704797;100.436;102.559;94.654;102.528;
1900-01-01 07:59:58;470.0;1745704798;100.453;102.453;94.81;102.528;
1900-01-01 07:59:59;471.0;1745704799;100.53;102.453;94.81;102.485;
1900-01-01 08:00:00;472.0;1745704800;100.53;102.562;94.756;102.493;
1900-01-01 08:00:01;473.0;1745704801;100.471;102.527;94.649;102.493;
1900-01-01 08:00:02;474.0;1745704802;100.586;102.527;94.649;102.47;
1900-01-01 08:00:03;475.0;1745704803;100.586;102.55;94.699;102.481;
1900-01-01 08:00:04;476.0;1745704804;100.552;102.604;94.64;102.481;
1900-01-01 08:00:05;477.0;1745704805;100.467;102.604;94.64;102.435;
1900-01-01 08:00:06;478.0;1745704806;100.467;102.514;94.616;102.461;
1900-01-01 08:00:07;479.0;1745704807;100.428;102.453;94.616;102.461;
1900-01-01 08:00:08;480.0;1745704808;100.471;102.453;94.533;102.477;
1900-01-01 08:00:09;481.0;1745704809;100.471;102.531;94.567;102.477;
1900-01-01 08:00:10;482.0;1745704810;100.402;102.491;94.567;102.476;
1900-01-01 08:00:11;483.0;1745704811;100.385;102.491;94.475;102.466;
1900-01-01 08:00:12;484.0;1745704812;100.385;102.433;94.422;102.466;
1900-01-01 08:00:13;485.0;1745704813;100.427;102.52;94.422;102.499;
1900-01-01 08:00:14;486.0;1745704814;100.427;102.52;94.473;102.478;
1900-01-01 08:00:15;487.0;1745704815;100.379;102.524;94.618;102.478;
1900-01-01 08:00:16;488.0;1745704816;100.343;102.476;94.618;102.404;
1900-01-01 08:00:17;489.0;1745704817;100.343;102.476;94.636;102.447;
1900-01-01 08:00:18;490.0;1745704818;100.422;102.323;94.673;102.447;
1900-01-01 08:00:19;491.0;1745704819;100.351;102.323;94.673;102.473;
1900-01-01 08:00:20;492.0;1745704820;100.351;102.441;94.65;102.42;
1900-01-01 08:00:21;493.0;1745704821;100.301;102.415;94.612;102.42;
1900-01-01 08:00:22;494.0;1745704822;100.401;102.415;94.612;102.35;
1900-01-01 08:00:23;495.0;1745704823;100.401;102.421;94.499;102.491;
1900-01-01 08:00:24;496.0;1745704824;100.302;102.447;94.499;102.491;
1900-01-01 08:00:25;497.0;1745704825;100.253;102.447;94.569;102.518;
1900-01-01 08:00:26;498.0;1745704826;100.253;102.433;94.501;102.518;
1900-01-01 08:00:27;499.0;1745704827;100.205;102.387;94.501;102.574;
1900-01-01 08:00:28;500.0;1745704828;100.136;102.387;94.484;102.455;
1900-01-01 08:00:29;501.0;1745704829;100.136;102.392;94.549;102.381;
1900-01-01 08:00:30;502.0;1745704830;100.078;102.385;94.549;102.381;
1900-01-01 08:00:31;503.0;1745704831;100.078;102.385;94.47;102.494;
1900-01-01 08:00:32;504.0;1745704832;100.065;102.333;94.416;102.494;
1900-01-01 08:00:33;505.0;1745704833;100.06;102.39;94.416;102.504;
1900-01-01 08:00:35;506.0;1745704835;100.064;102.39;94.399;102.435;
1900-01-01 08:00:35;507.0;1745704835;100.064;102.382;94.522;102.435;
1900-01-01 08:00:36;508.0;1745704836;99.952;102.396;94.522;102.412;
1900-01-01 08:00:37;509.0;1745704837;99.952;102.396;94.379;102.455;
1900-01-01 08:00:38;510.0;1745704838;99.932;102.348;94.376;102.455;
1900-01-01 08:00:39;511.0;1745704839;99.944;102.348;94.376;102.471;
1900-01-01 08:00:40;512.0;1745704840;99.944;102.381;94.474;102.49;
1900-01-01 08:00:41;513.0;1745704841;100.003;102.462;94.409;102.49;
1900-01-01 08:00:42;514.0;1745704842;100.048;102.462;94.409;102.483;
1900-01-01 08:00:43;515.0;1745704843;100.048;102.399;94.35;102.503;
1900-01-01 08:00:44;516.0;1745704844;100.054;102.396;94.35;102.503;
1900-01-01 08:00:45;517.0;1745704845;100.165;102.396;94.264;102.594;
1900-01-01 08:00:46;518.0;1745704846;100.165;102.465;94.339;102.489;
1900-01-01 08:00:47;519.0;1745704847;100.177;102.414;94.339;102.489;
1900-01-01 08:00:48;520.0;1745704848;100.201;102.414;94.316;102.399;
1900-01-01 08:00:49;521.0;1745704849;100.201;102.503;94.211;102.49;
1900-01-01 08:00:50;522.0;1745704850;100.193;102.496;94.211;102.49;
1900-01-01 08:00:51;523.0;1745704851;100.091;102.496;94.277;102.494;
1900-01-01 08:00:52;524.0;1745704852;100.091;102.429;94.233;102.494;
1900-01-01 08:00:53;525.0;1745704853;100.173;102.461;94.233;102.471;
1900-01-01 08:00:54;526.0;1745704854;100.079;102.461;94.283;102.519;
1900-01-01 08:00:55;527.0;1745704855;100.079;102.388;94.345;102.49;
1900-01-01 08:00:56;528.0;1745704856;100.087;102.419;94.345;102.49;
1900-01-01 08:00:57;529.0;1745704857;100.087;102.419;94.393;102.51;
1900-01-01 08:00:58;530.0;1745704858;100.191;102.319;94.57;102.475;
1900-01-01 08:00:59;531.0;1745704859;100.22;102.319;94.57;102.475;
1900-01-01 08:01:00;532.0;1745704860;100.22;102.363;94.503;102.448;
1900-01-01 08:01:01;533.0;1745704861;100.257;102.346;94.586;102.448;
1900-01-01 08:01:02;534.0;1745704862;100.286;102.432;94.586;102.499;
1900-01-01 08:01:03;535.0;1745704863;100.286;102.432;94.441;102.467;
1900-01-01 08:01:04;536.0;1745704864;100.323;102.356;94.441;102.467;
1900-01-01 08:01:05;537.0;1745704865;100.318;102.356;94.383;102.502;
1900-01-01 08:01:06;538.0;1745704866;100.318;102.388;94.244;102.463;
1900-01-01 08:01:07;539.0;1745704867;100.326;102.442;94.207;102.463;
1900-01-01 08:01:08;540.0;1745704868;100.292;102.442;94.207;102.481;
1900-01-01 08:01:09;541.0;1745704869;100.292;102.392;94.187;102.497;
1900-01-01 08:01:10;542.0;1745704870;100.323;102.403;94.091;102.497;
1900-01-01 08:01:11;543.0;1745704871;100.298;102.403;94.091;102.37;
1900-01-01 08:01:12;544.0;1745704872;100.298;102.426;94.108;102.479;
1900-01-01 08:01:13;545.0;1745704873;100.115;102.384;94.108;102.479;
1900-01-01 08:01:14;546.0;1745704874;100.25;102.384;94.171;102.435;
1900-01-01 08:01:15;547.0;1745704875;100.25;102.325;94.148;102.451;
1900-01-01 08:01:16;548.0;1745704876;100.173;102.318;94.148;102.451;
1900-01-01 08:01:17;549.0;1745704877;100.181;102.318;94.291;102.503;
1900-01-01 08:01:18;550.0;1745704878;100.181;102.279;94.287;102.481;
1900-01-01 08:01:19;551.0;1745704879;100.159;102.329;94.287;102.481;
1900-01-01 08:01:20;552.0;1745704880;100.159;102.329;94.211;102.534;
1900-01-01 08:01:21;553.0;1745704881;100.177;102.279;94.248;102.534;
1900-01-01 08:01:22;554.0;1745704882;100.242;102.279;94.248;102.541;
1900-01-01 08:01:23;555.0;1745704883;100.242;102.34;94.369;102.513;
1900-01-01 08:01:24;556.0;1745704884;100.208;102.297;94.217;102.513;
1900-01-01 08:01:25;557.0;1745704885;100.205;102.297;94.217;102.494;
1900-01-01 08:01:26;558.0;1745704886;100.205;102.331;94.244;102.524;
1900-01-01 08:01:27;559.0;1745704887;100.198;102.298;94.244;102.524;
1900-01-01 08:01:28;560.0;1745704888;100.193;102.298;94.175;102.57;
1900-01-01 08:01:29;561.0;1745704889;100.193;102.219;94.061;102.495;
1900-01-01 08:01:30;562.0;1745704890;100.198;102.292;94.061;102.495;
1900-01-01 08:01:31;563.0;1745704891;100.208;102.292;94.1;102.458;
1900-01-01 08:01:32;564.0;1745704892;100.208;102.306;94.082;102.458;
1900-01-01 08:01:33;565.0;1745704893;100.123;102.247;94.082;102.522;
1900-01-01 08:01:34;566.0;1745704894;100.112;102.247;93.952;102.441;
1900-01-01 08:01:35;567.0;1745704895;100.112;102.27;94.012;102.441;
1900-01-01 08:01:36;568.0;1745704896;100.037;102.237;94.012;102.523;
1900-01-01 08:01:37;569.0;1745704897;100.037;102.237;93.91;102.443;
1900-01-01 08:01:38;570.0;1745704898;100.033;102.138;93.949;102.443;
1900-01-01 08:01:39;571.0;1745704899;100.099;102.125;93.949;102.493;
1900-01-01 08:01:40;572.0;1745704900;100.099;102.125;93.995;102.454;
1900-01-01 08:01:41;573.0;1745704901;100.11;102.082;94.026;102.454;
1900-01-01 08:01:42;574.0;1745704902;100.073;102.082;94.026;102.523;
1900-01-01 08:01:43;575.0;1745704903;100.073;102.077;93.998;102.512;
1900-01-01 08:01:44;576.0;1745704904;100.104;102.117;93.998;102.512;
1900-01-01 08:01:45;577.0;1745704905;100.098;102.117;93.933;102.5;
1900-01-01 08:01:46;578.0;1745704906;100.098;102.063;93.984;102.494;
1900-01-01 08:01:47;579.0;1745704907;100.102;102.158;93.906;102.494;
1900-01-01 08:01:48;580.0;1745704908;100.006;102.158;93.906;102.519;
1900-01-01 08:01:49;581.0;1745704909;100.006;102.171;93.967;102.525;
1900-01-01 08:01:50;582.0;1745704910;99.998;102.181;93.967;102.525;
1900-01-01 08:01:51;583.0;1745704911;99.966;102.181;93.912;102.532;
1900-01-01 08:01:52;584.0;1745704912;99.966;102.156;93.906;102.532;
1900-01-01 08:01:53;585.0;1745704913;100.025;102.214;93.906;102.521;
1900-01-01 08:01:54;586.0;1745704914;100.073;102.214;94.028;102.492;
1900-01-01 08:01:55;587.0;1745704915;100.073;102.184;93.973;102.517;
1900-01-01 08:01:56;588.0;1745704916;100.008;102.186;93.973;102.517;
1900-01-01 08:01:57;589.0;1745704917;100.008;102.186;93.834;102.609;
1900-01-01 08:01:58;590.0;1745704918;99.941;102.267;93.747;102.533;
1900-01-01 08:01:59;591.0;1745704919;99.978;102.18;93.747;102.533;
1900-01-01 08:02:00;592.0;1745704920;99.978;102.18;93.774;102.546;
1900-01-01 08:02:01;593.0;1745704921;99.882;102.164;93.85;102.546;
1900-01-01 08:02:02;594.0;1745704922;99.97;102.164;93.85;102.554;
1900-01-01 08:02:03;595.0;1745704923;99.97;102.269;93.941;102.486;
1900-01-01 08:02:04;596.0;1745704924;99.904;102.156;93.985;102.486;
1900-01-01 08:02:05;597.0;1745704925;99.968;102.156;93.985;102.51;
1900-01-01 08:02:06;598.0;1745704926;99.968;102.179;93.894;102.475;
1900-01-01 08:02:07;599.0;1745704927;100.043;102.259;93.909;102.475;
1900-01-01 08:02:08;600.0;1745704928;100.031;102.259;93.909;102.443;
1900-01-01 08:02:09;601.0;1745704929;100.031;102.241;93.814;102.601;
1900-01-01 08:02:11;602.0;1745704931;100.045;102.231;93.78;102.601;
1900-01-01 08:02:11;603.0;1745704931;100.161;102.231;93.78;102.524;
1900-01-01 08:02:12;604.0;1745704932;100.161;102.239;93.834;102.531;
1900-01-01 08:02:14;605.0;1745704934;100.162;102.269;93.769;102.531;
1900-01-01 08:02:14;606.0;1745704934;100.162;102.269;93.769;102.523;
1900-01-01 08:02:15;607.0;1745704935;100.167;102.301;93.831;102.523;
1900-01-01 08:02:16;608.0;1745704936;100.185;102.294;93.831;102.542;
1900-01-01 08:02:17;609.0;1745704937;100.144;102.294;93.856;102.496;
1900-01-01 08:02:18;610.0;1745704938;100.144;102.165;93.777;102.496;
1900-01-01 08:02:19;611.0;1745704939;100.18;102.161;93.777;102.508;
1900-01-01 08:02:20;612.0;1745704940;100.18;102.161;93.702;102.512;
1900-01-01 08:02:21;613.0;1745704941;100.105;102.219;93.822;102.512;
1900-01-01 08:02:22;614.0;1745704942;100.115;102.219;93.822;102.486;
1900-01-01 08:02:23;615.0;1745704943;100.115;102.141;93.847;102.484;
1900-01-01 08:02:24;616.0;1745704944;100.086;102.247;93.781;102.484;
1900-01-01 08:02:25;617.0;1745704945;100.067;102.247;93.781;102.543;
1900-01-01 08:02:26;618.0;1745704946;100.067;102.155;93.682;102.503;
1900-01-01 08:02:27;619.0;1745704947;100.071;102.247;93.732;102.503;
1900-01-01 08:02:28;620.0;1745704948;100.042;102.217;93.732;102.527;
1900-01-01 08:02:29;621.0;1745704949;100.042;102.217;93.704;102.53;
1900-01-01 08:02:30;622.0;1745704950;99.934;102.152;93.704;102.53;
1900-01-01 08:02:31;623.0;1745704951;99.896;102.152;93.675;102.474;
1900-01-01 08:02:32;624.0;1745704952;99.896;102.22;93.675;102.565;
1900-01-01 08:02:33;625.0;1745704953;99.868;102.245;93.675;102.565;
1900-01-01 08:02:34;626.0;1745704954;99.779;102.245;93.682;102.473;
1900-01-01 08:02:36;627.0;1745704956;99.779;102.256;93.67;102.499;
1900-01-01 08:02:36;628.0;1745704956;99.887;102.154;93.67;102.499;
1900-01-01 08:02:37;629.0;1745704957;99.83;102.154;93.692;102.494;
1900-01-01 08:02:38;630.0;1745704958;99.83;102.104;93.764;102.494;
1900-01-01 08:02:39;631.0;1745704959;99.881;102.152;93.764;102.44;
1900-01-01 08:02:40;632.0;1745704960;99.852;102.152;93.868;102.473;
1900-01-01 08:02:41;633.0;1745704961;99.852;102.237;93.918;102.465;
1900-01-01 08:02:42;634.0;1745704962;99.877;102.266;93.918;102.465;
1900-01-01 08:02:43;635.0;1745704963;99.877;102.266;93.922;102.549;
1900-01-01 08:02:44;636.0;1745704964;99.842;102.185;93.921;102.549;
1900-01-01 08:02:45;637.0;1745704965;99.842;102.185;93.921;102.516;
1900-01-01 08:02:46;638.0;1745704966;99.842;102.122;93.834;102.478;
1900-01-01 08:02:47;639.0;1745704967;99.829;102.101;93.703;102.478;
1900-01-01 08:02:48;640.0;1745704968;99.858;102.101;93.703;102.49;
1900-01-01 08:02:49;641.0;1745704969;99.858;102.198;93.61;102.532;
1900-01-01 08:02:50;642.0;1745704970;99.855;102.05;93.61;102.532;
1900-01-01 08:02:51;643.0;1745704971;99.872;102.05;93.569;102.53;
1900-01-01 08:02:52;644.0;1745704972;99.872;102.032;93.507;102.449;
1900-01-01 08:02:53;645.0;1745704973;99.896;101.992;93.507;102.449;
1900-01-01 08:02:54;646.0;1745704974;99.912;101.992;93.509;102.528;
1900-01-01 08:02:55;647.0;1745704975;99.912;102.041;93.493;102.528;
1900-01-01 08:02:56;648.0;1745704976;99.968;102.094;93.493;102.572;
1900-01-01 08:02:57;649.0;1745704977;99.96;102.094;93.419;102.551;
1900-01-01 08:02:58;650.0;1745704978;99.96;102.028;93.46;102.567;
1900-01-01 08:02:59;651.0;1745704979;99.937;102.013;93.46;102.567;
1900-01-01 08:03:00;652.0;1745704980;99.946;102.013;93.561;102.503;
1900-01-01 08:03:01;653.0;1745704981;99.946;102.005;93.579;102.522;
1900-01-01 08:03:02;654.0;1745704982;99.91;101.982;93.579;102.522;
1900-01-01 08:03:03;655.0;1745704983;99.91;101.982;93.673;102.486;
1900-01-01 08:03:04;656.0;1745704984;99.926;102.029;93.735;102.486;
1900-01-01 08:03:06;657.0;1745704986;99.9;102.036;93.735;102.52;
1900-01-01 08:03:06;658.0;1745704986;99.9;102.036;93.677;102.514;
1900-01-01 08:03:07;659.0;1745704987;99.951;101.983;93.661;102.514;
1900-01-01 08:03:09;660.0;1745704989;99.916;101.957;93.661;102.476;
1900-01-01 08:03:09;661.0;1745704989;99.916;101.957;93.716;102.353;
1900-01-01 08:03:10;662.0;1745704990;99.864;102.021;93.658;102.353;
1900-01-01 08:03:11;663.0;1745704991;99.731;102.021;93.658;102.544;
1900-01-01 08:03:12;664.0;1745704992;99.731;102.04;93.584;102.488;
1900-01-01 08:03:13;665.0;1745704993;99.819;101.956;93.525;102.488;
1900-01-01 08:03:14;666.0;1745704994;99.77;101.956;93.525;102.455;
1900-01-01 08:03:15;667.0;1745704995;99.77;101.997;93.462;102.498;
1900-01-01 08:03:16;668.0;1745704996;99.765;101.981;93.434;102.498;
1900-01-01 08:03:17;669.0;1745704997;99.728;101.981;93.434;102.607;
1900-01-01 08:03:18;670.0;1745704998;99.728;102.016;93.298;102.5;
1900-01-01 08:03:19;671.0;1745704999;99.764;102.025;93.298;102.5;
1900-01-01 08:03:20;672.0;1745705000;99.877;102.025;93.318;102.511;
1900-01-01 08:03:21;673.0;1745705001;99.877;102.033;93.354;102.473;
1900-01-01 08:03:22;674.0;1745705002;99.842;102.103;93.354;102.473;
1900-01-01 08:03:23;675.0;1745705003;99.842;102.103;93.329;102.519;
1900-01-01 08:03:24;676.0;1745705004;99.901;102.106;93.328;102.403;
1900-01-01 08:03:25;677.0;1745705005;99.832;102.106;93.328;102.403;
1900-01-01 08:03:26;678.0;1745705006;99.832;102.132;93.353;102.528;
1900-01-01 08:03:28;679.0;1745705008;99.867;102.064;93.352;102.528;
1900-01-01 08:03:28;680.0;1745705008;99.878;102.064;93.352;102.542;
1900-01-01 08:03:29;681.0;1745705009;99.878;101.991;93.358;102.498;
1900-01-01 08:03:30;682.0;1745705010;99.874;102.073;93.274;102.498;
1900-01-01 08:03:31;683.0;1745705011;99.782;102.073;93.274;102.49;
1900-01-01 08:03:32;684.0;1745705012;99.782;102.056;93.284;102.542;
1900-01-01 08:03:33;685.0;1745705013;99.763;101.976;93.284;102.542;
1900-01-01 08:03:34;686.0;1745705014;99.701;101.976;93.244;102.516;
1900-01-01 08:03:35;687.0;1745705015;99.701;102.107;93.257;102.543;
1900-01-01 08:03:36;688.0;1745705016;99.689;101.968;93.257;102.543;
1900-01-01 08:03:37;689.0;1745705017;99.722;101.968;93.229;102.509;
1900-01-01 08:03:38;690.0;1745705018;99.722;102.005;93.332;102.506;
1900-01-01 08:03:40;691.0;1745705020;99.674;101.996;93.343;102.506;
1900-01-01 08:03:40;692.0;1745705020;99.674;101.996;93.343;102.479;
1900-01-01 08:03:41;693.0;1745705021;99.795;101.967;93.398;102.55;
1900-01-01 08:03:42;694.0;1745705022;99.652;102.074;93.398;102.55;
1900-01-01 08:03:43;695.0;1745705023;99.652;102.074;93.376;102.494;
1900-01-01 08:03:44;696.0;1745705024;99.737;102.07;93.376;102.557;
1900-01-01 08:03:45;697.0;1745705025;99.61;102.013;93.376;102.557;
1900-01-01 08:03:46;698.0;1745705026;99.61;102.013;93.419;102.544;
1900-01-01 08:03:47;699.0;1745705027;99.675;102.007;93.324;102.544;
1900-01-01 08:03:48;700.0;1745705028;99.716;101.977;93.324;102.471;
1900-01-01 08:03:49;701.0;1745705029;99.716;101.977;93.252;102.529;
1900-01-01 08:03:50;702.0;1745705030;99.73;101.96;93.247;102.529;
1900-01-01 08:03:51;703.0;1745705031;99.729;102.034;93.247;102.537;
1900-01-01 08:03:52;704.0;1745705032;99.729;102.034;93.246;102.515;
1900-01-01 08:03:53;705.0;1745705033;99.662;101.907;93.13;102.515;
1900-01-01 08:03:54;706.0;1745705034;99.693;101.907;93.13;102.479;
1900-01-01 08:03:55;707.0;1745705035;99.693;101.956;93.141;102.487;
1900-01-01 08:03:56;708.0;1745705036;99.707;101.893;93.225;102.487;
1900-01-01 08:03:57;709.0;1745705037;99.627;101.893;93.225;102.483;
1900-01-01 08:03:58;710.0;1745705038;99.627;101.863;93.188;102.51;
1900-01-01 08:03:59;711.0;1745705039;99.636;101.858;93.188;102.51;
1900-01-01 08:04:00;712.0;1745705040;99.695;101.858;93.135;102.557;
1900-01-01 08:04:01;713.0;1745705041;99.695;101.929;93.21;102.557;
1900-01-01 08:04:02;714.0;1745705042;99.631;101.948;93.21;102.504;
1900-01-01 08:04:03;715.0;1745705043;99.635;101.948;93.217;102.624;
1900-01-01 08:04:04;716.0;1745705044;99.635;101.94;93.207;102.624;
1900-01-01 08:04:05;717.0;1745705045;99.59;101.94;93.207;102.533;
1900-01-01 08:04:06;718.0;1745705046;99.59;101.785;93.181;102.595;
1900-01-01 08:04:07;719.0;1745705047;99.627;101.799;93.095;102.595;
1900-01-01 08:04:08;720.0;1745705048;99.703;101.876;93.095;102.626;
1900-01-01 08:04:10;721.0;1745705050;99.618;101.876;93.109;102.558;
1900-01-01 08:04:10;722.0;1745705050;99.618;101.83;93.082;102.558;
1900-01-01 08:04:11;723.0;1745705051;99.663;101.848;93.082;102.582;
1900-01-01 08:04:12;724.0;1745705052;99.663;101.848;93.041;102.632;
1900-01-01 08:04:13;725.0;1745705053;99.614;101.929;93.016;102.632;
1900-01-01 08:04:14;726.0;1745705054;99.556;101.892;93.016;102.526;
1900-01-01 08:04:15;727.0;1745705055;99.556;101.892;93.051;102.589;
1900-01-01 08:04:16;728.0;1745705056;99.571;101.927;93.088;102.589;
1900-01-01 08:04:17;729.0;1745705057;99.573;101.81;93.088;102.47;
1900-01-01 08:04:18;730.0;1745705058;99.573;101.81;93.047;102.497;
1900-01-01 08:04:19;731.0;1745705059;99.62;101.873;93.086;102.497;
1900-01-01 08:04:21;732.0;1745705061;99.544;101.938;93.086;102.534;
1900-01-01 08:04:21;733.0;1745705061;99.544;101.938;93.166;102.542;
1900-01-01 08:04:22;734.0;1745705062;99.587;101.904;93.186;102.542;
1900-01-01 08:04:23;735.0;1745705063;99.514;101.898;93.186;102.506;
1900-01-01 08:04:24;736.0;1745705064;99.514;101.898;93.07;102.488;
1900-01-01 08:04:25;737.0;1745705065;99.572;101.861;93.129;102.488;
1900-01-01 08:04:26;738.0;1745705066;99.621;101.984;93.129;102.497;
1900-01-01 08:04:27;739.0;1745705067;99.621;101.984;93.082;102.563;
1900-01-01 08:04:28;740.0;1745705068;99.599;101.906;93.025;102.563;
1900-01-01 08:04:29;741.0;1745705069;99.594;101.906;93.025;102.586;
1900-01-01 08:04:30;742.0;1745705070;99.594;101.976;92.948;102.411;
1900-01-01 08:04:31;743.0;1745705071;99.537;102.006;92.948;102.411;
1900-01-01 08:04:32;744.0;1745705072;99.58;102.006;92.941;102.549;
1900-01-01 08:04:33;745.0;1745705073;99.58;101.935;92.864;102.549;
1900-01-01 08:04:34;746.0;1745705074;99.619;101.959;92.864;102.436;
1900-01-01 08:04:35;747.0;1745705075;99.527;101.959;92.811;102.448;
1900-01-01 08:04:36;748.0;1745705076;99.527;101.887;92.953;102.448;
1900-01-01 08:04:37;749.0;1745705077;99.581;101.943;92.953;102.538;
1900-01-01 08:04:38;750.0;1745705078;99.581;101.943;93.039;102.438;
1900-01-01 08:04:39;751.0;1745705079;99.425;101.978;93.138;102.438;
1900-01-01 08:04:40;752.0;1745705080;99.513;101.918;93.138;102.466;
1900-01-01 08:04:41;753.0;1745705081;99.513;101.918;93.151;102.394;
1900-01-01 08:04:42;754.0;1745705082;99.552;101.909;93.161;102.394;
1900-01-01 08:04:43;755.0;1745705083;99.557;101.856;93.161;102.452;
1900-01-01 08:04:44;756.0;1745705084;99.557;101.856;93.099;102.431;
1900-01-01 08:04:45;757.0;1745705085;99.522;101.847;93.124;102.431;
1900-01-01 08:04:46;758.0;1745705086;99.579;101.847;93.124;102.465;
1900-01-01 08:04:47;759.0;1745705087;99.579;101.836;93.066;102.569;
1900-01-01 08:04:48;760.0;1745705088;99.573;101.917;93.061;102.569;
1900-01-01 08:04:49;761.0;1745705089;99.453;101.917;93.061;102.442;
1900-01-01 08:04:50;762.0;1745705090;99.453;101.809;93.057;102.462;
1900-01-01 08:04:51;763.0;1745705091;99.502;101.883;93.057;102.462;
1900-01-01 08:04:52;764.0;1745705092;99.412;101.883;93.036;102.487;
1900-01-01 08:04:53;765.0;1745705093;99.412;101.775;93.009;102.487;
1900-01-01 08:04:54;766.0;1745705094;99.54;101.814;93.009;102.543;
1900-01-01 08:04:55;767.0;1745705095;99.488;101.814;92.946;102.487;
1900-01-01 08:04:56;768.0;1745705096;99.488;101.75;92.891;102.487;
1900-01-01 08:04:57;769.0;1745705097;99.418;101.874;92.891;102.595;
1900-01-01 08:04:58;770.0;1745705098;99.455;101.874;92.818;102.598;
1900-01-01 08:04:59;771.0;1745705099;99.455;101.905;92.752;102.598;
1900-01-01 08:05:00;772.0;1745705100;99.45;101.809;92.752;102.474;
1900-01-01 08:05:02;773.0;1745705102;99.476;101.809;92.748;102.572;
1900-01-01 08:05:02;774.0;1745705102;99.476;101.889;92.775;102.572;
1900-01-01 08:05:03;775.0;1745705103;99.513;101.874;92.775;102.526;
1900-01-01 08:05:04;776.0;1745705104;99.513;101.874;92.793;102.456;
1900-01-01 08:05:05;777.0;1745705105;99.492;101.823;92.793;102.456;
1900-01-01 08:05:06;778.0;1745705106;99.431;101.738;92.793;102.555;
1900-01-01 08:05:07;779.0;1745705107;99.431;101.738;92.798;102.542;
1900-01-01 08:05:08;780.0;1745705108;99.452;101.887;92.778;102.542;
1900-01-01 08:05:09;781.0;1745705109;99.496;101.887;92.778;102.522;
1900-01-01 08:05:10;782.0;1745705110;99.496;101.765;92.794;102.574;
1900-01-01 08:05:11;783.0;1745705111;99.342;101.846;92.794;102.574;
1900-01-01 08:05:12;784.0;1745705112;99.382;101.846;92.794;102.489;
1900-01-01 08:05:13;785.0;1745705113;99.382;101.748;92.76;102.519;
1900-01-01 08:05:14;786.0;1745705114;99.348;101.682;92.76;102.519;
1900-01-01 08:05:15;787.0;1745705115;99.305;101.682;92.764;102.487;
1900-01-01 08:05:16;788.0;1745705116;99.305;101.753;92.724;102.494;
1900-01-01 08:05:17;789.0;1745705117;99.268;101.729;92.686;102.494;
1900-01-01 08:05:18;790.0;1745705118;99.334;101.729;92.686;102.478;
1900-01-01 08:05:19;791.0;1745705119;99.334;101.756;92.693;102.489;
1900-01-01 08:05:20;792.0;1745705120;99.394;101.806;92.693;102.489;
1900-01-01 08:05:21;793.0;1745705121;99.325;101.806;92.638;102.666;
1900-01-01 08:05:22;794.0;1745705122;99.325;101.803;92.621;102.568;
1900-01-01 08:05:23;795.0;1745705123;99.341;101.791;92.621;102.568;
1900-01-01 08:05:24;796.0;1745705124;99.363;101.791;92.507;102.521;
1900-01-01 08:05:25;797.0;1745705125;99.363;101.764;92.51;102.475;
1900-01-01 08:05:27;798.0;1745705127;99.318;101.789;92.51;102.475;
1900-01-01 08:05:27;799.0;1745705127;99.318;101.789;92.577;102.578;
1900-01-01 08:05:28;800.0;1745705128;99.329;101.745;92.713;102.578;
1900-01-01 08:05:29;801.0;1745705129;99.369;101.727;92.713;102.537;
1900-01-01 08:05:30;802.0;1745705130;99.369;101.727;92.767;102.473;
1900-01-01 08:05:31;803.0;1745705131;99.278;101.639;92.781;102.473;
1900-01-01 08:05:33;804.0;1745705133;99.341;101.753;92.781;102.468;
1900-01-01 08:05:33;805.0;1745705133;99.341;101.753;92.746;102.512;
1900-01-01 08:05:34;806.0;1745705134;99.282;101.679;92.74;102.512;
1900-01-01 08:05:35;807.0;1745705135;99.299;101.679;92.74;102.507;
1900-01-01 08:05:36;808.0;1745705136;99.299;101.739;92.781;102.526;
1900-01-01 08:05:37;809.0;1745705137;99.369;101.737;92.636;102.526;
1900-01-01 08:05:38;810.0;1745705138;99.369;101.737;92.636;102.49;
1900-01-01 08:05:39;811.0;1745705139;99.227;101.699;92.686;102.515;
1900-01-01 08:05:40;812.0;1745705140;99.352;101.821;92.686;102.515;
1900-01-01 08:05:41;813.0;1745705141;99.291;101.821;92.714;102.506;
1900-01-01 08:05:42;814.0;1745705142;99.291;101.805;92.71;102.506;
1900-01-01 08:05:43;815.0;1745705143;99.361;101.819;92.71;102.538;
1900-01-01 08:05:44;816.0;1745705144;99.361;101.819;92.636;102.436;
1900-01-01 08:05:45;817.0;1745705145;99.37;101.834;92.562;102.436;
1900-01-01 08:05:46;818.0;1745705146;99.289;101.726;92.562;102.554;
1900-01-01 08:05:47;819.0;1745705147;99.289;101.726;92.543;102.538;
1900-01-01 08:05:48;820.0;1745705148;99.361;101.831;92.539;102.538;
1900-01-01 08:05:49;821.0;1745705149;99.35;101.774;92.539;102.553;
1900-01-01 08:05:50;822.0;1745705150;99.35;101.774;92.554;102.573;
1900-01-01 08:05:51;823.0;1745705151;99.344;101.702;92.553;102.573;
1900-01-01 08:05:52;824.0;1745705152;99.379;101.682;92.553;102.499;
1900-01-01 08:05:53;825.0;1745705153;99.379;101.682;92.576;102.512;
1900-01-01 08:05:54;826.0;1745705154;99.286;101.606;92.668;102.512;
1900-01-01 08:05:55;827.0;1745705155;99.29;101.734;92.668;102.519;
1900-01-01 08:05:56;828.0;1745705156;99.29;101.734;92.615;102.499;
1900-01-01 08:05:57;829.0;1745705157;99.26;101.652;92.659;102.499;
1900-01-01 08:05:58;830.0;1745705158;99.226;101.652;92.659;102.591;
1900-01-01 08:05:59;831.0;1745705159;99.226;101.724;92.616;102.61;
1900-01-01 08:06:00;832.0;1745705160;99.265;101.736;92.616;102.61;
1900-01-01 08:06:01;833.0;1745705161;99.329;101.736;92.477;102.397;
1900-01-01 08:06:02;834.0;1745705162;99.329;101.663;92.467;102.531;
1900-01-01 08:06:03;835.0;1745705163;99.344;101.714;92.467;102.531;
1900-01-01 08:06:04;836.0;1745705164;99.272;101.714;92.473;102.521;
1900-01-01 08:06:05;837.0;1745705165;99.272;101.649;92.436;102.521;
1900-01-01 08:06:06;838.0;1745705166;99.313;101.73;92.436;102.517;
1900-01-01 08:06:07;839.0;1745705167;99.346;101.73;92.453;102.559;
1900-01-01 08:06:08;840.0;1745705168;99.346;101.681;92.389;102.559;
1900-01-01 08:06:09;841.0;1745705169;99.349;101.734;92.389;102.523;
1900-01-01 08:06:10;842.0;1745705170;99.349;101.734;92.339;102.52;
1900-01-01 08:06:11;843.0;1745705171;99.3;101.723;92.436;102.52;
1900-01-01 08:06:12;844.0;1745705172;99.269;101.751;92.436;102.431;
1900-01-01 08:06:13;845.0;1745705173;99.269;101.751;92.475;102.603;
1900-01-01 08:06:14;846.0;1745705174;99.283;101.735;92.346;102.603;
1900-01-01 08:06:15;847.0;1745705175;99.162;101.735;92.346;102.501;
1900-01-01 08:06:16;848.0;1745705176;99.162;101.653;92.408;102.519;
1900-01-01 08:06:17;849.0;1745705177;99.168;101.699;92.427;102.519;
1900-01-01 08:06:18;850.0;1745705178;99.065;101.699;92.427;102.522;
1900-01-01 08:06:19;851.0;1745705179;99.065;101.686;92.55;102.578;
1900-01-01 08:06:20;852.0;1745705180;99.013;101.713;92.55;102.578;
1900-01-01 08:06:22;853.0;1745705182;98.99;101.713;92.47;102.51;
1900-01-01 08:06:22;854.0;1745705182;98.99;101.686;92.432;102.51;
1900-01-01 08:06:23;855.0;1745705183;98.923;101.669;92.432;102.498;
1900-01-01 08:06:24;856.0;1745705184;99.063;101.669;92.384;102.583;
1900-01-01 08:06:25;857.0;1745705185;99.063;101.753;92.25;102.593;
1900-01-01 08:06:26;858.0;1745705186;99.059;101.676;92.25;102.593;
1900-01-01 08:06:27;859.0;1745705187;99.059;101.676;92.262;102.583;
1900-01-01 08:06:28;860.0;1745705188;99.13;101.763;92.253;102.583;
1900-01-01 08:06:29;861.0;1745705189;99.011;101.669;92.253;102.561;
1900-01-01 08:06:30;862.0;1745705190;99.011;101.669;92.199;102.536;
1900-01-01 08:06:31;863.0;1745705191;99.091;101.708;92.219;102.536;
1900-01-01 08:06:32;864.0;1745705192;99.054;101.532;92.219;102.509;
1900-01-01 08:06:33;865.0;1745705193;99.054;101.532;92.238;102.476;
1900-01-01 08:06:34;866.0;1745705194;99.17;101.73;92.258;102.476;
1900-01-01 08:06:35;867.0;1745705195;99.171;101.73;92.258;102.611;
1900-01-01 08:06:36;868.0;1745705196;99.171;101.702;92.344;102.527;
1900-01-01 08:06:37;869.0;1745705197;99.141;101.609;92.344;102.527;
1900-01-01 08:06:38;870.0;1745705198;99.161;101.609;92.325;102.472;
1900-01-01 08:06:39;871.0;1745705199;99.161;101.678;92.249;102.512;
1900-01-01 08:06:40;872.0;1745705200;99.153;101.656;92.249;102.512;
1900-01-01 08:06:41;873.0;1745705201;99.106;101.656;92.198;102.482;
1900-01-01 08:06:42;874.0;1745705202;99.106;101.61;92.155;102.563;
1900-01-01 08:06:43;875.0;1745705203;99.057;101.688;92.155;102.563;
1900-01-01 08:06:44;876.0;1745705204;99.057;101.688;92.22;102.537;
1900-01-01 08:06:45;877.0;1745705205;99.07;101.639;92.188;102.474;
1900-01-01 08:06:46;878.0;1745705206;98.993;101.588;92.188;102.474;
1900-01-01 08:06:47;879.0;1745705207;98.993;101.588;92.226;102.475;
1900-01-01 08:06:48;880.0;1745705208;99.016;101.56;92.278;102.475;
1900-01-01 08:06:49;881.0;1745705209;98.964;101.56;92.278;102.561;
1900-01-01 08:06:50;882.0;1745705210;98.964;101.596;92.326;102.49;
1900-01-01 08:06:51;883.0;1745705211;98.886;101.543;92.314;102.49;
1900-01-01 08:06:52;884.0;1745705212;98.865;101.543;92.314;102.477;
1900-01-01 08:06:53;885.0;1745705213;98.865;101.523;92.295;102.514;
1900-01-01 08:06:54;886.0;1745705214;98.829;101.431;92.28;102.514;
1900-01-01 08:06:55;887.0;1745705215;98.808;101.431;92.28;102.446;
1900-01-01 08:06:56;888.0;1745705216;98.808;101.468;92.161;102.537;
1900-01-01 08:06:57;889.0;1745705217;98.92;101.452;92.003;102.537;
1900-01-01 08:06:58;890.0;1745705218;98.913;101.452;92.003;102.562;
1900-01-01 08:06:59;891.0;1745705219;98.913;101.426;91.97;102.573;
1900-01-01 08:07:00;892.0;1745705220;98.848;101.384;92.081;102.573;
1900-01-01 08:07:02;893.0;1745705222;98.9;101.384;92.081;102.589;
1900-01-01 08:07:02;894.0;1745705222;98.9;101.392;92.097;102.472;
1900-01-01 08:07:03;895.0;1745705223;98.909;101.36;92.097;102.472;
1900-01-01 08:07:04;896.0;1745705224;98.852;101.36;92.088;102.445;
1900-01-01 08:07:05;897.0;1745705225;98.852;101.308;92.134;102.445;
1900-01-01 08:07:06;898.0;1745705226;98.906;101.327;92.134;102.475;
1900-01-01 08:07:08;899.0;1745705228;98.923;101.327;92.234;102.531;
1900-01-01 08:07:08;900.0;1745705228;98.923;101.442;92.158;102.531;
1900-01-01 08:07:09;901.0;1745705229;99.004;101.506;92.158;102.519;
1900-01-01 08:07:10;902.0;1745705230;99.004;101.506;92.072;102.525;
1900-01-01 08:07:11;903.0;1745705231;98.992;101.512;92.115;102.525;
1900-01-01 08:07:12;904.0;1745705232;99.038;101.512;92.115;102.598;
1900-01-01 08:07:13;905.0;1745705233;99.038;101.498;92.047;102.56;
1900-01-01 08:07:14;906.0;1745705234;99.094;101.507;92.06;102.56;
1900-01-01 08:07:15;907.0;1745705235;99.025;101.507;92.06;102.538;
1900-01-01 08:07:16;908.0;1745705236;99.025;101.393;92.061;102.592;
1900-01-01 08:07:17;909.0;1745705237;98.94;101.519;92.061;102.592;
1900-01-01 08:07:18;910.0;1745705238;98.879;101.519;92.065;102.543;
1900-01-01 08:07:19;911.0;1745705239;98.879;101.428;92.08;102.581;
1900-01-01 08:07:20;912.0;1745705240;98.889;101.418;92.08;102.581;
1900-01-01 08:07:21;913.0;1745705241;98.81;101.418;92.003;102.512;
1900-01-01 08:07:22;914.0;1745705242;98.81;101.58;91.958;102.49;
1900-01-01 08:07:24;915.0;1745705244;98.887;101.5;91.936;102.49;
1900-01-01 08:07:24;916.0;1745705244;98.887;101.5;91.936;102.439;
1900-01-01 08:07:25;917.0;1745705245;98.873;101.449;91.885;102.495;
1900-01-01 08:07:27;918.0;1745705247;98.791;101.496;91.885;102.495;
1900-01-01 08:07:27;919.0;1745705247;98.791;101.496;91.768;102.479;
1900-01-01 08:07:28;920.0;1745705248;98.795;101.447;91.676;102.494;
1900-01-01 08:07:29;921.0;1745705249;98.824;101.5;91.676;102.494;
1900-01-01 08:07:30;922.0;1745705250;98.824;101.5;91.765;102.523;
1900-01-01 08:07:31;923.0;1745705251;98.771;101.615;91.726;102.523;
1900-01-01 08:07:32;924.0;1745705252;98.784;101.615;91.726;102.525;
1900-01-01 08:07:33;925.0;1745705253;98.784;101.597;91.763;102.569;
1900-01-01 08:07:34;926.0;1745705254;98.777;101.558;91.763;102.569;
1900-01-01 08:07:35;927.0;1745705255;98.81;101.558;91.736;102.475;
1900-01-01 08:07:36;928.0;1745705256;98.81;101.48;91.82;102.53;
1900-01-01 08:07:37;929.0;1745705257;98.795;101.496;91.908;102.53;
1900-01-01 08:07:39;930.0;1745705259;98.777;101.465;91.908;102.512;
1900-01-01 08:07:39;931.0;1745705259;98.777;101.465;91.833;102.435;
1900-01-01 08:07:40;932.0;1745705260;98.792;101.407;91.833;102.435;
1900-01-01 08:07:41;933.0;1745705261;98.767;101.407;91.913;102.473;
1900-01-01 08:07:42;934.0;1745705262;98.767;101.416;91.993;102.539;
1900-01-01 08:07:43;935.0;1745705263;98.774;101.406;91.993;102.539;
1900-01-01 08:07:44;936.0;1745705264;98.761;101.406;91.967;102.539;
1900-01-01 08:07:45;937.0;1745705265;98.761;101.444;91.876;102.485;
1900-01-01 08:07:46;938.0;1745705266;98.765;101.468;91.876;102.485;
1900-01-01 08:07:47;939.0;1745705267;98.798;101.468;91.869;102.518;
1900-01-01 08:07:48;940.0;1745705268;98.798;101.354;91.814;102.518;
1900-01-01 08:07:49;941.0;1745705269;98.754;101.445;91.814;102.47;
1900-01-01 08:07:50;942.0;1745705270;98.754;101.445;91.741;102.506;
1900-01-01 08:07:51;943.0;1745705271;98.788;101.393;91.756;102.506;
1900-01-01 08:07:52;944.0;1745705272;98.757;101.335;91.756;102.463;
1900-01-01 08:07:53;945.0;1745705273;98.757;101.335;91.759;102.478;
1900-01-01 08:07:54;946.0;1745705274;98.775;101.356;91.75;102.478;
1900-01-01 08:07:55;947.0;1745705275;98.719;101.363;91.75;102.486;
1900-01-01 08:07:56;948.0;1745705276;98.719;101.363;91.681;102.547;
1900-01-01 08:07:57;949.0;1745705277;98.672;101.327;91.681;102.547;
1900-01-01 08:07:58;950.0;1745705278;98.75;101.327;91.685;102.529;
1900-01-01 08:07:59;951.0;1745705279;98.75;101.364;91.667;102.612;
1900-01-01 08:08:00;952.0;1745705280;98.731;101.254;91.667;102.612;
1900-01-01 08:08:01;953.0;1745705281;98.73;101.254;91.691;102.541;
1900-01-01 08:08:02;954.0;1745705282;98.73;101.403;91.692;102.541;
1900-01-01 08:08:03;955.0;1745705283;98.696;101.309;91.692;102.52;
1900-01-01 08:08:04;956.0;1745705284;98.792;101.309;91.81;102.553;
1900-01-01 08:08:05;957.0;1745705285;98.792;101.411;91.734;102.553;
1900-01-01 08:08:06;958.0;1745705286;98.693;101.349;91.734;102.534;
1900-01-01 08:08:07;959.0;1745705287;98.693;101.349;91.809;102.633;
1900-01-01 08:08:09;960.0;1745705289;98.703;101.297;91.512;102.566;
1900-01-01 08:08:09;961.0;1745705289;98.706;101.297;91.512;102.566;
1900-01-01 08:08:10;962.0;1745705290;98.706;101.29;91.488;102.477;
1900-01-01 08:08:11;963.0;1745705291;98.667;101.324;91.568;102.477;
1900-01-01 08:08:12;964.0;1745705292;98.655;101.324;91.568;102.499;
1900-01-01 08:08:13;965.0;1745705293;98.655;101.289;91.566;102.585;
1900-01-01 08:08:14;966.0;1745705294;98.585;101.367;91.483;102.585;
1900-01-01 08:08:15;967.0;1745705295;98.572;101.367;91.483;102.573;
1900-01-01 08:08:16;968.0;1745705296;98.572;101.305;91.552;102.553;
1900-01-01 08:08:17;969.0;1745705297;98.452;101.306;91.445;102.553;
1900-01-01 08:08:18;970.0;1745705298;98.431;101.306;91.445;102.582;
1900-01-01 08:08:19;971.0;1745705299;98.431;101.402;91.398;102.611;
1900-01-01 08:08:20;972.0;1745705300;98.545;101.352;91.398;102.611;
1900-01-01 08:08:21;973.0;1745705301;98.501;101.352;91.318;102.553;
1900-01-01 08:08:22;974.0;1745705302;98.501;101.333;91.232;102.559;
1900-01-01 08:08:23;975.0;1745705303;98.506;101.357;91.232;102.559;
1900-01-01 08:08:24;976.0;1745705304;98.508;101.357;91.262;102.552;
1900-01-01 08:08:25;977.0;1745705305;98.508;101.46;91.182;102.556;
1900-01-01 08:08:26;978.0;1745705306;98.476;101.369;91.182;102.556;
1900-01-01 08:08:27;979.0;1745705307;98.476;101.369;91.128;102.564;
1900-01-01 08:08:28;980.0;1745705308;98.54;101.422;91.215;102.508;
1900-01-01 08:08:30;981.0;1745705310;98.555;101.451;91.215;102.508;
1900-01-01 08:08:30;982.0;1745705310;98.555;101.451;91.262;102.637;
1900-01-01 08:08:31;983.0;1745705311;98.587;101.448;91.22;102.637;
1900-01-01 08:08:32;984.0;1745705312;98.594;101.448;91.22;102.566;
1900-01-01 08:08:33;985.0;1745705313;98.594;101.323;91.234;102.468;
1900-01-01 08:08:34;986.0;1745705314;98.583;101.383;91.256;102.468;
1900-01-01 08:08:35;987.0;1745705315;98.535;101.383;91.256;102.552;
1900-01-01 08:08:36;988.0;1745705316;98.535;101.504;91.3;102.561;
1900-01-01 08:08:38;989.0;1745705318;98.522;101.337;91.238;102.561;
1900-01-01 08:08:38;990.0;1745705318;98.485;101.337;91.238;102.582;
1900-01-01 08:08:39;991.0;1745705319;98.485;101.338;91.335;102.474;
1900-01-01 08:08:40;992.0;1745705320;98.505;101.335;91.335;102.474;
1900-01-01 08:08:41;993.0;1745705321;98.545;101.335;91.313;102.556;
1900-01-01 08:08:42;994.0;1745705322;98.545;101.315;91.216;102.552;
1900-01-01 08:08:43;995.0;1745705323;98.601;101.434;91.216;102.552;
1900-01-01 08:08:44;996.0;1745705324;98.502;101.434;91.105;102.545;
1900-01-01 08:08:45;997.0;1745705325;98.502;101.332;91.135;102.606;
1900-01-01 08:08:46;998.0;1745705326;98.628;101.365;91.135;102.606;
1900-01-01 08:08:48;999.0;1745705328;98.598;101.365;91.059;102.605;
1900-01-01 08:08:48;1000.0;1745705328;98.598;101.321;91.016;102.605;
1900-01-01 08:08:49;1001.0;1745705329;98.563;101.184;91.016;102.593;
1900-01-01 08:08:50;1002.0;1745705330;98.557;101.184;91.006;102.661;
1900-01-01 08:08:51;1003.0;1745705331;98.557;101.276;90.986;102.661;
1900-01-01 08:08:52;1004.0;1745705332;98.568;101.203;90.986;102.628;
1900-01-01 08:08:53;1005.0;1745705333;98.568;101.203;91.133;102.538;
1900-01-01 08:08:54;1006.0;1745705334;98.585;101.119;91.152;102.538;
1900-01-01 08:08:55;1007.0;1745705335;98.532;101.084;91.152;102.621;
1900-01-01 08:08:56;1008.0;1745705336;98.532;101.084;91.327;102.583;
1900-01-01 08:08:57;1009.0;1745705337;98.409;101.093;91.324;102.583;
1900-01-01 08:08:58;1010.0;1745705338;98.433;101.093;91.324;102.601;
1900-01-01 08:08:59;1011.0;1745705339;98.433;101.094;91.378;102.582;
1900-01-01 08:09:00;1012.0;1745705340;98.424;101.075;91.398;102.582;
1900-01-01 08:09:01;1013.0;1745705341;98.373;101.109;91.398;102.537;
1900-01-01 08:09:02;1014.0;1745705342;98.373;101.109;91.378;102.561;
1900-01-01 08:09:03;1015.0;1745705343;98.26;101.119;91.227;102.561;
1900-01-01 08:09:04;1016.0;1745705344;98.275;101.119;91.227;102.568;
1900-01-01 08:09:05;1017.0;1745705345;98.275;101.104;91.239;102.581;
1900-01-01 08:09:06;1018.0;1745705346;98.225;101.093;91.239;102.581;
1900-01-01 08:09:07;1019.0;1745705347;98.245;101.093;91.175;102.59;
1900-01-01 08:09:08;1020.0;1745705348;98.245;101.22;91.122;102.441;
1900-01-01 08:09:09;1021.0;1745705349;98.2;101.163;91.076;102.441;
1900-01-01 08:09:11;1022.0;1745705351;98.22;101.178;91.076;102.608;
1900-01-01 08:09:11;1023.0;1745705351;98.22;101.178;91.028;102.53;
1900-01-01 08:09:12;1024.0;1745705352;98.102;101.14;91.075;102.53;
1900-01-01 08:09:13;1025.0;1745705353;98.148;101.14;91.075;102.581;
1900-01-01 08:09:14;1026.0;1745705354;98.148;101.137;90.944;102.58;
1900-01-01 08:09:15;1027.0;1745705355;98.145;101.161;90.837;102.58;
1900-01-01 08:09:16;1028.0;1745705356;98.149;101.161;90.837;102.631;
1900-01-01 08:09:17;1029.0;1745705357;98.149;101.129;90.741;102.581;
1900-01-01 08:09:18;1030.0;1745705358;98.115;101.202;90.674;102.581;
1900-01-01 08:09:19;1031.0;1745705359;98.13;101.212;90.674;102.576;
1900-01-01 08:09:20;1032.0;1745705360;98.13;101.212;90.766;102.535;
1900-01-01 08:09:21;1033.0;1745705361;98.085;101.196;90.766;102.535;
1900-01-01 08:09:22;1034.0;1745705362;98.072;101.196;90.701;102.512;
1900-01-01 08:09:23;1035.0;1745705363;98.072;101.237;90.697;102.568;
1900-01-01 08:09:24;1036.0;1745705364;98.061;101.173;90.72;102.568;
1900-01-01 08:09:25;1037.0;1745705365;98.117;101.149;90.72;102.565;
1900-01-01 08:09:26;1038.0;1745705366;98.117;101.149;90.7;102.509;
1900-01-01 08:09:27;1039.0;1745705367;98.052;101.147;90.706;102.509;
1900-01-01 08:09:28;1040.0;1745705368;97.98;101.147;90.706;102.541;
1900-01-01 08:09:29;1041.0;1745705369;97.98;101.16;90.73;102.515;
1900-01-01 08:09:30;1042.0;1745705370;98.002;101.124;90.73;102.515;
1900-01-01 08:09:31;1043.0;1745705371;97.998;101.124;90.8;102.686;
1900-01-01 08:09:32;1044.0;1745705372;97.998;101.082;90.763;102.56;
1900-01-01 08:09:33;1045.0;1745705373;98.099;101.125;90.763;102.56;
1900-01-01 08:09:34;1046.0;1745705374;98.051;101.125;90.762;102.556;
1900-01-01 08:09:36;1047.0;1745705376;98.051;101.032;90.674;102.519;
1900-01-01 08:09:36;1048.0;1745705376;98.049;101.114;90.674;102.519;
1900-01-01 08:09:37;1049.0;1745705377;97.983;101.114;90.667;102.616;
1900-01-01 08:09:38;1050.0;1745705378;97.983;101.055;90.613;102.49;
1900-01-01 08:09:39;1051.0;1745705379;97.997;101.018;90.613;102.49;
1900-01-01 08:09:40;1052.0;1745705380;97.997;101.018;90.572;102.612;
1900-01-01 08:09:41;1053.0;1745705381;97.959;101.005;90.492;102.612;
1900-01-01 08:09:42;1054.0;1745705382;97.876;101.027;90.492;102.46;
1900-01-01 08:09:43;1055.0;1745705383;97.876;101.027;90.463;102.529;
1900-01-01 08:09:44;1056.0;1745705384;97.767;101.035;90.402;102.529;
1900-01-01 08:09:45;1057.0;1745705385;97.67;101.053;90.402;102.49;
1900-01-01 08:09:46;1058.0;1745705386;97.67;101.053;90.369;102.544;
1900-01-01 08:09:47;1059.0;1745705387;97.564;101.076;90.522;102.544;
1900-01-01 08:09:48;1060.0;1745705388;97.536;101.076;90.522;102.498;
1900-01-01 08:09:49;1061.0;1745705389;97.536;101.048;90.636;102.406;
1900-01-01 08:09:50;1062.0;1745705390;97.506;101.122;90.714;102.406;
1900-01-01 08:09:51;1063.0;1745705391;97.542;101.122;90.714;102.518;
1900-01-01 08:09:52;1064.0;1745705392;97.542;101.201;90.797;102.495;
1900-01-01 08:09:53;1065.0;1745705393;97.47;101.146;90.784;102.495;
1900-01-01 08:09:54;1066.0;1745705394;97.521;101.146;90.784;102.439;
1900-01-01 08:09:55;1067.0;1745705395;97.521;101.292;90.689;102.451;
1900-01-01 08:09:56;1068.0;1745705396;97.581;101.25;90.689;102.451;
1900-01-01 08:09:57;1069.0;1745705397;97.697;101.25;90.663;102.496;
1900-01-01 08:09:58;1070.0;1745705398;97.697;101.197;90.589;102.547;
1900-01-01 08:10:00;1071.0;1745705400;97.681;101.159;90.564;102.547;
1900-01-01 08:10:00;1072.0;1745705400;97.681;101.159;90.564;102.482;
1900-01-01 08:10:01;1073.0;1745705401;97.722;101.173;90.475;102.539;
1900-01-01 08:10:02;1074.0;1745705402;97.737;101.04;90.475;102.539;
1900-01-01 08:10:03;1075.0;1745705403;97.737;101.04;90.468;102.567;
1900-01-01 08:10:04;1076.0;1745705404;97.8;101.055;90.312;102.65;
1900-01-01 08:10:05;1077.0;1745705405;97.707;101.055;90.312;102.65;
1900-01-01 08:10:06;1078.0;1745705406;97.707;100.991;90.288;102.602;
1900-01-01 08:10:07;1079.0;1745705407;97.769;101.033;90.234;102.602;
1900-01-01 08:10:08;1080.0;1745705408;97.704;100.951;90.234;102.577;
1900-01-01 08:10:09;1081.0;1745705409;97.704;100.951;90.267;102.58;
1900-01-01 08:10:10;1082.0;1745705410;97.733;100.999;90.393;102.58;
1900-01-01 08:10:11;1083.0;1745705411;97.697;100.932;90.393;102.577;
1900-01-01 08:10:12;1084.0;1745705412;97.697;100.932;90.314;102.537;
1900-01-01 08:10:13;1085.0;1745705413;97.741;100.955;90.387;102.537;
1900-01-01 08:10:14;1086.0;1745705414;97.696;100.955;90.387;102.504;
1900-01-01 08:10:15;1087.0;1745705415;97.696;100.955;90.4;102.532;
1900-01-01 08:10:16;1088.0;1745705416;97.718;100.987;90.4;102.532;
1900-01-01 08:10:17;1089.0;1745705417;97.764;100.987;90.482;102.501;
1900-01-01 08:10:18;1090.0;1745705418;97.764;100.956;90.438;102.644;
1900-01-01 08:10:19;1091.0;1745705419;97.751;101.058;90.438;102.644;
1900-01-01 08:10:20;1092.0;1745705420;97.756;101.058;90.381;102.545;
1900-01-01 08:10:21;1093.0;1745705421;97.756;100.92;90.3;102.58;
1900-01-01 08:10:22;1094.0;1745705422;97.84;101.026;90.3;102.58;
1900-01-01 08:10:23;1095.0;1745705423;97.88;101.026;90.325;102.442;
1900-01-01 08:10:24;1096.0;1745705424;97.88;100.953;90.304;102.442;
1900-01-01 08:10:25;1097.0;1745705425;97.83;100.961;90.304;102.61;
1900-01-01 08:10:26;1098.0;1745705426;97.83;100.961;90.227;102.529;
1900-01-01 08:10:27;1099.0;1745705427;97.836;100.904;90.201;102.625;
1900-01-01 08:10:28;1100.0;1745705428;97.863;100.904;90.201;102.625;
1900-01-01 08:10:29;1101.0;1745705429;97.863;100.929;90.177;102.611;
1900-01-01 08:10:30;1102.0;1745705430;97.725;100.898;90.142;102.611;
1900-01-01 08:10:31;1103.0;1745705431;97.757;100.849;90.142;102.526;
1900-01-01 08:10:32;1104.0;1745705432;97.757;100.849;90.079;102.525;
1900-01-01 08:10:33;1105.0;1745705433;97.724;100.941;90.084;102.525;
1900-01-01 08:10:34;1106.0;1745705434;97.684;100.968;90.084;102.618;
1900-01-01 08:10:35;1107.0;1745705435;97.684;100.968;90.154;102.545;
1900-01-01 08:10:36;1108.0;1745705436;97.673;100.951;90.102;102.545;
1900-01-01 08:10:37;1109.0;1745705437;97.64;100.916;90.102;102.501;
1900-01-01 08:10:38;1110.0;1745705438;97.64;100.916;90.145;102.559;
1900-01-01 08:10:39;1111.0;1745705439;97.649;100.987;90.123;102.559;
1900-01-01 08:10:40;1112.0;1745705440;97.607;100.987;90.123;102.506;
1900-01-01 08:10:41;1113.0;1745705441;97.607;100.912;90.214;102.509;
1900-01-01 08:10:42;1114.0;1745705442;97.495;100.941;90.144;102.509;
1900-01-01 08:10:43;1115.0;1745705443;97.509;100.941;90.144;102.596;
1900-01-01 08:10:44;1116.0;1745705444;97.509;100.966;90.082;102.557;
1900-01-01 08:10:45;1117.0;1745705445;97.471;100.885;90.056;102.557;
1900-01-01 08:10:47;1118.0;1745705447;97.477;100.885;90.056;102.45;
1900-01-01 08:10:47;1119.0;1745705447;97.477;100.864;90.029;102.538;
1900-01-01 08:10:48;1120.0;1745705448;97.488;100.893;90.107;102.538;
1900-01-01 08:10:49;1121.0;1745705449;97.488;100.893;90.107;102.627;
1900-01-01 08:10:50;1122.0;1745705450;97.511;100.884;90.152;102.55;
1900-01-01 08:10:52;1123.0;1745705452;97.495;100.925;90.152;102.55;
1900-01-01 08:10:52;1124.0;1745705452;97.495;100.925;90.196;102.508;
1900-01-01 08:10:53;1125.0;1745705453;97.38;100.826;90.168;102.508;
1900-01-01 08:10:54;1126.0;1745705454;97.405;100.826;90.168;102.575;
1900-01-01 08:10:55;1127.0;1745705455;97.405;100.831;90.178;102.527;
1900-01-01 08:10:56;1128.0;1745705456;97.337;100.903;90.205;102.527;
1900-01-01 08:10:57;1129.0;1745705457;97.373;100.903;90.205;102.548;
1900-01-01 08:10:58;1130.0;1745705458;97.373;100.834;90.177;102.644;
1900-01-01 08:10:59;1131.0;1745705459;97.374;100.851;90.14;102.644;
1900-01-01 08:11:00;1132.0;1745705460;97.288;100.817;90.14;102.515;
1900-01-01 08:11:01;1133.0;1745705461;97.288;100.817;89.961;102.543;
1900-01-01 08:11:02;1134.0;1745705462;97.327;100.875;90.012;102.543;
1900-01-01 08:11:03;1135.0;1745705463;97.239;100.875;90.012;102.57;
1900-01-01 08:11:04;1136.0;1745705464;97.239;100.861;90.086;102.568;
1900-01-01 08:11:05;1137.0;1745705465;97.174;100.802;90.095;102.568;
1900-01-01 08:11:06;1138.0;1745705466;97.158;100.802;90.095;102.524;
1900-01-01 08:11:07;1139.0;1745705467;97.158;100.812;90.155;102.541;
1900-01-01 08:11:08;1140.0;1745705468;97.088;100.811;90.155;102.541;
1900-01-01 08:11:09;1141.0;1745705469;97.161;100.811;90.105;102.555;
1900-01-01 08:11:10;1142.0;1745705470;97.161;100.887;90.111;102.555;
1900-01-01 08:11:11;1143.0;1745705471;97.155;100.93;90.111;102.532;
1900-01-01 08:11:12;1144.0;1745705472;97.223;100.93;90.042;102.59;
1900-01-01 08:11:13;1145.0;1745705473;97.223;100.798;90.059;102.59;
1900-01-01 08:11:14;1146.0;1745705474;97.235;100.871;90.059;102.556;
1900-01-01 08:11:15;1147.0;1745705475;97.365;100.871;90.066;102.545;
1900-01-01 08:11:16;1148.0;1745705476;97.365;100.889;89.963;102.545;
1900-01-01 08:11:17;1149.0;1745705477;97.361;100.901;89.963;102.646;
1900-01-01 08:11:19;1150.0;1745705479;97.439;100.901;89.923;102.581;
1900-01-01 08:11:19;1151.0;1745705479;97.439;100.814;89.892;102.581;
1900-01-01 08:11:20;1152.0;1745705480;97.321;100.724;89.892;102.503;
1900-01-01 08:11:21;1153.0;1745705481;97.321;100.724;89.748;102.551;
1900-01-01 08:11:22;1154.0;1745705482;97.419;100.821;89.688;102.551;
1900-01-01 08:11:23;1155.0;1745705483;97.385;100.821;89.688;102.594;
1900-01-01 08:11:24;1156.0;1745705484;97.385;100.799;89.627;102.551;
1900-01-01 08:11:25;1157.0;1745705485;97.372;100.792;89.627;102.551;
1900-01-01 08:11:26;1158.0;1745705486;97.367;100.792;89.619;102.57;
1900-01-01 08:11:27;1159.0;1745705487;97.367;100.722;89.686;102.486;
1900-01-01 08:11:28;1160.0;1745705488;97.279;100.772;89.686;102.486;
1900-01-01 08:11:29;1161.0;1745705489;97.268;100.772;89.711;102.493;
1900-01-01 08:11:30;1162.0;1745705490;97.268;100.724;89.75;102.493;
1900-01-01 08:11:31;1163.0;1745705491;97.269;100.734;89.75;102.627;
1900-01-01 08:11:32;1164.0;1745705492;97.198;100.734;89.763;102.563;
1900-01-01 08:11:33;1165.0;1745705493;97.198;100.804;89.791;102.563;
1900-01-01 08:11:34;1166.0;1745705494;97.239;100.771;89.791;102.511;
1900-01-01 08:11:35;1167.0;1745705495;97.215;100.771;89.754;102.612;
1900-01-01 08:11:36;1168.0;1745705496;97.215;100.801;89.798;102.612;
1900-01-01 08:11:37;1169.0;1745705497;97.134;100.732;89.798;102.577;
1900-01-01 08:11:38;1170.0;1745705498;97.134;100.732;89.723;102.553;
1900-01-01 08:11:39;1171.0;1745705499;97.165;100.781;89.703;102.553;
1900-01-01 08:11:40;1172.0;1745705500;97.134;100.781;89.703;102.598;
1900-01-01 08:11:41;1173.0;1745705501;97.134;100.672;89.774;102.539;
1900-01-01 08:11:42;1174.0;1745705502;97.174;100.794;89.727;102.539;
1900-01-01 08:11:43;1175.0;1745705503;97.119;100.794;89.727;102.651;
1900-01-01 08:11:44;1176.0;1745705504;97.119;100.853;89.914;102.494;
1900-01-01 08:11:45;1177.0;1745705505;97.108;100.693;89.863;102.494;
1900-01-01 08:11:46;1178.0;1745705506;97.074;100.693;89.863;102.551;
1900-01-01 08:11:47;1179.0;1745705507;97.074;100.757;89.768;102.524;
1900-01-01 08:11:48;1180.0;1745705508;97.076;100.61;89.768;102.524;
1900-01-01 08:11:49;1181.0;1745705509;97.152;100.61;89.732;102.557;
1900-01-01 08:11:50;1182.0;1745705510;97.152;100.747;89.645;102.596;
1900-01-01 08:11:51;1183.0;1745705511;97.052;100.817;89.645;102.596;
1900-01-01 08:11:52;1184.0;1745705512;97.163;100.817;89.567;102.551;
1900-01-01 08:11:53;1185.0;1745705513;97.163;100.658;89.456;102.604;
1900-01-01 08:11:54;1186.0;1745705514;97.085;100.736;89.456;102.604;
1900-01-01 08:11:55;1187.0;1745705515;97.085;100.736;89.546;102.611;
1900-01-01 08:11:56;1188.0;1745705516;97.033;100.743;89.571;102.556;
1900-01-01 08:11:57;1189.0;1745705517;96.973;100.631;89.571;102.556;
1900-01-01 08:11:58;1190.0;1745705518;96.973;100.631;89.582;102.586;
1900-01-01 08:11:59;1191.0;1745705519;97.08;100.636;89.561;102.586;
1900-01-01 08:12:00;1192.0;1745705520;97.069;100.632;89.561;102.477;
1900-01-01 08:12:01;1193.0;1745705521;97.04;100.632;89.466;102.545;
1900-01-01 08:12:02;1194.0;1745705522;97.04;100.662;89.387;102.545;
1900-01-01 08:12:03;1195.0;1745705523;96.979;100.606;89.387;102.548;
1900-01-01 08:12:04;1196.0;1745705524;96.979;100.606;89.424;102.546;
1900-01-01 08:12:05;1197.0;1745705525;96.99;100.565;89.337;102.546;
1900-01-01 08:12:06;1198.0;1745705526;96.934;100.565;89.337;102.548;
1900-01-01 08:12:07;1199.0;1745705527;96.934;100.635;89.397;102.494;
1900-01-01 08:12:08;1200.0;1745705528;96.919;100.585;89.39;102.494;
