Time;Seconds from start for linreg;Unix Time;ch1 po2;ch2 po2;ch3 po2;ch4 po2;
1900-01-01 09:32:09;1.0;1745710329;101.063;102.623;98.035;101.733;
1900-01-01 09:32:10;2.0;1745710330;101.063;102.73;98.039;101.816;
1900-01-01 09:32:11;3.0;1745710331;101.044;102.722;98.039;101.816;
1900-01-01 09:32:12;4.0;1745710332;101.058;102.722;98.021;101.832;
1900-01-01 09:32:13;5.0;1745710333;101.058;102.802;98.075;101.773;
1900-01-01 09:32:14;6.0;1745710334;100.984;102.748;98.075;101.773;
1900-01-01 09:32:15;7.0;1745710335;101.032;102.748;97.985;101.814;
1900-01-01 09:32:16;8.0;1745710336;101.032;102.766;97.918;101.814;
1900-01-01 09:32:17;9.0;1745710337;100.985;102.819;97.918;101.804;
1900-01-01 09:32:18;10.0;1745710338;101.041;102.819;97.759;101.793;
1900-01-01 09:32:19;11.0;1745710339;101.041;102.72;97.711;101.798;
1900-01-01 09:32:20;12.0;1745710340;101.108;102.715;97.711;101.798;
1900-01-01 09:32:21;13.0;1745710341;101.027;102.715;97.705;101.844;
1900-01-01 09:32:22;14.0;1745710342;101.027;102.691;97.716;101.844;
1900-01-01 09:32:23;15.0;1745710343;101.059;102.704;97.716;101.782;
1900-01-01 09:32:24;16.0;1745710344;101.229;102.704;97.773;101.865;
1900-01-01 09:32:25;17.0;1745710345;101.229;102.758;97.76;101.894;
1900-01-01 09:32:26;18.0;1745710346;101.212;102.724;97.76;101.894;
1900-01-01 09:32:27;19.0;1745710347;101.274;102.724;97.719;101.852;
1900-01-01 09:32:28;20.0;1745710348;101.274;102.779;97.793;101.856;
1900-01-01 09:32:29;21.0;1745710349;101.192;102.722;97.793;101.856;
1900-01-01 09:32:30;22.0;1745710350;101.216;102.722;97.819;101.87;
1900-01-01 09:32:31;23.0;1745710351;101.216;102.695;97.774;101.794;
1900-01-01 09:32:32;24.0;1745710352;101.2;102.616;97.774;101.794;
1900-01-01 09:32:33;25.0;1745710353;101.253;102.616;97.77;101.937;
1900-01-01 09:32:34;26.0;1745710354;101.253;102.659;97.803;101.882;
1900-01-01 09:32:35;27.0;1745710355;101.273;102.609;97.803;101.882;
1900-01-01 09:32:36;28.0;1745710356;101.242;102.609;97.808;101.906;
1900-01-01 09:32:37;29.0;1745710357;101.242;102.552;97.812;101.906;
1900-01-01 09:32:38;30.0;1745710358;101.256;102.571;97.812;101.857;
1900-01-01 09:32:39;31.0;1745710359;101.229;102.571;97.756;101.855;
1900-01-01 09:32:40;32.0;1745710360;101.229;102.666;97.856;101.867;
1900-01-01 09:32:41;33.0;1745710361;101.249;102.648;97.808;101.867;
1900-01-01 09:32:42;34.0;1745710362;101.249;102.648;97.808;101.933;
1900-01-01 09:32:43;35.0;1745710363;101.199;102.636;97.861;101.882;
1900-01-01 09:32:44;36.0;1745710364;101.285;102.602;97.861;101.882;
1900-01-01 09:32:45;37.0;1745710365;101.324;102.602;97.825;101.862;
1900-01-01 09:32:46;38.0;1745710366;101.324;102.585;97.751;101.833;
1900-01-01 09:32:47;39.0;1745710367;101.241;102.632;97.751;101.833;
1900-01-01 09:32:48;40.0;1745710368;101.241;102.632;97.727;101.903;
1900-01-01 09:32:49;41.0;1745710369;101.2;102.719;97.851;101.882;
1900-01-01 09:32:50;42.0;1745710370;101.209;102.808;97.851;101.882;
1900-01-01 09:32:51;43.0;1745710371;101.274;102.808;97.8;101.812;
1900-01-01 09:32:52;44.0;1745710372;101.274;102.701;97.812;101.867;
1900-01-01 09:32:53;45.0;1745710373;101.213;102.766;97.812;101.867;
1900-01-01 09:32:54;46.0;1745710374;101.213;102.766;97.82;101.849;
1900-01-01 09:32:55;47.0;1745710375;101.163;102.804;97.741;101.875;
1900-01-01 09:32:56;48.0;1745710376;101.25;102.717;97.741;101.875;
1900-01-01 09:32:57;49.0;1745710377;101.237;102.717;97.747;101.777;
1900-01-01 09:32:58;50.0;1745710378;101.237;102.77;97.685;101.777;
1900-01-01 09:32:59;51.0;1745710379;101.335;102.743;97.685;101.858;
1900-01-01 09:33:00;52.0;1745710380;101.257;102.743;97.722;101.858;
1900-01-01 09:33:01;53.0;1745710381;101.257;102.845;97.791;101.868;
1900-01-01 09:33:03;54.0;1745710383;101.307;102.758;97.774;101.868;
1900-01-01 09:33:03;55.0;1745710383;101.307;102.758;97.774;101.843;
1900-01-01 09:33:04;56.0;1745710384;101.223;102.835;97.827;101.888;
1900-01-01 09:33:05;57.0;1745710385;101.243;102.827;97.827;101.888;
1900-01-01 09:33:06;58.0;1745710386;101.329;102.827;97.797;101.946;
1900-01-01 09:33:07;59.0;1745710387;101.329;102.845;97.691;101.946;
1900-01-01 09:33:08;60.0;1745710388;101.285;102.887;97.691;101.873;
1900-01-01 09:33:09;61.0;1745710389;101.232;102.887;97.659;101.808;
1900-01-01 09:33:10;62.0;1745710390;101.232;102.827;97.699;101.808;
1900-01-01 09:33:11;63.0;1745710391;101.213;102.811;97.699;101.908;
1900-01-01 09:33:12;64.0;1745710392;101.213;102.811;97.711;101.814;
1900-01-01 09:33:13;65.0;1745710393;101.227;102.672;97.731;101.814;
1900-01-01 09:33:14;66.0;1745710394;101.289;102.665;97.731;101.835;
1900-01-01 09:33:15;67.0;1745710395;101.289;102.665;97.648;101.872;
1900-01-01 09:33:16;68.0;1745710396;101.212;102.682;97.62;101.872;
1900-01-01 09:33:17;69.0;1745710397;101.141;102.644;97.62;101.911;
1900-01-01 09:33:18;70.0;1745710398;101.141;102.644;97.548;101.946;
1900-01-01 09:33:19;71.0;1745710399;101.111;102.59;97.58;101.946;
1900-01-01 09:33:20;72.0;1745710400;101.051;102.59;97.58;101.873;
1900-01-01 09:33:21;73.0;1745710401;101.051;102.567;97.659;101.854;
1900-01-01 09:33:22;74.0;1745710402;101.02;102.661;97.659;101.854;
1900-01-01 09:33:23;75.0;1745710403;101.114;102.661;97.637;101.855;
1900-01-01 09:33:24;76.0;1745710404;101.114;102.668;97.628;101.828;
1900-01-01 09:33:26;77.0;1745710406;101.148;102.643;97.578;101.828;
1900-01-01 09:33:26;78.0;1745710406;101.203;102.643;97.578;101.79;
1900-01-01 09:33:27;79.0;1745710407;101.203;102.6;97.615;101.896;
1900-01-01 09:33:28;80.0;1745710408;101.149;102.654;97.615;101.896;
1900-01-01 09:33:29;81.0;1745710409;101.199;102.654;97.666;101.814;
1900-01-01 09:33:30;82.0;1745710410;101.199;102.695;97.652;101.864;
1900-01-01 09:33:31;83.0;1745710411;101.122;102.724;97.652;101.864;
1900-01-01 09:33:32;84.0;1745710412;101.19;102.724;97.71;101.886;
1900-01-01 09:33:33;85.0;1745710413;101.19;102.69;97.705;101.886;
1900-01-01 09:33:34;86.0;1745710414;101.15;102.728;97.705;101.899;
1900-01-01 09:33:35;87.0;1745710415;101.15;102.728;97.601;101.865;
1900-01-01 09:33:36;88.0;1745710416;101.234;102.694;97.499;101.865;
1900-01-01 09:33:37;89.0;1745710417;101.211;102.694;97.499;101.821;
1900-01-01 09:33:38;90.0;1745710418;101.211;102.669;97.516;101.897;
1900-01-01 09:33:39;91.0;1745710419;101.156;102.655;97.542;101.897;
1900-01-01 09:33:40;92.0;1745710420;101.126;102.655;97.542;101.863;
1900-01-01 09:33:41;93.0;1745710421;101.126;102.665;97.6;101.865;
1900-01-01 09:33:43;94.0;1745710423;101.104;102.564;97.631;101.865;
1900-01-01 09:33:43;95.0;1745710423;101.133;102.564;97.631;101.879;
1900-01-01 09:33:44;96.0;1745710424;101.133;102.499;97.598;101.924;
1900-01-01 09:33:45;97.0;1745710425;101.169;102.506;97.613;101.924;
1900-01-01 09:33:47;98.0;1745710427;101.161;102.575;97.613;101.857;
1900-01-01 09:33:47;99.0;1745710427;101.161;102.575;97.533;101.91;
1900-01-01 09:33:48;100.0;1745710428;101.098;102.598;97.556;101.91;
1900-01-01 09:33:49;101.0;1745710429;101.123;102.598;97.556;101.859;
1900-01-01 09:33:50;102.0;1745710430;101.123;102.662;97.515;101.87;
1900-01-01 09:33:51;103.0;1745710431;101.122;102.614;97.515;101.87;
1900-01-01 09:33:52;104.0;1745710432;101.166;102.614;97.527;101.833;
1900-01-01 09:33:53;105.0;1745710433;101.166;102.549;97.539;101.901;
1900-01-01 09:33:54;106.0;1745710434;101.244;102.567;97.539;101.901;
1900-01-01 09:33:55;107.0;1745710435;101.166;102.567;97.55;101.831;
1900-01-01 09:33:56;108.0;1745710436;101.166;102.595;97.448;101.831;
1900-01-01 09:33:57;109.0;1745710437;101.116;102.585;97.448;101.905;
1900-01-01 09:33:58;110.0;1745710438;101.172;102.585;97.501;101.873;
1900-01-01 09:33:59;111.0;1745710439;101.172;102.593;97.493;101.825;
1900-01-01 09:34:00;112.0;1745710440;101.158;102.593;97.493;101.825;
1900-01-01 09:34:01;113.0;1745710441;101.158;102.57;97.524;101.898;
1900-01-01 09:34:02;114.0;1745710442;101.253;102.439;97.601;101.898;
1900-01-01 09:34:03;115.0;1745710443;101.221;102.451;97.601;101.823;
1900-01-01 09:34:04;116.0;1745710444;101.221;102.451;97.478;101.886;
1900-01-01 09:34:05;117.0;1745710445;101.26;102.41;97.405;101.886;
1900-01-01 09:34:06;118.0;1745710446;101.236;102.391;97.405;101.882;
1900-01-01 09:34:07;119.0;1745710447;101.236;102.391;97.455;101.877;
1900-01-01 09:34:08;120.0;1745710448;101.17;102.42;97.424;101.877;
1900-01-01 09:34:09;121.0;1745710449;101.182;102.42;97.424;101.915;
1900-01-01 09:34:10;122.0;1745710450;101.182;102.405;97.383;101.824;
1900-01-01 09:34:11;123.0;1745710451;101.252;102.493;97.441;101.824;
1900-01-01 09:34:12;124.0;1745710452;101.135;102.533;97.441;101.982;
1900-01-01 09:34:13;125.0;1745710453;101.135;102.533;97.316;101.924;
1900-01-01 09:34:14;126.0;1745710454;101.121;102.587;97.3;101.924;
1900-01-01 09:34:15;127.0;1745710455;101.141;102.587;97.3;101.789;
1900-01-01 09:34:16;128.0;1745710456;101.141;102.609;97.278;101.929;
1900-01-01 09:34:17;129.0;1745710457;101.053;102.568;97.326;101.929;
1900-01-01 09:34:18;130.0;1745710458;101.154;102.568;97.326;101.935;
1900-01-01 09:34:19;131.0;1745710459;101.154;102.602;97.361;101.989;
1900-01-01 09:34:20;132.0;1745710460;101.2;102.668;97.431;101.989;
1900-01-01 09:34:21;133.0;1745710461;101.21;102.668;97.431;101.915;
1900-01-01 09:34:22;134.0;1745710462;101.21;102.726;97.463;101.874;
1900-01-01 09:34:23;135.0;1745710463;101.204;102.691;97.463;101.874;
1900-01-01 09:34:24;136.0;1745710464;101.208;102.691;97.463;101.932;
1900-01-01 09:34:25;137.0;1745710465;101.208;102.758;97.598;101.931;
1900-01-01 09:34:26;138.0;1745710466;101.309;102.629;97.598;101.931;
1900-01-01 09:34:27;139.0;1745710467;101.293;102.629;97.575;101.874;
1900-01-01 09:34:28;140.0;1745710468;101.293;102.648;97.59;101.907;
1900-01-01 09:34:29;141.0;1745710469;101.235;102.723;97.59;101.907;
1900-01-01 09:34:30;142.0;1745710470;101.235;102.723;97.473;101.93;
1900-01-01 09:34:31;143.0;1745710471;101.173;102.681;97.446;101.908;
1900-01-01 09:34:32;144.0;1745710472;101.095;102.685;97.446;101.908;
1900-01-01 09:34:33;145.0;1745710473;101.146;102.685;97.465;101.888;
1900-01-01 09:34:34;146.0;1745710474;101.146;102.609;97.489;101.888;
1900-01-01 09:34:35;147.0;1745710475;101.092;102.584;97.489;101.899;
1900-01-01 09:34:36;148.0;1745710476;101.092;102.584;97.528;101.86;
1900-01-01 09:34:37;149.0;1745710477;101.056;102.582;97.455;101.86;
1900-01-01 09:34:38;150.0;1745710478;101.077;102.666;97.455;101.922;
1900-01-01 09:34:39;151.0;1745710479;101.077;102.666;97.378;101.921;
1900-01-01 09:34:40;152.0;1745710480;101.066;102.617;97.371;101.921;
1900-01-01 09:34:41;153.0;1745710481;101.066;102.617;97.371;101.915;
1900-01-01 09:34:42;154.0;1745710482;101.066;102.788;97.268;101.931;
1900-01-01 09:34:43;155.0;1745710483;100.999;102.752;97.268;101.931;
1900-01-01 09:34:44;156.0;1745710484;100.965;102.752;97.25;101.867;
1900-01-01 09:34:45;157.0;1745710485;100.965;102.712;97.367;101.965;
1900-01-01 09:34:46;158.0;1745710486;100.88;102.742;97.367;101.965;
1900-01-01 09:34:47;159.0;1745710487;100.866;102.742;97.382;101.888;
1900-01-01 09:34:48;160.0;1745710488;100.866;102.834;97.382;101.954;
1900-01-01 09:34:49;161.0;1745710489;100.764;102.794;97.382;101.954;
1900-01-01 09:34:50;162.0;1745710490;100.68;102.794;97.394;101.881;
1900-01-01 09:34:51;163.0;1745710491;100.68;102.777;97.532;101.942;
1900-01-01 09:34:52;164.0;1745710492;100.638;102.825;97.532;101.942;
1900-01-01 09:34:53;165.0;1745710493;100.638;102.825;97.451;101.986;
1900-01-01 09:34:54;166.0;1745710494;100.684;102.801;97.355;101.961;
1900-01-01 09:34:55;167.0;1745710495;100.574;102.856;97.355;101.961;
1900-01-01 09:34:56;168.0;1745710496;100.574;102.856;97.357;101.936;
1900-01-01 09:34:57;169.0;1745710497;100.582;102.808;97.295;101.936;
1900-01-01 09:34:58;170.0;1745710498;100.54;102.707;97.295;101.915;
1900-01-01 09:34:59;171.0;1745710499;100.54;102.707;97.245;101.887;
1900-01-01 09:35:00;172.0;1745710500;100.611;102.653;97.209;101.887;
1900-01-01 09:35:01;173.0;1745710501;100.615;102.653;97.209;101.877;
1900-01-01 09:35:02;174.0;1745710502;100.615;102.673;97.251;101.949;
1900-01-01 09:35:03;175.0;1745710503;100.513;102.724;97.131;101.949;
1900-01-01 09:35:04;176.0;1745710504;100.657;102.724;97.131;101.868;
1900-01-01 09:35:05;177.0;1745710505;100.657;102.695;97.206;101.893;
1900-01-01 09:35:06;178.0;1745710506;100.667;102.743;97.131;101.893;
1900-01-01 09:35:07;179.0;1745710507;100.704;102.743;97.131;101.834;
1900-01-01 09:35:08;180.0;1745710508;100.704;102.66;97.067;101.943;
1900-01-01 09:35:09;181.0;1745710509;100.756;102.67;97.067;101.943;
1900-01-01 09:35:10;182.0;1745710510;100.756;102.67;97.113;101.807;
1900-01-01 09:35:11;183.0;1745710511;100.779;102.626;97.093;101.795;
1900-01-01 09:35:12;184.0;1745710512;100.729;102.585;97.093;101.795;
1900-01-01 09:35:13;185.0;1745710513;100.729;102.585;97.206;101.906;
1900-01-01 09:35:14;186.0;1745710514;100.73;102.48;97.211;101.906;
1900-01-01 09:35:15;187.0;1745710515;100.698;102.556;97.211;101.881;
1900-01-01 09:35:16;188.0;1745710516;100.672;102.556;97.236;101.896;
1900-01-01 09:35:17;189.0;1745710517;100.672;102.5;97.234;101.896;
1900-01-01 09:35:18;190.0;1745710518;100.755;102.696;97.234;101.876;
1900-01-01 09:35:19;191.0;1745710519;100.755;102.696;97.285;101.912;
1900-01-01 09:35:20;192.0;1745710520;100.707;102.621;97.311;101.912;
1900-01-01 09:35:21;193.0;1745710521;100.738;102.621;97.311;101.919;
1900-01-01 09:35:22;194.0;1745710522;100.738;102.687;97.282;101.833;
1900-01-01 09:35:23;195.0;1745710523;100.789;102.629;97.239;101.833;
1900-01-01 09:35:24;196.0;1745710524;100.844;102.629;97.239;101.906;
1900-01-01 09:35:25;197.0;1745710525;100.844;102.724;97.323;101.838;
1900-01-01 09:35:26;198.0;1745710526;100.81;102.663;97.305;101.838;
1900-01-01 09:35:27;199.0;1745710527;100.833;102.663;97.305;101.891;
1900-01-01 09:35:28;200.0;1745710528;100.833;102.711;97.323;101.923;
1900-01-01 09:35:29;201.0;1745710529;100.801;102.635;97.328;101.923;
1900-01-01 09:35:30;202.0;1745710530;100.939;102.635;97.328;101.974;
1900-01-01 09:35:31;203.0;1745710531;100.939;102.65;97.287;102.001;
1900-01-01 09:35:33;204.0;1745710533;100.793;102.51;97.302;102.001;
1900-01-01 09:35:33;205.0;1745710533;100.749;102.51;97.302;101.914;
1900-01-01 09:35:34;206.0;1745710534;100.749;102.574;97.312;101.93;
1900-01-01 09:35:35;207.0;1745710535;100.788;102.567;97.312;101.93;
1900-01-01 09:35:36;208.0;1745710536;100.788;102.567;97.274;101.923;
1900-01-01 09:35:37;209.0;1745710537;100.829;102.514;97.201;101.883;
1900-01-01 09:35:38;210.0;1745710538;100.836;102.527;97.201;101.883;
1900-01-01 09:35:39;211.0;1745710539;100.836;102.527;97.22;101.885;
1900-01-01 09:35:40;212.0;1745710540;100.982;102.544;97.181;101.885;
1900-01-01 09:35:41;213.0;1745710541;100.974;102.544;97.181;101.848;
1900-01-01 09:35:42;214.0;1745710542;100.974;102.491;97.236;101.841;
1900-01-01 09:35:43;215.0;1745710543;100.983;102.622;97.135;101.841;
1900-01-01 09:35:44;216.0;1745710544;100.949;102.622;97.135;101.951;
1900-01-01 09:35:45;217.0;1745710545;100.949;102.676;97.119;101.765;
1900-01-01 09:35:46;218.0;1745710546;100.96;102.646;97.119;101.765;
1900-01-01 09:35:47;219.0;1745710547;100.956;102.646;96.999;101.856;
1900-01-01 09:35:48;220.0;1745710548;100.956;102.614;97.125;101.985;
1900-01-01 09:35:49;221.0;1745710549;100.926;102.676;97.125;101.985;
1900-01-01 09:35:50;222.0;1745710550;100.798;102.676;97.187;101.904;
1900-01-01 09:35:51;223.0;1745710551;100.798;102.588;97.254;102.028;
1900-01-01 09:35:52;224.0;1745710552;100.815;102.534;97.254;102.028;
1900-01-01 09:35:53;225.0;1745710553;100.815;102.534;97.22;101.867;
1900-01-01 09:35:54;226.0;1745710554;100.737;102.543;97.113;101.93;
1900-01-01 09:35:55;227.0;1745710555;100.856;102.57;97.113;101.93;
1900-01-01 09:35:56;228.0;1745710556;100.815;102.57;97.052;101.915;
1900-01-01 09:35:57;229.0;1745710557;100.815;102.576;97.095;101.915;
1900-01-01 09:35:58;230.0;1745710558;100.783;102.488;97.095;101.935;
1900-01-01 09:35:59;231.0;1745710559;100.836;102.488;97.092;101.89;
1900-01-01 09:36:00;232.0;1745710560;100.836;102.634;97.007;101.89;
1900-01-01 09:36:01;233.0;1745710561;100.739;102.609;97.007;101.904;
1900-01-01 09:36:02;234.0;1745710562;100.739;102.609;97.019;101.903;
1900-01-01 09:36:03;235.0;1745710563;100.773;102.65;96.951;101.903;
1900-01-01 09:36:04;236.0;1745710564;100.696;102.65;96.951;101.875;
1900-01-01 09:36:05;237.0;1745710565;100.696;102.609;96.909;101.939;
1900-01-01 09:36:06;238.0;1745710566;100.65;102.588;96.998;101.939;
1900-01-01 09:36:08;239.0;1745710568;100.798;102.545;96.998;101.864;
1900-01-01 09:36:08;240.0;1745710568;100.798;102.545;96.931;101.882;
1900-01-01 09:36:09;241.0;1745710569;100.755;102.505;96.986;101.882;
1900-01-01 09:36:10;242.0;1745710570;100.772;102.505;96.986;101.934;
1900-01-01 09:36:11;243.0;1745710571;100.772;102.481;96.945;101.893;
1900-01-01 09:36:12;244.0;1745710572;100.683;102.48;96.945;101.893;
1900-01-01 09:36:13;245.0;1745710573;100.75;102.48;96.928;102.009;
1900-01-01 09:36:14;246.0;1745710574;100.75;102.628;96.995;101.908;
1900-01-01 09:36:15;247.0;1745710575;100.85;102.513;96.995;101.908;
1900-01-01 09:36:16;248.0;1745710576;100.843;102.513;97.055;101.916;
1900-01-01 09:36:17;249.0;1745710577;100.843;102.545;96.991;101.916;
1900-01-01 09:36:18;250.0;1745710578;100.793;102.559;96.991;101.965;
1900-01-01 09:36:19;251.0;1745710579;100.846;102.559;96.991;102.038;
1900-01-01 09:36:21;252.0;1745710581;100.846;102.594;97.052;102.025;
1900-01-01 09:36:21;253.0;1745710581;100.764;102.594;97.052;102.025;
1900-01-01 09:36:22;254.0;1745710582;100.764;102.539;97.067;101.955;
1900-01-01 09:36:23;255.0;1745710583;100.728;102.524;97.087;101.955;
1900-01-01 09:36:24;256.0;1745710584;100.721;102.524;97.087;101.87;
1900-01-01 09:36:25;257.0;1745710585;100.721;102.672;97.095;101.899;
1900-01-01 09:36:26;258.0;1745710586;100.569;102.543;97.207;101.899;
1900-01-01 09:36:27;259.0;1745710587;100.581;102.543;97.207;101.917;
1900-01-01 09:36:28;260.0;1745710588;100.581;102.535;97.118;102.037;
1900-01-01 09:36:29;261.0;1745710589;100.604;102.511;97.033;102.037;
1900-01-01 09:36:31;262.0;1745710591;100.698;102.557;97.033;101.847;
1900-01-01 09:36:31;263.0;1745710591;100.698;102.557;97.021;101.946;
1900-01-01 09:36:32;264.0;1745710592;100.683;102.57;96.916;101.946;
1900-01-01 09:36:33;265.0;1745710593;100.733;102.57;96.916;101.861;
1900-01-01 09:36:34;266.0;1745710594;100.733;102.627;96.949;101.928;
1900-01-01 09:36:35;267.0;1745710595;100.754;102.593;96.949;101.928;
1900-01-01 09:36:36;268.0;1745710596;100.776;102.593;96.988;101.858;
1900-01-01 09:36:37;269.0;1745710597;100.776;102.529;97.053;101.933;
1900-01-01 09:36:38;270.0;1745710598;100.751;102.608;97.053;101.933;
1900-01-01 09:36:39;271.0;1745710599;100.693;102.608;97.039;101.882;
1900-01-01 09:36:40;272.0;1745710600;100.693;102.668;96.944;101.882;
1900-01-01 09:36:41;273.0;1745710601;100.767;102.691;96.944;101.923;
1900-01-01 09:36:42;274.0;1745710602;100.755;102.691;96.984;101.977;
1900-01-01 09:36:43;275.0;1745710603;100.755;102.715;96.957;101.92;
1900-01-01 09:36:44;276.0;1745710604;100.657;102.698;96.957;101.92;
1900-01-01 09:36:45;277.0;1745710605;100.657;102.698;96.971;101.934;
1900-01-01 09:36:46;278.0;1745710606;100.648;102.757;96.852;101.934;
1900-01-01 09:36:48;279.0;1745710608;100.573;102.611;96.852;101.944;
1900-01-01 09:36:48;280.0;1745710608;100.573;102.611;96.855;101.961;
1900-01-01 09:36:49;281.0;1745710609;100.627;102.644;96.957;101.961;
1900-01-01 09:36:51;282.0;1745710611;100.548;102.686;96.957;101.944;
1900-01-01 09:36:51;283.0;1745710611;100.548;102.686;96.979;101.916;
1900-01-01 09:36:52;284.0;1745710612;100.64;102.713;96.951;101.916;
1900-01-01 09:36:53;285.0;1745710613;100.665;102.713;96.951;101.828;
1900-01-01 09:36:54;286.0;1745710614;100.665;102.587;96.94;101.935;
1900-01-01 09:36:55;287.0;1745710615;100.58;102.52;97.016;101.935;
1900-01-01 09:36:56;288.0;1745710616;100.685;102.52;97.016;101.911;
1900-01-01 09:36:57;289.0;1745710617;100.685;102.5;96.982;101.896;
1900-01-01 09:36:58;290.0;1745710618;100.65;102.629;96.956;101.896;
1900-01-01 09:36:59;291.0;1745710619;100.66;102.629;96.956;101.959;
1900-01-01 09:37:00;292.0;1745710620;100.66;102.603;96.99;101.963;
1900-01-01 09:37:01;293.0;1745710621;100.59;102.604;96.99;101.963;
1900-01-01 09:37:02;294.0;1745710622;100.59;102.604;96.896;101.828;
1900-01-01 09:37:03;295.0;1745710623;100.646;102.633;96.951;101.828;
1900-01-01 09:37:04;296.0;1745710624;100.715;102.605;96.951;101.926;
1900-01-01 09:37:05;297.0;1745710625;100.715;102.605;96.833;101.992;
1900-01-01 09:37:06;298.0;1745710626;100.664;102.723;96.857;101.992;
1900-01-01 09:37:07;299.0;1745710627;100.671;102.723;96.857;101.961;
1900-01-01 09:37:08;300.0;1745710628;100.671;102.724;96.851;101.95;
1900-01-01 09:37:09;301.0;1745710629;100.624;102.685;96.83;101.95;
1900-01-01 09:37:10;302.0;1745710630;100.644;102.685;96.83;101.89;
1900-01-01 09:37:11;303.0;1745710631;100.644;102.58;96.768;102.019;
1900-01-01 09:37:12;304.0;1745710632;100.67;102.659;96.746;102.019;
1900-01-01 09:37:13;305.0;1745710633;100.664;102.659;96.746;101.898;
1900-01-01 09:37:14;306.0;1745710634;100.664;102.625;96.723;101.79;
1900-01-01 09:37:15;307.0;1745710635;100.685;102.691;96.723;101.79;
1900-01-01 09:37:16;308.0;1745710636;100.641;102.691;96.808;101.932;
1900-01-01 09:37:17;309.0;1745710637;100.641;102.719;96.834;101.923;
1900-01-01 09:37:18;310.0;1745710638;100.657;102.695;96.834;101.923;
1900-01-01 09:37:20;311.0;1745710640;100.567;102.695;96.748;101.89;
1900-01-01 09:37:20;312.0;1745710640;100.567;102.638;96.699;101.932;
1900-01-01 09:37:21;313.0;1745710641;100.622;102.624;96.699;101.932;
1900-01-01 09:37:22;314.0;1745710642;100.604;102.624;96.6;101.947;
1900-01-01 09:37:23;315.0;1745710643;100.604;102.495;96.571;101.947;
1900-01-01 09:37:24;316.0;1745710644;100.689;102.576;96.571;101.957;
1900-01-01 09:37:26;317.0;1745710646;100.636;102.576;96.59;101.874;
1900-01-01 09:37:26;318.0;1745710646;100.636;102.537;96.489;101.874;
1900-01-01 09:37:27;319.0;1745710647;100.656;102.519;96.489;102.02;
1900-01-01 09:37:28;320.0;1745710648;100.656;102.519;96.492;101.956;
1900-01-01 09:37:29;321.0;1745710649;100.609;102.486;96.567;101.956;
1900-01-01 09:37:30;322.0;1745710650;100.618;102.486;96.567;101.975;
1900-01-01 09:37:31;323.0;1745710651;100.618;102.482;96.558;101.932;
1900-01-01 09:37:32;324.0;1745710652;100.616;102.467;96.675;101.932;
1900-01-01 09:37:33;325.0;1745710653;100.614;102.467;96.675;101.953;
1900-01-01 09:37:34;326.0;1745710654;100.614;102.473;96.654;101.906;
1900-01-01 09:37:35;327.0;1745710655;100.614;102.489;96.663;101.906;
1900-01-01 09:37:36;328.0;1745710656;100.697;102.489;96.663;101.92;
1900-01-01 09:37:37;329.0;1745710657;100.697;102.552;96.605;101.836;
1900-01-01 09:37:38;330.0;1745710658;100.657;102.483;96.605;101.836;
1900-01-01 09:37:39;331.0;1745710659;100.582;102.483;96.64;101.932;
1900-01-01 09:37:40;332.0;1745710660;100.582;102.452;96.677;101.932;
1900-01-01 09:37:41;333.0;1745710661;100.617;102.44;96.677;101.925;
1900-01-01 09:37:42;334.0;1745710662;100.573;102.44;96.68;101.936;
1900-01-01 09:37:43;335.0;1745710663;100.573;102.452;96.741;101.936;
1900-01-01 09:37:44;336.0;1745710664;100.564;102.442;96.741;101.975;
1900-01-01 09:37:45;337.0;1745710665;100.603;102.442;96.766;101.94;
1900-01-01 09:37:46;338.0;1745710666;100.603;102.554;96.77;101.94;
1900-01-01 09:37:47;339.0;1745710667;100.516;102.45;96.77;101.982;
1900-01-01 09:37:48;340.0;1745710668;100.516;102.45;96.688;101.958;
1900-01-01 09:37:49;341.0;1745710669;100.485;102.615;96.745;101.958;
1900-01-01 09:37:50;342.0;1745710670;100.617;102.546;96.745;102.014;
1900-01-01 09:37:51;343.0;1745710671;100.617;102.546;96.727;101.952;
1900-01-01 09:37:52;344.0;1745710672;100.537;102.547;96.736;101.952;
1900-01-01 09:37:54;345.0;1745710674;100.586;102.502;96.736;102.022;
1900-01-01 09:37:54;346.0;1745710674;100.586;102.502;96.657;101.902;
1900-01-01 09:37:55;347.0;1745710675;100.665;102.53;96.634;101.902;
1900-01-01 09:37:56;348.0;1745710676;100.517;102.53;96.634;101.902;
1900-01-01 09:37:57;349.0;1745710677;100.517;102.548;96.591;101.947;
1900-01-01 09:37:58;350.0;1745710678;100.629;102.495;96.494;101.947;
1900-01-01 09:37:59;351.0;1745710679;100.654;102.495;96.494;101.929;
1900-01-01 09:38:00;352.0;1745710680;100.654;102.535;96.398;101.973;
1900-01-01 09:38:01;353.0;1745710681;100.577;102.543;96.398;101.973;
1900-01-01 09:38:02;354.0;1745710682;100.638;102.543;96.4;101.913;
1900-01-01 09:38:03;355.0;1745710683;100.638;102.601;96.35;101.932;
1900-01-01 09:38:04;356.0;1745710684;100.606;102.659;96.35;101.932;
1900-01-01 09:38:05;357.0;1745710685;100.606;102.659;96.416;101.925;
1900-01-01 09:38:06;358.0;1745710686;100.617;102.691;96.467;101.925;
1900-01-01 09:38:08;359.0;1745710688;100.481;102.71;96.467;102.027;
1900-01-01 09:38:08;360.0;1745710688;100.481;102.71;96.533;101.985;
1900-01-01 09:38:09;361.0;1745710689;100.451;102.642;96.568;101.985;
1900-01-01 09:38:10;362.0;1745710690;100.504;102.642;96.568;102.08;
1900-01-01 09:38:11;363.0;1745710691;100.504;102.662;96.536;101.876;
1900-01-01 09:38:12;364.0;1745710692;100.448;102.564;96.601;101.876;
1900-01-01 09:38:14;365.0;1745710694;100.507;102.572;96.601;101.922;
1900-01-01 09:38:14;366.0;1745710694;100.507;102.572;96.589;101.907;
1900-01-01 09:38:15;367.0;1745710695;100.519;102.622;96.623;101.907;
1900-01-01 09:38:16;368.0;1745710696;100.429;102.622;96.623;101.989;
1900-01-01 09:38:17;369.0;1745710697;100.429;102.478;96.68;101.939;
1900-01-01 09:38:19;370.0;1745710699;100.431;102.596;96.54;101.939;
1900-01-01 09:38:19;371.0;1745710699;100.412;102.596;96.54;101.989;
1900-01-01 09:38:20;372.0;1745710700;100.412;102.562;96.649;102.011;
1900-01-01 09:38:21;373.0;1745710701;100.402;102.486;96.649;102.011;
1900-01-01 09:38:22;374.0;1745710702;100.388;102.486;96.667;102.033;
1900-01-01 09:38:23;375.0;1745710703;100.388;102.435;96.647;101.958;
1900-01-01 09:38:24;376.0;1745710704;100.451;102.377;96.647;101.958;
1900-01-01 09:38:25;377.0;1745710705;100.451;102.377;96.687;101.983;
1900-01-01 09:38:26;378.0;1745710706;100.492;102.394;96.563;101.983;
1900-01-01 09:38:27;379.0;1745710707;100.453;102.359;96.563;102.025;
1900-01-01 09:38:28;380.0;1745710708;100.432;102.359;96.484;101.903;
1900-01-01 09:38:29;381.0;1745710709;100.432;102.377;96.508;101.903;
1900-01-01 09:38:30;382.0;1745710710;100.499;102.458;96.508;101.908;
1900-01-01 09:38:31;383.0;1745710711;100.499;102.458;96.499;101.991;
1900-01-01 09:38:32;384.0;1745710712;100.483;102.483;96.51;101.991;
1900-01-01 09:38:33;385.0;1745710713;100.493;102.335;96.51;102.016;
1900-01-01 09:38:34;386.0;1745710714;100.493;102.335;96.521;101.893;
1900-01-01 09:38:35;387.0;1745710715;100.429;102.436;96.521;101.893;
1900-01-01 09:38:36;388.0;1745710716;100.473;102.436;96.472;102.012;
1900-01-01 09:38:37;389.0;1745710717;100.473;102.432;96.567;101.882;
1900-01-01 09:38:38;390.0;1745710718;100.425;102.474;96.555;101.882;
1900-01-01 09:38:39;391.0;1745710719;100.299;102.474;96.555;101.857;
1900-01-01 09:38:40;392.0;1745710720;100.299;102.352;96.452;101.912;
1900-01-01 09:38:42;393.0;1745710722;100.405;102.371;96.419;101.912;
1900-01-01 09:38:42;394.0;1745710722;100.389;102.371;96.419;101.922;
1900-01-01 09:38:43;395.0;1745710723;100.389;102.488;96.433;101.928;
1900-01-01 09:38:44;396.0;1745710724;100.404;102.379;96.433;101.928;
1900-01-01 09:38:45;397.0;1745710725;100.404;102.379;96.397;101.906;
1900-01-01 09:38:46;398.0;1745710726;100.423;102.444;96.269;101.888;
1900-01-01 09:38:47;399.0;1745710727;100.417;102.483;96.269;101.888;
1900-01-01 09:38:48;400.0;1745710728;100.417;102.483;96.166;101.939;
1900-01-01 09:38:49;401.0;1745710729;100.407;102.49;96.181;101.939;
1900-01-01 09:38:50;402.0;1745710730;100.469;102.41;96.181;101.913;
1900-01-01 09:38:51;403.0;1745710731;100.469;102.41;96.34;101.85;
1900-01-01 09:38:52;404.0;1745710732;100.495;102.443;96.288;101.85;
1900-01-01 09:38:53;405.0;1745710733;100.475;102.443;96.288;101.946;
1900-01-01 09:38:54;406.0;1745710734;100.475;102.386;96.312;101.936;
1900-01-01 09:38:55;407.0;1745710735;100.48;102.446;96.312;101.936;
1900-01-01 09:38:56;408.0;1745710736;100.431;102.446;96.304;101.938;
1900-01-01 09:38:57;409.0;1745710737;100.431;102.455;96.377;101.972;
1900-01-01 09:38:58;410.0;1745710738;100.501;102.506;96.377;101.972;
1900-01-01 09:38:59;411.0;1745710739;100.462;102.506;96.352;101.939;
1900-01-01 09:39:00;412.0;1745710740;100.462;102.578;96.259;101.977;
1900-01-01 09:39:01;413.0;1745710741;100.429;102.524;96.259;101.977;
1900-01-01 09:39:02;414.0;1745710742;100.366;102.524;96.234;101.936;
1900-01-01 09:39:03;415.0;1745710743;100.366;102.594;96.281;101.96;
1900-01-01 09:39:04;416.0;1745710744;100.384;102.541;96.253;101.96;
1900-01-01 09:39:05;417.0;1745710745;100.351;102.541;96.253;101.921;
1900-01-01 09:39:06;418.0;1745710746;100.351;102.538;96.294;102.02;
1900-01-01 09:39:07;419.0;1745710747;100.387;102.514;96.313;102.02;
1900-01-01 09:39:08;420.0;1745710748;100.336;102.514;96.313;101.976;
1900-01-01 09:39:09;421.0;1745710749;100.336;102.498;96.285;101.992;
1900-01-01 09:39:10;422.0;1745710750;100.327;102.431;96.285;101.992;
1900-01-01 09:39:11;423.0;1745710751;100.342;102.431;96.296;101.97;
1900-01-01 09:39:12;424.0;1745710752;100.342;102.425;96.358;101.949;
1900-01-01 09:39:13;425.0;1745710753;100.364;102.456;96.235;101.949;
1900-01-01 09:39:14;426.0;1745710754;100.234;102.456;96.235;101.9;
1900-01-01 09:39:15;427.0;1745710755;100.234;102.432;96.257;101.892;
1900-01-01 09:39:16;428.0;1745710756;100.233;102.38;96.257;101.892;
1900-01-01 09:39:17;429.0;1745710757;100.271;102.38;96.266;101.937;
1900-01-01 09:39:18;430.0;1745710758;100.271;102.4;96.312;101.965;
1900-01-01 09:39:19;431.0;1745710759;100.274;102.354;96.328;101.965;
1900-01-01 09:39:20;432.0;1745710760;100.211;102.354;96.328;101.948;
1900-01-01 09:39:21;433.0;1745710761;100.211;102.486;96.327;101.932;
1900-01-01 09:39:22;434.0;1745710762;100.297;102.53;96.336;101.932;
1900-01-01 09:39:23;435.0;1745710763;100.315;102.53;96.336;101.946;
1900-01-01 09:39:24;436.0;1745710764;100.315;102.416;96.403;101.955;
1900-01-01 09:39:25;437.0;1745710765;100.402;102.486;96.403;101.955;
1900-01-01 09:39:26;438.0;1745710766;100.374;102.486;96.365;101.936;
1900-01-01 09:39:27;439.0;1745710767;100.374;102.451;96.337;101.936;
1900-01-01 09:39:28;440.0;1745710768;100.417;102.476;96.337;101.933;
1900-01-01 09:39:29;441.0;1745710769;100.417;102.476;96.342;101.949;
1900-01-01 09:39:30;442.0;1745710770;100.474;102.53;96.244;101.949;
1900-01-01 09:39:31;443.0;1745710771;100.452;102.53;96.244;101.918;
1900-01-01 09:39:32;444.0;1745710772;100.452;102.455;96.206;101.923;
1900-01-01 09:39:33;445.0;1745710773;100.563;102.444;96.158;101.923;
1900-01-01 09:39:34;446.0;1745710774;100.519;102.421;96.158;101.99;
1900-01-01 09:39:35;447.0;1745710775;100.519;102.421;96.1;101.88;
1900-01-01 09:39:36;448.0;1745710776;100.491;102.471;96.098;101.88;
1900-01-01 09:39:37;449.0;1745710777;100.555;102.471;96.098;101.978;
1900-01-01 09:39:38;450.0;1745710778;100.555;102.377;96.121;101.959;
1900-01-01 09:39:39;451.0;1745710779;100.43;102.425;96.121;101.959;
1900-01-01 09:39:40;452.0;1745710780;100.348;102.425;96.042;102.045;
1900-01-01 09:39:41;453.0;1745710781;100.348;102.469;96.156;102.116;
1900-01-01 09:39:42;454.0;1745710782;100.361;102.456;96.168;102.116;
1900-01-01 09:39:43;455.0;1745710783;100.288;102.456;96.168;101.949;
1900-01-01 09:39:44;456.0;1745710784;100.288;102.46;96.182;102.015;
1900-01-01 09:39:45;457.0;1745710785;100.181;102.519;96.152;102.015;
1900-01-01 09:39:46;458.0;1745710786;100.205;102.519;96.152;102.027;
1900-01-01 09:39:47;459.0;1745710787;100.205;102.525;96.115;101.946;
1900-01-01 09:39:48;460.0;1745710788;100.209;102.498;96.115;101.946;
1900-01-01 09:39:49;461.0;1745710789;100.209;102.498;96.047;102.014;
1900-01-01 09:39:50;462.0;1745710790;100.205;102.482;96.076;102.014;
1900-01-01 09:39:51;463.0;1745710791;100.159;102.519;96.076;101.972;
1900-01-01 09:39:52;464.0;1745710792;100.159;102.519;96.116;101.981;
1900-01-01 09:39:53;465.0;1745710793;100.219;102.402;96.117;101.981;
1900-01-01 09:39:54;466.0;1745710794;100.29;102.432;96.117;101.934;
1900-01-01 09:39:55;467.0;1745710795;100.29;102.432;96.177;101.962;
1900-01-01 09:39:56;468.0;1745710796;100.273;102.335;96.094;101.962;
1900-01-01 09:39:57;469.0;1745710797;100.298;102.335;96.094;101.98;
1900-01-01 09:39:58;470.0;1745710798;100.298;102.372;96.013;101.953;
1900-01-01 09:39:59;471.0;1745710799;100.335;102.328;96.013;101.953;
1900-01-01 09:40:00;472.0;1745710800;100.352;102.328;95.982;101.95;
1900-01-01 09:40:01;473.0;1745710801;100.352;102.391;96.011;101.997;
1900-01-01 09:40:02;474.0;1745710802;100.234;102.35;96.011;101.997;
1900-01-01 09:40:03;475.0;1745710803;100.315;102.35;96.042;101.932;
1900-01-01 09:40:04;476.0;1745710804;100.315;102.387;95.994;101.94;
1900-01-01 09:40:05;477.0;1745710805;100.303;102.394;96.055;101.94;
1900-01-01 09:40:06;478.0;1745710806;100.181;102.394;96.055;102.073;
1900-01-01 09:40:07;479.0;1745710807;100.181;102.383;96.09;101.95;
1900-01-01 09:40:08;480.0;1745710808;100.232;102.312;96.09;101.95;
1900-01-01 09:40:10;481.0;1745710810;100.185;102.312;96.147;101.962;
1900-01-01 09:40:10;482.0;1745710810;100.185;102.369;96.119;101.962;
1900-01-01 09:40:11;483.0;1745710811;100.249;102.418;96.119;101.96;
1900-01-01 09:40:12;484.0;1745710812;100.273;102.418;96.153;101.937;
1900-01-01 09:40:13;485.0;1745710813;100.273;102.362;96.085;101.937;
1900-01-01 09:40:14;486.0;1745710814;100.123;102.166;96.085;101.959;
1900-01-01 09:40:15;487.0;1745710815;100.123;102.166;96.144;101.939;
1900-01-01 09:40:16;488.0;1745710816;100.284;102.29;96.105;101.939;
1900-01-01 09:40:17;489.0;1745710817;100.137;102.29;96.105;101.964;
1900-01-01 09:40:18;490.0;1745710818;100.137;102.254;96.101;101.877;
1900-01-01 09:40:19;491.0;1745710819;100.242;102.296;96.101;101.877;
1900-01-01 09:40:20;492.0;1745710820;100.221;102.296;96.008;102.007;
1900-01-01 09:40:21;493.0;1745710821;100.221;102.318;96.042;101.945;
1900-01-01 09:40:22;494.0;1745710822;100.22;102.322;96.042;101.945;
1900-01-01 09:40:23;495.0;1745710823;100.206;102.322;96.002;101.923;
1900-01-01 09:40:24;496.0;1745710824;100.206;102.326;95.865;101.935;
1900-01-01 09:40:25;497.0;1745710825;100.137;102.352;95.865;101.935;
1900-01-01 09:40:26;498.0;1745710826;100.168;102.352;95.931;102.055;
1900-01-01 09:40:27;499.0;1745710827;100.168;102.382;95.998;101.957;
1900-01-01 09:40:28;500.0;1745710828;100.158;102.219;95.998;101.957;
1900-01-01 09:40:29;501.0;1745710829;100.197;102.219;95.918;101.891;
1900-01-01 09:40:30;502.0;1745710830;100.197;102.236;95.978;101.891;
1900-01-01 09:40:31;503.0;1745710831;100.16;102.233;95.978;101.967;
1900-01-01 09:40:32;504.0;1745710832;100.16;102.233;95.961;101.993;
1900-01-01 09:40:33;505.0;1745710833;100.145;102.224;95.932;101.926;
1900-01-01 09:40:34;506.0;1745710834;100.185;102.224;95.932;101.926;
1900-01-01 09:40:35;507.0;1745710835;100.185;102.247;95.892;101.959;
1900-01-01 09:40:36;508.0;1745710836;100.158;102.37;95.831;101.959;
1900-01-01 09:40:37;509.0;1745710837;100.211;102.35;95.831;102.017;
1900-01-01 09:40:38;510.0;1745710838;100.211;102.35;95.908;102.054;
1900-01-01 09:40:39;511.0;1745710839;100.178;102.377;95.968;102.054;
1900-01-01 09:40:40;512.0;1745710840;100.225;102.445;95.968;102.038;
1900-01-01 09:40:41;513.0;1745710841;100.225;102.445;96.035;101.902;
1900-01-01 09:40:42;514.0;1745710842;100.179;102.435;95.916;101.902;
1900-01-01 09:40:44;515.0;1745710844;100.144;102.451;95.916;102.036;
1900-01-01 09:40:44;516.0;1745710844;100.144;102.451;95.85;101.972;
1900-01-01 09:40:45;517.0;1745710845;100.259;102.434;95.87;101.972;
1900-01-01 09:40:46;518.0;1745710846;100.257;102.434;95.87;102.068;
1900-01-01 09:40:47;519.0;1745710847;100.257;102.348;95.863;101.889;
1900-01-01 09:40:48;520.0;1745710848;100.202;102.274;95.747;101.889;
1900-01-01 09:40:49;521.0;1745710849;100.264;102.274;95.747;102.017;
1900-01-01 09:40:50;522.0;1745710850;100.264;102.251;95.779;101.877;
1900-01-01 09:40:51;523.0;1745710851;100.188;102.238;95.779;101.877;
1900-01-01 09:40:52;524.0;1745710852;100.188;102.238;95.872;101.952;
1900-01-01 09:40:53;525.0;1745710853;100.178;102.326;95.833;101.952;
1900-01-01 09:40:54;526.0;1745710854;100.136;102.256;95.833;101.947;
1900-01-01 09:40:55;527.0;1745710855;100.136;102.256;95.872;101.947;
1900-01-01 09:40:56;528.0;1745710856;100.006;102.296;95.892;101.947;
1900-01-01 09:40:57;529.0;1745710857;100.07;102.291;95.892;101.955;
1900-01-01 09:40:58;530.0;1745710858;100.07;102.291;95.844;101.927;
1900-01-01 09:40:59;531.0;1745710859;100.018;102.288;95.913;101.927;
1900-01-01 09:41:01;532.0;1745710861;100.046;102.402;95.913;102.015;
1900-01-01 09:41:01;533.0;1745710861;100.046;102.402;95.92;101.994;
1900-01-01 09:41:02;534.0;1745710862;100.038;102.336;95.933;101.994;
1900-01-01 09:41:03;535.0;1745710863;100.047;102.336;95.933;101.911;
1900-01-01 09:41:04;536.0;1745710864;100.047;102.228;95.891;101.983;
1900-01-01 09:41:05;537.0;1745710865;100.134;102.287;95.752;101.983;
1900-01-01 09:41:07;538.0;1745710867;100.165;102.287;95.752;102.01;
1900-01-01 09:41:07;539.0;1745710867;100.165;102.216;95.837;101.975;
1900-01-01 09:41:08;540.0;1745710868;100.234;102.183;95.837;101.975;
1900-01-01 09:41:09;541.0;1745710869;100.286;102.183;95.742;102.03;
1900-01-01 09:41:10;542.0;1745710870;100.286;102.208;95.767;102.03;
1900-01-01 09:41:11;543.0;1745710871;100.115;102.166;95.767;101.952;
1900-01-01 09:41:12;544.0;1745710872;100.137;102.166;95.77;102.055;
1900-01-01 09:41:13;545.0;1745710873;100.137;102.127;95.764;102.055;
1900-01-01 09:41:14;546.0;1745710874;100.124;102.168;95.764;101.937;
1900-01-01 09:41:15;547.0;1745710875;100.124;102.168;95.758;101.972;
1900-01-01 09:41:16;548.0;1745710876;100.151;102.129;95.686;101.972;
1900-01-01 09:41:18;549.0;1745710878;100.028;102.184;95.686;101.979;
1900-01-01 09:41:18;550.0;1745710878;100.028;102.184;95.697;101.983;
1900-01-01 09:41:19;551.0;1745710879;100.063;102.15;95.715;101.983;
1900-01-01 09:41:21;552.0;1745710881;99.985;102.129;95.715;102.037;
1900-01-01 09:41:21;553.0;1745710881;99.985;102.129;95.653;101.96;
1900-01-01 09:41:22;554.0;1745710882;99.984;102.163;95.715;101.96;
1900-01-01 09:41:23;555.0;1745710883;99.962;102.163;95.715;101.969;
1900-01-01 09:41:24;556.0;1745710884;99.962;102.159;95.752;101.986;
1900-01-01 09:41:25;557.0;1745710885;99.902;102.062;95.752;101.986;
1900-01-01 09:41:26;558.0;1745710886;99.939;102.062;95.714;101.983;
1900-01-01 09:41:27;559.0;1745710887;99.939;102.041;95.755;102.025;
1900-01-01 09:41:28;560.0;1745710888;99.882;102.169;95.755;102.025;
1900-01-01 09:41:29;561.0;1745710889;99.989;102.169;95.648;102.006;
1900-01-01 09:41:30;562.0;1745710890;99.989;102.117;95.644;102.021;
1900-01-01 09:41:31;563.0;1745710891;100.06;102.097;95.644;102.021;
1900-01-01 09:41:32;564.0;1745710892;100.03;102.097;95.645;101.958;
1900-01-01 09:41:33;565.0;1745710893;100.03;102.073;95.613;101.958;
1900-01-01 09:41:34;566.0;1745710894;99.94;102.013;95.613;101.958;
1900-01-01 09:41:35;567.0;1745710895;99.94;102.013;95.601;101.929;
1900-01-01 09:41:36;568.0;1745710896;99.991;102.062;95.67;101.929;
1900-01-01 09:41:37;569.0;1745710897;100.036;102.062;95.67;101.924;
1900-01-01 09:41:38;570.0;1745710898;100.036;102.187;95.748;101.991;
1900-01-01 09:41:40;571.0;1745710900;100.032;102.17;95.756;101.991;
1900-01-01 09:41:40;572.0;1745710900;100.045;102.17;95.756;101.951;
1900-01-01 09:41:41;573.0;1745710901;100.045;102.1;95.777;101.979;
1900-01-01 09:41:43;574.0;1745710903;100.117;102.055;95.702;101.979;
1900-01-01 09:41:43;575.0;1745710903;100.068;102.055;95.702;102.051;
1900-01-01 09:41:44;576.0;1745710904;100.068;101.995;95.698;101.945;
1900-01-01 09:41:45;577.0;1745710905;100.142;101.993;95.698;101.945;
1900-01-01 09:41:46;578.0;1745710906;100.204;101.993;95.671;101.986;
1900-01-01 09:41:47;579.0;1745710907;100.204;102.103;95.611;102.0;
1900-01-01 09:41:48;580.0;1745710908;100.148;102.179;95.611;102.0;
1900-01-01 09:41:49;581.0;1745710909;100.197;102.179;95.62;102.027;
1900-01-01 09:41:50;582.0;1745710910;100.197;102.022;95.659;102.027;
1900-01-01 09:41:51;583.0;1745710911;100.126;102.026;95.659;101.977;
1900-01-01 09:41:52;584.0;1745710912;100.168;102.026;95.697;101.935;
1900-01-01 09:41:53;585.0;1745710913;100.168;102.048;95.609;101.935;
1900-01-01 09:41:54;586.0;1745710914;100.029;101.984;95.609;102.031;
1900-01-01 09:41:55;587.0;1745710915;100.008;101.984;95.619;102.0;
1900-01-01 09:41:56;588.0;1745710916;100.008;101.938;95.598;102.0;
1900-01-01 09:41:57;589.0;1745710917;99.954;102.061;95.598;101.999;
1900-01-01 09:41:58;590.0;1745710918;99.954;102.061;95.573;101.95;
1900-01-01 09:41:59;591.0;1745710919;100.022;101.987;95.572;101.95;
1900-01-01 09:42:00;592.0;1745710920;99.88;102.261;95.572;102.122;
1900-01-01 09:42:01;593.0;1745710921;99.88;102.261;95.563;101.964;
1900-01-01 09:42:02;594.0;1745710922;99.823;102.198;95.404;101.964;
1900-01-01 09:42:03;595.0;1745710923;99.901;102.198;95.404;102.047;
1900-01-01 09:42:04;596.0;1745710924;99.901;102.313;95.656;101.977;
1900-01-01 09:42:05;597.0;1745710925;99.998;102.222;95.607;101.977;
1900-01-01 09:42:06;598.0;1745710926;99.979;102.222;95.607;101.962;
1900-01-01 09:42:07;599.0;1745710927;99.979;102.259;95.572;101.979;
1900-01-01 09:42:08;600.0;1745710928;100.037;102.225;95.572;101.979;
1900-01-01 09:42:09;601.0;1745710929;99.963;102.225;95.59;101.896;
1900-01-01 09:42:10;602.0;1745710930;99.963;102.174;95.514;101.959;
1900-01-01 09:42:11;603.0;1745710931;99.931;102.147;95.514;101.959;
1900-01-01 09:42:12;604.0;1745710932;99.869;102.147;95.481;101.906;
1900-01-01 09:42:13;605.0;1745710933;99.869;102.2;95.493;102.034;
1900-01-01 09:42:14;606.0;1745710934;99.955;102.227;95.493;102.034;
1900-01-01 09:42:15;607.0;1745710935;99.955;102.227;95.564;102.048;
1900-01-01 09:42:16;608.0;1745710936;99.922;102.129;95.465;102.048;
1900-01-01 09:42:17;609.0;1745710937;99.905;102.108;95.465;102.003;
1900-01-01 09:42:18;610.0;1745710938;99.905;102.108;95.481;101.979;
1900-01-01 09:42:19;611.0;1745710939;99.823;102.127;95.557;101.979;
1900-01-01 09:42:20;612.0;1745710940;99.869;102.071;95.557;101.96;
1900-01-01 09:42:21;613.0;1745710941;99.869;102.071;95.544;101.929;
1900-01-01 09:42:22;614.0;1745710942;99.849;102.194;95.402;101.929;
1900-01-01 09:42:23;615.0;1745710943;99.831;102.146;95.402;102.042;
1900-01-01 09:42:24;616.0;1745710944;99.831;102.146;95.417;101.981;
1900-01-01 09:42:25;617.0;1745710945;99.844;102.135;95.387;101.981;
1900-01-01 09:42:26;618.0;1745710946;99.821;102.135;95.387;102.05;
1900-01-01 09:42:27;619.0;1745710947;99.821;102.109;95.307;101.937;
1900-01-01 09:42:28;620.0;1745710948;99.857;102.175;95.374;101.937;
1900-01-01 09:42:29;621.0;1745710949;99.875;102.158;95.374;101.929;
1900-01-01 09:42:30;622.0;1745710950;99.875;102.158;95.499;101.993;
1900-01-01 09:42:31;623.0;1745710951;99.841;102.098;95.499;101.993;
1900-01-01 09:42:32;624.0;1745710952;99.971;102.098;95.403;102.041;
1900-01-01 09:42:33;625.0;1745710953;99.971;102.127;95.334;101.988;
1900-01-01 09:42:34;626.0;1745710954;99.906;102.122;95.334;101.988;
1900-01-01 09:42:35;627.0;1745710955;99.832;102.122;95.485;102.06;
1900-01-01 09:42:36;628.0;1745710956;99.832;102.176;95.485;102.017;
1900-01-01 09:42:37;629.0;1745710957;99.882;102.067;95.485;102.017;
1900-01-01 09:42:38;630.0;1745710958;99.882;102.067;95.468;101.942;
1900-01-01 09:42:39;631.0;1745710959;99.815;102.049;95.361;102.034;
1900-01-01 09:42:40;632.0;1745710960;99.897;101.997;95.361;102.034;
1900-01-01 09:42:41;633.0;1745710961;99.897;101.997;95.385;101.978;
1900-01-01 09:42:42;634.0;1745710962;99.922;101.967;95.318;101.978;
1900-01-01 09:42:43;635.0;1745710963;99.884;101.975;95.318;102.016;
1900-01-01 09:42:44;636.0;1745710964;99.884;101.975;95.353;102.007;
1900-01-01 09:42:45;637.0;1745710965;99.956;101.927;95.288;102.007;
1900-01-01 09:42:46;638.0;1745710966;99.994;101.93;95.288;101.961;
1900-01-01 09:42:47;639.0;1745710967;99.994;101.93;95.188;101.977;
1900-01-01 09:42:48;640.0;1745710968;99.823;101.94;95.272;101.977;
1900-01-01 09:42:49;641.0;1745710969;99.927;101.94;95.272;101.911;
1900-01-01 09:42:50;642.0;1745710970;99.927;101.966;95.213;101.972;
1900-01-01 09:42:51;643.0;1745710971;99.944;102.03;95.329;101.972;
1900-01-01 09:42:52;644.0;1745710972;99.863;102.03;95.329;101.999;
1900-01-01 09:42:53;645.0;1745710973;99.863;101.962;95.325;102.026;
1900-01-01 09:42:54;646.0;1745710974;99.863;102.107;95.325;102.026;
1900-01-01 09:42:55;647.0;1745710975;99.841;102.107;95.284;101.994;
1900-01-01 09:42:56;648.0;1745710976;99.841;102.083;95.336;101.941;
1900-01-01 09:42:57;649.0;1745710977;99.851;102.073;95.336;101.941;
1900-01-01 09:42:58;650.0;1745710978;99.846;102.073;95.277;101.997;
1900-01-01 09:42:59;651.0;1745710979;99.846;101.965;95.242;101.96;
1900-01-01 09:43:00;652.0;1745710980;99.851;102.056;95.242;101.96;
1900-01-01 09:43:01;653.0;1745710981;99.851;102.056;95.286;101.984;
1900-01-01 09:43:02;654.0;1745710982;99.834;102.087;95.178;102.024;
1900-01-01 09:43:03;655.0;1745710983;99.927;101.933;95.178;102.024;
1900-01-01 09:43:04;656.0;1745710984;99.892;101.933;95.184;102.094;
1900-01-01 09:43:05;657.0;1745710985;99.892;102.025;95.197;102.094;
1900-01-01 09:43:06;658.0;1745710986;99.889;102.024;95.197;101.928;
1900-01-01 09:43:07;659.0;1745710987;99.915;102.024;95.212;102.02;
1900-01-01 09:43:08;660.0;1745710988;99.915;101.904;95.244;102.02;
1900-01-01 09:43:09;661.0;1745710989;99.89;101.921;95.244;101.977;
1900-01-01 09:43:10;662.0;1745710990;99.89;101.921;95.263;102.075;
1900-01-01 09:43:11;663.0;1745710991;99.823;102.052;95.383;102.075;
1900-01-01 09:43:12;664.0;1745710992;99.808;102.127;95.383;102.047;
1900-01-01 09:43:14;665.0;1745710994;99.808;102.127;95.377;101.999;
1900-01-01 09:43:14;666.0;1745710994;99.752;102.019;95.465;101.999;
1900-01-01 09:43:15;667.0;1745710995;99.764;102.019;95.465;102.058;
1900-01-01 09:43:16;668.0;1745710996;99.764;102.053;95.351;102.064;
1900-01-01 09:43:17;669.0;1745710997;99.715;101.983;95.351;102.064;
1900-01-01 09:43:18;670.0;1745710998;99.641;101.983;95.255;102.023;
1900-01-01 09:43:19;671.0;1745710999;99.641;101.999;95.275;102.023;
1900-01-01 09:43:20;672.0;1745711000;99.616;101.976;95.275;102.101;
1900-01-01 09:43:21;673.0;1745711001;99.653;101.976;95.336;102.031;
1900-01-01 09:43:22;674.0;1745711002;99.653;102.057;95.232;102.031;
1900-01-01 09:43:23;675.0;1745711003;99.637;102.036;95.232;102.026;
1900-01-01 09:43:24;676.0;1745711004;99.637;102.036;95.228;101.975;
1900-01-01 09:43:25;677.0;1745711005;99.56;102.043;95.122;101.975;
1900-01-01 09:43:26;678.0;1745711006;99.707;102.043;95.122;101.99;
1900-01-01 09:43:27;679.0;1745711007;99.707;101.985;95.091;102.021;
1900-01-01 09:43:28;680.0;1745711008;99.635;102.017;95.078;102.021;
1900-01-01 09:43:30;681.0;1745711010;99.68;101.983;95.078;102.009;
1900-01-01 09:43:30;682.0;1745711010;99.68;101.983;95.028;101.984;
1900-01-01 09:43:31;683.0;1745711011;99.724;101.962;95.082;101.984;
1900-01-01 09:43:32;684.0;1745711012;99.755;101.962;95.082;101.912;
1900-01-01 09:43:33;685.0;1745711013;99.755;101.909;95.207;101.932;
1900-01-01 09:43:34;686.0;1745711014;99.733;102.033;95.207;101.932;
1900-01-01 09:43:35;687.0;1745711015;99.754;102.033;95.179;102.014;
1900-01-01 09:43:36;688.0;1745711016;99.754;101.921;95.227;102.014;
1900-01-01 09:43:37;689.0;1745711017;99.86;101.974;95.227;101.95;
1900-01-01 09:43:38;690.0;1745711018;99.903;101.974;95.147;101.931;
1900-01-01 09:43:39;691.0;1745711019;99.903;101.979;95.195;102.038;
1900-01-01 09:43:40;692.0;1745711020;99.888;101.9;95.195;102.038;
1900-01-01 09:43:41;693.0;1745711021;99.888;101.9;95.093;101.997;
1900-01-01 09:43:42;694.0;1745711022;99.928;101.909;95.027;101.997;
1900-01-01 09:43:43;695.0;1745711023;99.906;101.901;95.027;101.961;
1900-01-01 09:43:44;696.0;1745711024;99.906;101.901;95.082;101.977;
1900-01-01 09:43:45;697.0;1745711025;99.846;101.877;95.006;101.977;
1900-01-01 09:43:46;698.0;1745711026;99.78;101.794;95.006;102.019;
1900-01-01 09:43:47;699.0;1745711027;99.78;101.794;94.967;101.982;
1900-01-01 09:43:48;700.0;1745711028;99.77;101.89;94.832;101.982;
1900-01-01 09:43:49;701.0;1745711029;99.702;101.812;94.832;102.006;
1900-01-01 09:43:50;702.0;1745711030;99.702;101.812;94.861;101.97;
1900-01-01 09:43:51;703.0;1745711031;99.614;101.844;94.956;101.97;
1900-01-01 09:43:52;704.0;1745711032;99.548;101.844;94.956;101.955;
1900-01-01 09:43:53;705.0;1745711033;99.548;101.876;94.861;102.063;
1900-01-01 09:43:54;706.0;1745711034;99.534;101.818;94.861;102.063;
1900-01-01 09:43:55;707.0;1745711035;99.527;101.818;94.958;101.958;
1900-01-01 09:43:56;708.0;1745711036;99.527;101.846;95.075;102.117;
1900-01-01 09:43:57;709.0;1745711037;99.435;101.892;95.075;102.117;
1900-01-01 09:43:58;710.0;1745711038;99.435;101.892;95.067;102.098;
1900-01-01 09:43:59;711.0;1745711039;99.521;101.892;94.982;101.938;
1900-01-01 09:44:00;712.0;1745711040;99.511;101.914;94.982;101.938;
1900-01-01 09:44:01;713.0;1745711041;99.511;101.914;95.071;102.024;
1900-01-01 09:44:02;714.0;1745711042;99.54;101.94;95.09;102.024;
1900-01-01 09:44:03;715.0;1745711043;99.436;101.94;95.09;102.053;
1900-01-01 09:44:04;716.0;1745711044;99.436;101.916;95.068;102.074;
1900-01-01 09:44:05;717.0;1745711045;99.513;101.968;95.0;102.074;
1900-01-01 09:44:06;718.0;1745711046;99.594;101.954;95.0;102.013;
1900-01-01 09:44:07;719.0;1745711047;99.594;101.954;94.88;101.983;
1900-01-01 09:44:08;720.0;1745711048;99.607;101.96;94.899;101.983;
1900-01-01 09:44:09;721.0;1745711049;99.618;101.96;94.899;101.891;
1900-01-01 09:44:10;722.0;1745711050;99.618;101.867;94.79;101.956;
1900-01-01 09:44:11;723.0;1745711051;99.642;101.834;94.796;101.956;
1900-01-01 09:44:12;724.0;1745711052;99.678;101.834;94.796;102.019;
1900-01-01 09:44:13;725.0;1745711053;99.678;101.813;94.907;101.963;
1900-01-01 09:44:14;726.0;1745711054;99.691;101.848;94.87;101.963;
1900-01-01 09:44:15;727.0;1745711055;99.655;101.783;94.87;101.966;
1900-01-01 09:44:16;728.0;1745711056;99.655;101.783;94.94;102.022;
1900-01-01 09:44:17;729.0;1745711057;99.643;101.902;94.986;102.022;
1900-01-01 09:44:18;730.0;1745711058;99.624;101.902;94.986;101.957;
1900-01-01 09:44:19;731.0;1745711059;99.624;101.893;95.004;102.019;
1900-01-01 09:44:20;732.0;1745711060;99.59;101.851;94.984;102.019;
1900-01-01 09:44:21;733.0;1745711061;99.591;101.872;94.984;101.964;
1900-01-01 09:44:22;734.0;1745711062;99.591;101.872;95.002;101.98;
1900-01-01 09:44:23;735.0;1745711063;99.548;101.804;94.929;101.98;
1900-01-01 09:44:24;736.0;1745711064;99.605;101.877;94.929;101.968;
1900-01-01 09:44:25;737.0;1745711065;99.605;101.877;94.823;102.048;
1900-01-01 09:44:26;738.0;1745711066;99.54;101.896;94.823;102.048;
1900-01-01 09:44:27;739.0;1745711067;99.551;101.896;94.801;101.997;
1900-01-01 09:44:28;740.0;1745711068;99.551;101.925;94.936;101.997;
1900-01-01 09:44:29;741.0;1745711069;99.702;101.888;94.936;102.006;
1900-01-01 09:44:30;742.0;1745711070;99.645;101.888;95.003;101.943;
1900-01-01 09:44:31;743.0;1745711071;99.645;101.934;94.901;101.939;
1900-01-01 09:44:32;744.0;1745711072;99.633;101.889;94.901;101.939;
1900-01-01 09:44:33;745.0;1745711073;99.633;101.889;94.815;102.04;
1900-01-01 09:44:34;746.0;1745711074;99.665;101.878;94.725;102.025;
1900-01-01 09:44:35;747.0;1745711075;99.617;101.866;94.725;102.025;
1900-01-01 09:44:36;748.0;1745711076;99.617;101.866;94.745;101.969;
1900-01-01 09:44:37;749.0;1745711077;99.647;101.883;94.81;101.969;
1900-01-01 09:44:39;750.0;1745711079;99.612;101.781;94.81;101.995;
1900-01-01 09:44:39;751.0;1745711079;99.612;101.781;94.846;101.982;
1900-01-01 09:44:40;752.0;1745711080;99.539;101.967;94.771;101.982;
1900-01-01 09:44:41;753.0;1745711081;99.548;101.802;94.771;102.007;
1900-01-01 09:44:42;754.0;1745711082;99.473;101.802;94.823;101.976;
1900-01-01 09:44:43;755.0;1745711083;99.473;101.72;94.846;101.976;
1900-01-01 09:44:44;756.0;1745711084;99.538;101.728;94.846;101.953;
1900-01-01 09:44:45;757.0;1745711085;99.538;101.728;94.819;101.965;
1900-01-01 09:44:46;758.0;1745711086;99.461;101.807;94.884;101.965;
1900-01-01 09:44:47;759.0;1745711087;99.374;101.807;94.884;101.976;
1900-01-01 09:44:48;760.0;1745711088;99.374;101.809;94.77;101.969;
1900-01-01 09:44:49;761.0;1745711089;99.397;101.86;94.77;101.969;
1900-01-01 09:44:50;762.0;1745711090;99.445;101.86;94.751;102.012;
1900-01-01 09:44:51;763.0;1745711091;99.445;101.808;94.719;102.096;
1900-01-01 09:44:52;764.0;1745711092;99.411;101.852;94.719;102.096;
1900-01-01 09:44:53;765.0;1745711093;99.415;101.852;94.728;101.942;
1900-01-01 09:44:54;766.0;1745711094;99.415;101.825;94.755;101.942;
1900-01-01 09:44:55;767.0;1745711095;99.466;101.882;94.755;101.942;
1900-01-01 09:44:56;768.0;1745711096;99.49;101.882;94.678;101.974;
1900-01-01 09:44:57;769.0;1745711097;99.49;101.796;94.69;101.973;
1900-01-01 09:44:58;770.0;1745711098;99.42;101.81;94.69;101.973;
1900-01-01 09:44:59;771.0;1745711099;99.42;101.81;94.586;101.965;
1900-01-01 09:45:00;772.0;1745711100;99.531;101.712;94.666;101.943;
1900-01-01 09:45:01;773.0;1745711101;99.546;101.712;94.666;101.943;
1900-01-01 09:45:02;774.0;1745711102;99.546;101.741;94.744;101.965;
1900-01-01 09:45:03;775.0;1745711103;99.636;101.737;94.779;101.965;
1900-01-01 09:45:04;776.0;1745711104;99.57;101.739;94.779;102.035;
1900-01-01 09:45:05;777.0;1745711105;99.57;101.739;94.838;101.96;
1900-01-01 09:45:06;778.0;1745711106;99.612;101.712;94.796;101.96;
1900-01-01 09:45:07;779.0;1745711107;99.497;101.712;94.796;102.039;
1900-01-01 09:45:08;780.0;1745711108;99.497;101.725;94.766;102.027;
1900-01-01 09:45:10;781.0;1745711110;99.552;101.753;94.707;102.027;
1900-01-01 09:45:10;782.0;1745711110;99.458;101.753;94.707;102.038;
1900-01-01 09:45:11;783.0;1745711111;99.458;101.768;94.647;101.961;
1900-01-01 09:45:12;784.0;1745711112;99.509;101.752;94.632;101.961;
1900-01-01 09:45:13;785.0;1745711113;99.338;101.752;94.632;102.077;
1900-01-01 09:45:14;786.0;1745711114;99.338;101.735;94.618;101.989;
1900-01-01 09:45:15;787.0;1745711115;99.303;101.771;94.667;101.989;
1900-01-01 09:45:16;788.0;1745711116;99.399;101.771;94.667;102.052;
1900-01-01 09:45:17;789.0;1745711117;99.399;101.716;94.709;102.02;
1900-01-01 09:45:18;790.0;1745711118;99.348;101.668;94.64;102.02;
1900-01-01 09:45:19;791.0;1745711119;99.426;101.668;94.64;102.115;
1900-01-01 09:45:20;792.0;1745711120;99.426;101.682;94.683;102.085;
1900-01-01 09:45:21;793.0;1745711121;99.502;101.685;94.683;102.085;
1900-01-01 09:45:22;794.0;1745711122;99.516;101.685;94.669;102.013;
1900-01-01 09:45:23;795.0;1745711123;99.516;101.672;94.695;101.922;
1900-01-01 09:45:24;796.0;1745711124;99.618;101.815;94.695;101.922;
1900-01-01 09:45:25;797.0;1745711125;99.618;101.815;94.718;101.997;
1900-01-01 09:45:26;798.0;1745711126;99.557;101.849;94.64;101.997;
1900-01-01 09:45:28;799.0;1745711128;99.534;101.918;94.64;102.032;
1900-01-01 09:45:28;800.0;1745711128;99.534;101.918;94.658;102.062;
1900-01-01 09:45:29;801.0;1745711129;99.569;101.828;94.689;102.062;
1900-01-01 09:45:30;802.0;1745711130;99.416;101.828;94.689;101.97;
1900-01-01 09:45:31;803.0;1745711131;99.416;101.862;94.593;101.936;
1900-01-01 09:45:32;804.0;1745711132;99.365;101.828;94.654;101.936;
1900-01-01 09:45:33;805.0;1745711133;99.28;101.828;94.654;101.924;
1900-01-01 09:45:34;806.0;1745711134;99.28;101.852;94.554;101.998;
1900-01-01 09:45:35;807.0;1745711135;99.237;101.688;94.502;101.998;
1900-01-01 09:45:36;808.0;1745711136;99.349;101.688;94.502;101.984;
1900-01-01 09:45:37;809.0;1745711137;99.349;101.678;94.434;102.011;
1900-01-01 09:45:38;810.0;1745711138;99.268;101.8;94.418;102.011;
1900-01-01 09:45:39;811.0;1745711139;99.268;101.8;94.418;101.999;
1900-01-01 09:45:40;812.0;1745711140;99.249;101.74;94.417;102.052;
1900-01-01 09:45:41;813.0;1745711141;99.263;101.798;94.417;102.052;
1900-01-01 09:45:42;814.0;1745711142;99.29;101.798;94.484;102.025;
1900-01-01 09:45:43;815.0;1745711143;99.29;101.805;94.494;102.025;
1900-01-01 09:45:44;816.0;1745711144;99.379;101.713;94.494;102.017;
1900-01-01 09:45:45;817.0;1745711145;99.332;101.713;94.546;102.071;
1900-01-01 09:45:46;818.0;1745711146;99.332;101.746;94.523;102.071;
1900-01-01 09:45:47;819.0;1745711147;99.357;101.842;94.523;101.987;
1900-01-01 09:45:48;820.0;1745711148;99.364;101.842;94.61;102.047;
1900-01-01 09:45:49;821.0;1745711149;99.364;101.818;94.589;101.975;
1900-01-01 09:45:50;822.0;1745711150;99.321;101.853;94.589;101.975;
1900-01-01 09:45:51;823.0;1745711151;99.321;101.853;94.597;102.023;
1900-01-01 09:45:52;824.0;1745711152;99.417;101.743;94.532;102.023;
1900-01-01 09:45:54;825.0;1745711154;99.342;101.765;94.532;101.966;
1900-01-01 09:45:54;826.0;1745711154;99.342;101.765;94.509;102.043;
1900-01-01 09:45:55;827.0;1745711155;99.382;101.786;94.499;102.043;
1900-01-01 09:45:57;828.0;1745711157;99.287;101.762;94.499;102.016;
1900-01-01 09:45:57;829.0;1745711157;99.287;101.762;94.552;101.981;
1900-01-01 09:45:58;830.0;1745711158;99.279;101.653;94.514;101.981;
1900-01-01 09:46:00;831.0;1745711160;99.346;101.653;94.514;101.992;
1900-01-01 09:46:00;832.0;1745711160;99.346;101.727;94.419;102.092;
1900-01-01 09:46:01;833.0;1745711161;99.242;101.654;94.419;102.092;
1900-01-01 09:46:02;834.0;1745711162;99.242;101.654;94.55;102.078;
1900-01-01 09:46:03;835.0;1745711163;99.352;101.549;94.578;102.078;
1900-01-01 09:46:04;836.0;1745711164;99.292;101.544;94.578;102.047;
1900-01-01 09:46:05;837.0;1745711165;99.292;101.544;94.478;102.054;
1900-01-01 09:46:06;838.0;1745711166;99.361;101.532;94.3;102.054;
1900-01-01 09:46:07;839.0;1745711167;99.337;101.532;94.3;102.095;
1900-01-01 09:46:08;840.0;1745711168;99.337;101.532;94.32;102.106;
1900-01-01 09:46:09;841.0;1745711169;99.3;101.447;94.337;102.106;
1900-01-01 09:46:11;842.0;1745711171;99.223;101.406;94.337;102.028;
1900-01-01 09:46:11;843.0;1745711171;99.223;101.406;94.529;101.998;
1900-01-01 09:46:12;844.0;1745711172;99.254;101.389;94.466;101.998;
1900-01-01 09:46:14;845.0;1745711174;99.264;101.497;94.466;102.011;
1900-01-01 09:46:14;846.0;1745711174;99.264;101.497;94.4;102.047;
1900-01-01 09:46:15;847.0;1745711175;99.15;101.479;94.398;102.047;
1900-01-01 09:46:16;848.0;1745711176;99.203;101.479;94.398;102.098;
1900-01-01 09:46:17;849.0;1745711177;99.203;101.487;94.414;102.057;
1900-01-01 09:46:18;850.0;1745711178;99.203;101.475;94.414;102.057;
1900-01-01 09:46:19;851.0;1745711179;99.21;101.475;94.243;102.044;
1900-01-01 09:46:20;852.0;1745711180;99.21;101.583;94.214;102.044;
1900-01-01 09:46:21;853.0;1745711181;99.135;101.538;94.214;102.004;
1900-01-01 09:46:22;854.0;1745711182;99.183;101.538;94.314;102.066;
1900-01-01 09:46:23;855.0;1745711183;99.183;101.648;94.309;102.066;
1900-01-01 09:46:24;856.0;1745711184;99.2;101.493;94.309;101.985;
1900-01-01 09:46:25;857.0;1745711185;99.2;101.493;94.25;101.993;
1900-01-01 09:46:27;858.0;1745711187;99.157;101.57;94.258;102.057;
1900-01-01 09:46:27;859.0;1745711187;99.171;101.57;94.258;102.057;
1900-01-01 09:46:28;860.0;1745711188;99.171;101.591;94.24;101.964;
1900-01-01 09:46:29;861.0;1745711189;99.255;101.546;94.273;101.964;
1900-01-01 09:46:30;862.0;1745711190;99.221;101.554;94.273;102.058;
1900-01-01 09:46:31;863.0;1745711191;99.221;101.554;94.275;102.035;
1900-01-01 09:46:32;864.0;1745711192;99.329;101.543;94.37;102.035;
1900-01-01 09:46:33;865.0;1745711193;99.364;101.539;94.37;102.058;
1900-01-01 09:46:34;866.0;1745711194;99.364;101.539;94.263;102.066;
1900-01-01 09:46:35;867.0;1745711195;99.332;101.556;94.23;102.066;
1900-01-01 09:46:36;868.0;1745711196;99.348;101.556;94.23;102.015;
1900-01-01 09:46:37;869.0;1745711197;99.348;101.641;94.352;102.014;
1900-01-01 09:46:38;870.0;1745711198;99.227;101.625;94.403;102.014;
1900-01-01 09:46:39;871.0;1745711199;99.198;101.625;94.403;101.978;
1900-01-01 09:46:40;872.0;1745711200;99.198;101.765;94.392;102.003;
1900-01-01 09:46:41;873.0;1745711201;99.259;101.637;94.392;102.003;
1900-01-01 09:46:42;874.0;1745711202;99.223;101.637;94.397;102.044;
1900-01-01 09:46:43;875.0;1745711203;99.223;101.623;94.397;102.044;
1900-01-01 09:46:44;876.0;1745711204;99.216;101.707;94.397;101.985;
1900-01-01 09:46:45;877.0;1745711205;99.216;101.707;94.418;102.058;
1900-01-01 09:46:46;878.0;1745711206;99.186;101.559;94.334;102.058;
1900-01-01 09:46:47;879.0;1745711207;99.295;101.561;94.334;102.131;
1900-01-01 09:46:48;880.0;1745711208;99.295;101.561;94.275;102.075;
1900-01-01 09:46:49;881.0;1745711209;99.286;101.505;94.181;102.075;
1900-01-01 09:46:50;882.0;1745711210;99.272;101.505;94.181;102.066;
1900-01-01 09:46:51;883.0;1745711211;99.272;101.562;94.097;102.083;
1900-01-01 09:46:52;884.0;1745711212;99.315;101.549;94.097;102.083;
1900-01-01 09:46:53;885.0;1745711213;99.21;101.549;94.05;102.004;
1900-01-01 09:46:54;886.0;1745711214;99.21;101.539;94.045;102.022;
1900-01-01 09:46:55;887.0;1745711215;99.145;101.557;94.045;102.022;
1900-01-01 09:46:56;888.0;1745711216;99.098;101.557;94.025;101.974;
1900-01-01 09:46:57;889.0;1745711217;99.098;101.581;93.934;102.067;
1900-01-01 09:46:58;890.0;1745711218;99.067;101.54;94.058;102.067;
1900-01-01 09:46:59;891.0;1745711219;99.067;101.54;94.058;102.018;
1900-01-01 09:47:00;892.0;1745711220;99.015;101.59;94.18;102.035;
1900-01-01 09:47:01;893.0;1745711221;99.016;101.589;94.18;102.035;
1900-01-01 09:47:02;894.0;1745711222;99.043;101.589;94.153;102.099;
1900-01-01 09:47:03;895.0;1745711223;99.043;101.479;94.21;102.099;
1900-01-01 09:47:04;896.0;1745711224;98.944;101.457;94.21;102.023;
1900-01-01 09:47:05;897.0;1745711225;98.906;101.457;94.201;102.08;
1900-01-01 09:47:06;898.0;1745711226;98.906;101.423;94.202;102.08;
1900-01-01 09:47:07;899.0;1745711227;99.035;101.498;94.202;102.09;
1900-01-01 09:47:09;900.0;1745711229;99.02;101.498;94.128;102.032;
1900-01-01 09:47:09;901.0;1745711229;99.02;101.571;94.072;102.032;
1900-01-01 09:47:10;902.0;1745711230;99.153;101.539;94.072;102.059;
1900-01-01 09:47:11;903.0;1745711231;99.153;101.539;94.031;102.053;
1900-01-01 09:47:12;904.0;1745711232;99.22;101.537;94.118;102.053;
1900-01-01 09:47:13;905.0;1745711233;99.202;101.484;94.118;102.057;
1900-01-01 09:47:14;906.0;1745711234;99.202;101.484;94.029;102.024;
1900-01-01 09:47:15;907.0;1745711235;99.14;101.56;93.883;102.024;
1900-01-01 09:47:16;908.0;1745711236;99.172;101.56;93.883;101.995;
1900-01-01 09:47:17;909.0;1745711237;99.172;101.467;93.887;102.023;
1900-01-01 09:47:18;910.0;1745711238;99.143;101.481;93.887;102.023;
1900-01-01 09:47:19;911.0;1745711239;99.167;101.481;93.894;102.036;
1900-01-01 09:47:20;912.0;1745711240;99.167;101.462;93.99;102.036;
1900-01-01 09:47:21;913.0;1745711241;99.075;101.451;93.99;102.079;
1900-01-01 09:47:22;914.0;1745711242;98.961;101.451;93.983;102.016;
1900-01-01 09:47:23;915.0;1745711243;98.961;101.423;93.934;102.016;
1900-01-01 09:47:24;916.0;1745711244;98.948;101.43;93.934;102.117;
1900-01-01 09:47:26;917.0;1745711246;98.821;101.43;93.884;102.081;
1900-01-01 09:47:26;918.0;1745711246;98.821;101.394;93.946;102.081;
1900-01-01 09:47:27;919.0;1745711247;98.928;101.396;93.946;102.101;
1900-01-01 09:47:28;920.0;1745711248;98.928;101.396;93.901;102.004;
1900-01-01 09:47:29;921.0;1745711249;98.875;101.308;93.969;102.004;
1900-01-01 09:47:30;922.0;1745711250;99.018;101.308;93.969;102.097;
1900-01-01 09:47:31;923.0;1745711251;99.018;101.274;94.033;102.072;
1900-01-01 09:47:32;924.0;1745711252;98.99;101.37;94.145;102.072;
1900-01-01 09:47:34;925.0;1745711254;99.047;101.42;94.145;102.092;
1900-01-01 09:47:34;926.0;1745711254;99.047;101.42;94.11;102.06;
1900-01-01 09:47:35;927.0;1745711255;99.127;101.48;94.14;102.06;
1900-01-01 09:47:36;928.0;1745711256;99.069;101.48;94.14;102.051;
1900-01-01 09:47:37;929.0;1745711257;99.069;101.538;94.074;102.067;
1900-01-01 09:47:38;930.0;1745711258;99.051;101.498;94.074;102.067;
1900-01-01 09:47:39;931.0;1745711259;99.03;101.498;93.9;102.073;
1900-01-01 09:47:40;932.0;1745711260;99.03;101.537;93.93;102.044;
1900-01-01 09:47:41;933.0;1745711261;98.927;101.514;93.93;102.044;
1900-01-01 09:47:42;934.0;1745711262;98.927;101.514;93.881;102.019;
1900-01-01 09:47:43;935.0;1745711263;98.998;101.557;93.877;102.019;
1900-01-01 09:47:44;936.0;1745711264;98.857;101.563;93.877;102.012;
1900-01-01 09:47:45;937.0;1745711265;98.857;101.563;93.857;102.045;
1900-01-01 09:47:46;938.0;1745711266;98.934;101.424;93.894;102.045;
1900-01-01 09:47:47;939.0;1745711267;98.876;101.376;93.894;102.042;
1900-01-01 09:47:48;940.0;1745711268;98.876;101.376;93.826;102.034;
1900-01-01 09:47:49;941.0;1745711269;98.903;101.403;93.828;102.034;
1900-01-01 09:47:50;942.0;1745711270;98.926;101.323;93.828;101.996;
1900-01-01 09:47:51;943.0;1745711271;98.926;101.323;93.797;102.023;
1900-01-01 09:47:52;944.0;1745711272;99.022;101.386;93.859;102.023;
1900-01-01 09:47:53;945.0;1745711273;98.941;101.376;93.859;102.073;
1900-01-01 09:47:54;946.0;1745711274;98.941;101.376;93.836;102.002;
1900-01-01 09:47:55;947.0;1745711275;98.975;101.486;93.869;102.002;
1900-01-01 09:47:56;948.0;1745711276;98.889;101.486;93.869;102.116;
1900-01-01 09:47:57;949.0;1745711277;98.889;101.529;93.844;102.072;
1900-01-01 09:47:58;950.0;1745711278;98.958;101.527;93.866;102.072;
1900-01-01 09:47:59;951.0;1745711279;98.9;101.527;93.866;102.044;
1900-01-01 09:48:00;952.0;1745711280;98.9;101.551;93.725;102.086;
1900-01-01 09:48:01;953.0;1745711281;98.849;101.506;93.725;102.086;
1900-01-01 09:48:02;954.0;1745711282;98.849;101.506;93.703;102.052;
1900-01-01 09:48:03;955.0;1745711283;98.926;101.55;93.625;102.052;
1900-01-01 09:48:04;956.0;1745711284;98.907;101.485;93.625;101.943;
1900-01-01 09:48:05;957.0;1745711285;98.818;101.485;93.692;101.98;
1900-01-01 09:48:06;958.0;1745711286;98.818;101.453;93.72;101.98;
1900-01-01 09:48:07;959.0;1745711287;98.878;101.476;93.72;102.02;
1900-01-01 09:48:08;960.0;1745711288;98.878;101.476;93.82;101.995;
1900-01-01 09:48:09;961.0;1745711289;98.823;101.459;93.878;102.037;
1900-01-01 09:48:10;962.0;1745711290;98.811;101.459;93.878;102.037;
1900-01-01 09:48:11;963.0;1745711291;98.811;101.466;93.894;102.046;
1900-01-01 09:48:12;964.0;1745711292;98.817;101.387;93.93;102.046;
1900-01-01 09:48:13;965.0;1745711293;98.833;101.476;93.93;102.057;
1900-01-01 09:48:14;966.0;1745711294;98.833;101.476;93.856;101.986;
1900-01-01 09:48:15;967.0;1745711295;98.795;101.527;93.713;101.986;
1900-01-01 09:48:16;968.0;1745711296;98.96;101.399;93.713;102.054;
1900-01-01 09:48:17;969.0;1745711297;98.96;101.399;93.736;102.095;
1900-01-01 09:48:18;970.0;1745711298;98.897;101.403;93.774;102.095;
1900-01-01 09:48:20;971.0;1745711300;98.906;101.381;93.774;102.098;
1900-01-01 09:48:20;972.0;1745711300;98.906;101.381;93.752;102.05;
1900-01-01 09:48:21;973.0;1745711301;98.959;101.378;93.822;102.05;
1900-01-01 09:48:22;974.0;1745711302;98.956;101.378;93.822;101.99;
1900-01-01 09:48:23;975.0;1745711303;98.956;101.345;93.849;102.074;
1900-01-01 09:48:24;976.0;1745711304;98.932;101.196;93.849;102.074;
1900-01-01 09:48:25;977.0;1745711305;98.858;101.196;93.846;102.026;
1900-01-01 09:48:26;978.0;1745711306;98.858;101.198;93.871;102.026;
1900-01-01 09:48:27;979.0;1745711307;98.888;101.159;93.871;102.017;
1900-01-01 09:48:28;980.0;1745711308;98.832;101.159;93.879;102.022;
1900-01-01 09:48:29;981.0;1745711309;98.832;101.186;93.823;102.038;
1900-01-01 09:48:30;982.0;1745711310;98.837;101.161;93.823;102.038;
1900-01-01 09:48:31;983.0;1745711311;98.837;101.161;93.716;102.019;
1900-01-01 09:48:32;984.0;1745711312;98.779;101.258;93.682;101.991;
1900-01-01 09:48:33;985.0;1745711313;98.846;101.258;93.682;101.991;
1900-01-01 09:48:34;986.0;1745711314;98.846;101.235;93.588;102.054;
1900-01-01 09:48:35;987.0;1745711315;98.791;101.32;93.466;102.054;
1900-01-01 09:48:36;988.0;1745711316;98.738;101.32;93.466;102.059;
1900-01-01 09:48:37;989.0;1745711317;98.738;101.407;93.483;101.989;
1900-01-01 09:48:39;990.0;1745711319;98.737;101.437;93.437;101.989;
1900-01-01 09:48:39;991.0;1745711319;98.716;101.437;93.437;102.079;
1900-01-01 09:48:40;992.0;1745711320;98.716;101.297;93.499;102.02;
1900-01-01 09:48:41;993.0;1745711321;98.658;101.381;93.471;102.02;
1900-01-01 09:48:42;994.0;1745711322;98.74;101.381;93.471;102.014;
1900-01-01 09:48:43;995.0;1745711323;98.74;101.359;93.439;102.044;
1900-01-01 09:48:44;996.0;1745711324;98.755;101.53;93.366;102.044;
1900-01-01 09:48:45;997.0;1745711325;98.728;101.53;93.366;102.051;
1900-01-01 09:48:46;998.0;1745711326;98.728;101.395;93.356;102.049;
1900-01-01 09:48:47;999.0;1745711327;98.792;101.366;93.356;102.049;
1900-01-01 09:48:49;1000.0;1745711329;98.692;101.366;93.443;102.069;
1900-01-01 09:48:49;1001.0;1745711329;98.692;101.432;93.42;102.11;
1900-01-01 09:48:50;1002.0;1745711330;98.745;101.438;93.42;102.11;
1900-01-01 09:48:52;1003.0;1745711332;98.861;101.438;93.419;102.037;
1900-01-01 09:48:52;1004.0;1745711332;98.861;101.488;93.458;102.057;
1900-01-01 09:48:53;1005.0;1745711333;98.889;101.5;93.458;102.057;
1900-01-01 09:48:54;1006.0;1745711334;98.889;101.5;93.468;102.086;
1900-01-01 09:48:55;1007.0;1745711335;98.819;101.488;93.502;102.086;
1900-01-01 09:48:56;1008.0;1745711336;98.836;101.488;93.502;102.018;
1900-01-01 09:48:57;1009.0;1745711337;98.836;101.453;93.502;102.027;
1900-01-01 09:48:58;1010.0;1745711338;98.755;101.418;93.519;102.027;
1900-01-01 09:48:59;1011.0;1745711339;98.855;101.322;93.519;102.063;
1900-01-01 09:49:00;1012.0;1745711340;98.855;101.322;93.465;102.028;
1900-01-01 09:49:01;1013.0;1745711341;98.736;101.322;93.455;102.028;
1900-01-01 09:49:02;1014.0;1745711342;98.751;101.322;93.455;102.12;
1900-01-01 09:49:03;1015.0;1745711343;98.751;101.383;93.419;102.049;
1900-01-01 09:49:04;1016.0;1745711344;98.656;101.278;93.402;102.049;
1900-01-01 09:49:05;1017.0;1745711345;98.639;101.278;93.402;101.917;
1900-01-01 09:49:06;1018.0;1745711346;98.639;101.238;93.425;101.953;
1900-01-01 09:49:07;1019.0;1745711347;98.646;101.327;93.425;101.953;
1900-01-01 09:49:08;1020.0;1745711348;98.608;101.327;93.597;101.954;
1900-01-01 09:49:09;1021.0;1745711349;98.608;101.279;93.634;102.071;
1900-01-01 09:49:10;1022.0;1745711350;98.725;101.192;93.634;102.071;
1900-01-01 09:49:11;1023.0;1745711351;98.645;101.192;93.608;102.024;
1900-01-01 09:49:12;1024.0;1745711352;98.645;101.229;93.55;102.059;
1900-01-01 09:49:13;1025.0;1745711353;98.63;101.223;93.549;102.059;
1900-01-01 09:49:14;1026.0;1745711354;98.706;101.223;93.549;102.118;
1900-01-01 09:49:15;1027.0;1745711355;98.706;101.236;93.483;102.067;
1900-01-01 09:49:16;1028.0;1745711356;98.645;101.266;93.483;102.067;
1900-01-01 09:49:17;1029.0;1745711357;98.743;101.266;93.383;102.032;
1900-01-01 09:49:18;1030.0;1745711358;98.743;101.197;93.483;102.061;
1900-01-01 09:49:19;1031.0;1745711359;98.727;101.178;93.483;102.061;
1900-01-01 09:49:20;1032.0;1745711360;98.726;101.178;93.549;102.095;
1900-01-01 09:49:21;1033.0;1745711361;98.726;101.168;93.523;101.965;
1900-01-01 09:49:22;1034.0;1745711362;98.723;101.037;93.423;101.965;
1900-01-01 09:49:23;1035.0;1745711363;98.723;101.037;93.423;102.026;
1900-01-01 09:49:24;1036.0;1745711364;98.723;101.086;93.41;102.031;
1900-01-01 09:49:25;1037.0;1745711365;98.758;101.011;93.41;102.031;
1900-01-01 09:49:26;1038.0;1745711366;98.695;101.011;93.332;102.139;
1900-01-01 09:49:27;1039.0;1745711367;98.695;100.901;93.389;102.139;
1900-01-01 09:49:28;1040.0;1745711368;98.688;100.954;93.389;102.104;
1900-01-01 09:49:29;1041.0;1745711369;98.619;100.954;93.378;102.082;
1900-01-01 09:49:30;1042.0;1745711370;98.619;101.004;93.367;102.087;
1900-01-01 09:49:31;1043.0;1745711371;98.618;100.979;93.367;102.087;
1900-01-01 09:49:32;1044.0;1745711372;98.618;100.979;93.34;102.097;
1900-01-01 09:49:33;1045.0;1745711373;98.517;101.07;93.354;102.097;
1900-01-01 09:49:34;1046.0;1745711374;98.513;101.055;93.354;101.963;
1900-01-01 09:49:35;1047.0;1745711375;98.513;101.055;93.306;102.036;
1900-01-01 09:49:37;1048.0;1745711377;98.554;101.043;93.244;102.036;
1900-01-01 09:49:37;1049.0;1745711377;98.549;101.043;93.244;102.076;
1900-01-01 09:49:38;1050.0;1745711378;98.549;101.131;93.27;102.067;
1900-01-01 09:49:39;1051.0;1745711379;98.472;101.066;93.295;102.067;
1900-01-01 09:49:40;1052.0;1745711380;98.552;101.066;93.295;102.044;
1900-01-01 09:49:41;1053.0;1745711381;98.552;101.136;93.354;102.028;
1900-01-01 09:49:42;1054.0;1745711382;98.567;101.131;93.291;102.028;
1900-01-01 09:49:43;1055.0;1745711383;98.52;101.131;93.291;102.064;
1900-01-01 09:49:44;1056.0;1745711384;98.52;101.197;93.197;102.029;
1900-01-01 09:49:45;1057.0;1745711385;98.505;101.117;93.197;102.029;
1900-01-01 09:49:46;1058.0;1745711386;98.502;101.117;93.316;102.078;
1900-01-01 09:49:47;1059.0;1745711387;98.502;101.142;93.263;102.06;
1900-01-01 09:49:48;1060.0;1745711388;98.593;101.121;93.204;102.06;
1900-01-01 09:49:49;1061.0;1745711389;98.531;101.121;93.204;102.092;
1900-01-01 09:49:50;1062.0;1745711390;98.531;101.178;93.264;102.085;
1900-01-01 09:49:51;1063.0;1745711391;98.551;101.247;93.071;102.085;
1900-01-01 09:49:53;1064.0;1745711393;98.628;101.247;93.071;102.079;
1900-01-01 09:49:53;1065.0;1745711393;98.628;101.173;93.043;102.11;
1900-01-01 09:49:54;1066.0;1745711394;98.53;101.126;93.043;102.11;
1900-01-01 09:49:55;1067.0;1745711395;98.619;101.126;93.039;102.13;
1900-01-01 09:49:56;1068.0;1745711396;98.619;101.145;93.004;102.13;
1900-01-01 09:49:57;1069.0;1745711397;98.651;101.142;93.004;102.096;
1900-01-01 09:49:58;1070.0;1745711398;98.681;101.142;93.02;102.048;
1900-01-01 09:49:59;1071.0;1745711399;98.681;101.045;93.091;102.046;
1900-01-01 09:50:00;1072.0;1745711400;98.71;101.048;93.091;102.046;
1900-01-01 09:50:01;1073.0;1745711401;98.71;101.048;93.088;102.025;
1900-01-01 09:50:02;1074.0;1745711402;98.667;101.055;93.153;102.011;
1900-01-01 09:50:03;1075.0;1745711403;98.594;101.048;93.153;102.011;
1900-01-01 09:50:04;1076.0;1745711404;98.594;101.048;93.176;102.041;
1900-01-01 09:50:05;1077.0;1745711405;98.512;101.101;93.218;102.041;
1900-01-01 09:50:06;1078.0;1745711406;98.522;101.101;93.218;102.074;
1900-01-01 09:50:07;1079.0;1745711407;98.522;101.022;93.158;101.935;
1900-01-01 09:50:08;1080.0;1745711408;98.498;101.048;93.158;101.935;
1900-01-01 09:50:09;1081.0;1745711409;98.487;101.048;93.188;102.051;
1900-01-01 09:50:10;1082.0;1745711410;98.487;100.968;93.129;101.945;
1900-01-01 09:50:11;1083.0;1745711411;98.509;101.03;93.129;101.945;
1900-01-01 09:50:12;1084.0;1745711412;98.427;101.03;93.125;102.009;
1900-01-01 09:50:13;1085.0;1745711413;98.427;100.949;92.974;102.009;
1900-01-01 09:50:14;1086.0;1745711414;98.437;101.112;92.974;102.032;
1900-01-01 09:50:15;1087.0;1745711415;98.411;101.112;92.979;102.004;
1900-01-01 09:50:16;1088.0;1745711416;98.411;101.034;92.957;102.042;
1900-01-01 09:50:18;1089.0;1745711418;98.388;101.0;93.079;102.042;
1900-01-01 09:50:18;1090.0;1745711418;98.344;101.0;93.079;102.018;
1900-01-01 09:50:19;1091.0;1745711419;98.344;101.057;93.128;102.165;
1900-01-01 09:50:20;1092.0;1745711420;98.453;101.004;93.128;102.165;
1900-01-01 09:50:21;1093.0;1745711421;98.397;101.004;93.327;102.094;
1900-01-01 09:50:22;1094.0;1745711422;98.397;100.952;93.335;102.094;
1900-01-01 09:50:23;1095.0;1745711423;98.334;101.013;93.335;102.119;
1900-01-01 09:50:24;1096.0;1745711424;98.417;101.013;93.284;102.079;
1900-01-01 09:50:25;1097.0;1745711425;98.417;101.021;93.209;102.079;
1900-01-01 09:50:26;1098.0;1745711426;98.402;101.14;93.209;102.121;
1900-01-01 09:50:27;1099.0;1745711427;98.408;101.14;93.058;102.101;
1900-01-01 09:50:28;1100.0;1745711428;98.408;101.149;92.997;102.101;
1900-01-01 09:50:29;1101.0;1745711429;98.414;101.161;92.997;102.114;
1900-01-01 09:50:30;1102.0;1745711430;98.414;101.161;92.931;102.086;
1900-01-01 09:50:31;1103.0;1745711431;98.309;101.061;92.773;102.086;
1900-01-01 09:50:32;1104.0;1745711432;98.373;101.061;92.773;102.137;
1900-01-01 09:50:33;1105.0;1745711433;98.373;101.08;92.781;102.127;
1900-01-01 09:50:34;1106.0;1745711434;98.301;101.001;92.781;102.127;
1900-01-01 09:50:35;1107.0;1745711435;98.389;101.001;92.824;102.078;
1900-01-01 09:50:36;1108.0;1745711436;98.389;100.943;92.858;102.072;
1900-01-01 09:50:37;1109.0;1745711437;98.329;100.809;92.858;102.072;
1900-01-01 09:50:38;1110.0;1745711438;98.354;100.809;92.889;102.108;
1900-01-01 09:50:39;1111.0;1745711439;98.354;100.764;92.928;102.077;
1900-01-01 09:50:40;1112.0;1745711440;98.27;100.816;92.928;102.077;
1900-01-01 09:50:42;1113.0;1745711442;98.382;100.816;92.869;102.134;
1900-01-01 09:50:42;1114.0;1745711442;98.382;100.844;92.839;102.134;
1900-01-01 09:50:43;1115.0;1745711443;98.428;100.88;92.839;102.093;
1900-01-01 09:50:44;1116.0;1745711444;98.428;100.88;92.779;102.05;
1900-01-01 09:50:45;1117.0;1745711445;98.334;100.849;92.677;102.05;
1900-01-01 09:50:46;1118.0;1745711446;98.532;100.969;92.677;102.117;
1900-01-01 09:50:47;1119.0;1745711447;98.532;100.969;92.688;102.08;
1900-01-01 09:50:48;1120.0;1745711448;98.389;100.924;92.725;102.08;
1900-01-01 09:50:49;1121.0;1745711449;98.511;100.945;92.725;102.094;
1900-01-01 09:50:50;1122.0;1745711450;98.511;100.945;92.859;102.096;
1900-01-01 09:50:51;1123.0;1745711451;98.422;100.902;92.944;102.096;
1900-01-01 09:50:52;1124.0;1745711452;98.501;100.902;92.944;102.108;
1900-01-01 09:50:53;1125.0;1745711453;98.501;100.928;92.977;102.076;
1900-01-01 09:50:54;1126.0;1745711454;98.397;100.86;92.977;102.076;
1900-01-01 09:50:55;1127.0;1745711455;98.358;100.86;92.939;102.052;
1900-01-01 09:50:56;1128.0;1745711456;98.358;100.821;92.951;102.061;
1900-01-01 09:50:57;1129.0;1745711457;98.408;100.722;92.951;102.061;
1900-01-01 09:50:58;1130.0;1745711458;98.421;100.722;92.939;102.104;
1900-01-01 09:50:59;1131.0;1745711459;98.421;100.713;92.931;102.051;
1900-01-01 09:51:00;1132.0;1745711460;98.431;100.695;92.899;102.051;
1900-01-01 09:51:01;1133.0;1745711461;98.407;100.695;92.899;101.981;
1900-01-01 09:51:02;1134.0;1745711462;98.407;100.727;92.815;102.082;
1900-01-01 09:51:03;1135.0;1745711463;98.35;100.682;92.789;102.082;
1900-01-01 09:51:04;1136.0;1745711464;98.35;100.682;92.789;102.057;
1900-01-01 09:51:05;1137.0;1745711465;98.395;100.614;92.804;102.036;
1900-01-01 09:51:06;1138.0;1745711466;98.478;100.699;92.804;102.036;
1900-01-01 09:51:07;1139.0;1745711467;98.478;100.699;92.875;102.127;
1900-01-01 09:51:08;1140.0;1745711468;98.436;100.706;92.902;102.077;
1900-01-01 09:51:09;1141.0;1745711469;98.362;100.706;92.902;102.077;
1900-01-01 09:51:10;1142.0;1745711470;98.362;100.682;92.94;102.054;
1900-01-01 09:51:11;1143.0;1745711471;98.353;100.662;92.924;102.054;
1900-01-01 09:51:12;1144.0;1745711472;98.344;100.629;92.924;102.154;
1900-01-01 09:51:13;1145.0;1745711473;98.344;100.629;92.893;102.127;
1900-01-01 09:51:14;1146.0;1745711474;98.324;100.664;92.868;102.127;
1900-01-01 09:51:15;1147.0;1745711475;98.355;100.664;92.868;102.134;
1900-01-01 09:51:16;1148.0;1745711476;98.355;100.734;92.789;102.134;
1900-01-01 09:51:17;1149.0;1745711477;98.367;100.662;92.908;102.134;
1900-01-01 09:51:18;1150.0;1745711478;98.261;100.662;92.908;102.07;
1900-01-01 09:51:19;1151.0;1745711479;98.261;100.72;92.853;102.045;
1900-01-01 09:51:20;1152.0;1745711480;98.329;100.776;92.745;102.045;
1900-01-01 09:51:21;1153.0;1745711481;98.287;100.776;92.745;102.167;
1900-01-01 09:51:22;1154.0;1745711482;98.287;100.673;92.821;102.167;
1900-01-01 09:51:23;1155.0;1745711483;98.371;100.728;92.821;102.034;
1900-01-01 09:51:24;1156.0;1745711484;98.302;100.728;92.837;102.076;
1900-01-01 09:51:25;1157.0;1745711485;98.302;100.7;92.834;102.076;
1900-01-01 09:51:26;1158.0;1745711486;98.203;100.719;92.834;102.081;
1900-01-01 09:51:27;1159.0;1745711487;98.203;100.719;92.797;102.092;
1900-01-01 09:51:28;1160.0;1745711488;98.24;100.686;92.703;102.089;
1900-01-01 09:51:29;1161.0;1745711489;98.202;100.686;92.703;102.089;
1900-01-01 09:51:30;1162.0;1745711490;98.202;100.763;92.633;102.097;
1900-01-01 09:51:31;1163.0;1745711491;98.146;100.633;92.603;102.097;
1900-01-01 09:51:33;1164.0;1745711493;98.142;100.708;92.603;102.203;
1900-01-01 09:51:33;1165.0;1745711493;98.142;100.708;92.572;102.089;
1900-01-01 09:51:34;1166.0;1745711494;98.145;100.662;92.568;102.089;
1900-01-01 09:51:35;1167.0;1745711495;98.127;100.683;92.568;102.154;
1900-01-01 09:51:36;1168.0;1745711496;98.127;100.683;92.592;102.072;
1900-01-01 09:51:37;1169.0;1745711497;98.2;100.725;92.564;102.072;
1900-01-01 09:51:38;1170.0;1745711498;98.162;100.66;92.564;102.128;
1900-01-01 09:51:39;1171.0;1745711499;98.162;100.66;92.595;102.148;
1900-01-01 09:51:40;1172.0;1745711500;98.238;100.587;92.635;102.148;
1900-01-01 09:51:41;1173.0;1745711501;98.224;100.587;92.635;102.15;
1900-01-01 09:51:42;1174.0;1745711502;98.224;100.711;92.669;102.153;
1900-01-01 09:51:43;1175.0;1745711503;98.185;100.657;92.669;102.153;
1900-01-01 09:51:44;1176.0;1745711504;98.219;100.657;92.586;102.185;
1900-01-01 09:51:45;1177.0;1745711505;98.219;100.552;92.505;102.183;
1900-01-01 09:51:47;1178.0;1745711507;98.217;100.634;92.387;102.183;
1900-01-01 09:51:47;1179.0;1745711507;98.168;100.634;92.387;102.228;
1900-01-01 09:51:48;1180.0;1745711508;98.168;100.602;92.421;102.131;
1900-01-01 09:51:49;1181.0;1745711509;98.079;100.66;92.421;102.131;
1900-01-01 09:51:50;1182.0;1745711510;98.079;100.66;92.522;102.063;
1900-01-01 09:51:51;1183.0;1745711511;98.08;100.623;92.55;102.121;
1900-01-01 09:51:52;1184.0;1745711512;98.08;100.609;92.55;102.121;
1900-01-01 09:51:53;1185.0;1745711513;98.08;100.609;92.611;102.15;
1900-01-01 09:51:55;1186.0;1745711515;98.056;100.654;92.744;102.133;
1900-01-01 09:51:55;1187.0;1745711515;98.146;100.654;92.744;102.133;
1900-01-01 09:51:56;1188.0;1745711516;98.146;100.622;92.79;102.153;
1900-01-01 09:51:58;1189.0;1745711518;98.126;100.55;92.671;102.153;
1900-01-01 09:51:58;1190.0;1745711518;98.177;100.55;92.671;102.171;
1900-01-01 09:51:59;1191.0;1745711519;98.177;100.631;92.604;102.003;
1900-01-01 09:52:00;1192.0;1745711520;98.05;100.568;92.589;102.003;
1900-01-01 09:52:02;1193.0;1745711522;98.147;100.499;92.589;102.095;
1900-01-01 09:52:02;1194.0;1745711522;98.147;100.499;92.538;102.004;
1900-01-01 09:52:03;1195.0;1745711523;98.104;100.367;92.422;102.004;
1900-01-01 09:52:04;1196.0;1745711524;98.117;100.367;92.422;102.085;
1900-01-01 09:52:05;1197.0;1745711525;98.117;100.499;92.386;102.137;
1900-01-01 09:52:06;1198.0;1745711526;98.086;100.512;92.361;102.137;
1900-01-01 09:52:07;1199.0;1745711527;98.081;100.512;92.361;102.144;
1900-01-01 09:52:08;1200.0;1745711528;98.081;100.444;92.274;102.054;
