Time;Seconds from start for linreg;Unix Time;ch1 po2;ch2 po2;ch3 po2;ch4 po2;
1900-01-01 03:42:09;0.0;1745689329;100.026;101.682;95.405;103.101;
1900-01-01 03:42:09;1.0;1745689329;100.131;101.762;95.405;103.101;
1900-01-01 03:42:10;2.0;1745689330;100.08;101.762;95.406;103.182;
1900-01-01 03:42:11;3.0;1745689331;100.08;101.747;95.331;103.152;
1900-01-01 03:42:12;4.0;1745689332;100.092;101.727;95.331;103.152;
1900-01-01 03:42:13;5.0;1745689333;99.969;101.727;95.406;103.123;
1900-01-01 03:42:14;6.0;1745689334;99.969;101.792;95.276;103.123;
1900-01-01 03:42:15;7.0;1745689335;100.051;101.743;95.276;103.144;
1900-01-01 03:42:16;8.0;1745689336;100.051;101.743;95.238;103.073;
1900-01-01 03:42:17;9.0;1745689337;99.948;101.781;95.294;103.073;
1900-01-01 03:42:18;10.0;1745689338;99.966;101.781;95.294;103.109;
1900-01-01 03:42:19;11.0;1745689339;99.966;101.746;95.435;103.164;
1900-01-01 03:42:20;12.0;1745689340;100.027;101.637;95.435;103.164;
1900-01-01 03:42:21;13.0;1745689341;100.063;101.637;95.389;103.109;
1900-01-01 03:42:22;14.0;1745689342;100.063;101.749;95.377;103.069;
1900-01-01 03:42:23;15.0;1745689343;100.123;101.755;95.303;103.069;
1900-01-01 03:42:24;16.0;1745689344;100.108;101.755;95.303;103.166;
1900-01-01 03:42:25;17.0;1745689345;100.108;101.74;95.191;103.095;
1900-01-01 03:42:26;18.0;1745689346;100.123;101.794;95.191;103.095;
1900-01-01 03:42:27;19.0;1745689347;100.086;101.794;95.092;103.14;
1900-01-01 03:42:28;20.0;1745689348;100.086;101.73;95.078;103.113;
1900-01-01 03:42:29;21.0;1745689349;100.085;101.742;95.078;103.113;
1900-01-01 03:42:30;22.0;1745689350;100.135;101.742;95.107;103.129;
1900-01-01 03:42:31;23.0;1745689351;100.135;101.834;95.089;103.096;
1900-01-01 03:42:32;24.0;1745689352;100.215;101.838;95.092;103.096;
1900-01-01 03:42:33;25.0;1745689353;100.163;101.838;95.092;103.174;
1900-01-01 03:42:34;26.0;1745689354;100.163;101.737;95.03;103.071;
1900-01-01 03:42:35;27.0;1745689355;100.157;101.777;95.03;103.071;
1900-01-01 03:42:36;28.0;1745689356;100.084;101.777;95.104;103.214;
1900-01-01 03:42:37;29.0;1745689357;100.084;101.806;94.963;103.113;
1900-01-01 03:42:38;30.0;1745689358;100.122;101.864;94.963;103.113;
1900-01-01 03:42:39;31.0;1745689359;100.126;101.864;94.898;103.111;
1900-01-01 03:42:40;32.0;1745689360;100.126;101.786;94.955;103.126;
1900-01-01 03:42:41;33.0;1745689361;100.125;101.815;94.955;103.126;
1900-01-01 03:42:42;34.0;1745689362;100.125;101.815;95.028;103.198;
1900-01-01 03:42:43;35.0;1745689363;100.122;101.807;95.025;103.198;
1900-01-01 03:42:44;36.0;1745689364;100.16;101.82;95.025;103.18;
1900-01-01 03:42:45;37.0;1745689365;100.16;101.82;94.99;103.077;
1900-01-01 03:42:46;38.0;1745689366;100.133;101.917;95.006;103.077;
1900-01-01 03:42:48;39.0;1745689368;100.075;101.753;95.006;103.151;
1900-01-01 03:42:48;40.0;1745689368;100.075;101.753;94.904;103.176;
1900-01-01 03:42:49;41.0;1745689369;100.118;101.866;94.869;103.176;
1900-01-01 03:42:50;42.0;1745689370;100.04;101.866;94.869;103.166;
1900-01-01 03:42:51;43.0;1745689371;100.04;101.803;94.972;103.173;
1900-01-01 03:42:52;44.0;1745689372;100.028;101.792;94.972;103.173;
1900-01-01 03:42:53;45.0;1745689373;100.049;101.792;94.873;103.114;
1900-01-01 03:42:54;46.0;1745689374;100.049;101.782;94.793;103.126;
1900-01-01 03:42:55;47.0;1745689375;100.098;101.832;94.793;103.126;
1900-01-01 03:42:56;48.0;1745689376;100.086;101.832;94.711;103.069;
1900-01-01 03:42:57;49.0;1745689377;100.086;101.764;94.724;103.069;
1900-01-01 03:42:58;50.0;1745689378;100.14;101.702;94.724;103.038;
1900-01-01 03:42:59;51.0;1745689379;100.144;101.702;94.764;103.024;
1900-01-01 03:43:00;52.0;1745689380;100.144;101.722;94.723;103.024;
1900-01-01 03:43:01;53.0;1745689381;100.134;101.841;94.723;103.103;
1900-01-01 03:43:03;54.0;1745689383;100.209;101.841;94.653;103.07;
1900-01-01 03:43:03;55.0;1745689383;100.209;101.742;94.605;103.07;
1900-01-01 03:43:04;56.0;1745689384;100.16;101.798;94.605;103.115;
1900-01-01 03:43:05;57.0;1745689385;100.183;101.798;94.575;103.124;
1900-01-01 03:43:06;58.0;1745689386;100.183;101.802;94.456;103.149;
1900-01-01 03:43:07;59.0;1745689387;100.172;101.782;94.456;103.149;
1900-01-01 03:43:08;60.0;1745689388;100.172;101.782;94.33;103.018;
1900-01-01 03:43:09;61.0;1745689389;100.078;101.813;94.275;103.018;
1900-01-01 03:43:10;62.0;1745689390;100.128;101.831;94.275;103.075;
1900-01-01 03:43:11;63.0;1745689391;100.128;101.831;94.244;103.054;
1900-01-01 03:43:12;64.0;1745689392;100.002;101.761;94.264;103.054;
1900-01-01 03:43:13;65.0;1745689393;99.928;101.857;94.264;103.049;
1900-01-01 03:43:14;66.0;1745689394;99.928;101.857;94.269;103.024;
1900-01-01 03:43:15;67.0;1745689395;99.979;101.818;94.163;103.024;
1900-01-01 03:43:16;68.0;1745689396;99.893;101.818;94.163;103.111;
1900-01-01 03:43:17;69.0;1745689397;99.893;101.847;94.179;103.067;
1900-01-01 03:43:18;70.0;1745689398;99.937;101.866;94.215;103.067;
1900-01-01 03:43:19;71.0;1745689399;99.999;101.866;94.215;103.07;
1900-01-01 03:43:20;72.0;1745689400;99.999;101.796;94.231;103.132;
1900-01-01 03:43:21;73.0;1745689401;100.084;101.753;94.352;103.132;
1900-01-01 03:43:22;74.0;1745689402;100.003;101.753;94.352;103.024;
1900-01-01 03:43:23;75.0;1745689403;100.003;101.774;94.207;103.143;
1900-01-01 03:43:24;76.0;1745689404;99.986;101.842;94.192;103.143;
1900-01-01 03:43:25;77.0;1745689405;100.03;101.842;94.192;103.039;
1900-01-01 03:43:26;78.0;1745689406;100.03;101.811;94.12;103.158;
1900-01-01 03:43:28;79.0;1745689408;99.988;101.743;94.083;103.158;
1900-01-01 03:43:28;80.0;1745689408;99.988;101.743;94.083;103.041;
1900-01-01 03:43:29;81.0;1745689409;99.974;101.79;94.215;103.106;
1900-01-01 03:43:30;82.0;1745689410;99.934;101.799;94.215;103.106;
1900-01-01 03:43:31;83.0;1745689411;99.934;101.799;94.198;102.996;
1900-01-01 03:43:32;84.0;1745689412;100.006;101.84;94.298;102.996;
1900-01-01 03:43:33;85.0;1745689413;99.966;101.704;94.298;103.108;
1900-01-01 03:43:34;86.0;1745689414;99.966;101.704;94.229;103.142;
1900-01-01 03:43:35;87.0;1745689415;100.052;101.771;94.014;103.142;
1900-01-01 03:43:37;88.0;1745689417;100.049;101.692;94.014;103.137;
1900-01-01 03:43:37;89.0;1745689417;100.049;101.692;94.075;103.152;
1900-01-01 03:43:38;90.0;1745689418;100.107;101.738;94.049;103.152;
1900-01-01 03:43:39;91.0;1745689419;100.022;101.738;94.049;103.118;
1900-01-01 03:43:40;92.0;1745689420;100.022;101.762;93.984;103.137;
1900-01-01 03:43:41;93.0;1745689421;100.093;101.732;94.095;103.137;
1900-01-01 03:43:42;94.0;1745689422;100.088;101.732;94.095;103.108;
1900-01-01 03:43:43;95.0;1745689423;100.088;101.704;94.1;103.064;
1900-01-01 03:43:44;96.0;1745689424;100.011;101.7;94.1;103.064;
1900-01-01 03:43:45;97.0;1745689425;99.947;101.7;94.073;103.114;
1900-01-01 03:43:46;98.0;1745689426;99.947;101.748;94.094;103.115;
1900-01-01 03:43:47;99.0;1745689427;99.889;101.769;94.094;103.115;
1900-01-01 03:43:48;100.0;1745689428;99.875;101.769;93.991;103.097;
1900-01-01 03:43:49;101.0;1745689429;99.875;101.728;93.97;103.09;
1900-01-01 03:43:50;102.0;1745689430;99.935;101.794;93.97;103.09;
1900-01-01 03:43:51;103.0;1745689431;99.917;101.794;93.842;103.116;
1900-01-01 03:43:52;104.0;1745689432;99.917;101.774;93.82;103.109;
1900-01-01 03:43:53;105.0;1745689433;99.98;101.88;93.82;103.109;
1900-01-01 03:43:54;106.0;1745689434;100.12;101.88;93.738;103.138;
1900-01-01 03:43:55;107.0;1745689435;100.12;101.735;93.73;103.124;
1900-01-01 03:43:56;108.0;1745689436;100.078;101.735;93.73;103.124;
1900-01-01 03:43:57;109.0;1745689437;100.078;101.785;93.785;103.069;
1900-01-01 03:43:59;110.0;1745689439;100.096;101.767;93.736;103.108;
1900-01-01 03:43:59;111.0;1745689439;99.994;101.763;93.736;103.108;
1900-01-01 03:44:00;112.0;1745689440;99.994;101.763;93.688;103.159;
1900-01-01 03:44:01;113.0;1745689441;99.983;101.702;93.689;103.159;
1900-01-01 03:44:02;114.0;1745689442;99.914;101.702;93.689;103.031;
1900-01-01 03:44:03;115.0;1745689443;99.914;101.803;93.834;103.002;
1900-01-01 03:44:04;116.0;1745689444;99.914;101.758;93.954;103.002;
1900-01-01 03:44:05;117.0;1745689445;99.915;101.758;93.954;103.028;
1900-01-01 03:44:06;118.0;1745689446;99.915;101.716;94.044;103.055;
1900-01-01 03:44:07;119.0;1745689447;99.967;101.715;93.911;103.055;
1900-01-01 03:44:08;120.0;1745689448;99.909;101.715;93.911;103.03;
1900-01-01 03:44:09;121.0;1745689449;99.909;101.76;93.68;103.118;
1900-01-01 03:44:10;122.0;1745689450;99.961;101.691;93.641;103.118;
1900-01-01 03:44:11;123.0;1745689451;99.882;101.691;93.641;102.984;
1900-01-01 03:44:12;124.0;1745689452;99.882;101.673;93.616;103.07;
1900-01-01 03:44:13;125.0;1745689453;99.851;101.738;93.616;103.07;
1900-01-01 03:44:14;126.0;1745689454;99.915;101.738;93.531;103.09;
1900-01-01 03:44:15;127.0;1745689455;99.915;101.816;93.558;103.059;
1900-01-01 03:44:16;128.0;1745689456;99.848;101.763;93.555;103.059;
1900-01-01 03:44:17;129.0;1745689457;99.814;101.763;93.555;103.011;
1900-01-01 03:44:18;130.0;1745689458;99.814;101.817;93.458;103.099;
1900-01-01 03:44:19;131.0;1745689459;99.878;101.725;93.458;103.099;
1900-01-01 03:44:20;132.0;1745689460;99.76;101.725;93.486;103.097;
1900-01-01 03:44:21;133.0;1745689461;99.76;101.807;93.408;103.179;
1900-01-01 03:44:22;134.0;1745689462;99.752;101.668;93.408;103.179;
1900-01-01 03:44:23;135.0;1745689463;99.837;101.668;93.375;103.2;
1900-01-01 03:44:24;136.0;1745689464;99.837;101.755;93.414;103.035;
1900-01-01 03:44:25;137.0;1745689465;99.856;101.703;93.414;103.035;
1900-01-01 03:44:26;138.0;1745689466;99.913;101.703;93.386;103.133;
1900-01-01 03:44:27;139.0;1745689467;99.913;101.712;93.409;103.069;
1900-01-01 03:44:28;140.0;1745689468;99.962;101.607;93.409;103.069;
1900-01-01 03:44:29;141.0;1745689469;99.962;101.607;93.38;103.171;
1900-01-01 03:44:30;142.0;1745689470;100.011;101.665;93.387;103.171;
1900-01-01 03:44:31;143.0;1745689471;100.012;101.651;93.387;103.099;
1900-01-01 03:44:32;144.0;1745689472;100.012;101.651;93.416;103.027;
1900-01-01 03:44:33;145.0;1745689473;99.953;101.674;93.38;103.027;
1900-01-01 03:44:34;146.0;1745689474;99.955;101.632;93.38;103.024;
1900-01-01 03:44:35;147.0;1745689475;99.955;101.632;93.367;103.11;
1900-01-01 03:44:36;148.0;1745689476;99.936;101.667;93.315;103.11;
1900-01-01 03:44:37;149.0;1745689477;99.929;101.692;93.315;103.097;
1900-01-01 03:44:38;150.0;1745689478;99.929;101.692;93.335;102.968;
1900-01-01 03:44:39;151.0;1745689479;99.956;101.605;93.204;102.968;
1900-01-01 03:44:40;152.0;1745689480;99.927;101.605;93.204;103.078;
1900-01-01 03:44:41;153.0;1745689481;99.927;101.677;93.317;103.102;
1900-01-01 03:44:42;154.0;1745689482;100.074;101.718;93.308;103.102;
1900-01-01 03:44:43;155.0;1745689483;100.011;101.718;93.308;103.185;
1900-01-01 03:44:44;156.0;1745689484;100.011;101.68;93.311;103.084;
1900-01-01 03:44:45;157.0;1745689485;99.993;101.692;93.311;103.084;
1900-01-01 03:44:46;158.0;1745689486;99.936;101.692;93.276;103.092;
1900-01-01 03:44:47;159.0;1745689487;99.936;101.704;93.297;103.095;
1900-01-01 03:44:48;160.0;1745689488;99.94;101.666;93.297;103.095;
1900-01-01 03:44:49;161.0;1745689489;99.905;101.666;93.231;103.119;
1900-01-01 03:44:50;162.0;1745689490;99.905;101.728;93.088;103.096;
1900-01-01 03:44:51;163.0;1745689491;99.914;101.609;93.088;103.096;
1900-01-01 03:44:52;164.0;1745689492;99.844;101.609;93.081;103.189;
1900-01-01 03:44:53;165.0;1745689493;99.844;101.716;92.994;103.189;
1900-01-01 03:44:54;166.0;1745689494;99.937;101.691;92.994;103.077;
1900-01-01 03:44:55;167.0;1745689495;99.915;101.691;93.011;103.064;
1900-01-01 03:44:56;168.0;1745689496;99.915;101.664;93.115;103.064;
1900-01-01 03:44:57;169.0;1745689497;99.921;101.671;93.115;103.12;
1900-01-01 03:44:58;170.0;1745689498;99.921;101.671;93.057;103.04;
1900-01-01 03:44:59;171.0;1745689499;99.977;101.696;92.914;103.04;
1900-01-01 03:45:00;172.0;1745689500;99.907;101.696;92.914;103.16;
1900-01-01 03:45:01;173.0;1745689501;99.907;101.74;92.969;103.147;
1900-01-01 03:45:03;174.0;1745689503;99.858;101.615;93.074;103.147;
1900-01-01 03:45:03;175.0;1745689503;99.895;101.615;93.074;103.081;
1900-01-01 03:45:04;176.0;1745689504;99.895;101.719;93.025;103.105;
1900-01-01 03:45:06;177.0;1745689506;99.802;101.68;92.964;103.105;
1900-01-01 03:45:06;178.0;1745689506;99.733;101.68;92.964;103.126;
1900-01-01 03:45:07;179.0;1745689507;99.733;101.649;92.971;103.138;
1900-01-01 03:45:08;180.0;1745689508;99.751;101.651;93.037;103.138;
1900-01-01 03:45:09;181.0;1745689509;99.751;101.651;93.037;103.093;
1900-01-01 03:45:10;182.0;1745689510;99.69;101.723;92.972;103.1;
1900-01-01 03:45:11;183.0;1745689511;99.837;101.696;92.972;103.1;
1900-01-01 03:45:12;184.0;1745689512;99.837;101.696;92.835;103.147;
1900-01-01 03:45:13;185.0;1745689513;99.814;101.778;92.763;103.147;
1900-01-01 03:45:14;186.0;1745689514;99.789;101.785;92.763;103.08;
1900-01-01 03:45:15;187.0;1745689515;99.789;101.785;92.698;103.074;
1900-01-01 03:45:16;188.0;1745689516;99.792;101.808;92.755;103.074;
1900-01-01 03:45:17;189.0;1745689517;99.766;101.804;92.755;103.165;
1900-01-01 03:45:18;190.0;1745689518;99.766;101.804;92.668;103.137;
1900-01-01 03:45:19;191.0;1745689519;99.823;101.801;92.674;103.137;
1900-01-01 03:45:20;192.0;1745689520;99.822;101.826;92.674;103.123;
1900-01-01 03:45:21;193.0;1745689521;99.822;101.826;92.617;103.186;
1900-01-01 03:45:22;194.0;1745689522;99.779;101.801;92.616;103.186;
1900-01-01 03:45:23;195.0;1745689523;99.831;101.801;92.616;103.151;
1900-01-01 03:45:24;196.0;1745689524;99.831;101.816;92.554;103.135;
1900-01-01 03:45:25;197.0;1745689525;99.754;101.796;92.598;103.135;
1900-01-01 03:45:26;198.0;1745689526;99.753;101.796;92.598;103.218;
1900-01-01 03:45:27;199.0;1745689527;99.753;101.738;92.489;103.039;
1900-01-01 03:45:28;200.0;1745689528;99.719;101.687;92.537;103.039;
1900-01-01 03:45:30;201.0;1745689530;99.725;101.627;92.537;103.076;
1900-01-01 03:45:30;202.0;1745689530;99.725;101.627;92.617;103.136;
1900-01-01 03:45:31;203.0;1745689531;99.652;101.598;92.438;103.136;
1900-01-01 03:45:32;204.0;1745689532;99.662;101.598;92.438;103.099;
1900-01-01 03:45:33;205.0;1745689533;99.662;101.663;92.489;103.157;
1900-01-01 03:45:34;206.0;1745689534;99.729;101.745;92.489;103.157;
1900-01-01 03:45:35;207.0;1745689535;99.696;101.745;92.597;103.053;
1900-01-01 03:45:36;208.0;1745689536;99.696;101.648;92.66;103.02;
1900-01-01 03:45:37;209.0;1745689537;99.685;101.634;92.66;103.02;
1900-01-01 03:45:38;210.0;1745689538;99.685;101.634;92.595;103.121;
1900-01-01 03:45:39;211.0;1745689539;99.724;101.688;92.535;103.121;
1900-01-01 03:45:40;212.0;1745689540;99.698;101.676;92.535;103.057;
1900-01-01 03:45:41;213.0;1745689541;99.698;101.676;92.543;103.101;
1900-01-01 03:45:42;214.0;1745689542;99.679;101.717;92.651;103.101;
1900-01-01 03:45:43;215.0;1745689543;99.715;101.712;92.651;103.086;
1900-01-01 03:45:44;216.0;1745689544;99.715;101.712;92.721;103.075;
1900-01-01 03:45:45;217.0;1745689545;99.78;101.681;92.676;103.075;
1900-01-01 03:45:46;218.0;1745689546;99.781;101.681;92.676;103.117;
1900-01-01 03:45:47;219.0;1745689547;99.781;101.68;92.638;103.054;
1900-01-01 03:45:48;220.0;1745689548;99.77;101.748;92.648;103.054;
1900-01-01 03:45:50;221.0;1745689550;99.79;101.735;92.648;103.03;
1900-01-01 03:45:50;222.0;1745689550;99.79;101.735;92.6;102.95;
1900-01-01 03:45:51;223.0;1745689551;99.844;101.759;92.6;102.95;
1900-01-01 03:45:52;224.0;1745689552;99.818;101.759;92.458;103.13;
1900-01-01 03:45:53;225.0;1745689553;99.818;101.775;92.407;103.129;
1900-01-01 03:45:54;226.0;1745689554;99.871;101.754;92.407;103.129;
1900-01-01 03:45:55;227.0;1745689555;99.818;101.754;92.403;103.034;
1900-01-01 03:45:56;228.0;1745689556;99.818;101.737;92.345;102.996;
1900-01-01 03:45:57;229.0;1745689557;99.763;101.675;92.345;102.996;
1900-01-01 03:45:58;230.0;1745689558;99.757;101.675;92.381;103.066;
1900-01-01 03:45:59;231.0;1745689559;99.757;101.622;92.374;103.161;
1900-01-01 03:46:00;232.0;1745689560;99.815;101.627;92.374;103.161;
1900-01-01 03:46:01;233.0;1745689561;99.815;101.627;92.406;103.075;
1900-01-01 03:46:02;234.0;1745689562;99.742;101.59;92.486;103.028;
1900-01-01 03:46:03;235.0;1745689563;99.719;101.625;92.486;103.028;
1900-01-01 03:46:04;236.0;1745689564;99.719;101.625;92.431;103.009;
1900-01-01 03:46:05;237.0;1745689565;99.688;101.634;92.386;103.009;
1900-01-01 03:46:06;238.0;1745689566;99.697;101.634;92.386;103.088;
1900-01-01 03:46:07;239.0;1745689567;99.697;101.553;92.338;103.024;
1900-01-01 03:46:08;240.0;1745689568;99.613;101.553;92.269;103.024;
1900-01-01 03:46:09;241.0;1745689569;99.609;101.553;92.269;103.04;
1900-01-01 03:46:10;242.0;1745689570;99.609;101.542;92.196;103.143;
1900-01-01 03:46:11;243.0;1745689571;99.597;101.53;92.196;103.143;
1900-01-01 03:46:12;244.0;1745689572;99.68;101.53;92.1;103.019;
1900-01-01 03:46:13;245.0;1745689573;99.68;101.703;92.126;102.994;
1900-01-01 03:46:14;246.0;1745689574;99.6;101.514;92.126;102.994;
1900-01-01 03:46:15;247.0;1745689575;99.656;101.514;92.162;102.977;
1900-01-01 03:46:16;248.0;1745689576;99.656;101.575;92.12;103.041;
1900-01-01 03:46:17;249.0;1745689577;99.689;101.536;92.12;103.041;
1900-01-01 03:46:18;250.0;1745689578;99.689;101.536;92.063;103.056;
1900-01-01 03:46:19;251.0;1745689579;99.725;101.58;91.951;103.082;
1900-01-01 03:46:20;252.0;1745689580;99.686;101.654;91.951;103.082;
1900-01-01 03:46:21;253.0;1745689581;99.686;101.654;91.841;103.059;
1900-01-01 03:46:22;254.0;1745689582;99.679;101.674;91.781;103.059;
1900-01-01 03:46:23;255.0;1745689583;99.623;101.674;91.781;103.126;
1900-01-01 03:46:24;256.0;1745689584;99.623;101.706;91.887;103.033;
1900-01-01 03:46:25;257.0;1745689585;99.572;101.693;91.978;103.033;
1900-01-01 03:46:26;258.0;1745689586;99.654;101.693;91.978;103.106;
1900-01-01 03:46:27;259.0;1745689587;99.654;101.699;91.967;103.096;
1900-01-01 03:46:28;260.0;1745689588;99.65;101.705;92.041;103.096;
1900-01-01 03:46:29;261.0;1745689589;99.595;101.652;92.041;103.052;
1900-01-01 03:46:30;262.0;1745689590;99.595;101.652;91.943;103.086;
1900-01-01 03:46:31;263.0;1745689591;99.605;101.689;91.914;103.086;
1900-01-01 03:46:32;264.0;1745689592;99.6;101.689;91.914;103.124;
1900-01-01 03:46:33;265.0;1745689593;99.6;101.671;91.789;103.047;
1900-01-01 03:46:34;266.0;1745689594;99.438;101.635;91.789;103.047;
1900-01-01 03:46:35;267.0;1745689595;99.519;101.635;91.754;103.079;
1900-01-01 03:46:36;268.0;1745689596;99.519;101.702;91.68;103.056;
1900-01-01 03:46:37;269.0;1745689597;99.534;101.72;91.757;103.056;
1900-01-01 03:46:38;270.0;1745689598;99.561;101.72;91.757;103.06;
1900-01-01 03:46:39;271.0;1745689599;99.561;101.682;91.76;103.12;
1900-01-01 03:46:40;272.0;1745689600;99.596;101.634;91.718;103.12;
1900-01-01 03:46:41;273.0;1745689601;99.596;101.634;91.718;103.066;
1900-01-01 03:46:42;274.0;1745689602;99.612;101.753;91.852;103.156;
1900-01-01 03:46:43;275.0;1745689603;99.656;101.729;91.852;103.156;
1900-01-01 03:46:44;276.0;1745689604;99.656;101.729;91.927;103.072;
1900-01-01 03:46:45;277.0;1745689605;99.669;101.852;92.022;103.072;
1900-01-01 03:46:46;278.0;1745689606;99.573;101.788;92.022;103.07;
1900-01-01 03:46:47;279.0;1745689607;99.573;101.788;92.021;103.073;
1900-01-01 03:46:48;280.0;1745689608;99.541;101.688;91.894;103.073;
1900-01-01 03:46:49;281.0;1745689609;99.541;101.763;91.894;103.105;
1900-01-01 03:46:50;282.0;1745689610;99.541;101.763;91.811;103.092;
1900-01-01 03:46:51;283.0;1745689611;99.491;101.638;91.775;103.092;
1900-01-01 03:46:52;284.0;1745689612;99.554;101.638;91.775;103.171;
1900-01-01 03:46:53;285.0;1745689613;99.554;101.613;91.787;103.046;
1900-01-01 03:46:54;286.0;1745689614;99.481;101.697;91.787;103.046;
1900-01-01 03:46:55;287.0;1745689615;99.5;101.697;91.718;103.083;
1900-01-01 03:46:56;288.0;1745689616;99.5;101.597;91.602;103.018;
1900-01-01 03:46:57;289.0;1745689617;99.585;101.738;91.602;103.018;
1900-01-01 03:46:58;290.0;1745689618;99.533;101.738;91.436;103.05;
1900-01-01 03:46:59;291.0;1745689619;99.533;101.637;91.464;103.05;
1900-01-01 03:47:00;292.0;1745689620;99.519;101.524;91.464;103.159;
1900-01-01 03:47:01;293.0;1745689621;99.488;101.524;91.445;103.056;
1900-01-01 03:47:02;294.0;1745689622;99.488;101.657;91.481;103.056;
1900-01-01 03:47:03;295.0;1745689623;99.502;101.695;91.481;102.964;
1900-01-01 03:47:04;296.0;1745689624;99.502;101.695;91.499;103.068;
1900-01-01 03:47:06;297.0;1745689626;99.506;101.74;91.431;103.05;
1900-01-01 03:47:06;298.0;1745689626;99.511;101.74;91.431;103.05;
1900-01-01 03:47:07;299.0;1745689627;99.511;101.571;91.468;103.039;
1900-01-01 03:47:08;300.0;1745689628;99.452;101.601;91.393;103.039;
1900-01-01 03:47:09;301.0;1745689629;99.555;101.601;91.393;103.05;
1900-01-01 03:47:10;302.0;1745689630;99.555;101.591;91.356;103.087;
1900-01-01 03:47:11;303.0;1745689631;99.533;101.581;91.355;103.087;
1900-01-01 03:47:13;304.0;1745689633;99.518;101.715;91.355;103.17;
1900-01-01 03:47:13;305.0;1745689633;99.518;101.715;91.383;103.052;
1900-01-01 03:47:14;306.0;1745689634;99.53;101.635;91.455;103.052;
1900-01-01 03:47:15;307.0;1745689635;99.516;101.635;91.455;103.068;
1900-01-01 03:47:16;308.0;1745689636;99.516;101.606;91.432;103.075;
1900-01-01 03:47:17;309.0;1745689637;99.519;101.579;91.432;103.075;
1900-01-01 03:47:18;310.0;1745689638;99.462;101.579;91.484;103.078;
1900-01-01 03:47:19;311.0;1745689639;99.462;101.656;91.401;103.101;
1900-01-01 03:47:20;312.0;1745689640;99.538;101.67;91.401;103.101;
1900-01-01 03:47:21;313.0;1745689641;99.52;101.67;91.29;103.035;
1900-01-01 03:47:22;314.0;1745689642;99.52;101.71;91.238;103.035;
1900-01-01 03:47:23;315.0;1745689643;99.526;101.584;91.238;103.048;
1900-01-01 03:47:24;316.0;1745689644;99.546;101.584;91.211;103.0;
1900-01-01 03:47:25;317.0;1745689645;99.546;101.696;91.209;103.0;
1900-01-01 03:47:26;318.0;1745689646;99.546;101.599;91.209;103.048;
1900-01-01 03:47:27;319.0;1745689647;99.546;101.599;91.154;103.046;
1900-01-01 03:47:28;320.0;1745689648;99.511;101.636;91.069;103.065;
1900-01-01 03:47:29;321.0;1745689649;99.444;101.636;91.069;103.065;
1900-01-01 03:47:30;322.0;1745689650;99.444;101.581;91.002;103.112;
1900-01-01 03:47:31;323.0;1745689651;99.435;101.606;91.129;103.112;
1900-01-01 03:47:32;324.0;1745689652;99.492;101.606;91.129;103.072;
1900-01-01 03:47:33;325.0;1745689653;99.492;101.787;91.277;103.022;
1900-01-01 03:47:35;326.0;1745689655;99.399;101.601;91.425;103.022;
1900-01-01 03:47:35;327.0;1745689655;99.424;101.601;91.425;103.071;
1900-01-01 03:47:36;328.0;1745689656;99.424;101.693;91.424;103.038;
1900-01-01 03:47:37;329.0;1745689657;99.453;101.717;91.463;103.038;
1900-01-01 03:47:39;330.0;1745689659;99.335;101.717;91.463;103.041;
1900-01-01 03:47:39;331.0;1745689659;99.335;101.677;91.457;103.095;
1900-01-01 03:47:40;332.0;1745689660;99.408;101.705;91.492;103.095;
1900-01-01 03:47:41;333.0;1745689661;99.432;101.705;91.492;103.03;
1900-01-01 03:47:42;334.0;1745689662;99.432;101.689;91.372;103.03;
1900-01-01 03:47:43;335.0;1745689663;99.488;101.754;91.372;102.952;
1900-01-01 03:47:44;336.0;1745689664;99.462;101.754;91.299;103.065;
1900-01-01 03:47:45;337.0;1745689665;99.462;101.68;91.123;103.008;
1900-01-01 03:47:46;338.0;1745689666;99.506;101.646;91.123;103.008;
1900-01-01 03:47:47;339.0;1745689667;99.512;101.646;90.913;103.076;
1900-01-01 03:47:48;340.0;1745689668;99.512;101.625;90.844;103.008;
1900-01-01 03:47:49;341.0;1745689669;99.489;101.703;90.844;103.008;
1900-01-01 03:47:50;342.0;1745689670;99.489;101.703;90.743;103.093;
1900-01-01 03:47:51;343.0;1745689671;99.332;101.52;90.784;103.093;
1900-01-01 03:47:52;344.0;1745689672;99.409;101.547;90.784;103.105;
1900-01-01 03:47:53;345.0;1745689673;99.409;101.547;90.857;102.993;
1900-01-01 03:47:54;346.0;1745689674;99.371;101.571;91.03;102.993;
1900-01-01 03:47:55;347.0;1745689675;99.387;101.571;91.03;103.047;
1900-01-01 03:47:56;348.0;1745689676;99.387;101.514;91.072;103.08;
1900-01-01 03:47:57;349.0;1745689677;99.369;101.638;91.024;103.08;
1900-01-01 03:47:58;350.0;1745689678;99.454;101.638;91.024;103.12;
1900-01-01 03:47:59;351.0;1745689679;99.454;101.589;90.987;103.102;
1900-01-01 03:48:00;352.0;1745689680;99.478;101.569;90.902;103.102;
1900-01-01 03:48:01;353.0;1745689681;99.451;101.569;90.902;103.119;
1900-01-01 03:48:02;354.0;1745689682;99.451;101.567;90.796;103.062;
1900-01-01 03:48:03;355.0;1745689683;99.51;101.621;90.668;103.062;
1900-01-01 03:48:04;356.0;1745689684;99.424;101.621;90.668;103.063;
1900-01-01 03:48:05;357.0;1745689685;99.424;101.671;90.749;103.018;
1900-01-01 03:48:06;358.0;1745689686;99.345;101.644;90.749;103.018;
1900-01-01 03:48:07;359.0;1745689687;99.263;101.644;90.793;103.078;
1900-01-01 03:48:08;360.0;1745689688;99.263;101.677;90.902;103.078;
1900-01-01 03:48:09;361.0;1745689689;99.171;101.683;90.902;103.038;
1900-01-01 03:48:10;362.0;1745689690;99.235;101.683;90.904;103.096;
1900-01-01 03:48:11;363.0;1745689691;99.235;101.627;90.903;103.096;
1900-01-01 03:48:12;364.0;1745689692;99.164;101.627;90.903;103.073;
1900-01-01 03:48:13;365.0;1745689693;99.164;101.643;90.94;103.081;
1900-01-01 03:48:14;366.0;1745689694;99.141;101.566;90.919;103.081;
1900-01-01 03:48:15;367.0;1745689695;99.137;101.566;90.919;103.064;
1900-01-01 03:48:16;368.0;1745689696;99.137;101.64;90.863;103.056;
1900-01-01 03:48:18;369.0;1745689698;99.203;101.652;90.852;103.056;
1900-01-01 03:48:18;370.0;1745689698;99.258;101.652;90.852;103.098;
1900-01-01 03:48:19;371.0;1745689699;99.258;101.575;90.744;103.086;
1900-01-01 03:48:21;372.0;1745689701;99.209;101.578;90.729;103.086;
1900-01-01 03:48:21;373.0;1745689701;99.309;101.578;90.729;103.131;
1900-01-01 03:48:22;374.0;1745689702;99.309;101.586;90.731;103.021;
1900-01-01 03:48:23;375.0;1745689703;99.37;101.601;90.721;103.021;
1900-01-01 03:48:24;376.0;1745689704;99.204;101.601;90.721;103.043;
1900-01-01 03:48:25;377.0;1745689705;99.204;101.545;90.65;103.058;
1900-01-01 03:48:26;378.0;1745689706;99.226;101.439;90.65;103.058;
1900-01-01 03:48:27;379.0;1745689707;99.258;101.439;90.557;103.003;
1900-01-01 03:48:28;380.0;1745689708;99.258;101.575;90.56;103.082;
1900-01-01 03:48:29;381.0;1745689709;99.335;101.454;90.56;103.082;
1900-01-01 03:48:30;382.0;1745689710;99.172;101.454;90.627;102.987;
1900-01-01 03:48:31;383.0;1745689711;99.172;101.566;90.676;102.987;
1900-01-01 03:48:32;384.0;1745689712;99.259;101.488;90.676;103.032;
1900-01-01 03:48:33;385.0;1745689713;99.261;101.488;90.669;103.055;
1900-01-01 03:48:34;386.0;1745689714;99.261;101.58;90.645;103.055;
1900-01-01 03:48:35;387.0;1745689715;99.301;101.47;90.645;103.036;
1900-01-01 03:48:36;388.0;1745689716;99.301;101.47;90.719;103.114;
1900-01-01 03:48:37;389.0;1745689717;99.208;101.466;90.562;103.114;
1900-01-01 03:48:38;390.0;1745689718;99.281;101.466;90.562;102.973;
1900-01-01 03:48:39;391.0;1745689719;99.281;101.531;90.466;103.089;
1900-01-01 03:48:40;392.0;1745689720;99.239;101.503;90.538;103.089;
1900-01-01 03:48:41;393.0;1745689721;99.257;101.503;90.538;103.031;
1900-01-01 03:48:42;394.0;1745689722;99.257;101.487;90.533;103.072;
1900-01-01 03:48:43;395.0;1745689723;99.188;101.415;90.512;103.072;
1900-01-01 03:48:45;396.0;1745689725;99.255;101.415;90.512;103.117;
1900-01-01 03:48:45;397.0;1745689725;99.255;101.381;90.566;103.056;
1900-01-01 03:48:46;398.0;1745689726;99.304;101.403;90.398;103.056;
1900-01-01 03:48:47;399.0;1745689727;99.304;101.403;90.398;103.097;
1900-01-01 03:48:48;400.0;1745689728;99.227;101.385;90.351;103.095;
1900-01-01 03:48:49;401.0;1745689729;99.179;101.402;90.351;103.095;
1900-01-01 03:48:50;402.0;1745689730;99.179;101.402;90.284;103.061;
1900-01-01 03:48:51;403.0;1745689731;99.19;101.381;90.21;103.061;
1900-01-01 03:48:52;404.0;1745689732;99.272;101.388;90.21;103.041;
1900-01-01 03:48:53;405.0;1745689733;99.272;101.388;90.24;103.03;
1900-01-01 03:48:54;406.0;1745689734;99.284;101.445;90.232;103.03;
1900-01-01 03:48:55;407.0;1745689735;99.298;101.469;90.232;103.108;
1900-01-01 03:48:56;408.0;1745689736;99.298;101.469;90.171;103.066;
1900-01-01 03:48:57;409.0;1745689737;99.345;101.351;90.206;103.066;
1900-01-01 03:48:58;410.0;1745689738;99.245;101.351;90.206;103.019;
1900-01-01 03:48:59;411.0;1745689739;99.245;101.423;90.085;103.018;
1900-01-01 03:49:00;412.0;1745689740;99.329;101.319;90.025;103.018;
1900-01-01 03:49:01;413.0;1745689741;99.241;101.319;90.025;103.092;
1900-01-01 03:49:02;414.0;1745689742;99.241;101.398;90.085;103.014;
1900-01-01 03:49:03;415.0;1745689743;99.192;101.451;90.031;103.014;
1900-01-01 03:49:05;416.0;1745689745;99.278;101.456;90.031;103.006;
1900-01-01 03:49:05;417.0;1745689745;99.278;101.456;90.123;103.068;
1900-01-01 03:49:06;418.0;1745689746;99.252;101.419;90.175;103.068;
1900-01-01 03:49:07;419.0;1745689747;99.247;101.419;90.175;103.03;
1900-01-01 03:49:08;420.0;1745689748;99.247;101.448;90.1;103.022;
1900-01-01 03:49:09;421.0;1745689749;99.249;101.433;90.1;103.022;
1900-01-01 03:49:10;422.0;1745689750;99.187;101.433;90.094;103.036;
1900-01-01 03:49:11;423.0;1745689751;99.187;101.521;90.132;103.1;
1900-01-01 03:49:12;424.0;1745689752;99.208;101.531;90.071;103.1;
1900-01-01 03:49:13;425.0;1745689753;99.25;101.531;90.071;103.029;
1900-01-01 03:49:14;426.0;1745689754;99.25;101.483;90.037;103.008;
1900-01-01 03:49:15;427.0;1745689755;99.171;101.58;90.037;103.008;
1900-01-01 03:49:16;428.0;1745689756;99.112;101.58;90.052;103.059;
1900-01-01 03:49:17;429.0;1745689757;99.112;101.522;90.054;102.987;
1900-01-01 03:49:18;430.0;1745689758;99.11;101.506;90.068;102.987;
1900-01-01 03:49:19;431.0;1745689759;99.085;101.506;90.068;103.092;
1900-01-01 03:49:20;432.0;1745689760;99.085;101.505;90.021;102.94;
1900-01-01 03:49:21;433.0;1745689761;99.082;101.522;90.021;102.94;
1900-01-01 03:49:22;434.0;1745689762;99.056;101.522;89.962;103.087;
1900-01-01 03:49:23;435.0;1745689763;99.056;101.485;89.967;103.104;
1900-01-01 03:49:24;436.0;1745689764;99.051;101.475;89.967;103.104;
1900-01-01 03:49:25;437.0;1745689765;99.153;101.475;90.049;103.04;
1900-01-01 03:49:26;438.0;1745689766;99.153;101.37;89.962;103.018;
1900-01-01 03:49:27;439.0;1745689767;99.076;101.419;89.962;103.018;
1900-01-01 03:49:28;440.0;1745689768;99.229;101.419;89.964;103.081;
1900-01-01 03:49:29;441.0;1745689769;99.229;101.324;89.984;102.95;
1900-01-01 03:49:31;442.0;1745689771;99.176;101.353;89.984;102.95;
1900-01-01 03:49:31;443.0;1745689771;99.176;101.353;89.965;103.072;
1900-01-01 03:49:32;444.0;1745689772;99.173;101.352;90.008;103.072;
1900-01-01 03:49:33;445.0;1745689773;99.164;101.297;90.008;103.023;
1900-01-01 03:49:34;446.0;1745689774;99.102;101.297;89.923;103.153;
1900-01-01 03:49:35;447.0;1745689775;99.102;101.317;89.874;103.153;
1900-01-01 03:49:36;448.0;1745689776;99.121;101.283;89.874;103.024;
1900-01-01 03:49:37;449.0;1745689777;99.066;101.283;89.862;103.074;
1900-01-01 03:49:38;450.0;1745689778;99.066;101.214;89.86;103.074;
1900-01-01 03:49:39;451.0;1745689779;98.992;101.286;89.86;103.066;
1900-01-01 03:49:40;452.0;1745689780;98.992;101.286;89.953;103.037;
1900-01-01 03:49:41;453.0;1745689781;99.048;101.256;89.768;103.037;
1900-01-01 03:49:42;454.0;1745689782;99.032;101.311;89.768;103.028;
1900-01-01 03:49:43;455.0;1745689783;99.032;101.311;89.72;102.943;
1900-01-01 03:49:44;456.0;1745689784;99.005;101.242;89.78;102.943;
1900-01-01 03:49:45;457.0;1745689785;98.965;101.242;89.78;103.068;
1900-01-01 03:49:46;458.0;1745689786;98.965;101.349;89.831;103.023;
1900-01-01 03:49:47;459.0;1745689787;98.959;101.33;89.91;103.023;
1900-01-01 03:49:48;460.0;1745689788;99.004;101.33;89.91;102.996;
1900-01-01 03:49:49;461.0;1745689789;99.004;101.245;89.885;103.071;
1900-01-01 03:49:50;462.0;1745689790;99.036;101.315;89.847;103.071;
1900-01-01 03:49:51;463.0;1745689791;98.978;101.315;89.847;102.919;
1900-01-01 03:49:52;464.0;1745689792;98.978;101.297;89.833;102.983;
1900-01-01 03:49:54;465.0;1745689794;99.066;101.284;89.626;102.983;
1900-01-01 03:49:54;466.0;1745689794;99.026;101.284;89.626;102.989;
1900-01-01 03:49:55;467.0;1745689795;99.026;101.276;89.587;102.923;
1900-01-01 03:49:56;468.0;1745689796;99.12;101.33;89.587;102.923;
1900-01-01 03:49:57;469.0;1745689797;99.12;101.33;89.56;103.016;
1900-01-01 03:49:58;470.0;1745689798;99.041;101.305;89.556;103.016;
1900-01-01 03:49:59;471.0;1745689799;99.059;101.393;89.556;102.976;
1900-01-01 03:50:00;472.0;1745689800;99.059;101.393;89.56;102.957;
1900-01-01 03:50:01;473.0;1745689801;98.992;101.349;89.511;102.957;
1900-01-01 03:50:02;474.0;1745689802;98.949;101.378;89.511;102.984;
1900-01-01 03:50:03;475.0;1745689803;98.949;101.378;89.527;102.95;
1900-01-01 03:50:04;476.0;1745689804;99.01;101.401;89.536;103.021;
1900-01-01 03:50:05;477.0;1745689805;98.999;101.401;89.536;103.021;
1900-01-01 03:50:06;478.0;1745689806;98.999;101.372;89.523;102.995;
1900-01-01 03:50:07;479.0;1745689807;98.951;101.384;89.509;102.995;
1900-01-01 03:50:08;480.0;1745689808;98.861;101.351;89.509;103.019;
1900-01-01 03:50:09;481.0;1745689809;98.861;101.351;89.428;103.011;
1900-01-01 03:50:10;482.0;1745689810;98.914;101.382;89.459;103.011;
1900-01-01 03:50:11;483.0;1745689811;98.804;101.382;89.459;102.996;
1900-01-01 03:50:13;484.0;1745689813;98.804;101.375;89.507;102.998;
1900-01-01 03:50:13;485.0;1745689813;98.852;101.397;89.46;102.998;
1900-01-01 03:50:14;486.0;1745689814;98.925;101.397;89.46;102.942;
1900-01-01 03:50:15;487.0;1745689815;98.925;101.335;89.49;102.959;
1900-01-01 03:50:16;488.0;1745689816;98.933;101.414;89.488;102.959;
1900-01-01 03:50:17;489.0;1745689817;98.933;101.414;89.488;102.957;
1900-01-01 03:50:18;490.0;1745689818;98.899;101.346;89.445;102.969;
1900-01-01 03:50:19;491.0;1745689819;99.048;101.467;89.445;102.969;
1900-01-01 03:50:21;492.0;1745689821;99.08;101.467;89.597;102.987;
1900-01-01 03:50:21;493.0;1745689821;99.08;101.374;89.636;102.987;
1900-01-01 03:50:22;494.0;1745689822;99.139;101.424;89.636;102.908;
1900-01-01 03:50:23;495.0;1745689823;99.139;101.424;89.705;102.965;
1900-01-01 03:50:24;496.0;1745689824;99.049;101.503;89.684;102.965;
1900-01-01 03:50:25;497.0;1745689825;99.138;101.466;89.684;102.939;
1900-01-01 03:50:26;498.0;1745689826;99.138;101.466;89.667;103.042;
1900-01-01 03:50:27;499.0;1745689827;99.12;101.407;89.59;103.042;
1900-01-01 03:50:28;500.0;1745689828;99.109;101.407;89.59;102.954;
1900-01-01 03:50:29;501.0;1745689829;99.109;101.435;89.508;102.98;
1900-01-01 03:50:30;502.0;1745689830;99.049;101.432;89.508;102.98;
1900-01-01 03:50:31;503.0;1745689831;99.028;101.432;89.35;102.952;
1900-01-01 03:50:32;504.0;1745689832;99.028;101.35;89.335;102.972;
1900-01-01 03:50:33;505.0;1745689833;99.009;101.326;89.191;102.972;
1900-01-01 03:50:34;506.0;1745689834;98.899;101.326;89.191;102.927;
1900-01-01 03:50:35;507.0;1745689835;98.899;101.386;89.045;102.9;
1900-01-01 03:50:36;508.0;1745689836;98.88;101.35;88.949;102.9;
1900-01-01 03:50:37;509.0;1745689837;98.895;101.35;88.949;102.962;
1900-01-01 03:50:38;510.0;1745689838;98.895;101.35;88.922;103.042;
1900-01-01 03:50:39;511.0;1745689839;98.745;101.251;88.922;103.042;
1900-01-01 03:50:40;512.0;1745689840;98.761;101.251;88.998;102.999;
1900-01-01 03:50:41;513.0;1745689841;98.761;101.332;89.134;103.032;
1900-01-01 03:50:42;514.0;1745689842;98.772;101.297;89.134;103.032;
1900-01-01 03:50:43;515.0;1745689843;98.787;101.297;89.078;103.071;
1900-01-01 03:50:44;516.0;1745689844;98.787;101.241;89.169;103.071;
1900-01-01 03:50:45;517.0;1745689845;98.703;101.293;89.169;103.087;
1900-01-01 03:50:46;518.0;1745689846;98.707;101.293;89.215;103.015;
1900-01-01 03:50:47;519.0;1745689847;98.707;101.327;89.226;103.015;
1900-01-01 03:50:48;520.0;1745689848;98.738;101.212;89.226;103.024;
1900-01-01 03:50:49;521.0;1745689849;98.738;101.212;89.3;102.925;
1900-01-01 03:50:50;522.0;1745689850;98.843;101.265;89.213;102.925;
1900-01-01 03:50:51;523.0;1745689851;98.875;101.281;89.213;103.036;
1900-01-01 03:50:52;524.0;1745689852;98.875;101.281;89.104;103.014;
1900-01-01 03:50:53;525.0;1745689853;98.925;101.253;89.004;103.014;
1900-01-01 03:50:55;526.0;1745689855;98.903;101.219;89.004;103.0;
1900-01-01 03:50:55;527.0;1745689855;98.903;101.219;88.893;103.068;
1900-01-01 03:50:56;528.0;1745689856;98.982;101.227;88.869;103.068;
1900-01-01 03:50:57;529.0;1745689857;98.943;101.227;88.869;102.933;
1900-01-01 03:50:58;530.0;1745689858;98.943;101.162;88.908;103.044;
1900-01-01 03:50:59;531.0;1745689859;98.929;101.212;88.998;103.044;
1900-01-01 03:51:00;532.0;1745689860;98.957;101.212;88.998;102.929;
1900-01-01 03:51:01;533.0;1745689861;98.957;101.111;89.054;102.889;
1900-01-01 03:51:02;534.0;1745689862;98.865;101.183;89.054;102.889;
1900-01-01 03:51:03;535.0;1745689863;98.803;101.183;89.05;103.004;
1900-01-01 03:51:04;536.0;1745689864;98.803;101.169;88.958;103.004;
1900-01-01 03:51:05;537.0;1745689865;98.718;101.155;88.958;102.966;
1900-01-01 03:51:06;538.0;1745689866;98.749;101.155;89.001;102.965;
1900-01-01 03:51:07;539.0;1745689867;98.749;101.173;88.955;102.965;
1900-01-01 03:51:08;540.0;1745689868;98.732;101.252;88.955;103.003;
1900-01-01 03:51:09;541.0;1745689869;98.75;101.252;88.877;103.073;
1900-01-01 03:51:10;542.0;1745689870;98.75;101.172;88.796;102.987;
1900-01-01 03:51:11;543.0;1745689871;98.768;101.132;88.796;102.987;
1900-01-01 03:51:12;544.0;1745689872;98.768;101.132;88.837;103.031;
1900-01-01 03:51:13;545.0;1745689873;98.69;101.252;88.864;102.943;
1900-01-01 03:51:14;546.0;1745689874;98.684;101.157;88.864;102.943;
1900-01-01 03:51:15;547.0;1745689875;98.684;101.157;88.909;103.022;
1900-01-01 03:51:16;548.0;1745689876;98.723;101.144;88.872;103.022;
1900-01-01 03:51:17;549.0;1745689877;98.724;101.144;88.872;103.041;
1900-01-01 03:51:18;550.0;1745689878;98.724;101.213;88.897;102.963;
1900-01-01 03:51:19;551.0;1745689879;98.679;101.199;88.869;102.963;
1900-01-01 03:51:21;552.0;1745689881;98.706;101.311;88.869;102.903;
1900-01-01 03:51:21;553.0;1745689881;98.706;101.311;88.789;102.975;
1900-01-01 03:51:22;554.0;1745689882;98.815;101.217;88.829;102.975;
1900-01-01 03:51:23;555.0;1745689883;98.828;101.217;88.829;103.027;
1900-01-01 03:51:24;556.0;1745689884;98.828;101.251;88.816;102.934;
1900-01-01 03:51:25;557.0;1745689885;98.814;101.267;88.816;102.934;
1900-01-01 03:51:26;558.0;1745689886;98.675;101.267;88.856;102.949;
1900-01-01 03:51:27;559.0;1745689887;98.675;101.252;88.772;102.963;
1900-01-01 03:51:28;560.0;1745689888;98.664;101.32;88.772;102.963;
1900-01-01 03:51:29;561.0;1745689889;98.662;101.32;88.8;102.894;
1900-01-01 03:51:30;562.0;1745689890;98.662;101.27;88.917;103.112;
1900-01-01 03:51:31;563.0;1745689891;98.641;101.178;88.917;103.112;
1900-01-01 03:51:32;564.0;1745689892;98.619;101.178;88.881;102.987;
1900-01-01 03:51:33;565.0;1745689893;98.619;101.226;88.767;102.987;
1900-01-01 03:51:34;566.0;1745689894;98.67;101.184;88.767;103.084;
1900-01-01 03:51:35;567.0;1745689895;98.67;101.184;88.709;103.037;
1900-01-01 03:51:36;568.0;1745689896;98.589;101.288;88.647;103.037;
1900-01-01 03:51:37;569.0;1745689897;98.666;101.288;88.647;102.956;
1900-01-01 03:51:38;570.0;1745689898;98.666;101.18;88.648;102.961;
1900-01-01 03:51:39;571.0;1745689899;98.743;101.253;88.634;102.961;
1900-01-01 03:51:40;572.0;1745689900;98.762;101.253;88.634;103.041;
1900-01-01 03:51:41;573.0;1745689901;98.762;101.254;88.651;102.951;
1900-01-01 03:51:42;574.0;1745689902;98.658;101.244;88.643;102.951;
1900-01-01 03:51:43;575.0;1745689903;98.609;101.244;88.643;102.995;
1900-01-01 03:51:44;576.0;1745689904;98.609;101.316;88.604;102.963;
1900-01-01 03:51:45;577.0;1745689905;98.646;101.239;88.604;102.963;
1900-01-01 03:51:46;578.0;1745689906;98.58;101.239;88.446;102.943;
1900-01-01 03:51:47;579.0;1745689907;98.58;101.241;88.378;103.039;
1900-01-01 03:51:49;580.0;1745689909;98.664;101.264;88.321;103.039;
1900-01-01 03:51:49;581.0;1745689909;98.581;101.264;88.321;102.984;
1900-01-01 03:51:50;582.0;1745689910;98.581;101.117;88.338;103.027;
1900-01-01 03:51:51;583.0;1745689911;98.602;101.151;88.372;103.027;
1900-01-01 03:51:52;584.0;1745689912;98.652;101.151;88.372;102.879;
1900-01-01 03:51:53;585.0;1745689913;98.652;101.19;88.414;102.96;
1900-01-01 03:51:54;586.0;1745689914;98.666;101.127;88.414;102.96;
1900-01-01 03:51:55;587.0;1745689915;98.625;101.127;88.284;103.0;
1900-01-01 03:51:56;588.0;1745689916;98.625;101.097;88.29;102.999;
1900-01-01 03:51:57;589.0;1745689917;98.671;101.196;88.29;102.999;
1900-01-01 03:51:58;590.0;1745689918;98.621;101.196;88.208;102.964;
1900-01-01 03:51:59;591.0;1745689919;98.621;101.183;88.333;102.921;
1900-01-01 03:52:00;592.0;1745689920;98.532;101.089;88.449;102.921;
1900-01-01 03:52:01;593.0;1745689921;98.607;101.089;88.449;103.013;
1900-01-01 03:52:02;594.0;1745689922;98.607;101.155;88.509;102.952;
1900-01-01 03:52:03;595.0;1745689923;98.564;101.148;88.509;102.952;
1900-01-01 03:52:04;596.0;1745689924;98.497;101.148;88.4;103.046;
1900-01-01 03:52:05;597.0;1745689925;98.497;101.091;88.401;103.046;
1900-01-01 03:52:06;598.0;1745689926;98.557;101.087;88.401;102.962;
1900-01-01 03:52:07;599.0;1745689927;98.522;101.087;88.352;102.937;
1900-01-01 03:52:08;600.0;1745689928;98.522;101.036;88.364;102.937;
1900-01-01 03:52:09;601.0;1745689929;98.566;101.029;88.364;103.007;
1900-01-01 03:52:11;602.0;1745689931;98.524;101.029;88.29;102.946;
1900-01-01 03:52:11;603.0;1745689931;98.524;101.001;88.298;102.946;
1900-01-01 03:52:12;604.0;1745689932;98.542;101.061;88.298;103.086;
1900-01-01 03:52:13;605.0;1745689933;98.542;101.061;88.244;102.925;
1900-01-01 03:52:14;606.0;1745689934;98.565;101.106;88.299;102.925;
1900-01-01 03:52:15;607.0;1745689935;98.598;101.11;88.299;103.045;
1900-01-01 03:52:16;608.0;1745689936;98.598;101.11;88.279;102.961;
1900-01-01 03:52:17;609.0;1745689937;98.633;101.102;88.147;102.961;
1900-01-01 03:52:18;610.0;1745689938;98.67;101.104;88.147;102.995;
1900-01-01 03:52:19;611.0;1745689939;98.67;101.104;88.192;102.953;
1900-01-01 03:52:20;612.0;1745689940;98.569;101.111;88.122;102.953;
1900-01-01 03:52:21;613.0;1745689941;98.696;101.111;88.122;103.028;
1900-01-01 03:52:22;614.0;1745689942;98.696;101.066;88.173;102.988;
1900-01-01 03:52:23;615.0;1745689943;98.675;101.097;88.164;102.988;
1900-01-01 03:52:24;616.0;1745689944;98.678;101.097;88.164;102.946;
1900-01-01 03:52:25;617.0;1745689945;98.678;101.118;88.062;102.894;
1900-01-01 03:52:26;618.0;1745689946;98.637;101.048;88.062;102.894;
1900-01-01 03:52:27;619.0;1745689947;98.609;101.048;88.096;102.913;
1900-01-01 03:52:28;620.0;1745689948;98.609;101.152;88.03;102.975;
1900-01-01 03:52:29;621.0;1745689949;98.582;101.059;88.081;102.975;
1900-01-01 03:52:30;622.0;1745689950;98.587;101.059;88.081;102.877;
1900-01-01 03:52:31;623.0;1745689951;98.587;101.097;88.068;102.87;
1900-01-01 03:52:32;624.0;1745689952;98.478;101.054;88.079;102.87;
1900-01-01 03:52:33;625.0;1745689953;98.528;101.054;88.079;102.99;
1900-01-01 03:52:34;626.0;1745689954;98.528;100.997;88.154;103.007;
1900-01-01 03:52:35;627.0;1745689955;98.488;101.113;88.209;103.007;
1900-01-01 03:52:36;628.0;1745689956;98.507;101.113;88.209;102.894;
1900-01-01 03:52:37;629.0;1745689957;98.507;101.126;88.112;102.917;
1900-01-01 03:52:38;630.0;1745689958;98.499;101.06;88.112;102.917;
1900-01-01 03:52:39;631.0;1745689959;98.556;101.06;88.028;102.827;
1900-01-01 03:52:40;632.0;1745689960;98.556;101.045;87.825;102.827;
1900-01-01 03:52:41;633.0;1745689961;98.451;101.133;87.825;102.794;
1900-01-01 03:52:42;634.0;1745689962;98.417;101.133;87.849;102.895;
1900-01-01 03:52:43;635.0;1745689963;98.417;101.004;87.832;102.895;
1900-01-01 03:52:44;636.0;1745689964;98.385;100.998;87.832;102.996;
1900-01-01 03:52:45;637.0;1745689965;98.39;100.998;87.814;102.981;
1900-01-01 03:52:46;638.0;1745689966;98.39;100.983;87.773;102.981;
1900-01-01 03:52:47;639.0;1745689967;98.315;100.982;87.773;103.009;
1900-01-01 03:52:48;640.0;1745689969;98.315;100.982;87.76;102.953;
1900-01-01 03:52:49;641.0;1745689969;98.345;101.072;87.688;102.953;
1900-01-01 03:52:51;642.0;1745689971;98.348;100.943;87.688;102.972;
1900-01-01 03:52:51;643.0;1745689971;98.348;100.943;87.683;102.975;
1900-01-01 03:52:52;644.0;1745689972;98.311;100.906;87.731;102.975;
1900-01-01 03:52:54;645.0;1745689974;98.335;100.985;87.731;103.007;
1900-01-01 03:52:54;646.0;1745689974;98.335;100.985;87.79;103.008;
1900-01-01 03:52:55;647.0;1745689975;98.279;100.8;87.774;103.008;
1900-01-01 03:52:56;648.0;1745689976;98.302;100.8;87.774;103.008;
1900-01-01 03:52:57;649.0;1745689977;98.302;100.846;87.91;102.997;
1900-01-01 03:52:58;650.0;1745689978;98.416;101.024;87.926;102.997;
1900-01-01 03:52:59;651.0;1745689979;98.35;101.024;87.926;103.009;
1900-01-01 03:53:00;652.0;1745689980;98.35;100.897;87.898;102.997;
1900-01-01 03:53:01;653.0;1745689981;98.305;100.892;87.898;102.997;
1900-01-01 03:53:02;654.0;1745689982;98.401;100.892;87.905;102.99;
1900-01-01 03:53:03;655.0;1745689983;98.401;100.922;87.86;102.949;
1900-01-01 03:53:04;656.0;1745689984;98.391;100.951;87.86;102.949;
1900-01-01 03:53:05;657.0;1745689985;98.339;100.951;87.688;102.961;
1900-01-01 03:53:06;658.0;1745689986;98.339;100.971;87.613;102.961;
1900-01-01 03:53:07;659.0;1745689987;98.444;101.017;87.613;103.028;
1900-01-01 03:53:08;660.0;1745689988;98.359;101.017;87.567;103.043;
1900-01-01 03:53:09;661.0;1745689989;98.359;100.954;87.592;103.043;
1900-01-01 03:53:10;662.0;1745689990;98.278;101.036;87.592;102.934;
1900-01-01 03:53:11;663.0;1745689991;98.278;101.036;87.64;102.942;
1900-01-01 03:53:12;664.0;1745689992;98.304;101.028;87.519;102.942;
1900-01-01 03:53:13;665.0;1745689993;98.221;101.028;87.519;102.961;
1900-01-01 03:53:14;666.0;1745689994;98.221;101.081;87.492;102.92;
1900-01-01 03:53:15;667.0;1745689995;98.216;100.98;87.408;102.92;
1900-01-01 03:53:16;668.0;1745689996;98.16;100.98;87.408;102.967;
1900-01-01 03:53:17;669.0;1745689997;98.16;100.991;87.427;102.972;
1900-01-01 03:53:18;670.0;1745689998;98.261;101.017;87.431;102.972;
1900-01-01 03:53:19;671.0;1745689999;98.245;100.888;87.431;102.918;
1900-01-01 03:53:20;672.0;1745690000;98.245;100.888;87.433;102.97;
1900-01-01 03:53:21;673.0;1745690001;98.173;100.895;87.531;102.97;
1900-01-01 03:53:22;674.0;1745690002;98.19;100.895;87.531;102.971;
1900-01-01 03:53:23;675.0;1745690003;98.19;100.863;87.525;102.94;
1900-01-01 03:53:25;676.0;1745690005;98.195;100.851;87.55;102.94;
1900-01-01 03:53:25;677.0;1745690005;98.195;100.851;87.55;102.898;
1900-01-01 03:53:26;678.0;1745690006;98.085;100.884;87.452;102.849;
1900-01-01 03:53:27;679.0;1745690007;98.123;100.915;87.452;102.849;
1900-01-01 03:53:28;680.0;1745690008;98.123;100.915;87.357;102.906;
1900-01-01 03:53:29;681.0;1745690009;98.114;100.909;87.328;102.906;
1900-01-01 03:53:30;682.0;1745690010;98.064;100.969;87.328;102.846;
1900-01-01 03:53:31;683.0;1745690011;97.99;100.969;87.212;102.809;
1900-01-01 03:53:32;684.0;1745690012;97.99;100.906;87.119;102.809;
1900-01-01 03:53:33;685.0;1745690013;98.021;100.898;87.119;102.856;
1900-01-01 03:53:34;686.0;1745690014;98.021;100.898;87.157;102.871;
1900-01-01 03:53:35;687.0;1745690015;98.033;101.065;87.257;102.871;
1900-01-01 03:53:36;688.0;1745690016;97.986;101.065;87.257;102.84;
1900-01-01 03:53:37;689.0;1745690017;97.986;100.933;87.3;102.897;
1900-01-01 03:53:38;690.0;1745690018;97.959;101.007;87.386;102.897;
1900-01-01 03:53:39;691.0;1745690019;97.975;100.962;87.386;102.875;
1900-01-01 03:53:40;692.0;1745690020;97.975;100.962;87.356;102.837;
1900-01-01 03:53:41;693.0;1745690021;97.983;100.972;87.411;102.837;
1900-01-01 03:53:42;694.0;1745690022;97.928;100.972;87.411;102.843;
1900-01-01 03:53:43;695.0;1745690023;97.928;101.005;87.422;102.922;
1900-01-01 03:53:45;696.0;1745690025;97.924;101.088;87.364;102.922;
1900-01-01 03:53:45;697.0;1745690025;97.952;101.088;87.364;102.94;
1900-01-01 03:53:46;698.0;1745690026;97.952;101.026;87.253;102.965;
1900-01-01 03:53:47;699.0;1745690027;97.959;100.936;87.253;102.965;
1900-01-01 03:53:48;700.0;1745690028;97.86;100.936;87.266;102.907;
1900-01-01 03:53:49;701.0;1745690029;97.86;100.945;87.215;103.015;
1900-01-01 03:53:50;702.0;1745690030;97.979;100.992;87.215;103.015;
1900-01-01 03:53:51;703.0;1745690031;97.921;100.992;87.19;102.868;
1900-01-01 03:53:52;704.0;1745690032;97.921;100.954;87.17;102.924;
1900-01-01 03:53:53;705.0;1745690033;97.853;100.874;87.17;102.924;
1900-01-01 03:53:54;706.0;1745690034;97.853;100.874;87.178;102.97;
1900-01-01 03:53:55;707.0;1745690035;97.888;100.891;87.142;102.97;
1900-01-01 03:53:56;708.0;1745690036;97.93;100.863;87.142;102.95;
1900-01-01 03:53:57;709.0;1745690037;97.93;100.863;87.192;102.894;
1900-01-01 03:53:58;710.0;1745690038;97.876;100.909;87.148;102.894;
1900-01-01 03:53:59;711.0;1745690039;97.968;100.909;87.148;102.97;
1900-01-01 03:54:00;712.0;1745690040;97.968;100.837;87.205;102.899;
1900-01-01 03:54:02;713.0;1745690042;97.917;100.794;87.222;102.899;
1900-01-01 03:54:02;714.0;1745690042;97.837;100.794;87.222;102.897;
1900-01-01 03:54:03;715.0;1745690043;97.837;100.864;87.171;102.963;
1900-01-01 03:54:04;716.0;1745690044;97.909;100.766;87.171;102.963;
1900-01-01 03:54:05;717.0;1745690045;97.824;100.766;87.146;102.973;
1900-01-01 03:54:06;718.0;1745690046;97.824;100.832;87.054;103.031;
1900-01-01 03:54:07;719.0;1745690047;97.832;100.821;86.946;103.031;
1900-01-01 03:54:08;720.0;1745690048;97.904;100.821;86.946;102.924;
1900-01-01 03:54:09;721.0;1745690049;97.904;100.796;86.976;102.838;
1900-01-01 03:54:10;722.0;1745690050;97.852;100.797;86.909;102.838;
1900-01-01 03:54:11;723.0;1745690051;97.848;100.797;86.909;102.931;
1900-01-01 03:54:12;724.0;1745690052;97.848;100.854;86.94;102.925;
1900-01-01 03:54:13;725.0;1745690053;97.884;100.799;86.94;102.925;
1900-01-01 03:54:14;726.0;1745690054;97.884;100.799;86.998;102.866;
1900-01-01 03:54:15;727.0;1745690055;97.884;100.81;87.087;102.915;
1900-01-01 03:54:16;728.0;1745690056;97.911;100.743;87.203;102.915;
1900-01-01 03:54:17;729.0;1745690057;97.897;100.743;87.203;102.907;
1900-01-01 03:54:18;730.0;1745690058;97.897;100.744;87.292;102.894;
1900-01-01 03:54:19;731.0;1745690059;97.922;100.755;87.292;102.894;
1900-01-01 03:54:20;732.0;1745690060;97.919;100.755;87.355;102.822;
1900-01-01 03:54:21;733.0;1745690061;97.919;100.759;87.232;102.874;
1900-01-01 03:54:22;734.0;1745690062;97.942;100.78;87.089;102.874;
1900-01-01 03:54:23;735.0;1745690063;97.893;100.78;87.089;102.901;
1900-01-01 03:54:24;736.0;1745690064;97.893;100.79;86.962;102.888;
1900-01-01 03:54:25;737.0;1745690065;97.904;100.854;86.996;102.888;
1900-01-01 03:54:26;738.0;1745690066;97.992;100.854;86.996;102.826;
1900-01-01 03:54:27;739.0;1745690067;97.992;100.884;86.98;102.857;
1900-01-01 03:54:28;740.0;1745690068;97.917;100.828;86.98;102.857;
1900-01-01 03:54:29;741.0;1745690069;98.01;100.828;87.032;102.853;
1900-01-01 03:54:30;742.0;1745690070;98.01;100.817;86.993;102.853;
1900-01-01 03:54:31;743.0;1745690071;97.861;100.736;86.993;102.834;
1900-01-01 03:54:32;744.0;1745690072;97.934;100.736;86.877;102.837;
1900-01-01 03:54:33;745.0;1745690073;97.934;100.782;86.805;102.837;
1900-01-01 03:54:34;746.0;1745690074;97.896;100.814;86.805;102.888;
1900-01-01 03:54:35;747.0;1745690075;97.896;100.814;86.777;102.877;
1900-01-01 03:54:36;748.0;1745690076;97.907;100.666;86.763;102.877;
1900-01-01 03:54:37;749.0;1745690077;97.804;100.664;86.763;102.851;
1900-01-01 03:54:38;750.0;1745690078;97.906;100.664;86.772;102.949;
1900-01-01 03:54:39;751.0;1745690079;97.906;100.707;86.769;102.949;
1900-01-01 03:54:40;752.0;1745690080;97.808;100.744;86.769;102.846;
1900-01-01 03:54:41;753.0;1745690081;97.808;100.744;86.789;102.863;
1900-01-01 03:54:42;754.0;1745690082;97.918;100.734;86.701;102.863;
1900-01-01 03:54:44;755.0;1745690084;97.87;100.781;86.701;102.977;
1900-01-01 03:54:44;756.0;1745690084;97.87;100.781;86.695;102.9;
1900-01-01 03:54:45;757.0;1745690085;97.913;100.803;86.692;102.9;
1900-01-01 03:54:46;758.0;1745690086;97.837;100.715;86.692;102.966;
1900-01-01 03:54:47;759.0;1745690087;97.837;100.715;86.747;102.935;
1900-01-01 03:54:48;760.0;1745690088;97.965;100.707;86.703;102.935;
1900-01-01 03:54:49;761.0;1745690089;97.983;100.707;86.703;102.959;
1900-01-01 03:54:50;762.0;1745690090;97.983;100.701;86.683;102.985;
1900-01-01 03:54:51;763.0;1745690091;97.824;100.604;86.705;102.985;
1900-01-01 03:54:52;764.0;1745690092;97.866;100.733;86.705;103.002;
1900-01-01 03:54:53;765.0;1745690093;97.866;100.733;86.664;102.873;
1900-01-01 03:54:54;766.0;1745690094;97.933;100.764;86.627;102.873;
1900-01-01 03:54:55;767.0;1745690095;97.83;100.701;86.627;102.931;
1900-01-01 03:54:56;768.0;1745690096;97.83;100.701;86.725;102.871;
1900-01-01 03:54:57;769.0;1745690097;97.848;100.734;86.68;102.871;
1900-01-01 03:54:58;770.0;1745690098;97.794;100.734;86.68;102.899;
1900-01-01 03:54:59;771.0;1745690099;97.794;100.801;86.63;102.856;
1900-01-01 03:55:00;772.0;1745690100;97.798;100.806;86.63;102.856;
1900-01-01 03:55:01;773.0;1745690101;97.763;100.806;86.537;102.912;
1900-01-01 03:55:02;774.0;1745690102;97.763;100.716;86.597;103.015;
1900-01-01 03:55:03;775.0;1745690103;97.738;100.746;86.597;103.015;
1900-01-01 03:55:04;776.0;1745690104;97.711;100.746;86.625;102.897;
1900-01-01 03:55:05;777.0;1745690105;97.711;100.705;86.657;102.836;
1900-01-01 03:55:06;778.0;1745690106;97.697;100.771;86.657;102.836;
1900-01-01 03:55:07;779.0;1745690107;97.595;100.771;86.64;102.843;
1900-01-01 03:55:08;780.0;1745690108;97.595;100.745;86.543;102.9;
1900-01-01 03:55:09;781.0;1745690109;97.547;100.746;86.468;102.9;
1900-01-01 03:55:10;782.0;1745690110;97.469;100.746;86.468;102.822;
1900-01-01 03:55:11;783.0;1745690111;97.469;100.751;86.279;102.821;
1900-01-01 03:55:12;784.0;1745690112;97.404;100.772;86.279;102.821;
1900-01-01 03:55:14;785.0;1745690114;97.325;100.772;86.244;102.891;
1900-01-01 03:55:14;786.0;1745690114;97.325;100.752;86.169;102.893;
1900-01-01 03:55:15;787.0;1745690115;97.32;100.735;86.169;102.893;
1900-01-01 03:55:16;788.0;1745690116;97.32;100.735;86.166;102.812;
1900-01-01 03:55:17;789.0;1745690117;97.221;100.677;86.225;102.812;
1900-01-01 03:55:18;790.0;1745690118;97.253;100.687;86.225;102.913;
1900-01-01 03:55:20;791.0;1745690120;97.284;100.687;86.203;102.749;
1900-01-01 03:55:20;792.0;1745690120;97.284;100.763;86.17;102.749;
1900-01-01 03:55:21;793.0;1745690121;97.22;100.67;86.17;102.896;
1900-01-01 03:55:22;794.0;1745690122;97.22;100.67;86.219;102.871;
1900-01-01 03:55:23;795.0;1745690123;97.21;100.577;86.219;102.871;
1900-01-01 03:55:24;796.0;1745690124;97.293;100.577;86.141;102.866;
1900-01-01 03:55:25;797.0;1745690125;97.293;100.597;86.184;102.874;
1900-01-01 03:55:26;798.0;1745690126;97.201;100.644;86.232;102.874;
1900-01-01 03:55:27;799.0;1745690127;97.144;100.644;86.232;102.868;
1900-01-01 03:55:28;800.0;1745690128;97.144;100.643;86.228;102.931;
1900-01-01 03:55:29;801.0;1745690129;97.158;100.613;86.221;102.931;
1900-01-01 03:55:30;802.0;1745690130;97.202;100.613;86.221;102.906;
1900-01-01 03:55:31;803.0;1745690131;97.202;100.6;86.282;102.907;
1900-01-01 03:55:32;804.0;1745690132;97.165;100.641;86.282;102.907;
1900-01-01 03:55:33;805.0;1745690133;97.245;100.641;86.263;102.856;
1900-01-01 03:55:34;806.0;1745690134;97.245;100.592;86.325;102.828;
1900-01-01 03:55:36;807.0;1745690136;97.169;100.547;86.314;102.828;
1900-01-01 03:55:36;808.0;1745690136;97.273;100.547;86.314;102.872;
1900-01-01 03:55:37;809.0;1745690137;97.273;100.509;86.252;102.888;
1900-01-01 03:55:38;810.0;1745690138;97.264;100.493;86.252;102.888;
1900-01-01 03:55:39;811.0;1745690139;97.239;100.493;86.338;102.888;
1900-01-01 03:55:40;812.0;1745690140;97.239;100.602;86.245;102.832;
1900-01-01 03:55:41;813.0;1745690141;97.298;100.617;86.245;102.832;
1900-01-01 03:55:42;814.0;1745690142;97.303;100.617;86.306;102.814;
1900-01-01 03:55:43;815.0;1745690143;97.303;100.586;86.178;102.785;
1900-01-01 03:55:44;816.0;1745690144;97.319;100.644;86.095;102.785;
1900-01-01 03:55:45;817.0;1745690145;97.319;100.644;86.095;102.861;
1900-01-01 03:55:46;818.0;1745690146;97.292;100.582;86.153;102.861;
1900-01-01 03:55:47;819.0;1745690147;97.373;100.658;86.153;102.915;
1900-01-01 03:55:48;820.0;1745690148;97.37;100.658;86.11;102.78;
1900-01-01 03:55:49;821.0;1745690149;97.37;100.662;86.013;102.78;
1900-01-01 03:55:50;822.0;1745690150;97.409;100.629;86.013;102.851;
1900-01-01 03:55:51;823.0;1745690151;97.491;100.629;86.035;102.815;
1900-01-01 03:55:52;824.0;1745690152;97.491;100.535;85.955;102.815;
1900-01-01 03:55:53;825.0;1745690153;97.44;100.634;85.955;102.851;
1900-01-01 03:55:54;826.0;1745690154;97.44;100.634;85.977;102.936;
1900-01-01 03:55:55;827.0;1745690155;97.475;100.611;85.901;102.936;
1900-01-01 03:55:56;828.0;1745690156;97.532;100.611;85.901;102.802;
1900-01-01 03:55:57;829.0;1745690157;97.532;100.516;85.953;102.89;
1900-01-01 03:55:58;830.0;1745690158;97.413;100.602;85.929;102.89;
1900-01-01 03:56:00;831.0;1745690160;97.416;100.538;85.929;102.817;
1900-01-01 03:56:00;832.0;1745690160;97.416;100.538;85.881;102.912;
1900-01-01 03:56:01;833.0;1745690161;97.458;100.621;85.884;102.912;
1900-01-01 03:56:02;834.0;1745690162;97.454;100.621;85.884;102.914;
1900-01-01 03:56:03;835.0;1745690163;97.454;100.591;85.813;102.836;
1900-01-01 03:56:04;836.0;1745690164;97.449;100.565;85.813;102.836;
1900-01-01 03:56:05;837.0;1745690165;97.439;100.565;85.92;102.929;
1900-01-01 03:56:06;838.0;1745690166;97.439;100.574;85.909;102.929;
1900-01-01 03:56:07;839.0;1745690167;97.486;100.635;85.909;102.78;
1900-01-01 03:56:08;840.0;1745690168;97.508;100.635;85.942;102.846;
1900-01-01 03:56:09;841.0;1745690169;97.508;100.63;85.889;102.846;
1900-01-01 03:56:10;842.0;1745690170;97.428;100.577;85.889;102.882;
1900-01-01 03:56:11;843.0;1745690171;97.35;100.577;85.891;102.758;
1900-01-01 03:56:12;844.0;1745690172;97.35;100.622;85.732;102.843;
1900-01-01 03:56:13;845.0;1745690173;97.322;100.622;85.732;102.843;
1900-01-01 03:56:14;846.0;1745690174;97.322;100.705;85.781;102.766;
1900-01-01 03:56:15;847.0;1745690175;97.278;100.603;85.737;102.766;
1900-01-01 03:56:16;848.0;1745690176;97.209;100.575;85.737;102.835;
1900-01-01 03:56:17;849.0;1745690177;97.209;100.575;85.746;102.89;
1900-01-01 03:56:18;850.0;1745690178;97.111;100.551;85.819;102.89;
1900-01-01 03:56:19;851.0;1745690179;97.192;100.551;85.819;102.753;
1900-01-01 03:56:20;852.0;1745690180;97.192;100.582;85.786;102.82;
1900-01-01 03:56:21;853.0;1745690181;97.162;100.517;85.788;102.82;
1900-01-01 03:56:22;854.0;1745690182;97.133;100.517;85.788;102.736;
1900-01-01 03:56:23;855.0;1745690183;97.133;100.574;85.907;102.823;
1900-01-01 03:56:24;856.0;1745690184;97.275;100.58;85.905;102.823;
1900-01-01 03:56:25;857.0;1745690185;97.162;100.547;85.905;102.828;
1900-01-01 03:56:26;858.0;1745690186;97.162;100.547;85.847;102.792;
1900-01-01 03:56:27;859.0;1745690187;97.195;100.493;85.847;102.792;
1900-01-01 03:56:28;860.0;1745690188;97.206;100.493;85.846;102.82;
1900-01-01 03:56:29;861.0;1745690189;97.206;100.534;85.716;102.773;
1900-01-01 03:56:30;862.0;1745690190;97.175;100.591;85.716;102.773;
1900-01-01 03:56:31;863.0;1745690191;97.116;100.591;85.724;102.823;
1900-01-01 03:56:32;864.0;1745690192;97.116;100.488;85.598;102.846;
1900-01-01 03:56:34;865.0;1745690194;97.08;100.491;85.636;102.846;
1900-01-01 03:56:34;866.0;1745690194;97.097;100.491;85.636;102.814;
1900-01-01 03:56:35;867.0;1745690195;97.097;100.425;85.626;102.823;
1900-01-01 03:56:36;868.0;1745690196;97.078;100.467;85.626;102.823;
1900-01-01 03:56:37;869.0;1745690197;97.078;100.467;85.641;102.808;
1900-01-01 03:56:38;870.0;1745690198;96.865;100.545;85.725;102.767;
1900-01-01 03:56:39;871.0;1745690199;96.963;100.485;85.725;102.767;
1900-01-01 03:56:40;872.0;1745690200;96.963;100.485;85.662;102.783;
1900-01-01 03:56:41;873.0;1745690201;96.932;100.485;85.648;102.783;
1900-01-01 03:56:42;874.0;1745690202;96.903;100.485;85.648;102.733;
1900-01-01 03:56:43;875.0;1745690203;96.903;100.489;85.6;102.755;
1900-01-01 03:56:44;876.0;1745690204;96.929;100.402;85.515;102.755;
1900-01-01 03:56:45;877.0;1745690205;96.954;100.402;85.515;102.792;
1900-01-01 03:56:46;878.0;1745690206;96.954;100.469;85.579;102.7;
1900-01-01 03:56:47;879.0;1745690207;96.93;100.403;85.522;102.7;
1900-01-01 03:56:48;880.0;1745690208;96.911;100.403;85.522;102.813;
1900-01-01 03:56:49;881.0;1745690209;96.911;100.352;85.527;102.733;
1900-01-01 03:56:50;882.0;1745690210;96.882;100.319;85.527;102.733;
1900-01-01 03:56:51;883.0;1745690211;96.899;100.319;85.425;102.757;
1900-01-01 03:56:52;884.0;1745690212;96.899;100.29;85.466;102.735;
1900-01-01 03:56:53;885.0;1745690213;96.902;100.317;85.389;102.735;
1900-01-01 03:56:54;886.0;1745690214;96.953;100.317;85.389;102.722;
1900-01-01 03:56:55;887.0;1745690215;96.953;100.333;85.366;102.728;
1900-01-01 03:56:56;888.0;1745690216;96.948;100.386;85.366;102.728;
1900-01-01 03:56:57;889.0;1745690217;96.926;100.386;85.366;102.777;
1900-01-01 03:56:58;890.0;1745690218;96.926;100.359;85.308;102.777;
1900-01-01 03:56:59;891.0;1745690219;96.875;100.335;85.308;102.703;
1900-01-01 03:57:00;892.0;1745690220;96.943;100.335;85.247;102.67;
1900-01-01 03:57:01;893.0;1745690221;96.943;100.414;85.322;102.67;
1900-01-01 03:57:02;894.0;1745690222;96.925;100.475;85.322;102.74;
1900-01-01 03:57:03;895.0;1745690223;96.835;100.475;85.312;102.706;
1900-01-01 03:57:04;896.0;1745690224;96.835;100.316;85.284;102.706;
1900-01-01 03:57:05;897.0;1745690225;96.807;100.318;85.284;102.682;
1900-01-01 03:57:06;898.0;1745690226;96.828;100.318;85.293;102.8;
1900-01-01 03:57:07;899.0;1745690227;96.828;100.472;85.281;102.8;
1900-01-01 03:57:08;900.0;1745690228;96.821;100.384;85.281;102.786;
1900-01-01 03:57:09;901.0;1745690229;96.821;100.384;85.115;102.708;
1900-01-01 03:57:10;902.0;1745690230;96.945;100.391;85.132;102.708;
1900-01-01 03:57:11;903.0;1745690231;96.866;100.33;85.132;102.676;
1900-01-01 03:57:12;904.0;1745690232;96.866;100.33;85.099;102.798;
1900-01-01 03:57:13;905.0;1745690233;96.874;100.343;85.08;102.798;
1900-01-01 03:57:14;906.0;1745690234;96.867;100.308;85.08;102.815;
1900-01-01 03:57:15;907.0;1745690235;96.867;100.308;85.187;102.776;
1900-01-01 03:57:16;908.0;1745690236;96.837;100.375;85.142;102.776;
1900-01-01 03:57:17;909.0;1745690237;96.875;100.375;85.142;102.754;
1900-01-01 03:57:18;910.0;1745690238;96.875;100.309;85.215;102.78;
1900-01-01 03:57:19;911.0;1745690239;96.944;100.318;85.215;102.78;
1900-01-01 03:57:21;912.0;1745690241;96.949;100.318;85.126;102.769;
1900-01-01 03:57:21;913.0;1745690241;96.949;100.299;85.143;102.769;
1900-01-01 03:57:22;914.0;1745690242;96.928;100.356;85.143;102.769;
1900-01-01 03:57:23;915.0;1745690243;96.846;100.356;85.182;102.687;
1900-01-01 03:57:24;916.0;1745690244;96.846;100.339;85.202;102.687;
1900-01-01 03:57:25;917.0;1745690245;96.916;100.305;85.202;102.77;
1900-01-01 03:57:26;918.0;1745690246;96.916;100.305;85.232;102.662;
1900-01-01 03:57:27;919.0;1745690247;96.831;100.289;85.123;102.662;
1900-01-01 03:57:28;920.0;1745690248;96.852;100.289;85.123;102.702;
1900-01-01 03:57:29;921.0;1745690249;96.852;100.26;85.137;102.818;
1900-01-01 03:57:30;922.0;1745690250;96.824;100.27;85.033;102.818;
1900-01-01 03:57:31;923.0;1745690251;96.892;100.27;85.033;102.784;
1900-01-01 03:57:32;924.0;1745690252;96.892;100.258;85.049;102.759;
1900-01-01 03:57:33;925.0;1745690253;96.918;100.325;85.097;102.759;
1900-01-01 03:57:34;926.0;1745690254;96.852;100.343;85.097;102.779;
1900-01-01 03:57:35;927.0;1745690255;96.852;100.343;85.138;102.728;
1900-01-01 03:57:36;928.0;1745690256;96.76;100.312;85.151;102.728;
1900-01-01 03:57:37;929.0;1745690257;96.71;100.312;85.151;102.711;
1900-01-01 03:57:38;930.0;1745690258;96.71;100.289;85.197;102.691;
1900-01-01 03:57:39;931.0;1745690259;96.621;100.244;85.116;102.691;
1900-01-01 03:57:40;932.0;1745690260;96.719;100.244;85.116;102.738;
1900-01-01 03:57:41;933.0;1745690261;96.719;100.238;85.018;102.751;
1900-01-01 03:57:42;934.0;1745690262;96.766;100.258;85.067;102.751;
1900-01-01 03:57:43;935.0;1745690263;96.713;100.258;85.067;102.722;
1900-01-01 03:57:44;936.0;1745690264;96.713;100.241;85.051;102.681;
1900-01-01 03:57:45;937.0;1745690265;96.731;100.175;85.051;102.681;
1900-01-01 03:57:46;938.0;1745690266;96.715;100.175;85.016;102.743;
1900-01-01 03:57:47;939.0;1745690267;96.715;100.27;85.016;102.743;
1900-01-01 03:57:48;940.0;1745690268;96.725;100.209;85.016;102.697;
1900-01-01 03:57:49;941.0;1745690269;96.681;100.209;84.958;102.852;
1900-01-01 03:57:50;942.0;1745690270;96.681;100.221;84.962;102.852;
1900-01-01 03:57:51;943.0;1745690271;96.797;100.207;84.962;102.803;
1900-01-01 03:57:52;944.0;1745690272;96.882;100.207;84.894;102.709;
1900-01-01 03:57:53;945.0;1745690273;96.882;100.303;84.836;102.709;
1900-01-01 03:57:54;946.0;1745690274;96.818;100.307;84.836;102.735;
1900-01-01 03:57:56;947.0;1745690276;96.79;100.307;84.762;102.718;
1900-01-01 03:57:56;948.0;1745690276;96.79;100.25;84.796;102.718;
1900-01-01 03:57:57;949.0;1745690277;96.798;100.274;84.796;102.645;
1900-01-01 03:57:58;950.0;1745690278;96.798;100.274;84.744;102.688;
1900-01-01 03:57:59;951.0;1745690279;96.841;100.313;84.646;102.688;
1900-01-01 03:58:00;952.0;1745690280;96.857;100.313;84.646;102.639;
1900-01-01 03:58:01;953.0;1745690281;96.857;100.224;84.597;102.581;
1900-01-01 03:58:02;954.0;1745690282;96.873;100.152;84.51;102.581;
1900-01-01 03:58:03;955.0;1745690283;96.797;100.152;84.51;102.669;
1900-01-01 03:58:04;956.0;1745690284;96.797;100.16;84.526;102.682;
1900-01-01 03:58:05;957.0;1745690285;96.771;100.215;84.526;102.682;
1900-01-01 03:58:06;958.0;1745690286;96.78;100.215;84.538;102.703;
1900-01-01 03:58:07;959.0;1745690287;96.78;100.221;84.544;102.68;
1900-01-01 03:58:08;960.0;1745690288;96.764;100.211;84.544;102.68;
1900-01-01 03:58:09;961.0;1745690289;96.765;100.211;84.66;102.674;
1900-01-01 03:58:10;962.0;1745690290;96.765;100.167;84.701;102.665;
1900-01-01 03:58:11;963.0;1745690291;96.711;100.077;84.701;102.665;
1900-01-01 03:58:12;964.0;1745690292;96.723;100.077;84.732;102.655;
1900-01-01 03:58:13;965.0;1745690293;96.723;100.134;84.585;102.724;
1900-01-01 03:58:14;966.0;1745690294;96.736;100.11;84.585;102.724;
1900-01-01 03:58:15;967.0;1745690295;96.688;100.11;84.54;102.757;
1900-01-01 03:58:16;968.0;1745690296;96.688;100.033;84.558;102.707;
1900-01-01 03:58:17;969.0;1745690297;96.632;99.962;84.558;102.707;
1900-01-01 03:58:18;970.0;1745690298;96.632;99.962;84.505;102.74;
1900-01-01 03:58:19;971.0;1745690299;96.526;99.906;84.577;102.689;
1900-01-01 03:58:20;972.0;1745690300;96.547;99.906;84.577;102.689;
1900-01-01 03:58:21;973.0;1745690301;96.547;99.851;84.538;102.687;
1900-01-01 03:58:22;974.0;1745690302;96.503;99.824;84.613;102.687;
1900-01-01 03:58:23;975.0;1745690303;96.548;99.824;84.613;102.676;
1900-01-01 03:58:24;976.0;1745690304;96.548;99.792;84.594;102.617;
1900-01-01 03:58:25;977.0;1745690305;96.465;99.648;84.729;102.617;
1900-01-01 03:58:26;978.0;1745690306;96.547;99.648;84.729;102.699;
1900-01-01 03:58:27;979.0;1745690307;96.547;99.761;84.68;102.677;
1900-01-01 03:58:28;980.0;1745690308;96.461;99.832;84.661;102.677;
1900-01-01 03:58:29;981.0;1745690309;96.469;99.832;84.661;102.706;
1900-01-01 03:58:30;982.0;1745690310;96.469;99.728;84.537;102.653;
1900-01-01 03:58:31;983.0;1745690311;96.471;99.713;84.519;102.653;
1900-01-01 03:58:32;984.0;1745690312;96.542;99.713;84.519;102.629;
1900-01-01 03:58:33;985.0;1745690313;96.542;99.633;84.518;102.659;
1900-01-01 03:58:34;986.0;1745690314;96.502;99.66;84.548;102.659;
1900-01-01 03:58:35;987.0;1745690315;96.454;99.66;84.548;102.669;
1900-01-01 03:58:36;988.0;1745690316;96.454;99.654;84.465;102.665;
1900-01-01 03:58:37;989.0;1745690317;96.423;99.667;84.465;102.665;
1900-01-01 03:58:38;990.0;1745690318;96.424;99.667;84.399;102.624;
1900-01-01 03:58:39;991.0;1745690319;96.424;99.646;84.429;102.577;
1900-01-01 03:58:40;992.0;1745690320;96.388;99.733;84.429;102.577;
1900-01-01 03:58:41;993.0;1745690321;96.388;99.733;84.297;102.635;
1900-01-01 03:58:42;994.0;1745690322;96.416;99.755;84.156;102.6;
1900-01-01 03:58:43;995.0;1745690323;96.442;99.705;84.156;102.6;
1900-01-01 03:58:44;996.0;1745690324;96.442;99.705;84.164;102.531;
1900-01-01 03:58:45;997.0;1745690325;96.308;99.785;84.135;102.531;
1900-01-01 03:58:46;998.0;1745690326;96.304;99.783;84.135;102.609;
1900-01-01 03:58:47;999.0;1745690327;96.304;99.783;84.126;102.645;
1900-01-01 03:58:48;1000.0;1745690328;96.357;99.785;84.163;102.645;
1900-01-01 03:58:49;1001.0;1745690329;96.267;99.858;84.163;102.532;
1900-01-01 03:58:50;1002.0;1745690330;96.267;99.858;84.126;102.592;
1900-01-01 03:58:52;1003.0;1745690332;96.342;99.918;84.11;102.592;
1900-01-01 03:58:52;1004.0;1745690332;96.361;99.918;84.11;102.594;
1900-01-01 03:58:53;1005.0;1745690333;96.361;99.889;84.227;102.567;
1900-01-01 03:58:54;1006.0;1745690334;96.346;100.069;84.205;102.567;
1900-01-01 03:58:55;1007.0;1745690335;96.389;100.069;84.205;102.581;
1900-01-01 03:58:56;1008.0;1745690336;96.389;100.08;84.342;102.694;
1900-01-01 03:58:57;1009.0;1745690337;96.496;99.964;84.259;102.694;
1900-01-01 03:58:58;1010.0;1745690338;96.529;99.964;84.259;102.671;
1900-01-01 03:58:59;1011.0;1745690339;96.529;99.951;84.219;102.671;
1900-01-01 03:59:00;1012.0;1745690340;96.552;100.076;84.219;102.619;
1900-01-01 03:59:01;1013.0;1745690341;96.545;100.076;84.246;102.652;
1900-01-01 03:59:02;1014.0;1745690342;96.545;100.001;84.317;102.652;
1900-01-01 03:59:03;1015.0;1745690343;96.47;100.051;84.317;102.684;
1900-01-01 03:59:05;1016.0;1745690345;96.5;100.051;84.263;102.618;
1900-01-01 03:59:05;1017.0;1745690345;96.5;100.055;84.187;102.618;
1900-01-01 03:59:06;1018.0;1745690346;96.474;99.966;84.187;102.736;
1900-01-01 03:59:07;1019.0;1745690347;96.474;99.966;84.18;102.665;
1900-01-01 03:59:08;1020.0;1745690348;96.44;99.968;84.12;102.671;
1900-01-01 03:59:09;1021.0;1745690349;96.398;99.947;84.12;102.671;
1900-01-01 03:59:10;1022.0;1745690350;96.398;99.947;84.044;102.624;
1900-01-01 03:59:11;1023.0;1745690351;96.365;99.951;84.105;102.624;
1900-01-01 03:59:12;1024.0;1745690352;96.392;99.964;84.105;102.684;
1900-01-01 03:59:13;1025.0;1745690353;96.359;99.964;84.087;102.724;
1900-01-01 03:59:14;1026.0;1745690354;96.359;99.999;83.998;102.724;
1900-01-01 03:59:15;1027.0;1745690355;96.383;99.906;83.998;102.703;
1900-01-01 03:59:16;1028.0;1745690356;96.383;99.906;84.11;102.7;
1900-01-01 03:59:17;1029.0;1745690357;96.364;99.963;84.16;102.644;
1900-01-01 03:59:18;1030.0;1745690358;96.327;99.861;84.16;102.644;
1900-01-01 03:59:19;1031.0;1745690359;96.327;99.861;84.079;102.616;
1900-01-01 03:59:20;1032.0;1745690360;96.311;99.934;83.973;102.616;
1900-01-01 03:59:21;1033.0;1745690361;96.264;99.951;83.973;102.755;
1900-01-01 03:59:22;1034.0;1745690362;96.287;99.951;83.888;102.697;
1900-01-01 03:59:23;1035.0;1745690363;96.287;99.921;83.716;102.697;
1900-01-01 03:59:24;1036.0;1745690364;96.337;99.987;83.716;102.714;
1900-01-01 03:59:25;1037.0;1745690365;96.337;99.987;83.776;102.671;
1900-01-01 03:59:26;1038.0;1745690366;96.367;99.843;83.813;102.585;
1900-01-01 03:59:27;1039.0;1745690367;96.249;99.843;83.813;102.585;
1900-01-01 03:59:28;1040.0;1745690368;96.249;99.962;83.955;102.657;
1900-01-01 03:59:29;1041.0;1745690369;96.262;99.934;84.004;102.657;
1900-01-01 03:59:30;1042.0;1745690370;96.244;99.934;84.004;102.615;
1900-01-01 03:59:31;1043.0;1745690371;96.244;99.88;84.017;102.566;
1900-01-01 03:59:32;1044.0;1745690372;96.153;99.905;83.984;102.566;
1900-01-01 03:59:33;1045.0;1745690373;96.296;99.905;83.984;102.655;
1900-01-01 03:59:34;1046.0;1745690374;96.296;99.867;83.945;102.587;
1900-01-01 03:59:35;1047.0;1745690375;96.273;99.744;83.942;102.587;
1900-01-01 03:59:36;1048.0;1745690376;96.242;99.744;83.942;102.575;
1900-01-01 03:59:37;1049.0;1745690377;96.242;99.88;83.916;102.566;
1900-01-01 03:59:38;1050.0;1745690378;96.178;99.888;83.916;102.566;
1900-01-01 03:59:39;1051.0;1745690379;96.203;99.888;83.928;102.649;
1900-01-01 03:59:40;1052.0;1745690380;96.203;99.875;83.862;102.631;
1900-01-01 03:59:41;1053.0;1745690381;96.234;99.847;83.862;102.631;
1900-01-01 03:59:42;1054.0;1745690382;96.234;99.847;83.718;102.584;
1900-01-01 03:59:43;1055.0;1745690383;96.154;99.909;83.735;102.584;
1900-01-01 03:59:45;1056.0;1745690385;96.308;99.805;83.735;102.604;
1900-01-01 03:59:45;1057.0;1745690385;96.308;99.805;83.722;102.637;
1900-01-01 03:59:46;1058.0;1745690386;96.234;99.868;83.584;102.637;
1900-01-01 03:59:47;1059.0;1745690387;96.21;99.857;83.584;102.665;
1900-01-01 03:59:48;1060.0;1745690388;96.21;99.857;83.508;102.557;
1900-01-01 03:59:49;1061.0;1745690389;96.293;99.863;83.441;102.557;
1900-01-01 03:59:50;1062.0;1745690390;96.324;99.83;83.441;102.582;
1900-01-01 03:59:51;1063.0;1745690391;96.324;99.83;83.564;102.587;
1900-01-01 03:59:52;1064.0;1745690392;96.295;99.804;83.659;102.587;
1900-01-01 03:59:53;1065.0;1745690393;96.316;99.737;83.659;102.7;
1900-01-01 03:59:54;1066.0;1745690394;96.316;99.737;83.719;102.588;
1900-01-01 03:59:55;1067.0;1745690395;96.28;99.675;83.696;102.588;
1900-01-01 03:59:56;1068.0;1745690396;96.292;99.675;83.696;102.561;
1900-01-01 03:59:57;1069.0;1745690397;96.292;99.732;83.7;102.541;
1900-01-01 03:59:58;1070.0;1745690398;96.251;99.709;83.7;102.541;
1900-01-01 03:59:59;1071.0;1745690399;96.189;99.709;83.705;102.585;
1900-01-01 04:00:00;1072.0;1745690400;96.189;99.714;83.703;102.544;
1900-01-01 04:00:02;1073.0;1745690402;96.173;99.676;83.56;102.544;
1900-01-01 04:00:02;1074.0;1745690402;96.145;99.676;83.56;102.64;
1900-01-01 04:00:03;1075.0;1745690403;96.145;99.69;83.571;102.575;
1900-01-01 04:00:04;1076.0;1745690404;96.209;99.764;83.548;102.575;
1900-01-01 04:00:05;1077.0;1745690405;96.064;99.764;83.548;102.632;
1900-01-01 04:00:06;1078.0;1745690406;96.064;99.765;83.52;102.578;
1900-01-01 04:00:07;1079.0;1745690407;96.081;99.702;83.52;102.578;
1900-01-01 04:00:08;1080.0;1745690408;96.059;99.702;83.589;102.551;
1900-01-01 04:00:09;1081.0;1745690409;96.059;99.653;83.642;102.551;
1900-01-01 04:00:10;1082.0;1745690410;96.043;99.734;83.642;102.56;
1900-01-01 04:00:12;1083.0;1745690412;96.065;99.734;83.596;102.588;
1900-01-01 04:00:12;1084.0;1745690412;96.065;99.707;83.538;102.588;
1900-01-01 04:00:13;1085.0;1745690413;95.946;99.739;83.538;102.604;
1900-01-01 04:00:14;1086.0;1745690414;95.946;99.739;83.568;102.526;
1900-01-01 04:00:15;1087.0;1745690415;96.033;99.72;83.436;102.526;
1900-01-01 04:00:16;1088.0;1745690416;96.074;99.643;83.436;102.526;
1900-01-01 04:00:17;1089.0;1745690417;96.074;99.643;83.386;102.67;
1900-01-01 04:00:18;1090.0;1745690418;96.052;99.586;83.335;102.67;
1900-01-01 04:00:19;1091.0;1745690419;96.095;99.586;83.335;102.564;
1900-01-01 04:00:20;1092.0;1745690420;96.095;99.654;83.291;102.565;
1900-01-01 04:00:21;1093.0;1745690421;96.078;99.61;83.291;102.565;
1900-01-01 04:00:22;1094.0;1745690422;96.163;99.61;83.336;102.567;
1900-01-01 04:00:23;1095.0;1745690423;96.163;99.571;83.331;102.641;
1900-01-01 04:00:24;1096.0;1745690424;96.15;99.599;83.331;102.641;
1900-01-01 04:00:25;1097.0;1745690425;96.096;99.599;83.347;102.642;
1900-01-01 04:00:26;1098.0;1745690426;96.096;99.514;83.319;102.534;
1900-01-01 04:00:27;1099.0;1745690427;96.032;99.626;83.319;102.534;
1900-01-01 04:00:28;1100.0;1745690428;96.0;99.626;83.421;102.652;
1900-01-01 04:00:29;1101.0;1745690429;96.0;99.62;83.484;102.508;
1900-01-01 04:00:30;1102.0;1745690430;95.966;99.664;83.484;102.508;
1900-01-01 04:00:31;1103.0;1745690431;95.944;99.664;83.44;102.527;
1900-01-01 04:00:32;1104.0;1745690432;95.944;99.619;83.401;102.527;
1900-01-01 04:00:33;1105.0;1745690433;95.808;99.578;83.401;102.51;
1900-01-01 04:00:34;1106.0;1745690434;95.885;99.578;83.298;102.5;
1900-01-01 04:00:35;1107.0;1745690435;95.885;99.537;83.364;102.5;
1900-01-01 04:00:36;1108.0;1745690436;95.78;99.672;83.364;102.485;
1900-01-01 04:00:38;1109.0;1745690438;95.739;99.672;83.282;102.583;
1900-01-01 04:00:38;1110.0;1745690438;95.739;99.554;83.365;102.583;
1900-01-01 04:00:39;1111.0;1745690439;95.775;99.514;83.365;102.483;
1900-01-01 04:00:40;1112.0;1745690440;95.775;99.514;83.236;102.532;
1900-01-01 04:00:41;1113.0;1745690441;95.761;99.521;83.249;102.532;
1900-01-01 04:00:42;1114.0;1745690442;95.772;99.623;83.249;102.535;
1900-01-01 04:00:43;1115.0;1745690443;95.772;99.623;83.222;102.64;
1900-01-01 04:00:44;1116.0;1745690444;95.722;99.587;83.231;102.64;
1900-01-01 04:00:45;1117.0;1745690445;95.802;99.587;83.231;102.535;
1900-01-01 04:00:46;1118.0;1745690446;95.802;99.59;83.241;102.593;
1900-01-01 04:00:47;1119.0;1745690447;95.723;99.527;83.291;102.593;
1900-01-01 04:00:48;1120.0;1745690448;95.698;99.527;83.291;102.602;
1900-01-01 04:00:49;1121.0;1745690449;95.698;99.591;83.283;102.589;
1900-01-01 04:00:50;1122.0;1745690450;95.757;99.617;83.283;102.589;
1900-01-01 04:00:51;1123.0;1745690451;95.746;99.617;83.293;102.593;
1900-01-01 04:00:52;1124.0;1745690452;95.746;99.52;83.355;102.55;
1900-01-01 04:00:53;1125.0;1745690453;95.778;99.508;83.355;102.55;
1900-01-01 04:00:54;1126.0;1745690454;95.778;99.508;83.224;102.545;
1900-01-01 04:00:56;1127.0;1745690456;95.851;99.525;83.235;102.602;
1900-01-01 04:00:56;1128.0;1745690456;95.835;99.525;83.235;102.602;
1900-01-01 04:00:57;1129.0;1745690457;95.835;99.526;83.248;102.515;
1900-01-01 04:00:58;1130.0;1745690458;95.845;99.504;83.223;102.515;
1900-01-01 04:01:00;1131.0;1745690460;95.677;99.51;83.223;102.57;
1900-01-01 04:01:00;1132.0;1745690460;95.677;99.51;83.188;102.503;
1900-01-01 04:01:01;1133.0;1745690461;95.752;99.564;83.198;102.503;
1900-01-01 04:01:02;1134.0;1745690462;95.678;99.507;83.198;102.537;
1900-01-01 04:01:03;1135.0;1745690463;95.678;99.507;83.116;102.592;
1900-01-01 04:01:04;1136.0;1745690464;95.658;99.428;83.063;102.592;
1900-01-01 04:01:05;1137.0;1745690465;95.752;99.428;83.063;102.539;
1900-01-01 04:01:06;1138.0;1745690466;95.752;99.454;82.992;102.553;
1900-01-01 04:01:08;1139.0;1745690468;95.754;99.351;83.007;102.553;
1900-01-01 04:01:08;1140.0;1745690468;95.835;99.351;83.007;102.556;
1900-01-01 04:01:09;1141.0;1745690469;95.835;99.398;83.102;102.622;
1900-01-01 04:01:10;1142.0;1745690470;95.87;99.317;83.08;102.622;
1900-01-01 04:01:11;1143.0;1745690471;95.877;99.383;83.08;102.64;
1900-01-01 04:01:12;1144.0;1745690472;95.877;99.383;83.129;102.477;
1900-01-01 04:01:13;1145.0;1745690473;95.942;99.29;83.103;102.477;
1900-01-01 04:01:14;1146.0;1745690474;95.905;99.29;83.103;102.618;
1900-01-01 04:01:15;1147.0;1745690475;95.905;99.446;82.97;102.595;
1900-01-01 04:01:16;1148.0;1745690476;95.982;99.489;82.914;102.595;
1900-01-01 04:01:17;1149.0;1745690477;95.941;99.376;82.914;102.619;
1900-01-01 04:01:18;1150.0;1745690478;95.941;99.376;82.861;102.613;
1900-01-01 04:01:19;1151.0;1745690479;95.952;99.52;82.898;102.613;
1900-01-01 04:01:20;1152.0;1745690480;95.895;99.52;82.898;102.591;
1900-01-01 04:01:21;1153.0;1745690481;95.895;99.594;82.884;102.498;
1900-01-01 04:01:22;1154.0;1745690482;95.82;99.56;82.783;102.498;
1900-01-01 04:01:23;1155.0;1745690483;95.799;99.5;82.783;102.564;
1900-01-01 04:01:24;1156.0;1745690484;95.799;99.5;82.753;102.597;
1900-01-01 04:01:25;1157.0;1745690485;95.781;99.511;82.582;102.597;
1900-01-01 04:01:26;1158.0;1745690486;95.799;99.511;82.582;102.529;
1900-01-01 04:01:27;1159.0;1745690487;95.799;99.578;82.578;102.528;
1900-01-01 04:01:28;1160.0;1745690488;95.715;99.534;82.572;102.528;
1900-01-01 04:01:30;1161.0;1745690490;95.788;99.501;82.572;102.556;
1900-01-01 04:01:30;1162.0;1745690490;95.788;99.501;82.486;102.521;
1900-01-01 04:01:31;1163.0;1745690491;95.81;99.474;82.412;102.521;
1900-01-01 04:01:32;1164.0;1745690492;95.783;99.579;82.412;102.47;
1900-01-01 04:01:33;1165.0;1745690493;95.783;99.579;82.407;102.585;
1900-01-01 04:01:34;1166.0;1745690494;95.8;99.485;82.413;102.585;
1900-01-01 04:01:35;1167.0;1745690495;95.742;99.485;82.413;102.513;
1900-01-01 04:01:36;1168.0;1745690496;95.742;99.562;82.477;102.519;
1900-01-01 04:01:37;1169.0;1745690497;95.732;99.446;82.431;102.519;
1900-01-01 04:01:38;1170.0;1745690498;95.723;99.446;82.431;102.615;
1900-01-01 04:01:39;1171.0;1745690499;95.723;99.417;82.53;102.519;
1900-01-01 04:01:40;1172.0;1745690500;95.681;99.356;82.598;102.519;
1900-01-01 04:01:41;1173.0;1745690501;95.586;99.401;82.598;102.632;
1900-01-01 04:01:42;1174.0;1745690502;95.586;99.401;82.584;102.504;
1900-01-01 04:01:43;1175.0;1745690503;95.536;99.323;82.625;102.504;
1900-01-01 04:01:44;1176.0;1745690504;95.52;99.323;82.625;102.465;
1900-01-01 04:01:45;1177.0;1745690505;95.52;99.412;82.554;102.592;
1900-01-01 04:01:46;1178.0;1745690506;95.551;99.361;82.554;102.592;
1900-01-01 04:01:48;1179.0;1745690508;95.503;99.361;82.397;102.575;
1900-01-01 04:01:48;1180.0;1745690508;95.503;99.338;82.39;102.584;
1900-01-01 04:01:49;1181.0;1745690509;95.56;99.272;82.39;102.584;
1900-01-01 04:01:51;1182.0;1745690511;95.515;99.272;82.276;102.497;
1900-01-01 04:01:51;1183.0;1745690511;95.515;99.318;82.327;102.497;
1900-01-01 04:01:52;1184.0;1745690512;95.667;99.262;82.327;102.53;
1900-01-01 04:01:53;1185.0;1745690513;95.667;99.262;82.362;102.483;
1900-01-01 04:01:54;1186.0;1745690514;95.648;99.279;82.449;102.483;
1900-01-01 04:01:55;1187.0;1745690515;95.702;99.279;82.449;102.522;
1900-01-01 04:01:56;1188.0;1745690516;95.702;99.219;82.557;102.567;
1900-01-01 04:01:57;1189.0;1745690517;95.696;99.274;82.509;102.567;
1900-01-01 04:01:58;1190.0;1745690518;95.709;99.274;82.509;102.538;
1900-01-01 04:01:59;1191.0;1745690519;95.709;99.393;82.495;102.548;
1900-01-01 04:02:00;1192.0;1745690520;95.758;99.335;82.409;102.548;
1900-01-01 04:02:01;1193.0;1745690521;95.691;99.335;82.409;102.545;
1900-01-01 04:02:02;1194.0;1745690522;95.691;99.376;82.398;102.507;
1900-01-01 04:02:03;1195.0;1745690523;95.638;99.321;82.494;102.507;
1900-01-01 04:02:04;1196.0;1745690524;95.631;99.321;82.494;102.465;
1900-01-01 04:02:05;1197.0;1745690525;95.631;99.287;82.45;102.516;
1900-01-01 04:02:06;1198.0;1745690526;95.574;99.357;82.45;102.516;
1900-01-01 04:02:08;1199.0;1745690528;95.619;99.357;82.491;102.45;
