Time;Seconds from start for linreg;Unix Time;ch1 po2;ch2 po2;ch3 po2;ch4 po2;
1900-01-01 02:02:08;1.0;1745683328;100.345;101.902;97.023;102.364;
1900-01-01 02:02:09;2.0;1745683329;100.38;101.885;97.044;102.364;
1900-01-01 02:02:11;3.0;1745683331;100.346;101.976;97.044;102.474;
1900-01-01 02:02:11;4.0;1745683331;100.346;101.976;97.033;102.365;
1900-01-01 02:02:12;5.0;1745683332;100.299;102.021;97.141;102.365;
1900-01-01 02:02:13;6.0;1745683333;100.283;102.021;97.141;102.385;
1900-01-01 02:02:14;7.0;1745683334;100.283;101.928;97.054;102.44;
1900-01-01 02:02:15;8.0;1745683335;100.289;101.993;96.97;102.44;
1900-01-01 02:02:16;9.0;1745683336;100.205;101.993;96.97;102.336;
1900-01-01 02:02:17;10.0;1745683337;100.205;101.968;96.975;102.38;
1900-01-01 02:02:18;11.0;1745683338;100.265;101.921;96.975;102.38;
1900-01-01 02:02:19;12.0;1745683339;100.265;101.921;96.898;102.332;
1900-01-01 02:02:20;13.0;1745683340;100.308;101.81;96.937;102.332;
1900-01-01 02:02:21;14.0;1745683341;100.283;101.894;96.937;102.424;
1900-01-01 02:02:22;15.0;1745683342;100.323;101.894;96.903;102.459;
1900-01-01 02:02:23;16.0;1745683343;100.323;101.897;96.859;102.459;
1900-01-01 02:02:24;17.0;1745683344;100.361;101.84;96.859;102.363;
1900-01-01 02:02:25;18.0;1745683345;100.361;101.84;96.934;102.407;
1900-01-01 02:02:27;19.0;1745683347;100.407;101.805;96.962;102.452;
1900-01-01 02:02:27;20.0;1745683347;100.42;101.805;96.962;102.452;
1900-01-01 02:02:28;21.0;1745683348;100.42;101.91;97.013;102.37;
1900-01-01 02:02:29;22.0;1745683349;100.357;101.904;97.024;102.37;
1900-01-01 02:02:30;23.0;1745683350;100.444;101.826;97.024;102.469;
1900-01-01 02:02:31;24.0;1745683351;100.444;101.826;97.013;102.344;
1900-01-01 02:02:32;25.0;1745683352;100.409;101.832;96.975;102.344;
1900-01-01 02:02:33;26.0;1745683353;100.426;101.859;96.975;102.396;
1900-01-01 02:02:34;27.0;1745683354;100.426;101.859;96.965;102.413;
1900-01-01 02:02:35;28.0;1745683355;100.382;101.874;97.006;102.413;
1900-01-01 02:02:36;29.0;1745683356;100.297;101.874;97.006;102.413;
1900-01-01 02:02:37;30.0;1745683357;100.297;101.828;96.887;102.344;
1900-01-01 02:02:38;31.0;1745683358;100.322;101.85;96.887;102.344;
1900-01-01 02:02:39;32.0;1745683359;100.356;101.85;96.849;102.399;
1900-01-01 02:02:40;33.0;1745683360;100.356;101.752;96.891;102.419;
1900-01-01 02:02:41;34.0;1745683361;100.367;101.745;96.891;102.419;
1900-01-01 02:02:42;35.0;1745683362;100.354;101.745;96.886;102.458;
1900-01-01 02:02:43;36.0;1745683363;100.354;101.819;96.889;102.423;
1900-01-01 02:02:44;37.0;1745683364;100.494;101.842;96.889;102.423;
1900-01-01 02:02:45;38.0;1745683365;100.365;101.842;96.801;102.387;
1900-01-01 02:02:46;39.0;1745683366;100.365;101.781;96.901;102.36;
1900-01-01 02:02:47;40.0;1745683367;100.422;101.855;96.901;102.36;
1900-01-01 02:02:48;41.0;1745683368;100.422;101.855;96.763;102.486;
1900-01-01 02:02:49;42.0;1745683369;100.327;101.814;96.91;102.44;
1900-01-01 02:02:50;43.0;1745683370;100.266;101.814;96.91;102.44;
1900-01-01 02:02:51;44.0;1745683371;100.266;101.824;96.919;102.505;
1900-01-01 02:02:52;45.0;1745683372;100.241;101.795;96.877;102.505;
1900-01-01 02:02:53;46.0;1745683373;100.26;101.795;96.877;102.385;
1900-01-01 02:02:54;47.0;1745683374;100.26;101.893;96.885;102.395;
1900-01-01 02:02:55;48.0;1745683375;100.165;101.851;96.959;102.395;
1900-01-01 02:02:56;49.0;1745683376;100.195;101.851;96.959;102.419;
1900-01-01 02:02:57;50.0;1745683377;100.195;101.824;96.934;102.363;
1900-01-01 02:02:58;51.0;1745683378;100.231;101.828;96.951;102.363;
1900-01-01 02:02:59;52.0;1745683379;100.225;101.828;96.951;102.378;
1900-01-01 02:03:00;53.0;1745683380;100.225;101.785;97.022;102.375;
1900-01-01 02:03:01;54.0;1745683381;100.23;101.737;96.938;102.375;
1900-01-01 02:03:03;55.0;1745683383;100.267;101.737;96.938;102.394;
1900-01-01 02:03:03;56.0;1745683383;100.267;101.879;96.888;102.326;
1900-01-01 02:03:04;57.0;1745683384;100.298;101.983;96.888;102.326;
1900-01-01 02:03:05;58.0;1745683385;100.298;101.983;96.892;102.345;
1900-01-01 02:03:06;59.0;1745683386;100.242;101.878;96.836;102.345;
1900-01-01 02:03:07;60.0;1745683387;100.34;101.844;96.836;102.437;
1900-01-01 02:03:09;61.0;1745683389;100.26;101.844;96.858;102.436;
1900-01-01 02:03:09;62.0;1745683389;100.26;101.818;96.874;102.436;
1900-01-01 02:03:10;63.0;1745683390;100.285;101.899;96.874;102.426;
1900-01-01 02:03:11;64.0;1745683391;100.318;101.899;96.788;102.44;
1900-01-01 02:03:12;65.0;1745683392;100.318;101.798;96.763;102.44;
1900-01-01 02:03:13;66.0;1745683393;100.304;101.757;96.763;102.432;
1900-01-01 02:03:14;67.0;1745683394;100.304;101.757;96.666;102.466;
1900-01-01 02:03:15;68.0;1745683395;100.236;101.715;96.691;102.466;
1900-01-01 02:03:16;69.0;1745683396;100.349;101.757;96.691;102.354;
1900-01-01 02:03:17;70.0;1745683397;100.349;101.757;96.7;102.443;
1900-01-01 02:03:18;71.0;1745683398;100.253;101.756;96.763;102.443;
1900-01-01 02:03:19;72.0;1745683399;100.201;101.756;96.763;102.407;
1900-01-01 02:03:20;73.0;1745683400;100.201;101.827;96.732;102.469;
1900-01-01 02:03:21;74.0;1745683401;100.329;101.819;96.737;102.469;
1900-01-01 02:03:22;75.0;1745683402;100.201;101.819;96.737;102.392;
1900-01-01 02:03:23;76.0;1745683403;100.201;101.867;96.707;102.434;
1900-01-01 02:03:24;77.0;1745683404;100.193;101.878;96.707;102.434;
1900-01-01 02:03:25;78.0;1745683405;100.145;101.878;96.711;102.428;
1900-01-01 02:03:26;79.0;1745683406;100.145;101.797;96.883;102.352;
1900-01-01 02:03:28;80.0;1745683408;100.186;101.917;96.824;102.352;
1900-01-01 02:03:28;81.0;1745683408;100.186;101.917;96.824;102.539;
1900-01-01 02:03:29;82.0;1745683409;100.221;101.902;96.804;102.406;
1900-01-01 02:03:30;83.0;1745683410;100.155;101.813;96.804;102.406;
1900-01-01 02:03:31;84.0;1745683411;100.073;101.813;96.745;102.425;
1900-01-01 02:03:32;85.0;1745683412;100.073;101.817;96.781;102.425;
1900-01-01 02:03:33;86.0;1745683413;100.088;101.83;96.781;102.415;
1900-01-01 02:03:35;87.0;1745683415;100.084;101.83;96.776;102.359;
1900-01-01 02:03:35;88.0;1745683415;100.084;101.777;96.789;102.359;
1900-01-01 02:03:36;89.0;1745683416;100.05;101.684;96.789;102.359;
1900-01-01 02:03:37;90.0;1745683417;100.05;101.684;96.613;102.432;
1900-01-01 02:03:38;91.0;1745683418;100.071;101.691;96.597;102.432;
1900-01-01 02:03:39;92.0;1745683419;99.97;101.702;96.597;102.346;
1900-01-01 02:03:40;93.0;1745683420;99.97;101.702;96.624;102.372;
1900-01-01 02:03:41;94.0;1745683421;99.954;101.728;96.631;102.372;
1900-01-01 02:03:42;95.0;1745683422;99.982;101.728;96.631;102.274;
1900-01-01 02:03:43;96.0;1745683423;99.982;101.852;96.753;102.388;
1900-01-01 02:03:44;97.0;1745683424;100.008;101.811;96.753;102.388;
1900-01-01 02:03:45;98.0;1745683425;100.002;101.811;96.729;102.418;
1900-01-01 02:03:46;99.0;1745683426;100.002;101.759;96.751;102.376;
1900-01-01 02:03:47;100.0;1745683427;100.014;101.849;96.716;102.376;
1900-01-01 02:03:48;101.0;1745683428;99.982;101.849;96.716;102.342;
1900-01-01 02:03:49;102.0;1745683429;99.982;101.764;96.681;102.333;
1900-01-01 02:03:50;103.0;1745683430;100.114;101.781;96.681;102.333;
1900-01-01 02:03:52;104.0;1745683432;100.091;101.781;96.741;102.396;
1900-01-01 02:03:52;105.0;1745683432;100.091;101.726;96.68;102.411;
1900-01-01 02:03:54;106.0;1745683434;100.114;101.847;96.68;102.411;
1900-01-01 02:03:54;107.0;1745683434;100.114;101.847;96.663;102.493;
1900-01-01 02:03:55;108.0;1745683435;100.138;101.79;96.661;102.467;
1900-01-01 02:03:57;109.0;1745683437;100.092;101.743;96.661;102.467;
1900-01-01 02:03:57;110.0;1745683437;100.092;101.743;96.593;102.405;
1900-01-01 02:03:58;111.0;1745683438;100.14;101.864;96.581;102.405;
1900-01-01 02:03:59;112.0;1745683439;100.204;101.864;96.581;102.446;
1900-01-01 02:04:00;113.0;1745683440;100.204;101.933;96.471;102.453;
1900-01-01 02:04:02;114.0;1745683442;100.099;101.895;96.475;102.453;
1900-01-01 02:04:02;115.0;1745683442;100.106;101.895;96.475;102.325;
1900-01-01 02:04:03;116.0;1745683443;100.106;101.818;96.454;102.437;
1900-01-01 02:04:04;117.0;1745683444;100.081;101.839;96.481;102.437;
1900-01-01 02:04:05;118.0;1745683445;100.028;101.839;96.481;102.42;
1900-01-01 02:04:06;119.0;1745683446;100.028;101.802;96.494;102.366;
1900-01-01 02:04:07;120.0;1745683447;100.044;101.742;96.494;102.366;
1900-01-01 02:04:08;121.0;1745683448;100.194;101.742;96.475;102.406;
1900-01-01 02:04:09;122.0;1745683449;100.194;101.759;96.614;102.461;
1900-01-01 02:04:10;123.0;1745683450;100.213;101.822;96.614;102.461;
1900-01-01 02:04:11;124.0;1745683451;100.147;101.822;96.587;102.444;
1900-01-01 02:04:12;125.0;1745683452;100.147;101.784;96.567;102.358;
1900-01-01 02:04:13;126.0;1745683453;100.093;101.856;96.567;102.358;
1900-01-01 02:04:14;127.0;1745683454;100.128;101.856;96.451;102.414;
1900-01-01 02:04:15;128.0;1745683455;100.128;101.818;96.357;102.445;
1900-01-01 02:04:16;129.0;1745683456;100.093;101.799;96.357;102.445;
1900-01-01 02:04:17;130.0;1745683457;100.004;101.799;96.409;102.421;
1900-01-01 02:04:18;131.0;1745683458;100.004;101.845;96.357;102.408;
1900-01-01 02:04:19;132.0;1745683459;100.015;101.873;96.357;102.408;
1900-01-01 02:04:20;133.0;1745683460;100.049;101.873;96.486;102.463;
1900-01-01 02:04:21;134.0;1745683461;100.049;101.828;96.446;102.403;
1900-01-01 02:04:22;135.0;1745683462;100.065;101.747;96.432;102.403;
1900-01-01 02:04:24;136.0;1745683464;100.07;101.747;96.432;102.372;
1900-01-01 02:04:24;137.0;1745683464;100.07;101.811;96.455;102.38;
1900-01-01 02:04:25;138.0;1745683465;100.091;101.852;96.455;102.38;
1900-01-01 02:04:26;139.0;1745683466;100.139;101.852;96.588;102.433;
1900-01-01 02:04:27;140.0;1745683467;100.139;101.819;96.587;102.424;
1900-01-01 02:04:28;141.0;1745683468;100.137;101.827;96.587;102.424;
1900-01-01 02:04:30;142.0;1745683470;100.122;101.827;96.497;102.472;
1900-01-01 02:04:30;143.0;1745683470;100.122;101.874;96.53;102.472;
1900-01-01 02:04:31;144.0;1745683471;100.122;101.848;96.53;102.454;
1900-01-01 02:04:32;145.0;1745683472;100.122;101.848;96.493;102.395;
1900-01-01 02:04:33;146.0;1745683473;100.139;101.89;96.529;102.395;
1900-01-01 02:04:34;147.0;1745683474;100.147;101.798;96.529;102.47;
1900-01-01 02:04:35;148.0;1745683475;100.147;101.798;96.432;102.439;
1900-01-01 02:04:36;149.0;1745683476;100.116;101.883;96.48;102.439;
1900-01-01 02:04:37;150.0;1745683477;100.129;101.883;96.48;102.481;
1900-01-01 02:04:38;151.0;1745683478;100.129;101.883;96.387;102.442;
1900-01-01 02:04:39;152.0;1745683479;100.13;101.841;96.387;102.442;
1900-01-01 02:04:40;153.0;1745683480;100.15;101.841;96.347;102.445;
1900-01-01 02:04:41;154.0;1745683481;100.15;101.807;96.433;102.319;
1900-01-01 02:04:42;155.0;1745683482;100.055;101.885;96.433;102.319;
1900-01-01 02:04:43;156.0;1745683483;99.99;101.885;96.449;102.427;
1900-01-01 02:04:44;157.0;1745683484;99.99;101.847;96.383;102.428;
1900-01-01 02:04:45;158.0;1745683485;99.918;101.855;96.383;102.428;
1900-01-01 02:04:46;159.0;1745683486;99.918;101.855;96.358;102.41;
1900-01-01 02:04:47;160.0;1745683487;99.935;101.861;96.312;102.41;
1900-01-01 02:04:48;161.0;1745683488;99.901;101.868;96.312;102.447;
1900-01-01 02:04:49;162.0;1745683489;99.903;101.868;96.426;102.335;
1900-01-01 02:04:51;163.0;1745683491;99.903;101.879;96.461;102.392;
1900-01-01 02:04:51;164.0;1745683491;99.92;101.808;96.461;102.392;
1900-01-01 02:04:52;165.0;1745683492;99.948;101.808;96.442;102.364;
1900-01-01 02:04:53;166.0;1745683493;99.948;101.792;96.404;102.364;
1900-01-01 02:04:54;167.0;1745683494;99.93;101.697;96.404;102.377;
1900-01-01 02:04:55;168.0;1745683495;99.93;101.697;96.372;102.323;
1900-01-01 02:04:56;169.0;1745683496;99.902;101.772;96.345;102.323;
1900-01-01 02:04:57;170.0;1745683497;99.955;101.772;96.345;102.377;
1900-01-01 02:04:58;171.0;1745683498;99.955;101.633;96.268;102.373;
1900-01-01 02:04:59;172.0;1745683499;99.906;101.652;96.314;102.373;
1900-01-01 02:05:01;173.0;1745683501;99.875;101.562;96.314;102.298;
1900-01-01 02:05:01;174.0;1745683501;99.875;101.562;96.378;102.352;
1900-01-01 02:05:02;175.0;1745683502;99.891;101.525;96.361;102.352;
1900-01-01 02:05:03;176.0;1745683503;99.851;101.525;96.361;102.335;
1900-01-01 02:05:04;177.0;1745683504;99.851;101.575;96.319;102.365;
1900-01-01 02:05:06;178.0;1745683506;99.805;101.548;96.341;102.365;
1900-01-01 02:05:06;179.0;1745683506;99.811;101.548;96.341;102.358;
1900-01-01 02:05:07;180.0;1745683507;99.811;101.722;96.321;102.417;
1900-01-01 02:05:08;181.0;1745683508;99.813;101.621;96.321;102.417;
1900-01-01 02:05:09;182.0;1745683509;99.804;101.621;96.246;102.322;
1900-01-01 02:05:10;183.0;1745683510;99.804;101.614;96.19;102.417;
1900-01-01 02:05:11;184.0;1745683511;99.73;101.558;96.19;102.417;
1900-01-01 02:05:12;185.0;1745683512;99.746;101.558;96.249;102.428;
1900-01-01 02:05:13;186.0;1745683513;99.746;101.609;96.258;102.428;
1900-01-01 02:05:14;187.0;1745683514;99.749;101.642;96.258;102.378;
1900-01-01 02:05:15;188.0;1745683515;99.899;101.642;96.171;102.406;
1900-01-01 02:05:16;189.0;1745683516;99.899;101.614;96.32;102.383;
1900-01-01 02:05:17;190.0;1745683517;99.909;101.625;96.32;102.383;
1900-01-01 02:05:18;191.0;1745683518;99.909;101.625;96.209;102.432;
1900-01-01 02:05:19;192.0;1745683519;99.887;101.631;96.333;102.484;
1900-01-01 02:05:20;193.0;1745683520;99.804;101.683;96.333;102.484;
1900-01-01 02:05:22;194.0;1745683522;99.764;101.683;96.204;102.413;
1900-01-01 02:05:22;195.0;1745683522;99.764;101.737;96.24;102.413;
1900-01-01 02:05:23;196.0;1745683523;99.702;101.67;96.24;102.471;
1900-01-01 02:05:24;197.0;1745683524;99.702;101.67;96.206;102.403;
1900-01-01 02:05:25;198.0;1745683525;99.702;101.754;96.242;102.403;
1900-01-01 02:05:26;199.0;1745683526;99.801;101.754;96.242;102.38;
1900-01-01 02:05:27;200.0;1745683527;99.801;101.78;96.214;102.463;
1900-01-01 02:05:28;201.0;1745683528;99.754;101.738;96.142;102.463;
1900-01-01 02:05:29;202.0;1745683529;99.705;101.738;96.142;102.388;
1900-01-01 02:05:30;203.0;1745683530;99.705;101.715;96.321;102.466;
1900-01-01 02:05:31;204.0;1745683531;99.806;101.878;96.308;102.466;
1900-01-01 02:05:32;205.0;1745683532;99.777;101.878;96.308;102.414;
1900-01-01 02:05:33;206.0;1745683533;99.777;101.855;96.322;102.508;
1900-01-01 02:05:34;207.0;1745683534;99.791;101.825;96.259;102.508;
1900-01-01 02:05:35;208.0;1745683535;99.813;101.825;96.259;102.441;
1900-01-01 02:05:36;209.0;1745683536;99.813;101.835;96.241;102.422;
1900-01-01 02:05:37;210.0;1745683537;99.816;101.823;96.167;102.422;
1900-01-01 02:05:38;211.0;1745683538;99.816;101.823;96.167;102.43;
1900-01-01 02:05:39;212.0;1745683539;99.788;101.946;96.118;102.361;
1900-01-01 02:05:40;213.0;1745683540;99.837;101.833;96.118;102.361;
1900-01-01 02:05:41;214.0;1745683541;99.837;101.833;96.062;102.434;
1900-01-01 02:05:42;215.0;1745683542;99.829;101.887;95.974;102.434;
1900-01-01 02:05:43;216.0;1745683543;99.762;101.807;95.974;102.374;
1900-01-01 02:05:44;217.0;1745683544;99.762;101.807;96.109;102.379;
1900-01-01 02:05:45;218.0;1745683545;99.759;101.82;96.148;102.379;
1900-01-01 02:05:46;219.0;1745683546;99.811;101.82;96.148;102.464;
1900-01-01 02:05:47;220.0;1745683547;99.811;101.842;96.167;102.391;
1900-01-01 02:05:48;221.0;1745683548;99.765;101.853;96.167;102.391;
1900-01-01 02:05:49;222.0;1745683549;99.69;101.853;96.092;102.399;
1900-01-01 02:05:50;223.0;1745683550;99.69;101.754;96.087;102.345;
1900-01-01 02:05:51;224.0;1745683551;99.681;101.824;96.04;102.345;
1900-01-01 02:05:52;225.0;1745683552;99.713;101.824;96.04;102.334;
1900-01-01 02:05:53;226.0;1745683553;99.713;101.793;96.104;102.439;
1900-01-01 02:05:54;227.0;1745683554;99.689;101.798;96.104;102.439;
1900-01-01 02:05:55;228.0;1745683555;99.732;101.798;96.05;102.391;
1900-01-01 02:05:56;229.0;1745683556;99.732;101.783;96.063;102.391;
1900-01-01 02:05:57;230.0;1745683557;99.75;101.763;96.063;102.422;
1900-01-01 02:05:58;231.0;1745683558;99.643;101.763;96.147;102.381;
1900-01-01 02:05:59;232.0;1745683559;99.643;101.794;96.144;102.306;
1900-01-01 02:06:00;233.0;1745683560;99.779;101.726;96.144;102.306;
1900-01-01 02:06:01;234.0;1745683561;99.828;101.726;96.1;102.44;
1900-01-01 02:06:02;235.0;1745683562;99.828;101.607;96.042;102.422;
1900-01-01 02:06:03;236.0;1745683563;99.796;101.601;96.042;102.422;
1900-01-01 02:06:04;237.0;1745683564;99.796;101.601;96.058;102.321;
1900-01-01 02:06:05;238.0;1745683565;99.768;101.543;96.165;102.321;
1900-01-01 02:06:06;239.0;1745683566;99.795;101.626;96.165;102.431;
1900-01-01 02:06:07;240.0;1745683567;99.795;101.626;96.03;102.402;
1900-01-01 02:06:08;241.0;1745683568;99.777;101.626;96.006;102.402;
1900-01-01 02:06:09;242.0;1745683569;99.771;101.626;96.006;102.518;
1900-01-01 02:06:10;243.0;1745683570;99.771;101.587;95.926;102.405;
1900-01-01 02:06:12;244.0;1745683572;99.732;101.731;95.971;102.405;
1900-01-01 02:06:12;245.0;1745683572;99.786;101.731;95.971;102.393;
1900-01-01 02:06:13;246.0;1745683573;99.786;101.713;95.866;102.376;
1900-01-01 02:06:14;247.0;1745683574;99.774;101.792;95.958;102.376;
1900-01-01 02:06:15;248.0;1745683575;99.619;101.792;95.958;102.365;
1900-01-01 02:06:16;249.0;1745683576;99.619;101.785;95.969;102.426;
1900-01-01 02:06:17;250.0;1745683577;99.655;101.698;95.969;102.426;
1900-01-01 02:06:18;251.0;1745683578;99.627;101.698;95.989;102.319;
1900-01-01 02:06:19;252.0;1745683579;99.627;101.632;96.084;102.464;
1900-01-01 02:06:20;253.0;1745683580;99.662;101.69;96.084;102.464;
1900-01-01 02:06:21;254.0;1745683581;99.662;101.69;95.959;102.39;
1900-01-01 02:06:22;255.0;1745683582;99.626;101.646;95.88;102.408;
1900-01-01 02:06:23;256.0;1745683583;99.562;101.718;95.88;102.408;
1900-01-01 02:06:24;257.0;1745683584;99.562;101.718;95.954;102.396;
1900-01-01 02:06:25;258.0;1745683585;99.501;101.693;95.824;102.396;
1900-01-01 02:06:27;259.0;1745683587;99.54;101.759;95.824;102.456;
1900-01-01 02:06:27;260.0;1745683587;99.54;101.759;95.963;102.341;
1900-01-01 02:06:28;261.0;1745683588;99.524;101.688;95.838;102.341;
1900-01-01 02:06:29;262.0;1745683589;99.554;101.757;95.838;102.408;
1900-01-01 02:06:30;263.0;1745683590;99.554;101.757;95.991;102.404;
1900-01-01 02:06:31;264.0;1745683591;99.515;101.723;96.06;102.404;
1900-01-01 02:06:32;265.0;1745683592;99.594;101.644;96.06;102.478;
1900-01-01 02:06:33;266.0;1745683593;99.594;101.644;96.047;102.529;
1900-01-01 02:06:34;267.0;1745683594;99.549;101.59;96.052;102.529;
1900-01-01 02:06:35;268.0;1745683595;99.621;101.697;96.052;102.493;
1900-01-01 02:06:36;269.0;1745683596;99.621;101.697;96.028;102.458;
1900-01-01 02:06:37;270.0;1745683597;99.564;101.728;96.011;102.458;
1900-01-01 02:06:38;271.0;1745683598;99.538;101.728;96.011;102.367;
1900-01-01 02:06:39;272.0;1745683599;99.538;101.782;95.949;102.478;
1900-01-01 02:06:40;273.0;1745683600;99.559;101.669;95.925;102.478;
1900-01-01 02:06:41;274.0;1745683601;99.458;101.669;95.925;102.44;
1900-01-01 02:06:42;275.0;1745683602;99.458;101.69;95.902;102.453;
1900-01-01 02:06:43;276.0;1745683603;99.493;101.689;95.902;102.453;
1900-01-01 02:06:44;277.0;1745683604;99.381;101.689;95.948;102.482;
1900-01-01 02:06:45;278.0;1745683605;99.381;101.758;95.92;102.459;
1900-01-01 02:06:46;279.0;1745683606;99.504;101.75;95.92;102.459;
1900-01-01 02:06:47;280.0;1745683607;99.511;101.75;95.778;102.458;
1900-01-01 02:06:48;281.0;1745683608;99.511;101.73;95.835;102.435;
1900-01-01 02:06:49;282.0;1745683609;99.625;101.749;95.835;102.435;
1900-01-01 02:06:50;283.0;1745683610;99.625;101.749;95.868;102.453;
1900-01-01 02:06:51;284.0;1745683611;99.572;101.677;95.826;102.453;
1900-01-01 02:06:52;285.0;1745683612;99.605;101.641;95.826;102.389;
1900-01-01 02:06:53;286.0;1745683613;99.605;101.641;95.902;102.391;
1900-01-01 02:06:54;287.0;1745683614;99.51;101.724;95.96;102.391;
1900-01-01 02:06:55;288.0;1745683615;99.606;101.654;95.96;102.433;
1900-01-01 02:06:56;289.0;1745683616;99.606;101.654;95.96;102.466;
1900-01-01 02:06:57;290.0;1745683617;99.562;101.687;95.967;102.466;
1900-01-01 02:06:58;291.0;1745683618;99.555;101.679;95.967;102.317;
1900-01-01 02:06:59;292.0;1745683619;99.555;101.679;95.862;102.445;
1900-01-01 02:07:00;293.0;1745683620;99.509;101.725;95.889;102.445;
1900-01-01 02:07:01;294.0;1745683621;99.51;101.725;95.889;102.434;
1900-01-01 02:07:02;295.0;1745683622;99.51;101.6;95.751;102.42;
1900-01-01 02:07:03;296.0;1745683623;99.597;101.585;95.751;102.42;
1900-01-01 02:07:04;297.0;1745683624;99.649;101.585;95.758;102.346;
1900-01-01 02:07:05;298.0;1745683625;99.649;101.576;95.739;102.423;
1900-01-01 02:07:06;299.0;1745683626;99.522;101.646;95.739;102.423;
1900-01-01 02:07:07;300.0;1745683627;99.496;101.646;95.823;102.47;
1900-01-01 02:07:08;301.0;1745683628;99.496;101.561;95.812;102.438;
1900-01-01 02:07:09;302.0;1745683629;99.598;101.621;95.812;102.438;
1900-01-01 02:07:10;303.0;1745683630;99.598;101.621;95.784;102.345;
1900-01-01 02:07:11;304.0;1745683631;99.544;101.701;95.781;102.369;
1900-01-01 02:07:12;305.0;1745683632;99.582;101.708;95.781;102.369;
1900-01-01 02:07:13;306.0;1745683633;99.582;101.708;95.772;102.501;
1900-01-01 02:07:14;307.0;1745683634;99.651;101.778;95.706;102.501;
1900-01-01 02:07:15;308.0;1745683635;99.617;101.821;95.706;102.432;
1900-01-01 02:07:16;309.0;1745683636;99.617;101.821;95.721;102.513;
1900-01-01 02:07:17;310.0;1745683637;99.619;101.776;95.61;102.513;
1900-01-01 02:07:18;311.0;1745683638;99.603;101.671;95.61;102.5;
1900-01-01 02:07:19;312.0;1745683639;99.603;101.671;95.75;102.396;
1900-01-01 02:07:20;313.0;1745683640;99.616;101.76;95.756;102.396;
1900-01-01 02:07:21;314.0;1745683641;99.561;101.76;95.756;102.464;
1900-01-01 02:07:22;315.0;1745683642;99.561;101.712;95.674;102.414;
1900-01-01 02:07:23;316.0;1745683643;99.558;101.595;95.674;102.414;
1900-01-01 02:07:24;317.0;1745683644;99.491;101.595;95.59;102.522;
1900-01-01 02:07:25;318.0;1745683645;99.491;101.593;95.639;102.522;
1900-01-01 02:07:26;319.0;1745683646;99.433;101.686;95.639;102.511;
1900-01-01 02:07:27;320.0;1745683647;99.491;101.686;95.621;102.411;
1900-01-01 02:07:28;321.0;1745683648;99.491;101.589;95.645;102.411;
1900-01-01 02:07:29;322.0;1745683649;99.465;101.627;95.645;102.406;
1900-01-01 02:07:31;323.0;1745683651;99.485;101.627;95.679;102.439;
1900-01-01 02:07:31;324.0;1745683651;99.485;101.534;95.609;102.439;
1900-01-01 02:07:32;325.0;1745683652;99.434;101.563;95.609;102.461;
1900-01-01 02:07:33;326.0;1745683653;99.434;101.563;95.455;102.408;
1900-01-01 02:07:34;327.0;1745683654;99.477;101.483;95.456;102.408;
1900-01-01 02:07:35;328.0;1745683655;99.387;101.529;95.456;102.416;
1900-01-01 02:07:36;329.0;1745683656;99.387;101.529;95.436;102.479;
1900-01-01 02:07:37;330.0;1745683657;99.321;101.447;95.569;102.479;
1900-01-01 02:07:38;331.0;1745683658;99.313;101.447;95.569;102.363;
1900-01-01 02:07:39;332.0;1745683659;99.313;101.605;95.619;102.374;
1900-01-01 02:07:40;333.0;1745683660;99.288;101.588;95.594;102.374;
1900-01-01 02:07:41;334.0;1745683661;99.28;101.588;95.594;102.417;
1900-01-01 02:07:42;335.0;1745683662;99.28;101.504;95.653;102.329;
1900-01-01 02:07:43;336.0;1745683663;99.211;101.545;95.653;102.329;
1900-01-01 02:07:44;337.0;1745683664;99.248;101.545;95.62;102.463;
1900-01-01 02:07:45;338.0;1745683665;99.248;101.652;95.609;102.414;
1900-01-01 02:07:47;339.0;1745683667;99.243;101.586;95.644;102.414;
1900-01-01 02:07:47;340.0;1745683667;99.218;101.586;95.644;102.337;
1900-01-01 02:07:48;341.0;1745683668;99.218;101.54;95.522;102.41;
1900-01-01 02:07:49;342.0;1745683669;99.277;101.547;95.522;102.41;
1900-01-01 02:07:51;343.0;1745683671;99.296;101.547;95.473;102.399;
1900-01-01 02:07:51;344.0;1745683671;99.296;101.537;95.532;102.399;
1900-01-01 02:07:52;345.0;1745683672;99.31;101.521;95.532;102.421;
1900-01-01 02:07:53;346.0;1745683673;99.31;101.521;95.484;102.37;
1900-01-01 02:07:54;347.0;1745683674;99.264;101.612;95.573;102.37;
1900-01-01 02:07:55;348.0;1745683675;99.284;101.612;95.573;102.438;
1900-01-01 02:07:56;349.0;1745683676;99.284;101.619;95.55;102.45;
1900-01-01 02:07:57;350.0;1745683677;99.228;101.595;95.543;102.45;
1900-01-01 02:07:58;351.0;1745683678;99.213;101.595;95.543;102.436;
1900-01-01 02:07:59;352.0;1745683679;99.213;101.639;95.586;102.431;
1900-01-01 02:08:00;353.0;1745683680;99.188;101.594;95.576;102.431;
1900-01-01 02:08:01;354.0;1745683681;99.177;101.594;95.576;102.356;
1900-01-01 02:08:02;355.0;1745683682;99.177;101.653;95.563;102.461;
1900-01-01 02:08:03;356.0;1745683683;99.291;101.707;95.489;102.461;
1900-01-01 02:08:05;357.0;1745683685;99.251;101.707;95.489;102.474;
1900-01-01 02:08:05;358.0;1745683685;99.251;101.73;95.572;102.442;
1900-01-01 02:08:06;359.0;1745683686;99.316;101.674;95.572;102.442;
1900-01-01 02:08:07;360.0;1745683687;99.316;101.674;95.534;102.576;
1900-01-01 02:08:08;361.0;1745683688;99.352;101.668;95.45;102.441;
1900-01-01 02:08:09;362.0;1745683689;99.333;101.697;95.45;102.441;
1900-01-01 02:08:10;363.0;1745683690;99.333;101.697;95.441;102.413;
1900-01-01 02:08:11;364.0;1745683691;99.319;101.641;95.361;102.413;
1900-01-01 02:08:13;365.0;1745683693;99.317;101.57;95.361;102.466;
1900-01-01 02:08:13;366.0;1745683693;99.317;101.57;95.372;102.428;
1900-01-01 02:08:14;367.0;1745683694;99.359;101.562;95.368;102.428;
1900-01-01 02:08:15;368.0;1745683695;99.306;101.562;95.368;102.472;
1900-01-01 02:08:16;369.0;1745683696;99.306;101.468;95.44;102.519;
1900-01-01 02:08:17;370.0;1745683697;99.342;101.489;95.573;102.519;
1900-01-01 02:08:18;371.0;1745683698;99.314;101.531;95.573;102.414;
1900-01-01 02:08:19;372.0;1745683699;99.314;101.531;95.586;102.474;
1900-01-01 02:08:20;373.0;1745683700;99.373;101.56;95.566;102.474;
1900-01-01 02:08:21;374.0;1745683701;99.341;101.548;95.566;102.455;
1900-01-01 02:08:22;375.0;1745683702;99.341;101.548;95.545;102.466;
1900-01-01 02:08:23;376.0;1745683703;99.298;101.56;95.455;102.466;
1900-01-01 02:08:24;377.0;1745683704;99.344;101.56;95.455;102.433;
1900-01-01 02:08:25;378.0;1745683705;99.344;101.572;95.456;102.488;
1900-01-01 02:08:26;379.0;1745683706;99.319;101.499;95.456;102.488;
1900-01-01 02:08:27;380.0;1745683707;99.291;101.499;95.405;102.385;
1900-01-01 02:08:28;381.0;1745683708;99.291;101.505;95.308;102.469;
1900-01-01 02:08:29;382.0;1745683709;99.314;101.568;95.308;102.469;
1900-01-01 02:08:30;383.0;1745683710;99.215;101.568;95.289;102.413;
1900-01-01 02:08:31;384.0;1745683711;99.215;101.478;95.2;102.441;
1900-01-01 02:08:32;385.0;1745683712;99.243;101.54;95.2;102.441;
1900-01-01 02:08:33;386.0;1745683713;99.202;101.54;95.298;102.45;
1900-01-01 02:08:34;387.0;1745683714;99.202;101.397;95.203;102.45;
1900-01-01 02:08:35;388.0;1745683715;99.157;101.55;95.203;102.427;
1900-01-01 02:08:37;389.0;1745683717;99.052;101.55;95.216;102.471;
1900-01-01 02:08:37;390.0;1745683717;99.052;101.488;95.22;102.471;
1900-01-01 02:08:38;391.0;1745683718;99.151;101.506;95.22;102.487;
1900-01-01 02:08:39;392.0;1745683719;99.151;101.506;95.298;102.409;
1900-01-01 02:08:40;393.0;1745683720;99.227;101.6;95.339;102.409;
1900-01-01 02:08:41;394.0;1745683721;99.241;101.509;95.339;102.468;
1900-01-01 02:08:42;395.0;1745683722;99.241;101.509;95.349;102.52;
1900-01-01 02:08:43;396.0;1745683723;99.191;101.526;95.327;102.52;
1900-01-01 02:08:44;397.0;1745683724;99.25;101.526;95.327;102.444;
1900-01-01 02:08:45;398.0;1745683725;99.25;101.402;95.286;102.503;
1900-01-01 02:08:46;399.0;1745683726;99.246;101.458;95.286;102.503;
1900-01-01 02:08:47;400.0;1745683727;99.266;101.458;95.369;102.482;
1900-01-01 02:08:48;401.0;1745683728;99.266;101.48;95.359;102.457;
1900-01-01 02:08:49;402.0;1745683729;99.228;101.522;95.359;102.457;
1900-01-01 02:08:50;403.0;1745683730;99.221;101.522;95.349;102.456;
1900-01-01 02:08:51;404.0;1745683731;99.221;101.476;95.394;102.456;
1900-01-01 02:08:52;405.0;1745683732;99.182;101.538;95.394;102.421;
1900-01-01 02:08:53;406.0;1745683733;99.191;101.538;95.268;102.365;
1900-01-01 02:08:54;407.0;1745683734;99.191;101.404;95.197;102.391;
1900-01-01 02:08:56;408.0;1745683736;99.074;101.428;95.184;102.391;
1900-01-01 02:08:56;409.0;1745683736;99.074;101.428;95.184;102.493;
1900-01-01 02:08:57;410.0;1745683737;99.065;101.385;95.159;102.462;
1900-01-01 02:08:58;411.0;1745683738;99.1;101.42;95.159;102.462;
1900-01-01 02:08:59;412.0;1745683739;99.1;101.42;95.147;102.492;
1900-01-01 02:09:00;413.0;1745683740;99.07;101.4;95.087;102.492;
1900-01-01 02:09:01;414.0;1745683741;98.967;101.394;95.087;102.396;
1900-01-01 02:09:02;415.0;1745683742;98.967;101.394;95.009;102.359;
1900-01-01 02:09:03;416.0;1745683743;98.968;101.499;95.068;102.359;
1900-01-01 02:09:04;417.0;1745683744;98.93;101.499;95.068;102.376;
1900-01-01 02:09:05;418.0;1745683745;98.93;101.48;95.063;102.398;
1900-01-01 02:09:06;419.0;1745683746;98.939;101.446;94.96;102.398;
1900-01-01 02:09:08;420.0;1745683748;98.982;101.526;94.96;102.457;
1900-01-01 02:09:08;421.0;1745683748;98.982;101.526;94.97;102.422;
1900-01-01 02:09:09;422.0;1745683749;98.991;101.504;95.016;102.422;
1900-01-01 02:09:10;423.0;1745683750;98.989;101.504;95.016;102.449;
1900-01-01 02:09:11;424.0;1745683751;98.989;101.532;95.142;102.41;
1900-01-01 02:09:12;425.0;1745683752;98.971;101.464;95.264;102.41;
1900-01-01 02:09:13;426.0;1745683753;98.891;101.464;95.264;102.477;
1900-01-01 02:09:14;427.0;1745683754;98.891;101.536;95.287;102.489;
1900-01-01 02:09:15;428.0;1745683755;98.884;101.476;95.32;102.489;
1900-01-01 02:09:16;429.0;1745683756;98.87;101.481;95.32;102.464;
1900-01-01 02:09:17;430.0;1745683757;98.87;101.481;95.256;102.484;
1900-01-01 02:09:18;431.0;1745683758;98.891;101.475;95.214;102.484;
1900-01-01 02:09:19;432.0;1745683759;98.903;101.475;95.214;102.435;
1900-01-01 02:09:20;433.0;1745683760;98.903;101.429;95.104;102.481;
1900-01-01 02:09:21;434.0;1745683761;98.868;101.399;95.133;102.481;
1900-01-01 02:09:23;435.0;1745683763;99.026;101.495;95.133;102.436;
1900-01-01 02:09:23;436.0;1745683763;99.026;101.495;95.197;102.443;
1900-01-01 02:09:24;437.0;1745683764;98.959;101.476;95.051;102.443;
1900-01-01 02:09:25;438.0;1745683765;98.914;101.476;95.051;102.441;
1900-01-01 02:09:27;439.0;1745683767;98.914;101.608;94.991;102.436;
1900-01-01 02:09:27;440.0;1745683767;98.967;101.515;95.002;102.436;
1900-01-01 02:09:28;441.0;1745683768;99.045;101.515;95.002;102.413;
1900-01-01 02:09:29;442.0;1745683769;99.045;101.589;95.009;102.443;
1900-01-01 02:09:30;443.0;1745683770;98.966;101.602;94.984;102.443;
1900-01-01 02:09:31;444.0;1745683771;98.978;101.584;94.984;102.493;
1900-01-01 02:09:32;445.0;1745683772;98.978;101.584;95.077;102.43;
1900-01-01 02:09:33;446.0;1745683773;98.985;101.509;95.173;102.43;
1900-01-01 02:09:34;447.0;1745683774;98.985;101.509;95.173;102.529;
1900-01-01 02:09:35;448.0;1745683775;98.985;101.427;95.218;102.455;
1900-01-01 02:09:36;449.0;1745683776;99.066;101.459;95.218;102.455;
1900-01-01 02:09:37;450.0;1745683777;98.974;101.459;95.288;102.488;
1900-01-01 02:09:38;451.0;1745683778;98.974;101.435;95.276;102.488;
1900-01-01 02:09:39;452.0;1745683779;99.015;101.412;95.276;102.427;
1900-01-01 02:09:41;453.0;1745683781;98.894;101.412;95.221;102.442;
1900-01-01 02:09:41;454.0;1745683781;98.894;101.386;95.256;102.442;
1900-01-01 02:09:42;455.0;1745683782;98.849;101.44;95.256;102.467;
1900-01-01 02:09:43;456.0;1745683783;98.849;101.44;95.29;102.423;
1900-01-01 02:09:44;457.0;1745683784;98.964;101.458;95.159;102.423;
1900-01-01 02:09:45;458.0;1745683785;98.95;101.458;95.159;102.462;
1900-01-01 02:09:46;459.0;1745683786;98.95;101.438;95.149;102.393;
1900-01-01 02:09:48;460.0;1745683788;98.853;101.471;95.062;102.393;
1900-01-01 02:09:48;461.0;1745683788;98.92;101.471;95.062;102.402;
1900-01-01 02:09:49;462.0;1745683789;98.92;101.435;94.989;102.423;
1900-01-01 02:09:50;463.0;1745683790;98.913;101.488;94.989;102.423;
1900-01-01 02:09:51;464.0;1745683791;98.928;101.488;94.915;102.501;
1900-01-01 02:09:52;465.0;1745683792;98.928;101.398;94.908;102.403;
1900-01-01 02:09:53;466.0;1745683793;98.982;101.341;94.908;102.403;
1900-01-01 02:09:54;467.0;1745683794;98.921;101.341;94.852;102.444;
1900-01-01 02:09:55;468.0;1745683795;98.921;101.411;94.795;102.512;
1900-01-01 02:09:56;469.0;1745683796;98.979;101.286;94.795;102.512;
1900-01-01 02:09:58;470.0;1745683798;98.908;101.286;94.64;102.49;
1900-01-01 02:09:58;471.0;1745683798;98.908;101.301;94.415;102.49;
1900-01-01 02:09:59;472.0;1745683799;98.885;101.393;94.415;102.401;
1900-01-01 02:10:00;473.0;1745683800;98.932;101.393;94.238;102.467;
1900-01-01 02:10:01;474.0;1745683801;98.932;101.302;94.235;102.467;
1900-01-01 02:10:02;475.0;1745683802;98.965;101.326;94.235;102.467;
1900-01-01 02:10:03;476.0;1745683803;98.965;101.326;94.385;102.482;
1900-01-01 02:10:04;477.0;1745683804;98.943;101.234;94.47;102.5;
1900-01-01 02:10:05;478.0;1745683805;98.942;101.234;94.47;102.5;
1900-01-01 02:10:06;479.0;1745683806;98.942;101.195;94.636;102.483;
1900-01-01 02:10:07;480.0;1745683807;98.884;101.249;94.682;102.483;
1900-01-01 02:10:08;481.0;1745683808;98.961;101.249;94.682;102.424;
1900-01-01 02:10:09;482.0;1745683809;98.961;101.28;94.758;102.521;
1900-01-01 02:10:10;483.0;1745683810;98.892;101.307;94.839;102.521;
1900-01-01 02:10:11;484.0;1745683811;98.908;101.307;94.839;102.529;
1900-01-01 02:10:12;485.0;1745683812;98.908;101.273;94.819;102.493;
1900-01-01 02:10:13;486.0;1745683813;98.879;101.298;94.731;102.493;
1900-01-01 02:10:14;487.0;1745683814;98.79;101.298;94.731;102.417;
1900-01-01 02:10:15;488.0;1745683815;98.79;101.425;94.791;102.547;
1900-01-01 02:10:17;489.0;1745683817;98.823;101.331;94.691;102.547;
1900-01-01 02:10:17;490.0;1745683817;98.827;101.331;94.691;102.445;
1900-01-01 02:10:18;491.0;1745683818;98.827;101.421;94.708;102.516;
1900-01-01 02:10:20;492.0;1745683820;98.777;101.298;94.66;102.516;
1900-01-01 02:10:20;493.0;1745683820;98.777;101.298;94.66;102.515;
1900-01-01 02:10:21;494.0;1745683821;98.763;101.347;94.726;102.394;
1900-01-01 02:10:22;495.0;1745683822;98.742;101.31;94.726;102.394;
1900-01-01 02:10:23;496.0;1745683823;98.742;101.31;94.776;102.375;
1900-01-01 02:10:25;497.0;1745683825;98.709;101.367;94.69;102.461;
1900-01-01 02:10:25;498.0;1745683825;98.759;101.367;94.69;102.461;
1900-01-01 02:10:26;499.0;1745683826;98.759;101.298;94.825;102.465;
1900-01-01 02:10:27;500.0;1745683827;98.739;101.369;94.71;102.465;
1900-01-01 02:10:28;501.0;1745683828;98.641;101.369;94.71;102.449;
1900-01-01 02:10:29;502.0;1745683829;98.641;101.33;94.751;102.501;
1900-01-01 02:10:30;503.0;1745683830;98.723;101.308;94.705;102.501;
1900-01-01 02:10:32;504.0;1745683832;98.724;101.3;94.705;102.523;
1900-01-01 02:10:32;505.0;1745683832;98.724;101.3;94.534;102.476;
1900-01-01 02:10:33;506.0;1745683833;98.683;101.328;94.605;102.476;
1900-01-01 02:10:34;507.0;1745683834;98.754;101.328;94.605;102.452;
1900-01-01 02:10:35;508.0;1745683835;98.754;101.289;94.611;102.535;
1900-01-01 02:10:36;509.0;1745683836;98.708;101.182;94.611;102.535;
1900-01-01 02:10:37;510.0;1745683837;98.74;101.182;94.528;102.44;
1900-01-01 02:10:38;511.0;1745683838;98.74;101.301;94.586;102.484;
1900-01-01 02:10:39;512.0;1745683839;98.72;101.321;94.586;102.484;
1900-01-01 02:10:40;513.0;1745683840;98.713;101.321;94.491;102.425;
1900-01-01 02:10:41;514.0;1745683841;98.713;101.336;94.503;102.444;
1900-01-01 02:10:42;515.0;1745683842;98.563;101.286;94.503;102.444;
1900-01-01 02:10:43;516.0;1745683843;98.563;101.286;94.482;102.468;
1900-01-01 02:10:44;517.0;1745683844;98.655;101.34;94.516;102.468;
1900-01-01 02:10:46;518.0;1745683846;98.592;101.315;94.516;102.463;
1900-01-01 02:10:46;519.0;1745683846;98.592;101.315;94.549;102.519;
1900-01-01 02:10:47;520.0;1745683847;98.565;101.231;94.531;102.519;
1900-01-01 02:10:49;521.0;1745683849;98.554;101.254;94.531;102.536;
1900-01-01 02:10:49;522.0;1745683849;98.554;101.254;94.561;102.47;
1900-01-01 02:10:50;523.0;1745683850;98.619;101.285;94.527;102.47;
1900-01-01 02:10:51;524.0;1745683851;98.618;101.285;94.527;102.53;
1900-01-01 02:10:52;525.0;1745683852;98.618;101.282;94.495;102.462;
1900-01-01 02:10:53;526.0;1745683853;98.66;101.274;94.492;102.462;
1900-01-01 02:10:55;527.0;1745683855;98.702;101.274;94.492;102.544;
1900-01-01 02:10:55;528.0;1745683855;98.702;101.366;94.473;102.476;
1900-01-01 02:10:56;529.0;1745683856;98.682;101.335;94.473;102.476;
1900-01-01 02:10:57;530.0;1745683857;98.682;101.335;94.397;102.488;
1900-01-01 02:10:58;531.0;1745683858;98.696;101.451;94.534;102.529;
1900-01-01 02:10:59;532.0;1745683859;98.701;101.318;94.534;102.529;
1900-01-01 02:11:00;533.0;1745683860;98.701;101.318;94.568;102.506;
1900-01-01 02:11:01;534.0;1745683861;98.658;101.247;94.556;102.506;
1900-01-01 02:11:02;535.0;1745683862;98.65;101.351;94.556;102.423;
1900-01-01 02:11:03;536.0;1745683863;98.65;101.351;94.521;102.493;
1900-01-01 02:11:04;537.0;1745683864;98.622;101.238;94.548;102.493;
1900-01-01 02:11:05;538.0;1745683865;98.613;101.309;94.548;102.432;
1900-01-01 02:11:06;539.0;1745683866;98.613;101.309;94.393;102.418;
1900-01-01 02:11:07;540.0;1745683867;98.524;101.155;94.44;102.418;
1900-01-01 02:11:08;541.0;1745683868;98.588;101.234;94.44;102.455;
1900-01-01 02:11:09;542.0;1745683869;98.588;101.234;94.447;102.459;
1900-01-01 02:11:10;543.0;1745683870;98.6;101.153;94.421;102.459;
1900-01-01 02:11:11;544.0;1745683871;98.573;101.153;94.421;102.433;
1900-01-01 02:11:12;545.0;1745683872;98.573;101.27;94.448;102.508;
1900-01-01 02:11:13;546.0;1745683873;98.554;101.268;94.448;102.508;
1900-01-01 02:11:14;547.0;1745683874;98.588;101.268;94.374;102.493;
1900-01-01 02:11:15;548.0;1745683875;98.588;101.261;94.421;102.405;
1900-01-01 02:11:16;549.0;1745683876;98.572;101.226;94.421;102.405;
1900-01-01 02:11:17;550.0;1745683877;98.696;101.226;94.337;102.409;
1900-01-01 02:11:18;551.0;1745683878;98.696;101.239;94.427;102.536;
1900-01-01 02:11:20;552.0;1745683880;98.568;101.234;94.472;102.536;
1900-01-01 02:11:20;553.0;1745683880;98.568;101.234;94.472;102.46;
1900-01-01 02:11:22;554.0;1745683882;98.573;101.287;94.48;102.495;
1900-01-01 02:11:22;555.0;1745683882;98.611;101.258;94.48;102.495;
1900-01-01 02:11:23;556.0;1745683883;98.611;101.258;94.472;102.42;
1900-01-01 02:11:24;557.0;1745683884;98.547;101.193;94.416;102.42;
1900-01-01 02:11:25;558.0;1745683885;98.652;101.147;94.416;102.462;
1900-01-01 02:11:26;559.0;1745683886;98.652;101.147;94.414;102.504;
1900-01-01 02:11:27;560.0;1745683887;98.624;101.104;94.426;102.504;
1900-01-01 02:11:28;561.0;1745683888;98.692;101.104;94.426;102.442;
1900-01-01 02:11:29;562.0;1745683889;98.692;101.07;94.516;102.499;
1900-01-01 02:11:30;563.0;1745683890;98.656;101.193;94.474;102.499;
1900-01-01 02:11:31;564.0;1745683891;98.604;101.193;94.474;102.502;
1900-01-01 02:11:32;565.0;1745683892;98.604;101.074;94.464;102.473;
1900-01-01 02:11:33;566.0;1745683893;98.532;101.071;94.464;102.473;
1900-01-01 02:11:34;567.0;1745683894;98.449;101.071;94.516;102.547;
1900-01-01 02:11:35;568.0;1745683895;98.449;101.183;94.51;102.52;
1900-01-01 02:11:36;569.0;1745683896;98.565;101.181;94.51;102.52;
1900-01-01 02:11:37;570.0;1745683897;98.492;101.181;94.43;102.504;
1900-01-01 02:11:38;571.0;1745683898;98.492;101.14;94.409;102.504;
1900-01-01 02:11:39;572.0;1745683899;98.48;101.188;94.409;102.523;
1900-01-01 02:11:40;573.0;1745683900;98.482;101.188;94.33;102.46;
1900-01-01 02:11:41;574.0;1745683901;98.482;101.206;94.393;102.46;
1900-01-01 02:11:42;575.0;1745683902;98.416;101.14;94.393;102.574;
1900-01-01 02:11:43;576.0;1745683903;98.416;101.14;94.318;102.462;
1900-01-01 02:11:44;577.0;1745683904;98.265;101.163;94.31;102.523;
1900-01-01 02:11:45;578.0;1745683905;98.415;101.24;94.31;102.523;
1900-01-01 02:11:46;579.0;1745683906;98.415;101.24;94.39;102.438;
1900-01-01 02:11:47;580.0;1745683907;98.394;101.143;94.35;102.438;
1900-01-01 02:11:48;581.0;1745683908;98.421;101.143;94.35;102.482;
1900-01-01 02:11:49;582.0;1745683909;98.421;101.196;94.369;102.433;
1900-01-01 02:11:50;583.0;1745683910;98.417;101.123;94.307;102.433;
1900-01-01 02:11:51;584.0;1745683911;98.423;101.123;94.307;102.553;
1900-01-01 02:11:52;585.0;1745683912;98.423;101.107;94.241;102.47;
1900-01-01 02:11:54;586.0;1745683914;98.471;101.149;94.301;102.47;
1900-01-01 02:11:54;587.0;1745683914;98.439;101.149;94.301;102.506;
1900-01-01 02:11:55;588.0;1745683915;98.439;101.132;94.251;102.54;
1900-01-01 02:11:56;589.0;1745683916;98.398;101.163;94.21;102.54;
1900-01-01 02:11:57;590.0;1745683917;98.398;101.163;94.21;102.591;
1900-01-01 02:11:58;591.0;1745683918;98.507;101.013;94.224;102.48;
1900-01-01 02:11:59;592.0;1745683919;98.429;100.953;94.224;102.48;
1900-01-01 02:12:01;593.0;1745683921;98.42;100.953;94.23;102.508;
1900-01-01 02:12:01;594.0;1745683921;98.42;100.961;94.184;102.508;
1900-01-01 02:12:02;595.0;1745683922;98.443;100.934;94.184;102.493;
1900-01-01 02:12:04;596.0;1745683924;98.305;100.934;94.167;102.53;
1900-01-01 02:12:04;597.0;1745683924;98.305;101.0;94.212;102.53;
1900-01-01 02:12:05;598.0;1745683925;98.292;100.994;94.212;102.549;
1900-01-01 02:12:06;599.0;1745683926;98.292;100.994;94.294;102.57;
1900-01-01 02:12:07;600.0;1745683927;98.285;100.926;94.372;102.57;
1900-01-01 02:12:08;601.0;1745683928;98.365;101.015;94.372;102.576;
1900-01-01 02:12:09;602.0;1745683929;98.365;101.015;94.305;102.515;
1900-01-01 02:12:10;603.0;1745683930;98.301;100.989;94.309;102.515;
1900-01-01 02:12:11;604.0;1745683931;98.245;100.989;94.309;102.471;
1900-01-01 02:12:12;605.0;1745683932;98.245;101.061;94.254;102.405;
1900-01-01 02:12:13;606.0;1745683933;98.212;101.075;94.254;102.405;
1900-01-01 02:12:14;607.0;1745683934;98.197;101.075;94.228;102.511;
1900-01-01 02:12:15;608.0;1745683935;98.197;101.093;94.155;102.474;
1900-01-01 02:12:16;609.0;1745683936;98.271;101.07;94.155;102.474;
1900-01-01 02:12:17;610.0;1745683937;98.151;101.07;94.191;102.482;
1900-01-01 02:12:18;611.0;1745683938;98.151;101.035;94.28;102.482;
1900-01-01 02:12:19;612.0;1745683939;98.142;101.071;94.28;102.508;
1900-01-01 02:12:20;613.0;1745683940;98.179;101.071;94.169;102.484;
1900-01-01 02:12:21;614.0;1745683941;98.179;101.025;94.112;102.555;
1900-01-01 02:12:22;615.0;1745683942;98.226;100.951;94.112;102.555;
1900-01-01 02:12:23;616.0;1745683943;98.226;100.951;94.155;102.459;
1900-01-01 02:12:24;617.0;1745683944;98.287;101.007;94.169;102.502;
1900-01-01 02:12:25;618.0;1745683945;98.292;100.986;94.169;102.502;
1900-01-01 02:12:26;619.0;1745683946;98.292;100.986;94.188;102.594;
1900-01-01 02:12:27;620.0;1745683947;98.243;101.006;94.237;102.594;
1900-01-01 02:12:28;621.0;1745683948;98.226;101.006;94.237;102.546;
1900-01-01 02:12:29;622.0;1745683949;98.226;100.965;94.289;102.519;
1900-01-01 02:12:30;623.0;1745683950;98.23;100.97;94.333;102.519;
1900-01-01 02:12:31;624.0;1745683951;98.261;100.997;94.333;102.466;
1900-01-01 02:12:32;625.0;1745683952;98.261;100.997;94.275;102.457;
1900-01-01 02:12:33;626.0;1745683953;98.338;101.019;94.131;102.457;
1900-01-01 02:12:34;627.0;1745683954;98.321;101.082;94.131;102.513;
1900-01-01 02:12:35;628.0;1745683955;98.321;101.082;94.017;102.492;
1900-01-01 02:12:36;629.0;1745683956;98.307;101.031;94.008;102.492;
1900-01-01 02:12:37;630.0;1745683957;98.28;101.031;94.008;102.512;
1900-01-01 02:12:38;631.0;1745683958;98.28;101.156;93.912;102.441;
1900-01-01 02:12:39;632.0;1745683959;98.226;101.138;93.959;102.441;
1900-01-01 02:12:40;633.0;1745683960;98.34;101.138;93.959;102.525;
1900-01-01 02:12:41;634.0;1745683961;98.34;101.154;93.989;102.525;
1900-01-01 02:12:42;635.0;1745683962;98.362;101.121;93.989;102.417;
1900-01-01 02:12:43;636.0;1745683963;98.289;101.121;94.03;102.454;
1900-01-01 02:12:44;637.0;1745683964;98.289;101.196;94.029;102.596;
1900-01-01 02:12:45;638.0;1745683965;98.33;101.162;94.029;102.596;
1900-01-01 02:12:46;639.0;1745683966;98.33;101.162;93.989;102.422;
1900-01-01 02:12:47;640.0;1745683967;98.18;101.171;93.988;102.422;
1900-01-01 02:12:48;641.0;1745683968;98.177;101.152;93.988;102.404;
1900-01-01 02:12:49;642.0;1745683969;98.177;101.152;93.89;102.435;
1900-01-01 02:12:50;643.0;1745683970;98.23;101.134;94.014;102.435;
1900-01-01 02:12:51;644.0;1745683971;98.21;101.134;94.014;102.431;
1900-01-01 02:12:52;645.0;1745683972;98.21;101.216;93.944;102.588;
1900-01-01 02:12:53;646.0;1745683973;98.183;101.122;93.97;102.588;
1900-01-01 02:12:55;647.0;1745683975;98.136;101.137;93.97;102.506;
1900-01-01 02:12:55;648.0;1745683975;98.136;101.137;93.883;102.484;
1900-01-01 02:12:56;649.0;1745683976;98.164;101.062;93.973;102.484;
1900-01-01 02:12:57;650.0;1745683977;98.275;101.062;93.973;102.442;
1900-01-01 02:12:58;651.0;1745683978;98.275;101.053;93.909;102.471;
1900-01-01 02:12:59;652.0;1745683979;98.191;101.079;93.909;102.471;
1900-01-01 02:13:00;653.0;1745683980;98.157;101.079;94.078;102.539;
1900-01-01 02:13:01;654.0;1745683981;98.157;101.022;94.04;102.501;
1900-01-01 02:13:02;655.0;1745683982;98.091;100.957;94.04;102.501;
1900-01-01 02:13:03;656.0;1745683983;98.155;100.957;94.101;102.522;
1900-01-01 02:13:04;657.0;1745683984;98.155;101.022;94.056;102.51;
1900-01-01 02:13:05;658.0;1745683985;98.176;100.974;94.056;102.51;
1900-01-01 02:13:06;659.0;1745683986;98.131;100.974;94.122;102.485;
1900-01-01 02:13:07;660.0;1745683987;98.131;100.896;94.033;102.485;
1900-01-01 02:13:08;661.0;1745683988;98.079;101.029;94.033;102.486;
1900-01-01 02:13:09;662.0;1745683989;98.116;101.029;94.014;102.482;
1900-01-01 02:13:10;663.0;1745683990;98.116;100.976;93.93;102.482;
1900-01-01 02:13:11;664.0;1745683991;98.049;100.976;93.93;102.499;
1900-01-01 02:13:12;665.0;1745683992;98.049;100.975;93.899;102.517;
1900-01-01 02:13:13;666.0;1745683993;98.036;100.925;93.932;102.517;
1900-01-01 02:13:14;667.0;1745683994;97.994;100.925;93.932;102.577;
1900-01-01 02:13:15;668.0;1745683995;97.994;100.864;93.93;102.501;
1900-01-01 02:13:16;669.0;1745683996;97.948;101.018;93.93;102.501;
1900-01-01 02:13:17;670.0;1745683997;98.014;101.018;93.829;102.451;
1900-01-01 02:13:18;671.0;1745683998;98.014;101.009;93.873;102.451;
1900-01-01 02:13:19;672.0;1745683999;98.022;101.023;93.873;102.451;
1900-01-01 02:13:20;673.0;1745684000;98.038;101.023;93.863;102.529;
1900-01-01 02:13:21;674.0;1745684001;98.038;101.082;93.975;102.539;
1900-01-01 02:13:23;675.0;1745684003;98.121;101.052;93.972;102.539;
1900-01-01 02:13:23;676.0;1745684003;98.132;101.052;93.972;102.521;
1900-01-01 02:13:24;677.0;1745684004;98.132;101.07;93.871;102.427;
1900-01-01 02:13:25;678.0;1745684005;98.061;101.0;93.871;102.427;
1900-01-01 02:13:26;679.0;1745684006;98.061;101.0;93.897;102.547;
1900-01-01 02:13:27;680.0;1745684007;98.075;101.044;93.902;102.519;
1900-01-01 02:13:28;681.0;1745684008;98.113;101.045;93.902;102.519;
1900-01-01 02:13:29;682.0;1745684009;98.113;101.045;93.857;102.483;
1900-01-01 02:13:30;683.0;1745684010;97.991;101.037;93.937;102.483;
1900-01-01 02:13:31;684.0;1745684011;98.035;101.029;93.937;102.51;
1900-01-01 02:13:32;685.0;1745684012;98.035;101.029;93.871;102.482;
1900-01-01 02:13:33;686.0;1745684013;98.046;101.056;93.836;102.482;
1900-01-01 02:13:34;687.0;1745684014;97.95;100.969;93.836;102.529;
1900-01-01 02:13:35;688.0;1745684015;97.95;100.969;93.875;102.499;
1900-01-01 02:13:36;689.0;1745684016;97.928;101.017;93.798;102.499;
1900-01-01 02:13:37;690.0;1745684017;97.938;100.93;93.798;102.478;
1900-01-01 02:13:38;691.0;1745684018;97.938;100.93;93.757;102.537;
1900-01-01 02:13:39;692.0;1745684019;97.904;100.925;93.654;102.537;
1900-01-01 02:13:40;693.0;1745684020;97.946;100.925;93.654;102.529;
1900-01-01 02:13:41;694.0;1745684021;97.946;100.845;93.709;102.528;
1900-01-01 02:13:42;695.0;1745684022;97.92;100.877;93.748;102.528;
1900-01-01 02:13:43;696.0;1745684023;97.886;100.877;93.748;102.511;
1900-01-01 02:13:44;697.0;1745684024;97.886;100.91;93.723;102.506;
1900-01-01 02:13:45;698.0;1745684025;97.857;100.93;93.723;102.506;
1900-01-01 02:13:46;699.0;1745684026;97.844;100.93;93.766;102.466;
1900-01-01 02:13:47;700.0;1745684027;97.844;100.882;93.708;102.536;
1900-01-01 02:13:48;701.0;1745684028;97.913;100.905;93.708;102.536;
1900-01-01 02:13:50;702.0;1745684030;97.934;100.905;93.607;102.443;
1900-01-01 02:13:50;703.0;1745684030;97.934;100.83;93.669;102.453;
1900-01-01 02:13:51;704.0;1745684031;97.942;100.862;93.669;102.453;
1900-01-01 02:13:52;705.0;1745684032;97.942;100.862;93.668;102.452;
1900-01-01 02:13:53;706.0;1745684033;98.072;100.816;93.667;102.526;
1900-01-01 02:13:54;707.0;1745684034;98.033;100.793;93.667;102.526;
1900-01-01 02:13:55;708.0;1745684035;98.033;100.793;93.742;102.581;
1900-01-01 02:13:56;709.0;1745684036;98.057;100.806;93.825;102.581;
1900-01-01 02:13:57;710.0;1745684037;98.097;100.854;93.825;102.482;
1900-01-01 02:13:58;711.0;1745684038;98.097;100.854;93.812;102.561;
1900-01-01 02:13:59;712.0;1745684039;98.017;100.837;93.735;102.561;
1900-01-01 02:14:00;713.0;1745684040;98.122;100.837;93.735;102.449;
1900-01-01 02:14:01;714.0;1745684041;98.122;100.856;93.801;102.488;
1900-01-01 02:14:02;715.0;1745684042;98.104;100.732;93.801;102.488;
1900-01-01 02:14:03;716.0;1745684043;98.043;100.732;93.782;102.541;
1900-01-01 02:14:04;717.0;1745684044;98.043;100.892;93.686;102.528;
1900-01-01 02:14:05;718.0;1745684045;97.931;100.951;93.659;102.528;
1900-01-01 02:14:06;719.0;1745684046;97.886;100.951;93.659;102.474;
1900-01-01 02:14:07;720.0;1745684047;97.886;100.848;93.66;102.519;
1900-01-01 02:14:08;721.0;1745684048;97.858;100.907;93.64;102.519;
1900-01-01 02:14:09;722.0;1745684049;97.81;100.907;93.64;102.448;
1900-01-01 02:14:10;723.0;1745684050;97.81;100.901;93.682;102.445;
1900-01-01 02:14:11;724.0;1745684051;97.718;100.79;93.684;102.445;
1900-01-01 02:14:12;725.0;1745684052;97.697;100.79;93.684;102.521;
1900-01-01 02:14:13;726.0;1745684053;97.697;100.821;93.727;102.445;
1900-01-01 02:14:14;727.0;1745684054;97.759;100.868;93.675;102.445;
1900-01-01 02:14:15;728.0;1745684055;97.709;100.813;93.675;102.51;
1900-01-01 02:14:16;729.0;1745684056;97.709;100.813;93.673;102.553;
1900-01-01 02:14:17;730.0;1745684057;97.689;100.937;93.63;102.553;
1900-01-01 02:14:18;731.0;1745684058;97.643;100.937;93.63;102.487;
1900-01-01 02:14:19;732.0;1745684059;97.643;100.959;93.615;102.526;
1900-01-01 02:14:20;733.0;1745684060;97.65;100.859;93.546;102.526;
1900-01-01 02:14:21;734.0;1745684061;97.665;100.859;93.546;102.465;
1900-01-01 02:14:22;735.0;1745684062;97.665;100.888;93.456;102.553;
1900-01-01 02:14:23;736.0;1745684063;97.635;100.764;93.535;102.553;
1900-01-01 02:14:24;737.0;1745684064;97.808;100.764;93.535;102.541;
1900-01-01 02:14:25;738.0;1745684065;97.808;100.817;93.558;102.548;
1900-01-01 02:14:26;739.0;1745684066;97.828;100.897;93.609;102.548;
1900-01-01 02:14:27;740.0;1745684067;97.847;100.897;93.609;102.526;
1900-01-01 02:14:28;741.0;1745684068;97.847;100.918;93.467;102.546;
1900-01-01 02:14:29;742.0;1745684069;97.824;100.876;93.518;102.546;
1900-01-01 02:14:30;743.0;1745684070;97.815;100.876;93.518;102.579;
1900-01-01 02:14:31;744.0;1745684071;97.815;100.918;93.576;102.557;
1900-01-01 02:14:32;745.0;1745684072;97.743;100.95;93.576;102.557;
1900-01-01 02:14:33;746.0;1745684073;97.743;100.95;93.576;102.62;
1900-01-01 02:14:34;747.0;1745684074;97.745;100.929;93.592;102.505;
1900-01-01 02:14:35;748.0;1745684075;97.731;100.782;93.592;102.505;
1900-01-01 02:14:36;749.0;1745684076;97.731;100.782;93.559;102.537;
1900-01-01 02:14:37;750.0;1745684077;97.727;100.819;93.518;102.537;
1900-01-01 02:14:38;751.0;1745684078;97.668;100.819;93.518;102.551;
1900-01-01 02:14:39;752.0;1745684079;97.803;100.819;93.442;102.487;
1900-01-01 02:14:40;753.0;1745684080;97.803;100.878;93.308;102.487;
1900-01-01 02:14:41;754.0;1745684081;97.741;100.851;93.308;102.536;
1900-01-01 02:14:42;755.0;1745684082;97.741;100.851;93.354;102.531;
1900-01-01 02:14:43;756.0;1745684083;97.784;100.801;93.353;102.531;
1900-01-01 02:14:44;757.0;1745684084;97.816;100.801;93.353;102.534;
1900-01-01 02:14:45;758.0;1745684085;97.816;100.789;93.432;102.522;
1900-01-01 02:14:46;759.0;1745684086;97.797;100.84;93.467;102.522;
1900-01-01 02:14:47;760.0;1745684087;97.767;100.84;93.467;102.462;
1900-01-01 02:14:48;761.0;1745684088;97.767;100.85;93.406;102.455;
1900-01-01 02:14:50;762.0;1745684090;97.744;100.783;93.448;102.455;
1900-01-01 02:14:50;763.0;1745684090;97.873;100.783;93.448;102.492;
1900-01-01 02:14:51;764.0;1745684091;97.873;100.747;93.408;102.545;
1900-01-01 02:14:53;765.0;1745684093;97.764;100.7;93.381;102.545;
1900-01-01 02:14:53;766.0;1745684093;97.764;100.7;93.381;102.616;
1900-01-01 02:14:54;767.0;1745684094;97.743;100.681;93.265;102.519;
1900-01-01 02:14:55;768.0;1745684095;97.694;100.677;93.265;102.519;
1900-01-01 02:14:56;769.0;1745684096;97.694;100.677;93.258;102.54;
1900-01-01 02:14:57;770.0;1745684097;97.722;100.636;93.269;102.543;
1900-01-01 02:14:58;771.0;1745684098;97.687;100.682;93.269;102.543;
1900-01-01 02:14:59;772.0;1745684099;97.687;100.682;93.359;102.559;
1900-01-01 02:15:01;773.0;1745684101;97.641;100.735;93.417;102.526;
1900-01-01 02:15:01;774.0;1745684101;97.671;100.682;93.417;102.526;
1900-01-01 02:15:02;775.0;1745684102;97.671;100.682;93.386;102.551;
1900-01-01 02:15:03;776.0;1745684103;97.647;100.743;93.379;102.551;
1900-01-01 02:15:04;777.0;1745684104;97.614;100.743;93.379;102.528;
1900-01-01 02:15:05;778.0;1745684105;97.614;100.719;93.342;102.522;
1900-01-01 02:15:06;779.0;1745684106;97.58;100.803;93.304;102.522;
1900-01-01 02:15:07;780.0;1745684107;97.547;100.803;93.304;102.532;
1900-01-01 02:15:08;781.0;1745684108;97.547;100.703;93.288;102.468;
1900-01-01 02:15:09;782.0;1745684109;97.501;100.776;93.323;102.468;
1900-01-01 02:15:10;783.0;1745684110;97.602;100.809;93.323;102.511;
1900-01-01 02:15:12;784.0;1745684112;97.602;100.809;93.207;102.555;
1900-01-01 02:15:12;785.0;1745684112;97.494;100.814;93.207;102.555;
1900-01-01 02:15:13;786.0;1745684113;97.485;100.814;93.235;102.525;
1900-01-01 02:15:14;787.0;1745684114;97.485;100.832;93.366;102.531;
1900-01-01 02:15:15;788.0;1745684115;97.475;100.808;93.366;102.531;
1900-01-01 02:15:16;789.0;1745684116;97.501;100.808;93.403;102.483;
1900-01-01 02:15:17;790.0;1745684117;97.501;100.692;93.361;102.483;
1900-01-01 02:15:18;791.0;1745684118;97.549;100.732;93.361;102.496;
1900-01-01 02:15:19;792.0;1745684119;97.636;100.732;93.3;102.475;
1900-01-01 02:15:21;793.0;1745684121;97.636;100.711;93.179;102.489;
1900-01-01 02:15:21;794.0;1745684121;97.618;100.717;93.179;102.489;
1900-01-01 02:15:22;795.0;1745684122;97.592;100.717;93.241;102.507;
1900-01-01 02:15:23;796.0;1745684123;97.592;100.769;93.227;102.507;
1900-01-01 02:15:24;797.0;1745684124;97.54;100.714;93.227;102.478;
1900-01-01 02:15:25;798.0;1745684125;97.54;100.714;93.145;102.469;
1900-01-01 02:15:26;799.0;1745684126;97.63;100.776;93.16;102.469;
1900-01-01 02:15:27;800.0;1745684127;97.552;100.75;93.16;102.492;
1900-01-01 02:15:28;801.0;1745684128;97.552;100.75;93.142;102.473;
1900-01-01 02:15:29;802.0;1745684129;97.526;100.813;93.059;102.473;
1900-01-01 02:15:30;803.0;1745684130;97.569;100.813;93.059;102.551;
1900-01-01 02:15:31;804.0;1745684131;97.569;100.705;93.125;102.512;
1900-01-01 02:15:32;805.0;1745684132;97.534;100.712;93.125;102.512;
1900-01-01 02:15:33;806.0;1745684133;97.592;100.712;93.138;102.57;
1900-01-01 02:15:34;807.0;1745684134;97.592;100.679;93.153;102.498;
1900-01-01 02:15:35;808.0;1745684135;97.566;100.637;93.153;102.498;
1900-01-01 02:15:36;809.0;1745684136;97.634;100.637;93.103;102.558;
1900-01-01 02:15:37;810.0;1745684137;97.634;100.664;93.167;102.576;
1900-01-01 02:15:38;811.0;1745684138;97.555;100.62;93.167;102.576;
1900-01-01 02:15:39;812.0;1745684139;97.625;100.62;93.014;102.453;
1900-01-01 02:15:40;813.0;1745684140;97.625;100.677;92.876;102.522;
1900-01-01 02:15:41;814.0;1745684141;97.585;100.692;92.876;102.522;
1900-01-01 02:15:42;815.0;1745684142;97.536;100.692;92.887;102.512;
1900-01-01 02:15:43;816.0;1745684143;97.536;100.662;92.785;102.657;
1900-01-01 02:15:44;817.0;1745684144;97.482;100.628;92.785;102.657;
1900-01-01 02:15:45;818.0;1745684145;97.531;100.628;92.933;102.462;
1900-01-01 02:15:46;819.0;1745684146;97.531;100.7;93.005;102.582;
1900-01-01 02:15:47;820.0;1745684147;97.355;100.675;93.005;102.582;
1900-01-01 02:15:48;821.0;1745684148;97.355;100.675;92.974;102.503;
1900-01-01 02:15:49;822.0;1745684149;97.368;100.674;92.977;102.503;
1900-01-01 02:15:50;823.0;1745684150;97.247;100.68;92.977;102.566;
1900-01-01 02:15:51;824.0;1745684151;97.247;100.68;92.797;102.608;
1900-01-01 02:15:52;825.0;1745684152;97.25;100.62;92.752;102.608;
1900-01-01 02:15:53;826.0;1745684153;97.237;100.62;92.752;102.64;
1900-01-01 02:15:54;827.0;1745684154;97.237;100.586;92.84;102.552;
1900-01-01 02:15:55;828.0;1745684155;97.302;100.481;92.773;102.552;
1900-01-01 02:15:57;829.0;1745684157;97.304;100.534;92.773;102.585;
1900-01-01 02:15:57;830.0;1745684157;97.304;100.534;92.794;102.496;
1900-01-01 02:15:58;831.0;1745684158;97.216;100.534;92.879;102.496;
1900-01-01 02:15:59;832.0;1745684159;97.35;100.534;92.879;102.578;
1900-01-01 02:16:00;833.0;1745684160;97.35;100.503;92.958;102.523;
1900-01-01 02:16:01;834.0;1745684161;97.402;100.468;92.958;102.523;
1900-01-01 02:16:02;835.0;1745684162;97.404;100.468;92.926;102.431;
1900-01-01 02:16:03;836.0;1745684163;97.404;100.529;92.977;102.431;
1900-01-01 02:16:04;837.0;1745684164;97.393;100.551;92.977;102.593;
1900-01-01 02:16:05;838.0;1745684165;97.445;100.551;92.965;102.539;
1900-01-01 02:16:06;839.0;1745684166;97.445;100.586;92.978;102.539;
1900-01-01 02:16:07;840.0;1745684167;97.418;100.558;92.978;102.574;
1900-01-01 02:16:08;841.0;1745684168;97.418;100.558;93.016;102.52;
1900-01-01 02:16:09;842.0;1745684169;97.463;100.582;93.023;102.52;
1900-01-01 02:16:10;843.0;1745684170;97.477;100.581;93.023;102.565;
1900-01-01 02:16:11;844.0;1745684171;97.477;100.581;93.004;102.552;
1900-01-01 02:16:12;845.0;1745684172;97.346;100.465;92.995;102.552;
1900-01-01 02:16:13;846.0;1745684173;97.397;100.543;92.995;102.453;
1900-01-01 02:16:14;847.0;1745684174;97.397;100.543;92.943;102.457;
1900-01-01 02:16:15;848.0;1745684175;97.342;100.587;92.807;102.457;
1900-01-01 02:16:16;849.0;1745684176;97.305;100.547;92.807;102.476;
1900-01-01 02:16:17;850.0;1745684177;97.305;100.547;92.856;102.456;
1900-01-01 02:16:18;851.0;1745684178;97.286;100.476;92.758;102.456;
1900-01-01 02:16:19;852.0;1745684179;97.341;100.476;92.758;102.436;
1900-01-01 02:16:20;853.0;1745684180;97.341;100.516;92.735;102.439;
1900-01-01 02:16:21;854.0;1745684181;97.303;100.576;92.622;102.439;
1900-01-01 02:16:22;855.0;1745684182;97.337;100.576;92.622;102.423;
1900-01-01 02:16:23;856.0;1745684183;97.337;100.606;92.56;102.507;
1900-01-01 02:16:25;857.0;1745684185;97.329;100.6;92.487;102.507;
1900-01-01 02:16:25;858.0;1745684185;97.266;100.6;92.487;102.514;
1900-01-01 02:16:26;859.0;1745684186;97.266;100.54;92.526;102.473;
1900-01-01 02:16:27;860.0;1745684187;97.37;100.458;92.526;102.473;
1900-01-01 02:16:28;861.0;1745684188;97.265;100.458;92.508;102.451;
1900-01-01 02:16:29;862.0;1745684189;97.265;100.496;92.607;102.491;
1900-01-01 02:16:30;863.0;1745684190;97.268;100.479;92.607;102.491;
1900-01-01 02:16:31;864.0;1745684191;97.289;100.479;92.668;102.475;
1900-01-01 02:16:32;865.0;1745684192;97.289;100.569;92.694;102.465;
1900-01-01 02:16:33;866.0;1745684193;97.285;100.539;92.694;102.465;
1900-01-01 02:16:34;867.0;1745684194;97.285;100.539;92.792;102.494;
1900-01-01 02:16:35;868.0;1745684195;97.276;100.509;92.766;102.551;
1900-01-01 02:16:36;869.0;1745684196;97.291;100.515;92.766;102.551;
1900-01-01 02:16:37;870.0;1745684197;97.291;100.515;92.734;102.55;
1900-01-01 02:16:38;871.0;1745684198;97.375;100.462;92.801;102.55;
1900-01-01 02:16:39;872.0;1745684199;97.287;100.462;92.801;102.527;
1900-01-01 02:16:40;873.0;1745684200;97.287;100.44;92.782;102.577;
1900-01-01 02:16:42;874.0;1745684202;97.328;100.48;92.678;102.577;
1900-01-01 02:16:42;875.0;1745684202;97.325;100.48;92.678;102.591;
1900-01-01 02:16:43;876.0;1745684203;97.325;100.496;92.647;102.519;
1900-01-01 02:16:44;877.0;1745684204;97.235;100.392;92.647;102.519;
1900-01-01 02:16:45;878.0;1745684205;97.139;100.392;92.54;102.541;
1900-01-01 02:16:46;879.0;1745684206;97.139;100.475;92.635;102.502;
1900-01-01 02:16:47;880.0;1745684207;97.031;100.367;92.635;102.502;
1900-01-01 02:16:48;881.0;1745684208;97.072;100.367;92.601;102.502;
1900-01-01 02:16:49;882.0;1745684209;97.072;100.472;92.547;102.502;
1900-01-01 02:16:50;883.0;1745684210;97.033;100.504;92.547;102.507;
1900-01-01 02:16:51;884.0;1745684211;97.059;100.504;92.548;102.599;
1900-01-01 02:16:52;885.0;1745684212;97.059;100.474;92.59;102.516;
1900-01-01 02:16:53;886.0;1745684213;97.078;100.534;92.59;102.516;
1900-01-01 02:16:54;887.0;1745684214;97.078;100.534;92.567;102.55;
1900-01-01 02:16:55;888.0;1745684215;97.113;100.512;92.59;102.55;
1900-01-01 02:16:56;889.0;1745684216;97.171;100.592;92.59;102.543;
1900-01-01 02:16:57;890.0;1745684217;97.151;100.592;92.571;102.464;
1900-01-01 02:16:58;891.0;1745684218;97.151;100.558;92.509;102.464;
1900-01-01 02:16:59;892.0;1745684219;97.138;100.512;92.509;102.566;
1900-01-01 02:17:00;893.0;1745684220;97.138;100.512;92.468;102.57;
1900-01-01 02:17:01;894.0;1745684221;97.189;100.542;92.42;102.57;
1900-01-01 02:17:02;895.0;1745684222;97.167;100.542;92.42;102.515;
1900-01-01 02:17:03;896.0;1745684223;97.167;100.474;92.431;102.59;
1900-01-01 02:17:05;897.0;1745684225;97.226;100.472;92.429;102.59;
1900-01-01 02:17:05;898.0;1745684225;97.17;100.472;92.429;102.543;
1900-01-01 02:17:06;899.0;1745684226;97.17;100.466;92.497;102.481;
1900-01-01 02:17:07;900.0;1745684227;97.127;100.443;92.446;102.481;
1900-01-01 02:17:09;901.0;1745684229;97.179;100.443;92.446;102.498;
1900-01-01 02:17:09;902.0;1745684229;97.179;100.459;92.467;102.534;
1900-01-01 02:17:10;903.0;1745684230;97.043;100.402;92.467;102.534;
1900-01-01 02:17:11;904.0;1745684231;97.011;100.402;92.405;102.523;
1900-01-01 02:17:12;905.0;1745684232;97.011;100.463;92.477;102.523;
1900-01-01 02:17:13;906.0;1745684233;96.974;100.463;92.477;102.488;
1900-01-01 02:17:15;907.0;1745684235;96.993;100.463;92.528;102.478;
1900-01-01 02:17:15;908.0;1745684235;96.993;100.36;92.486;102.478;
1900-01-01 02:17:16;909.0;1745684236;96.965;100.491;92.486;102.581;
1900-01-01 02:17:18;910.0;1745684238;97.007;100.491;92.502;102.562;
1900-01-01 02:17:18;911.0;1745684238;97.007;100.385;92.414;102.562;
1900-01-01 02:17:19;912.0;1745684239;97.05;100.354;92.414;102.484;
1900-01-01 02:17:20;913.0;1745684240;97.05;100.354;92.434;102.528;
1900-01-01 02:17:21;914.0;1745684241;97.057;100.347;92.453;102.528;
1900-01-01 02:17:22;915.0;1745684242;97.08;100.347;92.453;102.516;
1900-01-01 02:17:23;916.0;1745684243;97.08;100.343;92.394;102.463;
1900-01-01 02:17:24;917.0;1745684244;97.114;100.337;92.394;102.463;
1900-01-01 02:17:25;918.0;1745684245;97.045;100.337;92.429;102.505;
1900-01-01 02:17:26;919.0;1745684246;97.045;100.397;92.314;102.546;
1900-01-01 02:17:27;920.0;1745684247;97.04;100.371;92.314;102.546;
1900-01-01 02:17:28;921.0;1745684248;97.083;100.371;92.251;102.587;
1900-01-01 02:17:29;922.0;1745684249;97.083;100.424;92.265;102.52;
1900-01-01 02:17:30;923.0;1745684250;97.094;100.488;92.357;102.52;
1900-01-01 02:17:31;924.0;1745684251;97.085;100.488;92.357;102.451;
1900-01-01 02:17:32;925.0;1745684252;97.085;100.419;92.252;102.473;
1900-01-01 02:17:33;926.0;1745684253;97.038;100.397;92.252;102.473;
1900-01-01 02:17:34;927.0;1745684254;97.067;100.397;92.372;102.438;
1900-01-01 02:17:35;928.0;1745684255;97.067;100.386;92.311;102.565;
1900-01-01 02:17:36;929.0;1745684256;97.11;100.416;92.311;102.565;
1900-01-01 02:17:38;930.0;1745684258;97.057;100.416;92.336;102.598;
1900-01-01 02:17:38;931.0;1745684258;97.057;100.464;92.287;102.598;
1900-01-01 02:17:39;932.0;1745684259;96.976;100.414;92.287;102.493;
1900-01-01 02:17:40;933.0;1745684260;97.043;100.414;92.285;102.502;
1900-01-01 02:17:41;934.0;1745684261;97.043;100.511;92.198;102.502;
1900-01-01 02:17:42;935.0;1745684262;96.971;100.505;92.198;102.586;
1900-01-01 02:17:43;936.0;1745684263;96.971;100.505;92.226;102.446;
1900-01-01 02:17:44;937.0;1745684264;97.008;100.573;92.091;102.446;
1900-01-01 02:17:45;938.0;1745684265;96.973;100.486;92.091;102.479;
1900-01-01 02:17:46;939.0;1745684266;96.973;100.486;92.195;102.537;
1900-01-01 02:17:47;940.0;1745684267;96.928;100.497;92.205;102.537;
1900-01-01 02:17:48;941.0;1745684268;97.024;100.497;92.205;102.534;
1900-01-01 02:17:49;942.0;1745684269;97.024;100.427;92.117;102.554;
1900-01-01 02:17:50;943.0;1745684270;97.007;100.404;92.117;102.554;
1900-01-01 02:17:51;944.0;1745684271;96.997;100.404;92.066;102.651;
1900-01-01 02:17:52;945.0;1745684272;96.997;100.318;91.919;102.594;
1900-01-01 02:17:54;946.0;1745684274;96.965;100.293;91.77;102.594;
1900-01-01 02:17:54;947.0;1745684274;96.965;100.293;91.77;102.565;
1900-01-01 02:17:55;948.0;1745684275;96.991;100.281;91.816;102.541;
1900-01-01 02:17:56;949.0;1745684276;96.878;100.282;91.816;102.541;
1900-01-01 02:17:57;950.0;1745684277;96.878;100.282;91.76;102.544;
1900-01-01 02:17:58;951.0;1745684278;96.942;100.282;91.911;102.582;
1900-01-01 02:17:59;952.0;1745684279;97.004;100.416;91.911;102.582;
1900-01-01 02:18:00;953.0;1745684280;97.004;100.416;91.956;102.51;
1900-01-01 02:18:01;954.0;1745684281;96.953;100.348;91.925;102.526;
1900-01-01 02:18:02;955.0;1745684282;96.95;100.348;91.925;102.526;
1900-01-01 02:18:03;956.0;1745684283;96.95;100.349;92.0;102.554;
1900-01-01 02:18:04;957.0;1745684284;96.957;100.413;91.946;102.554;
1900-01-01 02:18:05;958.0;1745684285;96.936;100.413;91.946;102.61;
1900-01-01 02:18:06;959.0;1745684286;96.936;100.372;92.036;102.595;
1900-01-01 02:18:07;960.0;1745684287;96.866;100.396;91.98;102.595;
1900-01-01 02:18:08;961.0;1745684288;96.955;100.418;91.98;102.513;
1900-01-01 02:18:09;962.0;1745684289;96.955;100.418;91.863;102.573;
1900-01-01 02:18:10;963.0;1745684290;96.91;100.323;91.829;102.573;
1900-01-01 02:18:11;964.0;1745684291;96.84;100.323;91.829;102.52;
1900-01-01 02:18:12;965.0;1745684292;96.84;100.395;91.965;102.559;
1900-01-01 02:18:13;966.0;1745684293;96.88;100.273;91.871;102.559;
1900-01-01 02:18:14;967.0;1745684294;96.862;100.273;91.871;102.595;
1900-01-01 02:18:15;968.0;1745684295;96.862;100.234;91.836;102.719;
1900-01-01 02:18:16;969.0;1745684296;96.916;100.326;91.836;102.719;
1900-01-01 02:18:17;970.0;1745684297;96.974;100.326;91.828;102.59;
1900-01-01 02:18:18;971.0;1745684298;96.974;100.301;91.882;102.599;
1900-01-01 02:18:19;972.0;1745684299;96.957;100.207;91.882;102.599;
1900-01-01 02:18:20;973.0;1745684300;96.957;100.207;91.831;102.509;
1900-01-01 02:18:21;974.0;1745684301;96.997;100.233;91.797;102.509;
1900-01-01 02:18:22;975.0;1745684302;96.944;100.25;91.797;102.535;
1900-01-01 02:18:23;976.0;1745684303;96.944;100.25;91.649;102.581;
1900-01-01 02:18:24;977.0;1745684304;97.051;100.276;91.536;102.581;
1900-01-01 02:18:25;978.0;1745684305;96.997;100.177;91.536;102.609;
1900-01-01 02:18:26;979.0;1745684306;96.997;100.177;91.6;102.593;
1900-01-01 02:18:27;980.0;1745684307;96.937;100.178;91.596;102.593;
1900-01-01 02:18:28;981.0;1745684308;96.899;100.178;91.596;102.523;
1900-01-01 02:18:29;982.0;1745684309;96.899;100.149;91.602;102.54;
1900-01-01 02:18:30;983.0;1745684310;96.823;100.107;91.602;102.54;
1900-01-01 02:18:31;984.0;1745684311;96.802;100.107;91.707;102.528;
1900-01-01 02:18:32;985.0;1745684312;96.802;100.19;91.75;102.551;
1900-01-01 02:18:33;986.0;1745684313;96.835;100.194;91.814;102.551;
1900-01-01 02:18:34;987.0;1745684314;96.703;100.194;91.814;102.6;
1900-01-01 02:18:35;988.0;1745684315;96.703;100.24;91.708;102.488;
1900-01-01 02:18:36;989.0;1745684316;96.714;100.208;91.708;102.488;
1900-01-01 02:18:37;990.0;1745684317;96.684;100.208;91.713;102.514;
1900-01-01 02:18:38;991.0;1745684318;96.684;100.148;91.745;102.514;
1900-01-01 02:18:39;992.0;1745684319;96.665;100.255;91.745;102.597;
1900-01-01 02:18:40;993.0;1745684320;96.553;100.255;91.756;102.629;
1900-01-01 02:18:41;994.0;1745684321;96.553;100.134;91.708;102.629;
1900-01-01 02:18:42;995.0;1745684322;96.522;100.153;91.708;102.536;
1900-01-01 02:18:43;996.0;1745684323;96.541;100.153;91.665;102.497;
1900-01-01 02:18:44;997.0;1745684324;96.541;100.129;91.605;102.497;
1900-01-01 02:18:45;998.0;1745684325;96.569;100.163;91.605;102.58;
1900-01-01 02:18:46;999.0;1745684326;96.569;100.163;91.548;102.57;
1900-01-01 02:18:47;1000.0;1745684327;96.663;100.215;91.451;102.475;
1900-01-01 02:18:48;1001.0;1745684328;96.651;100.178;91.451;102.475;
1900-01-01 02:18:49;1002.0;1745684329;96.651;100.178;91.472;102.454;
1900-01-01 02:18:50;1003.0;1745684330;96.749;100.268;91.538;102.454;
1900-01-01 02:18:51;1004.0;1745684331;96.815;100.268;91.538;102.527;
1900-01-01 02:18:52;1005.0;1745684332;96.815;100.283;91.513;102.534;
1900-01-01 02:18:53;1006.0;1745684333;96.802;100.198;91.492;102.534;
1900-01-01 02:18:55;1007.0;1745684335;96.741;100.253;91.492;102.505;
1900-01-01 02:18:55;1008.0;1745684335;96.741;100.253;91.426;102.51;
1900-01-01 02:18:56;1009.0;1745684336;96.703;100.198;91.4;102.51;
1900-01-01 02:18:57;1010.0;1745684337;96.734;100.198;91.4;102.569;
1900-01-01 02:18:58;1011.0;1745684338;96.734;100.178;91.483;102.561;
1900-01-01 02:18:59;1012.0;1745684339;96.782;100.162;91.495;102.561;
1900-01-01 02:19:01;1013.0;1745684341;96.739;100.162;91.495;102.493;
1900-01-01 02:19:01;1014.0;1745684341;96.739;100.114;91.491;102.623;
1900-01-01 02:19:02;1015.0;1745684342;96.648;100.161;91.491;102.623;
1900-01-01 02:19:04;1016.0;1745684344;96.692;100.161;91.48;102.583;
1900-01-01 02:19:04;1017.0;1745684344;96.692;100.132;91.43;102.417;
1900-01-01 02:19:05;1018.0;1745684345;96.644;100.072;91.43;102.417;
1900-01-01 02:19:06;1019.0;1745684346;96.628;100.072;91.144;102.499;
1900-01-01 02:19:07;1020.0;1745684347;96.628;100.051;91.013;102.499;
1900-01-01 02:19:08;1021.0;1745684348;96.646;100.071;91.013;102.525;
1900-01-01 02:19:09;1022.0;1745684349;96.626;100.071;90.904;102.5;
1900-01-01 02:19:10;1023.0;1745684350;96.626;100.127;90.875;102.582;
1900-01-01 02:19:11;1024.0;1745684351;96.636;100.097;90.875;102.582;
1900-01-01 02:19:12;1025.0;1745684352;96.573;100.097;90.858;102.569;
1900-01-01 02:19:13;1026.0;1745684353;96.573;100.129;91.068;102.569;
1900-01-01 02:19:14;1027.0;1745684354;96.638;100.065;91.068;102.564;
1900-01-01 02:19:15;1028.0;1745684355;96.7;100.065;91.097;102.641;
1900-01-01 02:19:16;1029.0;1745684356;96.7;100.075;91.036;102.514;
1900-01-01 02:19:17;1030.0;1745684357;96.741;100.221;91.036;102.514;
1900-01-01 02:19:18;1031.0;1745684358;96.709;100.221;91.058;102.528;
1900-01-01 02:19:19;1032.0;1745684359;96.709;100.091;91.104;102.51;
1900-01-01 02:19:20;1033.0;1745684360;96.784;100.11;91.104;102.51;
1900-01-01 02:19:21;1034.0;1745684361;96.734;100.11;91.083;102.539;
1900-01-01 02:19:22;1035.0;1745684362;96.734;100.078;91.094;102.539;
1900-01-01 02:19:23;1036.0;1745684363;96.759;100.043;91.094;102.53;
1900-01-01 02:19:24;1037.0;1745684364;96.77;100.043;91.15;102.51;
1900-01-01 02:19:25;1038.0;1745684365;96.77;100.039;91.17;102.456;
1900-01-01 02:19:26;1039.0;1745684366;96.726;99.986;91.17;102.456;
1900-01-01 02:19:27;1040.0;1745684367;96.768;99.986;91.153;102.527;
1900-01-01 02:19:28;1041.0;1745684368;96.768;100.01;91.146;102.583;
1900-01-01 02:19:29;1042.0;1745684369;96.772;100.01;91.146;102.583;
1900-01-01 02:19:30;1043.0;1745684370;96.772;99.882;91.212;102.546;
1900-01-01 02:19:31;1044.0;1745684371;96.722;99.984;91.238;102.546;
1900-01-01 02:19:33;1045.0;1745684373;96.711;99.982;91.238;102.569;
1900-01-01 02:19:33;1046.0;1745684373;96.711;99.982;91.221;102.627;
1900-01-01 02:19:34;1047.0;1745684374;96.663;100.039;91.166;102.627;
1900-01-01 02:19:35;1048.0;1745684375;96.723;100.039;91.166;102.594;
1900-01-01 02:19:36;1049.0;1745684376;96.723;99.97;91.156;102.57;
1900-01-01 02:19:37;1050.0;1745684377;96.637;100.005;91.144;102.57;
1900-01-01 02:19:38;1051.0;1745684378;96.689;100.005;91.144;102.561;
1900-01-01 02:19:39;1052.0;1745684379;96.689;99.968;91.096;102.67;
1900-01-01 02:19:40;1053.0;1745684380;96.655;100.005;91.096;102.67;
1900-01-01 02:19:41;1054.0;1745684381;96.573;100.005;91.067;102.497;
1900-01-01 02:19:42;1055.0;1745684382;96.573;100.039;91.068;102.527;
1900-01-01 02:19:43;1056.0;1745684383;96.554;99.944;91.068;102.527;
1900-01-01 02:19:44;1057.0;1745684384;96.596;99.944;91.004;102.573;
1900-01-01 02:19:45;1058.0;1745684385;96.596;100.034;90.929;102.537;
1900-01-01 02:19:46;1059.0;1745684386;96.524;100.001;90.929;102.537;
1900-01-01 02:19:47;1060.0;1745684387;96.541;100.001;90.767;102.533;
1900-01-01 02:19:48;1061.0;1745684388;96.541;100.0;90.741;102.616;
1900-01-01 02:19:49;1062.0;1745684389;96.643;100.034;90.741;102.616;
1900-01-01 02:19:50;1063.0;1745684390;96.596;100.034;90.735;102.602;
1900-01-01 02:19:51;1064.0;1745684391;96.596;100.003;90.701;102.602;
1900-01-01 02:19:52;1065.0;1745684392;96.572;99.935;90.701;102.589;
1900-01-01 02:19:53;1066.0;1745684393;96.572;99.935;90.538;102.638;
1900-01-01 02:19:54;1067.0;1745684394;96.433;99.964;90.567;102.638;
1900-01-01 02:19:55;1068.0;1745684395;96.476;99.977;90.567;102.651;
1900-01-01 02:19:56;1069.0;1745684396;96.476;99.977;90.574;102.592;
1900-01-01 02:19:57;1070.0;1745684397;96.437;100.008;90.504;102.592;
1900-01-01 02:19:58;1071.0;1745684398;96.457;100.008;90.504;102.567;
1900-01-01 02:19:59;1072.0;1745684399;96.457;99.953;90.519;102.548;
1900-01-01 02:20:00;1073.0;1745684400;96.432;99.963;90.464;102.548;
1900-01-01 02:20:01;1074.0;1745684401;96.381;99.963;90.464;102.573;
1900-01-01 02:20:02;1075.0;1745684402;96.381;99.989;90.347;102.55;
1900-01-01 02:20:03;1076.0;1745684404;96.428;100.073;90.422;102.55;
1900-01-01 02:20:04;1077.0;1745684404;96.486;100.073;90.422;102.587;
1900-01-01 02:20:05;1078.0;1745684405;96.486;100.008;90.442;102.624;
1900-01-01 02:20:06;1079.0;1745684406;96.496;100.076;90.442;102.624;
1900-01-01 02:20:07;1080.0;1745684407;96.516;100.076;90.417;102.519;
1900-01-01 02:20:08;1081.0;1745684408;96.516;100.01;90.39;102.509;
1900-01-01 02:20:09;1082.0;1745684409;96.456;100.053;90.39;102.509;
1900-01-01 02:20:10;1083.0;1745684410;96.465;100.053;90.367;102.476;
1900-01-01 02:20:11;1084.0;1745684411;96.465;100.034;90.316;102.476;
1900-01-01 02:20:12;1085.0;1745684412;96.401;99.983;90.316;102.584;
1900-01-01 02:20:13;1086.0;1745684413;96.285;99.983;90.193;102.564;
1900-01-01 02:20:14;1087.0;1745684414;96.285;99.97;90.245;102.564;
1900-01-01 02:20:15;1088.0;1745684415;96.093;99.897;90.245;102.579;
1900-01-01 02:20:16;1089.0;1745684416;96.093;99.897;90.195;102.511;
1900-01-01 02:20:17;1090.0;1745684417;95.944;99.946;90.277;102.511;
1900-01-01 02:20:18;1091.0;1745684418;95.846;99.888;90.277;102.568;
1900-01-01 02:20:19;1092.0;1745684419;95.846;99.888;90.302;102.545;
1900-01-01 02:20:20;1093.0;1745684420;95.722;99.963;90.316;102.545;
1900-01-01 02:20:21;1094.0;1745684421;95.594;99.807;90.316;102.566;
1900-01-01 02:20:22;1095.0;1745684422;95.594;99.807;90.333;102.554;
1900-01-01 02:20:23;1096.0;1745684423;95.565;99.825;90.253;102.554;
1900-01-01 02:20:25;1097.0;1745684425;95.589;99.866;90.253;102.547;
1900-01-01 02:20:25;1098.0;1745684425;95.589;99.866;90.283;102.583;
1900-01-01 02:20:26;1099.0;1745684426;95.512;99.775;90.362;102.583;
1900-01-01 02:20:27;1100.0;1745684427;95.547;99.775;90.362;102.556;
1900-01-01 02:20:28;1101.0;1745684428;95.547;99.971;90.47;102.587;
1900-01-01 02:20:29;1102.0;1745684429;95.461;99.872;90.461;102.587;
1900-01-01 02:20:30;1103.0;1745684430;95.403;99.872;90.461;102.556;
1900-01-01 02:20:31;1104.0;1745684431;95.403;99.87;90.449;102.525;
1900-01-01 02:20:32;1105.0;1745684432;95.426;99.93;90.484;102.525;
1900-01-01 02:20:33;1106.0;1745684433;95.345;99.93;90.484;102.537;
1900-01-01 02:20:34;1107.0;1745684434;95.345;99.937;90.47;102.568;
1900-01-01 02:20:35;1108.0;1745684435;95.319;99.832;90.47;102.568;
1900-01-01 02:20:36;1109.0;1745684436;95.26;99.832;90.53;102.498;
1900-01-01 02:20:37;1110.0;1745684437;95.26;99.986;90.485;102.537;
1900-01-01 02:20:38;1111.0;1745684438;95.266;99.907;90.485;102.537;
1900-01-01 02:20:39;1112.0;1745684439;95.266;99.907;90.487;102.566;
1900-01-01 02:20:40;1113.0;1745684440;95.279;99.85;90.422;102.519;
1900-01-01 02:20:41;1114.0;1745684441;95.25;99.833;90.422;102.519;
1900-01-01 02:20:42;1115.0;1745684442;95.25;99.833;90.415;102.605;
1900-01-01 02:20:43;1116.0;1745684443;95.318;99.89;90.299;102.605;
1900-01-01 02:20:45;1117.0;1745684445;95.25;99.792;90.299;102.556;
1900-01-01 02:20:45;1118.0;1745684445;95.25;99.792;90.295;102.566;
1900-01-01 02:20:46;1119.0;1745684446;95.298;99.868;90.277;102.566;
1900-01-01 02:20:47;1120.0;1745684447;95.307;99.868;90.277;102.607;
1900-01-01 02:20:48;1121.0;1745684448;95.307;99.809;90.263;102.522;
1900-01-01 02:20:49;1122.0;1745684449;95.329;99.788;90.257;102.522;
1900-01-01 02:20:51;1123.0;1745684451;95.273;99.788;90.257;102.563;
1900-01-01 02:20:51;1124.0;1745684451;95.273;99.699;90.248;102.517;
1900-01-01 02:20:52;1125.0;1745684452;95.355;99.751;90.113;102.517;
1900-01-01 02:20:53;1126.0;1745684453;95.34;99.751;90.113;102.63;
1900-01-01 02:20:54;1127.0;1745684454;95.34;99.785;90.184;102.572;
1900-01-01 02:20:55;1128.0;1745684455;95.396;99.785;90.184;102.572;
1900-01-01 02:20:56;1129.0;1745684456;95.361;99.785;90.086;102.534;
1900-01-01 02:20:57;1130.0;1745684457;95.361;99.783;90.014;102.571;
1900-01-01 02:20:58;1131.0;1745684458;95.323;99.782;90.014;102.571;
1900-01-01 02:20:59;1132.0;1745684459;95.458;99.782;89.979;102.599;
1900-01-01 02:21:00;1133.0;1745684460;95.458;99.834;89.884;102.54;
1900-01-01 02:21:01;1134.0;1745684461;95.392;99.772;89.884;102.54;
1900-01-01 02:21:02;1135.0;1745684462;95.469;99.772;89.785;102.61;
1900-01-01 02:21:04;1136.0;1745684464;95.469;99.89;89.779;102.526;
1900-01-01 02:21:04;1137.0;1745684464;95.425;99.823;89.779;102.526;
1900-01-01 02:21:05;1138.0;1745684465;95.425;99.823;89.62;102.594;
1900-01-01 02:21:06;1139.0;1745684466;95.462;99.882;89.674;102.594;
1900-01-01 02:21:07;1140.0;1745684467;95.412;99.882;89.674;102.587;
1900-01-01 02:21:08;1141.0;1745684468;95.412;99.87;89.676;102.468;
1900-01-01 02:21:09;1142.0;1745684469;95.438;99.949;89.702;102.468;
1900-01-01 02:21:10;1143.0;1745684470;95.451;99.949;89.702;102.473;
1900-01-01 02:21:11;1144.0;1745684471;95.451;99.887;89.641;102.561;
1900-01-01 02:21:12;1145.0;1745684472;95.448;99.887;89.641;102.561;
1900-01-01 02:21:13;1146.0;1745684473;95.386;99.887;89.604;102.485;
1900-01-01 02:21:14;1147.0;1745684474;95.386;99.929;89.511;102.532;
1900-01-01 02:21:15;1148.0;1745684475;95.424;99.981;89.45;102.532;
1900-01-01 02:21:16;1149.0;1745684476;95.451;99.981;89.45;102.577;
1900-01-01 02:21:17;1150.0;1745684477;95.451;99.865;89.442;102.549;
1900-01-01 02:21:18;1151.0;1745684478;95.495;99.799;89.494;102.549;
1900-01-01 02:21:19;1152.0;1745684479;95.495;99.799;89.494;102.599;
1900-01-01 02:21:20;1153.0;1745684480;95.445;99.863;89.317;102.576;
1900-01-01 02:21:21;1154.0;1745684481;95.429;99.712;89.317;102.576;
1900-01-01 02:21:22;1155.0;1745684482;95.429;99.712;89.417;102.499;
1900-01-01 02:21:23;1156.0;1745684483;95.377;99.703;89.348;102.499;
1900-01-01 02:21:24;1157.0;1745684484;95.389;99.665;89.348;102.496;
1900-01-01 02:21:25;1158.0;1745684485;95.389;99.665;89.3;102.515;
1900-01-01 02:21:26;1159.0;1745684486;95.344;99.671;89.243;102.515;
1900-01-01 02:21:27;1160.0;1745684487;95.307;99.736;89.243;102.546;
1900-01-01 02:21:28;1161.0;1745684488;95.307;99.736;89.243;102.497;
1900-01-01 02:21:29;1162.0;1745684489;95.353;99.831;89.122;102.497;
1900-01-01 02:21:30;1163.0;1745684490;95.263;99.83;89.122;102.589;
1900-01-01 02:21:31;1164.0;1745684491;95.263;99.83;89.09;102.577;
1900-01-01 02:21:32;1165.0;1745684492;95.326;99.714;89.056;102.577;
1900-01-01 02:21:33;1166.0;1745684493;95.198;99.714;89.056;102.623;
1900-01-01 02:21:34;1167.0;1745684494;95.198;99.751;88.983;102.565;
1900-01-01 02:21:36;1168.0;1745684496;95.166;99.66;89.029;102.565;
1900-01-01 02:21:36;1169.0;1745684496;95.108;99.66;89.029;102.587;
1900-01-01 02:21:37;1170.0;1745684497;95.108;99.721;88.958;102.529;
1900-01-01 02:21:38;1171.0;1745684498;95.019;99.679;88.976;102.529;
1900-01-01 02:21:39;1172.0;1745684499;95.129;99.679;88.976;102.594;
1900-01-01 02:21:40;1173.0;1745684500;95.129;99.682;89.082;102.544;
1900-01-01 02:21:42;1174.0;1745684502;95.155;99.557;89.094;102.544;
1900-01-01 02:21:42;1175.0;1745684502;95.123;99.557;89.094;102.583;
1900-01-01 02:21:43;1176.0;1745684503;95.123;99.497;89.154;102.608;
1900-01-01 02:21:44;1177.0;1745684504;95.114;99.575;89.154;102.608;
1900-01-01 02:21:45;1178.0;1745684505;95.106;99.575;89.13;102.656;
1900-01-01 02:21:46;1179.0;1745684506;95.106;99.529;89.23;102.601;
1900-01-01 02:21:47;1180.0;1745684507;95.106;99.603;89.311;102.601;
1900-01-01 02:21:48;1181.0;1745684508;95.03;99.603;89.311;102.572;
1900-01-01 02:21:49;1182.0;1745684509;95.03;99.605;89.361;102.615;
1900-01-01 02:21:50;1183.0;1745684510;94.974;99.64;89.361;102.615;
1900-01-01 02:21:51;1184.0;1745684511;94.974;99.64;89.239;102.66;
1900-01-01 02:21:52;1185.0;1745684512;94.936;99.66;89.24;102.597;
1900-01-01 02:21:53;1186.0;1745684513;94.949;99.66;89.24;102.597;
1900-01-01 02:21:54;1187.0;1745684514;94.949;99.694;89.231;102.589;
1900-01-01 02:21:56;1188.0;1745684516;94.977;99.73;89.331;102.638;
1900-01-01 02:21:56;1189.0;1745684516;94.965;99.73;89.331;102.638;
1900-01-01 02:21:57;1190.0;1745684517;94.965;99.784;89.3;102.659;
1900-01-01 02:21:58;1191.0;1745684518;95.024;99.694;89.313;102.659;
1900-01-01 02:21:59;1192.0;1745684519;95.002;99.694;89.313;102.583;
1900-01-01 02:22:00;1193.0;1745684520;95.002;99.743;89.324;102.502;
1900-01-01 02:22:01;1194.0;1745684521;94.899;99.731;89.253;102.502;
1900-01-01 02:22:02;1195.0;1745684522;94.877;99.731;89.253;102.594;
1900-01-01 02:22:03;1196.0;1745684523;94.877;99.662;89.175;102.565;
1900-01-01 02:22:04;1197.0;1745684524;94.895;99.791;89.045;102.565;
1900-01-01 02:22:05;1198.0;1745684525;94.848;99.791;89.045;102.603;
1900-01-01 02:22:06;1199.0;1745684526;94.848;99.789;89.007;102.606;
1900-01-01 02:22:07;1200.0;1745684527;94.758;99.799;89.007;102.606;
