Time;Seconds from start for linreg;Unix Time;ch1 po2;ch2 po2;ch3 po2;ch4 po2;
1900-01-01 05:47:09;1.0;1745696829;100.954;102.683;96.735;102.879;
1900-01-01 05:47:10;2.0;1745696830;100.954;102.672;96.734;102.857;
1900-01-01 05:47:11;3.0;1745696831;100.933;102.614;96.702;102.857;
1900-01-01 05:47:12;4.0;1745696832;101.005;102.614;96.702;102.888;
1900-01-01 05:47:13;5.0;1745696833;101.005;102.57;96.61;102.943;
1900-01-01 05:47:14;6.0;1745696834;100.938;102.543;96.61;102.943;
1900-01-01 05:47:15;7.0;1745696835;101.009;102.543;96.488;102.94;
1900-01-01 05:47:16;8.0;1745696836;101.009;102.571;96.523;102.94;
1900-01-01 05:47:17;9.0;1745696837;100.974;102.597;96.523;102.832;
1900-01-01 05:47:18;10.0;1745696838;100.974;102.597;96.536;102.91;
1900-01-01 05:47:19;11.0;1745696839;101.016;102.602;96.465;102.91;
1900-01-01 05:47:20;12.0;1745696840;101.002;102.576;96.465;102.907;
1900-01-01 05:47:21;13.0;1745696841;101.002;102.576;96.495;102.909;
1900-01-01 05:47:22;14.0;1745696842;101.041;102.56;96.512;102.909;
1900-01-01 05:47:23;15.0;1745696843;100.985;102.56;96.512;102.848;
1900-01-01 05:47:24;16.0;1745696844;100.985;102.552;96.394;102.917;
1900-01-01 05:47:25;17.0;1745696845;100.976;102.601;96.394;102.917;
1900-01-01 05:47:26;18.0;1745696846;101.043;102.601;96.429;102.973;
1900-01-01 05:47:27;19.0;1745696847;101.043;102.568;96.501;102.978;
1900-01-01 05:47:28;20.0;1745696848;101.063;102.718;96.501;102.978;
1900-01-01 05:47:29;21.0;1745696849;101.073;102.718;96.491;102.968;
1900-01-01 05:47:30;22.0;1745696850;101.073;102.675;96.514;102.871;
1900-01-01 05:47:31;23.0;1745696851;101.143;102.598;96.514;102.871;
1900-01-01 05:47:32;24.0;1745696852;101.18;102.598;96.52;102.951;
1900-01-01 05:47:33;25.0;1745696853;101.18;102.683;96.591;102.957;
1900-01-01 05:47:34;26.0;1745696854;101.147;102.582;96.591;102.957;
1900-01-01 05:47:35;27.0;1745696855;101.147;102.582;96.537;102.963;
1900-01-01 05:47:36;28.0;1745696856;101.248;102.69;96.628;102.963;
1900-01-01 05:47:37;29.0;1745696857;101.208;102.674;96.628;102.955;
1900-01-01 05:47:39;30.0;1745696859;101.186;102.674;96.647;102.95;
1900-01-01 05:47:39;31.0;1745696859;101.186;102.624;96.71;102.95;
1900-01-01 05:47:40;32.0;1745696860;101.255;102.605;96.71;102.948;
1900-01-01 05:47:42;33.0;1745696862;101.212;102.605;96.693;102.943;
1900-01-01 05:47:42;34.0;1745696862;101.212;102.612;96.694;102.943;
1900-01-01 05:47:43;35.0;1745696863;101.117;102.653;96.694;102.911;
1900-01-01 05:47:44;36.0;1745696864;101.117;102.653;96.62;102.865;
1900-01-01 05:47:45;37.0;1745696865;101.244;102.64;96.625;102.865;
1900-01-01 05:47:46;38.0;1745696866;101.17;102.64;96.625;102.904;
1900-01-01 05:47:47;39.0;1745696867;101.17;102.61;96.664;102.872;
1900-01-01 05:47:48;40.0;1745696868;101.213;102.671;96.664;102.872;
1900-01-01 05:47:49;41.0;1745696869;101.194;102.671;96.528;102.861;
1900-01-01 05:47:50;42.0;1745696870;101.194;102.584;96.529;102.861;
1900-01-01 05:47:51;43.0;1745696871;101.102;102.698;96.529;102.868;
1900-01-01 05:47:52;44.0;1745696872;101.15;102.698;96.514;102.934;
1900-01-01 05:47:53;45.0;1745696873;101.15;102.677;96.618;102.924;
1900-01-01 05:47:54;46.0;1745696874;101.199;102.618;96.618;102.924;
1900-01-01 05:47:55;47.0;1745696875;101.199;102.618;96.486;102.897;
1900-01-01 05:47:56;48.0;1745696876;101.055;102.624;96.453;102.897;
1900-01-01 05:47:57;49.0;1745696877;101.185;102.53;96.453;102.8;
1900-01-01 05:47:58;50.0;1745696878;101.185;102.53;96.413;102.87;
1900-01-01 05:47:59;51.0;1745696879;101.082;102.641;96.448;102.87;
1900-01-01 05:48:00;52.0;1745696880;101.159;102.641;96.448;102.929;
1900-01-01 05:48:01;53.0;1745696881;101.159;102.658;96.38;102.939;
1900-01-01 05:48:02;54.0;1745696882;101.099;102.631;96.306;102.939;
1900-01-01 05:48:03;55.0;1745696883;101.051;102.631;96.306;102.946;
1900-01-01 05:48:04;56.0;1745696884;101.051;102.66;96.251;102.806;
1900-01-01 05:48:06;57.0;1745696886;101.035;102.6;96.2;102.806;
1900-01-01 05:48:06;58.0;1745696886;100.958;102.6;96.2;102.895;
1900-01-01 05:48:07;59.0;1745696887;100.958;102.558;96.13;102.893;
1900-01-01 05:48:08;60.0;1745696888;100.967;102.554;96.135;102.893;
1900-01-01 05:48:09;61.0;1745696889;100.948;102.554;96.135;102.805;
1900-01-01 05:48:10;62.0;1745696890;100.948;102.554;96.24;102.892;
1900-01-01 05:48:11;63.0;1745696891;100.917;102.577;96.24;102.892;
1900-01-01 05:48:12;64.0;1745696892;100.999;102.577;96.163;102.937;
1900-01-01 05:48:13;65.0;1745696893;100.999;102.576;96.101;102.937;
1900-01-01 05:48:14;66.0;1745696894;101.063;102.518;96.101;102.889;
1900-01-01 05:48:15;67.0;1745696895;100.993;102.518;95.983;102.877;
1900-01-01 05:48:16;68.0;1745696896;100.993;102.472;95.968;102.919;
1900-01-01 05:48:17;69.0;1745696897;101.106;102.536;95.968;102.919;
1900-01-01 05:48:18;70.0;1745696898;101.106;102.536;95.966;102.883;
1900-01-01 05:48:19;71.0;1745696899;101.052;102.536;96.005;102.911;
1900-01-01 05:48:20;72.0;1745696900;101.177;102.409;96.005;102.911;
1900-01-01 05:48:21;73.0;1745696901;101.177;102.409;96.086;102.913;
1900-01-01 05:48:22;74.0;1745696902;101.202;102.453;96.235;102.913;
1900-01-01 05:48:23;75.0;1745696903;101.26;102.453;96.235;102.843;
1900-01-01 05:48:24;76.0;1745696904;101.26;102.513;96.267;102.881;
1900-01-01 05:48:25;77.0;1745696905;101.295;102.561;96.312;102.881;
1900-01-01 05:48:26;78.0;1745696906;101.196;102.561;96.312;102.873;
1900-01-01 05:48:27;79.0;1745696907;101.196;102.584;96.175;102.916;
1900-01-01 05:48:28;80.0;1745696908;101.027;102.572;96.175;102.916;
1900-01-01 05:48:29;81.0;1745696909;101.057;102.572;96.276;102.897;
1900-01-01 05:48:30;82.0;1745696910;101.057;102.54;96.278;102.937;
1900-01-01 05:48:31;83.0;1745696911;101.138;102.531;96.278;102.937;
1900-01-01 05:48:32;84.0;1745696912;101.2;102.531;96.21;103.014;
1900-01-01 05:48:33;85.0;1745696913;101.2;102.622;96.246;103.014;
1900-01-01 05:48:34;86.0;1745696914;101.18;102.529;96.246;102.959;
1900-01-01 05:48:36;87.0;1745696916;101.158;102.529;96.139;102.972;
1900-01-01 05:48:36;88.0;1745696916;101.158;102.487;96.051;102.972;
1900-01-01 05:48:37;89.0;1745696917;101.164;102.423;96.051;102.942;
1900-01-01 05:48:38;90.0;1745696918;101.164;102.423;95.941;102.952;
1900-01-01 05:48:39;91.0;1745696919;101.088;102.43;95.814;102.952;
1900-01-01 05:48:40;92.0;1745696920;100.958;102.43;95.814;102.943;
1900-01-01 05:48:41;93.0;1745696921;100.958;102.463;95.746;102.95;
1900-01-01 05:48:42;94.0;1745696922;100.968;102.5;95.786;102.95;
1900-01-01 05:48:43;95.0;1745696923;100.898;102.5;95.786;102.914;
1900-01-01 05:48:44;96.0;1745696924;100.898;102.408;95.853;102.958;
1900-01-01 05:48:46;97.0;1745696926;100.975;102.438;95.87;102.958;
1900-01-01 05:48:46;98.0;1745696926;100.989;102.438;95.87;102.968;
1900-01-01 05:48:47;99.0;1745696927;100.989;102.393;95.889;102.842;
1900-01-01 05:48:48;100.0;1745696928;100.933;102.387;96.019;102.842;
1900-01-01 05:48:50;101.0;1745696930;100.905;102.387;96.019;102.9;
1900-01-01 05:48:50;102.0;1745696930;100.905;102.277;95.963;102.87;
1900-01-01 05:48:51;103.0;1745696931;100.877;102.275;95.963;102.87;
1900-01-01 05:48:53;104.0;1745696933;100.949;102.275;95.977;102.892;
1900-01-01 05:48:53;105.0;1745696933;100.949;102.341;95.928;102.892;
1900-01-01 05:48:54;106.0;1745696934;100.969;102.409;95.928;102.902;
1900-01-01 05:48:55;107.0;1745696935;100.845;102.409;95.949;102.962;
1900-01-01 05:48:56;108.0;1745696936;100.845;102.433;95.929;102.962;
1900-01-01 05:48:57;109.0;1745696937;100.972;102.502;95.929;102.903;
1900-01-01 05:48:58;110.0;1745696938;100.972;102.502;95.893;102.929;
1900-01-01 05:48:59;111.0;1745696939;100.807;102.456;95.783;102.929;
1900-01-01 05:49:00;112.0;1745696940;100.911;102.456;95.783;102.974;
1900-01-01 05:49:01;113.0;1745696941;100.911;102.433;95.737;102.905;
1900-01-01 05:49:02;114.0;1745696942;101.0;102.461;95.718;102.905;
1900-01-01 05:49:03;115.0;1745696943;101.018;102.461;95.718;102.979;
1900-01-01 05:49:04;116.0;1745696944;101.018;102.491;95.69;102.845;
1900-01-01 05:49:05;117.0;1745696945;100.988;102.518;95.638;102.845;
1900-01-01 05:49:06;118.0;1745696946;100.947;102.518;95.638;102.929;
1900-01-01 05:49:07;119.0;1745696947;100.947;102.45;95.522;102.901;
1900-01-01 05:49:08;120.0;1745696948;100.977;102.46;95.522;102.901;
1900-01-01 05:49:09;121.0;1745696949;100.966;102.46;95.598;102.888;
1900-01-01 05:49:10;122.0;1745696950;100.966;102.566;95.641;102.923;
1900-01-01 05:49:11;123.0;1745696951;100.97;102.552;95.698;102.923;
1900-01-01 05:49:12;124.0;1745696952;100.906;102.552;95.698;102.957;
1900-01-01 05:49:13;125.0;1745696953;100.906;102.604;95.754;102.938;
1900-01-01 05:49:14;126.0;1745696954;100.845;102.526;95.754;102.938;
1900-01-01 05:49:15;127.0;1745696955;100.844;102.526;95.705;102.931;
1900-01-01 05:49:16;128.0;1745696956;100.844;102.526;95.599;103.014;
1900-01-01 05:49:17;129.0;1745696957;100.923;102.546;95.599;103.014;
1900-01-01 05:49:18;130.0;1745696958;100.806;102.546;95.428;103.005;
1900-01-01 05:49:19;131.0;1745696959;100.806;102.6;95.395;102.927;
1900-01-01 05:49:20;132.0;1745696960;100.88;102.549;95.457;102.927;
1900-01-01 05:49:21;133.0;1745696961;100.895;102.549;95.457;102.925;
1900-01-01 05:49:22;134.0;1745696962;100.895;102.577;95.5;102.941;
1900-01-01 05:49:23;135.0;1745696963;100.939;102.461;95.5;102.941;
1900-01-01 05:49:24;136.0;1745696964;100.99;102.461;95.535;103.035;
1900-01-01 05:49:25;137.0;1745696965;100.99;102.548;95.563;103.035;
1900-01-01 05:49:26;138.0;1745696966;100.933;102.478;95.563;102.969;
1900-01-01 05:49:27;139.0;1745696967;100.977;102.478;95.453;102.872;
1900-01-01 05:49:28;140.0;1745696968;100.977;102.513;95.416;102.84;
1900-01-01 05:49:29;141.0;1745696969;100.955;102.54;95.416;102.84;
1900-01-01 05:49:30;142.0;1745696970;100.955;102.54;95.459;102.985;
1900-01-01 05:49:31;143.0;1745696971;101.033;102.479;95.502;102.985;
1900-01-01 05:49:32;144.0;1745696972;101.022;102.479;95.502;102.963;
1900-01-01 05:49:33;145.0;1745696973;101.022;102.43;95.685;102.927;
1900-01-01 05:49:34;146.0;1745696974;101.002;102.512;95.565;102.927;
1900-01-01 05:49:35;147.0;1745696975;100.99;102.512;95.565;102.928;
1900-01-01 05:49:36;148.0;1745696976;100.99;102.506;95.567;102.976;
1900-01-01 05:49:37;149.0;1745696977;100.953;102.544;95.468;102.976;
1900-01-01 05:49:38;150.0;1745696978;100.894;102.544;95.468;102.95;
1900-01-01 05:49:39;151.0;1745696979;100.894;102.497;95.328;102.878;
1900-01-01 05:49:40;152.0;1745696980;100.859;102.471;95.326;102.878;
1900-01-01 05:49:41;153.0;1745696981;100.859;102.471;95.326;103.057;
1900-01-01 05:49:42;154.0;1745696982;100.844;102.519;95.281;102.98;
1900-01-01 05:49:43;155.0;1745696983;100.813;102.393;95.281;102.98;
1900-01-01 05:49:45;156.0;1745696985;100.869;102.393;95.237;102.996;
1900-01-01 05:49:45;157.0;1745696985;100.869;102.514;95.32;102.996;
1900-01-01 05:49:46;158.0;1745696986;100.865;102.352;95.32;102.926;
1900-01-01 05:49:47;159.0;1745696987;100.865;102.352;95.204;102.948;
1900-01-01 05:49:48;160.0;1745696988;100.888;102.352;95.206;102.948;
1900-01-01 05:49:49;161.0;1745696989;100.935;102.354;95.206;103.008;
1900-01-01 05:49:50;162.0;1745696990;100.935;102.354;95.234;102.899;
1900-01-01 05:49:51;163.0;1745696991;100.934;102.208;95.283;102.899;
1900-01-01 05:49:52;164.0;1745696992;100.945;102.345;95.283;103.003;
1900-01-01 05:49:53;165.0;1745696993;100.945;102.345;95.358;102.929;
1900-01-01 05:49:54;166.0;1745696994;100.911;102.255;95.434;102.929;
1900-01-01 05:49:55;167.0;1745696995;100.946;102.255;95.434;102.984;
1900-01-01 05:49:56;168.0;1745696996;100.946;102.332;95.495;103.065;
1900-01-01 05:49:57;169.0;1745696997;100.962;102.267;95.392;103.065;
1900-01-01 05:49:58;170.0;1745696998;100.914;102.267;95.392;102.984;
1900-01-01 05:49:59;171.0;1745696999;100.914;102.341;95.304;103.054;
1900-01-01 05:50:00;172.0;1745697000;100.905;102.365;95.265;103.054;
1900-01-01 05:50:01;173.0;1745697001;100.854;102.365;95.265;102.918;
1900-01-01 05:50:02;174.0;1745697002;100.854;102.309;95.21;103.014;
1900-01-01 05:50:04;175.0;1745697004;100.902;102.235;95.236;103.014;
1900-01-01 05:50:04;176.0;1745697004;100.958;102.235;95.236;102.975;
1900-01-01 05:50:05;177.0;1745697005;100.958;102.418;95.08;102.948;
1900-01-01 05:50:06;178.0;1745697006;100.876;102.356;95.08;102.948;
1900-01-01 05:50:07;179.0;1745697007;100.876;102.356;95.023;103.049;
1900-01-01 05:50:08;180.0;1745697008;100.945;102.356;94.914;103.049;
1900-01-01 05:50:09;181.0;1745697009;100.904;102.405;94.914;102.905;
1900-01-01 05:50:10;182.0;1745697010;100.904;102.405;94.96;102.922;
1900-01-01 05:50:11;183.0;1745697011;100.896;102.384;94.961;102.922;
1900-01-01 05:50:12;184.0;1745697012;100.864;102.368;94.961;102.874;
1900-01-01 05:50:13;185.0;1745697013;100.864;102.368;94.953;102.948;
1900-01-01 05:50:14;186.0;1745697014;100.919;102.326;94.947;102.948;
1900-01-01 05:50:15;187.0;1745697015;100.835;102.326;94.947;103.022;
1900-01-01 05:50:16;188.0;1745697016;100.835;102.341;94.878;102.939;
1900-01-01 05:50:17;189.0;1745697017;100.859;102.356;94.97;102.939;
1900-01-01 05:50:18;190.0;1745697018;100.821;102.356;94.97;102.902;
1900-01-01 05:50:19;191.0;1745697019;100.821;102.401;94.967;102.973;
1900-01-01 05:50:20;192.0;1745697020;100.799;102.451;94.967;102.973;
1900-01-01 05:50:21;193.0;1745697021;100.851;102.451;95.037;102.969;
1900-01-01 05:50:22;194.0;1745697022;100.851;102.581;95.024;102.969;
1900-01-01 05:50:23;195.0;1745697023;100.762;102.504;95.024;103.065;
1900-01-01 05:50:24;196.0;1745697024;100.911;102.504;94.98;103.008;
1900-01-01 05:50:25;197.0;1745697025;100.911;102.614;94.993;103.008;
1900-01-01 05:50:26;198.0;1745697026;100.856;102.551;94.993;102.988;
1900-01-01 05:50:27;199.0;1745697027;100.901;102.551;95.063;103.093;
1900-01-01 05:50:28;200.0;1745697028;100.901;102.477;95.085;103.093;
1900-01-01 05:50:29;201.0;1745697029;100.813;102.482;95.085;103.052;
1900-01-01 05:50:30;202.0;1745697030;100.813;102.482;95.048;103.027;
1900-01-01 05:50:31;203.0;1745697031;100.894;102.436;95.097;103.043;
1900-01-01 05:50:32;204.0;1745697032;100.801;102.436;95.097;103.043;
1900-01-01 05:50:33;205.0;1745697033;100.801;102.406;95.144;103.116;
1900-01-01 05:50:34;206.0;1745697034;100.798;102.423;94.983;103.116;
1900-01-01 05:50:35;207.0;1745697035;100.804;102.423;94.983;102.953;
1900-01-01 05:50:36;208.0;1745697036;100.804;102.29;95.008;102.941;
1900-01-01 05:50:37;209.0;1745697037;100.864;102.366;94.855;102.941;
1900-01-01 05:50:39;210.0;1745697039;100.852;102.335;94.855;102.916;
1900-01-01 05:50:39;211.0;1745697039;100.852;102.335;94.907;102.99;
1900-01-01 05:50:41;212.0;1745697041;100.882;102.313;94.949;102.99;
1900-01-01 05:50:41;213.0;1745697041;100.903;102.313;94.949;102.931;
1900-01-01 05:50:42;214.0;1745697042;100.903;102.243;94.926;102.954;
1900-01-01 05:50:44;215.0;1745697044;100.856;102.23;94.907;102.954;
1900-01-01 05:50:44;216.0;1745697044;100.856;102.23;94.907;102.96;
1900-01-01 05:50:45;217.0;1745697045;100.841;102.229;94.821;102.96;
1900-01-01 05:50:46;218.0;1745697046;100.838;102.245;94.821;102.939;
1900-01-01 05:50:47;219.0;1745697047;100.838;102.245;94.765;102.999;
1900-01-01 05:50:48;220.0;1745697048;100.786;102.266;94.689;102.999;
1900-01-01 05:50:49;221.0;1745697049;100.725;102.297;94.689;102.935;
1900-01-01 05:50:50;222.0;1745697050;100.725;102.297;94.642;103.045;
1900-01-01 05:50:51;223.0;1745697051;100.685;102.257;94.64;103.045;
1900-01-01 05:50:52;224.0;1745697052;100.7;102.274;94.64;103.046;
1900-01-01 05:50:53;225.0;1745697053;100.7;102.274;94.628;103.04;
1900-01-01 05:50:54;226.0;1745697054;100.743;102.355;94.69;103.04;
1900-01-01 05:50:56;227.0;1745697056;100.741;102.346;94.69;103.086;
1900-01-01 05:50:56;228.0;1745697056;100.741;102.346;94.6;103.025;
1900-01-01 05:50:57;229.0;1745697057;100.705;102.295;94.598;103.025;
1900-01-01 05:50:58;230.0;1745697058;100.664;102.295;94.598;103.069;
1900-01-01 05:50:59;231.0;1745697059;100.664;102.183;94.631;103.062;
1900-01-01 05:51:00;232.0;1745697060;100.788;102.246;94.564;103.062;
1900-01-01 05:51:01;233.0;1745697061;100.707;102.246;94.564;103.066;
1900-01-01 05:51:02;234.0;1745697062;100.707;102.204;94.619;103.078;
1900-01-01 05:51:03;235.0;1745697063;100.77;102.264;94.619;103.078;
1900-01-01 05:51:04;236.0;1745697064;100.73;102.264;94.632;103.002;
1900-01-01 05:51:05;237.0;1745697065;100.73;102.216;94.636;103.002;
1900-01-01 05:51:06;238.0;1745697066;100.708;102.219;94.636;103.044;
1900-01-01 05:51:07;239.0;1745697067;100.766;102.219;94.533;103.089;
1900-01-01 05:51:08;240.0;1745697068;100.766;102.176;94.536;103.089;
1900-01-01 05:51:09;241.0;1745697069;100.74;102.281;94.536;102.91;
1900-01-01 05:51:10;242.0;1745697070;100.824;102.281;94.419;103.058;
1900-01-01 05:51:11;243.0;1745697071;100.824;102.212;94.456;103.058;
1900-01-01 05:51:12;244.0;1745697072;100.721;102.12;94.456;102.986;
1900-01-01 05:51:13;245.0;1745697073;100.721;102.12;94.495;103.047;
1900-01-01 05:51:14;246.0;1745697074;100.764;102.189;94.511;103.047;
1900-01-01 05:51:15;247.0;1745697075;100.806;102.194;94.511;103.048;
1900-01-01 05:51:16;248.0;1745697076;100.806;102.194;94.521;103.002;
1900-01-01 05:51:17;249.0;1745697077;100.706;102.289;94.503;103.002;
1900-01-01 05:51:18;250.0;1745697078;100.699;102.289;94.503;103.026;
1900-01-01 05:51:19;251.0;1745697079;100.699;102.134;94.406;103.014;
1900-01-01 05:51:20;252.0;1745697080;100.613;102.216;94.406;103.014;
1900-01-01 05:51:21;253.0;1745697081;100.743;102.216;94.467;103.002;
1900-01-01 05:51:22;254.0;1745697082;100.743;102.204;94.466;102.98;
1900-01-01 05:51:23;255.0;1745697083;100.659;102.287;94.466;102.98;
1900-01-01 05:51:24;256.0;1745697084;100.722;102.287;94.314;102.968;
1900-01-01 05:51:26;257.0;1745697086;100.722;102.286;94.186;102.949;
1900-01-01 05:51:26;258.0;1745697086;100.705;102.301;94.186;102.949;
1900-01-01 05:51:27;259.0;1745697087;100.705;102.301;94.292;102.972;
1900-01-01 05:51:28;260.0;1745697088;100.747;102.319;94.274;102.938;
1900-01-01 05:51:29;261.0;1745697089;100.757;102.319;94.274;102.938;
1900-01-01 05:51:30;262.0;1745697090;100.757;102.265;94.261;103.056;
1900-01-01 05:51:31;263.0;1745697091;100.781;102.286;94.318;103.056;
1900-01-01 05:51:32;264.0;1745697092;100.82;102.286;94.318;102.999;
1900-01-01 05:51:33;265.0;1745697093;100.82;102.284;94.14;102.915;
1900-01-01 05:51:34;266.0;1745697094;100.753;102.144;94.295;102.915;
1900-01-01 05:51:35;267.0;1745697095;100.764;102.127;94.295;103.019;
1900-01-01 05:51:36;268.0;1745697096;100.764;102.127;94.389;102.928;
1900-01-01 05:51:37;269.0;1745697097;100.759;102.156;94.389;102.928;
1900-01-01 05:51:38;270.0;1745697098;100.766;102.156;94.332;103.023;
1900-01-01 05:51:39;271.0;1745697099;100.766;102.137;94.549;102.985;
1900-01-01 05:51:41;272.0;1745697101;100.753;102.128;94.474;102.985;
1900-01-01 05:51:41;273.0;1745697101;100.679;102.128;94.474;103.012;
1900-01-01 05:51:42;274.0;1745697102;100.679;102.087;94.558;103.006;
1900-01-01 05:51:43;275.0;1745697103;100.686;102.099;94.502;103.006;
1900-01-01 05:51:44;276.0;1745697104;100.674;102.099;94.502;103.034;
1900-01-01 05:51:45;277.0;1745697105;100.674;102.104;94.438;102.989;
1900-01-01 05:51:46;278.0;1745697106;100.684;102.111;94.438;102.989;
1900-01-01 05:51:47;279.0;1745697107;100.655;102.111;94.322;103.002;
1900-01-01 05:51:48;280.0;1745697108;100.655;102.18;94.336;102.988;
1900-01-01 05:51:49;281.0;1745697109;100.621;102.154;94.336;102.988;
1900-01-01 05:51:50;282.0;1745697110;100.621;102.154;94.255;102.972;
1900-01-01 05:51:51;283.0;1745697111;100.582;102.168;94.195;102.972;
1900-01-01 05:51:52;284.0;1745697112;100.646;102.141;94.195;103.021;
1900-01-01 05:51:53;285.0;1745697113;100.646;102.141;94.158;102.953;
1900-01-01 05:51:54;286.0;1745697114;100.641;102.156;94.119;102.953;
1900-01-01 05:51:55;287.0;1745697115;100.683;102.211;94.119;103.022;
1900-01-01 05:51:56;288.0;1745697116;100.683;102.211;94.067;102.936;
1900-01-01 05:51:57;289.0;1745697117;100.705;102.258;94.012;102.936;
1900-01-01 05:51:59;290.0;1745697119;100.687;102.122;94.012;103.026;
1900-01-01 05:51:59;291.0;1745697119;100.687;102.122;94.072;102.991;
1900-01-01 05:52:00;292.0;1745697120;100.698;102.226;93.968;102.991;
1900-01-01 05:52:01;293.0;1745697121;100.698;102.226;93.968;103.033;
1900-01-01 05:52:02;294.0;1745697122;100.698;102.164;93.965;103.112;
1900-01-01 05:52:03;295.0;1745697123;100.675;102.123;94.007;103.112;
1900-01-01 05:52:04;296.0;1745697124;100.642;102.123;94.007;102.984;
1900-01-01 05:52:05;297.0;1745697125;100.642;102.205;94.017;102.991;
1900-01-01 05:52:06;298.0;1745697126;100.646;102.154;94.017;102.991;
1900-01-01 05:52:07;299.0;1745697127;100.583;102.154;94.035;103.045;
1900-01-01 05:52:08;300.0;1745697128;100.583;102.099;94.116;103.045;
1900-01-01 05:52:09;301.0;1745697129;100.581;101.929;94.116;103.083;
1900-01-01 05:52:10;302.0;1745697130;100.581;101.929;94.032;102.971;
1900-01-01 05:52:11;303.0;1745697131;100.727;102.002;93.972;102.971;
1900-01-01 05:52:12;304.0;1745697132;100.598;102.06;93.972;103.046;
1900-01-01 05:52:13;305.0;1745697133;100.598;102.06;93.973;102.958;
1900-01-01 05:52:14;306.0;1745697134;100.719;102.177;93.855;102.958;
1900-01-01 05:52:15;307.0;1745697135;100.664;102.176;93.855;102.989;
1900-01-01 05:52:16;308.0;1745697136;100.664;102.176;93.772;102.944;
1900-01-01 05:52:17;309.0;1745697137;100.74;102.223;93.889;102.944;
1900-01-01 05:52:18;310.0;1745697138;100.662;102.223;93.889;102.975;
1900-01-01 05:52:19;311.0;1745697139;100.662;102.148;93.868;102.921;
1900-01-01 05:52:21;312.0;1745697141;100.696;102.201;93.917;102.921;
1900-01-01 05:52:21;313.0;1745697141;100.627;102.201;93.917;103.055;
1900-01-01 05:52:22;314.0;1745697142;100.627;102.186;93.947;102.999;
1900-01-01 05:52:23;315.0;1745697143;100.661;102.258;93.916;102.999;
1900-01-01 05:52:24;316.0;1745697144;100.558;102.258;93.916;102.89;
1900-01-01 05:52:25;317.0;1745697145;100.558;102.215;93.797;102.997;
1900-01-01 05:52:26;318.0;1745697146;100.603;102.129;93.84;102.997;
1900-01-01 05:52:27;319.0;1745697147;100.398;102.129;93.84;103.056;
1900-01-01 05:52:28;320.0;1745697148;100.398;102.171;93.823;103.072;
1900-01-01 05:52:29;321.0;1745697149;100.506;102.21;93.849;103.072;
1900-01-01 05:52:30;322.0;1745697150;100.42;102.21;93.849;103.02;
1900-01-01 05:52:31;323.0;1745697151;100.42;102.039;93.8;103.037;
1900-01-01 05:52:32;324.0;1745697152;100.361;101.982;93.8;103.037;
1900-01-01 05:52:33;325.0;1745697153;100.407;101.982;93.737;102.991;
1900-01-01 05:52:34;326.0;1745697154;100.407;102.029;93.757;102.991;
1900-01-01 05:52:35;327.0;1745697155;100.413;102.102;93.757;103.046;
1900-01-01 05:52:37;328.0;1745697157;100.466;102.102;93.737;103.094;
1900-01-01 05:52:37;329.0;1745697157;100.466;102.101;93.811;103.094;
1900-01-01 05:52:38;330.0;1745697158;100.476;102.131;93.811;103.081;
1900-01-01 05:52:40;331.0;1745697160;100.512;102.131;93.932;103.145;
1900-01-01 05:52:40;332.0;1745697160;100.512;102.039;93.936;103.145;
1900-01-01 05:52:41;333.0;1745697161;100.525;102.099;93.936;103.067;
1900-01-01 05:52:42;334.0;1745697162;100.525;102.099;93.912;103.107;
1900-01-01 05:52:43;335.0;1745697163;100.549;102.095;93.812;103.107;
1900-01-01 05:52:44;336.0;1745697164;100.68;102.122;93.812;103.124;
1900-01-01 05:52:45;337.0;1745697165;100.68;102.122;93.805;103.018;
1900-01-01 05:52:46;338.0;1745697166;100.573;102.146;93.628;103.018;
1900-01-01 05:52:47;339.0;1745697167;100.462;102.146;93.628;103.045;
1900-01-01 05:52:48;340.0;1745697168;100.462;102.103;93.638;103.002;
1900-01-01 05:52:49;341.0;1745697169;100.591;102.073;93.638;103.002;
1900-01-01 05:52:50;342.0;1745697170;100.514;102.073;93.632;102.946;
1900-01-01 05:52:51;343.0;1745697171;100.514;102.158;93.575;103.057;
1900-01-01 05:52:53;344.0;1745697173;100.565;102.053;93.514;103.057;
1900-01-01 05:52:53;345.0;1745697173;100.6;102.053;93.514;102.954;
1900-01-01 05:52:54;346.0;1745697174;100.6;102.186;93.449;103.076;
1900-01-01 05:52:55;347.0;1745697175;100.571;102.024;93.371;103.076;
1900-01-01 05:52:56;348.0;1745697176;100.524;102.024;93.371;102.982;
1900-01-01 05:52:57;349.0;1745697177;100.524;102.028;93.371;103.114;
1900-01-01 05:52:58;350.0;1745697178;100.467;102.05;93.352;103.114;
1900-01-01 05:52:59;351.0;1745697179;100.467;102.05;93.352;103.001;
1900-01-01 05:53:00;352.0;1745697180;100.502;101.993;93.371;103.134;
1900-01-01 05:53:01;353.0;1745697181;100.46;102.151;93.371;103.134;
1900-01-01 05:53:02;354.0;1745697182;100.441;102.151;93.529;103.032;
1900-01-01 05:53:03;355.0;1745697183;100.441;102.068;93.645;103.032;
1900-01-01 05:53:04;356.0;1745697184;100.494;102.066;93.645;103.062;
1900-01-01 05:53:06;357.0;1745697186;100.445;102.066;93.698;103.035;
1900-01-01 05:53:06;358.0;1745697186;100.445;102.006;93.638;103.035;
1900-01-01 05:53:07;359.0;1745697187;100.377;102.002;93.638;103.003;
1900-01-01 05:53:08;360.0;1745697188;100.377;102.002;93.597;103.105;
1900-01-01 05:53:09;361.0;1745697189;100.512;102.055;93.597;103.105;
1900-01-01 05:53:10;362.0;1745697190;100.51;102.075;93.597;103.05;
1900-01-01 05:53:11;363.0;1745697191;100.51;102.075;93.53;103.005;
1900-01-01 05:53:12;364.0;1745697192;100.421;102.023;93.552;103.005;
1900-01-01 05:53:13;365.0;1745697193;100.502;102.055;93.552;103.08;
1900-01-01 05:53:14;366.0;1745697194;100.502;102.055;93.438;103.098;
1900-01-01 05:53:15;367.0;1745697195;100.377;102.041;93.415;103.098;
1900-01-01 05:53:16;368.0;1745697196;100.472;102.041;93.415;103.029;
1900-01-01 05:53:17;369.0;1745697197;100.472;102.039;93.328;103.065;
1900-01-01 05:53:18;370.0;1745697198;100.524;102.07;93.328;103.065;
1900-01-01 05:53:19;371.0;1745697199;100.489;102.07;93.371;103.021;
1900-01-01 05:53:21;372.0;1745697201;100.489;102.055;93.36;103.05;
1900-01-01 05:53:21;373.0;1745697201;100.403;102.197;93.36;103.05;
1900-01-01 05:53:22;374.0;1745697202;100.499;102.197;93.249;103.053;
1900-01-01 05:53:23;375.0;1745697203;100.499;102.087;93.313;103.053;
1900-01-01 05:53:24;376.0;1745697204;100.446;102.151;93.313;103.123;
1900-01-01 05:53:25;377.0;1745697205;100.446;102.151;93.19;103.036;
1900-01-01 05:53:27;378.0;1745697207;100.506;102.021;93.231;103.087;
1900-01-01 05:53:27;379.0;1745697207;100.55;102.1;93.231;103.087;
1900-01-01 05:53:28;380.0;1745697208;100.55;102.1;93.135;103.09;
1900-01-01 05:53:29;381.0;1745697209;100.432;101.992;93.161;103.09;
1900-01-01 05:53:30;382.0;1745697210;100.405;101.992;93.161;103.108;
1900-01-01 05:53:31;383.0;1745697211;100.405;101.907;93.157;103.129;
1900-01-01 05:53:32;384.0;1745697212;100.243;101.869;93.157;103.129;
1900-01-01 05:53:33;385.0;1745697213;100.321;101.869;93.157;103.031;
1900-01-01 05:53:34;386.0;1745697214;100.321;101.866;93.132;103.081;
1900-01-01 05:53:35;387.0;1745697215;100.308;101.857;93.168;103.081;
1900-01-01 05:53:36;388.0;1745697216;100.25;101.857;93.168;103.082;
1900-01-01 05:53:37;389.0;1745697217;100.25;101.878;93.062;103.13;
1900-01-01 05:53:38;390.0;1745697218;100.361;101.892;93.073;103.13;
1900-01-01 05:53:39;391.0;1745697219;100.36;101.892;93.073;103.023;
1900-01-01 05:53:40;392.0;1745697220;100.36;101.947;92.997;103.078;
1900-01-01 05:53:41;393.0;1745697221;100.461;101.943;93.144;103.078;
1900-01-01 05:53:43;394.0;1745697223;100.49;101.943;93.144;103.015;
1900-01-01 05:53:43;395.0;1745697223;100.49;101.951;93.264;103.025;
1900-01-01 05:53:44;396.0;1745697224;100.523;101.897;93.264;103.025;
1900-01-01 05:53:45;397.0;1745697225;100.462;101.897;93.148;103.038;
1900-01-01 05:53:46;398.0;1745697226;100.462;101.994;93.214;103.038;
1900-01-01 05:53:47;399.0;1745697227;100.574;101.908;93.214;103.023;
1900-01-01 05:53:48;400.0;1745697228;100.498;101.908;93.237;103.005;
1900-01-01 05:53:49;401.0;1745697229;100.498;101.893;93.31;103.005;
1900-01-01 05:53:50;402.0;1745697230;100.544;101.814;93.31;103.045;
1900-01-01 05:53:52;403.0;1745697232;100.493;101.814;93.27;103.077;
1900-01-01 05:53:52;404.0;1745697232;100.493;101.886;93.17;103.077;
1900-01-01 05:53:53;405.0;1745697233;100.529;101.828;93.17;103.008;
1900-01-01 05:53:54;406.0;1745697234;100.529;101.828;93.235;103.065;
1900-01-01 05:53:55;407.0;1745697235;100.501;101.809;93.174;103.065;
1900-01-01 05:53:56;408.0;1745697236;100.566;101.809;93.174;103.039;
1900-01-01 05:53:57;409.0;1745697237;100.566;101.775;93.034;103.063;
1900-01-01 05:53:58;410.0;1745697238;100.491;101.77;93.034;103.063;
1900-01-01 05:53:59;411.0;1745697239;100.411;101.77;92.981;103.001;
1900-01-01 05:54:00;412.0;1745697240;100.411;101.787;93.095;103.016;
1900-01-01 05:54:01;413.0;1745697241;100.464;101.802;93.163;103.016;
1900-01-01 05:54:02;414.0;1745697242;100.371;101.802;93.163;103.09;
1900-01-01 05:54:03;415.0;1745697243;100.371;101.812;93.107;103.017;
1900-01-01 05:54:04;416.0;1745697244;100.315;101.853;93.107;103.017;
1900-01-01 05:54:05;417.0;1745697245;100.363;101.853;93.078;103.02;
1900-01-01 05:54:06;418.0;1745697246;100.363;101.926;93.002;103.029;
1900-01-01 05:54:07;419.0;1745697247;100.307;101.837;93.002;103.029;
1900-01-01 05:54:08;420.0;1745697248;100.307;101.837;92.952;103.035;
1900-01-01 05:54:09;421.0;1745697249;100.307;101.828;92.95;103.035;
1900-01-01 05:54:10;422.0;1745697250;100.26;101.845;92.95;103.036;
1900-01-01 05:54:11;423.0;1745697251;100.18;101.845;92.893;103.007;
1900-01-01 05:54:12;424.0;1745697252;100.18;101.853;93.006;103.043;
1900-01-01 05:54:13;425.0;1745697253;100.167;101.982;93.006;103.043;
1900-01-01 05:54:14;426.0;1745697254;100.167;101.982;92.956;103.058;
1900-01-01 05:54:15;427.0;1745697255;100.035;101.896;92.935;102.995;
1900-01-01 05:54:16;428.0;1745697256;100.122;101.905;92.935;102.995;
1900-01-01 05:54:17;429.0;1745697257;100.08;101.905;92.872;103.04;
1900-01-01 05:54:18;430.0;1745697258;100.08;101.879;92.958;103.04;
1900-01-01 05:54:19;431.0;1745697259;100.071;102.055;92.958;103.014;
1900-01-01 05:54:20;432.0;1745697260;100.154;102.055;93.034;103.02;
1900-01-01 05:54:21;433.0;1745697261;100.154;101.883;93.014;103.019;
1900-01-01 05:54:22;434.0;1745697262;100.208;101.906;93.014;103.019;
1900-01-01 05:54:23;435.0;1745697263;100.208;101.906;92.999;103.021;
1900-01-01 05:54:24;436.0;1745697264;100.21;101.885;92.959;103.021;
1900-01-01 05:54:25;437.0;1745697265;100.234;101.886;92.959;103.057;
1900-01-01 05:54:26;438.0;1745697266;100.333;101.886;92.929;103.123;
1900-01-01 05:54:27;439.0;1745697267;100.333;101.895;92.828;103.123;
1900-01-01 05:54:28;440.0;1745697268;100.361;101.933;92.828;103.074;
1900-01-01 05:54:29;441.0;1745697269;100.361;101.933;92.829;103.096;
1900-01-01 05:54:30;442.0;1745697270;100.271;101.961;92.764;103.096;
1900-01-01 05:54:31;443.0;1745697271;100.372;101.935;92.764;103.024;
1900-01-01 05:54:32;444.0;1745697272;100.372;101.935;92.681;103.104;
1900-01-01 05:54:33;445.0;1745697273;100.349;101.9;92.57;103.104;
1900-01-01 05:54:34;446.0;1745697274;100.357;101.911;92.57;103.027;
1900-01-01 05:54:35;447.0;1745697275;100.357;101.911;92.513;103.026;
1900-01-01 05:54:36;448.0;1745697276;100.344;101.826;92.499;103.026;
1900-01-01 05:54:37;449.0;1745697277;100.351;101.826;92.499;103.039;
1900-01-01 05:54:38;450.0;1745697278;100.351;101.876;92.555;103.103;
1900-01-01 05:54:39;451.0;1745697279;100.3;101.819;92.542;103.103;
1900-01-01 05:54:41;452.0;1745697281;100.338;101.811;92.542;103.065;
1900-01-01 05:54:41;453.0;1745697281;100.338;101.811;92.515;103.081;
1900-01-01 05:54:42;454.0;1745697282;100.307;101.869;92.541;103.081;
1900-01-01 05:54:43;455.0;1745697283;100.271;101.869;92.541;103.022;
1900-01-01 05:54:44;456.0;1745697284;100.271;101.777;92.535;103.09;
1900-01-01 05:54:45;457.0;1745697285;100.278;101.841;92.535;103.09;
1900-01-01 05:54:46;458.0;1745697286;100.268;101.841;92.583;103.071;
1900-01-01 05:54:47;459.0;1745697287;100.268;101.818;92.626;103.096;
1900-01-01 05:54:48;460.0;1745697288;100.245;101.808;92.599;103.096;
1900-01-01 05:54:49;461.0;1745697289;100.247;101.808;92.599;103.09;
1900-01-01 05:54:50;462.0;1745697290;100.247;101.763;92.534;103.066;
1900-01-01 05:54:51;463.0;1745697291;100.209;101.726;92.534;103.066;
1900-01-01 05:54:52;464.0;1745697292;100.212;101.726;92.557;103.063;
1900-01-01 05:54:53;465.0;1745697293;100.212;101.721;92.56;103.142;
1900-01-01 05:54:54;466.0;1745697294;100.015;101.755;92.56;103.142;
1900-01-01 05:54:55;467.0;1745697295;100.121;101.755;92.543;103.0;
1900-01-01 05:54:56;468.0;1745697296;100.121;101.727;92.561;103.028;
1900-01-01 05:54:57;469.0;1745697297;100.074;101.828;92.561;103.028;
1900-01-01 05:54:58;470.0;1745697298;100.104;101.828;92.517;103.138;
1900-01-01 05:54:59;471.0;1745697299;100.104;101.751;92.4;103.052;
1900-01-01 05:55:00;472.0;1745697300;100.122;101.799;92.382;103.052;
1900-01-01 05:55:01;473.0;1745697301;100.122;101.799;92.382;103.055;
1900-01-01 05:55:02;474.0;1745697302;100.121;101.77;92.203;103.102;
1900-01-01 05:55:03;475.0;1745697303;99.964;101.829;92.203;103.102;
1900-01-01 05:55:04;476.0;1745697304;100.034;101.829;92.26;103.065;
1900-01-01 05:55:05;477.0;1745697305;100.034;101.869;92.204;103.065;
1900-01-01 05:55:06;478.0;1745697306;100.035;101.832;92.204;103.069;
1900-01-01 05:55:07;479.0;1745697307;100.081;101.832;92.22;103.091;
1900-01-01 05:55:08;480.0;1745697308;100.081;101.824;92.224;103.082;
1900-01-01 05:55:10;481.0;1745697310;100.08;101.799;92.224;103.082;
1900-01-01 05:55:10;482.0;1745697310;100.08;101.799;92.238;103.186;
1900-01-01 05:55:11;483.0;1745697311;100.181;101.769;92.173;103.186;
1900-01-01 05:55:12;484.0;1745697312;100.159;101.677;92.173;103.049;
1900-01-01 05:55:13;485.0;1745697313;100.159;101.677;92.21;102.987;
1900-01-01 05:55:14;486.0;1745697314;100.06;101.631;92.226;102.987;
1900-01-01 05:55:15;487.0;1745697315;100.094;101.588;92.226;103.118;
1900-01-01 05:55:16;488.0;1745697316;100.094;101.588;92.347;103.062;
1900-01-01 05:55:17;489.0;1745697317;100.206;101.636;92.412;103.062;
1900-01-01 05:55:18;490.0;1745697318;100.2;101.636;92.412;103.085;
1900-01-01 05:55:19;491.0;1745697319;100.2;101.573;92.409;103.14;
1900-01-01 05:55:20;492.0;1745697320;100.238;101.46;92.396;103.14;
1900-01-01 05:55:22;493.0;1745697322;100.186;101.46;92.396;103.062;
1900-01-01 05:55:22;494.0;1745697322;100.186;101.637;92.379;103.107;
1900-01-01 05:55:23;495.0;1745697323;100.244;101.526;92.379;103.107;
1900-01-01 05:55:25;496.0;1745697325;100.184;101.526;92.435;102.993;
1900-01-01 05:55:25;497.0;1745697325;100.184;101.582;92.442;102.993;
1900-01-01 05:55:27;498.0;1745697327;100.256;101.661;92.442;103.088;
1900-01-01 05:55:27;499.0;1745697327;100.256;101.661;92.407;103.105;
1900-01-01 05:55:28;500.0;1745697328;100.264;101.632;92.301;103.105;
1900-01-01 05:55:29;501.0;1745697329;100.236;101.648;92.301;103.083;
1900-01-01 05:55:30;502.0;1745697330;100.236;101.648;92.34;103.078;
1900-01-01 05:55:31;503.0;1745697331;100.248;101.645;92.285;103.078;
1900-01-01 05:55:32;504.0;1745697332;100.215;101.663;92.285;103.123;
1900-01-01 05:55:33;505.0;1745697333;100.215;101.663;92.257;103.044;
1900-01-01 05:55:34;506.0;1745697334;100.218;101.723;92.137;103.044;
1900-01-01 05:55:35;507.0;1745697335;100.225;101.723;92.137;103.014;
1900-01-01 05:55:36;508.0;1745697336;100.225;101.767;92.097;103.073;
1900-01-01 05:55:37;509.0;1745697337;100.157;101.69;92.097;103.073;
1900-01-01 05:55:38;510.0;1745697338;100.168;101.69;92.098;103.137;
1900-01-01 05:55:39;511.0;1745697339;100.168;101.73;92.162;103.057;
1900-01-01 05:55:40;512.0;1745697340;100.1;101.734;92.162;103.057;
1900-01-01 05:55:41;513.0;1745697341;100.071;101.734;92.022;103.141;
1900-01-01 05:55:42;514.0;1745697342;100.071;101.778;91.994;103.016;
1900-01-01 05:55:43;515.0;1745697343;100.072;101.766;91.994;103.016;
1900-01-01 05:55:44;516.0;1745697344;100.11;101.766;92.039;102.992;
1900-01-01 05:55:45;517.0;1745697345;100.11;101.687;92.044;103.018;
1900-01-01 05:55:46;518.0;1745697346;100.11;101.669;92.044;103.018;
1900-01-01 05:55:47;519.0;1745697347;100.038;101.669;92.061;103.046;
1900-01-01 05:55:48;520.0;1745697348;100.038;101.624;91.952;103.091;
1900-01-01 05:55:49;521.0;1745697349;100.028;101.553;91.952;103.091;
1900-01-01 05:55:50;522.0;1745697350;100.028;101.553;92.104;103.088;
1900-01-01 05:55:51;523.0;1745697351;100.088;101.629;92.066;103.088;
1900-01-01 05:55:52;524.0;1745697352;100.126;101.629;92.066;103.06;
1900-01-01 05:55:53;525.0;1745697353;100.126;101.596;92.111;103.149;
1900-01-01 05:55:54;526.0;1745697354;100.059;101.643;92.037;103.149;
1900-01-01 05:55:55;527.0;1745697355;100.026;101.643;92.037;103.114;
1900-01-01 05:55:56;528.0;1745697356;100.026;101.622;92.058;103.104;
1900-01-01 05:55:57;529.0;1745697357;100.012;101.651;91.973;103.104;
1900-01-01 05:55:58;530.0;1745697358;99.914;101.695;91.973;103.034;
1900-01-01 05:56:00;531.0;1745697360;99.914;101.695;91.916;103.169;
1900-01-01 05:56:00;532.0;1745697360;99.991;101.587;91.916;103.169;
1900-01-01 05:56:01;533.0;1745697361;99.971;101.587;91.869;103.134;
1900-01-01 05:56:02;534.0;1745697362;99.971;101.629;91.85;103.051;
1900-01-01 05:56:03;535.0;1745697363;99.946;101.677;91.933;103.051;
1900-01-01 05:56:04;536.0;1745697364;99.998;101.677;91.933;103.104;
1900-01-01 05:56:05;537.0;1745697365;99.998;101.729;91.902;103.16;
1900-01-01 05:56:06;538.0;1745697366;100.046;101.67;91.902;103.16;
1900-01-01 05:56:07;539.0;1745697367;100.062;101.67;91.831;102.988;
1900-01-01 05:56:08;540.0;1745697368;100.062;101.644;91.91;102.988;
1900-01-01 05:56:09;541.0;1745697369;100.032;101.619;91.91;103.032;
1900-01-01 05:56:10;542.0;1745697370;100.146;101.619;91.9;103.107;
1900-01-01 05:56:11;543.0;1745697371;100.146;101.601;91.818;103.107;
1900-01-01 05:56:12;544.0;1745697372;100.084;101.589;91.818;103.084;
1900-01-01 05:56:13;545.0;1745697373;100.084;101.589;91.669;103.063;
1900-01-01 05:56:14;546.0;1745697374;100.128;101.598;91.582;103.063;
1900-01-01 05:56:15;547.0;1745697375;100.138;101.585;91.582;103.036;
1900-01-01 05:56:16;548.0;1745697376;100.138;101.585;91.495;103.076;
1900-01-01 05:56:18;549.0;1745697378;100.184;101.594;91.506;103.164;
1900-01-01 05:56:18;550.0;1745697378;100.246;101.594;91.506;103.164;
1900-01-01 05:56:19;551.0;1745697379;100.246;101.559;91.555;103.087;
1900-01-01 05:56:20;552.0;1745697380;100.206;101.469;91.598;103.087;
1900-01-01 05:56:21;553.0;1745697381;100.173;101.469;91.598;103.133;
1900-01-01 05:56:22;554.0;1745697382;100.173;101.58;91.674;103.14;
1900-01-01 05:56:23;555.0;1745697383;100.096;101.571;91.652;103.14;
1900-01-01 05:56:24;556.0;1745697384;100.072;101.571;91.652;103.011;
1900-01-01 05:56:25;557.0;1745697385;100.072;101.549;91.731;103.079;
1900-01-01 05:56:26;558.0;1745697386;99.993;101.568;91.86;103.079;
1900-01-01 05:56:27;559.0;1745697387;99.959;101.568;91.86;103.034;
1900-01-01 05:56:28;560.0;1745697388;99.959;101.575;91.719;103.068;
1900-01-01 05:56:29;561.0;1745697389;99.934;101.486;91.719;103.068;
1900-01-01 05:56:30;562.0;1745697390;99.961;101.486;91.823;103.059;
1900-01-01 05:56:31;563.0;1745697391;99.961;101.347;91.805;103.059;
1900-01-01 05:56:32;564.0;1745697392;99.918;101.443;91.805;103.113;
1900-01-01 05:56:33;565.0;1745697393;99.888;101.443;91.776;103.005;
1900-01-01 05:56:34;566.0;1745697394;99.888;101.335;91.728;103.005;
1900-01-01 05:56:35;567.0;1745697395;99.956;101.317;91.728;103.136;
1900-01-01 05:56:36;568.0;1745697396;99.956;101.317;91.734;103.17;
1900-01-01 05:56:38;569.0;1745697398;99.902;101.408;91.664;103.17;
1900-01-01 05:56:38;570.0;1745697398;99.917;101.408;91.664;103.123;
1900-01-01 05:56:39;571.0;1745697399;99.917;101.395;91.687;103.079;
1900-01-01 05:56:40;572.0;1745697400;99.845;101.418;91.544;103.079;
1900-01-01 05:56:42;573.0;1745697402;99.805;101.506;91.544;103.12;
1900-01-01 05:56:42;574.0;1745697402;99.805;101.506;91.54;103.118;
1900-01-01 05:56:43;575.0;1745697403;99.901;101.483;91.373;103.118;
1900-01-01 05:56:44;576.0;1745697404;99.921;101.483;91.373;103.077;
1900-01-01 05:56:45;577.0;1745697405;99.921;101.546;91.397;103.091;
1900-01-01 05:56:46;578.0;1745697406;99.827;101.482;91.397;103.091;
1900-01-01 05:56:47;579.0;1745697407;99.898;101.482;91.45;103.059;
1900-01-01 05:56:48;580.0;1745697408;99.898;101.405;91.422;103.131;
1900-01-01 05:56:49;581.0;1745697409;99.963;101.424;91.422;103.131;
1900-01-01 05:56:50;582.0;1745697410;99.98;101.424;91.354;103.188;
1900-01-01 05:56:51;583.0;1745697411;99.98;101.413;91.263;103.096;
1900-01-01 05:56:52;584.0;1745697412;99.978;101.543;91.263;103.096;
1900-01-01 05:56:53;585.0;1745697413;99.92;101.543;91.117;103.118;
1900-01-01 05:56:54;586.0;1745697414;99.92;101.485;91.134;103.118;
1900-01-01 05:56:55;587.0;1745697415;99.836;101.417;91.134;103.109;
1900-01-01 05:56:56;588.0;1745697416;99.89;101.417;91.058;103.144;
1900-01-01 05:56:57;589.0;1745697417;99.89;101.469;91.141;103.144;
1900-01-01 05:56:58;590.0;1745697418;99.82;101.391;91.141;103.074;
1900-01-01 05:56:59;591.0;1745697419;99.82;101.391;90.991;103.076;
1900-01-01 05:57:00;592.0;1745697420;99.932;101.418;90.981;103.068;
1900-01-01 05:57:01;593.0;1745697421;99.958;101.451;90.981;103.068;
1900-01-01 05:57:02;594.0;1745697422;99.958;101.451;90.884;103.095;
1900-01-01 05:57:03;595.0;1745697423;99.88;101.354;90.799;103.1;
1900-01-01 05:57:04;596.0;1745697424;99.931;101.354;90.799;103.1;
1900-01-01 05:57:05;597.0;1745697425;99.931;101.484;90.817;103.076;
1900-01-01 05:57:06;598.0;1745697426;100.08;101.452;90.839;103.076;
1900-01-01 05:57:07;599.0;1745697427;100.026;101.404;90.839;103.056;
1900-01-01 05:57:08;600.0;1745697428;100.026;101.404;90.935;103.14;
1900-01-01 05:57:09;601.0;1745697429;99.974;101.508;91.047;103.14;
1900-01-01 05:57:10;602.0;1745697430;99.975;101.508;91.047;103.055;
1900-01-01 05:57:11;603.0;1745697431;99.975;101.447;91.05;103.145;
1900-01-01 05:57:12;604.0;1745697432;99.981;101.489;91.145;103.145;
1900-01-01 05:57:13;605.0;1745697433;99.992;101.489;91.145;103.125;
1900-01-01 05:57:14;606.0;1745697434;99.992;101.499;91.133;103.062;
1900-01-01 05:57:15;607.0;1745697435;99.854;101.515;91.133;103.062;
1900-01-01 05:57:17;608.0;1745697437;99.895;101.515;91.214;103.12;
1900-01-01 05:57:17;609.0;1745697437;99.895;101.483;91.337;103.12;
1900-01-01 05:57:18;610.0;1745697438;99.82;101.492;91.337;102.976;
1900-01-01 05:57:20;611.0;1745697440;99.847;101.492;91.3;103.092;
1900-01-01 05:57:20;612.0;1745697440;99.847;101.49;91.24;103.092;
1900-01-01 05:57:21;613.0;1745697441;99.842;101.516;91.24;103.1;
1900-01-01 05:57:22;614.0;1745697442;99.842;101.516;91.367;103.058;
1900-01-01 05:57:23;615.0;1745697443;99.784;101.608;91.342;103.058;
1900-01-01 05:57:24;616.0;1745697444;99.746;101.608;91.342;103.037;
1900-01-01 05:57:25;617.0;1745697445;99.746;101.435;91.34;103.201;
1900-01-01 05:57:26;618.0;1745697446;99.736;101.495;91.216;103.201;
1900-01-01 05:57:27;619.0;1745697447;99.756;101.495;91.216;103.047;
1900-01-01 05:57:28;620.0;1745697448;99.756;101.364;91.235;103.086;
1900-01-01 05:57:29;621.0;1745697449;99.737;101.426;91.202;103.086;
1900-01-01 05:57:30;622.0;1745697450;99.766;101.426;91.202;103.042;
1900-01-01 05:57:31;623.0;1745697451;99.766;101.388;91.198;103.067;
1900-01-01 05:57:32;624.0;1745697452;99.734;101.438;91.105;103.067;
1900-01-01 05:57:33;625.0;1745697453;99.705;101.438;91.105;103.169;
1900-01-01 05:57:34;626.0;1745697454;99.705;101.431;91.096;103.128;
1900-01-01 05:57:35;627.0;1745697455;99.789;101.4;91.096;103.128;
1900-01-01 05:57:36;628.0;1745697456;99.791;101.4;91.065;103.076;
1900-01-01 05:57:37;629.0;1745697457;99.791;101.485;91.004;103.132;
1900-01-01 05:57:38;630.0;1745697458;99.717;101.373;91.004;103.132;
1900-01-01 05:57:39;631.0;1745697459;99.767;101.373;90.99;103.113;
1900-01-01 05:57:40;632.0;1745697460;99.767;101.332;90.965;103.142;
1900-01-01 05:57:41;633.0;1745697461;99.779;101.317;90.965;103.142;
1900-01-01 05:57:42;634.0;1745697462;99.779;101.317;90.952;103.108;
1900-01-01 05:57:43;635.0;1745697463;99.779;101.367;90.882;103.108;
1900-01-01 05:57:44;636.0;1745697464;99.773;101.345;90.882;103.103;
1900-01-01 05:57:46;637.0;1745697466;99.822;101.345;90.814;103.049;
1900-01-01 05:57:46;638.0;1745697466;99.822;101.385;90.8;103.049;
1900-01-01 05:57:47;639.0;1745697467;99.713;101.35;90.8;103.132;
1900-01-01 05:57:48;640.0;1745697468;99.713;101.35;90.847;103.073;
1900-01-01 05:57:49;641.0;1745697469;99.669;101.382;90.818;103.073;
1900-01-01 05:57:50;642.0;1745697470;99.758;101.406;90.818;103.136;
1900-01-01 05:57:51;643.0;1745697471;99.758;101.406;90.833;103.054;
1900-01-01 05:57:52;644.0;1745697472;99.63;101.408;90.81;103.054;
1900-01-01 05:57:53;645.0;1745697473;99.726;101.408;90.81;103.124;
1900-01-01 05:57:54;646.0;1745697474;99.726;101.281;90.802;103.095;
1900-01-01 05:57:55;647.0;1745697475;99.711;101.312;90.778;103.095;
1900-01-01 05:57:56;648.0;1745697476;99.604;101.312;90.778;103.139;
1900-01-01 05:57:57;649.0;1745697477;99.604;101.301;90.836;103.078;
1900-01-01 05:57:58;650.0;1745697478;99.594;101.257;90.772;103.078;
1900-01-01 05:57:59;651.0;1745697479;99.627;101.257;90.772;103.093;
1900-01-01 05:58:00;652.0;1745697480;99.627;101.248;90.544;103.089;
1900-01-01 05:58:01;653.0;1745697481;99.586;101.227;90.544;103.089;
1900-01-01 05:58:02;654.0;1745697482;99.512;101.227;90.489;103.089;
1900-01-01 05:58:03;655.0;1745697483;99.512;101.165;90.599;103.105;
1900-01-01 05:58:05;656.0;1745697485;99.535;101.224;90.672;103.105;
1900-01-01 05:58:05;657.0;1745697485;99.554;101.224;90.672;103.086;
1900-01-01 05:58:06;658.0;1745697486;99.554;101.126;90.696;103.098;
1900-01-01 05:58:08;659.0;1745697488;99.498;101.17;90.471;103.098;
1900-01-01 05:58:08;660.0;1745697488;99.498;101.17;90.471;103.059;
1900-01-01 05:58:09;661.0;1745697489;99.455;101.119;90.216;103.07;
1900-01-01 05:58:11;662.0;1745697491;99.474;101.155;90.216;103.07;
1900-01-01 05:58:11;663.0;1745697491;99.474;101.155;90.183;103.089;
1900-01-01 05:58:12;664.0;1745697492;99.564;101.165;90.141;103.089;
1900-01-01 05:58:14;665.0;1745697494;99.528;101.141;90.141;103.083;
1900-01-01 05:58:14;666.0;1745697494;99.528;101.141;89.979;103.061;
1900-01-01 05:58:15;667.0;1745697495;99.519;101.14;89.95;103.061;
1900-01-01 05:58:17;668.0;1745697497;99.571;101.214;89.95;103.019;
1900-01-01 05:58:17;669.0;1745697497;99.571;101.214;89.822;103.057;
1900-01-01 05:58:18;670.0;1745697498;99.54;101.231;89.649;103.057;
1900-01-01 05:58:19;671.0;1745697499;99.569;101.231;89.649;103.1;
1900-01-01 05:58:20;672.0;1745697500;99.569;101.178;89.549;103.046;
1900-01-01 05:58:21;673.0;1745697501;99.595;101.108;89.549;103.046;
1900-01-01 05:58:22;674.0;1745697502;99.589;101.108;89.501;103.047;
1900-01-01 05:58:23;675.0;1745697503;99.589;101.15;89.542;103.144;
1900-01-01 05:58:24;676.0;1745697504;99.557;101.144;89.542;103.144;
1900-01-01 05:58:25;677.0;1745697505;99.63;101.144;89.607;103.099;
1900-01-01 05:58:26;678.0;1745697506;99.63;101.265;89.542;103.139;
1900-01-01 05:58:27;679.0;1745697507;99.59;101.253;89.542;103.139;
1900-01-01 05:58:28;680.0;1745697508;99.715;101.253;89.386;103.15;
1900-01-01 05:58:29;681.0;1745697509;99.715;101.201;89.385;103.15;
1900-01-01 05:58:30;682.0;1745697510;99.552;101.365;89.385;103.154;
1900-01-01 05:58:31;683.0;1745697511;99.543;101.365;89.444;103.024;
1900-01-01 05:58:32;684.0;1745697512;99.543;101.342;89.58;103.024;
1900-01-01 05:58:33;685.0;1745697513;99.477;101.206;89.58;103.056;
1900-01-01 05:58:35;686.0;1745697515;99.541;101.206;89.695;102.932;
1900-01-01 05:58:35;687.0;1745697515;99.541;101.226;89.732;102.932;
1900-01-01 05:58:36;688.0;1745697516;99.534;101.201;89.732;102.993;
1900-01-01 05:58:37;689.0;1745697517;99.534;101.201;89.858;103.026;
1900-01-01 05:58:38;690.0;1745697518;99.588;101.267;89.935;103.026;
1900-01-01 05:58:39;691.0;1745697519;99.57;101.267;89.935;103.024;
1900-01-01 05:58:40;692.0;1745697520;99.57;101.183;89.997;103.074;
1900-01-01 05:58:41;693.0;1745697521;99.684;101.238;89.997;103.074;
1900-01-01 05:58:42;694.0;1745697522;99.633;101.238;90.092;103.12;
1900-01-01 05:58:43;695.0;1745697523;99.633;101.199;89.991;103.11;
1900-01-01 05:58:44;696.0;1745697524;99.609;101.257;89.991;103.11;
1900-01-01 05:58:45;697.0;1745697525;99.655;101.257;89.918;103.087;
1900-01-01 05:58:46;698.0;1745697526;99.655;101.237;89.774;103.158;
1900-01-01 05:58:47;699.0;1745697527;99.641;101.162;89.774;103.158;
1900-01-01 05:58:48;700.0;1745697528;99.606;101.162;89.775;103.095;
1900-01-01 05:58:49;701.0;1745697529;99.606;101.184;89.805;103.105;
1900-01-01 05:58:50;702.0;1745697530;99.575;101.251;89.805;103.105;
1900-01-01 05:58:51;703.0;1745697531;99.55;101.251;89.738;103.159;
1900-01-01 05:58:52;704.0;1745697532;99.55;101.158;89.701;103.145;
1900-01-01 05:58:53;705.0;1745697533;99.418;101.233;89.701;103.145;
1900-01-01 05:58:54;706.0;1745697534;99.363;101.233;89.615;103.089;
1900-01-01 05:58:55;707.0;1745697535;99.363;101.225;89.569;103.089;
1900-01-01 05:58:56;708.0;1745697536;99.446;101.191;89.569;103.081;
1900-01-01 05:58:57;709.0;1745697537;99.446;101.191;89.491;103.095;
1900-01-01 05:58:58;710.0;1745697538;99.394;101.124;89.494;103.095;
1900-01-01 05:58:59;711.0;1745697539;99.346;101.201;89.494;102.999;
1900-01-01 05:59:00;712.0;1745697540;99.346;101.201;89.416;103.062;
1900-01-01 05:59:01;713.0;1745697541;99.284;101.256;89.401;103.062;
1900-01-01 05:59:02;714.0;1745697542;99.333;101.256;89.401;103.112;
1900-01-01 05:59:03;715.0;1745697543;99.333;101.207;89.331;103.144;
1900-01-01 05:59:05;716.0;1745697545;99.307;101.116;89.229;103.144;
1900-01-01 05:59:05;717.0;1745697545;99.268;101.116;89.229;102.942;
1900-01-01 05:59:06;718.0;1745697546;99.268;101.16;89.089;103.109;
1900-01-01 05:59:07;719.0;1745697547;99.246;101.022;88.957;103.109;
1900-01-01 05:59:08;720.0;1745697548;99.222;101.022;88.957;103.193;
1900-01-01 05:59:09;721.0;1745697549;99.222;101.133;89.031;103.084;
1900-01-01 05:59:10;722.0;1745697550;99.256;101.097;89.124;103.084;
1900-01-01 05:59:11;723.0;1745697551;99.331;101.097;89.124;102.944;
1900-01-01 05:59:12;724.0;1745697552;99.331;101.051;89.176;103.099;
1900-01-01 05:59:13;725.0;1745697553;99.356;101.057;89.176;103.099;
1900-01-01 05:59:14;726.0;1745697554;99.346;101.057;89.289;103.134;
1900-01-01 05:59:15;727.0;1745697555;99.346;101.056;89.37;103.114;
1900-01-01 05:59:16;728.0;1745697556;99.383;101.079;89.406;103.114;
1900-01-01 05:59:17;729.0;1745697557;99.484;101.079;89.406;103.071;
1900-01-01 05:59:18;730.0;1745697558;99.484;101.144;89.482;103.079;
1900-01-01 05:59:19;731.0;1745697559;99.462;101.029;89.482;103.079;
1900-01-01 05:59:20;732.0;1745697560;99.413;101.029;89.496;103.088;
1900-01-01 05:59:21;733.0;1745697561;99.413;101.091;89.543;103.1;
1900-01-01 05:59:22;734.0;1745697562;99.357;101.164;89.543;103.1;
1900-01-01 05:59:23;735.0;1745697563;99.356;101.164;89.449;103.035;
1900-01-01 05:59:24;736.0;1745697564;99.356;101.089;89.379;103.033;
1900-01-01 05:59:25;737.0;1745697565;99.379;101.092;89.379;103.033;
1900-01-01 05:59:26;738.0;1745697566;99.379;101.092;89.364;103.037;
1900-01-01 05:59:27;739.0;1745697567;99.305;101.03;89.283;103.024;
1900-01-01 05:59:28;740.0;1745697568;99.412;100.965;89.283;103.024;
1900-01-01 05:59:29;741.0;1745697569;99.412;100.965;89.257;103.199;
1900-01-01 05:59:30;742.0;1745697570;99.408;101.026;89.223;103.199;
1900-01-01 05:59:32;743.0;1745697572;99.479;101.063;89.223;103.084;
1900-01-01 05:59:32;744.0;1745697572;99.479;101.063;89.23;103.121;
1900-01-01 05:59:33;745.0;1745697573;99.517;101.036;89.173;103.121;
1900-01-01 05:59:34;746.0;1745697574;99.564;100.98;89.173;103.055;
1900-01-01 05:59:35;747.0;1745697575;99.564;100.98;88.994;103.13;
1900-01-01 05:59:36;748.0;1745697576;99.602;101.01;88.872;103.13;
1900-01-01 05:59:37;749.0;1745697577;99.608;101.01;88.872;103.03;
1900-01-01 05:59:38;750.0;1745697578;99.608;100.985;88.843;103.085;
1900-01-01 05:59:39;751.0;1745697579;99.565;101.044;88.693;103.085;
1900-01-01 05:59:40;752.0;1745697580;99.594;101.044;88.693;103.134;
1900-01-01 05:59:41;753.0;1745697581;99.594;100.943;88.692;103.02;
1900-01-01 05:59:42;754.0;1745697582;99.561;100.961;88.692;103.02;
1900-01-01 05:59:43;755.0;1745697583;99.461;100.961;88.49;103.096;
1900-01-01 05:59:44;756.0;1745697584;99.461;101.04;88.594;103.096;
1900-01-01 05:59:45;757.0;1745697585;99.479;100.94;88.594;103.134;
1900-01-01 05:59:46;758.0;1745697586;99.484;100.94;88.608;103.121;
1900-01-01 05:59:47;759.0;1745697587;99.484;100.995;88.636;103.033;
1900-01-01 05:59:48;760.0;1745697588;99.347;100.994;88.636;103.033;
1900-01-01 05:59:49;761.0;1745697589;99.347;100.994;88.547;102.985;
1900-01-01 05:59:50;762.0;1745697590;99.363;100.987;88.464;103.063;
1900-01-01 05:59:51;763.0;1745697591;99.226;101.029;88.464;103.063;
1900-01-01 05:59:52;764.0;1745697592;99.226;101.029;88.409;103.099;
1900-01-01 05:59:53;765.0;1745697593;99.298;101.086;88.513;103.099;
1900-01-01 05:59:55;766.0;1745697595;99.273;101.023;88.513;103.079;
1900-01-01 05:59:55;767.0;1745697595;99.273;101.023;88.666;103.134;
1900-01-01 05:59:56;768.0;1745697596;99.175;101.031;88.553;103.134;
1900-01-01 05:59:57;769.0;1745697597;99.261;101.031;88.553;103.063;
1900-01-01 05:59:58;770.0;1745697598;99.261;100.996;88.474;103.108;
1900-01-01 05:59:59;771.0;1745697599;99.172;101.098;88.313;103.108;
1900-01-01 06:00:01;772.0;1745697601;99.149;101.012;88.313;103.103;
1900-01-01 06:00:01;773.0;1745697601;99.149;101.012;88.19;103.109;
1900-01-01 06:00:02;774.0;1745697602;99.315;101.043;88.194;103.109;
1900-01-01 06:00:03;775.0;1745697603;99.193;101.043;88.194;103.11;
1900-01-01 06:00:04;776.0;1745697604;99.193;101.057;88.269;103.09;
1900-01-01 06:00:05;777.0;1745697605;99.292;101.086;88.242;103.09;
1900-01-01 06:00:06;778.0;1745697606;99.312;101.086;88.242;103.054;
1900-01-01 06:00:07;779.0;1745697607;99.312;101.104;88.184;103.164;
1900-01-01 06:00:08;780.0;1745697608;99.393;100.983;88.184;103.164;
1900-01-01 06:00:10;781.0;1745697610;99.268;100.983;88.203;102.988;
1900-01-01 06:00:10;782.0;1745697610;99.268;100.967;88.17;102.988;
1900-01-01 06:00:11;783.0;1745697611;99.205;100.978;88.17;103.003;
1900-01-01 06:00:12;784.0;1745697612;99.253;100.978;88.157;103.121;
1900-01-01 06:00:13;785.0;1745697613;99.253;100.929;88.158;103.121;
1900-01-01 06:00:14;786.0;1745697614;99.116;100.923;88.158;103.137;
1900-01-01 06:00:15;787.0;1745697615;99.129;100.923;88.101;103.122;
1900-01-01 06:00:16;788.0;1745697616;99.129;101.049;88.025;103.122;
1900-01-01 06:00:17;789.0;1745697617;99.117;100.839;88.025;103.091;
1900-01-01 06:00:18;790.0;1745697618;99.117;100.839;87.854;103.117;
1900-01-01 06:00:19;791.0;1745697619;99.102;101.017;87.805;103.117;
1900-01-01 06:00:20;792.0;1745697620;99.08;100.957;87.805;103.119;
1900-01-01 06:00:21;793.0;1745697621;99.08;100.957;87.682;103.112;
1900-01-01 06:00:22;794.0;1745697622;99.087;100.885;87.586;103.112;
1900-01-01 06:00:23;795.0;1745697623;99.076;100.885;87.586;103.081;
1900-01-01 06:00:24;796.0;1745697624;99.076;100.99;87.662;102.989;
1900-01-01 06:00:25;797.0;1745697625;99.085;100.968;87.704;102.989;
1900-01-01 06:00:26;798.0;1745697626;99.062;100.968;87.704;103.11;
1900-01-01 06:00:27;799.0;1745697627;99.062;100.981;87.625;103.036;
1900-01-01 06:00:28;800.0;1745697628;99.043;101.004;87.625;103.036;
1900-01-01 06:00:29;801.0;1745697629;99.005;101.004;87.562;103.162;
1900-01-01 06:00:30;802.0;1745697630;99.005;100.915;87.491;103.082;
1900-01-01 06:00:31;803.0;1745697631;98.87;100.952;87.491;103.082;
1900-01-01 06:00:32;804.0;1745697632;98.947;100.952;87.564;103.075;
1900-01-01 06:00:33;805.0;1745697633;98.947;100.931;87.62;103.029;
1900-01-01 06:00:34;806.0;1745697634;98.958;100.976;87.62;103.029;
1900-01-01 06:00:35;807.0;1745697635;98.958;100.976;87.713;103.167;
1900-01-01 06:00:36;808.0;1745697636;99.019;100.858;87.623;103.081;
1900-01-01 06:00:37;809.0;1745697637;98.91;100.892;87.623;103.081;
1900-01-01 06:00:38;810.0;1745697638;98.91;100.892;87.581;103.079;
1900-01-01 06:00:39;811.0;1745697639;99.003;100.821;87.484;103.079;
1900-01-01 06:00:40;812.0;1745697640;98.968;100.821;87.484;103.035;
1900-01-01 06:00:41;813.0;1745697641;98.968;100.83;87.33;103.085;
1900-01-01 06:00:42;814.0;1745697642;99.153;100.785;87.261;103.085;
1900-01-01 06:00:43;815.0;1745697643;99.126;100.785;87.261;103.059;
1900-01-01 06:00:44;816.0;1745697644;99.126;100.782;87.23;103.049;
1900-01-01 06:00:45;817.0;1745697645;99.2;100.807;87.23;103.049;
1900-01-01 06:00:46;818.0;1745697646;99.227;100.807;87.221;103.041;
1900-01-01 06:00:47;819.0;1745697647;99.227;100.713;87.327;103.05;
1900-01-01 06:00:49;820.0;1745697649;99.261;100.833;87.423;103.05;
1900-01-01 06:00:49;821.0;1745697649;99.112;100.833;87.423;103.123;
1900-01-01 06:00:50;822.0;1745697650;99.112;100.843;87.339;103.071;
1900-01-01 06:00:51;823.0;1745697651;99.205;100.733;87.23;103.071;
1900-01-01 06:00:52;824.0;1745697652;99.099;100.733;87.23;103.084;
1900-01-01 06:00:53;825.0;1745697653;99.099;100.79;87.277;103.079;
1900-01-01 06:00:54;826.0;1745697654;99.104;100.806;87.277;103.079;
1900-01-01 06:00:55;827.0;1745697655;99.072;100.806;87.191;103.144;
1900-01-01 06:00:56;828.0;1745697656;99.072;100.792;87.252;103.144;
1900-01-01 06:00:57;829.0;1745697657;99.115;100.884;87.252;103.164;
1900-01-01 06:00:58;830.0;1745697658;99.1;100.884;87.228;103.049;
1900-01-01 06:00:59;831.0;1745697659;99.1;100.862;87.38;103.049;
1900-01-01 06:01:00;832.0;1745697660;99.1;100.836;87.38;103.084;
1900-01-01 06:01:02;833.0;1745697662;98.98;100.836;87.531;103.048;
1900-01-01 06:01:02;834.0;1745697662;98.98;100.817;87.522;103.048;
1900-01-01 06:01:03;835.0;1745697663;98.921;100.714;87.522;103.171;
1900-01-01 06:01:04;836.0;1745697664;98.921;100.714;87.374;103.12;
1900-01-01 06:01:05;837.0;1745697665;98.975;100.803;87.31;103.12;
1900-01-01 06:01:06;838.0;1745697666;98.96;100.79;87.31;103.177;
1900-01-01 06:01:07;839.0;1745697667;98.96;100.79;87.346;103.169;
1900-01-01 06:01:08;840.0;1745697668;98.934;100.684;87.264;103.169;
1900-01-01 06:01:09;841.0;1745697669;98.922;100.684;87.264;103.139;
1900-01-01 06:01:10;842.0;1745697670;98.922;100.716;87.134;103.128;
1900-01-01 06:01:11;843.0;1745697671;98.984;100.746;87.02;103.128;
1900-01-01 06:01:13;844.0;1745697673;98.973;100.746;87.02;103.137;
1900-01-01 06:01:13;845.0;1745697673;98.973;100.702;86.985;103.099;
1900-01-01 06:01:14;846.0;1745697674;98.968;100.699;86.985;103.099;
1900-01-01 06:01:16;847.0;1745697676;98.988;100.699;86.872;103.072;
1900-01-01 06:01:16;848.0;1745697676;98.988;100.644;86.934;103.072;
1900-01-01 06:01:17;849.0;1745697677;98.871;100.689;86.934;103.17;
1900-01-01 06:01:19;850.0;1745697679;98.898;100.689;86.985;103.158;
1900-01-01 06:01:19;851.0;1745697679;98.898;100.618;86.888;103.158;
1900-01-01 06:01:20;852.0;1745697680;98.873;100.606;86.888;103.022;
1900-01-01 06:01:21;853.0;1745697681;98.873;100.606;86.854;103.087;
1900-01-01 06:01:22;854.0;1745697682;98.822;100.584;87.027;103.087;
1900-01-01 06:01:23;855.0;1745697683;98.804;100.639;87.027;103.078;
1900-01-01 06:01:24;856.0;1745697684;98.804;100.639;87.119;103.074;
1900-01-01 06:01:25;857.0;1745697685;98.935;100.624;87.148;103.074;
1900-01-01 06:01:26;858.0;1745697686;98.833;100.6;87.148;103.075;
1900-01-01 06:01:28;859.0;1745697688;98.833;100.6;87.072;103.002;
1900-01-01 06:01:28;860.0;1745697688;98.778;100.556;86.939;103.002;
1900-01-01 06:01:29;861.0;1745697689;98.847;100.556;86.939;102.993;
1900-01-01 06:01:30;862.0;1745697690;98.847;100.617;86.753;103.065;
1900-01-01 06:01:31;863.0;1745697691;98.831;100.669;86.753;103.065;
1900-01-01 06:01:32;864.0;1745697692;98.779;100.669;86.699;103.08;
1900-01-01 06:01:33;865.0;1745697693;98.779;100.674;86.632;103.019;
1900-01-01 06:01:35;866.0;1745697695;98.907;100.667;86.826;103.019;
1900-01-01 06:01:35;867.0;1745697695;98.98;100.667;86.826;103.037;
1900-01-01 06:01:36;868.0;1745697696;98.98;100.595;86.778;103.003;
1900-01-01 06:01:37;869.0;1745697697;98.973;100.661;86.652;103.003;
1900-01-01 06:01:38;870.0;1745697698;98.973;100.661;86.652;103.095;
1900-01-01 06:01:39;871.0;1745697699;98.951;100.697;86.453;103.126;
1900-01-01 06:01:40;872.0;1745697700;98.98;100.732;86.453;103.126;
1900-01-01 06:01:41;873.0;1745697701;98.862;100.732;86.403;103.109;
1900-01-01 06:01:42;874.0;1745697702;98.862;100.626;86.267;103.109;
1900-01-01 06:01:43;875.0;1745697703;98.961;100.639;86.267;103.08;
1900-01-01 06:01:44;876.0;1745697704;98.961;100.639;86.202;103.089;
1900-01-01 06:01:45;877.0;1745697705;98.954;100.707;86.264;103.099;
1900-01-01 06:01:46;878.0;1745697706;98.827;100.713;86.264;103.099;
1900-01-01 06:01:47;879.0;1745697707;98.827;100.713;86.472;103.1;
1900-01-01 06:01:48;880.0;1745697708;98.754;100.569;86.589;103.1;
1900-01-01 06:01:49;881.0;1745697709;98.836;100.601;86.589;103.049;
1900-01-01 06:01:50;882.0;1745697710;98.836;100.601;86.675;103.141;
1900-01-01 06:01:51;883.0;1745697711;98.707;100.629;86.719;103.141;
1900-01-01 06:01:52;884.0;1745697712;98.703;100.64;86.719;103.078;
1900-01-01 06:01:53;885.0;1745697713;98.703;100.64;86.611;103.044;
1900-01-01 06:01:54;886.0;1745697714;98.666;100.599;86.455;103.044;
1900-01-01 06:01:55;887.0;1745697715;98.725;100.599;86.455;103.082;
1900-01-01 06:01:56;888.0;1745697716;98.725;100.587;86.24;103.051;
1900-01-01 06:01:57;889.0;1745697717;98.619;100.521;86.302;103.051;
1900-01-01 06:01:58;890.0;1745697718;98.675;100.521;86.302;103.072;
1900-01-01 06:01:59;891.0;1745697719;98.675;100.489;86.314;103.108;
1900-01-01 06:02:00;892.0;1745697720;98.773;100.6;86.314;103.108;
1900-01-01 06:02:01;893.0;1745697721;98.805;100.6;86.341;103.158;
1900-01-01 06:02:02;894.0;1745697722;98.805;100.617;86.221;103.099;
1900-01-01 06:02:03;895.0;1745697723;98.777;100.513;86.221;103.099;
1900-01-01 06:02:04;896.0;1745697724;98.79;100.513;86.054;103.183;
1900-01-01 06:02:05;897.0;1745697725;98.79;100.608;86.069;103.015;
1900-01-01 06:02:06;898.0;1745697726;98.681;100.607;86.069;103.015;
1900-01-01 06:02:07;899.0;1745697727;98.681;100.607;86.023;103.143;
1900-01-01 06:02:08;900.0;1745697728;98.796;100.558;86.084;103.143;
1900-01-01 06:02:09;901.0;1745697729;98.762;100.606;86.084;103.051;
1900-01-01 06:02:10;902.0;1745697730;98.762;100.606;86.039;103.138;
1900-01-01 06:02:11;903.0;1745697731;98.715;100.538;86.049;103.138;
1900-01-01 06:02:12;904.0;1745697732;98.701;100.488;86.049;103.051;
1900-01-01 06:02:13;905.0;1745697733;98.701;100.488;86.001;103.116;
1900-01-01 06:02:14;906.0;1745697734;98.649;100.573;86.074;103.116;
1900-01-01 06:02:15;907.0;1745697735;98.5;100.492;86.074;103.149;
1900-01-01 06:02:16;908.0;1745697736;98.5;100.492;86.103;103.0;
1900-01-01 06:02:17;909.0;1745697737;98.538;100.387;85.998;103.0;
1900-01-01 06:02:18;910.0;1745697738;98.569;100.387;85.998;103.085;
1900-01-01 06:02:19;911.0;1745697739;98.569;100.501;85.967;103.087;
1900-01-01 06:02:20;912.0;1745697740;98.573;100.44;85.966;103.087;
1900-01-01 06:02:21;913.0;1745697741;98.546;100.44;85.966;103.144;
1900-01-01 06:02:22;914.0;1745697742;98.546;100.474;85.986;103.146;
1900-01-01 06:02:23;915.0;1745697743;98.61;100.42;85.986;103.146;
1900-01-01 06:02:24;916.0;1745697744;98.643;100.42;86.052;103.202;
1900-01-01 06:02:25;917.0;1745697745;98.643;100.473;85.979;103.202;
1900-01-01 06:02:26;918.0;1745697746;98.589;100.42;85.979;103.048;
1900-01-01 06:02:27;919.0;1745697747;98.588;100.42;85.894;103.096;
1900-01-01 06:02:28;920.0;1745697748;98.588;100.414;85.828;103.12;
1900-01-01 06:02:29;921.0;1745697749;98.627;100.401;85.828;103.12;
1900-01-01 06:02:30;922.0;1745697750;98.627;100.401;85.869;103.118;
1900-01-01 06:02:31;923.0;1745697751;98.686;100.487;85.87;103.118;
1900-01-01 06:02:32;924.0;1745697752;98.584;100.467;85.87;103.11;
1900-01-01 06:02:33;925.0;1745697753;98.584;100.467;85.804;103.034;
1900-01-01 06:02:34;926.0;1745697754;98.575;100.404;85.704;103.034;
1900-01-01 06:02:35;927.0;1745697755;98.584;100.526;85.704;103.022;
1900-01-01 06:02:36;928.0;1745697756;98.584;100.526;85.701;103.1;
1900-01-01 06:02:37;929.0;1745697757;98.522;100.532;85.827;103.1;
1900-01-01 06:02:38;930.0;1745697758;98.557;100.532;85.827;103.029;
1900-01-01 06:02:39;931.0;1745697759;98.557;100.434;85.839;103.076;
1900-01-01 06:02:41;932.0;1745697761;98.541;100.513;85.836;103.076;
1900-01-01 06:02:41;933.0;1745697761;98.583;100.513;85.836;103.136;
1900-01-01 06:02:42;934.0;1745697762;98.583;100.536;85.825;103.076;
1900-01-01 06:02:43;935.0;1745697763;98.507;100.505;85.73;103.076;
1900-01-01 06:02:44;936.0;1745697764;98.414;100.505;85.73;103.096;
1900-01-01 06:02:45;937.0;1745697765;98.414;100.532;85.657;103.05;
1900-01-01 06:02:46;938.0;1745697766;98.442;100.615;85.679;103.05;
1900-01-01 06:02:47;939.0;1745697767;98.45;100.615;85.679;103.005;
1900-01-01 06:02:48;940.0;1745697768;98.45;100.504;85.603;103.181;
1900-01-01 06:02:49;941.0;1745697769;98.631;100.484;85.603;103.181;
1900-01-01 06:02:50;942.0;1745697770;98.543;100.484;85.489;103.036;
1900-01-01 06:02:51;943.0;1745697771;98.543;100.568;85.47;103.036;
1900-01-01 06:02:52;944.0;1745697772;98.514;100.482;85.47;103.104;
1900-01-01 06:02:53;945.0;1745697773;98.567;100.482;85.359;103.098;
1900-01-01 06:02:54;946.0;1745697774;98.567;100.45;85.444;103.098;
1900-01-01 06:02:55;947.0;1745697775;98.505;100.517;85.444;103.061;
1900-01-01 06:02:56;948.0;1745697776;98.505;100.517;85.413;103.087;
1900-01-01 06:02:57;949.0;1745697777;98.521;100.495;85.393;103.087;
1900-01-01 06:02:58;950.0;1745697778;98.596;100.49;85.393;103.117;
1900-01-01 06:02:59;951.0;1745697779;98.596;100.49;85.399;103.092;
1900-01-01 06:03:00;952.0;1745697780;98.561;100.399;85.425;103.092;
1900-01-01 06:03:01;953.0;1745697781;98.482;100.411;85.425;103.067;
1900-01-01 06:03:02;954.0;1745697782;98.482;100.411;85.448;103.028;
1900-01-01 06:03:03;955.0;1745697783;98.556;100.424;85.538;103.028;
1900-01-01 06:03:04;956.0;1745697784;98.49;100.424;85.538;103.087;
1900-01-01 06:03:05;957.0;1745697785;98.49;100.293;85.627;103.083;
1900-01-01 06:03:07;958.0;1745697787;98.53;100.296;85.637;103.083;
1900-01-01 06:03:07;959.0;1745697787;98.545;100.296;85.637;103.072;
1900-01-01 06:03:08;960.0;1745697788;98.545;100.288;85.509;103.071;
1900-01-01 06:03:09;961.0;1745697789;98.501;100.287;85.509;103.071;
1900-01-01 06:03:10;962.0;1745697790;98.623;100.287;85.366;103.041;
1900-01-01 06:03:11;963.0;1745697791;98.623;100.241;85.347;103.096;
1900-01-01 06:03:12;964.0;1745697792;98.492;100.176;85.347;103.096;
1900-01-01 06:03:13;965.0;1745697793;98.463;100.176;85.313;103.046;
1900-01-01 06:03:14;966.0;1745697794;98.463;100.224;85.239;103.046;
1900-01-01 06:03:15;967.0;1745697795;98.347;100.181;85.239;103.042;
1900-01-01 06:03:16;968.0;1745697796;98.39;100.181;85.167;103.064;
1900-01-01 06:03:17;969.0;1745697797;98.39;100.18;85.167;103.064;
1900-01-01 06:03:19;970.0;1745697799;98.33;100.161;85.167;103.021;
1900-01-01 06:03:19;971.0;1745697799;98.33;100.161;85.139;102.988;
1900-01-01 06:03:20;972.0;1745697800;98.299;100.251;85.228;102.988;
1900-01-01 06:03:21;973.0;1745697801;98.393;100.218;85.228;103.013;
1900-01-01 06:03:22;974.0;1745697802;98.393;100.218;85.114;103.085;
1900-01-01 06:03:23;975.0;1745697803;98.264;100.147;85.052;103.085;
1900-01-01 06:03:24;976.0;1745697804;98.314;100.207;85.052;103.134;
1900-01-01 06:03:25;977.0;1745697805;98.314;100.207;85.064;103.055;
1900-01-01 06:03:26;978.0;1745697806;98.299;100.248;85.13;103.055;
1900-01-01 06:03:27;979.0;1745697807;98.339;100.248;85.13;103.072;
1900-01-01 06:03:28;980.0;1745697808;98.339;100.243;85.028;103.079;
1900-01-01 06:03:30;981.0;1745697810;98.413;100.307;84.991;103.079;
1900-01-01 06:03:30;982.0;1745697810;98.38;100.307;84.991;103.153;
1900-01-01 06:03:31;983.0;1745697811;98.38;100.181;85.01;103.123;
1900-01-01 06:03:32;984.0;1745697812;98.422;100.148;85.01;103.123;
1900-01-01 06:03:33;985.0;1745697813;98.499;100.148;84.963;103.059;
1900-01-01 06:03:34;986.0;1745697814;98.499;100.252;84.97;103.111;
1900-01-01 06:03:35;987.0;1745697815;98.454;100.263;84.97;103.111;
1900-01-01 06:03:36;988.0;1745697816;98.513;100.263;84.883;103.072;
1900-01-01 06:03:37;989.0;1745697817;98.513;100.141;84.938;103.096;
1900-01-01 06:03:39;990.0;1745697819;98.378;100.181;84.91;103.096;
1900-01-01 06:03:39;991.0;1745697819;98.378;100.181;84.91;103.044;
1900-01-01 06:03:40;992.0;1745697820;98.444;100.19;84.95;103.073;
1900-01-01 06:03:41;993.0;1745697821;98.406;100.155;84.95;103.073;
1900-01-01 06:03:42;994.0;1745697822;98.406;100.155;84.821;103.091;
1900-01-01 06:03:43;995.0;1745697823;98.403;100.139;84.904;103.091;
1900-01-01 06:03:44;996.0;1745697824;98.438;100.26;84.904;103.161;
1900-01-01 06:03:45;997.0;1745697825;98.438;100.26;84.942;103.087;
1900-01-01 06:03:46;998.0;1745697826;98.371;100.176;84.915;103.087;
1900-01-01 06:03:47;999.0;1745697827;98.404;100.229;84.915;103.149;
1900-01-01 06:03:48;1000.0;1745697828;98.404;100.229;84.881;103.043;
1900-01-01 06:03:49;1001.0;1745697829;98.318;100.139;84.854;103.043;
1900-01-01 06:03:50;1002.0;1745697830;98.361;100.153;84.854;103.097;
1900-01-01 06:03:51;1003.0;1745697831;98.361;100.153;84.829;103.04;
1900-01-01 06:03:52;1004.0;1745697832;98.33;100.155;84.81;103.04;
1900-01-01 06:03:53;1005.0;1745697833;98.353;100.271;84.81;103.092;
1900-01-01 06:03:54;1006.0;1745697834;98.353;100.271;84.787;103.089;
1900-01-01 06:03:55;1007.0;1745697835;98.297;100.295;84.698;103.089;
1900-01-01 06:03:56;1008.0;1745697836;98.319;100.295;84.698;103.067;
1900-01-01 06:03:57;1009.0;1745697837;98.319;100.272;84.706;103.18;
1900-01-01 06:03:58;1010.0;1745697838;98.314;100.231;84.706;103.18;
1900-01-01 06:03:59;1011.0;1745697839;98.31;100.231;84.705;103.095;
1900-01-01 06:04:00;1012.0;1745697840;98.31;100.211;84.712;103.075;
1900-01-01 06:04:01;1013.0;1745697841;98.317;100.214;84.721;103.075;
1900-01-01 06:04:02;1014.0;1745697842;98.289;100.214;84.721;103.013;
1900-01-01 06:04:03;1015.0;1745697843;98.289;100.225;84.541;103.077;
1900-01-01 06:04:05;1016.0;1745697845;98.192;100.171;84.566;103.077;
1900-01-01 06:04:05;1017.0;1745697845;98.273;100.171;84.566;103.065;
1900-01-01 06:04:06;1018.0;1745697846;98.273;100.248;84.386;103.116;
1900-01-01 06:04:07;1019.0;1745697847;98.229;100.186;84.386;103.116;
1900-01-01 06:04:08;1020.0;1745697848;98.222;100.186;84.438;103.076;
1900-01-01 06:04:09;1021.0;1745697849;98.222;100.165;84.445;103.076;
1900-01-01 06:04:10;1022.0;1745697850;98.16;100.253;84.445;103.116;
1900-01-01 06:04:11;1023.0;1745697851;98.169;100.253;84.438;103.019;
1900-01-01 06:04:12;1024.0;1745697852;98.169;100.04;84.57;103.067;
1900-01-01 06:04:13;1025.0;1745697853;98.285;100.023;84.57;103.067;
1900-01-01 06:04:14;1026.0;1745697854;98.285;100.023;84.601;103.052;
1900-01-01 06:04:15;1027.0;1745697855;98.285;100.153;84.6;103.105;
1900-01-01 06:04:16;1028.0;1745697856;98.196;100.134;84.6;103.105;
1900-01-01 06:04:17;1029.0;1745697857;98.124;100.134;84.606;103.108;
1900-01-01 06:04:18;1030.0;1745697858;98.124;100.072;84.454;103.102;
1900-01-01 06:04:19;1031.0;1745697859;98.156;100.105;84.454;103.102;
1900-01-01 06:04:20;1032.0;1745697860;98.088;100.105;84.413;103.093;
1900-01-01 06:04:21;1033.0;1745697861;98.088;100.027;84.305;103.018;
1900-01-01 06:04:22;1034.0;1745697862;98.031;100.002;84.182;103.018;
1900-01-01 06:04:23;1035.0;1745697863;98.031;100.002;84.182;103.077;
1900-01-01 06:04:24;1036.0;1745697864;98.036;100.048;84.28;103.195;
1900-01-01 06:04:25;1037.0;1745697865;98.011;100.071;84.28;103.195;
1900-01-01 06:04:27;1038.0;1745697867;97.991;100.071;84.268;103.154;
1900-01-01 06:04:27;1039.0;1745697867;97.991;100.02;84.276;103.154;
1900-01-01 06:04:28;1040.0;1745697868;97.986;100.05;84.276;103.114;
1900-01-01 06:04:29;1041.0;1745697869;97.986;100.05;84.319;103.043;
1900-01-01 06:04:30;1042.0;1745697870;98.018;99.994;84.291;103.043;
1900-01-01 06:04:31;1043.0;1745697871;98.043;100.019;84.291;103.145;
1900-01-01 06:04:32;1044.0;1745697872;98.043;100.019;84.255;103.128;
1900-01-01 06:04:33;1045.0;1745697873;98.033;100.007;84.33;103.128;
1900-01-01 06:04:35;1046.0;1745697875;98.03;100.065;84.33;103.089;
1900-01-01 06:04:35;1047.0;1745697875;98.03;100.065;84.285;102.947;
1900-01-01 06:04:36;1048.0;1745697876;98.063;100.084;84.142;102.947;
1900-01-01 06:04:37;1049.0;1745697877;98.091;100.084;84.142;103.032;
1900-01-01 06:04:38;1050.0;1745697878;98.091;100.118;84.029;103.059;
1900-01-01 06:04:39;1051.0;1745697879;98.132;100.043;83.95;103.059;
1900-01-01 06:04:41;1052.0;1745697881;98.132;100.018;83.95;103.026;
1900-01-01 06:04:41;1053.0;1745697881;98.132;100.018;83.969;103.004;
1900-01-01 06:04:42;1054.0;1745697882;98.073;99.992;83.917;103.004;
1900-01-01 06:04:43;1055.0;1745697883;98.104;99.992;83.917;103.059;
1900-01-01 06:04:44;1056.0;1745697884;98.104;100.048;83.968;103.016;
1900-01-01 06:04:45;1057.0;1745697885;98.103;99.992;83.968;103.016;
1900-01-01 06:04:46;1058.0;1745697886;98.118;99.992;84.096;103.061;
1900-01-01 06:04:47;1059.0;1745697887;98.118;99.98;84.164;103.051;
1900-01-01 06:04:48;1060.0;1745697888;98.129;100.067;84.164;103.051;
1900-01-01 06:04:49;1061.0;1745697889;98.129;100.067;84.148;103.052;
1900-01-01 06:04:50;1062.0;1745697890;98.029;99.984;84.184;103.103;
1900-01-01 06:04:51;1063.0;1745697891;98.046;99.984;84.184;103.103;
1900-01-01 06:04:52;1064.0;1745697892;98.046;100.008;84.113;103.022;
1900-01-01 06:04:53;1065.0;1745697893;98.096;99.987;83.907;103.022;
1900-01-01 06:04:54;1066.0;1745697894;97.978;99.987;83.907;103.07;
1900-01-01 06:04:55;1067.0;1745697895;97.978;99.928;83.814;103.064;
1900-01-01 06:04:56;1068.0;1745697896;98.046;99.99;83.814;103.064;
1900-01-01 06:04:57;1069.0;1745697897;98.062;99.99;83.64;102.948;
1900-01-01 06:04:58;1070.0;1745697898;98.062;99.959;83.555;102.994;
1900-01-01 06:04:59;1071.0;1745697899;98.029;100.007;83.555;102.994;
1900-01-01 06:05:00;1072.0;1745697900;98.006;100.007;83.574;103.033;
1900-01-01 06:05:01;1073.0;1745697901;98.006;99.965;83.582;102.982;
1900-01-01 06:05:02;1074.0;1745697902;97.966;99.894;83.563;102.982;
1900-01-01 06:05:04;1075.0;1745697904;98.105;99.886;83.563;102.987;
1900-01-01 06:05:04;1076.0;1745697904;98.105;99.886;83.584;102.957;
1900-01-01 06:05:05;1077.0;1745697905;98.074;99.836;83.571;102.957;
1900-01-01 06:05:06;1078.0;1745697906;98.054;99.836;83.571;103.05;
1900-01-01 06:05:07;1079.0;1745697907;98.054;99.875;83.634;103.073;
1900-01-01 06:05:08;1080.0;1745697908;98.143;99.865;83.695;103.073;
1900-01-01 06:05:09;1081.0;1745697909;98.023;99.865;83.695;103.039;
1900-01-01 06:05:10;1082.0;1745697910;98.023;99.951;83.712;103.039;
1900-01-01 06:05:11;1083.0;1745697911;98.066;99.891;83.712;103.054;
1900-01-01 06:05:12;1084.0;1745697912;98.083;99.891;83.673;103.079;
1900-01-01 06:05:13;1085.0;1745697913;98.083;99.93;83.544;103.079;
1900-01-01 06:05:14;1086.0;1745697914;97.993;99.914;83.544;103.009;
1900-01-01 06:05:15;1087.0;1745697915;98.075;99.914;83.609;103.069;
1900-01-01 06:05:16;1088.0;1745697916;98.075;99.863;83.623;103.069;
1900-01-01 06:05:17;1089.0;1745697917;97.987;99.82;83.623;103.05;
1900-01-01 06:05:18;1090.0;1745697918;97.987;99.82;83.592;103.064;
1900-01-01 06:05:19;1091.0;1745697919;98.099;99.961;83.545;103.064;
1900-01-01 06:05:20;1092.0;1745697920;98.075;99.957;83.545;103.034;
1900-01-01 06:05:21;1093.0;1745697921;98.075;99.957;83.526;103.016;
1900-01-01 06:05:22;1094.0;1745697922;97.991;99.92;83.507;103.016;
1900-01-01 06:05:23;1095.0;1745697923;98.001;99.92;83.507;103.08;
1900-01-01 06:05:24;1096.0;1745697924;98.001;99.842;83.545;103.025;
1900-01-01 06:05:25;1097.0;1745697925;97.978;99.931;83.528;103.025;
1900-01-01 06:05:26;1098.0;1745697926;98.059;99.931;83.528;103.126;
1900-01-01 06:05:27;1099.0;1745697927;98.059;99.888;83.471;103.067;
1900-01-01 06:05:28;1100.0;1745697928;97.925;99.926;83.526;103.067;
1900-01-01 06:05:29;1101.0;1745697929;97.943;99.926;83.526;103.097;
1900-01-01 06:05:30;1102.0;1745697930;97.943;99.897;83.535;103.097;
1900-01-01 06:05:31;1103.0;1745697931;97.872;99.937;83.535;103.029;
1900-01-01 06:05:32;1104.0;1745697932;97.857;99.937;83.394;103.091;
1900-01-01 06:05:33;1105.0;1745697933;97.857;99.94;83.338;102.971;
1900-01-01 06:05:34;1106.0;1745697934;97.904;99.878;83.338;102.971;
1900-01-01 06:05:35;1107.0;1745697935;97.884;99.878;83.277;103.053;
1900-01-01 06:05:36;1108.0;1745697936;97.884;99.861;83.365;103.093;
1900-01-01 06:05:37;1109.0;1745697937;97.845;99.822;83.365;103.093;
1900-01-01 06:05:38;1110.0;1745697938;97.845;99.822;83.427;103.071;
1900-01-01 06:05:39;1111.0;1745697939;97.817;99.775;83.531;103.071;
1900-01-01 06:05:40;1112.0;1745697940;97.778;99.779;83.531;102.998;
1900-01-01 06:05:41;1113.0;1745697941;97.778;99.779;83.678;103.069;
1900-01-01 06:05:42;1114.0;1745697942;97.83;99.748;83.804;103.069;
1900-01-01 06:05:43;1115.0;1745697943;97.799;99.76;83.804;103.03;
1900-01-01 06:05:44;1116.0;1745697944;97.799;99.76;83.78;103.029;
1900-01-01 06:05:45;1117.0;1745697945;97.816;99.685;83.714;103.029;
1900-01-01 06:05:46;1118.0;1745697946;97.799;99.685;83.714;103.045;
1900-01-01 06:05:47;1119.0;1745697947;97.799;99.626;83.549;103.038;
1900-01-01 06:05:48;1120.0;1745697948;97.855;99.659;83.549;103.038;
1900-01-01 06:05:49;1121.0;1745697949;97.789;99.659;83.434;102.961;
1900-01-01 06:05:50;1122.0;1745697950;97.789;99.668;83.276;103.075;
1900-01-01 06:05:51;1123.0;1745697951;97.778;99.656;83.276;103.075;
1900-01-01 06:05:52;1124.0;1745697952;97.852;99.656;83.225;103.038;
1900-01-01 06:05:53;1125.0;1745697953;97.852;99.687;83.14;103.038;
1900-01-01 06:05:54;1126.0;1745697954;97.756;99.775;83.14;102.993;
1900-01-01 06:05:55;1127.0;1745697955;97.756;99.775;82.995;103.065;
1900-01-01 06:05:56;1128.0;1745697956;97.723;99.805;82.972;103.065;
1900-01-01 06:05:57;1129.0;1745697957;97.755;99.772;82.972;103.058;
1900-01-01 06:05:58;1130.0;1745697958;97.755;99.772;82.884;102.987;
1900-01-01 06:05:59;1131.0;1745697959;97.732;99.805;82.961;102.987;
1900-01-01 06:06:00;1132.0;1745697960;97.822;99.847;82.961;103.079;
1900-01-01 06:06:01;1133.0;1745697961;97.822;99.847;83.021;103.097;
1900-01-01 06:06:02;1134.0;1745697962;97.821;99.741;82.982;103.097;
1900-01-01 06:06:03;1135.0;1745697963;97.857;99.741;82.982;103.023;
1900-01-01 06:06:04;1136.0;1745697964;97.857;99.695;82.95;103.06;
1900-01-01 06:06:05;1137.0;1745697965;97.896;99.737;82.992;103.06;
1900-01-01 06:06:06;1138.0;1745697966;97.911;99.737;82.992;103.122;
1900-01-01 06:06:07;1139.0;1745697967;97.911;99.704;83.049;102.999;
1900-01-01 06:06:08;1140.0;1745697968;97.931;99.725;83.049;102.999;
1900-01-01 06:06:09;1141.0;1745697969;97.868;99.725;83.052;102.989;
1900-01-01 06:06:10;1142.0;1745697970;97.868;99.683;82.897;102.985;
1900-01-01 06:06:11;1143.0;1745697971;97.797;99.671;82.897;102.985;
1900-01-01 06:06:12;1144.0;1745697972;97.841;99.671;82.762;103.017;
1900-01-01 06:06:13;1145.0;1745697973;97.841;99.732;82.644;103.067;
1900-01-01 06:06:14;1146.0;1745697974;97.83;99.676;82.644;103.067;
1900-01-01 06:06:15;1147.0;1745697975;97.793;99.676;82.574;102.986;
1900-01-01 06:06:16;1148.0;1745697976;97.793;99.732;82.673;103.054;
1900-01-01 06:06:17;1149.0;1745697977;97.785;99.777;82.673;103.054;
1900-01-01 06:06:18;1150.0;1745697978;97.696;99.777;82.69;102.961;
1900-01-01 06:06:19;1151.0;1745697979;97.696;99.637;82.778;103.011;
1900-01-01 06:06:20;1152.0;1745697980;97.668;99.693;82.778;103.011;
1900-01-01 06:06:21;1153.0;1745697981;97.668;99.693;82.915;103.055;
1900-01-01 06:06:22;1154.0;1745697982;97.714;99.745;83.091;103.055;
1900-01-01 06:06:23;1155.0;1745697983;97.577;99.77;83.091;103.069;
1900-01-01 06:06:24;1156.0;1745697984;97.577;99.77;82.984;103.018;
1900-01-01 06:06:25;1157.0;1745697985;97.588;99.679;82.823;103.018;
1900-01-01 06:06:26;1158.0;1745697986;97.662;99.679;82.823;103.059;
1900-01-01 06:06:27;1159.0;1745697987;97.662;99.686;82.85;103.025;
1900-01-01 06:06:28;1160.0;1745697988;97.675;99.731;82.833;103.025;
1900-01-01 06:06:29;1161.0;1745697989;97.642;99.731;82.833;103.072;
1900-01-01 06:06:30;1162.0;1745697990;97.642;99.72;82.844;103.076;
1900-01-01 06:06:31;1163.0;1745697991;97.629;99.679;82.844;103.076;
1900-01-01 06:06:32;1164.0;1745697992;97.681;99.679;82.818;103.041;
1900-01-01 06:06:33;1165.0;1745697993;97.681;99.666;82.7;103.023;
1900-01-01 06:06:35;1166.0;1745697995;97.607;99.749;82.594;103.023;
1900-01-01 06:06:35;1167.0;1745697995;97.525;99.749;82.594;103.02;
1900-01-01 06:06:36;1168.0;1745697996;97.525;99.763;82.546;103.066;
1900-01-01 06:06:37;1169.0;1745697997;97.51;99.758;82.546;103.066;
1900-01-01 06:06:38;1170.0;1745697998;97.51;99.758;82.474;103.067;
1900-01-01 06:06:39;1171.0;1745697999;97.471;99.663;82.453;103.067;
1900-01-01 06:06:40;1172.0;1745698000;97.483;99.701;82.453;103.014;
1900-01-01 06:06:41;1173.0;1745698001;97.483;99.701;82.489;103.08;
1900-01-01 06:06:42;1174.0;1745698002;97.487;99.673;82.551;103.08;
1900-01-01 06:06:43;1175.0;1745698003;97.43;99.696;82.551;103.062;
1900-01-01 06:06:44;1176.0;1745698004;97.43;99.696;82.544;103.126;
1900-01-01 06:06:45;1177.0;1745698005;97.448;99.658;82.553;103.126;
1900-01-01 06:06:46;1178.0;1745698006;97.447;99.658;82.553;103.0;
1900-01-01 06:06:47;1179.0;1745698007;97.447;99.566;82.678;103.054;
1900-01-01 06:06:48;1180.0;1745698008;97.396;99.624;82.743;103.054;
1900-01-01 06:06:49;1181.0;1745698009;97.425;99.624;82.743;103.019;
1900-01-01 06:06:50;1182.0;1745698010;97.425;99.604;82.771;102.998;
1900-01-01 06:06:51;1183.0;1745698011;97.486;99.509;82.637;102.998;
1900-01-01 06:06:52;1184.0;1745698012;97.467;99.509;82.637;103.11;
1900-01-01 06:06:53;1185.0;1745698013;97.467;99.631;82.594;103.108;
1900-01-01 06:06:54;1186.0;1745698014;97.508;99.518;82.49;103.108;
1900-01-01 06:06:56;1187.0;1745698016;97.521;99.545;82.49;102.976;
1900-01-01 06:06:56;1188.0;1745698016;97.521;99.545;82.618;103.033;
1900-01-01 06:06:57;1189.0;1745698017;97.558;99.628;82.648;103.033;
1900-01-01 06:06:58;1190.0;1745698018;97.538;99.6;82.648;103.101;
1900-01-01 06:06:59;1191.0;1745698019;97.538;99.6;82.646;103.049;
1900-01-01 06:07:00;1192.0;1745698020;97.529;99.559;82.667;103.049;
1900-01-01 06:07:01;1193.0;1745698021;97.508;99.559;82.667;103.035;
1900-01-01 06:07:02;1194.0;1745698022;97.508;99.544;82.507;103.11;
1900-01-01 06:07:03;1195.0;1745698023;97.373;99.562;82.435;103.11;
1900-01-01 06:07:04;1196.0;1745698024;97.373;99.562;82.435;102.975;
1900-01-01 06:07:05;1197.0;1745698025;97.347;99.534;82.407;102.975;
1900-01-01 06:07:06;1198.0;1745698026;97.412;99.642;82.407;103.022;
1900-01-01 06:07:07;1199.0;1745698027;97.478;99.642;82.3;103.162;
1900-01-01 06:07:08;1200.0;1745698028;97.478;99.542;82.291;103.162;
