Time;Seconds from start for linreg;Unix Time;ch1 po2;ch2 po2;ch3 po2;ch4 po2;
1900-01-01 00:47:08;1.0;1745678828;100.982;102.392;97.488;103.549;
1900-01-01 00:47:09;2.0;1745678829;100.956;102.468;97.488;103.549;
1900-01-01 00:47:10;3.0;1745678830;100.956;102.468;97.56;103.569;
1900-01-01 00:47:11;4.0;1745678831;100.925;102.485;97.531;103.569;
1900-01-01 00:47:12;5.0;1745678832;100.867;102.491;97.531;103.595;
1900-01-01 00:47:13;6.0;1745678833;100.867;102.491;97.556;103.574;
1900-01-01 00:47:14;7.0;1745678834;100.911;102.417;97.502;103.574;
1900-01-01 00:47:15;8.0;1745678835;100.857;102.466;97.502;103.601;
1900-01-01 00:47:16;9.0;1745678836;100.857;102.466;97.486;103.531;
1900-01-01 00:47:17;10.0;1745678837;100.874;102.527;97.349;103.531;
1900-01-01 00:47:18;11.0;1745678838;100.825;102.445;97.349;103.675;
1900-01-01 00:47:19;12.0;1745678839;100.825;102.445;97.259;103.61;
1900-01-01 00:47:20;13.0;1745678840;100.829;102.452;97.329;103.61;
1900-01-01 00:47:21;14.0;1745678841;100.791;102.452;97.329;103.544;
1900-01-01 00:47:22;15.0;1745678842;100.791;102.444;97.388;103.579;
1900-01-01 00:47:23;16.0;1745678843;100.763;102.431;97.406;103.579;
1900-01-01 00:47:24;17.0;1745678844;100.804;102.431;97.406;103.599;
1900-01-01 00:47:25;18.0;1745678845;100.804;102.488;97.369;103.541;
1900-01-01 00:47:26;19.0;1745678846;100.79;102.39;97.369;103.541;
1900-01-01 00:47:27;20.0;1745678847;100.862;102.39;97.223;103.587;
1900-01-01 00:47:28;21.0;1745678848;100.862;102.423;97.27;103.488;
1900-01-01 00:47:30;22.0;1745678850;100.68;102.473;97.213;103.488;
1900-01-01 00:47:30;23.0;1745678850;100.68;102.473;97.213;103.646;
1900-01-01 00:47:31;24.0;1745678851;100.864;102.381;97.294;103.595;
1900-01-01 00:47:32;25.0;1745678852;100.755;102.472;97.294;103.595;
1900-01-01 00:47:33;26.0;1745678853;100.755;102.472;97.273;103.638;
1900-01-01 00:47:34;27.0;1745678854;100.688;102.414;97.349;103.638;
1900-01-01 00:47:35;28.0;1745678855;100.771;102.414;97.349;103.572;
1900-01-01 00:47:36;29.0;1745678856;100.771;102.391;97.2;103.519;
1900-01-01 00:47:37;30.0;1745678857;100.647;102.428;97.31;103.519;
1900-01-01 00:47:38;31.0;1745678858;100.707;102.428;97.31;103.558;
1900-01-01 00:47:39;32.0;1745678859;100.707;102.377;97.284;103.633;
1900-01-01 00:47:40;33.0;1745678860;100.746;102.299;97.284;103.633;
1900-01-01 00:47:41;34.0;1745678861;100.683;102.299;97.242;103.627;
1900-01-01 00:47:42;35.0;1745678862;100.683;102.275;97.225;103.607;
1900-01-01 00:47:43;36.0;1745678863;100.736;102.317;97.225;103.607;
1900-01-01 00:47:44;37.0;1745678864;100.76;102.317;97.288;103.597;
1900-01-01 00:47:45;38.0;1745678865;100.76;102.349;97.157;103.703;
1900-01-01 00:47:46;39.0;1745678866;100.767;102.32;97.159;103.703;
1900-01-01 00:47:47;40.0;1745678867;0.0;0.0;0.0;0.0;
1900-01-01 00:47:48;41.0;1745678868;100.753;102.366;97.14;103.59;
1900-01-01 00:47:49;42.0;1745678869;100.907;102.324;97.14;103.59;
1900-01-01 00:47:50;43.0;1745678870;100.915;102.324;97.145;103.663;
1900-01-01 00:47:51;44.0;1745678871;100.915;102.355;97.167;103.663;
1900-01-01 00:47:52;45.0;1745678872;100.94;102.32;97.167;103.632;
1900-01-01 00:47:53;46.0;1745678873;100.911;102.32;97.142;103.568;
1900-01-01 00:47:54;47.0;1745678874;100.911;102.405;97.109;103.609;
1900-01-01 00:47:55;48.0;1745678875;100.843;102.373;97.109;103.609;
1900-01-01 00:47:56;49.0;1745678876;100.843;102.373;97.193;103.602;
1900-01-01 00:47:57;50.0;1745678877;100.865;102.394;97.224;103.557;
1900-01-01 00:47:58;51.0;1745678878;100.893;102.333;97.224;103.557;
1900-01-01 00:47:59;52.0;1745678879;100.893;102.333;97.139;103.672;
1900-01-01 00:48:00;53.0;1745678880;100.85;102.308;97.266;103.672;
1900-01-01 00:48:01;54.0;1745678881;100.77;102.308;97.266;103.645;
1900-01-01 00:48:02;55.0;1745678882;100.77;102.275;97.217;103.634;
1900-01-01 00:48:03;56.0;1745678883;100.783;102.354;97.192;103.634;
1900-01-01 00:48:04;57.0;1745678884;100.725;102.354;97.192;103.66;
1900-01-01 00:48:05;58.0;1745678885;100.725;102.333;97.198;103.681;
1900-01-01 00:48:06;59.0;1745678886;100.73;102.309;97.198;103.681;
1900-01-01 00:48:08;60.0;1745678888;100.719;102.309;97.277;103.683;
1900-01-01 00:48:08;61.0;1745678888;100.719;102.325;97.364;103.659;
1900-01-01 00:48:09;62.0;1745678889;100.678;102.335;97.364;103.659;
1900-01-01 00:48:10;63.0;1745678890;100.678;102.335;97.284;103.598;
1900-01-01 00:48:11;64.0;1745678891;100.671;102.35;97.307;103.598;
1900-01-01 00:48:12;65.0;1745678892;100.579;102.382;97.307;103.645;
1900-01-01 00:48:13;66.0;1745678893;100.579;102.382;97.388;103.638;
1900-01-01 00:48:14;67.0;1745678894;100.622;102.464;97.291;103.638;
1900-01-01 00:48:15;68.0;1745678895;100.696;102.271;97.291;103.575;
1900-01-01 00:48:16;69.0;1745678896;100.696;102.271;97.288;103.661;
1900-01-01 00:48:17;70.0;1745678897;100.741;102.327;97.204;103.661;
1900-01-01 00:48:18;71.0;1745678898;100.71;102.327;97.204;103.619;
1900-01-01 00:48:19;72.0;1745678899;100.71;102.32;97.13;103.585;
1900-01-01 00:48:20;73.0;1745678900;100.656;102.391;97.147;103.585;
1900-01-01 00:48:21;74.0;1745678901;100.74;102.391;97.147;103.581;
1900-01-01 00:48:22;75.0;1745678902;100.74;102.285;97.122;103.634;
1900-01-01 00:48:23;76.0;1745678903;100.737;102.396;97.122;103.634;
1900-01-01 00:48:24;77.0;1745678904;100.807;102.396;97.065;103.552;
1900-01-01 00:48:25;78.0;1745678905;100.807;102.333;96.996;103.496;
1900-01-01 00:48:26;79.0;1745678906;100.782;102.363;97.07;103.496;
1900-01-01 00:48:27;80.0;1745678907;100.782;102.363;97.07;103.563;
1900-01-01 00:48:28;81.0;1745678908;100.752;102.251;97.003;103.671;
1900-01-01 00:48:29;82.0;1745678909;100.88;102.228;97.003;103.671;
1900-01-01 00:48:30;83.0;1745678910;100.82;102.228;97.078;103.571;
1900-01-01 00:48:31;84.0;1745678911;100.82;102.27;97.037;103.571;
1900-01-01 00:48:32;85.0;1745678912;100.791;102.315;97.037;103.652;
1900-01-01 00:48:33;86.0;1745678913;100.682;102.315;96.933;103.575;
1900-01-01 00:48:34;87.0;1745678914;100.682;102.275;96.971;103.575;
1900-01-01 00:48:35;88.0;1745678915;100.691;102.315;96.971;103.588;
1900-01-01 00:48:36;89.0;1745678916;100.591;102.315;96.849;103.522;
1900-01-01 00:48:37;90.0;1745678917;100.591;102.252;96.849;103.522;
1900-01-01 00:48:38;91.0;1745678918;100.636;102.313;96.849;103.625;
1900-01-01 00:48:39;92.0;1745678919;100.636;102.313;96.918;103.632;
1900-01-01 00:48:40;93.0;1745678920;100.68;102.285;96.857;103.632;
1900-01-01 00:48:41;94.0;1745678921;100.628;102.285;96.857;103.599;
1900-01-01 00:48:42;95.0;1745678922;100.628;102.24;96.909;103.598;
1900-01-01 00:48:43;96.0;1745678923;100.675;102.338;96.968;103.598;
1900-01-01 00:48:44;97.0;1745678924;100.707;102.338;96.968;103.593;
1900-01-01 00:48:45;98.0;1745678925;100.707;102.339;96.982;103.604;
1900-01-01 00:48:47;99.0;1745678927;100.66;102.285;96.942;103.604;
1900-01-01 00:48:47;100.0;1745678927;100.563;102.285;96.942;103.613;
1900-01-01 00:48:48;101.0;1745678928;100.563;102.257;96.989;103.597;
1900-01-01 00:48:49;102.0;1745678929;100.588;102.283;96.989;103.597;
1900-01-01 00:48:50;103.0;1745678930;100.542;102.283;97.102;103.63;
1900-01-01 00:48:51;104.0;1745678931;100.542;102.321;97.036;103.662;
1900-01-01 00:48:52;105.0;1745678932;100.523;102.371;97.036;103.662;
1900-01-01 00:48:53;106.0;1745678933;100.44;102.371;96.996;103.67;
1900-01-01 00:48:54;107.0;1745678934;100.44;102.24;97.101;103.67;
1900-01-01 00:48:55;108.0;1745678935;100.376;102.292;97.101;103.566;
1900-01-01 00:48:57;109.0;1745678937;100.407;102.292;96.978;103.623;
1900-01-01 00:48:57;110.0;1745678937;100.407;102.216;97.077;103.623;
1900-01-01 00:48:58;111.0;1745678938;100.458;102.19;97.077;103.614;
1900-01-01 00:48:59;112.0;1745678939;100.458;102.19;97.075;103.613;
1900-01-01 00:49:00;113.0;1745678940;100.433;102.275;97.059;103.613;
1900-01-01 00:49:01;114.0;1745678941;100.419;102.275;97.059;103.643;
1900-01-01 00:49:02;115.0;1745678942;100.419;102.29;97.035;103.659;
1900-01-01 00:49:03;116.0;1745678943;100.361;102.237;97.071;103.659;
1900-01-01 00:49:04;117.0;1745678944;100.429;102.237;97.071;103.594;
1900-01-01 00:49:05;118.0;1745678945;100.429;102.223;97.024;103.648;
1900-01-01 00:49:06;119.0;1745678946;100.388;102.197;96.966;103.648;
1900-01-01 00:49:07;120.0;1745678947;100.386;102.197;96.966;103.557;
1900-01-01 00:49:08;121.0;1745678948;100.386;102.336;96.882;103.546;
1900-01-01 00:49:09;122.0;1745678949;100.386;102.313;96.882;103.546;
1900-01-01 00:49:10;123.0;1745678950;100.474;102.313;96.84;103.622;
1900-01-01 00:49:11;124.0;1745678951;100.474;102.304;96.767;103.529;
1900-01-01 00:49:12;125.0;1745678952;100.472;102.3;96.756;103.529;
1900-01-01 00:49:13;126.0;1745678953;100.492;102.3;96.756;103.618;
1900-01-01 00:49:14;127.0;1745678954;100.492;102.255;96.764;103.662;
1900-01-01 00:49:15;128.0;1745678955;100.515;102.296;96.764;103.662;
1900-01-01 00:49:16;129.0;1745678956;100.553;102.296;96.827;103.704;
1900-01-01 00:49:17;130.0;1745678957;100.553;102.312;96.785;103.646;
1900-01-01 00:49:18;131.0;1745678958;100.529;102.262;96.782;103.646;
1900-01-01 00:49:19;132.0;1745678959;100.543;102.16;96.782;103.697;
1900-01-01 00:49:20;133.0;1745678960;100.543;102.16;96.705;103.571;
1900-01-01 00:49:21;134.0;1745678961;100.486;102.328;96.696;103.571;
1900-01-01 00:49:22;135.0;1745678962;100.528;102.328;96.696;103.674;
1900-01-01 00:49:23;136.0;1745678963;100.528;102.23;96.662;103.707;
1900-01-01 00:49:24;137.0;1745678964;100.428;102.196;96.662;103.707;
1900-01-01 00:49:25;138.0;1745678965;100.387;102.196;96.676;103.723;
1900-01-01 00:49:26;139.0;1745678966;100.387;102.177;96.783;103.571;
1900-01-01 00:49:27;140.0;1745678967;100.48;102.191;96.783;103.571;
1900-01-01 00:49:28;141.0;1745678968;100.509;102.191;96.788;103.669;
1900-01-01 00:49:29;142.0;1745678969;100.509;102.231;96.807;103.669;
1900-01-01 00:49:30;143.0;1745678970;100.465;102.191;96.807;103.694;
1900-01-01 00:49:31;144.0;1745678971;100.557;102.191;96.856;103.75;
1900-01-01 00:49:32;145.0;1745678972;100.557;102.2;96.823;103.75;
1900-01-01 00:49:33;146.0;1745678973;100.589;102.127;96.823;103.655;
1900-01-01 00:49:34;147.0;1745678974;100.609;102.127;96.838;103.649;
1900-01-01 00:49:35;148.0;1745678975;100.609;102.205;96.897;103.649;
1900-01-01 00:49:36;149.0;1745678976;100.656;102.135;96.897;103.66;
1900-01-01 00:49:37;150.0;1745678977;100.656;102.135;96.946;103.598;
1900-01-01 00:49:38;151.0;1745678978;100.738;102.138;96.872;103.598;
1900-01-01 00:49:39;152.0;1745678979;100.685;102.167;96.872;103.697;
1900-01-01 00:49:40;153.0;1745678980;100.685;102.167;96.835;103.655;
1900-01-01 00:49:41;154.0;1745678981;100.647;102.185;96.837;103.655;
1900-01-01 00:49:42;155.0;1745678982;100.565;102.147;96.837;103.734;
1900-01-01 00:49:44;156.0;1745678984;100.543;102.147;96.669;103.681;
1900-01-01 00:49:44;157.0;1745678984;100.543;102.216;96.632;103.681;
1900-01-01 00:49:45;158.0;1745678985;100.582;102.098;96.632;103.564;
1900-01-01 00:49:46;159.0;1745678986;100.582;102.098;96.613;103.637;
1900-01-01 00:49:47;160.0;1745678987;100.551;102.154;96.732;103.637;
1900-01-01 00:49:48;161.0;1745678988;100.474;102.154;96.732;103.593;
1900-01-01 00:49:49;162.0;1745678989;100.474;102.132;96.73;103.662;
1900-01-01 00:49:50;163.0;1745678990;100.472;102.17;96.729;103.662;
1900-01-01 00:49:51;164.0;1745678991;100.596;102.17;96.729;103.691;
1900-01-01 00:49:52;165.0;1745678992;100.596;102.098;96.626;103.676;
1900-01-01 00:49:53;166.0;1745678993;100.577;102.158;96.669;103.676;
1900-01-01 00:49:54;167.0;1745678994;100.602;102.158;96.669;103.706;
1900-01-01 00:49:55;168.0;1745678995;100.602;102.15;96.659;103.654;
1900-01-01 00:49:56;169.0;1745678996;100.565;102.127;96.659;103.654;
1900-01-01 00:49:57;170.0;1745678997;100.595;102.127;96.639;103.672;
1900-01-01 00:49:58;171.0;1745678998;100.595;102.011;96.7;103.672;
1900-01-01 00:49:59;172.0;1745678999;100.554;102.006;96.7;103.762;
1900-01-01 00:50:00;173.0;1745679000;100.594;102.006;96.67;103.698;
1900-01-01 00:50:01;174.0;1745679001;100.594;102.097;96.698;103.698;
1900-01-01 00:50:02;175.0;1745679002;100.481;102.148;96.698;103.695;
1900-01-01 00:50:03;176.0;1745679003;100.481;102.148;96.584;103.662;
1900-01-01 00:50:04;177.0;1745679004;100.434;101.992;96.602;103.662;
1900-01-01 00:50:05;178.0;1745679005;100.413;102.036;96.602;103.652;
1900-01-01 00:50:06;179.0;1745679006;100.413;102.036;96.632;103.677;
1900-01-01 00:50:07;180.0;1745679007;100.376;102.034;96.675;103.677;
1900-01-01 00:50:08;181.0;1745679008;100.3;102.034;96.675;103.61;
1900-01-01 00:50:09;182.0;1745679009;100.3;102.101;96.677;103.681;
1900-01-01 00:50:10;183.0;1745679010;100.23;102.119;96.738;103.681;
1900-01-01 00:50:12;184.0;1745679012;100.193;102.083;96.738;103.695;
1900-01-01 00:50:12;185.0;1745679012;100.193;102.083;96.753;103.644;
1900-01-01 00:50:13;186.0;1745679013;100.22;102.058;96.745;103.644;
1900-01-01 00:50:14;187.0;1745679014;100.196;102.058;96.745;103.78;
1900-01-01 00:50:15;188.0;1745679015;100.196;102.115;96.624;103.614;
1900-01-01 00:50:16;189.0;1745679016;100.295;102.045;96.624;103.614;
1900-01-01 00:50:17;190.0;1745679017;100.198;102.045;96.592;103.759;
1900-01-01 00:50:18;191.0;1745679018;100.198;102.076;96.5;103.642;
1900-01-01 00:50:19;192.0;1745679019;100.305;102.106;96.5;103.642;
1900-01-01 00:50:20;193.0;1745679020;100.237;102.106;96.505;103.608;
1900-01-01 00:50:21;194.0;1745679021;100.237;102.028;96.496;103.608;
1900-01-01 00:50:22;195.0;1745679022;100.284;102.041;96.496;103.69;
1900-01-01 00:50:23;196.0;1745679023;100.271;102.041;96.543;103.657;
1900-01-01 00:50:24;197.0;1745679024;100.271;102.123;96.551;103.657;
1900-01-01 00:50:25;198.0;1745679025;100.291;102.125;96.551;103.674;
1900-01-01 00:50:27;199.0;1745679027;100.34;102.125;96.571;103.64;
1900-01-01 00:50:27;200.0;1745679027;100.34;102.076;96.496;103.64;
1900-01-01 00:50:28;201.0;1745679028;100.337;102.174;96.496;103.709;
1900-01-01 00:50:29;202.0;1745679029;100.337;102.174;96.537;103.739;
1900-01-01 00:50:30;203.0;1745679030;100.429;102.099;96.524;103.739;
1900-01-01 00:50:31;204.0;1745679031;100.378;102.151;96.524;103.698;
1900-01-01 00:50:32;205.0;1745679032;100.378;102.151;96.618;103.724;
1900-01-01 00:50:33;206.0;1745679033;100.426;102.11;96.665;103.724;
1900-01-01 00:50:34;207.0;1745679034;100.526;102.11;96.665;103.677;
1900-01-01 00:50:35;208.0;1745679035;100.526;102.197;96.664;103.664;
1900-01-01 00:50:36;209.0;1745679036;100.446;102.133;96.664;103.664;
1900-01-01 00:50:37;210.0;1745679037;100.379;102.133;96.63;103.659;
1900-01-01 00:50:38;211.0;1745679038;100.379;102.266;96.676;103.688;
1900-01-01 00:50:40;212.0;1745679040;100.445;102.184;96.599;103.688;
1900-01-01 00:50:40;213.0;1745679040;100.358;102.184;96.599;103.639;
1900-01-01 00:50:41;214.0;1745679041;100.358;102.159;96.522;103.664;
1900-01-01 00:50:42;215.0;1745679042;100.5;102.163;96.522;103.664;
1900-01-01 00:50:43;216.0;1745679043;100.5;102.163;96.413;103.633;
1900-01-01 00:50:44;217.0;1745679044;100.47;102.112;96.261;103.633;
1900-01-01 00:50:45;218.0;1745679045;100.447;102.045;96.261;103.675;
1900-01-01 00:50:46;219.0;1745679046;100.333;102.045;96.398;103.64;
1900-01-01 00:50:47;220.0;1745679047;100.333;102.096;96.359;103.64;
1900-01-01 00:50:48;221.0;1745679048;100.365;102.12;96.359;103.676;
1900-01-01 00:50:49;222.0;1745679049;100.361;102.12;96.397;103.615;
1900-01-01 00:50:50;223.0;1745679050;100.361;102.118;96.382;103.714;
1900-01-01 00:50:51;224.0;1745679051;100.312;102.128;96.382;103.714;
1900-01-01 00:50:52;225.0;1745679052;100.312;102.128;96.35;103.702;
1900-01-01 00:50:53;226.0;1745679053;100.261;102.095;96.355;103.702;
1900-01-01 00:50:54;227.0;1745679054;100.216;102.095;96.355;103.728;
1900-01-01 00:50:55;228.0;1745679055;100.216;102.026;96.321;103.653;
1900-01-01 00:50:56;229.0;1745679056;100.197;102.117;96.429;103.653;
1900-01-01 00:50:57;230.0;1745679057;100.108;102.117;96.429;103.655;
1900-01-01 00:50:58;231.0;1745679058;100.108;102.083;96.449;103.724;
1900-01-01 00:50:59;232.0;1745679059;100.184;102.039;96.449;103.724;
1900-01-01 00:51:00;233.0;1745679060;100.195;102.039;96.469;103.709;
1900-01-01 00:51:01;234.0;1745679061;100.195;102.165;96.528;103.662;
1900-01-01 00:51:02;235.0;1745679062;100.243;102.015;96.528;103.662;
1900-01-01 00:51:03;236.0;1745679063;100.22;102.015;96.521;103.75;
1900-01-01 00:51:04;237.0;1745679064;100.22;102.045;96.542;103.615;
1900-01-01 00:51:05;238.0;1745679065;100.18;102.019;96.459;103.615;
1900-01-01 00:51:06;239.0;1745679066;100.155;102.019;96.459;103.626;
1900-01-01 00:51:07;240.0;1745679067;100.155;102.033;96.508;103.736;
1900-01-01 00:51:08;241.0;1745679068;100.253;102.061;96.508;103.736;
1900-01-01 00:51:09;242.0;1745679069;100.259;102.061;96.547;103.69;
1900-01-01 00:51:10;243.0;1745679070;100.259;101.977;96.423;103.683;
1900-01-01 00:51:11;244.0;1745679071;100.262;101.946;96.423;103.683;
1900-01-01 00:51:12;245.0;1745679072;100.307;101.946;96.348;103.685;
1900-01-01 00:51:13;246.0;1745679073;100.307;102.103;96.311;103.678;
1900-01-01 00:51:14;247.0;1745679074;100.282;101.942;96.37;103.678;
1900-01-01 00:51:15;248.0;1745679075;100.184;101.942;96.37;103.708;
1900-01-01 00:51:16;249.0;1745679076;100.184;102.042;96.206;103.686;
1900-01-01 00:51:17;250.0;1745679077;100.135;101.97;96.25;103.686;
1900-01-01 00:51:18;251.0;1745679078;100.068;101.97;96.25;103.665;
1900-01-01 00:51:19;252.0;1745679079;100.068;101.914;96.278;103.651;
1900-01-01 00:51:20;253.0;1745679080;100.048;102.005;96.278;103.651;
1900-01-01 00:51:21;254.0;1745679081;99.963;102.005;96.276;103.658;
1900-01-01 00:51:22;255.0;1745679082;99.963;101.976;96.188;103.658;
1900-01-01 00:51:23;256.0;1745679083;99.961;101.97;96.188;103.602;
1900-01-01 00:51:24;257.0;1745679084;99.995;101.97;96.306;103.714;
1900-01-01 00:51:25;258.0;1745679085;99.995;101.936;96.252;103.714;
1900-01-01 00:51:26;259.0;1745679086;100.068;101.996;96.252;103.685;
1900-01-01 00:51:27;260.0;1745679087;100.121;101.996;96.194;103.662;
1900-01-01 00:51:28;261.0;1745679088;100.121;101.988;96.109;103.64;
1900-01-01 00:51:29;262.0;1745679089;100.098;101.933;96.109;103.64;
1900-01-01 00:51:30;263.0;1745679090;100.098;101.933;96.166;103.647;
1900-01-01 00:51:31;264.0;1745679091;100.075;101.921;96.087;103.549;
1900-01-01 00:51:32;265.0;1745679092;100.027;102.023;96.087;103.549;
1900-01-01 00:51:33;266.0;1745679093;100.027;102.023;96.164;103.695;
1900-01-01 00:51:34;267.0;1745679094;100.018;101.899;96.22;103.695;
1900-01-01 00:51:35;268.0;1745679095;100.107;101.932;96.22;103.691;
1900-01-01 00:51:36;269.0;1745679096;100.107;101.932;96.214;103.654;
1900-01-01 00:51:37;270.0;1745679097;100.151;101.886;96.254;103.654;
1900-01-01 00:51:38;271.0;1745679098;100.218;101.886;96.254;103.813;
1900-01-01 00:51:39;272.0;1745679099;100.218;101.952;96.158;103.706;
1900-01-01 00:51:40;273.0;1745679100;100.162;101.976;96.158;103.706;
1900-01-01 00:51:41;274.0;1745679101;100.194;101.934;96.158;103.723;
1900-01-01 00:51:42;275.0;1745679102;100.194;101.934;96.172;103.684;
1900-01-01 00:51:43;276.0;1745679103;100.14;101.87;96.173;103.684;
1900-01-01 00:51:44;277.0;1745679104;100.217;101.87;96.173;103.667;
1900-01-01 00:51:45;278.0;1745679105;100.217;101.893;96.039;103.747;
1900-01-01 00:51:46;279.0;1745679106;100.136;101.918;96.089;103.747;
1900-01-01 00:51:47;280.0;1745679107;100.075;101.918;96.089;103.633;
1900-01-01 00:51:48;281.0;1745679108;100.075;101.888;96.126;103.633;
1900-01-01 00:51:49;282.0;1745679109;100.083;101.877;96.126;103.782;
1900-01-01 00:51:50;283.0;1745679110;100.046;101.877;96.129;103.747;
1900-01-01 00:51:51;284.0;1745679111;100.046;101.875;96.131;103.703;
1900-01-01 00:51:52;285.0;1745679112;100.026;101.879;96.131;103.703;
1900-01-01 00:51:53;286.0;1745679113;100.026;101.879;96.092;103.731;
1900-01-01 00:51:54;287.0;1745679114;100.09;101.903;96.06;103.751;
1900-01-01 00:51:55;288.0;1745679115;100.082;101.852;96.06;103.751;
1900-01-01 00:51:56;289.0;1745679116;100.096;101.852;96.029;103.824;
1900-01-01 00:51:57;290.0;1745679117;100.096;101.862;96.015;103.824;
1900-01-01 00:51:58;291.0;1745679118;100.123;101.919;96.015;103.756;
1900-01-01 00:51:59;292.0;1745679119;100.128;101.919;95.934;103.78;
1900-01-01 00:52:00;293.0;1745679120;100.128;101.914;95.876;103.78;
1900-01-01 00:52:01;294.0;1745679121;100.056;101.922;95.876;103.721;
1900-01-01 00:52:02;295.0;1745679122;100.056;101.922;95.919;103.761;
1900-01-01 00:52:03;296.0;1745679123;100.029;101.944;95.909;103.761;
1900-01-01 00:52:04;297.0;1745679124;100.1;101.944;95.909;103.715;
1900-01-01 00:52:05;298.0;1745679125;100.1;101.908;95.891;103.75;
1900-01-01 00:52:06;299.0;1745679126;100.116;101.768;95.891;103.75;
1900-01-01 00:52:07;300.0;1745679127;100.047;101.768;95.982;103.718;
1900-01-01 00:52:08;301.0;1745679128;100.047;101.953;95.958;103.766;
1900-01-01 00:52:09;302.0;1745679129;100.067;101.88;95.958;103.766;
1900-01-01 00:52:10;303.0;1745679130;100.026;101.88;95.907;103.7;
1900-01-01 00:52:11;304.0;1745679131;100.026;101.859;96.024;103.74;
1900-01-01 00:52:12;305.0;1745679132;99.939;101.842;96.024;103.74;
1900-01-01 00:52:13;306.0;1745679133;99.935;101.842;96.026;103.705;
1900-01-01 00:52:15;307.0;1745679135;99.935;101.861;96.019;103.578;
1900-01-01 00:52:15;308.0;1745679135;99.888;101.779;96.019;103.578;
1900-01-01 00:52:16;309.0;1745679136;99.872;101.779;95.904;103.609;
1900-01-01 00:52:17;310.0;1745679137;99.872;101.919;95.907;103.609;
1900-01-01 00:52:18;311.0;1745679138;99.925;101.787;95.907;103.669;
1900-01-01 00:52:19;312.0;1745679139;99.925;101.787;95.913;103.647;
1900-01-01 00:52:20;313.0;1745679140;99.909;101.821;95.789;103.647;
1900-01-01 00:52:21;314.0;1745679141;99.875;101.821;95.789;103.617;
1900-01-01 00:52:22;315.0;1745679142;99.875;101.798;95.689;103.676;
1900-01-01 00:52:23;316.0;1745679143;99.918;101.901;95.725;103.676;
1900-01-01 00:52:24;317.0;1745679144;99.842;101.901;95.725;103.658;
1900-01-01 00:52:25;318.0;1745679145;99.842;101.835;95.786;103.674;
1900-01-01 00:52:26;319.0;1745679146;99.836;101.783;95.826;103.674;
1900-01-01 00:52:27;320.0;1745679147;99.812;101.783;95.826;103.696;
1900-01-01 00:52:28;321.0;1745679148;99.812;101.84;95.9;103.744;
1900-01-01 00:52:29;322.0;1745679149;99.734;101.863;95.843;103.744;
1900-01-01 00:52:30;323.0;1745679150;99.779;101.759;95.843;103.677;
1900-01-01 00:52:31;324.0;1745679151;99.779;101.759;95.837;103.749;
1900-01-01 00:52:32;325.0;1745679152;99.759;101.79;95.863;103.749;
1900-01-01 00:52:33;326.0;1745679153;99.872;101.79;95.863;103.759;
1900-01-01 00:52:34;327.0;1745679154;99.872;101.842;95.909;103.681;
1900-01-01 00:52:35;328.0;1745679155;99.812;101.803;95.909;103.681;
1900-01-01 00:52:36;329.0;1745679156;99.876;101.803;95.883;103.654;
1900-01-01 00:52:37;330.0;1745679157;99.876;101.813;95.871;103.67;
1900-01-01 00:52:38;331.0;1745679158;99.895;101.841;95.871;103.67;
1900-01-01 00:52:39;332.0;1745679159;99.814;101.841;95.876;103.728;
1900-01-01 00:52:40;333.0;1745679160;99.814;101.868;95.847;103.73;
1900-01-01 00:52:41;334.0;1745679161;99.746;101.805;95.847;103.73;
1900-01-01 00:52:42;335.0;1745679162;99.746;101.805;95.887;103.717;
1900-01-01 00:52:43;336.0;1745679163;99.791;101.76;95.855;103.815;
1900-01-01 00:52:45;337.0;1745679165;99.732;101.802;95.855;103.815;
1900-01-01 00:52:45;338.0;1745679165;99.732;101.802;95.877;103.697;
1900-01-01 00:52:46;339.0;1745679166;99.763;101.724;95.919;103.697;
1900-01-01 00:52:47;340.0;1745679167;99.77;101.768;95.919;103.745;
1900-01-01 00:52:48;341.0;1745679168;99.77;101.768;95.998;103.754;
1900-01-01 00:52:49;342.0;1745679169;99.79;101.759;95.992;103.754;
1900-01-01 00:52:50;343.0;1745679170;99.869;101.817;95.992;103.676;
1900-01-01 00:52:51;344.0;1745679171;99.869;101.817;96.032;103.715;
1900-01-01 00:52:52;345.0;1745679172;99.712;101.756;95.953;103.715;
1900-01-01 00:52:53;346.0;1745679173;99.801;101.756;95.953;103.748;
1900-01-01 00:52:54;347.0;1745679174;99.801;101.615;95.969;103.681;
1900-01-01 00:52:55;348.0;1745679175;99.852;101.799;95.891;103.681;
1900-01-01 00:52:56;349.0;1745679176;99.904;101.799;95.891;103.642;
1900-01-01 00:52:57;350.0;1745679177;99.904;101.821;95.868;103.708;
1900-01-01 00:52:58;351.0;1745679178;99.89;101.64;95.868;103.708;
1900-01-01 00:53:00;352.0;1745679180;99.851;101.64;95.872;103.744;
1900-01-01 00:53:00;353.0;1745679180;99.851;101.704;95.858;103.744;
1900-01-01 00:53:01;354.0;1745679181;99.896;101.631;95.858;103.736;
1900-01-01 00:53:02;355.0;1745679182;99.975;101.631;95.896;103.733;
1900-01-01 00:53:03;356.0;1745679183;99.975;101.732;95.797;103.733;
1900-01-01 00:53:04;357.0;1745679184;99.891;101.732;95.797;103.721;
1900-01-01 00:53:05;358.0;1745679185;99.891;101.732;95.674;103.713;
1900-01-01 00:53:06;359.0;1745679186;99.853;101.772;95.583;103.713;
1900-01-01 00:53:07;360.0;1745679187;99.893;101.772;95.583;103.79;
1900-01-01 00:53:08;361.0;1745679188;99.893;101.771;95.621;103.715;
1900-01-01 00:53:09;362.0;1745679189;99.823;101.666;95.608;103.715;
1900-01-01 00:53:11;363.0;1745679191;99.817;101.676;95.608;103.665;
1900-01-01 00:53:11;364.0;1745679191;99.817;101.676;95.643;103.682;
1900-01-01 00:53:12;365.0;1745679192;99.781;101.705;95.549;103.682;
1900-01-01 00:53:13;366.0;1745679193;99.807;101.665;95.549;103.664;
1900-01-01 00:53:14;367.0;1745679194;99.807;101.665;95.502;103.691;
1900-01-01 00:53:15;368.0;1745679195;99.781;101.7;95.406;103.691;
1900-01-01 00:53:16;369.0;1745679196;99.781;101.7;95.406;103.654;
1900-01-01 00:53:17;370.0;1745679197;99.781;101.714;95.405;103.757;
1900-01-01 00:53:18;371.0;1745679198;99.742;101.778;95.405;103.757;
1900-01-01 00:53:19;372.0;1745679199;99.753;101.778;95.538;103.776;
1900-01-01 00:53:20;373.0;1745679200;99.753;101.644;95.537;103.771;
1900-01-01 00:53:21;374.0;1745679201;99.625;101.71;95.537;103.771;
1900-01-01 00:53:22;375.0;1745679202;99.659;101.71;95.49;103.75;
1900-01-01 00:53:23;376.0;1745679203;99.659;101.71;95.574;103.736;
1900-01-01 00:53:24;377.0;1745679204;99.553;101.765;95.574;103.736;
1900-01-01 00:53:25;378.0;1745679205;99.565;101.765;95.472;103.754;
1900-01-01 00:53:26;379.0;1745679206;99.565;101.685;95.528;103.751;
1900-01-01 00:53:27;380.0;1745679207;99.626;101.706;95.528;103.751;
1900-01-01 00:53:28;381.0;1745679208;99.626;101.706;95.556;103.832;
1900-01-01 00:53:29;382.0;1745679209;99.659;101.6;95.662;103.793;
1900-01-01 00:53:30;383.0;1745679210;99.68;101.6;95.662;103.793;
1900-01-01 00:53:31;384.0;1745679211;99.68;101.601;95.591;103.771;
1900-01-01 00:53:32;385.0;1745679212;99.598;101.706;95.588;103.771;
1900-01-01 00:53:34;386.0;1745679214;99.658;101.696;95.588;103.714;
1900-01-01 00:53:34;387.0;1745679214;99.658;101.696;95.53;103.772;
1900-01-01 00:53:36;388.0;1745679216;99.629;101.645;95.586;103.772;
1900-01-01 00:53:36;389.0;1745679216;99.722;101.645;95.586;103.685;
1900-01-01 00:53:37;390.0;1745679217;99.722;101.666;95.559;103.694;
1900-01-01 00:53:38;391.0;1745679218;99.732;101.568;95.559;103.694;
1900-01-01 00:53:39;392.0;1745679219;99.759;101.568;95.633;103.67;
1900-01-01 00:53:40;393.0;1745679220;99.759;101.664;95.703;103.807;
1900-01-01 00:53:41;394.0;1745679221;99.693;101.686;95.633;103.807;
1900-01-01 00:53:42;395.0;1745679222;99.664;101.686;95.633;103.691;
1900-01-01 00:53:43;396.0;1745679223;99.664;101.698;95.655;103.668;
1900-01-01 00:53:44;397.0;1745679224;99.619;101.617;95.655;103.668;
1900-01-01 00:53:45;398.0;1745679225;99.611;101.617;95.605;103.756;
1900-01-01 00:53:46;399.0;1745679226;99.611;101.548;95.559;103.756;
1900-01-01 00:53:47;400.0;1745679227;99.559;101.617;95.559;103.637;
1900-01-01 00:53:48;401.0;1745679228;99.581;101.617;95.58;103.639;
1900-01-01 00:53:49;402.0;1745679229;99.581;101.624;95.558;103.606;
1900-01-01 00:53:50;403.0;1745679230;99.537;101.679;95.558;103.606;
1900-01-01 00:53:51;404.0;1745679231;99.537;101.679;95.509;103.758;
1900-01-01 00:53:52;405.0;1745679232;99.584;101.679;95.534;103.758;
1900-01-01 00:53:53;406.0;1745679233;99.471;101.592;95.534;103.71;
1900-01-01 00:53:54;407.0;1745679234;99.471;101.592;95.507;103.699;
1900-01-01 00:53:55;408.0;1745679235;99.46;101.642;95.518;103.699;
1900-01-01 00:53:56;409.0;1745679236;99.417;101.663;95.518;103.743;
1900-01-01 00:53:57;410.0;1745679237;99.417;101.663;95.604;103.679;
1900-01-01 00:53:58;411.0;1745679238;99.448;101.601;95.548;103.679;
1900-01-01 00:54:00;412.0;1745679240;99.475;101.615;95.548;103.772;
1900-01-01 00:54:00;413.0;1745679240;99.475;101.615;95.599;103.725;
1900-01-01 00:54:01;414.0;1745679241;99.431;101.605;95.422;103.725;
1900-01-01 00:54:02;415.0;1745679242;99.471;101.605;95.422;103.803;
1900-01-01 00:54:03;416.0;1745679243;99.471;101.637;95.39;103.631;
1900-01-01 00:54:04;417.0;1745679244;99.509;101.684;95.311;103.631;
1900-01-01 00:54:05;418.0;1745679245;99.483;101.684;95.311;103.737;
1900-01-01 00:54:06;419.0;1745679246;99.483;101.542;95.306;103.724;
1900-01-01 00:54:07;420.0;1745679247;99.537;101.657;95.306;103.724;
1900-01-01 00:54:08;421.0;1745679248;99.602;101.657;95.297;103.706;
1900-01-01 00:54:09;422.0;1745679249;99.602;101.632;95.27;103.753;
1900-01-01 00:54:10;423.0;1745679250;99.623;101.574;95.27;103.753;
1900-01-01 00:54:11;424.0;1745679251;99.588;101.574;95.411;103.651;
1900-01-01 00:54:12;425.0;1745679252;99.588;101.619;95.393;103.669;
1900-01-01 00:54:13;426.0;1745679253;99.504;101.588;95.393;103.669;
1900-01-01 00:54:14;427.0;1745679254;99.565;101.588;95.464;103.748;
1900-01-01 00:54:15;428.0;1745679255;99.565;101.628;95.411;103.719;
1900-01-01 00:54:16;429.0;1745679256;99.544;101.488;95.411;103.719;
1900-01-01 00:54:17;430.0;1745679257;99.539;101.488;95.434;103.702;
1900-01-01 00:54:18;431.0;1745679258;99.539;101.564;95.457;103.721;
1900-01-01 00:54:19;432.0;1745679259;99.492;101.572;95.457;103.721;
1900-01-01 00:54:21;433.0;1745679261;99.508;101.572;95.364;103.719;
1900-01-01 00:54:21;434.0;1745679261;99.508;101.572;95.413;103.719;
1900-01-01 00:54:22;435.0;1745679262;99.527;101.506;95.413;103.821;
1900-01-01 00:54:23;436.0;1745679263;99.519;101.506;95.284;103.783;
1900-01-01 00:54:24;437.0;1745679264;99.519;101.572;95.308;103.721;
1900-01-01 00:54:25;438.0;1745679265;99.439;101.536;95.308;103.721;
1900-01-01 00:54:26;439.0;1745679266;99.543;101.536;95.182;103.795;
1900-01-01 00:54:27;440.0;1745679267;99.543;101.518;95.342;103.642;
1900-01-01 00:54:28;441.0;1745679268;99.51;101.515;95.342;103.642;
1900-01-01 00:54:29;442.0;1745679269;99.51;101.515;95.293;103.693;
1900-01-01 00:54:30;443.0;1745679270;99.473;101.473;95.234;103.693;
1900-01-01 00:54:32;444.0;1745679272;99.465;101.477;95.234;103.771;
1900-01-01 00:54:32;445.0;1745679272;99.465;101.477;95.212;103.746;
1900-01-01 00:54:33;446.0;1745679273;99.5;101.446;95.246;103.746;
1900-01-01 00:54:34;447.0;1745679274;99.485;101.467;95.246;103.794;
1900-01-01 00:54:35;448.0;1745679275;99.485;101.467;95.281;103.832;
1900-01-01 00:54:36;449.0;1745679276;99.474;101.478;95.371;103.832;
1900-01-01 00:54:37;450.0;1745679277;99.417;101.478;95.371;103.764;
1900-01-01 00:54:38;451.0;1745679278;99.417;101.402;95.297;103.767;
1900-01-01 00:54:39;452.0;1745679279;99.421;101.404;95.297;103.767;
1900-01-01 00:54:40;453.0;1745679280;99.433;101.404;95.205;103.727;
1900-01-01 00:54:41;454.0;1745679281;99.433;101.468;95.204;103.742;
1900-01-01 00:54:42;455.0;1745679282;99.439;101.481;95.204;103.742;
1900-01-01 00:54:43;456.0;1745679283;99.338;101.481;95.138;103.75;
1900-01-01 00:54:44;457.0;1745679284;99.338;101.431;95.199;103.75;
1900-01-01 00:54:45;458.0;1745679285;99.321;101.401;95.199;103.721;
1900-01-01 00:54:46;459.0;1745679286;99.309;101.401;95.254;103.778;
1900-01-01 00:54:47;460.0;1745679287;99.309;101.444;95.295;103.75;
1900-01-01 00:54:48;461.0;1745679288;99.331;101.422;95.295;103.75;
1900-01-01 00:54:49;462.0;1745679289;99.331;101.422;95.252;103.742;
1900-01-01 00:54:50;463.0;1745679290;99.307;101.413;95.225;103.742;
1900-01-01 00:54:51;464.0;1745679291;99.248;101.474;95.225;103.715;
1900-01-01 00:54:52;465.0;1745679292;99.248;101.474;95.251;103.695;
1900-01-01 00:54:53;466.0;1745679293;99.244;101.46;95.169;103.695;
1900-01-01 00:54:54;467.0;1745679294;99.24;101.5;95.169;103.713;
1900-01-01 00:54:55;468.0;1745679295;99.24;101.5;95.217;103.689;
1900-01-01 00:54:56;469.0;1745679296;99.351;101.505;95.013;103.689;
1900-01-01 00:54:57;470.0;1745679297;99.277;101.505;95.013;103.699;
1900-01-01 00:54:58;471.0;1745679298;99.277;101.536;95.08;103.718;
1900-01-01 00:54:59;472.0;1745679299;99.271;101.46;95.009;103.718;
1900-01-01 00:55:00;473.0;1745679300;99.209;101.46;95.009;103.738;
1900-01-01 00:55:01;474.0;1745679301;99.209;101.461;95.054;103.797;
1900-01-01 00:55:02;475.0;1745679302;99.296;101.537;94.994;103.797;
1900-01-01 00:55:03;476.0;1745679303;99.362;101.537;94.994;103.696;
1900-01-01 00:55:04;477.0;1745679304;99.362;101.489;95.067;103.793;
1900-01-01 00:55:06;478.0;1745679306;99.379;101.41;95.109;103.793;
1900-01-01 00:55:06;479.0;1745679306;99.379;101.41;95.109;103.769;
1900-01-01 00:55:07;480.0;1745679307;99.509;101.532;95.03;103.769;
1900-01-01 00:55:08;481.0;1745679308;99.419;101.378;95.03;103.662;
1900-01-01 00:55:09;482.0;1745679309;99.439;101.378;95.065;103.65;
1900-01-01 00:55:10;483.0;1745679310;99.439;101.524;95.115;103.679;
1900-01-01 00:55:11;484.0;1745679311;99.422;101.419;95.115;103.679;
1900-01-01 00:55:12;485.0;1745679312;99.422;101.419;95.14;103.709;
1900-01-01 00:55:13;486.0;1745679313;99.322;101.421;95.181;103.736;
1900-01-01 00:55:14;487.0;1745679314;99.197;101.453;95.181;103.736;
1900-01-01 00:55:15;488.0;1745679315;99.157;101.453;95.153;103.718;
1900-01-01 00:55:17;489.0;1745679317;99.157;101.347;95.218;103.754;
1900-01-01 00:55:17;490.0;1745679317;99.136;101.394;95.218;103.754;
1900-01-01 00:55:18;491.0;1745679318;99.136;101.394;95.184;103.858;
1900-01-01 00:55:19;492.0;1745679319;99.224;101.416;95.172;103.766;
1900-01-01 00:55:20;493.0;1745679320;99.24;101.35;95.172;103.766;
1900-01-01 00:55:21;494.0;1745679321;99.24;101.35;95.024;103.747;
1900-01-01 00:55:22;495.0;1745679322;99.239;101.418;95.06;103.747;
1900-01-01 00:55:23;496.0;1745679323;99.364;101.328;95.06;103.727;
1900-01-01 00:55:24;497.0;1745679324;99.364;101.328;95.009;103.791;
1900-01-01 00:55:25;498.0;1745679325;99.451;101.357;94.935;103.791;
1900-01-01 00:55:26;499.0;1745679326;99.325;101.311;94.935;103.692;
1900-01-01 00:55:27;500.0;1745679327;99.325;101.311;94.927;103.754;
1900-01-01 00:55:28;501.0;1745679328;99.408;101.321;94.881;103.754;
1900-01-01 00:55:29;502.0;1745679329;99.412;101.321;94.881;103.737;
1900-01-01 00:55:30;503.0;1745679330;99.412;101.271;94.883;103.742;
1900-01-01 00:55:31;504.0;1745679331;99.434;101.334;94.906;103.742;
1900-01-01 00:55:32;505.0;1745679332;99.301;101.334;94.906;103.689;
1900-01-01 00:55:33;506.0;1745679333;99.301;101.343;94.941;103.792;
1900-01-01 00:55:34;507.0;1745679334;99.298;101.354;94.958;103.792;
1900-01-01 00:55:35;508.0;1745679335;99.249;101.354;94.958;103.746;
1900-01-01 00:55:36;509.0;1745679336;99.249;101.253;94.975;103.806;
1900-01-01 00:55:37;510.0;1745679337;99.17;101.376;95.028;103.806;
1900-01-01 00:55:38;511.0;1745679338;99.087;101.376;95.028;103.615;
1900-01-01 00:55:39;512.0;1745679339;99.087;101.328;94.945;103.685;
1900-01-01 00:55:40;513.0;1745679340;99.06;101.251;94.945;103.685;
1900-01-01 00:55:41;514.0;1745679341;99.089;101.251;94.995;103.737;
1900-01-01 00:55:42;515.0;1745679342;99.089;101.318;94.968;103.737;
1900-01-01 00:55:43;516.0;1745679343;99.034;101.214;94.968;103.676;
1900-01-01 00:55:45;517.0;1745679345;99.003;101.214;94.883;103.679;
1900-01-01 00:55:45;518.0;1745679345;99.003;101.241;94.775;103.679;
1900-01-01 00:55:46;519.0;1745679346;99.09;101.353;94.775;103.766;
1900-01-01 00:55:48;520.0;1745679348;99.035;101.353;94.794;103.678;
1900-01-01 00:55:48;521.0;1745679348;99.035;101.279;94.813;103.678;
1900-01-01 00:55:49;522.0;1745679349;99.005;101.341;94.813;103.662;
1900-01-01 00:55:50;523.0;1745679350;99.005;101.341;94.866;103.738;
1900-01-01 00:55:51;524.0;1745679351;99.077;101.212;94.74;103.738;
1900-01-01 00:55:52;525.0;1745679352;99.0;101.212;94.74;103.712;
1900-01-01 00:55:53;526.0;1745679353;99.0;101.277;94.76;103.702;
1900-01-01 00:55:54;527.0;1745679354;99.029;101.211;94.799;103.702;
1900-01-01 00:55:55;528.0;1745679355;99.129;101.211;94.799;103.742;
1900-01-01 00:55:56;529.0;1745679356;99.129;101.256;94.901;103.689;
1900-01-01 00:55:57;530.0;1745679357;99.09;101.211;94.892;103.689;
1900-01-01 00:55:58;531.0;1745679358;98.989;101.211;94.892;103.755;
1900-01-01 00:55:59;532.0;1745679359;98.989;101.314;94.736;103.738;
1900-01-01 00:56:00;533.0;1745679360;99.11;101.245;94.874;103.738;
1900-01-01 00:56:01;534.0;1745679361;99.192;101.245;94.874;103.709;
1900-01-01 00:56:02;535.0;1745679362;99.192;101.292;94.711;103.784;
1900-01-01 00:56:03;536.0;1745679363;99.201;101.32;94.711;103.784;
1900-01-01 00:56:04;537.0;1745679364;99.201;101.32;94.804;103.779;
1900-01-01 00:56:05;538.0;1745679365;99.121;101.268;94.665;103.736;
1900-01-01 00:56:06;539.0;1745679366;99.178;101.239;94.665;103.736;
1900-01-01 00:56:07;540.0;1745679367;99.178;101.239;94.663;103.8;
1900-01-01 00:56:08;541.0;1745679368;99.103;101.258;94.603;103.8;
1900-01-01 00:56:09;542.0;1745679369;99.098;101.23;94.603;103.776;
1900-01-01 00:56:10;543.0;1745679370;99.098;101.23;94.619;103.684;
1900-01-01 00:56:11;544.0;1745679371;99.025;101.213;94.688;103.684;
1900-01-01 00:56:12;545.0;1745679372;99.068;101.213;94.688;103.822;
1900-01-01 00:56:13;546.0;1745679373;99.068;101.22;94.725;103.825;
1900-01-01 00:56:14;547.0;1745679374;99.146;101.228;94.688;103.825;
1900-01-01 00:56:15;548.0;1745679375;99.066;101.228;94.688;103.782;
1900-01-01 00:56:16;549.0;1745679376;99.066;101.148;94.755;103.732;
1900-01-01 00:56:17;550.0;1745679377;99.058;101.143;94.785;103.732;
1900-01-01 00:56:19;551.0;1745679379;99.055;101.143;94.785;103.845;
1900-01-01 00:56:19;552.0;1745679379;99.055;101.228;94.8;103.716;
1900-01-01 00:56:20;553.0;1745679380;99.039;101.219;94.8;103.716;
1900-01-01 00:56:21;554.0;1745679381;99.037;101.219;94.83;103.784;
1900-01-01 00:56:22;555.0;1745679382;99.037;101.218;94.917;103.784;
1900-01-01 00:56:23;556.0;1745679383;99.027;101.097;94.917;103.779;
1900-01-01 00:56:24;557.0;1745679384;99.143;101.097;94.823;103.767;
1900-01-01 00:56:25;558.0;1745679385;99.143;101.154;94.861;103.767;
1900-01-01 00:56:26;559.0;1745679386;99.024;101.131;94.861;103.792;
1900-01-01 00:56:27;560.0;1745679387;98.922;101.131;94.774;103.67;
1900-01-01 00:56:28;561.0;1745679388;98.922;101.123;94.628;103.67;
1900-01-01 00:56:29;562.0;1745679389;98.962;101.186;94.628;103.715;
1900-01-01 00:56:30;563.0;1745679390;98.962;101.186;94.668;103.653;
1900-01-01 00:56:31;564.0;1745679391;99.045;101.196;94.712;103.653;
1900-01-01 00:56:32;565.0;1745679392;99.02;101.196;94.712;103.739;
1900-01-01 00:56:33;566.0;1745679393;99.02;101.195;94.654;103.699;
1900-01-01 00:56:34;567.0;1745679394;98.964;101.25;94.619;103.699;
1900-01-01 00:56:35;568.0;1745679395;98.946;101.25;94.619;103.826;
1900-01-01 00:56:36;569.0;1745679396;98.946;101.184;94.707;103.656;
1900-01-01 00:56:37;570.0;1745679397;98.961;101.076;94.612;103.656;
1900-01-01 00:56:38;571.0;1745679398;98.941;101.076;94.612;103.715;
1900-01-01 00:56:39;572.0;1745679399;98.941;101.063;94.653;103.688;
1900-01-01 00:56:40;573.0;1745679400;98.927;101.145;94.56;103.688;
1900-01-01 00:56:41;574.0;1745679401;98.839;101.145;94.56;103.672;
1900-01-01 00:56:42;575.0;1745679402;98.839;101.122;94.526;103.772;
1900-01-01 00:56:43;576.0;1745679403;98.837;101.092;94.526;103.772;
1900-01-01 00:56:45;577.0;1745679405;98.824;101.092;94.465;103.711;
1900-01-01 00:56:45;578.0;1745679405;98.824;101.083;94.519;103.711;
1900-01-01 00:56:46;579.0;1745679406;98.714;101.173;94.519;103.718;
1900-01-01 00:56:47;580.0;1745679407;98.735;101.173;94.58;103.738;
1900-01-01 00:56:48;581.0;1745679408;98.735;101.151;94.543;103.738;
1900-01-01 00:56:49;582.0;1745679409;98.694;101.125;94.543;103.695;
1900-01-01 00:56:50;583.0;1745679410;98.694;101.125;94.511;103.627;
1900-01-01 00:56:51;584.0;1745679411;98.77;101.162;94.658;103.627;
1900-01-01 00:56:52;585.0;1745679412;98.754;101.162;94.658;103.751;
1900-01-01 00:56:53;586.0;1745679413;98.754;101.093;94.557;103.662;
1900-01-01 00:56:54;587.0;1745679414;98.829;101.079;94.495;103.662;
1900-01-01 00:56:55;588.0;1745679415;98.853;101.079;94.495;103.65;
1900-01-01 00:56:56;589.0;1745679416;98.853;101.076;94.476;103.661;
1900-01-01 00:56:57;590.0;1745679417;98.847;101.157;94.476;103.661;
1900-01-01 00:56:58;591.0;1745679418;98.862;101.157;94.462;103.708;
1900-01-01 00:57:00;592.0;1745679420;98.862;101.043;94.48;103.668;
1900-01-01 00:57:00;593.0;1745679420;98.925;100.99;94.48;103.668;
1900-01-01 00:57:01;594.0;1745679421;98.867;100.99;94.476;103.729;
1900-01-01 00:57:02;595.0;1745679422;98.867;101.004;94.484;103.687;
1900-01-01 00:57:03;596.0;1745679423;98.894;101.045;94.484;103.687;
1900-01-01 00:57:04;597.0;1745679424;98.829;101.045;94.468;103.765;
1900-01-01 00:57:05;598.0;1745679425;98.829;101.077;94.443;103.697;
1900-01-01 00:57:06;599.0;1745679426;98.813;101.013;94.443;103.697;
1900-01-01 00:57:07;600.0;1745679427;98.813;101.013;94.437;103.664;
1900-01-01 00:57:08;601.0;1745679428;98.76;101.06;94.406;103.664;
1900-01-01 00:57:09;602.0;1745679429;98.671;101.02;94.406;103.793;
1900-01-01 00:57:11;603.0;1745679431;98.707;101.02;94.449;103.708;
1900-01-01 00:57:11;604.0;1745679431;98.707;100.962;94.359;103.708;
1900-01-01 00:57:12;605.0;1745679432;98.715;100.976;94.359;103.746;
1900-01-01 00:57:13;606.0;1745679433;98.715;100.976;94.33;103.718;
1900-01-01 00:57:14;607.0;1745679434;98.656;101.051;94.406;103.718;
1900-01-01 00:57:15;608.0;1745679435;98.661;101.051;94.406;103.739;
1900-01-01 00:57:16;609.0;1745679436;98.661;101.019;94.354;103.76;
1900-01-01 00:57:17;610.0;1745679437;98.668;101.04;94.416;103.76;
1900-01-01 00:57:18;611.0;1745679438;98.54;101.04;94.416;103.776;
1900-01-01 00:57:19;612.0;1745679439;98.54;101.031;94.495;103.761;
1900-01-01 00:57:20;613.0;1745679440;98.663;101.051;94.495;103.761;
1900-01-01 00:57:21;614.0;1745679441;98.544;101.051;94.38;103.722;
1900-01-01 00:57:22;615.0;1745679442;98.544;101.006;94.418;103.762;
1900-01-01 00:57:23;616.0;1745679443;98.625;101.062;94.418;103.762;
1900-01-01 00:57:24;617.0;1745679444;98.605;101.062;94.518;103.74;
1900-01-01 00:57:25;618.0;1745679445;98.605;101.022;94.545;103.75;
1900-01-01 00:57:26;619.0;1745679446;98.719;101.036;94.545;103.75;
1900-01-01 00:57:27;620.0;1745679447;98.719;101.036;94.566;103.696;
1900-01-01 00:57:28;621.0;1745679448;98.603;101.016;94.469;103.78;
1900-01-01 00:57:29;622.0;1745679449;98.765;100.989;94.469;103.78;
1900-01-01 00:57:30;623.0;1745679450;98.765;100.989;94.503;103.722;
1900-01-01 00:57:31;624.0;1745679451;98.731;100.929;94.396;103.722;
1900-01-01 00:57:32;625.0;1745679452;98.676;100.929;94.396;103.752;
1900-01-01 00:57:33;626.0;1745679453;98.676;100.906;94.396;103.779;
1900-01-01 00:57:34;627.0;1745679454;98.731;101.027;94.396;103.779;
1900-01-01 00:57:35;628.0;1745679455;98.701;101.027;94.427;103.739;
1900-01-01 00:57:36;629.0;1745679456;98.701;100.932;94.44;103.651;
1900-01-01 00:57:37;630.0;1745679457;98.733;100.845;94.44;103.651;
1900-01-01 00:57:38;631.0;1745679458;98.575;100.845;94.389;103.777;
1900-01-01 00:57:39;632.0;1745679459;98.575;100.95;94.384;103.739;
1900-01-01 00:57:40;633.0;1745679460;98.611;100.984;94.384;103.739;
1900-01-01 00:57:41;634.0;1745679461;98.669;100.984;94.337;103.786;
1900-01-01 00:57:42;635.0;1745679462;98.669;100.93;94.278;103.753;
1900-01-01 00:57:43;636.0;1745679463;98.543;100.929;94.278;103.753;
1900-01-01 00:57:44;637.0;1745679464;98.586;100.929;94.25;103.777;
1900-01-01 00:57:45;638.0;1745679465;98.586;100.929;94.311;103.76;
1900-01-01 00:57:46;639.0;1745679466;98.565;100.869;94.311;103.76;
1900-01-01 00:57:47;640.0;1745679467;98.565;100.869;94.178;103.788;
1900-01-01 00:57:48;641.0;1745679468;98.57;100.861;94.18;103.788;
1900-01-01 00:57:49;642.0;1745679469;98.51;100.802;94.18;103.822;
1900-01-01 00:57:51;643.0;1745679471;98.466;100.802;94.161;103.834;
1900-01-01 00:57:51;644.0;1745679471;98.466;100.799;94.186;103.834;
1900-01-01 00:57:52;645.0;1745679472;98.437;100.799;94.186;103.804;
1900-01-01 00:57:53;646.0;1745679473;98.437;100.789;94.12;103.849;
1900-01-01 00:57:54;647.0;1745679474;98.445;100.847;94.182;103.849;
1900-01-01 00:57:55;648.0;1745679475;98.375;100.847;94.182;103.706;
1900-01-01 00:57:56;649.0;1745679476;98.375;100.806;94.162;103.812;
1900-01-01 00:57:57;650.0;1745679477;98.537;100.781;94.168;103.812;
1900-01-01 00:57:58;651.0;1745679478;98.442;100.781;94.168;103.717;
1900-01-01 00:57:59;652.0;1745679479;98.442;100.749;94.234;103.871;
1900-01-01 00:58:00;653.0;1745679480;98.345;100.802;94.234;103.871;
1900-01-01 00:58:01;654.0;1745679481;98.376;100.802;94.19;103.796;
1900-01-01 00:58:02;655.0;1745679482;98.376;100.786;94.182;103.722;
1900-01-01 00:58:03;656.0;1745679483;98.336;100.877;94.182;103.722;
1900-01-01 00:58:04;657.0;1745679484;98.424;100.877;94.17;103.748;
1900-01-01 00:58:05;658.0;1745679485;98.424;100.823;94.198;103.748;
1900-01-01 00:58:06;659.0;1745679486;98.483;100.747;94.198;103.705;
1900-01-01 00:58:07;660.0;1745679487;98.483;100.747;94.184;103.697;
1900-01-01 00:58:09;661.0;1745679489;98.402;100.733;94.175;103.755;
1900-01-01 00:58:09;662.0;1745679489;98.436;100.733;94.175;103.755;
1900-01-01 00:58:10;663.0;1745679490;98.436;100.846;94.133;103.67;
1900-01-01 00:58:11;664.0;1745679491;98.392;100.809;94.164;103.67;
1900-01-01 00:58:12;665.0;1745679492;98.358;100.809;94.164;103.69;
1900-01-01 00:58:13;666.0;1745679493;98.358;100.776;94.192;103.725;
1900-01-01 00:58:14;667.0;1745679494;98.473;100.766;94.206;103.725;
1900-01-01 00:58:15;668.0;1745679495;98.35;100.766;94.206;103.72;
1900-01-01 00:58:16;669.0;1745679496;98.35;100.767;94.232;103.615;
1900-01-01 00:58:17;670.0;1745679497;98.378;100.733;94.193;103.615;
1900-01-01 00:58:18;671.0;1745679498;98.431;100.733;94.193;103.771;
1900-01-01 00:58:19;672.0;1745679499;98.431;100.743;94.201;103.717;
1900-01-01 00:58:20;673.0;1745679500;98.381;100.71;94.097;103.717;
1900-01-01 00:58:21;674.0;1745679501;98.311;100.71;94.097;103.664;
1900-01-01 00:58:22;675.0;1745679502;98.311;100.731;94.122;103.726;
1900-01-01 00:58:23;676.0;1745679503;98.309;100.763;94.06;103.726;
1900-01-01 00:58:24;677.0;1745679504;98.364;100.763;94.06;103.665;
1900-01-01 00:58:25;678.0;1745679505;98.364;100.789;94.12;103.63;
1900-01-01 00:58:26;679.0;1745679506;98.33;100.769;94.12;103.63;
1900-01-01 00:58:27;680.0;1745679507;98.395;100.769;94.072;103.751;
1900-01-01 00:58:28;681.0;1745679508;98.395;100.719;94.178;103.762;
1900-01-01 00:58:29;682.0;1745679509;98.444;100.747;94.178;103.762;
1900-01-01 00:58:30;683.0;1745679510;98.425;100.747;93.947;103.756;
1900-01-01 00:58:31;684.0;1745679511;98.425;100.793;93.884;103.74;
1900-01-01 00:58:32;685.0;1745679512;98.452;100.687;93.884;103.74;
1900-01-01 00:58:33;686.0;1745679513;98.379;100.687;93.989;103.681;
1900-01-01 00:58:34;687.0;1745679514;98.379;100.753;94.079;103.681;
1900-01-01 00:58:35;688.0;1745679515;98.52;100.734;94.079;103.773;
1900-01-01 00:58:36;689.0;1745679516;98.49;100.734;94.058;103.806;
1900-01-01 00:58:37;690.0;1745679517;98.49;100.73;94.008;103.806;
1900-01-01 00:58:38;691.0;1745679518;98.409;100.747;94.008;103.731;
1900-01-01 00:58:39;692.0;1745679519;98.409;100.747;94.077;103.765;
1900-01-01 00:58:40;693.0;1745679520;98.478;100.658;93.995;103.765;
1900-01-01 00:58:41;694.0;1745679521;98.447;100.704;93.995;103.794;
1900-01-01 00:58:42;695.0;1745679522;98.447;100.704;93.902;103.638;
1900-01-01 00:58:43;696.0;1745679523;98.519;100.78;93.835;103.638;
1900-01-01 00:58:44;697.0;1745679524;98.437;100.78;93.835;103.735;
1900-01-01 00:58:45;698.0;1745679525;98.437;100.69;93.852;103.701;
1900-01-01 00:58:47;699.0;1745679527;98.428;100.666;93.904;103.701;
1900-01-01 00:58:47;700.0;1745679527;98.514;100.666;93.904;103.73;
1900-01-01 00:58:48;701.0;1745679528;98.514;100.642;93.836;103.729;
1900-01-01 00:58:49;702.0;1745679529;98.499;100.683;93.704;103.729;
1900-01-01 00:58:51;703.0;1745679531;98.376;100.683;93.704;103.682;
1900-01-01 00:58:51;704.0;1745679531;98.376;100.593;93.626;103.784;
1900-01-01 00:58:52;705.0;1745679532;98.249;100.637;93.626;103.784;
1900-01-01 00:58:53;706.0;1745679533;98.2;100.637;93.499;103.75;
1900-01-01 00:58:54;707.0;1745679534;98.2;100.581;93.546;103.75;
1900-01-01 00:58:55;708.0;1745679535;98.102;100.69;93.546;103.748;
1900-01-01 00:58:57;709.0;1745679537;98.079;100.69;93.511;103.752;
1900-01-01 00:58:57;710.0;1745679537;98.079;100.61;93.608;103.752;
1900-01-01 00:58:58;711.0;1745679538;97.938;100.71;93.608;103.69;
1900-01-01 00:59:00;712.0;1745679540;97.877;100.71;93.673;103.732;
1900-01-01 00:59:00;713.0;1745679540;97.877;100.586;93.669;103.732;
1900-01-01 00:59:01;714.0;1745679541;97.935;100.658;93.669;103.854;
1900-01-01 00:59:03;715.0;1745679543;97.911;100.658;93.592;103.712;
1900-01-01 00:59:03;716.0;1745679543;97.911;100.665;93.541;103.712;
1900-01-01 00:59:04;717.0;1745679544;98.034;100.623;93.541;103.684;
1900-01-01 00:59:05;718.0;1745679545;98.034;100.623;93.579;103.76;
1900-01-01 00:59:06;719.0;1745679546;98.05;100.582;93.581;103.76;
1900-01-01 00:59:07;720.0;1745679547;97.978;100.624;93.581;103.741;
1900-01-01 00:59:08;721.0;1745679548;97.978;100.624;93.592;103.655;
1900-01-01 00:59:09;722.0;1745679549;98.082;100.634;93.663;103.655;
1900-01-01 00:59:10;723.0;1745679550;98.114;100.634;93.663;103.631;
1900-01-01 00:59:11;724.0;1745679551;98.114;100.573;93.609;103.653;
1900-01-01 00:59:12;725.0;1745679552;98.179;100.506;93.573;103.653;
1900-01-01 00:59:13;726.0;1745679553;98.225;100.615;93.573;103.748;
1900-01-01 00:59:14;727.0;1745679554;98.204;100.615;93.594;103.718;
1900-01-01 00:59:15;728.0;1745679555;98.204;100.49;93.681;103.718;
1900-01-01 00:59:16;729.0;1745679556;98.225;100.527;93.681;103.735;
1900-01-01 00:59:17;730.0;1745679557;98.225;100.527;93.738;103.707;
1900-01-01 00:59:18;731.0;1745679558;98.223;100.521;93.763;103.706;
1900-01-01 00:59:19;732.0;1745679559;98.167;100.521;93.763;103.706;
1900-01-01 00:59:20;733.0;1745679560;98.167;100.626;93.857;103.703;
1900-01-01 00:59:21;734.0;1745679561;98.079;100.503;93.821;103.703;
1900-01-01 00:59:22;735.0;1745679562;98.1;100.511;93.821;103.792;
1900-01-01 00:59:24;736.0;1745679564;97.995;100.511;93.763;103.755;
1900-01-01 00:59:24;737.0;1745679564;97.995;100.487;93.779;103.755;
1900-01-01 00:59:25;738.0;1745679565;97.982;100.525;93.779;103.669;
1900-01-01 00:59:26;739.0;1745679566;97.982;100.525;93.774;103.786;
1900-01-01 00:59:27;740.0;1745679567;98.047;100.453;93.84;103.786;
1900-01-01 00:59:28;741.0;1745679568;98.042;100.47;93.84;103.815;
1900-01-01 00:59:29;742.0;1745679569;98.042;100.47;93.738;103.782;
1900-01-01 00:59:30;743.0;1745679570;98.069;100.544;93.644;103.782;
1900-01-01 00:59:31;744.0;1745679571;98.021;100.475;93.644;103.674;
1900-01-01 00:59:32;745.0;1745679572;98.021;100.475;93.609;103.689;
1900-01-01 00:59:33;746.0;1745679573;98.18;100.46;93.606;103.689;
1900-01-01 00:59:34;747.0;1745679574;98.156;100.507;93.606;103.736;
1900-01-01 00:59:35;748.0;1745679575;98.156;100.507;93.526;103.653;
1900-01-01 00:59:36;749.0;1745679576;98.224;100.447;93.469;103.653;
1900-01-01 00:59:37;750.0;1745679577;98.174;100.479;93.469;103.666;
1900-01-01 00:59:38;751.0;1745679578;98.174;100.479;93.461;103.776;
1900-01-01 00:59:39;752.0;1745679579;98.212;100.487;93.469;103.776;
1900-01-01 00:59:40;753.0;1745679580;98.277;100.487;93.469;103.724;
1900-01-01 00:59:41;754.0;1745679581;98.277;100.494;93.369;103.754;
1900-01-01 00:59:42;755.0;1745679582;98.204;100.419;93.354;103.754;
1900-01-01 00:59:43;756.0;1745679583;98.176;100.419;93.354;103.744;
1900-01-01 00:59:44;757.0;1745679584;98.176;100.383;93.363;103.626;
1900-01-01 00:59:45;758.0;1745679585;98.15;100.336;93.363;103.626;
1900-01-01 00:59:46;759.0;1745679586;98.165;100.336;93.38;103.699;
1900-01-01 00:59:47;760.0;1745679587;98.165;100.369;93.38;103.699;
1900-01-01 00:59:48;761.0;1745679588;98.119;100.298;93.38;103.728;
1900-01-01 00:59:50;762.0;1745679590;98.068;100.298;93.344;103.704;
1900-01-01 00:59:50;763.0;1745679590;98.068;100.262;93.308;103.704;
1900-01-01 00:59:51;764.0;1745679591;97.996;100.268;93.308;103.767;
1900-01-01 00:59:52;765.0;1745679592;97.996;100.268;93.35;103.673;
1900-01-01 00:59:53;766.0;1745679593;97.956;100.289;93.229;103.673;
1900-01-01 00:59:54;767.0;1745679594;97.942;100.277;93.229;103.703;
1900-01-01 00:59:55;768.0;1745679595;97.942;100.277;93.216;103.736;
1900-01-01 00:59:56;769.0;1745679596;97.871;100.271;93.311;103.736;
1900-01-01 00:59:57;770.0;1745679597;97.838;100.271;93.311;103.722;
1900-01-01 00:59:58;771.0;1745679598;97.838;100.089;93.264;103.685;
1900-01-01 00:59:59;772.0;1745679599;97.861;100.093;93.245;103.685;
1900-01-01 01:00:01;773.0;1745679601;97.885;100.055;93.245;103.733;
1900-01-01 01:00:01;774.0;1745679601;97.885;100.055;93.153;103.709;
1900-01-01 01:00:02;775.0;1745679602;97.903;100.057;93.116;103.709;
1900-01-01 01:00:03;776.0;1745679603;97.991;100.057;93.116;103.701;
1900-01-01 01:00:04;777.0;1745679604;97.991;100.04;93.061;103.736;
1900-01-01 01:00:05;778.0;1745679605;98.02;99.995;93.114;103.736;
1900-01-01 01:00:06;779.0;1745679606;98.024;99.995;93.114;103.71;
1900-01-01 01:00:07;780.0;1745679607;98.024;100.016;93.037;103.653;
1900-01-01 01:00:08;781.0;1745679608;97.984;100.072;93.037;103.653;
1900-01-01 01:00:09;782.0;1745679609;97.917;100.072;93.04;103.765;
1900-01-01 01:00:10;783.0;1745679610;97.917;99.984;92.975;103.765;
1900-01-01 01:00:11;784.0;1745679611;97.918;99.99;92.975;103.679;
1900-01-01 01:00:12;785.0;1745679612;97.862;99.99;93.019;103.693;
1900-01-01 01:00:13;786.0;1745679613;97.862;99.992;93.053;103.693;
1900-01-01 01:00:14;787.0;1745679614;97.858;100.018;93.053;103.758;
1900-01-01 01:00:15;788.0;1745679615;97.858;100.018;93.062;103.74;
1900-01-01 01:00:16;789.0;1745679616;97.881;100.011;93.151;103.74;
1900-01-01 01:00:17;790.0;1745679617;97.84;100.043;93.151;103.734;
1900-01-01 01:00:18;791.0;1745679618;97.84;100.043;93.133;103.658;
1900-01-01 01:00:19;792.0;1745679619;97.766;100.167;93.182;103.658;
1900-01-01 01:00:20;793.0;1745679620;97.835;99.992;93.182;103.861;
1900-01-01 01:00:21;794.0;1745679621;97.835;99.992;93.261;103.773;
1900-01-01 01:00:22;795.0;1745679622;97.704;100.004;93.261;103.773;
1900-01-01 01:00:23;796.0;1745679623;97.645;100.004;93.242;103.761;
1900-01-01 01:00:24;797.0;1745679624;97.645;100.015;93.193;103.682;
1900-01-01 01:00:25;798.0;1745679625;97.625;100.037;93.193;103.682;
1900-01-01 01:00:26;799.0;1745679626;97.58;100.037;93.233;103.751;
1900-01-01 01:00:27;800.0;1745679627;97.58;100.075;93.072;103.727;
1900-01-01 01:00:28;801.0;1745679628;97.596;100.056;93.072;103.727;
1900-01-01 01:00:29;802.0;1745679629;97.574;100.056;93.012;103.766;
1900-01-01 01:00:30;803.0;1745679630;97.574;100.038;92.809;103.709;
1900-01-01 01:00:31;804.0;1745679631;97.657;100.093;92.805;103.709;
1900-01-01 01:00:32;805.0;1745679632;97.657;100.093;92.805;103.707;
1900-01-01 01:00:33;806.0;1745679633;97.584;100.006;92.905;103.848;
1900-01-01 01:00:34;807.0;1745679634;97.644;100.084;92.905;103.848;
1900-01-01 01:00:36;808.0;1745679636;97.624;100.084;92.973;103.689;
1900-01-01 01:00:36;809.0;1745679636;97.624;100.172;93.013;103.689;
1900-01-01 01:00:37;810.0;1745679637;97.656;100.19;93.013;103.735;
1900-01-01 01:00:38;811.0;1745679638;97.656;100.19;93.024;103.725;
1900-01-01 01:00:39;812.0;1745679639;97.692;100.181;93.008;103.725;
1900-01-01 01:00:40;813.0;1745679640;97.677;100.181;93.008;103.66;
1900-01-01 01:00:41;814.0;1745679641;97.677;100.177;93.09;103.728;
1900-01-01 01:00:42;815.0;1745679642;97.59;100.176;92.99;103.728;
1900-01-01 01:00:43;816.0;1745679643;97.749;100.176;92.99;103.785;
1900-01-01 01:00:44;817.0;1745679644;97.749;100.245;93.04;103.724;
1900-01-01 01:00:46;818.0;1745679646;97.76;100.194;93.014;103.724;
1900-01-01 01:00:46;819.0;1745679646;97.758;100.194;93.014;103.737;
1900-01-01 01:00:47;820.0;1745679647;97.758;100.092;92.966;103.745;
1900-01-01 01:00:48;821.0;1745679648;97.693;100.04;92.966;103.745;
1900-01-01 01:00:49;822.0;1745679649;97.695;100.04;93.081;103.695;
1900-01-01 01:00:50;823.0;1745679650;97.695;100.112;93.077;103.678;
1900-01-01 01:00:51;824.0;1745679651;97.611;100.053;93.077;103.678;
1900-01-01 01:00:52;825.0;1745679652;97.589;100.053;92.993;103.767;
1900-01-01 01:00:53;826.0;1745679653;97.589;100.094;92.797;103.734;
1900-01-01 01:00:54;827.0;1745679654;97.625;99.926;92.797;103.734;
1900-01-01 01:00:55;828.0;1745679655;97.499;99.926;92.825;103.664;
1900-01-01 01:00:57;829.0;1745679657;97.499;99.973;92.719;103.728;
1900-01-01 01:00:57;830.0;1745679657;97.538;99.889;92.719;103.728;
1900-01-01 01:00:58;831.0;1745679658;97.562;99.889;92.71;103.774;
1900-01-01 01:00:59;832.0;1745679659;97.562;99.934;92.607;103.774;
1900-01-01 01:01:00;833.0;1745679660;97.625;99.81;92.607;103.642;
1900-01-01 01:01:01;834.0;1745679661;97.625;99.81;92.586;103.76;
1900-01-01 01:01:02;835.0;1745679662;97.543;99.72;92.585;103.76;
1900-01-01 01:01:03;836.0;1745679663;97.592;99.72;92.585;103.722;
1900-01-01 01:01:04;837.0;1745679664;97.592;99.629;92.535;103.68;
1900-01-01 01:01:05;838.0;1745679665;97.601;99.665;92.56;103.68;
1900-01-01 01:01:06;839.0;1745679666;97.669;99.665;92.56;103.643;
1900-01-01 01:01:07;840.0;1745679667;97.669;99.525;92.647;103.695;
1900-01-01 01:01:08;841.0;1745679668;97.612;99.564;92.609;103.695;
1900-01-01 01:01:09;842.0;1745679669;97.579;99.564;92.609;103.751;
1900-01-01 01:01:10;843.0;1745679670;97.579;99.483;92.567;103.736;
1900-01-01 01:01:11;844.0;1745679671;97.62;99.44;92.571;103.736;
1900-01-01 01:01:12;845.0;1745679672;97.601;99.44;92.571;103.689;
1900-01-01 01:01:13;846.0;1745679673;97.601;99.497;92.367;103.785;
1900-01-01 01:01:14;847.0;1745679674;97.727;99.465;92.395;103.785;
1900-01-01 01:01:15;848.0;1745679675;97.808;99.465;92.395;103.697;
1900-01-01 01:01:16;849.0;1745679676;97.808;99.52;92.406;103.773;
1900-01-01 01:01:17;850.0;1745679677;97.712;99.436;92.406;103.773;
1900-01-01 01:01:18;851.0;1745679678;97.801;99.436;92.432;103.721;
1900-01-01 01:01:19;852.0;1745679679;97.801;99.418;92.43;103.721;
1900-01-01 01:01:20;853.0;1745679680;97.721;99.448;92.43;103.699;
1900-01-01 01:01:21;854.0;1745679681;97.676;99.448;92.296;103.75;
1900-01-01 01:01:22;855.0;1745679682;97.676;99.461;92.248;103.75;
1900-01-01 01:01:23;856.0;1745679683;97.61;99.454;92.248;103.812;
1900-01-01 01:01:24;857.0;1745679684;97.631;99.454;92.224;103.82;
1900-01-01 01:01:25;858.0;1745679685;97.631;99.419;92.257;103.82;
1900-01-01 01:01:26;859.0;1745679686;97.587;99.413;92.257;103.694;
1900-01-01 01:01:28;860.0;1745679688;97.46;99.413;92.328;103.732;
1900-01-01 01:01:28;861.0;1745679688;97.46;99.448;92.319;103.732;
1900-01-01 01:01:29;862.0;1745679689;97.585;99.374;92.319;103.711;
1900-01-01 01:01:30;863.0;1745679690;97.585;99.374;92.379;103.759;
1900-01-01 01:01:31;864.0;1745679691;97.581;99.44;92.468;103.759;
1900-01-01 01:01:32;865.0;1745679692;97.545;99.407;92.468;103.683;
1900-01-01 01:01:33;866.0;1745679693;97.545;99.407;92.455;103.806;
1900-01-01 01:01:34;867.0;1745679694;97.463;99.438;92.61;103.806;
1900-01-01 01:01:35;868.0;1745679695;97.371;99.438;92.61;103.706;
1900-01-01 01:01:36;869.0;1745679696;97.371;99.405;92.567;103.7;
1900-01-01 01:01:37;870.0;1745679697;97.378;99.378;92.567;103.7;
1900-01-01 01:01:38;871.0;1745679698;97.419;99.378;92.556;103.706;
1900-01-01 01:01:39;872.0;1745679699;97.419;99.323;92.576;103.606;
1900-01-01 01:01:40;873.0;1745679700;97.521;99.437;92.576;103.606;
1900-01-01 01:01:41;874.0;1745679701;97.577;99.437;92.584;103.635;
1900-01-01 01:01:42;875.0;1745679702;97.577;99.462;92.469;103.65;
1900-01-01 01:01:43;876.0;1745679703;97.551;99.368;92.469;103.65;
1900-01-01 01:01:45;877.0;1745679705;97.568;99.368;92.465;103.727;
1900-01-01 01:01:45;878.0;1745679705;97.568;99.392;92.35;103.727;
1900-01-01 01:01:46;879.0;1745679706;97.63;99.454;92.35;103.591;
1900-01-01 01:01:47;880.0;1745679707;97.543;99.454;92.431;103.616;
1900-01-01 01:01:48;881.0;1745679708;97.543;99.396;92.294;103.744;
1900-01-01 01:01:49;882.0;1745679709;97.464;99.441;92.294;103.744;
1900-01-01 01:01:50;883.0;1745679710;97.464;99.441;92.219;103.768;
1900-01-01 01:01:52;884.0;1745679712;97.371;99.399;92.118;103.668;
1900-01-01 01:01:52;885.0;1745679712;97.335;99.368;92.118;103.668;
1900-01-01 01:01:53;886.0;1745679713;97.335;99.368;92.065;103.729;
1900-01-01 01:01:54;887.0;1745679714;97.34;99.444;92.125;103.729;
1900-01-01 01:01:55;888.0;1745679715;97.172;99.444;92.125;103.774;
1900-01-01 01:01:56;889.0;1745679716;97.172;99.403;92.064;103.672;
1900-01-01 01:01:57;890.0;1745679717;97.144;99.366;92.064;103.672;
1900-01-01 01:01:58;891.0;1745679718;97.169;99.366;91.98;103.713;
1900-01-01 01:01:59;892.0;1745679719;97.169;99.389;92.047;103.671;
1900-01-01 01:02:00;893.0;1745679720;97.099;99.445;92.047;103.671;
1900-01-01 01:02:01;894.0;1745679721;97.119;99.445;92.028;103.673;
1900-01-01 01:02:02;895.0;1745679722;97.119;99.381;91.993;103.648;
1900-01-01 01:02:03;896.0;1745679723;97.2;99.356;91.993;103.648;
1900-01-01 01:02:04;897.0;1745679724;97.169;99.356;91.989;103.723;
1900-01-01 01:02:05;898.0;1745679725;97.169;99.391;92.003;103.723;
1900-01-01 01:02:06;899.0;1745679726;97.257;99.512;92.003;103.601;
1900-01-01 01:02:07;900.0;1745679727;97.254;99.512;91.969;103.6;
1900-01-01 01:02:08;901.0;1745679728;97.254;99.323;92.011;103.6;
1900-01-01 01:02:09;902.0;1745679729;97.304;99.277;92.011;103.703;
1900-01-01 01:02:11;903.0;1745679731;97.349;99.277;92.08;103.684;
1900-01-01 01:02:11;904.0;1745679731;97.349;99.465;92.066;103.684;
1900-01-01 01:02:12;905.0;1745679732;97.369;99.4;92.066;103.682;
1900-01-01 01:02:14;906.0;1745679734;97.382;99.4;92.168;103.686;
1900-01-01 01:02:14;907.0;1745679734;97.382;99.414;92.082;103.686;
1900-01-01 01:02:15;908.0;1745679735;97.359;99.318;92.082;103.697;
1900-01-01 01:02:16;909.0;1745679736;97.359;99.318;92.168;103.62;
1900-01-01 01:02:17;910.0;1745679737;97.426;99.395;92.112;103.62;
1900-01-01 01:02:18;911.0;1745679738;97.323;99.395;92.112;103.695;
1900-01-01 01:02:19;912.0;1745679739;97.323;99.478;92.208;103.655;
1900-01-01 01:02:20;913.0;1745679740;97.289;99.444;92.176;103.655;
1900-01-01 01:02:21;914.0;1745679741;97.253;99.444;92.176;103.745;
1900-01-01 01:02:22;915.0;1745679742;97.253;99.283;92.035;103.739;
1900-01-01 01:02:23;916.0;1745679743;97.32;99.325;91.967;103.739;
1900-01-01 01:02:24;917.0;1745679744;97.206;99.325;91.967;103.754;
1900-01-01 01:02:25;918.0;1745679745;97.206;99.213;92.038;103.769;
1900-01-01 01:02:26;919.0;1745679746;97.273;99.181;92.038;103.769;
1900-01-01 01:02:27;920.0;1745679747;97.065;99.181;92.001;103.761;
1900-01-01 01:02:28;921.0;1745679748;97.065;99.148;92.049;103.701;
1900-01-01 01:02:29;922.0;1745679749;97.048;99.106;92.049;103.701;
1900-01-01 01:02:30;923.0;1745679750;97.038;99.106;92.054;103.76;
1900-01-01 01:02:31;924.0;1745679751;97.038;99.19;91.954;103.701;
1900-01-01 01:02:32;925.0;1745679752;97.022;99.155;91.954;103.701;
1900-01-01 01:02:33;926.0;1745679753;97.06;99.155;92.037;103.69;
1900-01-01 01:02:34;927.0;1745679754;97.06;99.091;92.081;103.69;
1900-01-01 01:02:35;928.0;1745679755;97.002;99.101;92.081;103.676;
1900-01-01 01:02:37;929.0;1745679757;97.025;99.101;92.112;103.729;
1900-01-01 01:02:37;930.0;1745679757;97.025;99.068;91.971;103.729;
1900-01-01 01:02:38;931.0;1745679758;96.987;99.105;91.971;103.692;
1900-01-01 01:02:39;932.0;1745679759;96.987;99.105;91.919;103.547;
1900-01-01 01:02:40;933.0;1745679760;96.996;99.11;91.887;103.547;
1900-01-01 01:02:41;934.0;1745679761;97.069;99.059;91.887;103.747;
1900-01-01 01:02:42;935.0;1745679762;97.069;99.059;91.856;103.734;
1900-01-01 01:02:43;936.0;1745679763;97.088;99.128;91.867;103.734;
1900-01-01 01:02:44;937.0;1745679764;97.016;99.128;91.867;103.694;
1900-01-01 01:02:45;938.0;1745679765;97.016;99.089;91.76;103.789;
1900-01-01 01:02:46;939.0;1745679766;97.006;99.119;91.76;103.789;
1900-01-01 01:02:47;940.0;1745679767;97.029;99.119;91.827;103.681;
1900-01-01 01:02:48;941.0;1745679768;97.029;99.124;91.799;103.681;
1900-01-01 01:02:49;942.0;1745679769;96.993;99.135;91.799;103.716;
1900-01-01 01:02:50;943.0;1745679770;96.977;99.135;91.816;103.644;
1900-01-01 01:02:51;944.0;1745679771;96.977;99.16;91.856;103.674;
1900-01-01 01:02:52;945.0;1745679772;96.961;99.11;91.856;103.674;
1900-01-01 01:02:53;946.0;1745679773;96.961;99.11;91.816;103.694;
1900-01-01 01:02:54;947.0;1745679774;96.936;99.166;91.909;103.796;
1900-01-01 01:02:55;948.0;1745679775;96.893;99.141;91.909;103.796;
1900-01-01 01:02:56;949.0;1745679776;96.893;99.141;92.026;103.757;
1900-01-01 01:02:57;950.0;1745679777;96.877;99.155;91.908;103.757;
1900-01-01 01:02:58;951.0;1745679778;96.9;99.129;91.908;103.7;
1900-01-01 01:02:59;952.0;1745679779;96.9;99.129;91.777;103.626;
1900-01-01 01:03:00;953.0;1745679780;96.828;99.144;91.643;103.626;
1900-01-01 01:03:01;954.0;1745679781;96.989;99.215;91.643;103.704;
1900-01-01 01:03:02;955.0;1745679782;96.989;99.215;91.584;103.728;
1900-01-01 01:03:03;956.0;1745679783;96.935;99.186;91.707;103.728;
1900-01-01 01:03:04;957.0;1745679784;96.973;99.267;91.707;103.773;
1900-01-01 01:03:05;958.0;1745679785;96.973;99.267;91.569;103.655;
1900-01-01 01:03:06;959.0;1745679786;96.994;99.156;91.561;103.655;
1900-01-01 01:03:07;960.0;1745679787;97.021;99.255;91.561;103.664;
1900-01-01 01:03:08;961.0;1745679788;97.021;99.255;91.567;103.676;
1900-01-01 01:03:09;962.0;1745679789;97.086;99.179;91.628;103.676;
1900-01-01 01:03:10;963.0;1745679790;97.09;99.167;91.628;103.679;
1900-01-01 01:03:11;964.0;1745679791;97.09;99.167;91.648;103.789;
1900-01-01 01:03:12;965.0;1745679792;97.005;99.158;91.648;103.789;
1900-01-01 01:03:13;966.0;1745679793;97.092;99.158;91.63;103.694;
1900-01-01 01:03:14;967.0;1745679794;97.092;99.219;91.646;103.701;
1900-01-01 01:03:15;968.0;1745679795;97.139;99.291;91.646;103.701;
1900-01-01 01:03:16;969.0;1745679796;97.026;99.291;91.753;103.653;
1900-01-01 01:03:17;970.0;1745679797;97.026;99.252;91.776;103.683;
1900-01-01 01:03:18;971.0;1745679798;97.052;99.302;91.776;103.683;
1900-01-01 01:03:19;972.0;1745679799;97.052;99.302;91.725;103.635;
1900-01-01 01:03:20;973.0;1745679800;96.997;99.188;91.673;103.805;
1900-01-01 01:03:22;974.0;1745679802;97.07;99.189;91.673;103.805;
1900-01-01 01:03:22;975.0;1745679802;97.07;99.189;91.546;103.664;
1900-01-01 01:03:23;976.0;1745679803;96.9;99.109;91.466;103.664;
1900-01-01 01:03:24;977.0;1745679804;96.858;99.109;91.466;103.769;
1900-01-01 01:03:25;978.0;1745679805;96.858;99.055;91.451;103.702;
1900-01-01 01:03:26;979.0;1745679806;96.867;99.06;91.268;103.702;
1900-01-01 01:03:27;980.0;1745679807;96.763;99.06;91.268;103.622;
1900-01-01 01:03:28;981.0;1745679808;96.763;99.122;91.164;103.722;
1900-01-01 01:03:29;982.0;1745679809;96.821;99.087;91.036;103.722;
1900-01-01 01:03:30;983.0;1745679810;96.745;99.087;91.036;103.676;
1900-01-01 01:03:31;984.0;1745679811;96.745;99.001;90.994;103.691;
1900-01-01 01:03:32;985.0;1745679812;96.801;99.032;90.994;103.691;
1900-01-01 01:03:33;986.0;1745679813;96.741;99.032;90.992;103.696;
1900-01-01 01:03:34;987.0;1745679814;96.741;98.879;91.095;103.702;
1900-01-01 01:03:35;988.0;1745679815;96.736;98.851;91.095;103.702;
1900-01-01 01:03:36;989.0;1745679816;96.719;98.851;91.128;103.694;
1900-01-01 01:03:37;990.0;1745679817;96.719;98.852;91.255;103.725;
1900-01-01 01:03:38;991.0;1745679818;96.769;98.822;91.255;103.725;
1900-01-01 01:03:39;992.0;1745679819;96.737;98.822;91.257;103.636;
1900-01-01 01:03:40;993.0;1745679820;96.737;98.749;91.248;103.636;
1900-01-01 01:03:41;994.0;1745679821;96.794;98.734;91.248;103.682;
1900-01-01 01:03:42;995.0;1745679822;96.811;98.734;91.26;103.738;
1900-01-01 01:03:43;996.0;1745679823;96.811;98.78;91.35;103.738;
1900-01-01 01:03:44;997.0;1745679824;96.841;98.782;91.35;103.656;
1900-01-01 01:03:45;998.0;1745679825;96.841;98.782;91.37;103.689;
1900-01-01 01:03:46;999.0;1745679826;96.877;98.734;91.247;103.689;
1900-01-01 01:03:47;1000.0;1745679827;96.728;98.73;91.247;103.672;
1900-01-01 01:03:48;1001.0;1745679828;96.728;98.73;91.081;103.765;
1900-01-01 01:03:49;1002.0;1745679829;96.711;98.653;90.979;103.765;
1900-01-01 01:03:50;1003.0;1745679830;96.68;98.653;90.979;103.712;
1900-01-01 01:03:51;1004.0;1745679831;96.68;98.662;91.038;103.702;
1900-01-01 01:03:52;1005.0;1745679832;96.613;98.677;91.081;103.702;
1900-01-01 01:03:53;1006.0;1745679833;96.704;98.677;91.081;103.722;
1900-01-01 01:03:54;1007.0;1745679834;96.704;98.681;91.108;103.643;
1900-01-01 01:03:55;1008.0;1745679835;96.664;98.565;91.108;103.643;
1900-01-01 01:03:56;1009.0;1745679836;96.697;98.565;91.171;103.609;
1900-01-01 01:03:57;1010.0;1745679837;96.697;98.611;91.144;103.735;
1900-01-01 01:03:58;1011.0;1745679838;96.728;98.541;91.144;103.735;
1900-01-01 01:03:59;1012.0;1745679839;96.793;98.541;91.242;103.724;
1900-01-01 01:04:00;1013.0;1745679840;96.793;98.61;91.261;103.665;
1900-01-01 01:04:01;1014.0;1745679841;96.764;98.612;91.261;103.665;
1900-01-01 01:04:02;1015.0;1745679842;96.764;98.612;91.214;103.627;
1900-01-01 01:04:03;1016.0;1745679843;96.815;98.563;91.18;103.627;
1900-01-01 01:04:04;1017.0;1745679844;96.815;98.538;91.18;103.636;
1900-01-01 01:04:05;1018.0;1745679845;96.814;98.538;91.342;103.728;
1900-01-01 01:04:06;1019.0;1745679846;96.814;98.613;91.228;103.728;
1900-01-01 01:04:07;1020.0;1745679847;96.723;98.545;91.228;103.822;
1900-01-01 01:04:08;1021.0;1745679848;96.644;98.545;91.209;103.634;
1900-01-01 01:04:09;1022.0;1745679849;96.644;98.601;91.296;103.619;
1900-01-01 01:04:10;1023.0;1745679850;96.585;98.604;91.296;103.619;
1900-01-01 01:04:11;1024.0;1745679851;96.585;98.604;91.231;103.626;
1900-01-01 01:04:12;1025.0;1745679852;96.544;98.598;91.17;103.626;
1900-01-01 01:04:13;1026.0;1745679853;96.522;98.541;91.17;103.697;
1900-01-01 01:04:14;1027.0;1745679854;96.446;98.541;91.222;103.715;
1900-01-01 01:04:15;1028.0;1745679855;96.446;98.66;91.167;103.755;
1900-01-01 01:04:16;1029.0;1745679856;96.449;98.58;91.167;103.755;
1900-01-01 01:04:17;1030.0;1745679857;96.47;98.58;91.017;103.697;
1900-01-01 01:04:18;1031.0;1745679858;96.47;98.584;90.856;103.627;
1900-01-01 01:04:19;1032.0;1745679859;96.46;98.646;90.856;103.627;
1900-01-01 01:04:20;1033.0;1745679860;96.406;98.646;90.788;103.724;
1900-01-01 01:04:21;1034.0;1745679861;96.406;98.568;90.836;103.724;
1900-01-01 01:04:22;1035.0;1745679862;96.406;98.59;90.836;103.612;
1900-01-01 01:04:23;1036.0;1745679863;96.425;98.59;90.792;103.633;
1900-01-01 01:04:24;1037.0;1745679864;96.425;98.541;90.849;103.775;
1900-01-01 01:04:25;1038.0;1745679865;96.482;98.512;90.849;103.775;
1900-01-01 01:04:26;1039.0;1745679866;96.482;98.512;90.808;103.615;
1900-01-01 01:04:27;1040.0;1745679867;96.559;98.437;90.672;103.785;
1900-01-01 01:04:28;1041.0;1745679868;96.537;98.331;90.672;103.785;
1900-01-01 01:04:29;1042.0;1745679869;96.537;98.331;90.414;103.637;
1900-01-01 01:04:30;1043.0;1745679870;96.493;98.34;90.309;103.637;
1900-01-01 01:04:31;1044.0;1745679871;96.526;98.379;90.309;103.675;
1900-01-01 01:04:32;1045.0;1745679872;96.526;98.379;90.358;103.65;
1900-01-01 01:04:33;1046.0;1745679873;96.581;98.28;90.289;103.65;
1900-01-01 01:04:34;1047.0;1745679874;96.599;98.28;90.289;103.682;
1900-01-01 01:04:35;1048.0;1745679875;96.599;98.254;90.422;103.651;
1900-01-01 01:04:36;1049.0;1745679876;96.578;98.217;90.447;103.651;
1900-01-01 01:04:37;1050.0;1745679877;96.621;98.217;90.447;103.667;
1900-01-01 01:04:38;1051.0;1745679878;96.621;98.197;90.406;103.656;
1900-01-01 01:04:39;1052.0;1745679879;96.544;98.24;90.294;103.656;
1900-01-01 01:04:40;1053.0;1745679880;96.603;98.24;90.294;103.686;
1900-01-01 01:04:41;1054.0;1745679881;96.603;98.138;90.272;103.699;
1900-01-01 01:04:42;1055.0;1745679882;96.524;98.147;90.175;103.699;
1900-01-01 01:04:43;1056.0;1745679883;96.466;98.147;90.175;103.752;
1900-01-01 01:04:44;1057.0;1745679884;96.466;98.092;90.237;103.662;
1900-01-01 01:04:46;1058.0;1745679886;96.532;98.126;90.199;103.662;
1900-01-01 01:04:46;1059.0;1745679886;96.438;98.126;90.199;103.61;
1900-01-01 01:04:47;1060.0;1745679887;96.438;98.005;90.312;103.705;
1900-01-01 01:04:48;1061.0;1745679888;96.427;98.06;90.312;103.705;
1900-01-01 01:04:49;1062.0;1745679889;96.427;98.06;90.305;103.717;
1900-01-01 01:04:50;1063.0;1745679890;96.442;98.008;90.294;103.611;
1900-01-01 01:04:51;1064.0;1745679891;96.451;98.066;90.294;103.611;
1900-01-01 01:04:52;1065.0;1745679892;96.451;98.066;90.356;103.639;
1900-01-01 01:04:53;1066.0;1745679893;96.498;98.029;90.424;103.639;
1900-01-01 01:04:54;1067.0;1745679894;96.49;98.004;90.424;103.677;
1900-01-01 01:04:55;1068.0;1745679895;96.49;98.004;90.432;103.626;
1900-01-01 01:04:56;1069.0;1745679896;96.577;98.075;90.48;103.626;
1900-01-01 01:04:58;1070.0;1745679898;96.494;98.033;90.48;103.645;
1900-01-01 01:04:58;1071.0;1745679898;96.494;98.033;90.514;103.65;
1900-01-01 01:05:00;1072.0;1745679900;96.595;97.968;90.581;103.65;
1900-01-01 01:05:00;1073.0;1745679900;96.475;97.968;90.581;103.552;
1900-01-01 01:05:01;1074.0;1745679901;96.475;98.016;90.619;103.654;
1900-01-01 01:05:02;1075.0;1745679902;96.443;98.114;90.549;103.654;
1900-01-01 01:05:03;1076.0;1745679903;96.417;98.114;90.549;103.682;
1900-01-01 01:05:04;1077.0;1745679904;96.417;98.115;90.598;103.67;
1900-01-01 01:05:05;1078.0;1745679905;96.367;98.089;90.544;103.67;
1900-01-01 01:05:06;1079.0;1745679906;96.369;98.089;90.544;103.615;
1900-01-01 01:05:07;1080.0;1745679907;96.369;98.117;90.371;103.665;
1900-01-01 01:05:08;1081.0;1745679908;96.446;98.077;90.371;103.665;
1900-01-01 01:05:09;1082.0;1745679909;96.353;98.077;90.31;103.645;
1900-01-01 01:05:10;1083.0;1745679910;96.353;98.11;90.245;103.67;
1900-01-01 01:05:11;1084.0;1745679911;96.347;98.039;90.245;103.67;
1900-01-01 01:05:12;1085.0;1745679912;96.294;98.039;90.099;103.753;
1900-01-01 01:05:13;1086.0;1745679913;96.294;97.981;90.066;103.753;
1900-01-01 01:05:14;1087.0;1745679914;96.261;98.049;90.066;103.596;
1900-01-01 01:05:15;1088.0;1745679915;96.173;98.049;89.976;103.597;
1900-01-01 01:05:16;1089.0;1745679916;96.173;98.056;89.966;103.597;
1900-01-01 01:05:17;1090.0;1745679917;96.261;98.049;89.966;103.582;
1900-01-01 01:05:18;1091.0;1745679918;96.261;98.049;89.858;103.719;
1900-01-01 01:05:19;1092.0;1745679919;96.138;98.089;89.814;103.719;
1900-01-01 01:05:20;1093.0;1745679920;96.044;98.114;89.814;103.589;
1900-01-01 01:05:22;1094.0;1745679922;95.993;98.114;89.705;103.58;
1900-01-01 01:05:22;1095.0;1745679922;95.993;97.979;89.612;103.58;
1900-01-01 01:05:23;1096.0;1745679923;96.076;98.036;89.612;103.653;
1900-01-01 01:05:24;1097.0;1745679924;96.076;98.036;89.61;103.724;
1900-01-01 01:05:25;1098.0;1745679925;96.132;97.983;89.651;103.724;
1900-01-01 01:05:26;1099.0;1745679926;96.114;97.983;89.651;103.674;
1900-01-01 01:05:27;1100.0;1745679927;96.114;98.027;89.719;103.681;
1900-01-01 01:05:28;1101.0;1745679928;96.156;98.069;89.719;103.681;
1900-01-01 01:05:29;1102.0;1745679929;96.13;98.069;89.753;103.723;
1900-01-01 01:05:30;1103.0;1745679930;96.13;98.028;89.779;103.703;
1900-01-01 01:05:31;1104.0;1745679931;96.098;97.982;89.779;103.703;
1900-01-01 01:05:32;1105.0;1745679932;96.152;97.982;89.806;103.778;
1900-01-01 01:05:33;1106.0;1745679933;96.152;97.894;89.968;103.75;
1900-01-01 01:05:35;1107.0;1745679935;96.074;98.0;89.823;103.75;
1900-01-01 01:05:35;1108.0;1745679935;96.132;98.0;89.823;103.683;
1900-01-01 01:05:36;1109.0;1745679936;96.132;97.982;89.967;103.713;
1900-01-01 01:05:37;1110.0;1745679937;96.048;98.006;89.967;103.713;
1900-01-01 01:05:38;1111.0;1745679938;96.106;98.006;90.051;103.64;
1900-01-01 01:05:39;1112.0;1745679939;96.106;98.025;89.93;103.64;
1900-01-01 01:05:40;1113.0;1745679940;96.184;97.968;89.93;103.678;
1900-01-01 01:05:41;1114.0;1745679941;96.212;97.968;89.989;103.703;
1900-01-01 01:05:42;1115.0;1745679942;96.212;97.964;90.052;103.637;
1900-01-01 01:05:43;1116.0;1745679943;96.223;97.941;90.052;103.637;
1900-01-01 01:05:44;1117.0;1745679944;96.223;97.941;89.98;103.693;
1900-01-01 01:05:45;1118.0;1745679945;96.165;98.003;90.006;103.61;
1900-01-01 01:05:46;1119.0;1745679946;96.207;98.104;90.006;103.61;
1900-01-01 01:05:47;1120.0;1745679947;96.207;98.104;89.909;103.74;
1900-01-01 01:05:48;1121.0;1745679948;96.162;98.094;89.878;103.74;
1900-01-01 01:05:49;1122.0;1745679949;96.231;98.198;89.878;103.599;
1900-01-01 01:05:50;1123.0;1745679950;96.231;98.198;89.777;103.625;
1900-01-01 01:05:51;1124.0;1745679951;96.108;98.102;89.736;103.625;
1900-01-01 01:05:52;1125.0;1745679952;96.16;98.061;89.736;103.592;
1900-01-01 01:05:53;1126.0;1745679953;96.16;98.061;89.714;103.619;
1900-01-01 01:05:54;1127.0;1745679954;96.095;98.069;89.575;103.619;
1900-01-01 01:05:55;1128.0;1745679955;96.078;98.069;89.575;103.652;
1900-01-01 01:05:56;1129.0;1745679956;96.078;97.989;89.454;103.657;
1900-01-01 01:05:57;1130.0;1745679957;96.074;98.036;89.239;103.657;
1900-01-01 01:05:58;1131.0;1745679958;96.118;98.036;89.239;103.695;
1900-01-01 01:05:59;1132.0;1745679959;96.118;97.966;89.189;103.766;
1900-01-01 01:06:00;1133.0;1745679960;96.007;97.921;89.189;103.766;
1900-01-01 01:06:01;1134.0;1745679961;96.062;97.921;89.139;103.755;
1900-01-01 01:06:02;1135.0;1745679962;96.062;97.906;89.131;103.75;
1900-01-01 01:06:03;1136.0;1745679963;96.022;97.896;89.131;103.75;
1900-01-01 01:06:04;1137.0;1745679964;96.099;97.896;89.194;103.738;
1900-01-01 01:06:05;1138.0;1745679965;96.099;97.867;89.159;103.668;
1900-01-01 01:06:06;1139.0;1745679966;96.067;97.825;89.159;103.668;
1900-01-01 01:06:07;1140.0;1745679967;96.042;97.825;89.201;103.609;
1900-01-01 01:06:08;1141.0;1745679968;96.042;97.836;89.166;103.644;
1900-01-01 01:06:09;1142.0;1745679969;95.966;97.772;89.166;103.644;
1900-01-01 01:06:10;1143.0;1745679970;95.966;97.772;89.184;103.663;
1900-01-01 01:06:11;1144.0;1745679971;96.002;97.775;89.172;103.663;
1900-01-01 01:06:12;1145.0;1745679972;95.989;97.775;89.172;103.719;
1900-01-01 01:06:13;1146.0;1745679973;95.989;97.794;89.109;103.734;
1900-01-01 01:06:14;1147.0;1745679974;95.985;97.829;89.062;103.734;
1900-01-01 01:06:15;1148.0;1745679975;95.955;97.763;89.062;103.608;
1900-01-01 01:06:16;1149.0;1745679976;95.955;97.763;88.875;103.706;
1900-01-01 01:06:17;1150.0;1745679977;96.011;97.737;88.802;103.706;
1900-01-01 01:06:18;1151.0;1745679978;95.917;97.676;88.802;103.553;
1900-01-01 01:06:19;1152.0;1745679979;95.917;97.676;88.658;103.636;
1900-01-01 01:06:20;1153.0;1745679980;95.886;97.639;88.484;103.636;
1900-01-01 01:06:21;1154.0;1745679981;95.895;97.639;88.484;103.631;
1900-01-01 01:06:22;1155.0;1745679982;95.895;97.64;88.274;103.706;
1900-01-01 01:06:24;1156.0;1745679984;95.783;97.693;88.098;103.706;
1900-01-01 01:06:24;1157.0;1745679984;95.843;97.693;88.098;103.602;
1900-01-01 01:06:25;1158.0;1745679985;95.843;97.606;88.129;103.611;
1900-01-01 01:06:26;1159.0;1745679986;95.727;97.705;88.129;103.611;
1900-01-01 01:06:27;1160.0;1745679987;95.689;97.705;88.052;103.66;
1900-01-01 01:06:28;1161.0;1745679988;95.689;97.679;88.052;103.688;
1900-01-01 01:06:29;1162.0;1745679989;95.776;97.701;87.974;103.688;
1900-01-01 01:06:30;1163.0;1745679990;95.748;97.701;87.974;103.734;
1900-01-01 01:06:31;1164.0;1745679991;95.748;97.658;87.81;103.618;
1900-01-01 01:06:32;1165.0;1745679992;95.724;97.6;87.81;103.618;
1900-01-01 01:06:33;1166.0;1745679993;95.724;97.6;87.748;103.702;
1900-01-01 01:06:34;1167.0;1745679994;95.781;97.602;87.698;103.702;
1900-01-01 01:06:35;1168.0;1745679995;95.842;97.572;87.698;103.65;
1900-01-01 01:06:36;1169.0;1745679996;95.842;97.572;87.825;103.677;
1900-01-01 01:06:37;1170.0;1745679997;95.827;97.637;87.855;103.677;
1900-01-01 01:06:38;1171.0;1745679998;95.874;97.637;87.855;103.624;
1900-01-01 01:06:39;1172.0;1745679999;95.874;97.637;87.943;103.691;
1900-01-01 01:06:40;1173.0;1745680000;95.816;97.664;87.946;103.691;
1900-01-01 01:06:41;1174.0;1745680001;95.873;97.664;87.946;103.636;
1900-01-01 01:06:42;1175.0;1745680002;95.873;97.706;88.061;103.707;
1900-01-01 01:06:43;1176.0;1745680003;95.913;97.7;88.107;103.707;
1900-01-01 01:06:44;1177.0;1745680004;95.878;97.7;88.107;103.667;
1900-01-01 01:06:45;1178.0;1745680005;95.878;97.691;88.134;103.586;
1900-01-01 01:06:46;1179.0;1745680006;95.923;97.606;88.134;103.586;
1900-01-01 01:06:47;1180.0;1745680007;95.847;97.606;88.099;103.638;
1900-01-01 01:06:48;1181.0;1745680008;95.847;97.694;87.999;103.715;
1900-01-01 01:06:49;1182.0;1745680009;95.902;97.638;87.999;103.715;
1900-01-01 01:06:50;1183.0;1745680010;95.841;97.638;87.878;103.638;
1900-01-01 01:06:51;1184.0;1745680011;95.841;97.555;87.924;103.704;
1900-01-01 01:06:52;1185.0;1745680012;95.891;97.577;87.924;103.704;
1900-01-01 01:06:53;1186.0;1745680013;95.891;97.577;88.019;103.699;
1900-01-01 01:06:54;1187.0;1745680014;95.784;97.472;88.057;103.576;
1900-01-01 01:06:56;1188.0;1745680016;95.836;97.552;88.057;103.576;
1900-01-01 01:06:56;1189.0;1745680016;95.836;97.552;88.08;103.68;
1900-01-01 01:06:57;1190.0;1745680017;95.731;97.587;88.178;103.68;
1900-01-01 01:06:59;1191.0;1745680019;95.681;97.574;88.178;103.652;
1900-01-01 01:06:59;1192.0;1745680019;95.681;97.574;88.377;103.651;
1900-01-01 01:07:00;1193.0;1745680020;95.742;97.596;88.372;103.651;
1900-01-01 01:07:01;1194.0;1745680021;95.735;97.576;88.372;103.705;
1900-01-01 01:07:02;1195.0;1745680022;95.735;97.576;88.26;103.668;
1900-01-01 01:07:03;1196.0;1745680023;95.716;97.614;88.11;103.668;
1900-01-01 01:07:04;1197.0;1745680024;95.703;97.609;88.11;103.587;
1900-01-01 01:07:05;1198.0;1745680025;95.703;97.609;88.04;103.655;
1900-01-01 01:07:06;1199.0;1745680026;95.704;97.605;87.933;103.655;
1900-01-01 01:07:07;1200.0;1745680027;95.716;97.605;87.933;103.704;
