Time;Seconds from start for linreg;Unix Time;ch1 po2;ch2 po2;ch3 po2;ch4 po2;
1900-01-01 08:42:09;1.0;1745707329;100.266;101.912;96.985;102.697;
1900-01-01 08:42:10;2.0;1745707330;100.322;101.912;96.999;102.786;
1900-01-01 08:42:11;3.0;1745707331;100.322;102.083;97.003;102.733;
1900-01-01 08:42:12;4.0;1745707332;100.331;101.958;97.003;102.733;
1900-01-01 08:42:13;5.0;1745707333;100.367;101.958;97.014;102.628;
1900-01-01 08:42:14;6.0;1745707334;100.367;102.092;97.054;102.686;
1900-01-01 08:42:15;7.0;1745707335;100.392;102.041;97.054;102.686;
1900-01-01 08:42:16;8.0;1745707336;100.392;102.041;97.002;102.714;
1900-01-01 08:42:17;9.0;1745707337;100.466;102.077;97.046;102.774;
1900-01-01 08:42:18;10.0;1745707338;100.43;102.101;97.046;102.774;
1900-01-01 08:42:19;11.0;1745707339;100.43;102.101;96.99;102.745;
1900-01-01 08:42:20;12.0;1745707340;100.492;102.029;96.938;102.745;
1900-01-01 08:42:21;13.0;1745707341;100.455;102.038;96.938;102.782;
1900-01-01 08:42:22;14.0;1745707342;100.515;102.038;96.964;102.671;
1900-01-01 08:42:23;15.0;1745707343;100.515;102.113;97.033;102.809;
1900-01-01 08:42:24;16.0;1745707344;100.519;102.069;97.033;102.809;
1900-01-01 08:42:25;17.0;1745707345;100.519;102.069;97.109;102.735;
1900-01-01 08:42:26;18.0;1745707346;100.442;102.165;97.124;102.735;
1900-01-01 08:42:27;19.0;1745707347;100.449;102.156;97.124;102.652;
1900-01-01 08:42:28;20.0;1745707348;100.449;102.156;97.134;102.726;
1900-01-01 08:42:29;21.0;1745707349;100.511;102.133;96.985;102.726;
1900-01-01 08:42:30;22.0;1745707350;100.576;102.133;96.985;102.699;
1900-01-01 08:42:31;23.0;1745707351;100.576;102.22;96.924;102.755;
1900-01-01 08:42:32;24.0;1745707352;100.552;102.117;96.944;102.755;
1900-01-01 08:42:33;25.0;1745707353;100.55;102.117;96.944;102.749;
1900-01-01 08:42:34;26.0;1745707354;100.55;102.26;97.035;102.699;
1900-01-01 08:42:35;27.0;1745707355;100.474;102.172;97.072;102.699;
1900-01-01 08:42:36;28.0;1745707356;100.546;102.172;97.072;102.8;
1900-01-01 08:42:37;29.0;1745707357;100.546;102.181;97.07;102.764;
1900-01-01 08:42:38;30.0;1745707358;100.604;102.192;97.132;102.764;
1900-01-01 08:42:39;31.0;1745707359;100.572;102.192;97.132;102.799;
1900-01-01 08:42:40;32.0;1745707360;100.572;102.156;97.105;102.682;
1900-01-01 08:42:41;33.0;1745707361;100.561;102.074;97.105;102.682;
1900-01-01 08:42:42;34.0;1745707362;100.561;102.074;96.994;102.731;
1900-01-01 08:42:43;35.0;1745707363;100.551;102.156;96.941;102.707;
1900-01-01 08:42:44;36.0;1745707364;100.595;102.111;96.941;102.707;
1900-01-01 08:42:45;37.0;1745707365;100.595;102.111;96.901;102.708;
1900-01-01 08:42:47;38.0;1745707367;100.568;101.975;96.933;102.736;
1900-01-01 08:42:47;39.0;1745707367;100.586;101.975;96.933;102.736;
1900-01-01 08:42:48;40.0;1745707368;100.586;102.055;96.813;102.68;
1900-01-01 08:42:49;41.0;1745707369;100.63;102.121;96.885;102.68;
1900-01-01 08:42:50;42.0;1745707370;100.584;102.121;96.885;102.75;
1900-01-01 08:42:51;43.0;1745707371;100.584;101.943;96.943;102.682;
1900-01-01 08:42:52;44.0;1745707372;100.638;101.951;96.92;102.682;
1900-01-01 08:42:53;45.0;1745707373;100.599;101.951;96.92;102.802;
1900-01-01 08:42:54;46.0;1745707374;100.599;102.061;96.943;102.804;
1900-01-01 08:42:55;47.0;1745707375;100.555;102.034;96.943;102.804;
1900-01-01 08:42:56;48.0;1745707376;100.59;102.034;96.843;102.715;
1900-01-01 08:42:57;49.0;1745707377;100.59;101.944;96.854;102.687;
1900-01-01 08:42:58;50.0;1745707378;100.529;102.016;96.854;102.687;
1900-01-01 08:42:59;51.0;1745707379;100.529;102.016;96.882;102.58;
1900-01-01 08:43:00;52.0;1745707380;100.597;102.004;96.925;102.8;
1900-01-01 08:43:01;53.0;1745707381;100.49;102.058;96.925;102.8;
1900-01-01 08:43:02;54.0;1745707382;100.586;102.058;96.936;102.705;
1900-01-01 08:43:03;55.0;1745707383;100.586;102.002;96.901;102.705;
1900-01-01 08:43:04;56.0;1745707384;100.65;102.061;96.901;102.766;
1900-01-01 08:43:05;57.0;1745707385;100.558;102.061;96.913;102.694;
1900-01-01 08:43:06;58.0;1745707386;100.558;102.075;96.949;102.758;
1900-01-01 08:43:07;59.0;1745707387;100.552;102.087;96.949;102.758;
1900-01-01 08:43:08;60.0;1745707388;100.552;102.087;96.955;102.727;
1900-01-01 08:43:09;61.0;1745707389;100.443;102.051;97.068;102.727;
1900-01-01 08:43:10;62.0;1745707390;100.499;102.051;97.068;102.793;
1900-01-01 08:43:11;63.0;1745707391;100.499;102.151;96.992;102.725;
1900-01-01 08:43:12;64.0;1745707392;100.365;102.108;96.964;102.725;
1900-01-01 08:43:13;65.0;1745707393;100.526;102.108;96.964;102.694;
1900-01-01 08:43:14;66.0;1745707394;100.526;102.134;97.047;102.761;
1900-01-01 08:43:15;67.0;1745707395;100.536;102.204;97.047;102.761;
1900-01-01 08:43:16;68.0;1745707396;100.521;102.204;96.944;102.726;
1900-01-01 08:43:17;69.0;1745707397;100.521;102.29;96.942;102.759;
1900-01-01 08:43:19;70.0;1745707399;100.487;102.281;96.815;102.759;
1900-01-01 08:43:19;71.0;1745707399;100.487;102.281;96.815;102.659;
1900-01-01 08:43:20;72.0;1745707400;100.539;102.167;96.764;102.659;
1900-01-01 08:43:21;73.0;1745707401;100.499;102.268;96.764;102.657;
1900-01-01 08:43:22;74.0;1745707402;100.492;102.268;96.729;102.63;
1900-01-01 08:43:23;75.0;1745707403;100.492;102.134;96.676;102.63;
1900-01-01 08:43:24;76.0;1745707404;100.546;102.225;96.676;102.733;
1900-01-01 08:43:26;77.0;1745707406;100.438;102.225;96.844;102.674;
1900-01-01 08:43:26;78.0;1745707406;100.438;102.18;96.882;102.674;
1900-01-01 08:43:27;79.0;1745707407;100.516;102.171;96.882;102.732;
1900-01-01 08:43:28;80.0;1745707408;100.516;102.171;96.901;102.652;
1900-01-01 08:43:29;81.0;1745707409;100.399;102.174;96.891;102.652;
1900-01-01 08:43:30;82.0;1745707410;100.469;102.174;96.891;102.706;
1900-01-01 08:43:31;83.0;1745707411;100.469;102.142;96.93;102.737;
1900-01-01 08:43:32;84.0;1745707412;100.468;102.19;96.898;102.737;
1900-01-01 08:43:33;85.0;1745707413;100.434;102.19;96.898;102.688;
1900-01-01 08:43:34;86.0;1745707414;100.434;102.198;96.799;102.72;
1900-01-01 08:43:35;87.0;1745707415;100.512;102.238;96.818;102.72;
1900-01-01 08:43:36;88.0;1745707416;100.537;102.238;96.818;102.682;
1900-01-01 08:43:37;89.0;1745707417;100.537;102.231;96.89;102.677;
1900-01-01 08:43:38;90.0;1745707418;100.51;102.176;96.816;102.677;
1900-01-01 08:43:39;91.0;1745707419;100.51;102.176;96.816;102.714;
1900-01-01 08:43:40;92.0;1745707420;100.537;102.141;96.748;102.671;
1900-01-01 08:43:41;93.0;1745707421;100.516;102.193;96.748;102.671;
1900-01-01 08:43:43;94.0;1745707423;100.422;102.193;96.751;102.685;
1900-01-01 08:43:43;95.0;1745707423;100.422;102.103;96.792;102.685;
1900-01-01 08:43:44;96.0;1745707424;100.469;102.248;96.792;102.796;
1900-01-01 08:43:46;97.0;1745707426;100.618;102.248;96.707;102.734;
1900-01-01 08:43:46;98.0;1745707426;100.618;102.207;96.766;102.734;
1900-01-01 08:43:47;99.0;1745707427;100.552;102.12;96.766;102.654;
1900-01-01 08:43:49;100.0;1745707429;100.513;102.12;96.75;102.644;
1900-01-01 08:43:49;101.0;1745707429;100.513;102.225;96.783;102.644;
1900-01-01 08:43:50;102.0;1745707430;100.61;102.27;96.783;102.699;
1900-01-01 08:43:51;103.0;1745707431;100.61;102.27;96.75;102.774;
1900-01-01 08:43:52;104.0;1745707432;100.45;102.138;96.799;102.774;
1900-01-01 08:43:53;105.0;1745707433;100.507;102.268;96.799;102.633;
1900-01-01 08:43:54;106.0;1745707434;100.507;102.268;96.649;102.715;
1900-01-01 08:43:55;107.0;1745707435;100.517;102.293;96.581;102.715;
1900-01-01 08:43:56;108.0;1745707436;100.497;102.293;96.581;102.686;
1900-01-01 08:43:57;109.0;1745707437;100.497;102.203;96.496;102.692;
1900-01-01 08:43:58;110.0;1745707438;100.552;102.231;96.496;102.692;
1900-01-01 08:43:59;111.0;1745707439;100.549;102.231;96.408;102.812;
1900-01-01 08:44:00;112.0;1745707440;100.549;102.244;96.501;102.627;
1900-01-01 08:44:01;113.0;1745707441;100.603;102.207;96.501;102.627;
1900-01-01 08:44:02;114.0;1745707442;100.603;102.207;96.664;102.689;
1900-01-01 08:44:03;115.0;1745707443;100.57;102.152;96.677;102.755;
1900-01-01 08:44:04;116.0;1745707444;100.445;102.289;96.677;102.755;
1900-01-01 08:44:05;117.0;1745707445;100.445;102.289;96.645;102.692;
1900-01-01 08:44:06;118.0;1745707446;100.571;102.218;96.625;102.692;
1900-01-01 08:44:07;119.0;1745707447;100.527;102.115;96.625;102.68;
1900-01-01 08:44:08;120.0;1745707448;100.527;102.115;96.535;102.768;
1900-01-01 08:44:09;121.0;1745707449;100.53;102.264;96.659;102.768;
1900-01-01 08:44:10;122.0;1745707450;100.438;102.176;96.659;102.691;
1900-01-01 08:44:11;123.0;1745707451;100.438;102.176;96.788;102.722;
1900-01-01 08:44:12;124.0;1745707452;100.426;102.212;96.823;102.736;
1900-01-01 08:44:13;125.0;1745707453;100.389;102.212;96.823;102.736;
1900-01-01 08:44:14;126.0;1745707454;100.389;102.197;96.796;102.778;
1900-01-01 08:44:15;127.0;1745707455;100.412;102.241;96.731;102.778;
1900-01-01 08:44:16;128.0;1745707456;100.285;102.155;96.731;102.743;
1900-01-01 08:44:17;129.0;1745707457;100.285;102.155;96.717;102.722;
1900-01-01 08:44:18;130.0;1745707458;100.308;102.149;96.76;102.722;
1900-01-01 08:44:19;131.0;1745707459;100.356;102.149;96.76;102.702;
1900-01-01 08:44:20;132.0;1745707460;100.356;102.296;96.757;102.797;
1900-01-01 08:44:21;133.0;1745707461;100.357;102.26;96.778;102.797;
1900-01-01 08:44:22;134.0;1745707462;100.376;102.204;96.778;102.738;
1900-01-01 08:44:23;135.0;1745707463;100.376;102.204;96.752;102.757;
1900-01-01 08:44:24;136.0;1745707464;100.332;102.181;96.686;102.757;
1900-01-01 08:44:25;137.0;1745707465;100.355;102.133;96.686;102.656;
1900-01-01 08:44:26;138.0;1745707466;100.355;102.133;96.695;102.694;
1900-01-01 08:44:27;139.0;1745707467;100.349;102.132;96.702;102.694;
1900-01-01 08:44:29;140.0;1745707469;100.469;102.132;96.702;102.649;
1900-01-01 08:44:29;141.0;1745707469;100.469;102.132;96.686;102.741;
1900-01-01 08:44:30;142.0;1745707470;100.38;102.051;96.645;102.741;
1900-01-01 08:44:31;143.0;1745707471;100.374;102.162;96.645;102.737;
1900-01-01 08:44:32;144.0;1745707472;100.374;102.162;96.656;102.756;
1900-01-01 08:44:33;145.0;1745707473;100.372;102.074;96.618;102.756;
1900-01-01 08:44:34;146.0;1745707474;100.477;102.074;96.618;102.749;
1900-01-01 08:44:35;147.0;1745707475;100.477;102.108;96.566;102.656;
1900-01-01 08:44:36;148.0;1745707476;100.408;102.09;96.566;102.656;
1900-01-01 08:44:37;149.0;1745707477;100.282;102.09;96.601;102.716;
1900-01-01 08:44:38;150.0;1745707478;100.282;102.032;96.56;102.585;
1900-01-01 08:44:40;151.0;1745707480;100.452;102.043;96.476;102.585;
1900-01-01 08:44:40;152.0;1745707480;100.452;102.043;96.476;102.639;
1900-01-01 08:44:41;153.0;1745707481;100.442;102.094;96.467;102.674;
1900-01-01 08:44:42;154.0;1745707482;100.466;102.103;96.467;102.674;
1900-01-01 08:44:43;155.0;1745707483;100.466;102.103;96.408;102.729;
1900-01-01 08:44:44;156.0;1745707484;100.401;102.106;96.363;102.772;
1900-01-01 08:44:45;157.0;1745707485;100.496;102.115;96.363;102.772;
1900-01-01 08:44:46;158.0;1745707486;100.496;102.115;96.405;102.73;
1900-01-01 08:44:47;159.0;1745707487;100.445;102.141;96.43;102.73;
1900-01-01 08:44:48;160.0;1745707488;100.466;102.113;96.43;102.656;
1900-01-01 08:44:49;161.0;1745707489;100.466;102.113;96.453;102.734;
1900-01-01 08:44:50;162.0;1745707490;100.464;102.107;96.466;102.734;
1900-01-01 08:44:52;163.0;1745707492;100.418;102.117;96.466;102.693;
1900-01-01 08:44:52;164.0;1745707492;100.418;102.117;96.527;102.743;
1900-01-01 08:44:53;165.0;1745707493;100.492;102.099;96.481;102.743;
1900-01-01 08:44:54;166.0;1745707494;100.44;102.099;96.481;102.784;
1900-01-01 08:44:55;167.0;1745707495;100.44;102.08;96.51;102.746;
1900-01-01 08:44:56;168.0;1745707496;100.509;102.246;96.51;102.746;
1900-01-01 08:44:57;169.0;1745707497;100.472;102.246;96.573;102.713;
1900-01-01 08:44:58;170.0;1745707498;100.472;102.154;96.579;102.765;
1900-01-01 08:44:59;171.0;1745707499;100.485;102.193;96.579;102.765;
1900-01-01 08:45:00;172.0;1745707500;100.485;102.193;96.527;102.724;
1900-01-01 08:45:01;173.0;1745707501;100.493;102.091;96.611;102.659;
1900-01-01 08:45:02;174.0;1745707502;100.53;102.184;96.611;102.659;
1900-01-01 08:45:03;175.0;1745707503;100.53;102.184;96.559;102.661;
1900-01-01 08:45:04;176.0;1745707504;100.486;102.166;96.6;102.661;
1900-01-01 08:45:06;177.0;1745707506;100.594;102.191;96.6;102.754;
1900-01-01 08:45:06;178.0;1745707506;100.594;102.191;96.625;102.708;
1900-01-01 08:45:07;179.0;1745707507;100.532;102.202;96.603;102.708;
1900-01-01 08:45:08;180.0;1745707508;100.537;102.127;96.603;102.768;
1900-01-01 08:45:09;181.0;1745707509;100.537;102.127;96.468;102.674;
1900-01-01 08:45:10;182.0;1745707510;100.539;102.15;96.486;102.674;
1900-01-01 08:45:11;183.0;1745707511;100.605;102.15;96.486;102.613;
1900-01-01 08:45:12;184.0;1745707512;100.605;102.051;96.396;102.652;
1900-01-01 08:45:13;185.0;1745707513;100.521;102.066;96.496;102.652;
1900-01-01 08:45:14;186.0;1745707514;100.492;102.066;96.496;102.677;
1900-01-01 08:45:15;187.0;1745707515;100.492;102.12;96.455;102.792;
1900-01-01 08:45:17;188.0;1745707517;100.457;102.062;96.407;102.792;
1900-01-01 08:45:17;189.0;1745707517;100.402;102.062;96.407;102.704;
1900-01-01 08:45:18;190.0;1745707518;100.402;102.019;96.362;102.781;
1900-01-01 08:45:19;191.0;1745707519;100.451;102.107;96.305;102.781;
1900-01-01 08:45:20;192.0;1745707520;100.451;102.107;96.305;102.641;
1900-01-01 08:45:21;193.0;1745707521;100.436;102.087;96.376;102.708;
1900-01-01 08:45:22;194.0;1745707522;100.416;102.076;96.376;102.708;
1900-01-01 08:45:23;195.0;1745707523;100.416;102.076;96.391;102.679;
1900-01-01 08:45:24;196.0;1745707524;100.378;102.102;96.345;102.679;
1900-01-01 08:45:26;197.0;1745707526;100.362;102.062;96.345;102.579;
1900-01-01 08:45:26;198.0;1745707526;100.362;102.062;96.407;102.637;
1900-01-01 08:45:27;199.0;1745707527;100.285;102.111;96.435;102.637;
1900-01-01 08:45:28;200.0;1745707528;100.351;102.111;96.435;102.656;
1900-01-01 08:45:29;201.0;1745707529;100.351;102.162;96.416;102.619;
1900-01-01 08:45:30;202.0;1745707530;100.344;102.242;96.45;102.619;
1900-01-01 08:45:32;203.0;1745707532;100.414;102.126;96.45;102.663;
1900-01-01 08:45:32;204.0;1745707532;100.414;102.126;96.406;102.67;
1900-01-01 08:45:33;205.0;1745707533;100.27;102.166;96.426;102.67;
1900-01-01 08:45:34;206.0;1745707534;100.345;102.166;96.426;102.643;
1900-01-01 08:45:35;207.0;1745707535;100.345;102.167;96.405;102.673;
1900-01-01 08:45:37;208.0;1745707537;100.289;102.137;96.416;102.673;
1900-01-01 08:45:37;209.0;1745707537;100.289;102.137;96.416;102.709;
1900-01-01 08:45:38;210.0;1745707538;100.417;102.219;96.321;102.709;
1900-01-01 08:45:39;211.0;1745707539;100.393;102.074;96.321;102.724;
1900-01-01 08:45:40;212.0;1745707540;100.353;102.074;96.168;102.691;
1900-01-01 08:45:41;213.0;1745707541;100.353;102.165;96.139;102.691;
1900-01-01 08:45:42;214.0;1745707542;100.339;102.165;96.139;102.698;
1900-01-01 08:45:43;215.0;1745707543;100.389;102.165;96.224;102.738;
1900-01-01 08:45:44;216.0;1745707544;100.389;102.137;96.263;102.729;
1900-01-01 08:45:45;217.0;1745707545;100.35;102.138;96.263;102.729;
1900-01-01 08:45:46;218.0;1745707546;100.35;102.138;96.295;102.654;
1900-01-01 08:45:47;219.0;1745707547;100.22;102.101;96.211;102.654;
1900-01-01 08:45:49;220.0;1745707549;100.207;102.199;96.211;102.65;
1900-01-01 08:45:49;221.0;1745707549;100.207;102.199;96.177;102.701;
1900-01-01 08:45:50;222.0;1745707550;100.218;102.201;96.238;102.701;
1900-01-01 08:45:51;223.0;1745707551;100.25;102.201;96.238;102.628;
1900-01-01 08:45:52;224.0;1745707552;100.25;102.085;96.214;102.621;
1900-01-01 08:45:53;225.0;1745707553;100.2;102.084;96.228;102.621;
1900-01-01 08:45:54;226.0;1745707554;100.185;102.084;96.228;102.732;
1900-01-01 08:45:55;227.0;1745707555;100.185;102.14;96.202;102.613;
1900-01-01 08:45:56;228.0;1745707556;100.178;102.139;96.202;102.613;
1900-01-01 08:45:57;229.0;1745707557;100.225;102.139;96.159;102.727;
1900-01-01 08:45:58;230.0;1745707558;100.225;102.216;96.189;102.748;
1900-01-01 08:45:59;231.0;1745707559;100.263;102.172;96.189;102.748;
1900-01-01 08:46:00;232.0;1745707560;100.216;102.172;96.287;102.697;
1900-01-01 08:46:01;233.0;1745707561;100.216;102.155;96.226;102.697;
1900-01-01 08:46:02;234.0;1745707562;100.224;102.071;96.226;102.709;
1900-01-01 08:46:04;235.0;1745707564;100.16;102.071;96.203;102.637;
1900-01-01 08:46:04;236.0;1745707564;100.16;102.145;96.24;102.637;
1900-01-01 08:46:05;237.0;1745707565;100.293;102.116;96.24;102.618;
1900-01-01 08:46:06;238.0;1745707566;100.293;102.116;96.204;102.759;
1900-01-01 08:46:07;239.0;1745707567;100.144;102.028;96.213;102.759;
1900-01-01 08:46:08;240.0;1745707568;100.072;102.028;96.213;102.76;
1900-01-01 08:46:09;241.0;1745707569;100.072;102.06;96.252;102.598;
1900-01-01 08:46:10;242.0;1745707570;100.008;102.064;96.165;102.598;
1900-01-01 08:46:12;243.0;1745707572;99.947;102.03;96.165;102.746;
1900-01-01 08:46:12;244.0;1745707572;99.947;102.03;96.134;102.731;
1900-01-01 08:46:13;245.0;1745707573;99.896;101.975;96.166;102.731;
1900-01-01 08:46:14;246.0;1745707574;99.894;101.975;96.166;102.738;
1900-01-01 08:46:15;247.0;1745707575;99.894;102.018;96.211;102.619;
1900-01-01 08:46:16;248.0;1745707576;99.814;102.01;96.208;102.619;
1900-01-01 08:46:17;249.0;1745707577;99.774;102.01;96.208;102.619;
1900-01-01 08:46:18;250.0;1745707578;99.774;101.985;96.28;102.654;
1900-01-01 08:46:19;251.0;1745707579;99.838;102.067;96.28;102.654;
1900-01-01 08:46:20;252.0;1745707580;99.866;102.067;96.314;102.668;
1900-01-01 08:46:21;253.0;1745707581;99.866;102.082;96.315;102.668;
1900-01-01 08:46:22;254.0;1745707582;99.918;102.023;96.315;102.63;
1900-01-01 08:46:23;255.0;1745707583;99.926;102.023;96.274;102.732;
1900-01-01 08:46:25;256.0;1745707585;99.926;102.046;96.344;102.726;
1900-01-01 08:46:25;257.0;1745707585;99.882;102.044;96.344;102.726;
1900-01-01 08:46:26;258.0;1745707586;99.911;102.044;96.267;102.672;
1900-01-01 08:46:27;259.0;1745707587;99.911;101.996;96.259;102.672;
1900-01-01 08:46:28;260.0;1745707588;99.955;102.039;96.259;102.595;
1900-01-01 08:46:29;261.0;1745707589;99.955;102.039;96.2;102.71;
1900-01-01 08:46:30;262.0;1745707590;99.998;102.018;96.082;102.71;
1900-01-01 08:46:31;263.0;1745707591;100.016;102.04;96.082;102.712;
1900-01-01 08:46:32;264.0;1745707592;100.016;102.04;96.04;102.687;
1900-01-01 08:46:33;265.0;1745707593;100.038;102.024;96.078;102.687;
1900-01-01 08:46:34;266.0;1745707594;100.106;102.024;96.078;102.734;
1900-01-01 08:46:35;267.0;1745707595;100.106;102.093;96.092;102.724;
1900-01-01 08:46:36;268.0;1745707596;100.074;102.016;96.092;102.724;
1900-01-01 08:46:37;269.0;1745707597;100.032;102.016;96.083;102.72;
1900-01-01 08:46:38;270.0;1745707598;100.032;102.083;96.106;102.717;
1900-01-01 08:46:39;271.0;1745707599;100.135;102.146;96.106;102.717;
1900-01-01 08:46:40;272.0;1745707600;100.02;102.146;96.055;102.704;
1900-01-01 08:46:41;273.0;1745707601;100.02;102.069;96.013;102.732;
1900-01-01 08:46:42;274.0;1745707602;100.17;102.06;96.013;102.732;
1900-01-01 08:46:43;275.0;1745707603;100.17;102.06;95.922;102.659;
1900-01-01 08:46:44;276.0;1745707604;100.039;102.019;95.881;102.653;
1900-01-01 08:46:46;277.0;1745707606;100.049;102.086;95.881;102.653;
1900-01-01 08:46:46;278.0;1745707606;100.049;102.086;95.893;102.702;
1900-01-01 08:46:47;279.0;1745707607;100.112;102.096;95.873;102.702;
1900-01-01 08:46:48;280.0;1745707608;100.141;102.096;95.873;102.688;
1900-01-01 08:46:49;281.0;1745707609;100.141;102.1;95.904;102.628;
1900-01-01 08:46:50;282.0;1745707610;100.033;102.13;96.014;102.628;
1900-01-01 08:46:51;283.0;1745707611;100.001;102.13;96.014;102.624;
1900-01-01 08:46:52;284.0;1745707612;100.001;102.053;96.158;102.651;
1900-01-01 08:46:53;285.0;1745707613;100.006;102.088;96.01;102.651;
1900-01-01 08:46:54;286.0;1745707614;100.015;102.052;96.01;102.654;
1900-01-01 08:46:55;287.0;1745707615;100.015;102.052;96.067;102.726;
1900-01-01 08:46:56;288.0;1745707616;100.033;102.004;96.113;102.726;
1900-01-01 08:46:57;289.0;1745707617;99.996;102.004;96.113;102.604;
1900-01-01 08:46:58;290.0;1745707618;99.996;102.001;96.101;102.599;
1900-01-01 08:46:59;291.0;1745707619;100.147;102.067;96.101;102.599;
1900-01-01 08:47:00;292.0;1745707620;100.162;102.067;96.092;102.673;
1900-01-01 08:47:01;293.0;1745707621;100.162;102.019;96.022;102.685;
1900-01-01 08:47:02;294.0;1745707622;100.155;102.085;96.022;102.685;
1900-01-01 08:47:03;295.0;1745707623;100.176;102.085;95.988;102.615;
1900-01-01 08:47:04;296.0;1745707624;100.176;102.017;95.898;102.615;
1900-01-01 08:47:05;297.0;1745707625;100.19;101.971;95.898;102.65;
1900-01-01 08:47:06;298.0;1745707626;100.146;101.971;95.96;102.569;
1900-01-01 08:47:07;299.0;1745707627;100.146;102.014;95.959;102.569;
1900-01-01 08:47:08;300.0;1745707628;100.131;102.074;95.959;102.545;
1900-01-01 08:47:09;301.0;1745707629;100.131;102.074;95.909;102.552;
1900-01-01 08:47:10;302.0;1745707630;100.088;102.108;95.882;102.552;
1900-01-01 08:47:11;303.0;1745707631;100.09;102.108;95.882;102.552;
1900-01-01 08:47:12;304.0;1745707632;100.09;102.101;95.877;102.642;
1900-01-01 08:47:13;305.0;1745707633;100.017;102.049;95.823;102.642;
1900-01-01 08:47:14;306.0;1745707634;100.054;102.049;95.823;102.61;
1900-01-01 08:47:15;307.0;1745707635;100.054;102.153;95.822;102.639;
1900-01-01 08:47:16;308.0;1745707636;100.021;102.085;95.822;102.639;
1900-01-01 08:47:17;309.0;1745707637;100.074;102.085;95.732;102.576;
1900-01-01 08:47:18;310.0;1745707638;100.074;102.114;95.79;102.582;
1900-01-01 08:47:19;311.0;1745707639;100.029;102.051;95.79;102.582;
1900-01-01 08:47:20;312.0;1745707640;100.007;102.051;95.794;102.647;
1900-01-01 08:47:21;313.0;1745707641;100.007;102.062;95.817;102.639;
1900-01-01 08:47:22;314.0;1745707642;100.109;102.11;95.817;102.639;
1900-01-01 08:47:23;315.0;1745707643;100.114;102.11;95.935;102.671;
1900-01-01 08:47:24;316.0;1745707644;100.114;102.1;95.865;102.671;
1900-01-01 08:47:25;317.0;1745707645;100.085;102.148;95.865;102.725;
1900-01-01 08:47:26;318.0;1745707646;100.085;102.148;95.827;102.616;
1900-01-01 08:47:27;319.0;1745707647;100.006;102.028;95.961;102.682;
1900-01-01 08:47:28;320.0;1745707648;100.01;102.028;95.961;102.682;
1900-01-01 08:47:29;321.0;1745707649;100.01;102.115;95.938;102.664;
1900-01-01 08:47:30;322.0;1745707650;99.97;102.13;95.838;102.664;
1900-01-01 08:47:31;323.0;1745707651;99.963;102.13;95.838;102.682;
1900-01-01 08:47:32;324.0;1745707652;99.963;102.118;95.831;102.68;
1900-01-01 08:47:33;325.0;1745707653;99.88;102.139;95.918;102.68;
1900-01-01 08:47:34;326.0;1745707654;99.889;102.139;95.918;102.631;
1900-01-01 08:47:35;327.0;1745707655;99.889;102.096;95.959;102.684;
1900-01-01 08:47:36;328.0;1745707656;99.906;102.01;95.985;102.684;
1900-01-01 08:47:37;329.0;1745707657;99.88;102.01;95.985;102.626;
1900-01-01 08:47:38;330.0;1745707658;99.88;102.079;95.913;102.685;
1900-01-01 08:47:39;331.0;1745707659;100.002;101.993;95.913;102.685;
1900-01-01 08:47:40;332.0;1745707660;99.928;101.993;95.879;102.613;
1900-01-01 08:47:41;333.0;1745707661;99.928;102.092;95.822;102.682;
1900-01-01 08:47:42;334.0;1745707662;99.963;101.957;95.822;102.682;
1900-01-01 08:47:43;335.0;1745707663;99.963;101.957;95.83;102.671;
1900-01-01 08:47:44;336.0;1745707664;99.985;101.963;95.765;102.671;
1900-01-01 08:47:45;337.0;1745707665;99.969;101.901;95.765;102.565;
1900-01-01 08:47:46;338.0;1745707666;99.969;101.901;95.617;102.714;
1900-01-01 08:47:47;339.0;1745707667;100.03;102.083;95.662;102.714;
1900-01-01 08:47:48;340.0;1745707668;99.965;101.952;95.662;102.674;
1900-01-01 08:47:49;341.0;1745707669;99.965;101.952;95.771;102.616;
1900-01-01 08:47:50;342.0;1745707670;100.007;101.978;95.69;102.616;
1900-01-01 08:47:51;343.0;1745707671;99.985;101.883;95.69;102.562;
1900-01-01 08:47:52;344.0;1745707672;99.985;101.883;95.708;102.645;
1900-01-01 08:47:53;345.0;1745707673;99.967;102.059;95.685;102.645;
1900-01-01 08:47:54;346.0;1745707674;99.987;102.059;95.685;102.578;
1900-01-01 08:47:55;347.0;1745707675;99.987;102.084;95.775;102.576;
1900-01-01 08:47:56;348.0;1745707676;99.911;101.991;95.775;102.576;
1900-01-01 08:47:57;349.0;1745707677;99.997;101.991;95.803;102.525;
1900-01-01 08:47:58;350.0;1745707678;99.997;101.958;95.792;102.652;
1900-01-01 08:47:59;351.0;1745707679;99.939;101.908;95.792;102.652;
1900-01-01 08:48:00;352.0;1745707680;99.939;101.908;95.724;102.7;
1900-01-01 08:48:01;353.0;1745707681;99.974;101.916;95.749;102.7;
1900-01-01 08:48:02;354.0;1745707682;99.953;101.961;95.749;102.589;
1900-01-01 08:48:03;355.0;1745707683;99.953;101.961;95.68;102.646;
1900-01-01 08:48:04;356.0;1745707684;100.039;101.99;95.683;102.646;
1900-01-01 08:48:05;357.0;1745707685;99.947;102.025;95.683;102.591;
1900-01-01 08:48:06;358.0;1745707686;99.947;102.025;95.75;102.609;
1900-01-01 08:48:07;359.0;1745707687;99.987;102.017;95.63;102.609;
1900-01-01 08:48:09;360.0;1745707689;99.99;101.926;95.63;102.708;
1900-01-01 08:48:09;361.0;1745707689;99.99;101.926;95.697;102.674;
1900-01-01 08:48:10;362.0;1745707690;100.026;102.038;95.748;102.674;
1900-01-01 08:48:11;363.0;1745707691;99.974;102.038;95.748;102.674;
1900-01-01 08:48:12;364.0;1745707692;99.974;102.053;95.77;102.667;
1900-01-01 08:48:13;365.0;1745707693;99.926;101.989;95.646;102.667;
1900-01-01 08:48:15;366.0;1745707695;99.894;102.046;95.646;102.677;
1900-01-01 08:48:15;367.0;1745707695;99.894;102.046;95.611;102.726;
1900-01-01 08:48:16;368.0;1745707696;99.85;102.046;95.6;102.726;
1900-01-01 08:48:17;369.0;1745707697;99.895;102.046;95.6;102.691;
1900-01-01 08:48:18;370.0;1745707698;99.895;102.021;95.53;102.608;
1900-01-01 08:48:19;371.0;1745707699;99.868;102.042;95.53;102.608;
1900-01-01 08:48:20;372.0;1745707700;99.825;102.042;95.627;102.652;
1900-01-01 08:48:21;373.0;1745707701;99.825;102.066;95.692;102.652;
1900-01-01 08:48:22;374.0;1745707702;99.84;102.129;95.692;102.647;
1900-01-01 08:48:23;375.0;1745707703;99.926;102.129;95.715;102.677;
1900-01-01 08:48:24;376.0;1745707704;99.926;102.021;95.621;102.677;
1900-01-01 08:48:25;377.0;1745707705;99.885;101.999;95.621;102.676;
1900-01-01 08:48:26;378.0;1745707706;99.885;101.999;95.64;102.655;
1900-01-01 08:48:27;379.0;1745707707;99.793;101.967;95.622;102.655;
1900-01-01 08:48:28;380.0;1745707708;99.782;101.967;95.622;102.629;
1900-01-01 08:48:29;381.0;1745707709;99.782;101.933;95.586;102.737;
1900-01-01 08:48:30;382.0;1745707710;99.809;101.929;95.627;102.737;
1900-01-01 08:48:31;383.0;1745707711;99.855;101.929;95.627;102.614;
1900-01-01 08:48:32;384.0;1745707712;99.855;101.971;95.635;102.668;
1900-01-01 08:48:33;385.0;1745707713;99.891;101.994;95.635;102.668;
1900-01-01 08:48:34;386.0;1745707714;99.841;101.994;95.651;102.709;
1900-01-01 08:48:35;387.0;1745707715;99.841;101.9;95.652;102.677;
1900-01-01 08:48:36;388.0;1745707716;99.94;101.88;95.652;102.677;
1900-01-01 08:48:37;389.0;1745707717;99.818;101.88;95.62;102.661;
1900-01-01 08:48:38;390.0;1745707718;99.818;101.957;95.658;102.661;
1900-01-01 08:48:39;391.0;1745707719;99.861;101.911;95.658;102.652;
1900-01-01 08:48:40;392.0;1745707720;99.9;101.911;95.671;102.722;
1900-01-01 08:48:41;393.0;1745707721;99.9;101.949;95.724;102.633;
1900-01-01 08:48:42;394.0;1745707722;99.906;101.937;95.724;102.633;
1900-01-01 08:48:43;395.0;1745707723;99.821;101.937;95.566;102.67;
1900-01-01 08:48:44;396.0;1745707724;99.821;102.015;95.551;102.704;
1900-01-01 08:48:45;397.0;1745707725;99.863;101.985;95.551;102.704;
1900-01-01 08:48:46;398.0;1745707726;99.863;101.985;95.434;102.682;
1900-01-01 08:48:47;399.0;1745707727;99.874;101.983;95.405;102.676;
1900-01-01 08:48:48;400.0;1745707728;99.849;102.052;95.405;102.676;
1900-01-01 08:48:49;401.0;1745707729;99.849;102.052;95.387;102.621;
1900-01-01 08:48:50;402.0;1745707730;99.887;102.035;95.469;102.621;
1900-01-01 08:48:51;403.0;1745707731;99.839;102.044;95.469;102.638;
1900-01-01 08:48:52;404.0;1745707732;99.839;102.044;95.427;102.625;
1900-01-01 08:48:53;405.0;1745707733;99.878;102.018;95.447;102.625;
1900-01-01 08:48:54;406.0;1745707734;99.776;102.041;95.447;102.762;
1900-01-01 08:48:55;407.0;1745707735;99.776;102.041;95.404;102.615;
1900-01-01 08:48:56;408.0;1745707736;99.792;102.018;95.457;102.615;
1900-01-01 08:48:57;409.0;1745707737;99.773;101.98;95.457;102.597;
1900-01-01 08:48:58;410.0;1745707738;99.773;101.98;95.51;102.682;
1900-01-01 08:48:59;411.0;1745707739;99.807;101.925;95.523;102.682;
1900-01-01 08:49:00;412.0;1745707740;99.723;101.925;95.523;102.631;
1900-01-01 08:49:01;413.0;1745707741;99.723;101.867;95.543;102.722;
1900-01-01 08:49:02;414.0;1745707742;99.755;101.866;95.543;102.722;
1900-01-01 08:49:03;415.0;1745707743;99.681;101.866;95.487;102.749;
1900-01-01 08:49:04;416.0;1745707744;99.681;101.937;95.433;102.637;
1900-01-01 08:49:05;417.0;1745707745;99.777;101.893;95.433;102.637;
1900-01-01 08:49:06;418.0;1745707746;99.768;101.893;95.413;102.64;
1900-01-01 08:49:07;419.0;1745707747;99.768;101.987;95.368;102.64;
1900-01-01 08:49:08;420.0;1745707748;99.717;101.885;95.368;102.62;
1900-01-01 08:49:09;421.0;1745707749;99.739;101.885;95.347;102.618;
1900-01-01 08:49:10;422.0;1745707750;99.739;101.947;95.357;102.681;
1900-01-01 08:49:11;423.0;1745707751;99.728;101.919;95.357;102.681;
1900-01-01 08:49:12;424.0;1745707752;99.728;101.919;95.415;102.602;
1900-01-01 08:49:13;425.0;1745707753;99.698;101.913;95.402;102.602;
1900-01-01 08:49:14;426.0;1745707754;99.717;101.947;95.402;102.604;
1900-01-01 08:49:15;427.0;1745707755;99.707;101.947;95.569;102.615;
1900-01-01 08:49:16;428.0;1745707756;99.707;101.956;95.539;102.665;
1900-01-01 08:49:17;429.0;1745707757;99.686;101.883;95.539;102.665;
1900-01-01 08:49:18;430.0;1745707758;99.686;101.883;95.665;102.549;
1900-01-01 08:49:19;431.0;1745707759;99.793;101.851;95.615;102.691;
1900-01-01 08:49:20;432.0;1745707760;99.638;101.873;95.615;102.691;
1900-01-01 08:49:21;433.0;1745707761;99.614;101.873;95.552;102.601;
1900-01-01 08:49:22;434.0;1745707762;99.614;101.872;95.472;102.601;
1900-01-01 08:49:23;435.0;1745707763;99.616;101.904;95.472;102.659;
1900-01-01 08:49:24;436.0;1745707764;99.616;101.904;95.453;102.575;
1900-01-01 08:49:25;437.0;1745707765;99.674;101.777;95.278;102.546;
1900-01-01 08:49:26;438.0;1745707766;99.639;101.871;95.278;102.546;
1900-01-01 08:49:27;439.0;1745707767;99.639;101.871;95.323;102.65;
1900-01-01 08:49:28;440.0;1745707768;99.745;101.883;95.249;102.65;
1900-01-01 08:49:29;441.0;1745707769;99.695;101.996;95.249;102.561;
1900-01-01 08:49:31;442.0;1745707771;99.695;101.996;95.165;102.657;
1900-01-01 08:49:31;443.0;1745707771;99.781;102.02;95.34;102.657;
1900-01-01 08:49:33;444.0;1745707773;99.753;101.996;95.34;102.67;
1900-01-01 08:49:33;445.0;1745707773;99.753;101.996;95.327;102.657;
1900-01-01 08:49:34;446.0;1745707774;99.768;102.022;95.265;102.657;
1900-01-01 08:49:35;447.0;1745707775;99.828;102.022;95.265;102.608;
1900-01-01 08:49:36;448.0;1745707776;99.828;102.008;95.259;102.636;
1900-01-01 08:49:37;449.0;1745707777;99.872;101.975;95.259;102.636;
1900-01-01 08:49:38;450.0;1745707778;99.825;101.975;95.254;102.646;
1900-01-01 08:49:39;451.0;1745707779;99.825;101.965;95.313;102.592;
1900-01-01 08:49:40;452.0;1745707780;99.777;101.962;95.313;102.592;
1900-01-01 08:49:41;453.0;1745707781;99.777;101.962;95.248;102.669;
1900-01-01 08:49:42;454.0;1745707782;99.693;101.929;95.314;102.669;
1900-01-01 08:49:43;455.0;1745707783;99.613;101.977;95.314;102.559;
1900-01-01 08:49:44;456.0;1745707784;99.613;101.977;95.247;102.606;
1900-01-01 08:49:45;457.0;1745707785;99.6;101.991;95.266;102.606;
1900-01-01 08:49:46;458.0;1745707786;99.652;101.898;95.266;102.646;
1900-01-01 08:49:47;459.0;1745707787;99.652;101.898;95.208;102.612;
1900-01-01 08:49:48;460.0;1745707788;99.629;101.964;95.169;102.612;
1900-01-01 08:49:49;461.0;1745707789;99.589;101.964;95.169;102.71;
1900-01-01 08:49:50;462.0;1745707790;99.589;101.9;95.151;102.687;
1900-01-01 08:49:51;463.0;1745707791;99.556;101.882;95.106;102.687;
1900-01-01 08:49:53;464.0;1745707793;99.533;101.94;95.106;102.709;
1900-01-01 08:49:53;465.0;1745707793;99.533;101.94;95.149;102.609;
1900-01-01 08:49:54;466.0;1745707794;99.553;101.941;95.095;102.609;
1900-01-01 08:49:55;467.0;1745707795;99.613;101.871;95.095;102.655;
1900-01-01 08:49:56;468.0;1745707796;99.613;101.871;95.112;102.58;
1900-01-01 08:49:57;469.0;1745707797;99.549;101.873;95.177;102.58;
1900-01-01 08:49:58;470.0;1745707798;99.727;101.873;95.177;102.664;
1900-01-01 08:49:59;471.0;1745707799;99.727;101.814;95.248;102.654;
1900-01-01 08:50:00;472.0;1745707800;99.649;101.901;95.248;102.654;
1900-01-01 08:50:01;473.0;1745707801;99.69;101.901;95.189;102.666;
1900-01-01 08:50:02;474.0;1745707802;99.69;101.89;95.246;102.717;
1900-01-01 08:50:03;475.0;1745707803;99.647;101.867;95.246;102.717;
1900-01-01 08:50:04;476.0;1745707804;99.716;101.867;95.266;102.679;
1900-01-01 08:50:05;477.0;1745707805;99.716;101.814;95.227;102.679;
1900-01-01 08:50:06;478.0;1745707806;99.654;101.924;95.227;102.635;
1900-01-01 08:50:08;479.0;1745707808;99.713;101.924;95.202;102.661;
1900-01-01 08:50:08;480.0;1745707808;99.713;101.924;95.222;102.661;
1900-01-01 08:50:09;481.0;1745707809;99.748;101.913;95.222;102.693;
1900-01-01 08:50:10;482.0;1745707810;99.748;101.913;95.196;102.594;
1900-01-01 08:50:11;483.0;1745707811;99.591;101.863;95.355;102.594;
1900-01-01 08:50:12;484.0;1745707812;99.716;101.863;95.355;102.637;
1900-01-01 08:50:13;485.0;1745707813;99.716;101.85;95.235;102.684;
1900-01-01 08:50:14;486.0;1745707814;99.609;101.811;95.197;102.684;
1900-01-01 08:50:15;487.0;1745707815;99.665;101.811;95.197;102.553;
1900-01-01 08:50:16;488.0;1745707816;99.665;101.915;95.183;102.707;
1900-01-01 08:50:18;489.0;1745707818;99.657;101.865;95.139;102.707;
1900-01-01 08:50:18;490.0;1745707818;99.665;101.865;95.139;102.675;
1900-01-01 08:50:19;491.0;1745707819;99.665;101.87;95.097;102.578;
1900-01-01 08:50:20;492.0;1745707820;99.542;101.91;95.097;102.578;
1900-01-01 08:50:21;493.0;1745707821;99.541;101.91;95.156;102.622;
1900-01-01 08:50:22;494.0;1745707822;99.541;101.869;95.115;102.622;
1900-01-01 08:50:23;495.0;1745707823;99.662;101.833;95.115;102.625;
1900-01-01 08:50:24;496.0;1745707824;99.502;101.833;95.102;102.557;
1900-01-01 08:50:25;497.0;1745707825;99.502;101.904;95.1;102.557;
1900-01-01 08:50:26;498.0;1745707826;99.554;101.777;95.1;102.696;
1900-01-01 08:50:27;499.0;1745707827;99.683;101.777;95.052;102.623;
1900-01-01 08:50:28;500.0;1745707828;99.683;101.855;95.027;102.623;
1900-01-01 08:50:29;501.0;1745707829;99.665;101.847;95.027;102.583;
1900-01-01 08:50:30;502.0;1745707830;99.665;101.847;94.992;102.692;
1900-01-01 08:50:31;503.0;1745707831;99.695;101.762;95.122;102.692;
1900-01-01 08:50:32;504.0;1745707832;99.747;101.762;95.122;102.666;
1900-01-01 08:50:33;505.0;1745707833;99.747;101.77;95.014;102.689;
1900-01-01 08:50:34;506.0;1745707834;99.691;101.835;94.95;102.689;
1900-01-01 08:50:35;507.0;1745707835;99.747;101.835;94.95;102.622;
1900-01-01 08:50:36;508.0;1745707836;99.747;101.893;94.951;102.594;
1900-01-01 08:50:37;509.0;1745707837;99.709;101.881;95.097;102.594;
1900-01-01 08:50:38;510.0;1745707838;99.668;101.881;95.097;102.655;
1900-01-01 08:50:39;511.0;1745707839;99.668;101.839;95.131;102.621;
1900-01-01 08:50:41;512.0;1745707841;99.621;101.867;95.111;102.621;
1900-01-01 08:50:41;513.0;1745707841;99.637;101.867;95.111;102.62;
1900-01-01 08:50:42;514.0;1745707842;99.637;101.783;94.966;102.576;
1900-01-01 08:50:43;515.0;1745707843;99.51;101.859;94.966;102.576;
1900-01-01 08:50:44;516.0;1745707844;99.453;101.859;94.974;102.661;
1900-01-01 08:50:45;517.0;1745707845;99.453;101.838;94.929;102.666;
1900-01-01 08:50:46;518.0;1745707846;99.463;101.873;94.929;102.666;
1900-01-01 08:50:47;519.0;1745707847;99.463;101.873;94.907;102.574;
1900-01-01 08:50:48;520.0;1745707848;99.419;101.95;94.917;102.574;
1900-01-01 08:50:50;521.0;1745707850;99.401;101.837;94.917;102.641;
1900-01-01 08:50:50;522.0;1745707850;99.401;101.837;95.008;102.645;
1900-01-01 08:50:51;523.0;1745707851;99.422;101.915;94.996;102.645;
1900-01-01 08:50:52;524.0;1745707852;99.38;101.923;94.996;102.63;
1900-01-01 08:50:53;525.0;1745707853;99.38;101.923;94.897;102.602;
1900-01-01 08:50:54;526.0;1745707854;99.459;101.862;94.926;102.602;
1900-01-01 08:50:55;527.0;1745707855;99.412;101.906;94.926;102.62;
1900-01-01 08:50:56;528.0;1745707856;99.412;101.906;94.941;102.629;
1900-01-01 08:50:57;529.0;1745707857;99.473;101.796;94.901;102.629;
1900-01-01 08:50:58;530.0;1745707858;99.458;101.796;94.901;102.679;
1900-01-01 08:50:59;531.0;1745707859;99.458;101.807;94.96;102.617;
1900-01-01 08:51:00;532.0;1745707860;99.457;101.72;94.96;102.617;
1900-01-01 08:51:01;533.0;1745707861;99.438;101.72;94.916;102.645;
1900-01-01 08:51:02;534.0;1745707862;99.438;101.746;94.893;102.709;
1900-01-01 08:51:03;535.0;1745707863;99.492;101.791;94.893;102.709;
1900-01-01 08:51:04;536.0;1745707864;99.403;101.791;94.947;102.579;
1900-01-01 08:51:05;537.0;1745707865;99.403;101.772;94.881;102.781;
1900-01-01 08:51:06;538.0;1745707866;99.527;101.773;94.88;102.781;
1900-01-01 08:51:07;539.0;1745707867;99.527;101.773;94.88;102.634;
1900-01-01 08:51:08;540.0;1745707868;99.529;101.819;94.852;102.675;
1900-01-01 08:51:09;541.0;1745707869;99.514;101.831;94.852;102.675;
1900-01-01 08:51:10;542.0;1745707870;99.514;101.831;94.953;102.595;
1900-01-01 08:51:11;543.0;1745707871;99.494;101.786;94.912;102.595;
1900-01-01 08:51:12;544.0;1745707872;99.444;101.786;94.912;102.691;
1900-01-01 08:51:13;545.0;1745707873;99.444;101.819;94.887;102.697;
1900-01-01 08:51:14;546.0;1745707874;99.407;101.726;94.929;102.697;
1900-01-01 08:51:15;547.0;1745707875;99.432;101.726;94.929;102.652;
1900-01-01 08:51:16;548.0;1745707876;99.432;101.72;94.814;102.612;
1900-01-01 08:51:18;549.0;1745707878;99.409;101.777;94.949;102.612;
1900-01-01 08:51:18;550.0;1745707878;99.415;101.777;94.949;102.622;
1900-01-01 08:51:19;551.0;1745707879;99.415;101.637;94.912;102.625;
1900-01-01 08:51:20;552.0;1745707880;99.396;101.742;94.912;102.625;
1900-01-01 08:51:21;553.0;1745707881;99.41;101.742;94.915;102.689;
1900-01-01 08:51:22;554.0;1745707882;99.41;101.732;94.879;102.679;
1900-01-01 08:51:23;555.0;1745707883;99.397;101.734;94.879;102.679;
1900-01-01 08:51:24;556.0;1745707884;99.397;101.734;94.866;102.584;
1900-01-01 08:51:25;557.0;1745707885;99.397;101.721;94.89;102.584;
1900-01-01 08:51:26;558.0;1745707886;99.317;101.782;94.89;102.675;
1900-01-01 08:51:27;559.0;1745707887;99.317;101.782;94.937;102.65;
1900-01-01 08:51:28;560.0;1745707888;99.315;101.749;94.908;102.65;
1900-01-01 08:51:29;561.0;1745707889;99.298;101.79;94.908;102.595;
1900-01-01 08:51:30;562.0;1745707890;99.298;101.79;94.931;102.612;
1900-01-01 08:51:31;563.0;1745707891;99.34;101.792;94.834;102.612;
1900-01-01 08:51:32;564.0;1745707892;99.359;101.851;94.834;102.606;
1900-01-01 08:51:33;565.0;1745707893;99.359;101.851;94.787;102.706;
1900-01-01 08:51:34;566.0;1745707894;99.398;101.774;94.818;102.706;
1900-01-01 08:51:35;567.0;1745707895;99.377;101.774;94.818;102.531;
1900-01-01 08:51:36;568.0;1745707896;99.377;101.763;94.748;102.552;
1900-01-01 08:51:37;569.0;1745707897;99.469;101.845;94.748;102.552;
1900-01-01 08:51:38;570.0;1745707898;99.569;101.845;94.727;102.614;
1900-01-01 08:51:39;571.0;1745707899;99.569;101.746;94.794;102.586;
1900-01-01 08:51:40;572.0;1745707900;99.502;101.783;94.806;102.586;
1900-01-01 08:51:41;573.0;1745707901;99.416;101.783;94.806;102.567;
1900-01-01 08:51:42;574.0;1745707902;99.416;101.685;94.749;102.613;
1900-01-01 08:51:44;575.0;1745707904;99.457;101.658;94.727;102.613;
1900-01-01 08:51:44;576.0;1745707904;99.457;101.658;94.727;102.505;
1900-01-01 08:51:45;577.0;1745707905;99.361;101.672;94.703;102.637;
1900-01-01 08:51:46;578.0;1745707906;99.468;101.664;94.703;102.637;
1900-01-01 08:51:48;579.0;1745707908;99.342;101.664;94.702;102.598;
1900-01-01 08:51:48;580.0;1745707908;99.342;101.585;94.602;102.598;
1900-01-01 08:51:49;581.0;1745707909;99.27;101.689;94.602;102.59;
1900-01-01 08:51:50;582.0;1745707910;99.27;101.689;94.525;102.649;
1900-01-01 08:51:51;583.0;1745707911;99.292;101.727;94.605;102.649;
1900-01-01 08:51:52;584.0;1745707912;99.322;101.727;94.605;102.56;
1900-01-01 08:51:53;585.0;1745707913;99.322;101.725;94.567;102.58;
1900-01-01 08:51:54;586.0;1745707914;99.3;101.613;94.612;102.58;
1900-01-01 08:51:55;587.0;1745707915;99.396;101.613;94.612;102.574;
1900-01-01 08:51:56;588.0;1745707916;99.396;101.621;94.692;102.644;
1900-01-01 08:51:57;589.0;1745707917;99.376;101.68;94.692;102.644;
1900-01-01 08:51:58;590.0;1745707918;99.405;101.68;94.734;102.567;
1900-01-01 08:51:59;591.0;1745707919;99.405;101.624;94.588;102.567;
1900-01-01 08:52:00;592.0;1745707920;99.463;101.719;94.588;102.668;
1900-01-01 08:52:01;593.0;1745707921;99.415;101.719;94.679;102.533;
1900-01-01 08:52:02;594.0;1745707922;99.415;101.66;94.682;102.556;
1900-01-01 08:52:03;595.0;1745707923;99.384;101.629;94.682;102.556;
1900-01-01 08:52:04;596.0;1745707924;99.308;101.629;94.712;102.539;
1900-01-01 08:52:05;597.0;1745707925;99.308;101.611;94.667;102.539;
1900-01-01 08:52:06;598.0;1745707926;99.262;101.664;94.667;102.657;
1900-01-01 08:52:07;599.0;1745707927;99.262;101.664;94.551;102.572;
1900-01-01 08:52:08;600.0;1745707928;99.168;101.664;94.562;102.572;
1900-01-01 08:52:09;601.0;1745707929;99.258;101.666;94.562;102.608;
1900-01-01 08:52:10;602.0;1745707930;99.258;101.666;94.6;102.534;
1900-01-01 08:52:11;603.0;1745707931;99.199;101.576;94.53;102.534;
1900-01-01 08:52:12;604.0;1745707932;99.111;101.576;94.53;102.553;
1900-01-01 08:52:13;605.0;1745707933;99.111;101.615;94.478;102.535;
1900-01-01 08:52:14;606.0;1745707934;99.056;101.626;94.561;102.535;
1900-01-01 08:52:15;607.0;1745707935;99.028;101.626;94.561;102.517;
1900-01-01 08:52:16;608.0;1745707936;99.028;101.565;94.506;102.604;
1900-01-01 08:52:17;609.0;1745707937;99.158;101.558;94.559;102.604;
1900-01-01 08:52:18;610.0;1745707938;99.073;101.558;94.559;102.515;
1900-01-01 08:52:19;611.0;1745707939;99.073;101.658;94.554;102.623;
1900-01-01 08:52:20;612.0;1745707940;99.138;101.644;94.479;102.623;
1900-01-01 08:52:21;613.0;1745707941;99.122;101.644;94.479;102.512;
1900-01-01 08:52:22;614.0;1745707942;99.122;101.585;94.536;102.653;
1900-01-01 08:52:23;615.0;1745707943;99.137;101.568;94.536;102.653;
1900-01-01 08:52:24;616.0;1745707944;99.137;101.568;94.46;102.498;
1900-01-01 08:52:25;617.0;1745707945;99.233;101.643;94.442;102.567;
1900-01-01 08:52:26;618.0;1745707946;99.246;101.554;94.442;102.567;
1900-01-01 08:52:27;619.0;1745707947;99.246;101.554;94.492;102.494;
1900-01-01 08:52:28;620.0;1745707948;99.317;101.564;94.514;102.494;
1900-01-01 08:52:29;621.0;1745707949;99.297;101.6;94.514;102.505;
1900-01-01 08:52:31;622.0;1745707951;99.337;101.6;94.538;102.512;
1900-01-01 08:52:31;623.0;1745707951;99.337;101.648;94.519;102.512;
1900-01-01 08:52:32;624.0;1745707952;99.277;101.635;94.519;102.543;
1900-01-01 08:52:33;625.0;1745707953;99.277;101.635;94.516;102.637;
1900-01-01 08:52:34;626.0;1745707954;99.309;101.601;94.505;102.637;
1900-01-01 08:52:35;627.0;1745707955;99.267;101.672;94.505;102.624;
1900-01-01 08:52:36;628.0;1745707956;99.267;101.672;94.427;102.628;
1900-01-01 08:52:37;629.0;1745707957;99.288;101.647;94.517;102.628;
1900-01-01 08:52:38;630.0;1745707958;99.18;101.647;94.517;102.586;
1900-01-01 08:52:39;631.0;1745707959;99.18;101.683;94.625;102.53;
1900-01-01 08:52:40;632.0;1745707960;99.166;101.675;94.625;102.53;
1900-01-01 08:52:41;633.0;1745707961;99.202;101.675;94.478;102.654;
1900-01-01 08:52:42;634.0;1745707962;99.202;101.642;94.493;102.608;
1900-01-01 08:52:43;635.0;1745707963;99.189;101.613;94.493;102.608;
1900-01-01 08:52:44;636.0;1745707964;99.189;101.613;94.358;102.62;
1900-01-01 08:52:45;637.0;1745707965;99.244;101.56;94.471;102.62;
1900-01-01 08:52:46;638.0;1745707966;99.32;101.557;94.471;102.612;
1900-01-01 08:52:47;639.0;1745707967;99.319;101.557;94.511;102.521;
1900-01-01 08:52:48;640.0;1745707968;99.319;101.606;94.441;102.521;
1900-01-01 08:52:49;641.0;1745707969;99.287;101.612;94.441;102.529;
1900-01-01 08:52:50;642.0;1745707970;99.287;101.612;94.508;102.638;
1900-01-01 08:52:51;643.0;1745707971;99.278;101.591;94.471;102.638;
1900-01-01 08:52:52;644.0;1745707972;99.277;101.591;94.471;102.63;
1900-01-01 08:52:53;645.0;1745707973;99.277;101.589;94.417;102.636;
1900-01-01 08:52:54;646.0;1745707974;99.356;101.556;94.413;102.636;
1900-01-01 08:52:55;647.0;1745707975;99.247;101.556;94.413;102.617;
1900-01-01 08:52:56;648.0;1745707976;99.247;101.592;94.488;102.596;
1900-01-01 08:52:57;649.0;1745707977;99.19;101.608;94.527;102.596;
1900-01-01 08:52:59;650.0;1745707979;99.183;101.544;94.527;102.594;
1900-01-01 08:52:59;651.0;1745707979;99.183;101.544;94.511;102.607;
1900-01-01 08:53:00;652.0;1745707980;99.156;101.575;94.492;102.607;
1900-01-01 08:53:01;653.0;1745707981;99.195;101.575;94.492;102.624;
1900-01-01 08:53:02;654.0;1745707982;99.195;101.562;94.456;102.619;
1900-01-01 08:53:03;655.0;1745707983;99.198;101.555;94.456;102.619;
1900-01-01 08:53:04;656.0;1745707984;99.116;101.555;94.337;102.581;
1900-01-01 08:53:05;657.0;1745707985;99.116;101.58;94.442;102.581;
1900-01-01 08:53:06;658.0;1745707986;99.181;101.581;94.442;102.588;
1900-01-01 08:53:07;659.0;1745707987;99.181;101.581;94.348;102.65;
1900-01-01 08:53:08;660.0;1745707988;99.182;101.402;94.371;102.65;
1900-01-01 08:53:09;661.0;1745707989;99.144;101.589;94.371;102.647;
1900-01-01 08:53:10;662.0;1745707990;99.144;101.589;94.312;102.5;
1900-01-01 08:53:11;663.0;1745707991;99.148;101.426;94.309;102.5;
1900-01-01 08:53:12;664.0;1745707992;99.045;101.476;94.309;102.519;
1900-01-01 08:53:13;665.0;1745707993;99.045;101.476;94.248;102.517;
1900-01-01 08:53:14;666.0;1745707994;99.064;101.508;94.132;102.517;
1900-01-01 08:53:15;667.0;1745707995;99.031;101.508;94.132;102.597;
1900-01-01 08:53:16;668.0;1745707996;99.031;101.582;94.063;102.489;
1900-01-01 08:53:17;669.0;1745707997;98.915;101.49;94.131;102.489;
1900-01-01 08:53:18;670.0;1745707998;99.107;101.49;94.131;102.629;
1900-01-01 08:53:19;671.0;1745707999;99.107;101.522;94.103;102.513;
1900-01-01 08:53:20;672.0;1745708000;99.013;101.559;94.103;102.513;
1900-01-01 08:53:22;673.0;1745708002;98.949;101.559;94.163;102.591;
1900-01-01 08:53:22;674.0;1745708002;98.949;101.569;94.309;102.591;
1900-01-01 08:53:23;675.0;1745708003;98.928;101.559;94.309;102.514;
1900-01-01 08:53:24;676.0;1745708004;99.048;101.559;94.299;102.587;
1900-01-01 08:53:25;677.0;1745708005;99.048;101.518;94.32;102.587;
1900-01-01 08:53:26;678.0;1745708006;99.02;101.584;94.32;102.569;
1900-01-01 08:53:27;679.0;1745708007;99.02;101.584;94.193;102.577;
1900-01-01 08:53:28;680.0;1745708008;99.063;101.591;94.165;102.499;
1900-01-01 08:53:29;681.0;1745708009;99.012;101.542;94.165;102.499;
1900-01-01 08:53:30;682.0;1745708010;99.012;101.542;94.098;102.51;
1900-01-01 08:53:31;683.0;1745708011;99.053;101.641;93.986;102.51;
1900-01-01 08:53:32;684.0;1745708012;99.061;101.641;93.986;102.499;
1900-01-01 08:53:33;685.0;1745708013;99.061;101.572;94.007;102.571;
1900-01-01 08:53:34;686.0;1745708014;98.999;101.571;94.066;102.571;
1900-01-01 08:53:35;687.0;1745708015;99.08;101.571;94.066;102.592;
1900-01-01 08:53:36;688.0;1745708016;99.08;101.456;94.172;102.507;
1900-01-01 08:53:37;689.0;1745708017;99.007;101.517;94.172;102.507;
1900-01-01 08:53:38;690.0;1745708018;99.048;101.517;94.138;102.505;
1900-01-01 08:53:39;691.0;1745708019;99.048;101.565;94.16;102.511;
1900-01-01 08:53:41;692.0;1745708021;99.004;101.593;94.167;102.511;
1900-01-01 08:53:41;693.0;1745708021;98.967;101.593;94.167;102.538;
1900-01-01 08:53:42;694.0;1745708022;98.967;101.566;94.157;102.512;
1900-01-01 08:53:43;695.0;1745708023;98.998;101.6;94.157;102.512;
1900-01-01 08:53:44;696.0;1745708024;99.087;101.6;94.163;102.555;
1900-01-01 08:53:45;697.0;1745708025;99.087;101.589;94.147;102.595;
1900-01-01 08:53:46;698.0;1745708026;99.128;101.521;94.147;102.595;
1900-01-01 08:53:47;699.0;1745708027;99.128;101.521;94.26;102.484;
1900-01-01 08:53:48;700.0;1745708028;99.092;101.581;94.192;102.484;
1900-01-01 08:53:49;701.0;1745708029;99.056;101.581;94.192;102.522;
1900-01-01 08:53:50;702.0;1745708030;99.056;101.594;94.238;102.524;
1900-01-01 08:53:51;703.0;1745708031;99.094;101.574;94.224;102.524;
1900-01-01 08:53:53;704.0;1745708033;99.115;101.58;94.224;102.562;
1900-01-01 08:53:53;705.0;1745708033;99.115;101.58;94.111;102.554;
1900-01-01 08:53:55;706.0;1745708035;99.105;101.512;94.184;102.554;
1900-01-01 08:53:55;707.0;1745708035;99.068;101.512;94.184;102.541;
1900-01-01 08:53:56;708.0;1745708036;99.068;101.474;94.227;102.613;
1900-01-01 08:53:57;709.0;1745708037;99.096;101.471;94.33;102.613;
1900-01-01 08:53:58;710.0;1745708038;99.02;101.471;94.33;102.477;
1900-01-01 08:53:59;711.0;1745708039;99.02;101.463;94.262;102.536;
1900-01-01 08:54:00;712.0;1745708040;99.041;101.389;94.13;102.536;
1900-01-01 08:54:01;713.0;1745708041;98.949;101.389;94.13;102.545;
1900-01-01 08:54:02;714.0;1745708042;98.949;101.383;93.986;102.604;
1900-01-01 08:54:03;715.0;1745708043;99.033;101.454;93.986;102.604;
1900-01-01 08:54:04;716.0;1745708044;99.033;101.454;94.028;102.596;
1900-01-01 08:54:05;717.0;1745708045;98.942;101.441;94.002;102.542;
1900-01-01 08:54:06;718.0;1745708046;98.91;101.373;94.002;102.542;
1900-01-01 08:54:07;719.0;1745708047;98.921;101.373;94.084;102.481;
1900-01-01 08:54:08;720.0;1745708048;98.921;101.421;94.056;102.481;
1900-01-01 08:54:09;721.0;1745708049;98.891;101.417;94.056;102.613;
1900-01-01 08:54:10;722.0;1745708050;98.935;101.417;94.139;102.574;
1900-01-01 08:54:11;723.0;1745708051;98.935;101.45;94.012;102.633;
1900-01-01 08:54:12;724.0;1745708052;98.852;101.432;93.997;102.633;
1900-01-01 08:54:13;725.0;1745708053;98.724;101.432;93.997;102.56;
1900-01-01 08:54:14;726.0;1745708054;98.724;101.45;94.021;102.633;
1900-01-01 08:54:15;727.0;1745708055;98.749;101.373;94.021;102.633;
1900-01-01 08:54:16;728.0;1745708056;98.865;101.373;93.973;102.665;
1900-01-01 08:54:17;729.0;1745708057;98.865;101.349;93.926;102.619;
1900-01-01 08:54:18;730.0;1745708058;98.851;101.351;93.968;102.619;
1900-01-01 08:54:19;731.0;1745708059;98.75;101.351;93.968;102.533;
1900-01-01 08:54:20;732.0;1745708060;98.75;101.278;93.941;102.608;
1900-01-01 08:54:21;733.0;1745708061;98.8;101.359;93.941;102.608;
1900-01-01 08:54:22;734.0;1745708062;98.89;101.359;93.879;102.567;
1900-01-01 08:54:23;735.0;1745708063;98.89;101.332;93.91;102.532;
1900-01-01 08:54:24;736.0;1745708064;98.882;101.345;93.91;102.532;
1900-01-01 08:54:25;737.0;1745708065;98.8;101.345;93.856;102.523;
1900-01-01 08:54:26;738.0;1745708066;98.8;101.336;93.92;102.523;
1900-01-01 08:54:27;739.0;1745708067;98.875;101.359;93.92;102.552;
1900-01-01 08:54:28;740.0;1745708068;98.795;101.359;93.857;102.576;
1900-01-01 08:54:29;741.0;1745708069;98.795;101.262;93.866;102.576;
1900-01-01 08:54:30;742.0;1745708070;98.774;101.221;93.866;102.495;
1900-01-01 08:54:31;743.0;1745708071;98.774;101.221;93.899;102.436;
1900-01-01 08:54:32;744.0;1745708072;98.729;101.307;93.813;102.436;
1900-01-01 08:54:33;745.0;1745708073;98.807;101.307;93.813;102.529;
1900-01-01 08:54:34;746.0;1745708074;98.807;101.325;93.813;102.459;
1900-01-01 08:54:35;747.0;1745708075;98.861;101.289;93.767;102.459;
1900-01-01 08:54:36;748.0;1745708076;98.87;101.265;93.767;102.432;
1900-01-01 08:54:37;749.0;1745708077;98.87;101.265;93.788;102.408;
1900-01-01 08:54:38;750.0;1745708078;98.894;101.202;93.761;102.408;
1900-01-01 08:54:39;751.0;1745708079;98.787;101.293;93.761;102.546;
1900-01-01 08:54:40;752.0;1745708080;98.787;101.293;93.725;102.574;
1900-01-01 08:54:41;753.0;1745708081;98.857;101.241;93.698;102.574;
1900-01-01 08:54:42;754.0;1745708082;98.84;101.216;93.698;102.457;
1900-01-01 08:54:43;755.0;1745708083;98.84;101.216;93.78;102.483;
1900-01-01 08:54:44;756.0;1745708084;98.863;101.2;93.862;102.483;
1900-01-01 08:54:45;757.0;1745708085;98.883;101.2;93.862;102.515;
1900-01-01 08:54:46;758.0;1745708086;98.883;101.285;93.854;102.477;
1900-01-01 08:54:47;759.0;1745708087;98.873;101.298;93.81;102.477;
1900-01-01 08:54:48;760.0;1745708088;98.873;101.298;93.81;102.42;
1900-01-01 08:54:49;761.0;1745708089;98.731;101.262;93.704;102.446;
1900-01-01 08:54:50;762.0;1745708090;98.761;101.295;93.704;102.446;
1900-01-01 08:54:52;763.0;1745708092;98.697;101.295;93.695;102.518;
1900-01-01 08:54:52;764.0;1745708092;98.697;101.344;93.684;102.518;
1900-01-01 08:54:53;765.0;1745708093;98.808;101.341;93.684;102.472;
1900-01-01 08:54:54;766.0;1745708094;98.808;101.341;93.712;102.573;
1900-01-01 08:54:55;767.0;1745708095;98.672;101.281;93.733;102.573;
1900-01-01 08:54:56;768.0;1745708096;98.678;101.298;93.733;102.573;
1900-01-01 08:54:57;769.0;1745708097;98.678;101.298;93.73;102.456;
1900-01-01 08:54:58;770.0;1745708098;98.758;101.306;93.773;102.456;
1900-01-01 08:54:59;771.0;1745708099;98.715;101.275;93.773;102.531;
1900-01-01 08:55:00;772.0;1745708100;98.715;101.275;93.735;102.479;
1900-01-01 08:55:01;773.0;1745708101;98.77;101.252;93.654;102.479;
1900-01-01 08:55:02;774.0;1745708102;98.771;101.252;93.654;102.559;
1900-01-01 08:55:03;775.0;1745708103;98.771;101.16;93.662;102.527;
1900-01-01 08:55:04;776.0;1745708104;98.799;101.281;93.662;102.527;
1900-01-01 08:55:05;777.0;1745708105;98.743;101.281;93.715;102.487;
1900-01-01 08:55:06;778.0;1745708106;98.743;101.239;93.647;102.454;
1900-01-01 08:55:08;779.0;1745708108;98.698;101.26;93.688;102.454;
1900-01-01 08:55:08;780.0;1745708108;98.74;101.26;93.688;102.452;
1900-01-01 08:55:09;781.0;1745708109;98.74;101.203;93.706;102.398;
1900-01-01 08:55:11;782.0;1745708111;98.717;101.128;93.768;102.398;
1900-01-01 08:55:11;783.0;1745708111;98.718;101.128;93.768;102.437;
1900-01-01 08:55:12;784.0;1745708112;98.718;101.257;93.76;102.499;
1900-01-01 08:55:13;785.0;1745708113;98.768;101.248;93.651;102.499;
1900-01-01 08:55:14;786.0;1745708114;98.687;101.248;93.651;102.519;
1900-01-01 08:55:15;787.0;1745708115;98.687;101.211;93.627;102.431;
1900-01-01 08:55:16;788.0;1745708116;98.738;101.233;93.672;102.431;
1900-01-01 08:55:17;789.0;1745708117;98.738;101.233;93.672;102.434;
1900-01-01 08:55:18;790.0;1745708118;98.687;101.129;93.627;102.46;
1900-01-01 08:55:19;791.0;1745708119;98.611;101.111;93.627;102.46;
1900-01-01 08:55:20;792.0;1745708120;98.611;101.111;93.702;102.509;
1900-01-01 08:55:21;793.0;1745708121;98.677;101.222;93.75;102.509;
1900-01-01 08:55:22;794.0;1745708122;98.796;101.21;93.75;102.467;
1900-01-01 08:55:23;795.0;1745708123;98.796;101.21;93.818;102.493;
1900-01-01 08:55:24;796.0;1745708124;98.634;101.268;93.74;102.493;
1900-01-01 08:55:25;797.0;1745708125;98.762;101.194;93.74;102.477;
1900-01-01 08:55:26;798.0;1745708126;98.762;101.194;93.713;102.514;
1900-01-01 08:55:27;799.0;1745708127;98.655;101.18;93.703;102.514;
1900-01-01 08:55:28;800.0;1745708128;98.719;101.18;93.703;102.497;
1900-01-01 08:55:29;801.0;1745708129;98.719;101.237;93.557;102.469;
1900-01-01 08:55:30;802.0;1745708130;98.656;101.193;93.438;102.469;
1900-01-01 08:55:31;803.0;1745708131;98.682;101.193;93.438;102.472;
1900-01-01 08:55:32;804.0;1745708132;98.682;101.225;93.434;102.451;
1900-01-01 08:55:33;805.0;1745708133;98.637;101.242;93.463;102.451;
1900-01-01 08:55:34;806.0;1745708134;98.642;101.253;93.463;102.369;
1900-01-01 08:55:35;807.0;1745708135;98.642;101.253;93.498;102.408;
1900-01-01 08:55:36;808.0;1745708136;98.536;101.208;93.526;102.408;
1900-01-01 08:55:37;809.0;1745708137;98.65;101.148;93.526;102.436;
1900-01-01 08:55:38;810.0;1745708138;98.65;101.148;93.442;102.311;
1900-01-01 08:55:39;811.0;1745708139;98.563;101.112;93.512;102.311;
1900-01-01 08:55:40;812.0;1745708140;98.661;101.112;93.512;102.362;
1900-01-01 08:55:41;813.0;1745708141;98.661;101.124;93.433;102.417;
1900-01-01 08:55:42;814.0;1745708142;98.71;101.128;93.483;102.417;
1900-01-01 08:55:43;815.0;1745708143;98.582;101.128;93.483;102.362;
1900-01-01 08:55:44;816.0;1745708144;98.582;101.165;93.51;102.45;
1900-01-01 08:55:45;817.0;1745708145;98.646;101.143;93.437;102.45;
1900-01-01 08:55:46;818.0;1745708146;98.62;101.143;93.437;102.479;
1900-01-01 08:55:47;819.0;1745708147;98.62;101.142;93.367;102.457;
1900-01-01 08:55:48;820.0;1745708148;98.665;101.136;93.367;102.457;
1900-01-01 08:55:49;821.0;1745708149;98.694;101.136;93.443;102.498;
1900-01-01 08:55:50;822.0;1745708150;98.694;101.225;93.485;102.435;
1900-01-01 08:55:51;823.0;1745708151;98.571;101.161;93.485;102.435;
1900-01-01 08:55:52;824.0;1745708152;98.586;101.161;93.444;102.475;
1900-01-01 08:55:53;825.0;1745708153;98.586;101.15;93.36;102.506;
1900-01-01 08:55:54;826.0;1745708154;98.567;101.143;93.36;102.506;
1900-01-01 08:55:55;827.0;1745708155;98.591;101.143;93.32;102.373;
1900-01-01 08:55:56;828.0;1745708156;98.591;101.072;93.459;102.373;
1900-01-01 08:55:57;829.0;1745708157;98.658;101.074;93.459;102.427;
1900-01-01 08:55:58;830.0;1745708158;98.528;101.074;93.447;102.523;
1900-01-01 08:55:59;831.0;1745708159;98.528;101.05;93.401;102.523;
1900-01-01 08:56:00;832.0;1745708160;98.544;101.073;93.401;102.457;
1900-01-01 08:56:01;833.0;1745708161;98.544;101.073;93.46;102.525;
1900-01-01 08:56:02;834.0;1745708162;98.528;101.064;93.511;102.525;
1900-01-01 08:56:03;835.0;1745708163;98.577;101.111;93.511;102.486;
1900-01-01 08:56:04;836.0;1745708164;98.577;101.111;93.468;102.4;
1900-01-01 08:56:05;837.0;1745708165;98.408;101.065;93.328;102.4;
1900-01-01 08:56:06;838.0;1745708166;98.423;101.156;93.328;102.382;
1900-01-01 08:56:07;839.0;1745708167;98.423;101.156;93.303;102.511;
1900-01-01 08:56:08;840.0;1745708168;98.438;101.068;93.227;102.511;
1900-01-01 08:56:09;841.0;1745708169;98.313;101.068;93.227;102.459;
1900-01-01 08:56:10;842.0;1745708170;98.313;101.063;93.321;102.509;
1900-01-01 08:56:11;843.0;1745708171;98.38;101.134;93.409;102.509;
1900-01-01 08:56:12;844.0;1745708172;98.355;101.134;93.409;102.375;
1900-01-01 08:56:13;845.0;1745708173;98.355;101.072;93.442;102.367;
1900-01-01 08:56:14;846.0;1745708174;98.442;101.096;93.442;102.367;
1900-01-01 08:56:15;847.0;1745708175;98.413;101.096;93.407;102.395;
1900-01-01 08:56:16;848.0;1745708176;98.413;101.058;93.457;102.395;
1900-01-01 08:56:17;849.0;1745708177;98.396;101.108;93.457;102.395;
1900-01-01 08:56:18;850.0;1745708178;98.435;101.108;93.395;102.502;
1900-01-01 08:56:19;851.0;1745708179;98.435;101.059;93.392;102.421;
1900-01-01 08:56:20;852.0;1745708180;98.535;101.037;93.392;102.421;
1900-01-01 08:56:21;853.0;1745708181;98.535;101.037;93.28;102.404;
1900-01-01 08:56:22;854.0;1745708182;98.507;101.082;93.223;102.333;
1900-01-01 08:56:23;855.0;1745708183;98.479;101.034;93.223;102.333;
1900-01-01 08:56:24;856.0;1745708184;98.479;101.034;93.139;102.463;
1900-01-01 08:56:25;857.0;1745708185;98.496;100.946;93.071;102.463;
1900-01-01 08:56:26;858.0;1745708186;98.513;101.051;93.071;102.482;
1900-01-01 08:56:27;859.0;1745708187;98.592;101.051;93.048;102.425;
1900-01-01 08:56:28;860.0;1745708188;98.592;101.026;93.041;102.425;
1900-01-01 08:56:29;861.0;1745708189;98.541;101.089;93.041;102.364;
1900-01-01 08:56:30;862.0;1745708190;98.447;101.089;93.096;102.441;
1900-01-01 08:56:32;863.0;1745708192;98.447;101.079;93.045;102.331;
1900-01-01 08:56:32;864.0;1745708192;98.585;101.014;93.045;102.331;
1900-01-01 08:56:33;865.0;1745708193;98.585;101.014;93.165;102.318;
1900-01-01 08:56:34;866.0;1745708194;98.537;101.1;93.127;102.318;
1900-01-01 08:56:35;867.0;1745708195;98.488;101.1;93.127;102.399;
1900-01-01 08:56:36;868.0;1745708196;98.488;101.097;93.087;102.348;
1900-01-01 08:56:37;869.0;1745708197;98.387;101.102;93.161;102.348;
1900-01-01 08:56:38;870.0;1745708198;98.357;101.102;93.161;102.39;
1900-01-01 08:56:39;871.0;1745708199;98.357;100.925;93.207;102.4;
1900-01-01 08:56:40;872.0;1745708200;98.316;101.079;93.24;102.4;
1900-01-01 08:56:41;873.0;1745708201;98.357;101.01;93.24;102.353;
1900-01-01 08:56:42;874.0;1745708202;98.357;101.01;93.351;102.355;
1900-01-01 08:56:43;875.0;1745708203;98.426;101.035;93.264;102.355;
1900-01-01 08:56:44;876.0;1745708204;98.372;101.035;93.264;102.411;
1900-01-01 08:56:45;877.0;1745708205;98.372;101.123;93.2;102.267;
1900-01-01 08:56:46;878.0;1745708206;98.443;101.016;93.244;102.267;
1900-01-01 08:56:47;879.0;1745708207;98.378;101.016;93.244;102.306;
1900-01-01 08:56:48;880.0;1745708208;98.378;100.988;93.177;102.368;
1900-01-01 08:56:49;881.0;1745708209;98.317;101.022;93.177;102.368;
1900-01-01 08:56:50;882.0;1745708210;98.327;101.022;93.157;102.393;
1900-01-01 08:56:51;883.0;1745708211;98.327;100.93;93.188;102.41;
1900-01-01 08:56:52;884.0;1745708212;98.303;100.916;93.188;102.41;
1900-01-01 08:56:53;885.0;1745708213;98.362;100.916;93.035;102.361;
1900-01-01 08:56:54;886.0;1745708214;98.362;101.003;93.09;102.361;
1900-01-01 08:56:55;887.0;1745708215;98.298;101.017;93.09;102.358;
1900-01-01 08:56:56;888.0;1745708216;98.273;101.017;93.045;102.445;
1900-01-01 08:56:57;889.0;1745708217;98.273;100.966;93.069;102.445;
1900-01-01 08:56:58;890.0;1745708218;98.375;100.99;93.069;102.409;
1900-01-01 08:57:00;891.0;1745708220;98.315;100.99;93.101;102.297;
1900-01-01 08:57:00;892.0;1745708220;98.315;100.969;93.015;102.297;
1900-01-01 08:57:01;893.0;1745708221;98.365;100.981;93.015;102.376;
1900-01-01 08:57:02;894.0;1745708222;98.365;100.981;93.005;102.416;
1900-01-01 08:57:03;895.0;1745708223;98.379;101.006;93.076;102.416;
1900-01-01 08:57:04;896.0;1745708224;98.296;101.006;93.076;102.46;
1900-01-01 08:57:05;897.0;1745708225;98.296;101.001;93.037;102.375;
1900-01-01 08:57:06;898.0;1745708226;98.369;101.074;93.037;102.375;
1900-01-01 08:57:07;899.0;1745708227;98.392;101.074;93.055;102.457;
1900-01-01 08:57:08;900.0;1745708228;98.392;101.123;93.062;102.393;
1900-01-01 08:57:10;901.0;1745708230;98.359;101.03;93.013;102.393;
1900-01-01 08:57:10;902.0;1745708230;98.291;101.03;93.013;102.367;
1900-01-01 08:57:11;903.0;1745708231;98.291;101.001;93.035;102.382;
1900-01-01 08:57:12;904.0;1745708232;98.221;100.919;93.035;102.382;
1900-01-01 08:57:13;905.0;1745708233;98.244;100.919;93.092;102.403;
1900-01-01 08:57:14;906.0;1745708234;98.244;100.968;93.041;102.324;
1900-01-01 08:57:15;907.0;1745708235;98.279;100.963;93.041;102.324;
1900-01-01 08:57:16;908.0;1745708236;98.279;100.963;93.021;102.31;
1900-01-01 08:57:17;909.0;1745708237;98.265;100.953;92.979;102.32;
1900-01-01 08:57:18;910.0;1745708238;98.26;100.952;92.979;102.32;
1900-01-01 08:57:19;911.0;1745708239;98.26;100.952;92.917;102.368;
1900-01-01 08:57:20;912.0;1745708240;98.258;100.94;92.916;102.368;
1900-01-01 08:57:21;913.0;1745708241;98.187;100.94;92.916;102.387;
1900-01-01 08:57:22;914.0;1745708242;98.187;100.916;92.901;102.376;
1900-01-01 08:57:23;915.0;1745708243;98.184;100.928;92.999;102.376;
1900-01-01 08:57:24;916.0;1745708244;98.274;100.928;92.999;102.414;
1900-01-01 08:57:25;917.0;1745708245;98.274;100.927;93.031;102.371;
1900-01-01 08:57:26;918.0;1745708246;98.149;100.842;93.158;102.371;
1900-01-01 08:57:28;919.0;1745708248;98.15;100.816;93.158;102.451;
1900-01-01 08:57:28;920.0;1745708248;98.15;100.816;93.075;102.389;
1900-01-01 08:57:29;921.0;1745708249;98.192;100.887;93.025;102.389;
1900-01-01 08:57:30;922.0;1745708250;98.258;100.8;93.025;102.423;
1900-01-01 08:57:31;923.0;1745708251;98.258;100.8;92.935;102.369;
1900-01-01 08:57:32;924.0;1745708252;98.253;100.716;92.85;102.369;
1900-01-01 08:57:33;925.0;1745708253;98.249;100.716;92.85;102.313;
1900-01-01 08:57:34;926.0;1745708254;98.249;100.71;92.831;102.355;
1900-01-01 08:57:35;927.0;1745708255;98.27;100.71;92.831;102.355;
1900-01-01 08:57:36;928.0;1745708256;98.316;100.71;92.723;102.408;
1900-01-01 08:57:37;929.0;1745708257;98.316;100.654;92.756;102.462;
1900-01-01 08:57:38;930.0;1745708258;98.255;100.753;92.756;102.462;
1900-01-01 08:57:39;931.0;1745708259;98.227;100.753;92.848;102.258;
1900-01-01 08:57:40;932.0;1745708260;98.227;100.738;92.833;102.258;
1900-01-01 08:57:41;933.0;1745708261;98.305;100.628;92.833;102.354;
1900-01-01 08:57:42;934.0;1745708262;98.305;100.628;92.85;102.401;
1900-01-01 08:57:43;935.0;1745708263;98.305;100.716;92.919;102.401;
1900-01-01 08:57:44;936.0;1745708264;98.329;100.604;92.919;102.306;
1900-01-01 08:57:45;937.0;1745708265;98.329;100.604;92.872;102.433;
1900-01-01 08:57:46;938.0;1745708266;98.314;100.661;92.916;102.433;
1900-01-01 08:57:47;939.0;1745708267;98.292;100.661;92.916;102.382;
1900-01-01 08:57:48;940.0;1745708268;98.292;100.613;92.869;102.266;
1900-01-01 08:57:49;941.0;1745708269;98.175;100.61;92.869;102.266;
1900-01-01 08:57:50;942.0;1745708270;98.099;100.61;92.763;102.226;
1900-01-01 08:57:51;943.0;1745708271;98.099;100.637;92.702;102.266;
1900-01-01 08:57:52;944.0;1745708272;98.003;100.604;92.702;102.266;
1900-01-01 08:57:53;945.0;1745708273;98.058;100.604;92.66;102.377;
1900-01-01 08:57:54;946.0;1745708274;98.058;100.536;92.666;102.303;
1900-01-01 08:57:55;947.0;1745708275;97.993;100.585;92.666;102.303;
1900-01-01 08:57:56;948.0;1745708276;97.97;100.585;92.573;102.346;
1900-01-01 08:57:57;949.0;1745708277;97.97;100.629;92.647;102.346;
1900-01-01 08:57:58;950.0;1745708278;98.045;100.666;92.647;102.382;
1900-01-01 08:57:59;951.0;1745708279;98.034;100.666;92.674;102.378;
1900-01-01 08:58:00;952.0;1745708280;98.034;100.625;92.755;102.378;
1900-01-01 08:58:01;953.0;1745708281;98.107;100.641;92.755;102.351;
1900-01-01 08:58:02;954.0;1745708282;98.107;100.641;92.724;102.352;
1900-01-01 08:58:04;955.0;1745708284;98.086;100.615;92.67;102.411;
1900-01-01 08:58:04;956.0;1745708284;98.181;100.624;92.67;102.411;
1900-01-01 08:58:05;957.0;1745708285;98.181;100.624;92.565;102.392;
1900-01-01 08:58:06;958.0;1745708286;98.136;100.633;92.524;102.392;
1900-01-01 08:58:07;959.0;1745708287;98.119;100.669;92.524;102.353;
1900-01-01 08:58:08;960.0;1745708288;98.119;100.669;92.514;102.392;
1900-01-01 08:58:09;961.0;1745708289;98.171;100.788;92.572;102.392;
1900-01-01 08:58:10;962.0;1745708290;98.055;100.788;92.572;102.284;
1900-01-01 08:58:11;963.0;1745708291;98.055;100.772;92.543;102.44;
1900-01-01 08:58:12;964.0;1745708292;98.058;100.748;92.554;102.44;
1900-01-01 08:58:13;965.0;1745708293;98.114;100.748;92.554;102.473;
1900-01-01 08:58:14;966.0;1745708294;98.114;100.791;92.57;102.32;
1900-01-01 08:58:15;967.0;1745708295;98.072;100.666;92.57;102.32;
1900-01-01 08:58:16;968.0;1745708296;98.044;100.666;92.653;102.326;
1900-01-01 08:58:17;969.0;1745708297;98.044;100.655;92.593;102.326;
1900-01-01 08:58:18;970.0;1745708298;98.11;100.677;92.593;102.364;
1900-01-01 08:58:19;971.0;1745708299;97.981;100.677;92.667;102.322;
1900-01-01 08:58:20;972.0;1745708300;97.981;100.636;92.606;102.322;
1900-01-01 08:58:21;973.0;1745708301;98.048;100.646;92.606;102.4;
1900-01-01 08:58:22;974.0;1745708302;98.048;100.646;92.668;102.361;
1900-01-01 08:58:23;975.0;1745708303;98.041;100.739;92.645;102.361;
1900-01-01 08:58:24;976.0;1745708304;98.028;100.774;92.645;102.334;
1900-01-01 08:58:25;977.0;1745708305;98.028;100.774;92.586;102.293;
1900-01-01 08:58:26;978.0;1745708306;98.014;100.736;92.586;102.293;
1900-01-01 08:58:27;979.0;1745708307;98.003;100.736;92.622;102.351;
1900-01-01 08:58:28;980.0;1745708308;98.003;100.7;92.679;102.4;
1900-01-01 08:58:29;981.0;1745708309;98.062;100.728;92.692;102.4;
1900-01-01 08:58:30;982.0;1745708310;98.083;100.728;92.692;102.39;
1900-01-01 08:58:31;983.0;1745708311;98.083;100.779;92.597;102.375;
1900-01-01 08:58:32;984.0;1745708312;98.152;100.753;92.435;102.375;
1900-01-01 08:58:34;985.0;1745708314;98.086;100.677;92.435;102.319;
1900-01-01 08:58:34;986.0;1745708314;98.086;100.677;92.504;102.404;
1900-01-01 08:58:35;987.0;1745708315;98.093;100.647;92.504;102.404;
1900-01-01 08:58:36;988.0;1745708316;98.147;100.647;92.505;102.329;
1900-01-01 08:58:37;989.0;1745708317;98.147;100.609;92.381;102.402;
1900-01-01 08:58:39;990.0;1745708319;98.108;100.655;92.456;102.402;
1900-01-01 08:58:39;991.0;1745708319;98.078;100.655;92.456;102.328;
1900-01-01 08:58:40;992.0;1745708320;98.078;100.714;92.411;102.422;
1900-01-01 08:58:41;993.0;1745708321;98.085;100.634;92.556;102.422;
1900-01-01 08:58:42;994.0;1745708322;98.027;100.634;92.556;102.293;
1900-01-01 08:58:43;995.0;1745708323;98.027;100.586;92.513;102.337;
1900-01-01 08:58:44;996.0;1745708324;98.055;100.641;92.513;102.337;
1900-01-01 08:58:45;997.0;1745708325;98.044;100.641;92.479;102.393;
1900-01-01 08:58:46;998.0;1745708326;98.044;100.615;92.41;102.391;
1900-01-01 08:58:47;999.0;1745708327;98.058;100.603;92.41;102.391;
1900-01-01 08:58:48;1000.0;1745708328;98.058;100.603;92.379;102.293;
1900-01-01 08:58:49;1001.0;1745708329;97.968;100.698;92.457;102.287;
1900-01-01 08:58:50;1002.0;1745708330;97.999;100.562;92.457;102.287;
1900-01-01 08:58:51;1003.0;1745708331;97.999;100.562;92.565;102.318;
1900-01-01 08:58:52;1004.0;1745708332;97.981;100.622;92.643;102.318;
1900-01-01 08:58:53;1005.0;1745708333;97.918;100.614;92.643;102.339;
1900-01-01 08:58:54;1006.0;1745708334;97.918;100.614;92.521;102.222;
1900-01-01 08:58:55;1007.0;1745708335;97.932;100.619;92.454;102.222;
1900-01-01 08:58:56;1008.0;1745708336;97.89;100.593;92.454;102.265;
1900-01-01 08:58:57;1009.0;1745708337;97.89;100.593;92.47;102.29;
1900-01-01 08:58:58;1010.0;1745708338;97.925;100.583;92.427;102.29;
1900-01-01 08:58:59;1011.0;1745708339;97.978;100.583;92.427;102.31;
1900-01-01 08:59:00;1012.0;1745708340;97.978;100.573;92.379;102.32;
1900-01-01 08:59:01;1013.0;1745708341;97.865;100.58;92.379;102.32;
1900-01-01 08:59:02;1014.0;1745708342;97.898;100.58;92.475;102.3;
1900-01-01 08:59:03;1015.0;1745708343;97.898;100.69;92.535;102.31;
1900-01-01 08:59:04;1016.0;1745708344;97.865;100.533;92.487;102.31;
1900-01-01 08:59:06;1017.0;1745708346;97.827;100.533;92.487;102.293;
1900-01-01 08:59:06;1018.0;1745708346;97.827;100.63;92.497;102.313;
1900-01-01 08:59:07;1019.0;1745708347;97.952;100.661;92.497;102.313;
1900-01-01 08:59:08;1020.0;1745708348;97.79;100.661;92.475;102.33;
1900-01-01 08:59:09;1021.0;1745708349;97.79;100.607;92.371;102.314;
1900-01-01 08:59:11;1022.0;1745708351;97.793;100.587;92.319;102.314;
1900-01-01 08:59:11;1023.0;1745708351;97.793;100.587;92.319;102.319;
1900-01-01 08:59:12;1024.0;1745708352;97.812;100.599;92.321;102.234;
1900-01-01 08:59:13;1025.0;1745708353;97.851;100.531;92.321;102.234;
1900-01-01 08:59:14;1026.0;1745708354;97.746;100.531;92.256;102.208;
1900-01-01 08:59:15;1027.0;1745708355;97.746;100.597;92.227;102.302;
1900-01-01 08:59:16;1028.0;1745708356;97.767;100.41;92.227;102.302;
1900-01-01 08:59:17;1029.0;1745708357;97.818;100.41;92.155;102.328;
1900-01-01 08:59:18;1030.0;1745708358;97.818;100.543;92.045;102.309;
1900-01-01 08:59:19;1031.0;1745708359;97.841;100.503;92.114;102.309;
1900-01-01 08:59:20;1032.0;1745708360;97.737;100.503;92.114;102.281;
1900-01-01 08:59:21;1033.0;1745708361;97.737;100.505;92.255;102.251;
1900-01-01 08:59:22;1034.0;1745708362;97.799;100.418;92.255;102.251;
1900-01-01 08:59:23;1035.0;1745708363;97.818;100.418;92.224;102.264;
1900-01-01 08:59:24;1036.0;1745708364;97.818;100.546;92.243;102.282;
1900-01-01 08:59:25;1037.0;1745708365;97.794;100.382;92.243;102.282;
1900-01-01 08:59:26;1038.0;1745708366;97.79;100.382;92.226;102.301;
1900-01-01 08:59:27;1039.0;1745708367;97.79;100.614;92.224;102.235;
1900-01-01 08:59:28;1040.0;1745708368;97.853;100.438;92.224;102.235;
1900-01-01 08:59:29;1041.0;1745708369;97.862;100.438;92.112;102.21;
1900-01-01 08:59:30;1042.0;1745708370;97.862;100.486;92.065;102.275;
1900-01-01 08:59:31;1043.0;1745708371;97.763;100.493;92.065;102.275;
1900-01-01 08:59:32;1044.0;1745708372;97.803;100.493;92.062;102.297;
1900-01-01 08:59:33;1045.0;1745708373;97.803;100.421;92.122;102.297;
1900-01-01 08:59:34;1046.0;1745708374;97.793;100.469;92.122;102.259;
1900-01-01 08:59:35;1047.0;1745708375;97.817;100.469;92.123;102.221;
1900-01-01 08:59:36;1048.0;1745708376;97.817;100.423;92.111;102.221;
1900-01-01 08:59:37;1049.0;1745708377;97.83;100.503;92.111;102.265;
1900-01-01 08:59:38;1050.0;1745708378;97.83;100.503;92.075;102.244;
1900-01-01 08:59:39;1051.0;1745708379;97.877;100.457;92.038;102.244;
1900-01-01 08:59:40;1052.0;1745708380;97.825;100.457;92.038;102.335;
1900-01-01 08:59:41;1053.0;1745708381;97.825;100.365;92.104;102.352;
1900-01-01 08:59:42;1054.0;1745708382;97.742;100.4;92.059;102.352;
1900-01-01 08:59:44;1055.0;1745708384;97.714;100.408;92.059;102.329;
1900-01-01 08:59:44;1056.0;1745708384;97.714;100.408;92.075;102.317;
1900-01-01 08:59:45;1057.0;1745708385;97.685;100.344;92.043;102.317;
1900-01-01 08:59:46;1058.0;1745708386;97.75;100.344;92.043;102.365;
1900-01-01 08:59:47;1059.0;1745708387;97.75;100.457;92.095;102.342;
1900-01-01 08:59:48;1060.0;1745708388;97.783;100.378;91.997;102.342;
1900-01-01 08:59:49;1061.0;1745708389;97.738;100.378;91.997;102.231;
1900-01-01 08:59:50;1062.0;1745708390;97.738;100.36;91.983;102.419;
1900-01-01 08:59:51;1063.0;1745708391;97.714;100.431;91.983;102.419;
1900-01-01 08:59:52;1064.0;1745708392;97.651;100.431;91.996;102.405;
1900-01-01 08:59:53;1065.0;1745708393;97.651;100.385;91.934;102.305;
1900-01-01 08:59:54;1066.0;1745708394;97.624;100.436;91.934;102.305;
1900-01-01 08:59:55;1067.0;1745708395;97.599;100.436;91.931;102.402;
1900-01-01 08:59:56;1068.0;1745708396;97.599;100.447;91.857;102.425;
1900-01-01 08:59:57;1069.0;1745708397;97.593;100.347;91.857;102.425;
1900-01-01 08:59:58;1070.0;1745708398;97.593;100.347;91.876;102.347;
1900-01-01 08:59:59;1071.0;1745708399;97.578;100.376;91.842;102.347;
1900-01-01 09:00:00;1072.0;1745708400;97.633;100.309;91.842;102.379;
1900-01-01 09:00:01;1073.0;1745708401;97.633;100.309;91.923;102.299;
1900-01-01 09:00:02;1074.0;1745708402;97.696;100.331;91.94;102.299;
1900-01-01 09:00:03;1075.0;1745708403;97.659;100.331;91.94;102.282;
1900-01-01 09:00:04;1076.0;1745708404;97.659;100.389;91.948;102.289;
1900-01-01 09:00:06;1077.0;1745708406;97.709;100.306;91.992;102.289;
1900-01-01 09:00:06;1078.0;1745708406;97.714;100.306;91.992;102.256;
1900-01-01 09:00:07;1079.0;1745708407;97.714;100.396;91.937;102.366;
1900-01-01 09:00:08;1080.0;1745708408;97.729;100.339;91.937;102.366;
1900-01-01 09:00:09;1081.0;1745708409;97.739;100.339;92.006;102.28;
1900-01-01 09:00:10;1082.0;1745708410;97.739;100.364;92.045;102.31;
1900-01-01 09:00:11;1083.0;1745708411;97.642;100.282;91.991;102.31;
1900-01-01 09:00:12;1084.0;1745708412;97.676;100.282;91.991;102.295;
1900-01-01 09:00:13;1085.0;1745708413;97.676;100.371;92.016;102.204;
1900-01-01 09:00:14;1086.0;1745708414;97.687;100.351;91.864;102.204;
1900-01-01 09:00:16;1087.0;1745708416;97.659;100.351;91.864;102.262;
1900-01-01 09:00:16;1088.0;1745708416;97.659;100.314;91.945;102.255;
1900-01-01 09:00:17;1089.0;1745708417;97.692;100.305;91.945;102.255;
1900-01-01 09:00:18;1090.0;1745708418;97.692;100.305;91.978;102.222;
1900-01-01 09:00:19;1091.0;1745708419;97.802;100.285;91.958;102.317;
1900-01-01 09:00:20;1092.0;1745708420;97.715;100.312;91.958;102.317;
1900-01-01 09:00:21;1093.0;1745708421;97.715;100.312;91.964;102.272;
1900-01-01 09:00:22;1094.0;1745708422;97.707;100.371;92.028;102.297;
1900-01-01 09:00:23;1095.0;1745708423;97.77;100.332;92.028;102.297;
1900-01-01 09:00:24;1096.0;1745708424;97.77;100.332;91.986;102.275;
1900-01-01 09:00:25;1097.0;1745708425;97.678;100.325;91.961;102.275;
1900-01-01 09:00:26;1098.0;1745708426;97.624;100.351;91.961;102.303;
1900-01-01 09:00:27;1099.0;1745708427;97.624;100.351;91.902;102.322;
1900-01-01 09:00:28;1100.0;1745708428;97.595;100.336;91.765;102.322;
1900-01-01 09:00:29;1101.0;1745708429;97.462;100.235;91.765;102.262;
1900-01-01 09:00:30;1102.0;1745708430;97.462;100.235;91.706;102.21;
1900-01-01 09:00:31;1103.0;1745708431;97.519;100.277;91.649;102.21;
1900-01-01 09:00:33;1104.0;1745708433;97.475;100.373;91.649;102.165;
1900-01-01 09:00:33;1105.0;1745708433;97.475;100.373;91.789;102.278;
1900-01-01 09:00:34;1106.0;1745708434;97.52;100.238;91.815;102.278;
1900-01-01 09:00:35;1107.0;1745708435;97.594;100.238;91.815;102.189;
1900-01-01 09:00:36;1108.0;1745708436;97.594;100.217;91.834;102.179;
1900-01-01 09:00:37;1109.0;1745708437;97.576;100.318;91.832;102.179;
1900-01-01 09:00:38;1110.0;1745708438;97.576;100.318;91.832;102.199;
1900-01-01 09:00:39;1111.0;1745708439;97.662;100.292;91.792;102.151;
1900-01-01 09:00:40;1112.0;1745708440;97.667;100.257;91.792;102.151;
1900-01-01 09:00:41;1113.0;1745708441;97.667;100.257;91.804;102.251;
1900-01-01 09:00:42;1114.0;1745708442;97.728;100.287;91.776;102.252;
1900-01-01 09:00:43;1115.0;1745708443;97.601;100.279;91.776;102.252;
1900-01-01 09:00:44;1116.0;1745708444;97.601;100.279;91.816;102.266;
1900-01-01 09:00:45;1117.0;1745708445;97.556;100.204;91.836;102.266;
1900-01-01 09:00:46;1118.0;1745708446;97.592;100.201;91.836;102.214;
1900-01-01 09:00:47;1119.0;1745708447;97.592;100.201;91.699;102.246;
1900-01-01 09:00:48;1120.0;1745708448;97.511;100.2;91.67;102.246;
1900-01-01 09:00:49;1121.0;1745708449;97.516;100.215;91.67;102.208;
1900-01-01 09:00:50;1122.0;1745708450;97.516;100.215;91.707;102.261;
1900-01-01 09:00:51;1123.0;1745708451;97.585;100.119;91.693;102.261;
1900-01-01 09:00:52;1124.0;1745708452;97.572;100.203;91.693;102.25;
1900-01-01 09:00:53;1125.0;1745708453;97.572;100.203;91.553;102.317;
1900-01-01 09:00:54;1126.0;1745708454;97.535;100.175;91.537;102.317;
1900-01-01 09:00:55;1127.0;1745708455;97.515;100.175;91.537;102.304;
1900-01-01 09:00:56;1128.0;1745708456;97.515;100.134;91.668;102.208;
1900-01-01 09:00:57;1129.0;1745708457;97.555;100.222;91.726;102.208;
1900-01-01 09:00:58;1130.0;1745708458;97.531;100.222;91.726;102.295;
1900-01-01 09:00:59;1131.0;1745708459;97.531;100.19;91.722;102.268;
1900-01-01 09:01:00;1132.0;1745708460;97.489;100.126;91.722;102.268;
1900-01-01 09:01:01;1133.0;1745708461;97.441;100.126;91.654;102.301;
1900-01-01 09:01:02;1134.0;1745708462;97.441;100.121;91.6;102.301;
1900-01-01 09:01:03;1135.0;1745708463;97.321;100.119;91.6;102.292;
1900-01-01 09:01:04;1136.0;1745708464;97.301;100.119;91.677;102.163;
1900-01-01 09:01:05;1137.0;1745708465;97.301;100.144;91.743;102.163;
1900-01-01 09:01:06;1138.0;1745708466;97.359;100.153;91.743;102.24;
1900-01-01 09:01:07;1139.0;1745708467;97.359;100.153;91.799;102.239;
1900-01-01 09:01:08;1140.0;1745708468;97.418;100.098;91.767;102.239;
1900-01-01 09:01:09;1141.0;1745708469;97.361;100.098;91.767;102.233;
1900-01-01 09:01:10;1142.0;1745708470;97.361;99.98;91.821;102.29;
1900-01-01 09:01:11;1143.0;1745708471;97.396;100.168;91.725;102.29;
1900-01-01 09:01:12;1144.0;1745708472;97.42;100.168;91.725;102.266;
1900-01-01 09:01:13;1145.0;1745708473;97.42;100.204;91.718;102.205;
1900-01-01 09:01:14;1146.0;1745708474;97.344;100.209;91.608;102.205;
1900-01-01 09:01:15;1147.0;1745708475;97.353;100.179;91.608;102.226;
1900-01-01 09:01:16;1148.0;1745708476;97.353;100.179;91.618;102.271;
1900-01-01 09:01:17;1149.0;1745708477;97.444;100.223;91.633;102.271;
1900-01-01 09:01:18;1150.0;1745708478;97.395;100.223;91.633;102.249;
1900-01-01 09:01:19;1151.0;1745708479;97.395;100.125;91.56;102.242;
1900-01-01 09:01:20;1152.0;1745708480;97.402;100.063;91.56;102.242;
1900-01-01 09:01:21;1153.0;1745708481;97.51;100.063;91.533;102.168;
1900-01-01 09:01:22;1154.0;1745708482;97.51;100.054;91.57;102.2;
1900-01-01 09:01:23;1155.0;1745708483;97.458;99.941;91.57;102.2;
1900-01-01 09:01:24;1156.0;1745708484;97.461;99.941;91.67;102.316;
1900-01-01 09:01:25;1157.0;1745708485;97.461;99.996;91.584;102.224;
1900-01-01 09:01:26;1158.0;1745708486;97.423;100.008;91.631;102.224;
1900-01-01 09:01:27;1159.0;1745708487;97.423;100.008;91.631;102.238;
1900-01-01 09:01:28;1160.0;1745708488;97.423;100.056;91.636;102.238;
1900-01-01 09:01:29;1161.0;1745708489;97.458;99.932;91.636;102.239;
1900-01-01 09:01:30;1162.0;1745708490;97.363;99.932;91.648;102.291;
1900-01-01 09:01:31;1163.0;1745708491;97.363;99.922;91.527;102.266;
1900-01-01 09:01:32;1164.0;1745708492;97.494;99.848;91.527;102.266;
1900-01-01 09:01:33;1165.0;1745708493;97.418;99.848;91.553;102.306;
1900-01-01 09:01:34;1166.0;1745708494;97.418;99.883;91.502;102.17;
1900-01-01 09:01:35;1167.0;1745708495;97.46;99.799;91.502;102.17;
1900-01-01 09:01:36;1168.0;1745708496;97.46;99.799;91.408;102.246;
1900-01-01 09:01:37;1169.0;1745708497;97.483;99.823;91.299;102.246;
1900-01-01 09:01:39;1170.0;1745708499;97.285;99.735;91.299;102.213;
1900-01-01 09:01:39;1171.0;1745708499;97.285;99.735;91.365;102.131;
1900-01-01 09:01:41;1172.0;1745708501;97.303;99.717;91.298;102.131;
1900-01-01 09:01:41;1173.0;1745708501;97.301;99.717;91.298;102.223;
1900-01-01 09:01:42;1174.0;1745708502;97.301;99.624;91.382;102.14;
1900-01-01 09:01:44;1175.0;1745708504;97.317;99.63;91.436;102.14;
1900-01-01 09:01:44;1176.0;1745708504;97.354;99.63;91.436;102.268;
1900-01-01 09:01:45;1177.0;1745708505;97.354;99.635;91.414;102.16;
1900-01-01 09:01:46;1178.0;1745708506;97.276;99.652;91.414;102.16;
1900-01-01 09:01:47;1179.0;1745708507;97.276;99.652;91.445;102.256;
1900-01-01 09:01:48;1180.0;1745708508;97.291;99.67;91.343;102.281;
1900-01-01 09:01:49;1181.0;1745708509;97.391;99.591;91.343;102.281;
1900-01-01 09:01:50;1182.0;1745708510;97.391;99.591;91.275;102.269;
1900-01-01 09:01:51;1183.0;1745708511;97.34;99.677;91.144;102.269;
1900-01-01 09:01:52;1184.0;1745708512;97.223;99.584;91.144;102.263;
1900-01-01 09:01:53;1185.0;1745708513;97.223;99.584;91.255;102.25;
1900-01-01 09:01:54;1186.0;1745708514;97.295;99.594;91.247;102.25;
1900-01-01 09:01:55;1187.0;1745708515;97.243;99.594;91.247;102.265;
1900-01-01 09:01:56;1188.0;1745708516;97.243;99.602;91.29;102.297;
1900-01-01 09:01:57;1189.0;1745708517;97.242;99.536;91.369;102.297;
1900-01-01 09:01:58;1190.0;1745708518;97.274;99.536;91.369;102.249;
1900-01-01 09:01:59;1191.0;1745708519;97.274;99.623;91.42;102.197;
1900-01-01 09:02:00;1192.0;1745708520;97.189;99.607;91.325;102.197;
1900-01-01 09:02:01;1193.0;1745708521;97.221;99.607;91.325;102.234;
1900-01-01 09:02:02;1194.0;1745708522;97.221;99.651;91.34;102.196;
1900-01-01 09:02:03;1195.0;1745708523;97.14;99.658;91.403;102.196;
1900-01-01 09:02:04;1196.0;1745708524;97.199;99.658;91.403;102.201;
1900-01-01 09:02:05;1197.0;1745708525;97.199;99.649;91.304;102.154;
1900-01-01 09:02:06;1198.0;1745708526;97.203;99.634;91.304;102.154;
1900-01-01 09:02:07;1199.0;1745708527;97.185;99.634;91.321;102.16;
1900-01-01 09:02:08;1200.0;1745708528;97.185;99.716;91.37;102.058;
