Time;Seconds from start for linreg;Unix Time;ch1 po2;ch2 po2;ch3 po2;ch4 po2;
1900-01-01 16:02:07;1.0;1745647327;96.35;101.407;100.612;108.92;
1900-01-01 16:02:08;2.0;1745647328;96.237;101.407;100.573;108.925;
1900-01-01 16:02:09;3.0;1745647329;96.237;101.341;100.624;108.902;
1900-01-01 16:02:10;4.0;1745647330;96.163;101.393;100.624;108.902;
1900-01-01 16:02:11;5.0;1745647331;96.145;101.393;100.599;108.922;
1900-01-01 16:02:12;6.0;1745647332;96.145;101.429;100.613;108.937;
1900-01-01 16:02:13;7.0;1745647333;96.136;101.38;100.613;108.937;
1900-01-01 16:02:14;8.0;1745647334;96.065;101.38;100.627;108.941;
1900-01-01 16:02:15;9.0;1745647335;96.065;101.435;100.642;108.981;
1900-01-01 16:02:16;10.0;1745647336;96.035;101.406;100.642;108.981;
1900-01-01 16:02:17;11.0;1745647337;96.035;101.406;100.652;108.969;
1900-01-01 16:02:18;12.0;1745647338;96.04;101.39;100.693;108.942;
1900-01-01 16:02:19;13.0;1745647339;95.889;101.295;100.693;108.942;
1900-01-01 16:02:20;14.0;1745647340;95.889;101.295;100.651;108.967;
1900-01-01 16:02:21;15.0;1745647341;95.932;101.353;100.67;108.967;
1900-01-01 16:02:22;16.0;1745647342;95.846;101.354;100.67;108.92;
1900-01-01 16:02:23;17.0;1745647343;95.846;101.354;100.627;108.971;
1900-01-01 16:02:24;18.0;1745647344;95.983;101.323;100.564;108.971;
1900-01-01 16:02:25;19.0;1745647345;95.972;101.323;100.564;108.974;
1900-01-01 16:02:26;20.0;1745647346;95.972;101.315;100.571;108.998;
1900-01-01 16:02:27;21.0;1745647347;95.954;101.357;100.533;108.998;
1900-01-01 16:02:28;22.0;1745647348;96.144;101.357;100.533;108.992;
1900-01-01 16:02:29;23.0;1745647349;96.144;101.323;100.549;109.067;
1900-01-01 16:02:30;24.0;1745647350;96.189;101.368;100.567;109.067;
1900-01-01 16:02:31;25.0;1745647351;96.15;101.368;100.567;109.069;
1900-01-01 16:02:32;26.0;1745647352;96.15;101.382;100.578;109.058;
1900-01-01 16:02:33;27.0;1745647353;96.166;101.381;100.578;109.058;
1900-01-01 16:02:34;28.0;1745647354;96.158;101.381;100.617;109.084;
1900-01-01 16:02:35;29.0;1745647355;96.158;101.258;100.562;108.977;
1900-01-01 16:02:36;30.0;1745647356;96.209;101.197;100.562;108.977;
1900-01-01 16:02:37;31.0;1745647357;96.201;101.197;100.607;109.051;
1900-01-01 16:02:38;32.0;1745647358;96.201;101.114;100.615;109.039;
1900-01-01 16:02:39;33.0;1745647359;96.159;101.17;100.615;109.039;
1900-01-01 16:02:40;34.0;1745647360;96.117;101.17;100.561;109.108;
1900-01-01 16:02:41;35.0;1745647361;96.117;101.194;100.608;109.108;
1900-01-01 16:02:42;36.0;1745647362;96.195;101.27;100.608;109.024;
1900-01-01 16:02:43;37.0;1745647363;96.195;101.27;100.618;109.08;
1900-01-01 16:02:44;38.0;1745647364;96.09;101.183;100.54;109.08;
1900-01-01 16:02:45;39.0;1745647365;96.014;101.183;100.54;109.102;
1900-01-01 16:02:46;40.0;1745647366;96.014;101.242;100.647;109.075;
1900-01-01 16:02:47;41.0;1745647367;96.065;101.214;100.656;109.075;
1900-01-01 16:02:48;42.0;1745647368;96.071;101.214;100.656;109.118;
1900-01-01 16:02:49;43.0;1745647369;96.071;101.173;100.631;109.095;
1900-01-01 16:02:50;44.0;1745647370;95.977;101.247;100.687;109.095;
1900-01-01 16:02:51;45.0;1745647371;95.957;101.247;100.687;109.063;
1900-01-01 16:02:52;46.0;1745647372;95.957;101.231;100.653;109.058;
1900-01-01 16:02:53;47.0;1745647373;95.921;101.248;100.653;109.058;
1900-01-01 16:02:54;48.0;1745647374;95.909;101.248;100.565;109.097;
1900-01-01 16:02:55;49.0;1745647375;95.909;101.214;100.571;109.127;
1900-01-01 16:02:56;50.0;1745647376;95.879;101.222;100.571;109.127;
1900-01-01 16:02:57;51.0;1745647377;95.824;101.222;100.608;109.173;
1900-01-01 16:02:58;52.0;1745647378;95.824;101.248;100.655;109.178;
1900-01-01 16:02:59;53.0;1745647379;95.708;101.176;100.655;109.178;
1900-01-01 16:03:00;54.0;1745647380;95.708;101.176;100.599;109.218;
1900-01-01 16:03:01;55.0;1745647381;95.668;101.234;100.568;109.218;
1900-01-01 16:03:02;56.0;1745647382;95.597;101.299;100.568;109.2;
1900-01-01 16:03:03;57.0;1745647384;95.616;101.299;100.581;109.222;
1900-01-01 16:03:04;58.0;1745647384;95.616;101.296;100.594;109.222;
1900-01-01 16:03:05;59.0;1745647385;95.572;101.291;100.594;109.235;
1900-01-01 16:03:06;60.0;1745647386;95.572;101.291;100.666;109.23;
1900-01-01 16:03:07;61.0;1745647387;95.546;101.324;100.643;109.23;
1900-01-01 16:03:08;62.0;1745647388;95.553;101.324;100.643;109.193;
1900-01-01 16:03:09;63.0;1745647389;95.553;101.308;100.617;109.22;
1900-01-01 16:03:10;64.0;1745647390;95.532;101.39;100.549;109.22;
1900-01-01 16:03:12;65.0;1745647392;95.569;101.39;100.549;109.193;
1900-01-01 16:03:12;66.0;1745647392;95.569;101.279;100.667;109.286;
1900-01-01 16:03:13;67.0;1745647393;95.537;101.357;100.583;109.286;
1900-01-01 16:03:14;68.0;1745647394;95.52;101.357;100.583;109.198;
1900-01-01 16:03:15;69.0;1745647395;95.52;101.329;100.63;109.187;
1900-01-01 16:03:16;70.0;1745647396;95.436;101.18;100.63;109.187;
1900-01-01 16:03:17;71.0;1745647397;95.419;101.18;100.67;109.245;
1900-01-01 16:03:18;72.0;1745647398;95.419;101.163;100.573;109.245;
1900-01-01 16:03:19;73.0;1745647399;95.425;101.197;100.573;109.19;
1900-01-01 16:03:20;74.0;1745647400;95.452;101.197;100.652;109.236;
1900-01-01 16:03:21;75.0;1745647401;95.452;101.212;100.574;109.236;
1900-01-01 16:03:22;76.0;1745647402;95.362;101.215;100.574;109.247;
1900-01-01 16:03:23;77.0;1745647403;95.362;101.215;100.57;109.311;
1900-01-01 16:03:24;78.0;1745647404;95.279;101.173;100.646;109.311;
1900-01-01 16:03:25;79.0;1745647405;95.266;101.173;100.646;109.232;
1900-01-01 16:03:26;80.0;1745647406;95.266;101.164;100.594;109.234;
1900-01-01 16:03:28;81.0;1745647408;95.231;101.205;100.565;109.234;
1900-01-01 16:03:28;82.0;1745647408;95.196;101.205;100.565;109.201;
1900-01-01 16:03:29;83.0;1745647409;95.196;101.137;100.59;109.205;
1900-01-01 16:03:30;84.0;1745647410;95.156;101.18;100.648;109.205;
1900-01-01 16:03:31;85.0;1745647411;95.109;101.18;100.648;109.296;
1900-01-01 16:03:32;86.0;1745647412;95.109;101.127;100.681;109.324;
1900-01-01 16:03:33;87.0;1745647413;95.109;101.188;100.64;109.324;
1900-01-01 16:03:34;88.0;1745647414;95.125;101.188;100.64;109.31;
1900-01-01 16:03:35;89.0;1745647415;95.125;101.107;100.632;109.21;
1900-01-01 16:03:36;90.0;1745647416;95.133;101.2;100.632;109.21;
1900-01-01 16:03:37;91.0;1745647417;95.136;101.2;100.696;109.323;
1900-01-01 16:03:38;92.0;1745647418;95.136;101.25;100.662;109.215;
1900-01-01 16:03:39;93.0;1745647419;95.128;101.052;100.662;109.215;
1900-01-01 16:03:40;94.0;1745647420;95.154;101.052;100.662;109.274;
1900-01-01 16:03:41;95.0;1745647421;95.154;101.149;100.709;109.265;
1900-01-01 16:03:42;96.0;1745647422;95.103;101.068;100.709;109.265;
1900-01-01 16:03:43;97.0;1745647423;95.067;101.068;100.656;109.239;
1900-01-01 16:03:44;98.0;1745647424;95.067;101.127;100.747;109.374;
1900-01-01 16:03:46;99.0;1745647426;95.147;101.141;100.747;109.374;
1900-01-01 16:03:46;100.0;1745647426;95.147;101.141;100.713;109.226;
1900-01-01 16:03:47;101.0;1745647427;95.117;101.078;100.626;109.226;
1900-01-01 16:03:48;102.0;1745647428;95.083;101.045;100.626;109.373;
1900-01-01 16:03:49;103.0;1745647429;95.083;101.045;100.735;109.324;
1900-01-01 16:03:50;104.0;1745647430;95.008;101.14;100.621;109.324;
1900-01-01 16:03:51;105.0;1745647431;94.953;101.138;100.621;109.382;
1900-01-01 16:03:52;106.0;1745647432;94.953;101.138;100.73;109.325;
1900-01-01 16:03:53;107.0;1745647433;94.961;101.095;100.649;109.325;
1900-01-01 16:03:55;108.0;1745647435;95.021;101.059;100.649;109.321;
1900-01-01 16:03:55;109.0;1745647435;95.021;101.059;100.635;109.345;
1900-01-01 16:03:56;110.0;1745647436;94.991;101.0;100.625;109.345;
1900-01-01 16:03:58;111.0;1745647438;94.997;101.0;100.625;109.345;
1900-01-01 16:03:58;112.0;1745647438;94.997;101.075;100.591;109.354;
1900-01-01 16:03:59;113.0;1745647439;94.942;101.032;100.591;109.354;
1900-01-01 16:04:00;114.0;1745647440;94.978;101.032;100.587;109.319;
1900-01-01 16:04:01;115.0;1745647441;94.978;100.986;100.539;109.319;
1900-01-01 16:04:02;116.0;1745647442;94.904;101.023;100.539;109.389;
1900-01-01 16:04:03;117.0;1745647443;94.952;101.023;100.535;109.404;
1900-01-01 16:04:04;118.0;1745647444;94.952;101.015;100.414;109.404;
1900-01-01 16:04:05;119.0;1745647445;94.9;101.029;100.414;109.456;
1900-01-01 16:04:06;120.0;1745647446;94.9;101.029;100.486;109.461;
1900-01-01 16:04:07;121.0;1745647447;94.866;101.04;100.422;109.461;
1900-01-01 16:04:08;122.0;1745647448;94.773;101.033;100.422;109.34;
1900-01-01 16:04:09;123.0;1745647449;94.763;101.033;100.455;109.406;
1900-01-01 16:04:10;124.0;1745647450;94.763;101.1;100.473;109.406;
1900-01-01 16:04:11;125.0;1745647451;94.687;101.087;100.473;109.483;
1900-01-01 16:04:12;126.0;1745647452;94.687;101.087;100.473;109.415;
1900-01-01 16:04:13;127.0;1745647453;94.69;101.173;100.517;109.471;
1900-01-01 16:04:14;128.0;1745647454;94.628;101.127;100.517;109.471;
1900-01-01 16:04:15;129.0;1745647455;94.628;101.127;100.587;109.496;
1900-01-01 16:04:16;130.0;1745647456;94.497;101.07;100.63;109.496;
1900-01-01 16:04:17;131.0;1745647457;94.378;101.162;100.63;109.48;
1900-01-01 16:04:18;132.0;1745647458;94.404;101.162;100.637;109.53;
1900-01-01 16:04:19;133.0;1745647459;94.404;101.106;100.647;109.394;
1900-01-01 16:04:20;134.0;1745647460;94.403;101.122;100.647;109.394;
1900-01-01 16:04:21;135.0;1745647461;94.403;101.122;100.605;109.557;
1900-01-01 16:04:22;136.0;1745647462;94.471;101.061;100.626;109.557;
1900-01-01 16:04:23;137.0;1745647463;94.41;101.087;100.626;109.478;
1900-01-01 16:04:24;138.0;1745647464;94.414;101.087;100.591;109.451;
1900-01-01 16:04:25;139.0;1745647465;94.414;101.033;100.533;109.451;
1900-01-01 16:04:26;140.0;1745647466;94.526;101.017;100.533;109.538;
1900-01-01 16:04:27;141.0;1745647467;94.526;101.017;100.572;109.493;
1900-01-01 16:04:28;142.0;1745647468;94.37;100.992;100.581;109.493;
1900-01-01 16:04:29;143.0;1745647469;94.435;101.129;100.581;109.507;
1900-01-01 16:04:30;144.0;1745647470;94.477;101.129;100.584;109.469;
1900-01-01 16:04:31;145.0;1745647471;94.477;101.022;100.583;109.469;
1900-01-01 16:04:32;146.0;1745647472;94.47;101.076;100.583;109.545;
1900-01-01 16:04:33;147.0;1745647473;94.504;101.076;100.629;109.627;
1900-01-01 16:04:34;148.0;1745647474;94.504;101.059;100.642;109.574;
1900-01-01 16:04:35;149.0;1745647475;94.411;100.958;100.642;109.574;
1900-01-01 16:04:36;150.0;1745647476;94.411;100.958;100.562;109.522;
1900-01-01 16:04:37;151.0;1745647477;94.427;101.069;100.633;109.522;
1900-01-01 16:04:38;152.0;1745647478;94.424;101.051;100.633;109.51;
1900-01-01 16:04:39;153.0;1745647479;94.435;101.051;100.621;109.509;
1900-01-01 16:04:40;154.0;1745647480;94.435;101.01;100.658;109.509;
1900-01-01 16:04:41;155.0;1745647481;94.38;101.043;100.658;109.59;
1900-01-01 16:04:42;156.0;1745647482;94.38;101.043;100.673;109.577;
1900-01-01 16:04:43;157.0;1745647483;94.285;101.064;100.553;109.67;
1900-01-01 16:04:44;158.0;1745647484;94.263;101.064;100.553;109.67;
1900-01-01 16:04:45;159.0;1745647485;94.263;101.059;100.614;109.626;
1900-01-01 16:04:46;160.0;1745647486;94.196;100.971;100.568;109.626;
1900-01-01 16:04:47;161.0;1745647487;94.197;100.993;100.568;109.69;
1900-01-01 16:04:48;162.0;1745647488;94.197;100.993;100.55;109.633;
1900-01-01 16:04:49;163.0;1745647489;94.244;101.078;100.515;109.633;
1900-01-01 16:04:50;164.0;1745647490;94.192;100.914;100.515;109.615;
1900-01-01 16:04:51;165.0;1745647491;94.192;100.914;100.458;109.573;
1900-01-01 16:04:52;166.0;1745647492;94.187;101.011;100.462;109.628;
1900-01-01 16:04:53;167.0;1745647493;94.191;100.986;100.462;109.628;
1900-01-01 16:04:54;168.0;1745647494;94.191;100.986;100.377;109.609;
1900-01-01 16:04:55;169.0;1745647495;94.116;100.954;100.389;109.609;
1900-01-01 16:04:56;170.0;1745647496;94.032;100.964;100.389;109.571;
1900-01-01 16:04:57;171.0;1745647497;94.02;100.964;100.399;109.685;
1900-01-01 16:04:58;172.0;1745647498;94.02;100.879;100.377;109.685;
1900-01-01 16:04:59;173.0;1745647499;93.92;100.855;100.377;109.587;
1900-01-01 16:05:00;174.0;1745647500;93.92;100.855;100.266;109.56;
1900-01-01 16:05:01;175.0;1745647501;93.936;100.858;100.282;109.56;
1900-01-01 16:05:02;176.0;1745647502;93.919;100.794;100.282;109.584;
1900-01-01 16:05:03;177.0;1745647503;93.806;100.794;100.302;109.638;
1900-01-01 16:05:04;178.0;1745647504;93.806;100.889;100.339;109.638;
1900-01-01 16:05:05;179.0;1745647505;93.826;100.876;100.339;109.56;
1900-01-01 16:05:06;180.0;1745647506;93.775;100.876;100.353;109.606;
1900-01-01 16:05:07;181.0;1745647507;93.775;100.822;100.272;109.59;
1900-01-01 16:05:08;182.0;1745647508;93.766;100.771;100.272;109.59;
1900-01-01 16:05:09;183.0;1745647509;93.766;100.771;100.287;109.562;
1900-01-01 16:05:10;184.0;1745647510;93.721;100.771;100.431;109.755;
1900-01-01 16:05:11;185.0;1745647511;93.865;100.775;100.431;109.755;
1900-01-01 16:05:13;186.0;1745647513;93.869;100.775;100.426;109.621;
1900-01-01 16:05:13;187.0;1745647513;93.869;100.79;100.372;109.621;
1900-01-01 16:05:14;188.0;1745647514;93.837;100.735;100.372;109.675;
1900-01-01 16:05:15;189.0;1745647515;93.802;100.735;100.501;109.689;
1900-01-01 16:05:16;190.0;1745647516;93.802;100.768;100.472;109.678;
1900-01-01 16:05:17;191.0;1745647517;93.747;100.753;100.472;109.678;
1900-01-01 16:05:18;192.0;1745647518;93.747;100.753;100.519;109.622;
1900-01-01 16:05:19;193.0;1745647519;93.751;100.875;100.556;109.632;
1900-01-01 16:05:20;194.0;1745647520;93.736;100.875;100.556;109.632;
1900-01-01 16:05:21;195.0;1745647521;93.736;100.799;100.462;109.661;
1900-01-01 16:05:23;196.0;1745647523;93.677;100.956;100.56;109.777;
1900-01-01 16:05:23;197.0;1745647523;93.62;100.956;100.56;109.777;
1900-01-01 16:05:24;198.0;1745647524;93.62;100.812;100.519;109.743;
1900-01-01 16:05:25;199.0;1745647525;93.596;100.856;100.608;109.743;
1900-01-01 16:05:26;200.0;1745647526;93.592;100.856;100.608;109.781;
1900-01-01 16:05:27;201.0;1745647527;93.592;100.892;100.512;109.724;
1900-01-01 16:05:28;202.0;1745647528;93.552;100.822;100.5;109.724;
1900-01-01 16:05:29;203.0;1745647529;93.598;100.822;100.5;109.818;
1900-01-01 16:05:30;204.0;1745647530;93.598;100.808;100.585;109.743;
1900-01-01 16:05:31;205.0;1745647531;93.597;100.818;100.592;109.743;
1900-01-01 16:05:33;206.0;1745647533;93.536;100.818;100.592;109.783;
1900-01-01 16:05:33;207.0;1745647533;93.536;100.841;100.602;109.745;
1900-01-01 16:05:34;208.0;1745647534;93.516;100.735;100.705;109.745;
1900-01-01 16:05:35;209.0;1745647535;93.454;100.735;100.705;109.74;
1900-01-01 16:05:36;210.0;1745647536;93.454;100.805;100.632;109.76;
1900-01-01 16:05:37;211.0;1745647537;93.496;100.692;100.632;109.76;
1900-01-01 16:05:38;212.0;1745647538;93.453;100.692;100.631;109.792;
1900-01-01 16:05:39;213.0;1745647539;93.453;100.794;100.621;109.792;
1900-01-01 16:05:40;214.0;1745647540;93.453;100.799;100.621;109.739;
1900-01-01 16:05:41;215.0;1745647541;93.453;100.799;100.648;109.715;
1900-01-01 16:05:42;216.0;1745647542;93.39;100.831;100.599;109.701;
1900-01-01 16:05:43;217.0;1745647543;93.307;100.824;100.599;109.701;
1900-01-01 16:05:44;218.0;1745647544;93.307;100.824;100.516;109.68;
1900-01-01 16:05:45;219.0;1745647545;93.25;100.875;100.566;109.68;
1900-01-01 16:05:46;220.0;1745647546;93.312;100.928;100.566;109.75;
1900-01-01 16:05:47;221.0;1745647547;93.312;100.928;100.487;109.736;
1900-01-01 16:05:48;222.0;1745647548;93.229;100.887;100.561;109.736;
1900-01-01 16:05:49;223.0;1745647549;93.213;100.85;100.561;109.818;
1900-01-01 16:05:50;224.0;1745647550;93.213;100.85;100.551;109.769;
1900-01-01 16:05:51;225.0;1745647551;93.201;100.779;100.551;109.769;
1900-01-01 16:05:52;226.0;1745647552;93.149;100.779;100.551;109.81;
1900-01-01 16:05:53;227.0;1745647553;93.149;100.872;100.568;109.82;
1900-01-01 16:05:54;228.0;1745647554;93.147;100.827;100.568;109.82;
1900-01-01 16:05:55;229.0;1745647555;93.121;100.827;100.584;109.755;
1900-01-01 16:05:56;230.0;1745647556;93.121;100.684;100.66;109.731;
1900-01-01 16:05:57;231.0;1745647557;93.165;100.723;100.66;109.731;
1900-01-01 16:05:58;232.0;1745647558;93.157;100.723;100.61;109.834;
1900-01-01 16:05:59;233.0;1745647559;93.157;100.587;100.571;109.859;
1900-01-01 16:06:00;234.0;1745647560;92.974;100.591;100.571;109.859;
1900-01-01 16:06:01;235.0;1745647561;93.075;100.591;100.6;109.808;
1900-01-01 16:06:02;236.0;1745647562;93.075;100.631;100.554;109.875;
1900-01-01 16:06:03;237.0;1745647563;93.04;100.496;100.554;109.875;
1900-01-01 16:06:04;238.0;1745647564;93.04;100.496;100.643;109.855;
1900-01-01 16:06:05;239.0;1745647565;92.961;100.584;100.658;109.855;
1900-01-01 16:06:06;240.0;1745647566;92.93;100.65;100.658;109.917;
1900-01-01 16:06:07;241.0;1745647567;92.93;100.65;100.638;109.782;
1900-01-01 16:06:08;242.0;1745647568;92.904;100.667;100.63;109.782;
1900-01-01 16:06:09;243.0;1745647569;92.957;100.667;100.63;109.838;
1900-01-01 16:06:10;244.0;1745647570;92.957;100.676;100.55;109.858;
1900-01-01 16:06:11;245.0;1745647571;92.904;100.639;100.615;109.858;
1900-01-01 16:06:12;246.0;1745647572;92.923;100.639;100.615;109.834;
1900-01-01 16:06:13;247.0;1745647573;92.923;100.656;100.547;109.89;
1900-01-01 16:06:14;248.0;1745647574;92.979;100.693;100.541;109.89;
1900-01-01 16:06:15;249.0;1745647575;92.944;100.693;100.541;109.866;
1900-01-01 16:06:16;250.0;1745647576;92.944;100.535;100.607;109.896;
1900-01-01 16:06:17;251.0;1745647577;92.927;100.628;100.561;109.896;
1900-01-01 16:06:18;252.0;1745647578;92.927;100.628;100.561;109.892;
1900-01-01 16:06:19;253.0;1745647579;92.897;100.651;100.601;109.937;
1900-01-01 16:06:20;254.0;1745647580;92.901;100.62;100.601;109.937;
1900-01-01 16:06:21;255.0;1745647581;92.901;100.62;100.503;109.899;
1900-01-01 16:06:22;256.0;1745647582;92.885;100.592;100.595;109.932;
1900-01-01 16:06:23;257.0;1745647583;92.783;100.587;100.595;109.932;
1900-01-01 16:06:24;258.0;1745647584;92.783;100.587;100.476;109.914;
1900-01-01 16:06:25;259.0;1745647585;92.679;100.634;100.607;109.914;
1900-01-01 16:06:26;260.0;1745647586;92.67;100.544;100.607;109.904;
1900-01-01 16:06:27;261.0;1745647587;92.67;100.544;100.602;109.932;
1900-01-01 16:06:28;262.0;1745647588;92.603;100.527;100.553;109.932;
1900-01-01 16:06:29;263.0;1745647589;92.567;100.575;100.553;109.894;
1900-01-01 16:06:30;264.0;1745647590;92.567;100.575;100.556;109.946;
1900-01-01 16:06:31;265.0;1745647591;92.589;100.538;100.576;109.946;
1900-01-01 16:06:32;266.0;1745647592;92.624;100.587;100.576;109.88;
1900-01-01 16:06:33;267.0;1745647593;92.624;100.587;100.541;109.974;
1900-01-01 16:06:34;268.0;1745647594;92.577;100.504;100.46;109.974;
1900-01-01 16:06:35;269.0;1745647595;92.489;100.504;100.46;109.953;
1900-01-01 16:06:36;270.0;1745647596;92.489;100.559;100.557;109.984;
1900-01-01 16:06:37;271.0;1745647597;92.412;100.571;100.506;109.984;
1900-01-01 16:06:38;272.0;1745647598;92.35;100.571;100.506;110.021;
1900-01-01 16:06:39;273.0;1745647599;92.35;100.583;100.55;109.96;
1900-01-01 16:06:40;274.0;1745647600;92.223;100.624;100.55;109.96;
1900-01-01 16:06:41;275.0;1745647601;92.178;100.624;100.499;110.111;
1900-01-01 16:06:42;276.0;1745647602;92.178;100.629;100.494;109.993;
1900-01-01 16:06:44;277.0;1745647604;92.107;100.533;100.485;109.993;
1900-01-01 16:06:44;278.0;1745647604;92.107;100.533;100.485;109.983;
1900-01-01 16:06:45;279.0;1745647605;92.093;100.564;100.504;109.957;
1900-01-01 16:06:46;280.0;1745647606;92.176;100.589;100.504;109.957;
1900-01-01 16:06:47;281.0;1745647607;92.201;100.589;100.535;109.965;
1900-01-01 16:06:48;282.0;1745647608;92.201;100.536;100.507;109.965;
1900-01-01 16:06:49;283.0;1745647609;92.139;100.55;100.507;109.914;
1900-01-01 16:06:50;284.0;1745647610;92.139;100.55;100.469;110.077;
1900-01-01 16:06:51;285.0;1745647611;92.204;100.525;100.472;109.894;
1900-01-01 16:06:52;286.0;1745647612;92.189;100.565;100.472;109.894;
1900-01-01 16:06:53;287.0;1745647613;92.189;100.565;100.496;109.947;
1900-01-01 16:06:54;288.0;1745647614;92.164;100.559;100.527;109.947;
1900-01-01 16:06:55;289.0;1745647615;92.2;100.559;100.527;109.862;
1900-01-01 16:06:56;290.0;1745647616;92.2;100.51;100.551;109.934;
1900-01-01 16:06:57;291.0;1745647617;92.209;100.568;100.457;109.934;
1900-01-01 16:06:58;292.0;1745647618;92.131;100.568;100.457;109.938;
1900-01-01 16:06:59;293.0;1745647619;92.131;100.528;100.491;109.941;
1900-01-01 16:07:00;294.0;1745647620;91.923;100.582;100.407;109.941;
1900-01-01 16:07:01;295.0;1745647621;91.801;100.582;100.407;110.011;
1900-01-01 16:07:02;296.0;1745647622;91.801;100.489;100.498;110.048;
1900-01-01 16:07:03;297.0;1745647623;91.745;100.493;100.476;110.048;
1900-01-01 16:07:04;298.0;1745647624;91.705;100.493;100.476;110.009;
1900-01-01 16:07:05;299.0;1745647625;91.705;100.573;100.455;110.109;
1900-01-01 16:07:06;300.0;1745647626;91.724;100.41;100.455;110.109;
1900-01-01 16:07:07;301.0;1745647627;91.631;100.41;100.412;110.03;
1900-01-01 16:07:08;302.0;1745647628;91.631;100.368;100.466;110.103;
1900-01-01 16:07:09;303.0;1745647629;91.717;100.337;100.546;110.103;
1900-01-01 16:07:10;304.0;1745647630;91.718;100.337;100.546;110.021;
1900-01-01 16:07:11;305.0;1745647631;91.718;100.364;100.559;110.013;
1900-01-01 16:07:12;306.0;1745647632;91.681;100.375;100.559;110.013;
1900-01-01 16:07:14;307.0;1745647634;91.654;100.375;100.441;110.113;
1900-01-01 16:07:14;308.0;1745647634;91.654;100.332;100.416;110.211;
1900-01-01 16:07:15;309.0;1745647635;91.759;100.452;100.416;110.211;
1900-01-01 16:07:16;310.0;1745647636;91.759;100.452;100.396;110.035;
1900-01-01 16:07:17;311.0;1745647637;91.692;100.354;100.361;110.035;
1900-01-01 16:07:19;312.0;1745647639;91.681;100.358;100.361;110.093;
1900-01-01 16:07:19;313.0;1745647639;91.681;100.358;100.421;110.108;
1900-01-01 16:07:20;314.0;1745647640;91.782;100.325;100.488;110.108;
1900-01-01 16:07:21;315.0;1745647641;91.83;100.325;100.488;110.122;
1900-01-01 16:07:22;316.0;1745647642;91.83;100.415;100.399;110.079;
1900-01-01 16:07:23;317.0;1745647643;91.825;100.367;100.447;110.079;
1900-01-01 16:07:24;318.0;1745647644;91.859;100.367;100.447;110.207;
1900-01-01 16:07:25;319.0;1745647645;91.859;100.332;100.339;110.14;
1900-01-01 16:07:26;320.0;1745647646;91.856;100.394;100.395;110.14;
1900-01-01 16:07:28;321.0;1745647648;91.855;100.394;100.395;110.115;
1900-01-01 16:07:28;322.0;1745647648;91.855;100.271;100.382;110.197;
1900-01-01 16:07:29;323.0;1745647649;91.868;100.301;100.382;110.197;
1900-01-01 16:07:30;324.0;1745647650;91.868;100.301;100.419;110.075;
1900-01-01 16:07:31;325.0;1745647651;91.754;100.295;100.481;110.075;
1900-01-01 16:07:32;326.0;1745647652;91.815;100.336;100.481;110.087;
1900-01-01 16:07:33;327.0;1745647653;91.815;100.336;100.448;110.227;
1900-01-01 16:07:34;328.0;1745647654;91.795;100.315;100.449;110.227;
1900-01-01 16:07:35;329.0;1745647655;91.699;100.359;100.449;110.162;
1900-01-01 16:07:36;330.0;1745647656;91.699;100.359;100.435;110.154;
1900-01-01 16:07:37;331.0;1745647657;91.793;100.296;100.4;110.154;
1900-01-01 16:07:38;332.0;1745647658;91.743;100.347;100.4;110.175;
1900-01-01 16:07:39;333.0;1745647659;91.743;100.347;100.399;110.102;
1900-01-01 16:07:40;334.0;1745647660;91.759;100.335;100.452;110.102;
1900-01-01 16:07:41;335.0;1745647661;91.702;100.335;100.452;110.113;
1900-01-01 16:07:42;336.0;1745647662;91.702;100.32;100.396;110.16;
1900-01-01 16:07:43;337.0;1745647663;91.654;100.165;100.442;110.16;
1900-01-01 16:07:44;338.0;1745647664;91.638;100.165;100.442;110.194;
1900-01-01 16:07:45;339.0;1745647665;91.638;100.227;100.397;110.116;
1900-01-01 16:07:46;340.0;1745647666;91.575;100.246;100.376;110.116;
1900-01-01 16:07:47;341.0;1745647667;91.577;100.246;100.376;110.196;
1900-01-01 16:07:48;342.0;1745647668;91.577;100.203;100.307;110.21;
1900-01-01 16:07:49;343.0;1745647669;91.462;100.139;100.307;110.21;
1900-01-01 16:07:50;344.0;1745647670;91.52;100.139;100.331;110.197;
1900-01-01 16:07:51;345.0;1745647671;91.52;100.072;100.341;110.197;
1900-01-01 16:07:52;346.0;1745647672;91.405;100.133;100.341;110.17;
1900-01-01 16:07:53;347.0;1745647673;91.369;100.133;100.422;110.186;
1900-01-01 16:07:54;348.0;1745647674;91.369;100.116;100.364;110.186;
1900-01-01 16:07:55;349.0;1745647675;91.317;100.206;100.364;110.199;
1900-01-01 16:07:56;350.0;1745647676;91.278;100.206;100.404;110.162;
1900-01-01 16:07:57;351.0;1745647677;91.278;100.188;100.433;110.162;
1900-01-01 16:07:58;352.0;1745647678;91.233;100.086;100.433;110.251;
1900-01-01 16:07:59;353.0;1745647679;91.233;100.086;100.424;110.267;
1900-01-01 16:08:00;354.0;1745647680;91.275;100.134;100.416;110.267;
1900-01-01 16:08:01;355.0;1745647681;91.245;100.134;100.416;110.243;
1900-01-01 16:08:02;356.0;1745647682;91.245;100.165;100.478;110.22;
1900-01-01 16:08:03;357.0;1745647683;91.171;100.145;100.383;110.22;
1900-01-01 16:08:04;358.0;1745647684;91.113;100.145;100.383;110.249;
1900-01-01 16:08:05;359.0;1745647685;91.113;100.101;100.373;110.241;
1900-01-01 16:08:06;360.0;1745647686;91.047;100.123;100.369;110.241;
1900-01-01 16:08:07;361.0;1745647687;91.013;100.123;100.369;110.311;
1900-01-01 16:08:08;362.0;1745647688;91.013;100.095;100.393;110.291;
1900-01-01 16:08:09;363.0;1745647689;91.009;99.991;100.393;110.291;
1900-01-01 16:08:10;364.0;1745647690;90.996;99.991;100.361;110.292;
1900-01-01 16:08:11;365.0;1745647691;90.996;99.944;100.33;110.292;
1900-01-01 16:08:12;366.0;1745647692;90.967;100.031;100.33;110.27;
1900-01-01 16:08:13;367.0;1745647693;90.945;100.031;100.36;110.335;
1900-01-01 16:08:14;368.0;1745647694;90.945;99.989;100.362;110.305;
1900-01-01 16:08:15;369.0;1745647695;90.867;100.099;100.362;110.305;
1900-01-01 16:08:16;370.0;1745647696;90.867;100.099;100.389;110.277;
1900-01-01 16:08:17;371.0;1745647697;90.874;100.083;100.411;110.277;
1900-01-01 16:08:18;372.0;1745647698;90.854;100.045;100.411;110.193;
1900-01-01 16:08:20;373.0;1745647700;90.787;100.045;100.419;110.295;
1900-01-01 16:08:20;374.0;1745647700;90.787;100.006;100.351;110.295;
1900-01-01 16:08:21;375.0;1745647701;90.802;100.05;100.351;110.269;
1900-01-01 16:08:22;376.0;1745647702;90.802;100.05;100.433;110.264;
1900-01-01 16:08:23;377.0;1745647703;90.786;100.062;100.32;110.264;
1900-01-01 16:08:24;378.0;1745647704;90.777;100.154;100.32;110.357;
1900-01-01 16:08:25;379.0;1745647705;90.777;100.154;100.333;110.295;
1900-01-01 16:08:26;380.0;1745647706;90.72;100.094;100.428;110.295;
1900-01-01 16:08:27;381.0;1745647707;90.699;100.094;100.428;110.329;
1900-01-01 16:08:28;382.0;1745647708;90.699;100.087;100.38;110.293;
1900-01-01 16:08:29;383.0;1745647709;90.685;100.046;100.413;110.293;
1900-01-01 16:08:30;384.0;1745647710;90.709;100.046;100.413;110.283;
1900-01-01 16:08:31;385.0;1745647711;90.709;100.129;100.277;110.302;
1900-01-01 16:08:32;386.0;1745647712;90.698;100.057;100.277;110.302;
1900-01-01 16:08:33;387.0;1745647713;90.697;100.057;100.29;110.297;
1900-01-01 16:08:34;388.0;1745647714;90.697;100.05;100.255;110.418;
1900-01-01 16:08:35;389.0;1745647715;90.664;100.085;100.255;110.418;
1900-01-01 16:08:36;390.0;1745647716;90.664;100.085;100.246;110.366;
1900-01-01 16:08:37;391.0;1745647717;90.663;99.97;100.243;110.387;
1900-01-01 16:08:38;392.0;1745647718;90.614;100.024;100.243;110.387;
1900-01-01 16:08:39;393.0;1745647719;90.614;100.024;100.327;110.403;
1900-01-01 16:08:40;394.0;1745647720;90.541;100.004;100.256;110.403;
1900-01-01 16:08:41;395.0;1745647721;90.576;99.879;100.256;110.434;
1900-01-01 16:08:42;396.0;1745647722;90.576;99.879;100.354;110.369;
1900-01-01 16:08:43;397.0;1745647723;90.494;99.927;100.298;110.369;
1900-01-01 16:08:44;398.0;1745647724;90.52;99.927;100.298;110.426;
1900-01-01 16:08:45;399.0;1745647725;90.52;99.976;100.291;110.344;
1900-01-01 16:08:46;400.0;1745647726;90.339;99.943;100.324;110.344;
1900-01-01 16:08:47;401.0;1745647727;90.407;99.943;100.324;110.346;
1900-01-01 16:08:48;402.0;1745647728;90.407;99.752;100.333;110.408;
1900-01-01 16:08:49;403.0;1745647729;90.328;99.855;100.331;110.408;
1900-01-01 16:08:50;404.0;1745647730;90.372;99.792;100.331;110.398;
1900-01-01 16:08:51;405.0;1745647731;90.372;99.792;100.298;110.39;
1900-01-01 16:08:52;406.0;1745647732;90.305;99.882;100.298;110.39;
1900-01-01 16:08:53;407.0;1745647733;90.314;99.882;100.261;110.359;
1900-01-01 16:08:54;408.0;1745647734;90.314;99.881;100.31;110.39;
1900-01-01 16:08:55;409.0;1745647735;90.235;99.832;100.31;110.39;
1900-01-01 16:08:56;410.0;1745647736;90.224;99.832;100.334;110.329;
1900-01-01 16:08:57;411.0;1745647737;90.224;99.858;100.383;110.438;
1900-01-01 16:08:58;412.0;1745647738;90.249;99.84;100.383;110.438;
1900-01-01 16:08:59;413.0;1745647739;90.202;99.84;100.39;110.473;
1900-01-01 16:09:00;414.0;1745647740;90.202;99.734;100.378;110.431;
1900-01-01 16:09:01;415.0;1745647741;90.169;99.753;100.397;110.431;
1900-01-01 16:09:03;416.0;1745647743;90.174;99.753;100.397;110.444;
1900-01-01 16:09:03;417.0;1745647743;90.174;99.747;100.396;110.404;
1900-01-01 16:09:04;418.0;1745647744;90.175;99.692;100.396;110.404;
1900-01-01 16:09:05;419.0;1745647745;90.175;99.692;100.414;110.371;
1900-01-01 16:09:06;420.0;1745647746;90.172;99.633;100.381;110.371;
1900-01-01 16:09:07;421.0;1745647747;90.135;99.65;100.381;110.502;
1900-01-01 16:09:08;422.0;1745647748;90.113;99.65;100.437;110.481;
1900-01-01 16:09:09;423.0;1745647749;90.113;99.643;100.432;110.394;
1900-01-01 16:09:10;424.0;1745647750;90.049;99.581;100.432;110.394;
1900-01-01 16:09:11;425.0;1745647751;90.049;99.581;100.361;110.448;
1900-01-01 16:09:12;426.0;1745647752;90.02;99.539;100.423;110.396;
1900-01-01 16:09:13;427.0;1745647753;89.992;99.703;100.423;110.396;
1900-01-01 16:09:14;428.0;1745647754;89.957;99.703;100.393;110.48;
1900-01-01 16:09:15;429.0;1745647755;89.957;99.61;100.376;110.434;
1900-01-01 16:09:16;430.0;1745647756;89.839;99.698;100.376;110.434;
1900-01-01 16:09:17;431.0;1745647757;89.898;99.698;100.399;110.512;
1900-01-01 16:09:18;432.0;1745647758;89.898;99.704;100.407;110.425;
1900-01-01 16:09:19;433.0;1745647759;89.918;99.65;100.407;110.425;
1900-01-01 16:09:20;434.0;1745647760;89.822;99.65;100.369;110.424;
1900-01-01 16:09:21;435.0;1745647761;89.822;99.717;100.294;110.424;
1900-01-01 16:09:22;436.0;1745647762;89.84;99.762;100.294;110.477;
1900-01-01 16:09:23;437.0;1745647763;89.788;99.762;100.299;110.5;
1900-01-01 16:09:24;438.0;1745647764;89.788;99.701;100.287;110.5;
1900-01-01 16:09:25;439.0;1745647765;89.675;99.653;100.287;110.51;
1900-01-01 16:09:26;440.0;1745647766;89.826;99.653;100.325;110.571;
1900-01-01 16:09:27;441.0;1745647767;89.826;99.646;100.4;110.571;
1900-01-01 16:09:28;442.0;1745647768;89.745;99.574;100.4;110.49;
1900-01-01 16:09:29;443.0;1745647769;89.745;99.574;100.465;110.5;
1900-01-01 16:09:30;444.0;1745647770;89.726;99.589;100.453;110.493;
1900-01-01 16:09:31;445.0;1745647771;89.767;99.568;100.453;110.493;
1900-01-01 16:09:32;446.0;1745647772;89.767;99.568;100.441;110.524;
1900-01-01 16:09:33;447.0;1745647773;89.74;99.592;100.411;110.524;
1900-01-01 16:09:34;448.0;1745647774;89.683;99.6;100.411;110.486;
1900-01-01 16:09:35;449.0;1745647775;89.711;99.6;100.413;110.485;
1900-01-01 16:09:36;450.0;1745647776;89.711;99.565;100.401;110.485;
1900-01-01 16:09:37;451.0;1745647777;89.647;99.608;100.401;110.487;
1900-01-01 16:09:38;452.0;1745647778;89.647;99.608;100.337;110.517;
1900-01-01 16:09:39;453.0;1745647779;89.607;99.53;100.388;110.517;
1900-01-01 16:09:40;454.0;1745647780;89.59;99.48;100.388;110.5;
1900-01-01 16:09:41;455.0;1745647781;89.59;99.48;100.309;110.52;
1900-01-01 16:09:42;456.0;1745647782;89.532;99.484;100.392;110.52;
1900-01-01 16:09:43;457.0;1745647783;89.549;99.484;100.392;110.489;
1900-01-01 16:09:44;458.0;1745647784;89.549;99.423;100.385;110.525;
1900-01-01 16:09:45;459.0;1745647785;89.614;99.538;100.385;110.525;
1900-01-01 16:09:46;460.0;1745647786;89.593;99.538;100.284;110.565;
1900-01-01 16:09:47;461.0;1745647787;89.593;99.491;100.289;110.565;
1900-01-01 16:09:48;462.0;1745647788;89.594;99.478;100.289;110.447;
1900-01-01 16:09:49;463.0;1745647789;89.496;99.478;100.324;110.492;
1900-01-01 16:09:50;464.0;1745647790;89.496;99.412;100.374;110.497;
1900-01-01 16:09:51;465.0;1745647791;89.54;99.507;100.374;110.497;
1900-01-01 16:09:52;466.0;1745647792;89.54;99.507;100.39;110.462;
1900-01-01 16:09:53;467.0;1745647793;89.437;99.545;100.334;110.462;
1900-01-01 16:09:54;468.0;1745647794;89.433;99.524;100.334;110.485;
1900-01-01 16:09:55;469.0;1745647795;89.433;99.524;100.297;110.575;
1900-01-01 16:09:56;470.0;1745647796;89.398;99.552;100.275;110.575;
1900-01-01 16:09:57;471.0;1745647797;89.34;99.552;100.275;110.498;
1900-01-01 16:09:58;472.0;1745647798;89.34;99.453;100.257;110.577;
1900-01-01 16:09:59;473.0;1745647799;89.354;99.455;100.198;110.577;
1900-01-01 16:10:01;474.0;1745647801;89.224;99.375;100.198;110.508;
1900-01-01 16:10:01;475.0;1745647801;89.224;99.375;100.264;110.658;
1900-01-01 16:10:02;476.0;1745647802;89.345;99.41;100.281;110.658;
1900-01-01 16:10:03;477.0;1745647803;89.425;99.41;100.281;110.617;
1900-01-01 16:10:04;478.0;1745647804;89.425;99.37;100.312;110.551;
1900-01-01 16:10:05;479.0;1745647805;89.403;99.281;100.312;110.551;
1900-01-01 16:10:06;480.0;1745647806;89.401;99.281;100.279;110.453;
1900-01-01 16:10:07;481.0;1745647807;89.401;99.325;100.294;110.618;
1900-01-01 16:10:08;482.0;1745647808;89.389;99.342;100.308;110.618;
1900-01-01 16:10:09;483.0;1745647809;89.316;99.342;100.308;110.63;
1900-01-01 16:10:10;484.0;1745647810;89.316;99.326;100.273;110.554;
1900-01-01 16:10:12;485.0;1745647812;89.327;99.229;100.379;110.554;
1900-01-01 16:10:12;486.0;1745647812;89.228;99.229;100.379;110.594;
1900-01-01 16:10:13;487.0;1745647813;89.228;99.336;100.368;110.647;
1900-01-01 16:10:14;488.0;1745647814;89.239;99.335;100.368;110.647;
1900-01-01 16:10:15;489.0;1745647815;89.239;99.335;100.247;110.638;
1900-01-01 16:10:16;490.0;1745647816;89.122;99.284;100.235;110.643;
1900-01-01 16:10:17;491.0;1745647817;89.02;99.292;100.235;110.643;
1900-01-01 16:10:18;492.0;1745647818;89.02;99.292;100.331;110.62;
1900-01-01 16:10:19;493.0;1745647819;89.04;99.31;100.35;110.62;
1900-01-01 16:10:20;494.0;1745647820;88.911;99.31;100.35;110.599;
1900-01-01 16:10:21;495.0;1745647821;88.911;99.358;100.371;110.656;
1900-01-01 16:10:22;496.0;1745647822;88.825;99.326;100.345;110.656;
1900-01-01 16:10:23;497.0;1745647823;88.79;99.326;100.345;110.639;
1900-01-01 16:10:24;498.0;1745647824;88.79;99.33;100.275;110.657;
1900-01-01 16:10:26;499.0;1745647826;88.832;99.348;100.361;110.657;
1900-01-01 16:10:26;500.0;1745647826;88.75;99.348;100.361;110.621;
1900-01-01 16:10:27;501.0;1745647827;88.75;99.324;100.336;110.716;
1900-01-01 16:10:28;502.0;1745647828;88.852;99.195;100.347;110.716;
1900-01-01 16:10:29;503.0;1745647829;88.819;99.195;100.347;110.638;
1900-01-01 16:10:30;504.0;1745647830;88.819;99.327;100.419;110.654;
1900-01-01 16:10:31;505.0;1745647831;88.842;99.19;100.352;110.654;
1900-01-01 16:10:32;506.0;1745647832;88.755;99.19;100.352;110.751;
1900-01-01 16:10:33;507.0;1745647833;88.755;99.349;100.416;110.666;
1900-01-01 16:10:34;508.0;1745647834;88.75;99.353;100.416;110.666;
1900-01-01 16:10:35;509.0;1745647835;88.732;99.353;100.445;110.618;
1900-01-01 16:10:36;510.0;1745647836;88.732;99.23;100.386;110.618;
1900-01-01 16:10:37;511.0;1745647837;88.81;99.231;100.386;110.698;
1900-01-01 16:10:38;512.0;1745647838;88.753;99.231;100.394;110.744;
1900-01-01 16:10:39;513.0;1745647839;88.753;99.362;100.425;110.744;
1900-01-01 16:10:40;514.0;1745647840;88.796;99.251;100.425;110.724;
1900-01-01 16:10:42;515.0;1745647842;88.66;99.251;100.394;110.781;
1900-01-01 16:10:42;516.0;1745647842;88.66;99.211;100.407;110.781;
1900-01-01 16:10:43;517.0;1745647843;88.545;99.205;100.407;110.724;
1900-01-01 16:10:44;518.0;1745647844;88.545;99.205;100.384;110.687;
1900-01-01 16:10:45;519.0;1745647845;88.54;99.26;100.282;110.687;
1900-01-01 16:10:46;520.0;1745647846;88.451;99.28;100.282;110.688;
1900-01-01 16:10:47;521.0;1745647847;88.451;99.28;100.411;110.773;
1900-01-01 16:10:48;522.0;1745647848;88.56;99.166;100.345;110.773;
1900-01-01 16:10:49;523.0;1745647849;88.554;99.254;100.345;110.698;
1900-01-01 16:10:50;524.0;1745647850;88.554;99.254;100.481;110.74;
1900-01-01 16:10:51;525.0;1745647851;88.488;99.26;100.493;110.74;
1900-01-01 16:10:52;526.0;1745647852;88.482;99.26;100.493;110.786;
1900-01-01 16:10:53;527.0;1745647853;88.482;99.28;100.434;110.711;
1900-01-01 16:10:54;528.0;1745647854;88.358;99.234;100.434;110.711;
1900-01-01 16:10:55;529.0;1745647855;88.351;99.234;100.44;110.784;
1900-01-01 16:10:56;530.0;1745647856;88.351;99.167;100.377;110.784;
1900-01-01 16:10:57;531.0;1745647857;88.396;99.217;100.377;110.785;
1900-01-01 16:10:59;532.0;1745647859;88.362;99.217;100.384;110.729;
1900-01-01 16:10:59;533.0;1745647859;88.362;99.067;100.327;110.729;
1900-01-01 16:11:00;534.0;1745647860;88.382;99.203;100.327;110.752;
1900-01-01 16:11:01;535.0;1745647861;88.382;99.203;100.405;110.724;
1900-01-01 16:11:02;536.0;1745647862;88.378;99.09;100.32;110.724;
1900-01-01 16:11:03;537.0;1745647863;88.419;99.124;100.32;110.686;
1900-01-01 16:11:04;538.0;1745647864;88.419;99.124;100.322;110.727;
1900-01-01 16:11:05;539.0;1745647865;88.342;99.071;100.286;110.727;
1900-01-01 16:11:06;540.0;1745647866;88.391;99.071;100.286;110.744;
1900-01-01 16:11:07;541.0;1745647867;88.391;99.131;100.277;110.764;
1900-01-01 16:11:08;542.0;1745647868;88.305;99.085;100.261;110.764;
1900-01-01 16:11:09;543.0;1745647869;88.344;99.085;100.261;110.857;
1900-01-01 16:11:10;544.0;1745647870;88.344;99.127;100.249;110.792;
1900-01-01 16:11:11;545.0;1745647871;88.291;99.121;100.268;110.792;
1900-01-01 16:11:13;546.0;1745647873;88.258;99.081;100.268;110.875;
1900-01-01 16:11:13;547.0;1745647873;88.258;99.081;100.343;110.832;
1900-01-01 16:11:14;548.0;1745647874;88.256;99.112;100.215;110.832;
1900-01-01 16:11:15;549.0;1745647875;88.168;99.112;100.215;110.71;
1900-01-01 16:11:16;550.0;1745647876;88.168;99.064;100.346;110.801;
1900-01-01 16:11:17;551.0;1745647877;88.242;98.963;100.346;110.801;
1900-01-01 16:11:18;552.0;1745647878;88.06;98.963;100.306;110.886;
1900-01-01 16:11:19;553.0;1745647879;88.06;98.989;100.378;110.886;
1900-01-01 16:11:20;554.0;1745647880;88.056;99.022;100.378;110.803;
1900-01-01 16:11:21;555.0;1745647881;88.056;99.022;100.358;110.846;
1900-01-01 16:11:22;556.0;1745647882;88.091;98.983;100.413;110.98;
1900-01-01 16:11:23;557.0;1745647883;88.01;98.978;100.413;110.98;
1900-01-01 16:11:24;558.0;1745647884;88.01;98.978;100.416;110.916;
1900-01-01 16:11:25;559.0;1745647885;87.972;99.043;100.472;110.916;
1900-01-01 16:11:26;560.0;1745647886;87.959;99.043;100.472;111.048;
1900-01-01 16:11:27;561.0;1745647887;87.959;99.033;100.41;110.88;
1900-01-01 16:11:29;562.0;1745647889;87.838;99.013;100.472;110.88;
1900-01-01 16:11:29;563.0;1745647889;87.776;99.013;100.472;110.898;
1900-01-01 16:11:30;564.0;1745647890;87.776;99.019;100.462;110.844;
1900-01-01 16:11:31;565.0;1745647891;87.689;99.015;100.47;110.844;
1900-01-01 16:11:32;566.0;1745647892;87.555;99.038;100.47;110.866;
1900-01-01 16:11:33;567.0;1745647893;87.555;99.038;100.482;110.815;
1900-01-01 16:11:34;568.0;1745647894;87.426;98.94;100.482;110.815;
1900-01-01 16:11:35;569.0;1745647895;87.384;98.94;100.411;110.766;
1900-01-01 16:11:36;570.0;1745647896;87.384;98.943;100.384;110.889;
1900-01-01 16:11:37;571.0;1745647897;87.393;98.967;100.384;110.889;
1900-01-01 16:11:38;572.0;1745647898;87.325;98.967;100.403;110.815;
1900-01-01 16:11:39;573.0;1745647899;87.325;98.988;100.37;110.815;
1900-01-01 16:11:40;574.0;1745647900;87.29;98.885;100.37;110.86;
1900-01-01 16:11:41;575.0;1745647901;87.297;98.885;100.451;110.942;
1900-01-01 16:11:42;576.0;1745647902;87.297;98.859;100.39;110.873;
1900-01-01 16:11:43;577.0;1745647903;87.223;99.019;100.39;110.873;
1900-01-01 16:11:44;578.0;1745647904;87.163;99.019;100.401;110.915;
1900-01-01 16:11:45;579.0;1745647905;87.163;98.955;100.36;110.9;
1900-01-01 16:11:46;580.0;1745647906;87.129;98.941;100.36;110.9;
1900-01-01 16:11:47;581.0;1745647907;87.129;98.941;100.346;110.894;
1900-01-01 16:11:48;582.0;1745647908;87.197;99.053;100.241;110.922;
1900-01-01 16:11:49;583.0;1745647909;87.281;99.035;100.241;110.922;
1900-01-01 16:11:50;584.0;1745647910;87.281;99.035;100.258;110.908;
1900-01-01 16:11:51;585.0;1745647911;87.281;98.893;100.273;110.908;
1900-01-01 16:11:52;586.0;1745647912;87.282;98.965;100.273;110.871;
1900-01-01 16:11:53;587.0;1745647913;87.282;98.965;100.303;110.952;
1900-01-01 16:11:54;588.0;1745647914;87.257;98.943;100.241;110.952;
1900-01-01 16:11:55;589.0;1745647915;87.29;98.879;100.241;110.922;
1900-01-01 16:11:56;590.0;1745647916;87.29;98.879;100.118;110.882;
1900-01-01 16:11:57;591.0;1745647917;87.179;98.807;100.209;110.882;
1900-01-01 16:11:58;592.0;1745647918;87.207;98.807;100.209;110.96;
1900-01-01 16:12:00;593.0;1745647920;87.207;98.8;100.138;110.883;
1900-01-01 16:12:00;594.0;1745647920;87.169;98.977;100.138;110.883;
1900-01-01 16:12:01;595.0;1745647921;87.231;98.977;100.205;110.937;
1900-01-01 16:12:02;596.0;1745647922;87.231;98.862;100.216;110.899;
1900-01-01 16:12:03;597.0;1745647923;87.061;98.804;100.216;110.899;
1900-01-01 16:12:04;598.0;1745647924;86.956;98.804;100.178;110.879;
1900-01-01 16:12:05;599.0;1745647925;86.956;98.814;100.177;110.851;
1900-01-01 16:12:06;600.0;1745647926;86.936;98.796;100.177;110.851;
1900-01-01 16:12:07;601.0;1745647927;86.792;98.796;100.196;111.019;
1900-01-01 16:12:08;602.0;1745647928;86.792;98.754;100.112;111.019;
1900-01-01 16:12:09;603.0;1745647929;86.763;98.804;100.112;110.843;
1900-01-01 16:12:10;604.0;1745647930;86.708;98.804;100.155;110.897;
1900-01-01 16:12:11;605.0;1745647931;86.708;98.652;100.217;110.897;
1900-01-01 16:12:12;606.0;1745647932;86.666;98.701;100.217;110.884;
1900-01-01 16:12:13;607.0;1745647933;86.666;98.701;100.217;110.854;
1900-01-01 16:12:14;608.0;1745647934;86.74;98.708;100.236;110.854;
1900-01-01 16:12:15;609.0;1745647935;86.721;98.708;100.236;110.852;
1900-01-01 16:12:16;610.0;1745647936;86.721;98.692;100.189;110.926;
1900-01-01 16:12:17;611.0;1745647937;86.758;98.676;100.182;110.926;
1900-01-01 16:12:18;612.0;1745647938;86.774;98.676;100.182;110.903;
1900-01-01 16:12:19;613.0;1745647939;86.774;98.724;100.135;110.917;
1900-01-01 16:12:20;614.0;1745647940;86.715;98.659;100.187;110.917;
1900-01-01 16:12:21;615.0;1745647941;86.641;98.659;100.187;110.948;
1900-01-01 16:12:22;616.0;1745647942;86.641;98.765;100.193;110.935;
1900-01-01 16:12:23;617.0;1745647943;86.632;98.722;100.19;110.935;
1900-01-01 16:12:24;618.0;1745647944;86.621;98.722;100.19;111.011;
1900-01-01 16:12:25;619.0;1745647945;86.621;98.692;100.227;110.918;
1900-01-01 16:12:26;620.0;1745647946;86.617;98.705;100.227;110.918;
1900-01-01 16:12:27;621.0;1745647947;86.603;98.705;100.238;110.93;
1900-01-01 16:12:28;622.0;1745647948;86.603;98.782;100.255;111.034;
1900-01-01 16:12:29;623.0;1745647949;86.546;98.693;100.255;111.034;
1900-01-01 16:12:30;624.0;1745647950;86.497;98.693;100.212;111.023;
1900-01-01 16:12:31;625.0;1745647951;86.497;98.787;100.273;111.105;
1900-01-01 16:12:33;626.0;1745647953;86.557;98.794;100.139;111.105;
1900-01-01 16:12:33;627.0;1745647953;86.557;98.794;100.139;111.093;
1900-01-01 16:12:34;628.0;1745647954;86.511;98.745;100.237;110.997;
1900-01-01 16:12:35;629.0;1745647955;86.582;98.687;100.237;110.997;
1900-01-01 16:12:36;630.0;1745647956;86.582;98.687;100.219;111.045;
1900-01-01 16:12:37;631.0;1745647957;86.56;98.628;100.203;111.039;
1900-01-01 16:12:38;632.0;1745647958;86.53;98.73;100.203;111.039;
1900-01-01 16:12:39;633.0;1745647959;86.53;98.73;100.265;111.09;
1900-01-01 16:12:40;634.0;1745647960;86.49;98.596;100.183;111.09;
1900-01-01 16:12:41;635.0;1745647961;86.423;98.662;100.183;111.026;
1900-01-01 16:12:42;636.0;1745647962;86.423;98.662;100.189;111.041;
1900-01-01 16:12:43;637.0;1745647963;86.442;98.613;100.194;111.041;
1900-01-01 16:12:44;638.0;1745647964;86.416;98.639;100.194;111.187;
1900-01-01 16:12:45;639.0;1745647965;86.416;98.639;100.275;111.126;
1900-01-01 16:12:46;640.0;1745647966;86.359;98.475;100.134;111.126;
1900-01-01 16:12:47;641.0;1745647967;86.275;98.475;100.134;111.099;
1900-01-01 16:12:48;642.0;1745647968;86.275;98.487;100.284;111.116;
1900-01-01 16:12:49;643.0;1745647969;86.25;98.377;100.284;111.116;
1900-01-01 16:12:51;644.0;1745647971;86.273;98.377;100.276;111.043;
1900-01-01 16:12:51;645.0;1745647971;86.273;98.505;100.168;111.096;
1900-01-01 16:12:52;646.0;1745647972;86.158;98.338;100.168;111.096;
1900-01-01 16:12:53;647.0;1745647973;86.158;98.338;100.335;111.012;
1900-01-01 16:12:54;648.0;1745647974;86.185;98.316;100.252;111.012;
1900-01-01 16:12:55;649.0;1745647975;86.143;98.369;100.252;111.043;
1900-01-01 16:12:56;650.0;1745647976;86.133;98.369;100.286;111.08;
1900-01-01 16:12:57;651.0;1745647977;86.133;98.359;100.275;111.08;
1900-01-01 16:12:58;652.0;1745647978;86.092;98.27;100.275;111.083;
1900-01-01 16:12:59;653.0;1745647979;86.047;98.27;100.21;111.058;
1900-01-01 16:13:00;654.0;1745647980;86.047;98.224;100.217;111.058;
1900-01-01 16:13:01;655.0;1745647981;86.084;98.204;100.217;111.049;
1900-01-01 16:13:02;656.0;1745647982;86.084;98.204;100.122;111.078;
1900-01-01 16:13:03;657.0;1745647983;86.084;98.184;100.112;111.078;
1900-01-01 16:13:04;658.0;1745647984;86.069;98.198;100.112;111.099;
1900-01-01 16:13:05;659.0;1745647985;86.069;98.198;100.173;111.1;
1900-01-01 16:13:06;660.0;1745647986;85.993;98.179;100.115;111.1;
1900-01-01 16:13:07;661.0;1745647987;85.92;98.179;100.115;111.091;
1900-01-01 16:13:08;662.0;1745647988;85.92;98.175;100.122;111.101;
1900-01-01 16:13:09;663.0;1745647989;85.865;98.059;100.122;111.101;
1900-01-01 16:13:10;664.0;1745647990;85.898;98.059;100.155;111.028;
1900-01-01 16:13:11;665.0;1745647991;85.898;98.004;100.192;111.162;
1900-01-01 16:13:12;666.0;1745647992;85.819;98.056;100.125;111.162;
1900-01-01 16:13:13;667.0;1745647993;85.941;98.056;100.125;111.149;
1900-01-01 16:13:14;668.0;1745647994;85.941;98.16;100.147;111.145;
1900-01-01 16:13:15;669.0;1745647995;85.893;98.136;100.147;111.145;
1900-01-01 16:13:17;670.0;1745647997;85.877;98.136;100.244;111.116;
1900-01-01 16:13:17;671.0;1745647997;85.877;98.219;100.222;111.106;
1900-01-01 16:13:18;672.0;1745647998;85.808;98.181;100.222;111.106;
1900-01-01 16:13:19;673.0;1745647999;85.808;98.181;100.186;111.193;
1900-01-01 16:13:20;674.0;1745648000;85.76;98.237;100.215;111.193;
1900-01-01 16:13:21;675.0;1745648001;85.7;98.256;100.215;111.115;
1900-01-01 16:13:22;676.0;1745648002;85.7;98.256;100.182;111.228;
1900-01-01 16:13:23;677.0;1745648003;85.578;98.33;100.188;111.228;
1900-01-01 16:13:24;678.0;1745648004;85.61;98.236;100.188;111.105;
1900-01-01 16:13:25;679.0;1745648005;85.61;98.236;100.157;111.103;
1900-01-01 16:13:26;680.0;1745648006;85.489;98.281;100.177;111.103;
1900-01-01 16:13:27;681.0;1745648007;85.519;98.281;100.177;111.206;
1900-01-01 16:13:28;682.0;1745648008;85.519;98.286;100.126;111.224;
1900-01-01 16:13:29;683.0;1745648009;85.499;98.262;100.126;111.224;
1900-01-01 16:13:30;684.0;1745648010;85.514;98.262;100.148;111.111;
1900-01-01 16:13:31;685.0;1745648011;85.514;98.229;100.186;111.149;
1900-01-01 16:13:32;686.0;1745648012;85.574;98.179;100.186;111.149;
1900-01-01 16:13:33;687.0;1745648013;85.466;98.179;100.193;111.076;
1900-01-01 16:13:34;688.0;1745648014;85.466;98.283;100.106;111.235;
1900-01-01 16:13:35;689.0;1745648015;85.385;98.236;100.146;111.235;
1900-01-01 16:13:36;690.0;1745648016;85.359;98.236;100.146;111.31;
1900-01-01 16:13:37;691.0;1745648017;85.359;98.303;100.184;111.229;
1900-01-01 16:13:38;692.0;1745648018;85.337;98.357;100.184;111.229;
1900-01-01 16:13:39;693.0;1745648019;85.37;98.357;100.107;111.186;
1900-01-01 16:13:40;694.0;1745648020;85.37;98.25;100.045;111.186;
1900-01-01 16:13:41;695.0;1745648021;85.366;98.301;100.045;111.255;
1900-01-01 16:13:43;696.0;1745648023;85.394;98.301;99.987;111.138;
1900-01-01 16:13:43;697.0;1745648023;85.394;98.278;100.001;111.138;
1900-01-01 16:13:44;698.0;1745648024;85.36;98.308;100.001;111.227;
1900-01-01 16:13:45;699.0;1745648025;85.322;98.308;100.119;111.225;
1900-01-01 16:13:46;700.0;1745648026;85.322;98.31;100.029;111.225;
1900-01-01 16:13:47;701.0;1745648027;85.25;98.252;100.029;111.219;
1900-01-01 16:13:48;702.0;1745648028;85.25;98.252;100.102;111.114;
1900-01-01 16:13:49;703.0;1745648029;85.261;98.291;99.956;111.114;
1900-01-01 16:13:50;704.0;1745648030;85.273;98.291;99.956;111.192;
1900-01-01 16:13:51;705.0;1745648031;85.273;98.285;99.988;111.2;
1900-01-01 16:13:52;706.0;1745648032;85.212;98.311;99.988;111.2;
1900-01-01 16:13:53;707.0;1745648033;85.248;98.311;100.079;111.156;
1900-01-01 16:13:54;708.0;1745648034;85.248;98.27;100.033;111.251;
1900-01-01 16:13:55;709.0;1745648035;85.264;98.253;100.033;111.251;
1900-01-01 16:13:56;710.0;1745648036;85.183;98.253;100.072;111.139;
1900-01-01 16:13:57;711.0;1745648037;85.183;98.231;100.106;111.286;
1900-01-01 16:13:59;712.0;1745648039;85.22;98.305;100.146;111.286;
1900-01-01 16:13:59;713.0;1745648039;85.22;98.305;100.146;111.127;
1900-01-01 16:14:00;714.0;1745648040;85.204;98.211;100.118;111.213;
1900-01-01 16:14:01;715.0;1745648041;85.144;98.227;100.118;111.213;
1900-01-01 16:14:02;716.0;1745648042;85.144;98.227;100.054;111.215;
1900-01-01 16:14:03;717.0;1745648043;85.1;98.231;100.054;111.215;
1900-01-01 16:14:04;718.0;1745648044;85.04;98.274;100.054;111.158;
1900-01-01 16:14:05;719.0;1745648045;85.04;98.274;100.06;111.251;
1900-01-01 16:14:07;720.0;1745648047;85.023;98.254;100.091;111.329;
1900-01-01 16:14:07;721.0;1745648047;84.986;98.209;100.091;111.329;
1900-01-01 16:14:08;722.0;1745648048;84.986;98.209;100.162;111.258;
1900-01-01 16:14:09;723.0;1745648049;84.938;98.26;100.183;111.258;
1900-01-01 16:14:10;724.0;1745648050;84.852;98.19;100.183;111.288;
1900-01-01 16:14:11;725.0;1745648051;84.852;98.19;100.117;111.346;
1900-01-01 16:14:12;726.0;1745648052;84.868;98.227;100.183;111.346;
1900-01-01 16:14:13;727.0;1745648053;84.733;98.149;100.183;111.242;
1900-01-01 16:14:14;728.0;1745648054;84.733;98.149;100.231;111.254;
1900-01-01 16:14:15;729.0;1745648055;84.666;98.086;100.271;111.254;
1900-01-01 16:14:16;730.0;1745648056;84.657;98.086;100.271;111.256;
1900-01-01 16:14:17;731.0;1745648057;84.657;98.066;100.295;111.264;
1900-01-01 16:14:18;732.0;1745648058;84.672;98.012;100.259;111.264;
1900-01-01 16:14:19;733.0;1745648059;84.643;97.927;100.259;111.353;
1900-01-01 16:14:20;734.0;1745648060;84.621;97.927;100.204;111.4;
1900-01-01 16:14:21;735.0;1745648061;84.621;97.925;100.242;111.4;
1900-01-01 16:14:22;736.0;1745648062;84.579;97.94;100.242;111.296;
1900-01-01 16:14:23;737.0;1745648063;84.579;97.94;100.177;111.333;
1900-01-01 16:14:24;738.0;1745648064;84.538;97.987;100.128;111.333;
1900-01-01 16:14:25;739.0;1745648065;84.503;97.894;100.128;111.333;
1900-01-01 16:14:26;740.0;1745648066;84.503;97.894;100.155;111.342;
1900-01-01 16:14:27;741.0;1745648067;84.531;97.834;100.117;111.342;
1900-01-01 16:14:29;742.0;1745648069;84.56;97.891;100.117;111.337;
1900-01-01 16:14:29;743.0;1745648069;84.56;97.891;100.111;111.35;
1900-01-01 16:14:30;744.0;1745648070;84.658;97.905;100.135;111.35;
1900-01-01 16:14:31;745.0;1745648071;84.675;97.905;100.135;111.379;
1900-01-01 16:14:32;746.0;1745648072;84.675;97.927;100.098;111.34;
1900-01-01 16:14:33;747.0;1745648073;84.635;97.938;100.173;111.34;
1900-01-01 16:14:34;748.0;1745648074;84.699;97.938;100.173;111.461;
1900-01-01 16:14:35;749.0;1745648075;84.699;97.902;100.211;111.375;
1900-01-01 16:14:36;750.0;1745648076;84.708;97.863;100.211;111.375;
1900-01-01 16:14:37;751.0;1745648077;84.74;97.863;100.25;111.349;
1900-01-01 16:14:38;752.0;1745648078;84.74;97.89;100.307;111.349;
1900-01-01 16:14:39;753.0;1745648079;84.676;97.881;100.307;111.414;
1900-01-01 16:14:40;754.0;1745648080;84.59;97.881;100.245;111.395;
1900-01-01 16:14:41;755.0;1745648081;84.59;97.848;100.217;111.351;
1900-01-01 16:14:42;756.0;1745648082;84.593;97.893;100.217;111.351;
1900-01-01 16:14:43;757.0;1745648083;84.477;97.893;100.307;111.385;
1900-01-01 16:14:44;758.0;1745648084;84.477;97.811;100.35;111.33;
1900-01-01 16:14:45;759.0;1745648085;84.419;97.933;100.35;111.33;
1900-01-01 16:14:46;760.0;1745648086;84.419;97.933;100.23;111.323;
1900-01-01 16:14:47;761.0;1745648087;84.364;97.968;100.267;111.323;
1900-01-01 16:14:49;762.0;1745648089;84.353;97.912;100.267;111.357;
1900-01-01 16:14:49;763.0;1745648089;84.353;97.912;100.343;111.352;
1900-01-01 16:14:50;764.0;1745648090;84.356;97.84;100.195;111.352;
1900-01-01 16:14:51;765.0;1745648091;84.298;97.84;100.195;111.456;
1900-01-01 16:14:52;766.0;1745648092;84.298;97.925;100.261;111.339;
1900-01-01 16:14:53;767.0;1745648093;84.35;97.937;100.223;111.339;
1900-01-01 16:14:54;768.0;1745648094;84.241;97.937;100.223;111.366;
1900-01-01 16:14:55;769.0;1745648095;84.241;97.897;100.28;111.413;
1900-01-01 16:14:57;770.0;1745648097;84.205;97.888;100.149;111.413;
1900-01-01 16:14:57;771.0;1745648097;84.15;97.888;100.149;111.449;
1900-01-01 16:14:58;772.0;1745648098;84.15;97.957;100.207;111.398;
1900-01-01 16:14:59;773.0;1745648099;84.109;97.818;100.207;111.398;
1900-01-01 16:15:00;774.0;1745648100;84.109;97.818;100.207;111.342;
1900-01-01 16:15:01;775.0;1745648101;84.074;97.865;100.248;111.44;
1900-01-01 16:15:02;776.0;1745648102;83.974;97.808;100.248;111.44;
1900-01-01 16:15:03;777.0;1745648103;83.974;97.808;100.186;111.381;
1900-01-01 16:15:04;778.0;1745648104;83.928;97.759;100.192;111.381;
1900-01-01 16:15:05;779.0;1745648105;83.923;97.702;100.192;111.397;
1900-01-01 16:15:06;780.0;1745648106;83.923;97.702;100.13;111.455;
1900-01-01 16:15:07;781.0;1745648107;83.973;97.65;100.124;111.455;
1900-01-01 16:15:08;782.0;1745648108;83.883;97.669;100.124;111.472;
1900-01-01 16:15:09;783.0;1745648109;83.883;97.669;99.969;111.366;
1900-01-01 16:15:10;784.0;1745648110;83.878;97.677;100.051;111.425;
1900-01-01 16:15:11;785.0;1745648111;83.86;97.662;100.051;111.425;
1900-01-01 16:15:12;786.0;1745648112;83.86;97.662;100.051;111.444;
1900-01-01 16:15:13;787.0;1745648113;83.737;97.571;100.07;111.444;
1900-01-01 16:15:15;788.0;1745648115;83.819;97.578;100.07;111.491;
1900-01-01 16:15:15;789.0;1745648115;83.819;97.578;100.067;111.493;
1900-01-01 16:15:16;790.0;1745648116;83.857;97.63;100.084;111.493;
1900-01-01 16:15:17;791.0;1745648117;83.844;97.638;100.084;111.427;
1900-01-01 16:15:18;792.0;1745648118;83.844;97.638;100.147;111.461;
1900-01-01 16:15:19;793.0;1745648119;83.727;97.581;100.114;111.461;
1900-01-01 16:15:20;794.0;1745648120;83.683;97.581;100.114;111.462;
1900-01-01 16:15:22;795.0;1745648122;83.683;97.521;100.1;111.371;
1900-01-01 16:15:22;796.0;1745648122;83.698;97.556;100.1;111.371;
1900-01-01 16:15:23;797.0;1745648123;83.62;97.556;100.132;111.451;
1900-01-01 16:15:24;798.0;1745648124;83.62;97.572;100.146;111.476;
1900-01-01 16:15:25;799.0;1745648125;83.702;97.676;100.146;111.476;
1900-01-01 16:15:26;800.0;1745648126;83.624;97.676;100.174;111.48;
1900-01-01 16:15:27;801.0;1745648127;83.624;97.665;100.154;111.469;
1900-01-01 16:15:28;802.0;1745648128;83.562;97.581;100.154;111.469;
1900-01-01 16:15:29;803.0;1745648129;83.562;97.581;100.191;111.489;
1900-01-01 16:15:30;804.0;1745648130;83.578;97.553;100.156;111.489;
1900-01-01 16:15:31;805.0;1745648131;83.449;97.537;100.156;111.437;
1900-01-01 16:15:32;806.0;1745648132;83.449;97.537;100.196;111.445;
1900-01-01 16:15:33;807.0;1745648133;83.395;97.558;100.125;111.445;
1900-01-01 16:15:34;808.0;1745648134;83.425;97.558;100.125;111.527;
1900-01-01 16:15:35;809.0;1745648135;83.425;97.538;100.104;111.463;
1900-01-01 16:15:36;810.0;1745648136;83.309;97.612;100.104;111.463;
1900-01-01 16:15:37;811.0;1745648137;83.284;97.612;100.157;111.473;
1900-01-01 16:15:38;812.0;1745648138;83.284;97.459;100.137;111.547;
1900-01-01 16:15:40;813.0;1745648140;83.192;97.473;100.149;111.547;
1900-01-01 16:15:40;814.0;1745648140;83.152;97.473;100.149;111.472;
1900-01-01 16:15:41;815.0;1745648141;83.152;97.465;100.1;111.585;
1900-01-01 16:15:42;816.0;1745648142;83.156;97.495;100.1;111.585;
1900-01-01 16:15:43;817.0;1745648143;83.107;97.495;100.143;111.5;
1900-01-01 16:15:44;818.0;1745648144;83.107;97.566;100.119;111.5;
1900-01-01 16:15:45;819.0;1745648145;83.111;97.507;100.119;111.461;
1900-01-01 16:15:46;820.0;1745648146;83.086;97.507;100.168;111.521;
1900-01-01 16:15:47;821.0;1745648147;83.086;97.605;100.113;111.47;
1900-01-01 16:15:48;822.0;1745648148;83.079;97.548;100.113;111.47;
1900-01-01 16:15:49;823.0;1745648149;83.067;97.548;100.079;111.498;
1900-01-01 16:15:50;824.0;1745648150;83.067;97.552;100.076;111.429;
1900-01-01 16:15:51;825.0;1745648151;83.061;97.512;100.076;111.429;
1900-01-01 16:15:52;826.0;1745648152;83.061;97.512;100.06;111.341;
1900-01-01 16:15:53;827.0;1745648153;83.084;97.49;100.127;111.341;
1900-01-01 16:15:55;828.0;1745648155;83.102;97.469;100.127;111.401;
1900-01-01 16:15:55;829.0;1745648155;83.102;97.469;100.117;111.448;
1900-01-01 16:15:56;830.0;1745648156;83.139;97.344;100.11;111.448;
1900-01-01 16:15:57;831.0;1745648157;83.114;97.344;100.11;111.493;
1900-01-01 16:15:58;832.0;1745648158;83.114;97.463;100.066;111.463;
1900-01-01 16:15:59;833.0;1745648159;83.073;97.389;100.169;111.463;
1900-01-01 16:16:01;834.0;1745648161;83.11;97.499;100.169;111.441;
1900-01-01 16:16:01;835.0;1745648161;83.11;97.499;100.005;111.546;
1900-01-01 16:16:02;836.0;1745648162;83.089;97.463;100.123;111.546;
1900-01-01 16:16:03;837.0;1745648163;82.942;97.463;100.123;111.48;
1900-01-01 16:16:04;838.0;1745648164;82.942;97.562;100.142;111.484;
1900-01-01 16:16:05;839.0;1745648165;82.949;97.444;100.142;111.484;
1900-01-01 16:16:07;840.0;1745648167;82.879;97.444;100.077;111.581;
1900-01-01 16:16:07;841.0;1745648167;82.879;97.604;100.111;111.581;
1900-01-01 16:16:08;842.0;1745648168;82.85;97.522;100.111;111.494;
1900-01-01 16:16:09;843.0;1745648169;82.85;97.522;100.089;111.606;
1900-01-01 16:16:10;844.0;1745648170;82.79;97.508;100.019;111.606;
1900-01-01 16:16:11;845.0;1745648171;82.73;97.445;100.019;111.591;
1900-01-01 16:16:12;846.0;1745648172;82.73;97.445;100.048;111.476;
1900-01-01 16:16:13;847.0;1745648173;82.674;97.48;100.059;111.476;
1900-01-01 16:16:14;848.0;1745648174;82.605;97.48;100.059;111.493;
1900-01-01 16:16:15;849.0;1745648175;82.605;97.366;100.013;111.604;
1900-01-01 16:16:16;850.0;1745648176;82.646;97.383;100.162;111.604;
1900-01-01 16:16:18;851.0;1745648178;82.597;97.368;100.162;111.663;
1900-01-01 16:16:18;852.0;1745648178;82.597;97.368;100.084;111.628;
1900-01-01 16:16:19;853.0;1745648179;82.542;97.302;100.13;111.628;
1900-01-01 16:16:20;854.0;1745648180;82.515;97.302;100.13;111.555;
1900-01-01 16:16:21;855.0;1745648181;82.515;97.261;100.149;111.491;
1900-01-01 16:16:22;856.0;1745648182;82.461;97.353;100.149;111.491;
1900-01-01 16:16:23;857.0;1745648183;82.39;97.353;100.163;111.603;
1900-01-01 16:16:24;858.0;1745648184;82.39;97.335;100.229;111.601;
1900-01-01 16:16:25;859.0;1745648185;82.459;97.383;100.229;111.601;
1900-01-01 16:16:26;860.0;1745648186;82.385;97.383;100.255;111.674;
1900-01-01 16:16:27;861.0;1745648187;82.385;97.289;100.246;111.494;
1900-01-01 16:16:28;862.0;1745648188;82.411;97.36;100.246;111.494;
1900-01-01 16:16:29;863.0;1745648189;82.314;97.36;100.293;111.603;
1900-01-01 16:16:30;864.0;1745648190;82.314;97.303;100.214;111.599;
1900-01-01 16:16:31;865.0;1745648191;82.449;97.361;100.214;111.599;
1900-01-01 16:16:32;866.0;1745648192;82.449;97.361;100.237;111.614;
1900-01-01 16:16:33;867.0;1745648193;82.391;97.294;100.327;111.614;
1900-01-01 16:16:34;868.0;1745648194;82.414;97.223;100.327;111.641;
1900-01-01 16:16:35;869.0;1745648195;82.414;97.223;100.218;111.641;
1900-01-01 16:16:36;870.0;1745648196;82.328;97.233;100.193;111.641;
1900-01-01 16:16:37;871.0;1745648197;82.312;97.306;100.193;111.645;
1900-01-01 16:16:38;872.0;1745648198;82.312;97.306;100.197;111.629;
1900-01-01 16:16:39;873.0;1745648199;82.236;97.157;100.202;111.629;
1900-01-01 16:16:41;874.0;1745648201;82.153;97.252;100.202;111.643;
1900-01-01 16:16:41;875.0;1745648201;82.153;97.252;100.162;111.538;
1900-01-01 16:16:42;876.0;1745648202;82.138;97.109;100.105;111.538;
1900-01-01 16:16:43;877.0;1745648203;82.178;97.109;100.105;111.652;
1900-01-01 16:16:44;878.0;1745648204;82.178;97.113;100.058;111.534;
1900-01-01 16:16:45;879.0;1745648205;82.117;97.107;100.006;111.534;
1900-01-01 16:16:46;880.0;1745648206;82.067;97.107;100.006;111.741;
1900-01-01 16:16:47;881.0;1745648207;82.067;97.053;100.078;111.562;
1900-01-01 16:16:48;882.0;1745648208;82.086;97.019;100.078;111.562;
1900-01-01 16:16:49;883.0;1745648209;82.126;97.019;100.071;111.616;
1900-01-01 16:16:50;884.0;1745648210;82.126;97.04;100.177;111.616;
1900-01-01 16:16:51;885.0;1745648211;82.162;97.042;100.177;111.673;
1900-01-01 16:16:52;886.0;1745648212;82.202;97.042;100.077;111.622;
1900-01-01 16:16:53;887.0;1745648213;82.202;96.965;100.128;111.622;
1900-01-01 16:16:54;888.0;1745648214;82.162;97.007;100.128;111.589;
1900-01-01 16:16:55;889.0;1745648215;82.162;97.007;100.11;111.676;
1900-01-01 16:16:56;890.0;1745648216;82.159;97.03;100.143;111.676;
1900-01-01 16:16:58;891.0;1745648218;82.147;96.983;100.143;111.699;
1900-01-01 16:16:58;892.0;1745648218;82.147;96.983;100.088;111.551;
1900-01-01 16:16:59;893.0;1745648219;82.133;96.96;100.077;111.551;
1900-01-01 16:17:00;894.0;1745648220;82.083;96.96;100.077;111.639;
1900-01-01 16:17:01;895.0;1745648221;82.083;96.959;100.163;111.66;
1900-01-01 16:17:02;896.0;1745648222;82.066;96.971;100.132;111.66;
1900-01-01 16:17:03;897.0;1745648223;82.054;96.937;100.132;111.614;
1900-01-01 16:17:04;898.0;1745648224;82.054;96.937;100.171;111.643;
1900-01-01 16:17:05;899.0;1745648225;82.014;96.935;100.115;111.643;
1900-01-01 16:17:06;900.0;1745648226;81.996;96.935;100.115;111.641;
1900-01-01 16:17:07;901.0;1745648227;81.996;96.906;100.166;111.705;
1900-01-01 16:17:08;902.0;1745648228;81.931;96.988;100.162;111.705;
1900-01-01 16:17:09;903.0;1745648229;81.881;96.988;100.162;111.648;
1900-01-01 16:17:10;904.0;1745648230;81.881;96.896;100.053;111.671;
1900-01-01 16:17:11;905.0;1745648231;81.819;97.016;100.117;111.671;
1900-01-01 16:17:12;906.0;1745648232;81.819;97.016;100.117;111.773;
1900-01-01 16:17:13;907.0;1745648233;81.75;96.922;100.08;111.797;
1900-01-01 16:17:14;908.0;1745648234;81.688;97.039;100.08;111.797;
1900-01-01 16:17:15;909.0;1745648235;81.602;97.039;100.128;111.719;
1900-01-01 16:17:16;910.0;1745648236;81.602;96.967;100.156;111.719;
1900-01-01 16:17:17;911.0;1745648237;81.694;96.996;100.156;111.642;
1900-01-01 16:17:18;912.0;1745648238;81.694;96.996;100.12;111.71;
1900-01-01 16:17:20;913.0;1745648240;81.549;96.958;100.148;111.752;
1900-01-01 16:17:20;914.0;1745648240;81.54;96.958;100.148;111.752;
1900-01-01 16:17:21;915.0;1745648241;81.54;96.893;100.148;111.812;
1900-01-01 16:17:22;916.0;1745648242;81.548;96.988;100.13;111.812;
1900-01-01 16:17:23;917.0;1745648243;81.491;96.988;100.13;111.745;
1900-01-01 16:17:24;918.0;1745648244;81.491;96.907;100.119;111.737;
1900-01-01 16:17:25;919.0;1745648245;81.405;96.828;100.129;111.737;
1900-01-01 16:17:26;920.0;1745648246;81.402;96.828;100.129;111.741;
1900-01-01 16:17:27;921.0;1745648247;81.402;96.948;100.064;111.733;
1900-01-01 16:17:28;922.0;1745648248;81.422;96.949;100.064;111.733;
1900-01-01 16:17:29;923.0;1745648249;81.397;96.949;99.996;111.749;
1900-01-01 16:17:30;924.0;1745648250;81.397;96.953;99.988;111.685;
1900-01-01 16:17:31;925.0;1745648251;81.387;97.051;99.947;111.685;
1900-01-01 16:17:32;926.0;1745648252;81.365;97.051;99.947;111.685;
1900-01-01 16:17:33;927.0;1745648253;81.365;96.982;99.908;111.706;
1900-01-01 16:17:34;928.0;1745648254;81.447;96.959;99.908;111.706;
1900-01-01 16:17:35;929.0;1745648255;81.386;96.959;99.983;111.654;
1900-01-01 16:17:36;930.0;1745648256;81.386;96.994;99.935;111.626;
1900-01-01 16:17:37;931.0;1745648257;81.426;97.023;99.935;111.626;
1900-01-01 16:17:38;932.0;1745648258;81.485;97.023;99.936;111.692;
1900-01-01 16:17:39;933.0;1745648259;81.485;97.018;99.851;111.746;
1900-01-01 16:17:40;934.0;1745648260;81.541;96.961;99.851;111.746;
1900-01-01 16:17:41;935.0;1745648261;81.541;96.961;99.901;111.703;
1900-01-01 16:17:42;936.0;1745648262;81.514;97.002;99.94;111.697;
1900-01-01 16:17:43;937.0;1745648263;81.513;96.97;99.94;111.697;
1900-01-01 16:17:44;938.0;1745648264;81.513;96.97;99.956;111.714;
1900-01-01 16:17:45;939.0;1745648265;81.515;96.955;99.953;111.666;
1900-01-01 16:17:46;940.0;1745648266;81.443;96.955;99.953;111.666;
1900-01-01 16:17:47;941.0;1745648267;81.443;96.943;99.965;111.624;
1900-01-01 16:17:48;942.0;1745648268;81.476;96.937;99.975;111.624;
1900-01-01 16:17:50;943.0;1745648270;81.368;96.817;99.975;111.726;
1900-01-01 16:17:50;944.0;1745648270;81.368;96.817;99.952;111.694;
1900-01-01 16:17:51;945.0;1745648271;81.411;96.913;99.921;111.694;
1900-01-01 16:17:52;946.0;1745648272;81.276;96.913;99.921;111.662;
1900-01-01 16:17:53;947.0;1745648273;81.276;96.943;99.985;111.811;
1900-01-01 16:17:54;948.0;1745648274;81.228;96.743;99.985;111.811;
1900-01-01 16:17:55;949.0;1745648275;81.14;96.743;100.059;111.784;
1900-01-01 16:17:56;950.0;1745648276;81.14;96.829;99.993;111.705;
1900-01-01 16:17:58;951.0;1745648278;81.05;96.801;100.053;111.705;
1900-01-01 16:17:58;952.0;1745648278;81.05;96.801;100.053;111.687;
1900-01-01 16:17:59;953.0;1745648279;80.933;96.699;100.001;111.647;
1900-01-01 16:18:00;954.0;1745648280;80.837;96.733;100.001;111.647;
1900-01-01 16:18:01;955.0;1745648281;80.837;96.733;99.968;111.797;
1900-01-01 16:18:02;956.0;1745648282;80.714;96.739;100.034;111.797;
1900-01-01 16:18:03;957.0;1745648283;80.606;96.731;100.034;111.76;
1900-01-01 16:18:04;958.0;1745648284;80.606;96.731;100.026;111.694;
1900-01-01 16:18:05;959.0;1745648285;80.646;96.712;100.095;111.694;
1900-01-01 16:18:06;960.0;1745648286;80.685;96.625;100.095;111.859;
1900-01-01 16:18:07;961.0;1745648287;80.685;96.625;100.118;111.81;
1900-01-01 16:18:08;962.0;1745648288;80.713;96.68;100.13;111.82;
1900-01-01 16:18:10;963.0;1745648290;80.752;96.659;100.13;111.82;
1900-01-01 16:18:10;964.0;1745648290;80.752;96.659;100.023;111.854;
1900-01-01 16:18:11;965.0;1745648291;80.818;96.602;100.096;111.854;
1900-01-01 16:18:12;966.0;1745648292;80.733;96.646;100.096;111.828;
1900-01-01 16:18:13;967.0;1745648293;80.726;96.646;100.099;111.795;
1900-01-01 16:18:14;968.0;1745648294;80.726;96.638;100.128;111.795;
1900-01-01 16:18:15;969.0;1745648295;80.741;96.573;100.128;111.817;
1900-01-01 16:18:16;970.0;1745648296;80.741;96.573;100.11;111.832;
1900-01-01 16:18:17;971.0;1745648297;80.719;96.593;100.188;111.832;
1900-01-01 16:18:18;972.0;1745648298;80.735;96.559;100.188;111.827;
1900-01-01 16:18:19;973.0;1745648299;80.68;96.559;100.155;111.929;
1900-01-01 16:18:20;974.0;1745648300;80.68;96.523;100.108;111.929;
1900-01-01 16:18:21;975.0;1745648301;80.686;96.584;100.108;111.85;
1900-01-01 16:18:22;976.0;1745648302;80.686;96.584;100.149;111.835;
1900-01-01 16:18:23;977.0;1745648303;80.667;96.554;100.152;111.835;
1900-01-01 16:18:24;978.0;1745648304;80.577;96.519;100.152;111.912;
1900-01-01 16:18:26;979.0;1745648306;80.609;96.519;100.2;111.786;
1900-01-01 16:18:26;980.0;1745648306;80.609;96.496;100.014;111.786;
1900-01-01 16:18:27;981.0;1745648307;80.611;96.524;100.014;111.838;
1900-01-01 16:18:28;982.0;1745648308;80.611;96.524;100.054;111.743;
1900-01-01 16:18:29;983.0;1745648309;80.577;96.443;100.049;111.941;
1900-01-01 16:18:30;984.0;1745648310;80.548;96.484;100.049;111.941;
1900-01-01 16:18:31;985.0;1745648311;80.548;96.484;100.016;111.963;
1900-01-01 16:18:32;986.0;1745648312;80.574;96.491;100.04;111.963;
1900-01-01 16:18:33;987.0;1745648313;80.544;96.491;100.04;111.904;
1900-01-01 16:18:34;988.0;1745648314;80.544;96.583;99.943;111.943;
1900-01-01 16:18:35;989.0;1745648315;80.468;96.411;99.944;111.943;
1900-01-01 16:18:36;990.0;1745648316;80.456;96.411;99.944;111.805;
1900-01-01 16:18:37;991.0;1745648317;80.456;96.485;99.926;111.798;
1900-01-01 16:18:38;992.0;1745648318;80.476;96.449;99.949;111.798;
1900-01-01 16:18:39;993.0;1745648319;80.427;96.349;99.949;111.823;
1900-01-01 16:18:40;994.0;1745648320;80.427;96.349;99.98;111.878;
1900-01-01 16:18:41;995.0;1745648321;80.401;96.421;99.941;111.878;
1900-01-01 16:18:42;996.0;1745648322;80.394;96.371;99.941;111.816;
1900-01-01 16:18:43;997.0;1745648323;80.394;96.371;99.945;111.782;
1900-01-01 16:18:44;998.0;1745648324;80.39;96.412;99.971;111.782;
1900-01-01 16:18:45;999.0;1745648325;80.348;96.412;99.971;111.938;
1900-01-01 16:18:46;1000.0;1745648326;80.348;96.495;100.024;111.883;
1900-01-01 16:18:47;1001.0;1745648327;80.425;96.422;100.024;111.883;
1900-01-01 16:18:48;1002.0;1745648328;80.358;96.422;99.892;111.9;
1900-01-01 16:18:49;1003.0;1745648329;80.358;96.487;99.915;111.871;
1900-01-01 16:18:50;1004.0;1745648330;80.334;96.46;99.915;111.871;
1900-01-01 16:18:51;1005.0;1745648331;80.283;96.46;100.017;111.883;
1900-01-01 16:18:52;1006.0;1745648332;80.283;96.412;99.951;111.854;
1900-01-01 16:18:53;1007.0;1745648333;80.227;96.457;99.951;111.854;
1900-01-01 16:18:54;1008.0;1745648334;80.242;96.457;99.965;111.923;
1900-01-01 16:18:55;1009.0;1745648335;80.242;96.35;100.035;111.839;
1900-01-01 16:18:56;1010.0;1745648336;80.143;96.312;100.035;111.839;
1900-01-01 16:18:57;1011.0;1745648337;80.193;96.312;99.927;111.824;
1900-01-01 16:18:58;1012.0;1745648338;80.193;96.356;100.03;111.824;
1900-01-01 16:18:59;1013.0;1745648339;80.193;96.447;100.03;111.854;
1900-01-01 16:19:00;1014.0;1745648340;80.145;96.447;100.008;111.89;
1900-01-01 16:19:01;1015.0;1745648341;80.145;96.358;100.092;111.89;
1900-01-01 16:19:02;1016.0;1745648342;80.217;96.383;100.092;111.918;
1900-01-01 16:19:03;1017.0;1745648343;80.217;96.383;100.153;111.954;
1900-01-01 16:19:04;1018.0;1745648344;80.188;96.322;100.098;111.954;
1900-01-01 16:19:05;1019.0;1745648345;80.064;96.322;100.098;111.918;
1900-01-01 16:19:06;1020.0;1745648346;80.064;96.377;100.183;111.889;
1900-01-01 16:19:07;1021.0;1745648347;80.076;96.365;100.164;111.889;
1900-01-01 16:19:08;1022.0;1745648348;80.054;96.365;100.164;111.896;
1900-01-01 16:19:09;1023.0;1745648349;80.054;96.322;100.116;111.912;
1900-01-01 16:19:10;1024.0;1745648350;80.042;96.329;100.17;111.912;
1900-01-01 16:19:11;1025.0;1745648351;80.033;96.307;100.17;111.934;
1900-01-01 16:19:12;1026.0;1745648352;80.033;96.307;100.203;111.956;
1900-01-01 16:19:13;1027.0;1745648353;80.006;96.219;100.141;111.956;
1900-01-01 16:19:14;1028.0;1745648354;80.027;96.219;100.141;111.875;
1900-01-01 16:19:15;1029.0;1745648355;80.027;96.297;100.101;111.808;
1900-01-01 16:19:16;1030.0;1745648356;79.937;96.384;100.131;111.808;
1900-01-01 16:19:17;1031.0;1745648357;79.896;96.244;100.131;111.834;
1900-01-01 16:19:18;1032.0;1745648358;79.896;96.244;100.091;111.931;
1900-01-01 16:19:19;1033.0;1745648359;79.84;96.251;100.061;111.931;
1900-01-01 16:19:20;1034.0;1745648360;79.774;96.251;100.061;111.934;
1900-01-01 16:19:21;1035.0;1745648361;79.774;96.307;100.085;111.956;
1900-01-01 16:19:22;1036.0;1745648362;79.806;96.253;100.117;111.956;
1900-01-01 16:19:23;1037.0;1745648363;79.768;96.186;100.117;111.92;
1900-01-01 16:19:24;1038.0;1745648364;79.768;96.186;100.04;112.008;
1900-01-01 16:19:25;1039.0;1745648365;79.717;96.148;100.1;112.008;
1900-01-01 16:19:26;1040.0;1745648366;79.63;96.095;100.1;111.966;
1900-01-01 16:19:27;1041.0;1745648367;79.63;96.095;100.044;111.947;
1900-01-01 16:19:28;1042.0;1745648368;79.64;96.152;99.959;111.947;
1900-01-01 16:19:29;1043.0;1745648369;79.613;96.152;99.959;111.966;
1900-01-01 16:19:30;1044.0;1745648370;79.613;96.165;100.082;111.937;
1900-01-01 16:19:31;1045.0;1745648371;79.557;96.145;100.082;111.937;
1900-01-01 16:19:32;1046.0;1745648372;79.533;96.145;99.988;111.913;
1900-01-01 16:19:33;1047.0;1745648373;79.533;96.162;100.068;111.977;
1900-01-01 16:19:34;1048.0;1745648374;79.527;96.192;100.068;111.977;
1900-01-01 16:19:35;1049.0;1745648375;79.501;96.192;100.058;111.923;
1900-01-01 16:19:36;1050.0;1745648376;79.501;96.201;100.017;111.923;
1900-01-01 16:19:37;1051.0;1745648377;79.528;96.165;100.017;111.977;
1900-01-01 16:19:38;1052.0;1745648378;79.503;96.165;100.024;111.963;
1900-01-01 16:19:39;1053.0;1745648379;79.503;96.276;100.028;111.959;
1900-01-01 16:19:40;1054.0;1745648380;79.621;96.209;100.028;111.959;
1900-01-01 16:19:41;1055.0;1745648381;79.621;96.209;100.048;111.986;
1900-01-01 16:19:42;1056.0;1745648382;79.568;96.211;99.896;111.986;
1900-01-01 16:19:43;1057.0;1745648383;79.588;96.191;99.896;111.901;
1900-01-01 16:19:44;1058.0;1745648384;79.588;96.191;99.924;111.877;
1900-01-01 16:19:45;1059.0;1745648385;79.646;96.015;99.934;111.877;
1900-01-01 16:19:46;1060.0;1745648386;79.653;95.993;99.934;111.932;
1900-01-01 16:19:47;1061.0;1745648387;79.653;95.993;99.847;111.933;
1900-01-01 16:19:48;1062.0;1745648388;79.687;95.922;99.92;111.933;
1900-01-01 16:19:49;1063.0;1745648389;79.674;95.907;99.92;111.957;
1900-01-01 16:19:50;1064.0;1745648390;79.674;95.907;99.949;112.003;
1900-01-01 16:19:51;1065.0;1745648391;79.674;95.866;99.88;112.003;
1900-01-01 16:19:52;1066.0;1745648392;79.637;95.909;99.88;112.025;
1900-01-01 16:19:53;1067.0;1745648393;79.637;95.909;99.944;112.025;
1900-01-01 16:19:54;1068.0;1745648394;79.67;95.921;99.97;112.025;
1900-01-01 16:19:55;1069.0;1745648395;79.667;95.921;99.97;111.911;
1900-01-01 16:19:56;1070.0;1745648396;79.667;95.92;99.907;112.018;
1900-01-01 16:19:57;1071.0;1745648397;79.64;95.96;99.893;112.018;
1900-01-01 16:19:58;1072.0;1745648398;79.679;95.96;99.893;111.971;
1900-01-01 16:19:59;1073.0;1745648399;79.679;96.004;99.942;112.042;
1900-01-01 16:20:00;1074.0;1745648400;79.66;95.976;99.942;112.042;
1900-01-01 16:20:01;1075.0;1745648401;79.641;95.976;99.938;112.005;
1900-01-01 16:20:02;1076.0;1745648402;79.641;96.02;100.007;112.005;
1900-01-01 16:20:03;1077.0;1745648403;79.681;95.91;100.007;112.035;
1900-01-01 16:20:04;1078.0;1745648404;79.617;95.91;99.987;111.993;
1900-01-01 16:20:05;1079.0;1745648405;79.617;95.998;99.993;111.993;
1900-01-01 16:20:06;1080.0;1745648406;79.551;95.92;99.993;112.041;
1900-01-01 16:20:07;1081.0;1745648407;79.551;95.92;100.053;112.016;
1900-01-01 16:20:08;1082.0;1745648408;79.532;95.968;100.015;112.03;
1900-01-01 16:20:09;1083.0;1745648409;79.478;95.968;100.015;112.03;
1900-01-01 16:20:10;1084.0;1745648410;79.478;95.923;100.104;112.05;
1900-01-01 16:20:11;1085.0;1745648411;79.44;95.892;100.043;112.05;
1900-01-01 16:20:12;1086.0;1745648412;79.385;95.924;100.043;111.935;
1900-01-01 16:20:13;1087.0;1745648413;79.385;95.924;100.074;112.061;
1900-01-01 16:20:14;1088.0;1745648414;79.234;95.915;100.05;112.061;
1900-01-01 16:20:15;1089.0;1745648415;79.167;95.878;100.05;111.926;
1900-01-01 16:20:16;1090.0;1745648416;79.167;95.878;100.107;111.972;
1900-01-01 16:20:17;1091.0;1745648417;79.107;95.909;100.117;111.972;
1900-01-01 16:20:18;1092.0;1745648418;79.139;95.909;100.117;112.034;
1900-01-01 16:20:19;1093.0;1745648419;79.139;95.889;100.05;111.996;
1900-01-01 16:20:20;1094.0;1745648420;79.122;95.925;100.098;111.996;
1900-01-01 16:20:21;1095.0;1745648421;79.094;95.842;100.098;111.965;
1900-01-01 16:20:22;1096.0;1745648422;79.094;95.842;99.964;112.041;
1900-01-01 16:20:23;1097.0;1745648423;79.02;95.839;100.057;112.041;
1900-01-01 16:20:24;1098.0;1745648424;78.975;95.822;100.057;111.973;
1900-01-01 16:20:25;1099.0;1745648425;78.975;95.822;100.053;112.032;
1900-01-01 16:20:26;1100.0;1745648426;78.965;95.762;100.013;112.032;
1900-01-01 16:20:27;1101.0;1745648427;78.945;95.762;100.013;112.063;
1900-01-01 16:20:28;1102.0;1745648428;78.945;95.825;99.914;111.977;
1900-01-01 16:20:29;1103.0;1745648429;78.88;95.845;100.046;111.977;
1900-01-01 16:20:30;1104.0;1745648430;78.914;95.845;100.046;111.924;
1900-01-01 16:20:31;1105.0;1745648431;78.914;95.833;100.066;112.057;
1900-01-01 16:20:33;1106.0;1745648433;78.954;95.864;99.981;112.057;
1900-01-01 16:20:33;1107.0;1745648433;78.95;95.864;99.981;112.131;
1900-01-01 16:20:34;1108.0;1745648434;78.95;95.813;100.078;112.035;
1900-01-01 16:20:35;1109.0;1745648435;78.94;95.778;100.078;112.035;
1900-01-01 16:20:36;1110.0;1745648436;78.964;95.778;99.938;112.065;
1900-01-01 16:20:37;1111.0;1745648437;78.964;95.797;99.985;112.068;
1900-01-01 16:20:38;1112.0;1745648438;78.963;95.742;99.985;112.068;
1900-01-01 16:20:39;1113.0;1745648439;78.969;95.742;99.919;112.093;
1900-01-01 16:20:40;1114.0;1745648440;78.969;95.766;99.977;112.032;
1900-01-01 16:20:41;1115.0;1745648441;78.906;95.765;99.977;112.032;
1900-01-01 16:20:42;1116.0;1745648442;78.847;95.765;99.957;112.113;
1900-01-01 16:20:43;1117.0;1745648443;78.847;95.673;100.01;112.032;
1900-01-01 16:20:44;1118.0;1745648444;78.872;95.658;100.01;112.032;
1900-01-01 16:20:45;1119.0;1745648445;78.872;95.658;99.933;111.966;
1900-01-01 16:20:46;1120.0;1745648446;78.837;95.565;99.974;111.966;
1900-01-01 16:20:47;1121.0;1745648447;78.762;95.565;99.974;112.154;
1900-01-01 16:20:48;1122.0;1745648448;78.762;95.537;100.009;112.12;
1900-01-01 16:20:49;1123.0;1745648449;78.716;95.497;100.033;112.12;
1900-01-01 16:20:50;1124.0;1745648450;78.663;95.487;100.033;112.087;
1900-01-01 16:20:51;1125.0;1745648451;78.663;95.487;100.005;112.111;
1900-01-01 16:20:52;1126.0;1745648452;78.647;95.61;99.979;112.111;
1900-01-01 16:20:53;1127.0;1745648453;78.69;95.647;99.979;112.049;
1900-01-01 16:20:54;1128.0;1745648454;78.69;95.647;99.992;112.074;
1900-01-01 16:20:56;1129.0;1745648456;78.622;95.679;99.94;112.074;
1900-01-01 16:20:56;1130.0;1745648456;78.639;95.679;99.94;112.123;
1900-01-01 16:20:57;1131.0;1745648457;78.639;95.689;99.887;112.087;
1900-01-01 16:20:58;1132.0;1745648458;78.62;95.611;99.887;112.087;
1900-01-01 16:20:59;1133.0;1745648459;78.572;95.611;99.905;112.076;
1900-01-01 16:21:00;1134.0;1745648460;78.572;95.667;100.028;112.065;
1900-01-01 16:21:01;1135.0;1745648461;78.552;95.724;100.028;112.065;
1900-01-01 16:21:02;1136.0;1745648462;78.499;95.724;99.953;112.04;
1900-01-01 16:21:03;1137.0;1745648463;78.499;95.649;99.932;112.04;
1900-01-01 16:21:04;1138.0;1745648464;78.494;95.615;99.932;112.167;
1900-01-01 16:21:05;1139.0;1745648465;78.467;95.615;99.979;112.076;
1900-01-01 16:21:06;1140.0;1745648466;78.467;95.641;99.981;112.133;
1900-01-01 16:21:07;1141.0;1745648467;78.44;95.576;99.981;112.133;
1900-01-01 16:21:08;1142.0;1745648468;78.424;95.576;99.951;112.091;
1900-01-01 16:21:09;1143.0;1745648469;78.424;95.599;99.901;112.091;
1900-01-01 16:21:10;1144.0;1745648470;78.44;95.591;99.901;112.067;
1900-01-01 16:21:11;1145.0;1745648471;78.38;95.591;99.976;112.126;
1900-01-01 16:21:12;1146.0;1745648472;78.38;95.571;99.855;112.129;
1900-01-01 16:21:13;1147.0;1745648473;78.302;95.601;99.855;112.129;
1900-01-01 16:21:14;1148.0;1745648474;78.331;95.601;99.872;112.032;
1900-01-01 16:21:15;1149.0;1745648475;78.331;95.449;99.868;112.033;
1900-01-01 16:21:16;1150.0;1745648476;78.241;95.527;99.879;112.033;
1900-01-01 16:21:17;1151.0;1745648477;78.241;95.527;99.879;111.991;
1900-01-01 16:21:18;1152.0;1745648478;78.197;95.48;99.877;112.162;
1900-01-01 16:21:19;1153.0;1745648479;78.151;95.463;99.877;112.162;
1900-01-01 16:21:20;1154.0;1745648480;78.192;95.463;99.827;112.067;
1900-01-01 16:21:21;1155.0;1745648481;78.192;95.326;99.871;112.067;
1900-01-01 16:21:22;1156.0;1745648482;78.122;95.419;99.871;112.188;
1900-01-01 16:21:23;1157.0;1745648483;78.087;95.419;99.812;112.142;
1900-01-01 16:21:24;1158.0;1745648484;78.087;95.411;99.851;112.125;
1900-01-01 16:21:25;1159.0;1745648485;78.083;95.374;99.851;112.125;
1900-01-01 16:21:26;1160.0;1745648486;78.083;95.374;99.881;112.179;
1900-01-01 16:21:27;1161.0;1745648487;78.018;95.307;99.982;112.164;
1900-01-01 16:21:28;1162.0;1745648488;78.015;95.306;99.982;112.164;
1900-01-01 16:21:29;1163.0;1745648489;78.015;95.306;99.994;112.216;
1900-01-01 16:21:30;1164.0;1745648490;77.952;95.314;99.93;112.107;
1900-01-01 16:21:31;1165.0;1745648491;77.92;95.355;99.93;112.107;
1900-01-01 16:21:32;1166.0;1745648492;77.92;95.355;99.963;112.159;
1900-01-01 16:21:33;1167.0;1745648493;77.88;95.334;99.992;112.174;
1900-01-01 16:21:34;1168.0;1745648494;77.897;95.362;99.992;112.174;
1900-01-01 16:21:35;1169.0;1745648495;77.897;95.362;99.945;112.136;
1900-01-01 16:21:36;1170.0;1745648496;77.861;95.367;99.953;112.136;
1900-01-01 16:21:37;1171.0;1745648497;77.893;95.382;99.953;112.136;
1900-01-01 16:21:38;1172.0;1745648498;77.922;95.382;100.022;112.154;
1900-01-01 16:21:39;1173.0;1745648499;77.922;95.364;100.025;112.154;
1900-01-01 16:21:40;1174.0;1745648500;77.902;95.278;100.025;112.166;
1900-01-01 16:21:41;1175.0;1745648501;77.846;95.278;99.91;112.064;
1900-01-01 16:21:42;1176.0;1745648502;77.846;95.292;99.909;112.127;
1900-01-01 16:21:43;1177.0;1745648503;77.819;95.257;99.909;112.127;
1900-01-01 16:21:44;1178.0;1745648504;77.819;95.257;99.928;112.142;
1900-01-01 16:21:45;1179.0;1745648505;77.724;95.218;99.912;112.142;
1900-01-01 16:21:46;1180.0;1745648506;77.684;95.271;99.912;112.205;
1900-01-01 16:21:47;1181.0;1745648507;77.545;95.271;99.829;112.142;
1900-01-01 16:21:48;1182.0;1745648508;77.545;95.254;99.858;112.142;
1900-01-01 16:21:49;1183.0;1745648509;77.526;95.287;99.858;112.157;
1900-01-01 16:21:50;1184.0;1745648510;77.526;95.287;99.877;112.164;
1900-01-01 16:21:51;1185.0;1745648511;77.51;95.27;99.887;112.238;
1900-01-01 16:21:52;1186.0;1745648512;77.451;95.242;99.887;112.238;
1900-01-01 16:21:53;1187.0;1745648513;77.451;95.242;99.78;112.138;
1900-01-01 16:21:54;1188.0;1745648514;77.463;95.4;99.808;112.138;
1900-01-01 16:21:55;1189.0;1745648515;77.4;95.344;99.808;112.159;
1900-01-01 16:21:56;1190.0;1745648516;77.424;95.344;99.933;112.176;
1900-01-01 16:21:57;1191.0;1745648517;77.424;95.304;99.854;112.176;
1900-01-01 16:21:58;1192.0;1745648518;77.35;95.351;99.854;112.121;
1900-01-01 16:21:59;1193.0;1745648519;77.35;95.351;99.978;112.2;
1900-01-01 16:22:00;1194.0;1745648520;77.307;95.268;99.945;112.2;
1900-01-01 16:22:01;1195.0;1745648521;77.323;95.268;99.945;112.145;
1900-01-01 16:22:02;1196.0;1745648522;77.323;95.181;99.943;112.144;
1900-01-01 16:22:03;1197.0;1745648523;77.252;95.212;99.98;112.144;
1900-01-01 16:22:04;1198.0;1745648524;77.298;95.212;99.98;112.145;
1900-01-01 16:22:05;1199.0;1745648525;77.298;95.31;99.969;112.123;
