Time;Seconds from start for linreg;Unix Time;ch1 po2;ch2 po2;ch3 po2;ch4 po2;
1900-01-01 04:57:08;1.0;1745693828;101.074;102.495;96.252;102.273;
1900-01-01 04:57:09;2.0;1745693829;101.074;102.494;96.319;102.249;
1900-01-01 04:57:10;3.0;1745693830;101.122;102.514;96.398;102.249;
1900-01-01 04:57:11;4.0;1745693831;101.103;102.514;96.398;102.308;
1900-01-01 04:57:12;5.0;1745693832;101.103;102.508;96.367;102.346;
1900-01-01 04:57:13;6.0;1745693833;101.039;102.514;96.367;102.346;
1900-01-01 04:57:14;7.0;1745693834;101.064;102.514;96.416;102.302;
1900-01-01 04:57:15;8.0;1745693835;101.064;102.499;96.379;102.247;
1900-01-01 04:57:17;9.0;1745693837;100.993;102.51;96.395;102.247;
1900-01-01 04:57:17;10.0;1745693837;100.993;102.51;96.395;102.25;
1900-01-01 04:57:18;11.0;1745693838;101.062;102.57;96.48;102.25;
1900-01-01 04:57:19;12.0;1745693839;101.055;102.536;96.48;102.224;
1900-01-01 04:57:20;13.0;1745693840;101.074;102.536;96.491;102.232;
1900-01-01 04:57:21;14.0;1745693841;101.074;102.563;96.413;102.232;
1900-01-01 04:57:22;15.0;1745693842;101.035;102.668;96.413;102.283;
1900-01-01 04:57:23;16.0;1745693843;100.949;102.668;96.503;102.282;
1900-01-01 04:57:24;17.0;1745693844;100.949;102.61;96.499;102.282;
1900-01-01 04:57:25;18.0;1745693845;101.006;102.598;96.499;102.208;
1900-01-01 04:57:26;19.0;1745693846;101.006;102.598;96.475;102.281;
1900-01-01 04:57:27;20.0;1745693847;101.089;102.602;96.459;102.281;
1900-01-01 04:57:28;21.0;1745693848;101.077;102.651;96.459;102.388;
1900-01-01 04:57:29;22.0;1745693849;101.077;102.651;96.465;102.333;
1900-01-01 04:57:30;23.0;1745693850;101.009;102.669;96.368;102.333;
1900-01-01 04:57:31;24.0;1745693851;101.12;102.669;96.368;102.319;
1900-01-01 04:57:32;25.0;1745693852;101.12;102.581;96.335;102.3;
1900-01-01 04:57:33;26.0;1745693853;101.174;102.568;96.335;102.3;
1900-01-01 04:57:34;27.0;1745693854;101.241;102.568;96.256;102.311;
1900-01-01 04:57:35;28.0;1745693855;101.241;102.615;96.176;102.295;
1900-01-01 04:57:36;29.0;1745693856;101.269;102.643;96.176;102.295;
1900-01-01 04:57:37;30.0;1745693857;101.246;102.643;96.115;102.338;
1900-01-01 04:57:38;31.0;1745693858;101.246;102.558;96.102;102.231;
1900-01-01 04:57:39;32.0;1745693859;101.243;102.64;96.102;102.231;
1900-01-01 04:57:40;33.0;1745693860;101.215;102.64;95.988;102.334;
1900-01-01 04:57:41;34.0;1745693861;101.215;102.601;95.953;102.334;
1900-01-01 04:57:42;35.0;1745693862;101.197;102.592;95.953;102.282;
1900-01-01 04:57:43;36.0;1745693863;101.197;102.592;95.774;102.333;
1900-01-01 04:57:44;37.0;1745693864;101.04;102.605;95.697;102.333;
1900-01-01 04:57:45;38.0;1745693865;101.138;102.605;95.697;102.253;
1900-01-01 04:57:46;39.0;1745693866;101.138;102.494;95.727;102.22;
1900-01-01 04:57:47;40.0;1745693867;101.073;102.52;95.707;102.22;
1900-01-01 04:57:48;41.0;1745693868;101.081;102.52;95.707;102.246;
1900-01-01 04:57:49;42.0;1745693869;101.081;102.535;95.701;102.282;
1900-01-01 04:57:50;43.0;1745693870;101.097;102.587;95.666;102.282;
1900-01-01 04:57:51;44.0;1745693871;101.136;102.554;95.666;102.331;
1900-01-01 04:57:52;45.0;1745693872;101.136;102.554;95.652;102.331;
1900-01-01 04:57:53;46.0;1745693873;101.153;102.618;95.66;102.331;
1900-01-01 04:57:54;47.0;1745693874;101.176;102.618;95.66;102.323;
1900-01-01 04:57:55;48.0;1745693875;101.176;102.581;95.64;102.318;
1900-01-01 04:57:56;49.0;1745693876;101.128;102.548;95.64;102.318;
1900-01-01 04:57:57;50.0;1745693877;101.194;102.548;95.598;102.339;
1900-01-01 04:57:58;51.0;1745693878;101.194;102.594;95.592;102.333;
1900-01-01 04:57:59;52.0;1745693879;101.227;102.58;95.592;102.333;
1900-01-01 04:58:00;53.0;1745693880;101.297;102.58;95.474;102.319;
1900-01-01 04:58:01;54.0;1745693881;101.297;102.581;95.389;102.237;
1900-01-01 04:58:03;55.0;1745693883;101.283;102.598;95.31;102.237;
1900-01-01 04:58:03;56.0;1745693883;101.283;102.598;95.31;102.367;
1900-01-01 04:58:04;57.0;1745693884;101.255;102.62;95.321;102.351;
1900-01-01 04:58:05;58.0;1745693885;101.224;102.619;95.321;102.351;
1900-01-01 04:58:06;59.0;1745693886;101.224;102.619;95.217;102.289;
1900-01-01 04:58:07;60.0;1745693887;101.219;102.598;95.207;102.304;
1900-01-01 04:58:08;61.0;1745693888;101.16;102.598;95.207;102.304;
1900-01-01 04:58:09;62.0;1745693889;101.16;102.629;95.208;102.307;
1900-01-01 04:58:10;63.0;1745693890;101.226;102.56;95.204;102.307;
1900-01-01 04:58:12;64.0;1745693892;101.183;102.53;95.204;102.261;
1900-01-01 04:58:12;65.0;1745693892;101.183;102.53;95.093;102.253;
1900-01-01 04:58:14;66.0;1745693894;101.077;102.507;95.008;102.253;
1900-01-01 04:58:14;67.0;1745693894;101.036;102.507;95.008;102.339;
1900-01-01 04:58:15;68.0;1745693895;101.036;102.532;95.039;102.295;
1900-01-01 04:58:16;69.0;1745693896;101.082;102.485;95.039;102.295;
1900-01-01 04:58:17;70.0;1745693897;101.118;102.485;95.077;102.315;
1900-01-01 04:58:18;71.0;1745693898;101.118;102.489;95.064;102.318;
1900-01-01 04:58:20;72.0;1745693900;101.028;102.484;95.073;102.318;
1900-01-01 04:58:20;73.0;1745693900;101.028;102.484;95.073;102.295;
1900-01-01 04:58:21;74.0;1745693901;101.158;102.498;94.954;102.348;
1900-01-01 04:58:22;75.0;1745693902;101.157;102.501;94.954;102.348;
1900-01-01 04:58:23;76.0;1745693903;101.157;102.501;94.899;102.293;
1900-01-01 04:58:24;77.0;1745693904;101.144;102.499;94.725;102.293;
1900-01-01 04:58:25;78.0;1745693905;101.16;102.559;94.725;102.307;
1900-01-01 04:58:26;79.0;1745693906;101.16;102.559;94.827;102.297;
1900-01-01 04:58:27;80.0;1745693907;101.214;102.611;94.888;102.297;
1900-01-01 04:58:28;81.0;1745693908;101.194;102.436;94.888;102.254;
1900-01-01 04:58:29;82.0;1745693909;101.194;102.436;94.903;102.306;
1900-01-01 04:58:30;83.0;1745693910;101.181;102.445;95.004;102.306;
1900-01-01 04:58:31;84.0;1745693911;101.168;102.496;95.004;102.312;
1900-01-01 04:58:32;85.0;1745693912;101.168;102.496;95.057;102.357;
1900-01-01 04:58:33;86.0;1745693913;101.027;102.533;95.133;102.357;
1900-01-01 04:58:34;87.0;1745693914;101.092;102.533;95.133;102.363;
1900-01-01 04:58:35;88.0;1745693915;101.092;102.482;95.261;102.34;
1900-01-01 04:58:36;89.0;1745693916;100.992;102.517;95.261;102.34;
1900-01-01 04:58:37;90.0;1745693917;100.997;102.517;95.249;102.338;
1900-01-01 04:58:38;91.0;1745693918;100.997;102.493;95.407;102.421;
1900-01-01 04:58:39;92.0;1745693919;100.996;102.483;95.407;102.421;
1900-01-01 04:58:40;93.0;1745693920;100.921;102.483;95.45;102.391;
1900-01-01 04:58:41;94.0;1745693921;100.921;102.546;95.298;102.391;
1900-01-01 04:58:42;95.0;1745693922;101.024;102.49;95.298;102.39;
1900-01-01 04:58:43;96.0;1745693923;100.936;102.49;95.274;102.35;
1900-01-01 04:58:44;97.0;1745693924;100.936;102.6;95.123;102.35;
1900-01-01 04:58:45;98.0;1745693925;101.016;102.603;95.123;102.396;
1900-01-01 04:58:46;99.0;1745693926;101.016;102.603;94.978;102.317;
1900-01-01 04:58:47;100.0;1745693927;101.033;102.544;94.885;102.317;
1900-01-01 04:58:48;101.0;1745693928;101.093;102.665;94.885;102.36;
1900-01-01 04:58:49;102.0;1745693929;101.093;102.665;94.732;102.343;
1900-01-01 04:58:50;103.0;1745693930;101.096;102.546;94.637;102.343;
1900-01-01 04:58:51;104.0;1745693931;101.112;102.546;94.637;102.302;
1900-01-01 04:58:52;105.0;1745693932;101.112;102.623;94.662;102.347;
1900-01-01 04:58:53;106.0;1745693933;101.103;102.696;94.662;102.347;
1900-01-01 04:58:54;107.0;1745693934;101.102;102.696;94.543;102.348;
1900-01-01 04:58:55;108.0;1745693935;101.102;102.625;94.505;102.333;
1900-01-01 04:58:56;109.0;1745693936;101.077;102.596;94.505;102.333;
1900-01-01 04:58:57;110.0;1745693937;101.102;102.596;94.531;102.326;
1900-01-01 04:58:58;111.0;1745693938;101.102;102.636;94.328;102.326;
1900-01-01 04:58:59;112.0;1745693939;101.132;102.664;94.328;102.324;
1900-01-01 04:59:00;113.0;1745693940;101.054;102.664;94.285;102.366;
1900-01-01 04:59:01;114.0;1745693941;101.054;102.594;94.176;102.366;
1900-01-01 04:59:02;115.0;1745693942;101.131;102.548;94.176;102.288;
1900-01-01 04:59:03;116.0;1745693943;101.057;102.548;94.227;102.263;
1900-01-01 04:59:04;117.0;1745693944;101.057;102.626;94.187;102.329;
1900-01-01 04:59:06;118.0;1745693946;101.099;102.612;94.187;102.329;
1900-01-01 04:59:06;119.0;1745693946;101.099;102.612;94.285;102.426;
1900-01-01 04:59:07;120.0;1745693947;101.15;102.565;94.114;102.426;
1900-01-01 04:59:08;121.0;1745693948;101.112;102.578;94.114;102.303;
1900-01-01 04:59:09;122.0;1745693949;101.112;102.578;94.17;102.438;
1900-01-01 04:59:10;123.0;1745693950;101.125;102.67;94.146;102.438;
1900-01-01 04:59:11;124.0;1745693951;101.15;102.525;94.146;102.323;
1900-01-01 04:59:12;125.0;1745693952;101.15;102.525;94.135;102.31;
1900-01-01 04:59:13;126.0;1745693953;101.181;102.59;94.219;102.31;
1900-01-01 04:59:15;127.0;1745693955;101.158;102.598;94.219;102.391;
1900-01-01 04:59:15;128.0;1745693955;101.158;102.598;94.251;102.322;
1900-01-01 04:59:16;129.0;1745693956;101.181;102.535;94.288;102.322;
1900-01-01 04:59:17;130.0;1745693957;101.15;102.567;94.288;102.362;
1900-01-01 04:59:18;131.0;1745693958;101.062;102.567;94.249;102.369;
1900-01-01 04:59:19;132.0;1745693959;101.062;102.574;94.203;102.322;
1900-01-01 04:59:20;133.0;1745693960;101.034;102.574;94.203;102.322;
1900-01-01 04:59:21;134.0;1745693961;101.034;102.546;94.065;102.243;
1900-01-01 04:59:22;135.0;1745693962;100.957;102.504;93.929;102.243;
1900-01-01 04:59:23;136.0;1745693963;100.937;102.506;93.929;102.315;
1900-01-01 04:59:24;137.0;1745693964;100.937;102.506;93.874;102.249;
1900-01-01 04:59:25;138.0;1745693965;101.024;102.535;93.736;102.249;
1900-01-01 04:59:26;139.0;1745693966;100.908;102.468;93.736;102.29;
1900-01-01 04:59:27;140.0;1745693967;100.908;102.468;93.608;102.445;
1900-01-01 04:59:28;141.0;1745693968;100.958;102.518;93.483;102.445;
1900-01-01 04:59:29;142.0;1745693969;100.938;102.518;93.483;102.305;
1900-01-01 04:59:30;143.0;1745693970;100.938;102.482;93.427;102.353;
1900-01-01 04:59:31;144.0;1745693971;100.878;102.467;93.361;102.353;
1900-01-01 04:59:32;145.0;1745693972;100.975;102.467;93.361;102.348;
1900-01-01 04:59:33;146.0;1745693973;100.975;102.459;93.356;102.283;
1900-01-01 04:59:34;147.0;1745693974;101.007;102.439;93.356;102.283;
1900-01-01 04:59:35;148.0;1745693975;100.867;102.439;93.486;102.382;
1900-01-01 04:59:36;149.0;1745693976;100.867;102.4;93.526;102.403;
1900-01-01 04:59:37;150.0;1745693977;100.937;102.48;93.637;102.403;
1900-01-01 04:59:38;151.0;1745693978;100.937;102.48;93.637;102.387;
1900-01-01 04:59:39;152.0;1745693979;100.957;102.549;93.663;102.392;
1900-01-01 04:59:40;153.0;1745693980;100.939;102.443;93.663;102.392;
1900-01-01 04:59:41;154.0;1745693981;100.992;102.443;93.611;102.361;
1900-01-01 04:59:42;155.0;1745693982;100.992;102.448;93.824;102.361;
1900-01-01 04:59:43;156.0;1745693983;100.956;102.473;93.824;102.423;
1900-01-01 04:59:44;157.0;1745693984;100.956;102.473;93.804;102.318;
1900-01-01 04:59:45;158.0;1745693985;100.901;102.335;93.902;102.318;
1900-01-01 04:59:46;159.0;1745693986;100.932;102.391;93.902;102.345;
1900-01-01 04:59:47;160.0;1745693987;100.932;102.391;94.043;102.478;
1900-01-01 04:59:48;161.0;1745693988;100.917;102.391;94.146;102.478;
1900-01-01 04:59:49;162.0;1745693989;100.945;102.294;94.146;102.304;
1900-01-01 04:59:50;163.0;1745693990;100.945;102.294;93.906;102.416;
1900-01-01 04:59:51;164.0;1745693991;101.041;102.454;93.742;102.416;
1900-01-01 04:59:52;165.0;1745693992;100.957;102.454;93.742;102.307;
1900-01-01 04:59:53;166.0;1745693993;100.957;102.328;93.645;102.369;
1900-01-01 04:59:54;167.0;1745693994;101.012;102.407;93.645;102.369;
1900-01-01 04:59:55;168.0;1745693995;101.022;102.407;93.595;102.44;
1900-01-01 04:59:56;169.0;1745693996;101.022;102.487;93.586;102.44;
1900-01-01 04:59:57;170.0;1745693997;101.052;102.464;93.586;102.355;
1900-01-01 04:59:58;171.0;1745693998;100.969;102.464;93.473;102.289;
1900-01-01 04:59:59;172.0;1745693999;100.969;102.449;93.503;102.385;
1900-01-01 05:00:00;173.0;1745694000;100.98;102.447;93.503;102.385;
1900-01-01 05:00:01;174.0;1745694001;101.05;102.447;93.4;102.289;
1900-01-01 05:00:02;175.0;1745694002;101.05;102.456;93.306;102.289;
1900-01-01 05:00:03;176.0;1745694003;101.088;102.514;93.306;102.374;
1900-01-01 05:00:04;177.0;1745694004;101.088;102.514;93.228;102.369;
1900-01-01 05:00:05;178.0;1745694005;101.044;102.54;93.246;102.369;
1900-01-01 05:00:06;179.0;1745694006;101.099;102.54;93.246;102.334;
1900-01-01 05:00:07;180.0;1745694007;101.099;102.555;93.275;102.418;
1900-01-01 05:00:08;181.0;1745694008;101.024;102.536;93.228;102.418;
1900-01-01 05:00:09;182.0;1745694009;101.054;102.494;93.228;102.286;
1900-01-01 05:00:10;183.0;1745694010;101.054;102.494;93.133;102.258;
1900-01-01 05:00:11;184.0;1745694011;101.029;102.63;93.231;102.258;
1900-01-01 05:00:12;185.0;1745694012;100.899;102.63;93.231;102.374;
1900-01-01 05:00:13;186.0;1745694013;100.899;102.521;93.189;102.306;
1900-01-01 05:00:14;187.0;1745694014;100.984;102.485;93.278;102.306;
1900-01-01 05:00:15;188.0;1745694015;100.979;102.485;93.278;102.284;
1900-01-01 05:00:16;189.0;1745694016;100.979;102.578;93.284;102.339;
1900-01-01 05:00:18;190.0;1745694018;100.948;102.537;93.26;102.339;
1900-01-01 05:00:18;191.0;1745694018;100.904;102.537;93.26;102.266;
1900-01-01 05:00:19;192.0;1745694019;100.904;102.469;93.199;102.403;
1900-01-01 05:00:20;193.0;1745694020;100.896;102.487;93.199;102.403;
1900-01-01 05:00:21;194.0;1745694021;100.876;102.487;93.181;102.306;
1900-01-01 05:00:22;195.0;1745694022;100.876;102.533;93.108;102.423;
1900-01-01 05:00:23;196.0;1745694023;100.954;102.491;93.108;102.423;
1900-01-01 05:00:24;197.0;1745694024;100.954;102.491;93.044;102.353;
1900-01-01 05:00:25;198.0;1745694025;100.913;102.408;92.968;102.342;
1900-01-01 05:00:26;199.0;1745694026;100.941;102.454;92.968;102.342;
1900-01-01 05:00:27;200.0;1745694027;100.941;102.454;92.857;102.394;
1900-01-01 05:00:28;201.0;1745694028;100.956;102.454;92.868;102.394;
1900-01-01 05:00:29;202.0;1745694029;100.928;102.36;92.868;102.35;
1900-01-01 05:00:30;203.0;1745694030;100.928;102.36;92.956;102.339;
1900-01-01 05:00:31;204.0;1745694031;101.055;102.402;92.878;102.339;
1900-01-01 05:00:32;205.0;1745694032;100.91;102.391;92.878;102.334;
1900-01-01 05:00:33;206.0;1745694033;100.91;102.391;92.822;102.374;
1900-01-01 05:00:34;207.0;1745694034;100.969;102.33;92.806;102.374;
1900-01-01 05:00:35;208.0;1745694035;101.028;102.33;92.806;102.316;
1900-01-01 05:00:36;209.0;1745694036;101.028;102.363;92.704;102.343;
1900-01-01 05:00:37;210.0;1745694037;101.005;102.357;92.659;102.343;
1900-01-01 05:00:38;211.0;1745694038;100.958;102.357;92.659;102.312;
1900-01-01 05:00:39;212.0;1745694039;100.958;102.35;92.606;102.344;
1900-01-01 05:00:40;213.0;1745694040;101.002;102.463;92.606;102.344;
1900-01-01 05:00:41;214.0;1745694041;100.923;102.463;92.671;102.303;
1900-01-01 05:00:42;215.0;1745694042;100.923;102.349;92.802;102.375;
1900-01-01 05:00:43;216.0;1745694043;100.829;102.333;92.802;102.375;
1900-01-01 05:00:44;217.0;1745694044;100.819;102.333;92.874;102.388;
1900-01-01 05:00:45;218.0;1745694045;100.819;102.417;92.897;102.275;
1900-01-01 05:00:47;219.0;1745694047;100.782;102.267;93.013;102.275;
1900-01-01 05:00:47;220.0;1745694047;100.782;102.267;93.013;102.323;
1900-01-01 05:00:48;221.0;1745694048;100.841;102.295;93.012;102.403;
1900-01-01 05:00:49;222.0;1745694049;100.917;102.345;93.012;102.403;
1900-01-01 05:00:50;223.0;1745694050;100.917;102.345;93.141;102.317;
1900-01-01 05:00:51;224.0;1745694051;100.801;102.272;93.139;102.317;
1900-01-01 05:00:53;225.0;1745694053;100.922;102.303;93.139;102.386;
1900-01-01 05:00:53;226.0;1745694053;100.922;102.303;93.203;102.364;
1900-01-01 05:00:54;227.0;1745694054;100.97;102.289;93.11;102.364;
1900-01-01 05:00:55;228.0;1745694055;100.981;102.289;93.11;102.365;
1900-01-01 05:00:56;229.0;1745694056;100.981;102.259;93.078;102.433;
1900-01-01 05:00:57;230.0;1745694057;100.812;102.44;92.951;102.433;
1900-01-01 05:00:58;231.0;1745694058;100.88;102.44;92.951;102.408;
1900-01-01 05:00:59;232.0;1745694059;100.88;102.374;92.951;102.38;
1900-01-01 05:01:00;233.0;1745694060;100.817;102.378;92.951;102.38;
1900-01-01 05:01:01;234.0;1745694061;100.789;102.378;92.974;102.437;
1900-01-01 05:01:02;235.0;1745694062;100.789;102.386;92.935;102.386;
1900-01-01 05:01:03;236.0;1745694063;100.719;102.402;92.935;102.386;
1900-01-01 05:01:04;237.0;1745694064;100.807;102.402;92.943;102.364;
1900-01-01 05:01:05;238.0;1745694065;100.807;102.379;92.857;102.355;
1900-01-01 05:01:06;239.0;1745694066;100.716;102.398;92.857;102.355;
1900-01-01 05:01:07;240.0;1745694067;100.716;102.398;92.79;102.378;
1900-01-01 05:01:08;241.0;1745694068;100.84;102.503;92.635;102.378;
1900-01-01 05:01:09;242.0;1745694069;100.779;102.5;92.635;102.353;
1900-01-01 05:01:10;243.0;1745694070;100.779;102.5;92.518;102.357;
1900-01-01 05:01:11;244.0;1745694071;100.696;102.459;92.333;102.357;
1900-01-01 05:01:12;245.0;1745694072;100.763;102.477;92.333;102.384;
1900-01-01 05:01:13;246.0;1745694073;100.763;102.477;92.389;102.319;
1900-01-01 05:01:14;247.0;1745694074;100.788;102.392;92.288;102.319;
1900-01-01 05:01:15;248.0;1745694075;100.778;102.453;92.288;102.327;
1900-01-01 05:01:16;249.0;1745694076;100.778;102.453;92.287;102.412;
1900-01-01 05:01:17;250.0;1745694077;100.831;102.427;92.213;102.412;
1900-01-01 05:01:18;251.0;1745694078;100.756;102.427;92.213;102.33;
1900-01-01 05:01:19;252.0;1745694079;100.756;102.477;92.327;102.286;
1900-01-01 05:01:20;253.0;1745694080;100.807;102.414;92.327;102.286;
1900-01-01 05:01:21;254.0;1745694081;100.829;102.414;92.369;102.354;
1900-01-01 05:01:22;255.0;1745694082;100.829;102.404;92.249;102.366;
1900-01-01 05:01:23;256.0;1745694083;100.847;102.392;92.249;102.366;
1900-01-01 05:01:24;257.0;1745694084;100.869;102.392;92.26;102.513;
1900-01-01 05:01:25;258.0;1745694085;100.869;102.43;92.254;102.416;
1900-01-01 05:01:26;259.0;1745694086;100.835;102.362;92.254;102.416;
1900-01-01 05:01:27;260.0;1745694087;100.926;102.362;92.138;102.425;
1900-01-01 05:01:28;261.0;1745694088;100.926;102.414;92.149;102.371;
1900-01-01 05:01:29;262.0;1745694089;100.99;102.297;92.149;102.371;
1900-01-01 05:01:30;263.0;1745694090;100.99;102.297;91.964;102.326;
1900-01-01 05:01:31;264.0;1745694091;100.946;102.308;91.94;102.326;
1900-01-01 05:01:32;265.0;1745694092;101.007;102.308;91.94;102.366;
1900-01-01 05:01:33;266.0;1745694093;101.007;102.385;91.953;102.31;
1900-01-01 05:01:34;267.0;1745694094;100.898;102.356;92.002;102.31;
1900-01-01 05:01:35;268.0;1745694095;100.883;102.356;92.002;102.374;
1900-01-01 05:01:36;269.0;1745694096;100.883;102.435;92.034;102.357;
1900-01-01 05:01:37;270.0;1745694097;100.895;102.397;92.034;102.357;
1900-01-01 05:01:38;271.0;1745694098;100.848;102.397;91.956;102.392;
1900-01-01 05:01:39;272.0;1745694099;100.848;102.306;91.88;102.423;
1900-01-01 05:01:40;273.0;1745694100;100.805;102.321;91.917;102.423;
1900-01-01 05:01:41;274.0;1745694101;100.771;102.321;91.917;102.263;
1900-01-01 05:01:42;275.0;1745694102;100.771;102.318;91.853;102.422;
1900-01-01 05:01:44;276.0;1745694104;100.784;102.305;91.788;102.422;
1900-01-01 05:01:44;277.0;1745694104;100.832;102.305;91.788;102.354;
1900-01-01 05:01:45;278.0;1745694105;100.832;102.331;91.817;102.331;
1900-01-01 05:01:46;279.0;1745694106;100.739;102.335;91.817;102.331;
1900-01-01 05:01:47;280.0;1745694107;100.739;102.335;91.756;102.411;
1900-01-01 05:01:48;281.0;1745694108;100.82;102.287;91.768;102.42;
1900-01-01 05:01:49;282.0;1745694109;100.763;102.287;91.768;102.42;
1900-01-01 05:01:50;283.0;1745694110;100.763;102.304;91.667;102.474;
1900-01-01 05:01:51;284.0;1745694111;100.675;102.282;91.651;102.474;
1900-01-01 05:01:53;285.0;1745694113;100.717;102.314;91.651;102.37;
1900-01-01 05:01:53;286.0;1745694113;100.717;102.314;91.592;102.466;
1900-01-01 05:01:54;287.0;1745694114;100.716;102.308;91.515;102.466;
1900-01-01 05:01:55;288.0;1745694115;100.743;102.367;91.515;102.414;
1900-01-01 05:01:56;289.0;1745694116;100.743;102.367;91.585;102.339;
1900-01-01 05:01:57;290.0;1745694117;100.753;102.308;91.515;102.339;
1900-01-01 05:01:58;291.0;1745694118;100.882;102.308;91.515;102.307;
1900-01-01 05:01:59;292.0;1745694119;100.882;102.297;91.576;102.352;
1900-01-01 05:02:01;293.0;1745694121;100.931;102.356;91.493;102.352;
1900-01-01 05:02:01;294.0;1745694121;100.892;102.356;91.493;102.397;
1900-01-01 05:02:02;295.0;1745694122;100.892;102.292;91.474;102.44;
1900-01-01 05:02:03;296.0;1745694123;100.847;102.295;91.383;102.44;
1900-01-01 05:02:04;297.0;1745694124;100.836;102.295;91.383;102.375;
1900-01-01 05:02:05;298.0;1745694125;100.836;102.277;91.155;102.399;
1900-01-01 05:02:06;299.0;1745694126;100.797;102.282;91.155;102.399;
1900-01-01 05:02:07;300.0;1745694127;100.718;102.282;91.16;102.325;
1900-01-01 05:02:08;301.0;1745694128;100.718;102.212;91.235;102.373;
1900-01-01 05:02:09;302.0;1745694129;100.754;102.211;91.235;102.373;
1900-01-01 05:02:10;303.0;1745694130;100.75;102.211;91.178;102.315;
1900-01-01 05:02:11;304.0;1745694131;100.75;102.188;91.238;102.315;
1900-01-01 05:02:12;305.0;1745694132;100.734;102.317;91.238;102.395;
1900-01-01 05:02:14;306.0;1745694134;100.734;102.317;91.266;102.386;
1900-01-01 05:02:14;307.0;1745694134;100.734;102.27;91.217;102.386;
1900-01-01 05:02:15;308.0;1745694135;100.777;102.365;91.217;102.294;
1900-01-01 05:02:17;309.0;1745694137;100.736;102.365;91.313;102.384;
1900-01-01 05:02:17;310.0;1745694137;100.736;102.297;91.223;102.384;
1900-01-01 05:02:18;311.0;1745694138;100.729;102.297;91.223;102.302;
1900-01-01 05:02:19;312.0;1745694139;100.729;102.328;91.311;102.376;
1900-01-01 05:02:20;313.0;1745694140;100.765;102.368;91.342;102.376;
1900-01-01 05:02:21;314.0;1745694141;100.818;102.368;91.342;102.362;
1900-01-01 05:02:22;315.0;1745694142;100.818;102.33;91.316;102.342;
1900-01-01 05:02:23;316.0;1745694143;100.797;102.344;91.316;102.342;
1900-01-01 05:02:24;317.0;1745694144;100.822;102.344;91.278;102.455;
1900-01-01 05:02:25;318.0;1745694145;100.822;102.228;91.221;102.405;
1900-01-01 05:02:27;319.0;1745694147;100.777;102.375;91.099;102.405;
1900-01-01 05:02:27;320.0;1745694147;100.797;102.375;91.099;102.388;
1900-01-01 05:02:28;321.0;1745694148;100.797;102.316;91.038;102.29;
1900-01-01 05:02:29;322.0;1745694149;100.727;102.346;91.136;102.29;
1900-01-01 05:02:30;323.0;1745694150;100.724;102.346;91.136;102.372;
1900-01-01 05:02:31;324.0;1745694151;100.724;102.342;91.035;102.287;
1900-01-01 05:02:32;325.0;1745694152;100.693;102.308;91.035;102.287;
1900-01-01 05:02:33;326.0;1745694153;100.684;102.308;90.998;102.349;
1900-01-01 05:02:34;327.0;1745694154;100.684;102.385;90.985;102.413;
1900-01-01 05:02:35;328.0;1745694155;100.679;102.383;90.985;102.413;
1900-01-01 05:02:36;329.0;1745694156;100.669;102.383;91.009;102.363;
1900-01-01 05:02:37;330.0;1745694157;100.669;102.376;90.886;102.32;
1900-01-01 05:02:38;331.0;1745694158;100.63;102.333;90.886;102.32;
1900-01-01 05:02:39;332.0;1745694159;100.63;102.333;90.883;102.365;
1900-01-01 05:02:40;333.0;1745694160;100.661;102.313;91.072;102.431;
1900-01-01 05:02:41;334.0;1745694161;100.664;102.313;91.072;102.431;
1900-01-01 05:02:42;335.0;1745694162;100.664;102.349;91.034;102.231;
1900-01-01 05:02:43;336.0;1745694163;100.723;102.326;91.011;102.231;
1900-01-01 05:02:44;337.0;1745694164;100.645;102.326;91.011;102.385;
1900-01-01 05:02:45;338.0;1745694165;100.645;102.314;90.936;102.393;
1900-01-01 05:02:46;339.0;1745694166;100.798;102.234;90.915;102.393;
1900-01-01 05:02:47;340.0;1745694167;100.725;102.234;90.915;102.422;
1900-01-01 05:02:48;341.0;1745694168;100.725;102.265;90.876;102.363;
1900-01-01 05:02:49;342.0;1745694169;100.774;102.331;90.884;102.363;
1900-01-01 05:02:50;343.0;1745694170;100.858;102.331;90.884;102.363;
1900-01-01 05:02:51;344.0;1745694171;100.858;102.262;90.875;102.38;
1900-01-01 05:02:52;345.0;1745694172;100.861;102.245;90.875;102.38;
1900-01-01 05:02:53;346.0;1745694173;100.755;102.245;90.84;102.359;
1900-01-01 05:02:54;347.0;1745694174;100.755;102.214;90.837;102.376;
1900-01-01 05:02:55;348.0;1745694175;100.629;102.252;90.837;102.376;
1900-01-01 05:02:56;349.0;1745694176;100.705;102.252;90.752;102.422;
1900-01-01 05:02:57;350.0;1745694177;100.705;102.248;90.833;102.422;
1900-01-01 05:02:58;351.0;1745694178;100.601;102.191;90.833;102.452;
1900-01-01 05:02:59;352.0;1745694179;100.601;102.191;90.8;102.481;
1900-01-01 05:03:00;353.0;1745694180;100.477;102.193;90.789;102.481;
1900-01-01 05:03:01;354.0;1745694181;100.515;102.193;90.789;102.414;
1900-01-01 05:03:02;355.0;1745694182;100.515;102.23;90.785;102.414;
1900-01-01 05:03:03;356.0;1745694183;100.462;102.272;90.786;102.414;
1900-01-01 05:03:04;357.0;1745694184;100.495;102.272;90.786;102.418;
1900-01-01 05:03:05;358.0;1745694185;100.495;102.245;90.658;102.355;
1900-01-01 05:03:06;359.0;1745694186;100.473;102.325;90.604;102.355;
1900-01-01 05:03:08;360.0;1745694188;100.485;102.231;90.604;102.378;
1900-01-01 05:03:08;361.0;1745694188;100.485;102.231;90.533;102.343;
1900-01-01 05:03:09;362.0;1745694189;100.443;102.302;90.437;102.343;
1900-01-01 05:03:10;363.0;1745694190;100.51;102.302;90.437;102.36;
1900-01-01 05:03:11;364.0;1745694191;100.51;102.255;90.502;102.382;
1900-01-01 05:03:12;365.0;1745694192;100.546;102.212;90.502;102.382;
1900-01-01 05:03:13;366.0;1745694193;100.572;102.212;90.517;102.383;
1900-01-01 05:03:15;367.0;1745694195;100.572;102.344;90.613;102.423;
1900-01-01 05:03:15;368.0;1745694195;100.522;102.291;90.613;102.423;
1900-01-01 05:03:16;369.0;1745694196;100.539;102.291;90.459;102.385;
1900-01-01 05:03:17;370.0;1745694197;100.539;102.284;90.588;102.357;
1900-01-01 05:03:18;371.0;1745694198;100.587;102.332;90.588;102.357;
1900-01-01 05:03:19;372.0;1745694199;100.587;102.332;90.652;102.418;
1900-01-01 05:03:20;373.0;1745694200;100.679;102.283;90.62;102.418;
1900-01-01 05:03:21;374.0;1745694201;100.599;102.211;90.62;102.356;
1900-01-01 05:03:22;375.0;1745694202;100.599;102.211;90.553;102.424;
1900-01-01 05:03:23;376.0;1745694203;100.661;102.212;90.414;102.424;
1900-01-01 05:03:24;377.0;1745694204;100.678;102.269;90.414;102.334;
1900-01-01 05:03:25;378.0;1745694205;100.678;102.269;90.483;102.436;
1900-01-01 05:03:26;379.0;1745694206;100.661;102.23;90.347;102.436;
1900-01-01 05:03:28;380.0;1745694208;100.626;102.169;90.347;102.389;
1900-01-01 05:03:28;381.0;1745694208;100.626;102.169;90.247;102.408;
1900-01-01 05:03:29;382.0;1745694209;100.688;102.207;90.133;102.408;
1900-01-01 05:03:30;383.0;1745694210;100.682;102.207;90.133;102.362;
1900-01-01 05:03:31;384.0;1745694211;100.682;102.318;90.157;102.431;
1900-01-01 05:03:32;385.0;1745694212;100.554;102.238;90.158;102.431;
1900-01-01 05:03:33;386.0;1745694213;100.556;102.238;90.158;102.399;
1900-01-01 05:03:34;387.0;1745694214;100.556;102.209;90.22;102.489;
1900-01-01 05:03:35;388.0;1745694215;100.529;102.231;90.22;102.489;
1900-01-01 05:03:36;389.0;1745694216;100.529;102.231;90.263;102.362;
1900-01-01 05:03:37;390.0;1745694217;100.636;102.275;90.13;102.449;
1900-01-01 05:03:38;391.0;1745694218;100.616;102.291;90.13;102.449;
1900-01-01 05:03:39;392.0;1745694219;100.575;102.291;90.054;102.372;
1900-01-01 05:03:40;393.0;1745694220;100.575;102.137;90.114;102.372;
1900-01-01 05:03:41;394.0;1745694221;100.644;102.217;90.114;102.368;
1900-01-01 05:03:42;395.0;1745694222;100.644;102.217;90.152;102.463;
1900-01-01 05:03:43;396.0;1745694223;100.634;102.227;90.122;102.424;
1900-01-01 05:03:45;397.0;1745694225;100.709;102.267;90.122;102.424;
1900-01-01 05:03:45;398.0;1745694225;100.709;102.267;90.135;102.314;
1900-01-01 05:03:46;399.0;1745694226;100.664;102.267;90.14;102.314;
1900-01-01 05:03:47;400.0;1745694227;100.576;102.222;90.14;102.343;
1900-01-01 05:03:48;401.0;1745694228;100.576;102.222;90.154;102.319;
1900-01-01 05:03:49;402.0;1745694229;100.62;102.248;90.211;102.319;
1900-01-01 05:03:50;403.0;1745694230;100.61;102.248;90.211;102.403;
1900-01-01 05:03:51;404.0;1745694231;100.61;102.266;90.259;102.414;
1900-01-01 05:03:53;405.0;1745694233;100.523;102.24;90.12;102.414;
1900-01-01 05:03:53;406.0;1745694233;100.531;102.24;90.12;102.442;
1900-01-01 05:03:54;407.0;1745694234;100.531;102.186;90.014;102.406;
1900-01-01 05:03:55;408.0;1745694235;100.611;102.178;90.014;102.406;
1900-01-01 05:03:56;409.0;1745694236;100.456;102.178;89.974;102.379;
1900-01-01 05:03:58;410.0;1745694238;100.456;102.315;89.964;102.369;
1900-01-01 05:03:58;411.0;1745694238;100.449;102.187;89.964;102.369;
1900-01-01 05:03:59;412.0;1745694239;100.582;102.187;90.0;102.346;
1900-01-01 05:04:00;413.0;1745694240;100.582;102.294;89.877;102.47;
1900-01-01 05:04:01;414.0;1745694241;100.566;102.312;89.877;102.47;
1900-01-01 05:04:02;415.0;1745694242;100.566;102.312;89.909;102.375;
1900-01-01 05:04:04;416.0;1745694244;100.519;102.237;89.835;102.315;
1900-01-01 05:04:04;417.0;1745694244;100.484;102.237;89.835;102.315;
1900-01-01 05:04:05;418.0;1745694245;100.484;102.256;89.791;102.344;
1900-01-01 05:04:06;419.0;1745694246;100.57;102.227;89.817;102.344;
1900-01-01 05:04:08;420.0;1745694248;100.475;102.254;89.817;102.379;
1900-01-01 05:04:08;421.0;1745694248;100.475;102.254;89.79;102.427;
1900-01-01 05:04:09;422.0;1745694249;100.566;102.279;89.787;102.427;
1900-01-01 05:04:10;423.0;1745694250;100.521;102.201;89.787;102.365;
1900-01-01 05:04:11;424.0;1745694251;100.521;102.201;89.761;102.295;
1900-01-01 05:04:12;425.0;1745694252;100.55;102.19;89.72;102.295;
1900-01-01 05:04:13;426.0;1745694253;100.401;102.19;89.72;102.43;
1900-01-01 05:04:14;427.0;1745694254;100.401;102.219;89.665;102.323;
1900-01-01 05:04:15;428.0;1745694255;100.5;102.225;89.696;102.323;
1900-01-01 05:04:16;429.0;1745694256;100.508;102.156;89.696;102.314;
1900-01-01 05:04:17;430.0;1745694257;100.508;102.156;89.683;102.428;
1900-01-01 05:04:18;431.0;1745694258;100.486;102.158;89.581;102.428;
1900-01-01 05:04:19;432.0;1745694259;100.458;102.158;89.581;102.419;
1900-01-01 05:04:20;433.0;1745694260;100.458;102.153;89.505;102.411;
1900-01-01 05:04:21;434.0;1745694261;100.434;102.132;89.444;102.411;
1900-01-01 05:04:22;435.0;1745694262;100.415;102.175;89.444;102.449;
1900-01-01 05:04:23;436.0;1745694263;100.415;102.175;89.386;102.424;
1900-01-01 05:04:24;437.0;1745694264;100.352;102.145;89.287;102.424;
1900-01-01 05:04:25;438.0;1745694265;100.423;102.079;89.287;102.377;
1900-01-01 05:04:26;439.0;1745694266;100.423;102.079;89.347;102.369;
1900-01-01 05:04:27;440.0;1745694267;100.352;102.085;89.304;102.369;
1900-01-01 05:04:28;441.0;1745694268;100.374;102.085;89.304;102.405;
1900-01-01 05:04:29;442.0;1745694269;100.374;102.061;89.341;102.3;
1900-01-01 05:04:30;443.0;1745694270;100.36;102.128;89.341;102.3;
1900-01-01 05:04:31;444.0;1745694271;100.425;102.128;89.24;102.35;
1900-01-01 05:04:32;445.0;1745694272;100.425;102.135;89.147;102.35;
1900-01-01 05:04:33;446.0;1745694273;100.406;102.083;89.147;102.375;
1900-01-01 05:04:34;447.0;1745694274;100.406;102.083;89.235;102.351;
1900-01-01 05:04:35;448.0;1745694275;100.406;102.176;89.199;102.351;
1900-01-01 05:04:36;449.0;1745694276;100.251;102.128;89.199;102.403;
1900-01-01 05:04:37;450.0;1745694277;100.251;102.128;89.236;102.412;
1900-01-01 05:04:38;451.0;1745694278;100.369;102.062;89.236;102.412;
1900-01-01 05:04:39;452.0;1745694279;100.316;102.092;89.236;102.383;
1900-01-01 05:04:40;453.0;1745694280;100.316;102.092;89.241;102.469;
1900-01-01 05:04:41;454.0;1745694281;100.358;102.028;89.296;102.469;
1900-01-01 05:04:42;455.0;1745694282;100.328;102.028;89.296;102.444;
1900-01-01 05:04:43;456.0;1745694283;100.328;102.119;89.314;102.382;
1900-01-01 05:04:44;457.0;1745694284;100.306;102.121;89.247;102.382;
1900-01-01 05:04:45;458.0;1745694285;100.311;102.121;89.247;102.415;
1900-01-01 05:04:46;459.0;1745694286;100.311;102.127;89.116;102.37;
1900-01-01 05:04:47;460.0;1745694287;100.319;102.06;89.007;102.37;
1900-01-01 05:04:49;461.0;1745694289;100.358;102.004;89.007;102.409;
1900-01-01 05:04:49;462.0;1745694289;100.358;102.004;88.967;102.432;
1900-01-01 05:04:50;463.0;1745694290;100.431;102.082;89.025;102.432;
1900-01-01 05:04:51;464.0;1745694291;100.318;102.082;89.025;102.394;
1900-01-01 05:04:52;465.0;1745694292;100.318;102.036;89.027;102.414;
1900-01-01 05:04:53;466.0;1745694293;100.278;102.046;88.944;102.414;
1900-01-01 05:04:54;467.0;1745694294;100.346;102.046;88.944;102.447;
1900-01-01 05:04:55;468.0;1745694295;100.346;102.088;88.92;102.377;
1900-01-01 05:04:56;469.0;1745694296;100.367;102.003;88.92;102.377;
1900-01-01 05:04:57;470.0;1745694297;100.368;102.003;88.945;102.363;
1900-01-01 05:04:58;471.0;1745694298;100.368;102.039;88.97;102.396;
1900-01-01 05:04:59;472.0;1745694299;100.376;102.037;88.97;102.396;
1900-01-01 05:05:00;473.0;1745694300;100.376;102.037;88.976;102.37;
1900-01-01 05:05:01;474.0;1745694301;100.442;101.998;89.049;102.399;
1900-01-01 05:05:02;475.0;1745694302;100.45;101.998;89.049;102.399;
1900-01-01 05:05:03;476.0;1745694303;100.45;102.117;89.063;102.38;
1900-01-01 05:05:04;477.0;1745694304;100.453;101.99;89.072;102.38;
1900-01-01 05:05:05;478.0;1745694305;100.516;101.99;89.072;102.418;
1900-01-01 05:05:06;479.0;1745694306;100.516;101.991;89.092;102.357;
1900-01-01 05:05:07;480.0;1745694307;100.495;102.08;89.03;102.357;
1900-01-01 05:05:08;481.0;1745694308;100.527;102.08;89.03;102.425;
1900-01-01 05:05:09;482.0;1745694309;100.527;102.028;88.992;102.489;
1900-01-01 05:05:10;483.0;1745694310;100.554;102.104;88.992;102.489;
1900-01-01 05:05:11;484.0;1745694311;100.605;102.104;89.064;102.47;
1900-01-01 05:05:12;485.0;1745694312;100.605;102.11;89.011;102.381;
1900-01-01 05:05:13;486.0;1745694313;100.522;102.077;88.982;102.381;
1900-01-01 05:05:14;487.0;1745694314;100.515;102.077;88.982;102.421;
1900-01-01 05:05:15;488.0;1745694315;100.515;102.144;88.977;102.366;
1900-01-01 05:05:16;489.0;1745694316;100.477;102.163;88.977;102.366;
1900-01-01 05:05:17;490.0;1745694317;100.421;102.163;88.87;102.468;
1900-01-01 05:05:18;491.0;1745694318;100.421;102.1;88.853;102.468;
1900-01-01 05:05:19;492.0;1745694319;100.391;102.072;88.853;102.527;
1900-01-01 05:05:20;493.0;1745694320;100.347;102.072;88.882;102.391;
1900-01-01 05:05:21;494.0;1745694321;100.347;101.982;88.883;102.381;
1900-01-01 05:05:22;495.0;1745694322;100.288;102.085;88.883;102.381;
1900-01-01 05:05:23;496.0;1745694323;100.288;102.085;88.794;102.409;
1900-01-01 05:05:24;497.0;1745694324;100.233;102.053;88.691;102.402;
1900-01-01 05:05:25;498.0;1745694325;100.211;102.023;88.691;102.402;
1900-01-01 05:05:26;499.0;1745694326;100.211;102.023;88.578;102.506;
1900-01-01 05:05:27;500.0;1745694327;100.159;102.021;88.582;102.506;
1900-01-01 05:05:28;501.0;1745694328;100.186;102.098;88.582;102.423;
1900-01-01 05:05:29;502.0;1745694329;100.186;102.098;88.528;102.363;
1900-01-01 05:05:30;503.0;1745694330;100.162;101.998;88.585;102.363;
1900-01-01 05:05:31;504.0;1745694331;100.186;101.998;88.585;102.372;
1900-01-01 05:05:33;505.0;1745694333;100.186;101.998;88.627;102.428;
1900-01-01 05:05:33;506.0;1745694333;100.126;101.988;88.71;102.428;
1900-01-01 05:05:34;507.0;1745694334;100.11;101.988;88.71;102.491;
1900-01-01 05:05:35;508.0;1745694335;100.11;102.028;88.564;102.351;
1900-01-01 05:05:36;509.0;1745694336;100.177;101.967;88.564;102.351;
1900-01-01 05:05:37;510.0;1745694337;100.203;101.967;88.556;102.395;
1900-01-01 05:05:38;511.0;1745694338;100.203;101.97;88.662;102.416;
1900-01-01 05:05:39;512.0;1745694339;100.355;102.074;88.662;102.416;
1900-01-01 05:05:40;513.0;1745694340;100.355;102.074;88.606;102.387;
1900-01-01 05:05:41;514.0;1745694341;100.253;102.051;88.493;102.367;
1900-01-01 05:05:42;515.0;1745694342;100.316;102.093;88.493;102.367;
1900-01-01 05:05:43;516.0;1745694343;100.316;102.093;88.523;102.358;
1900-01-01 05:05:44;517.0;1745694344;100.343;102.028;88.53;102.358;
1900-01-01 05:05:45;518.0;1745694345;100.422;102.028;88.53;102.378;
1900-01-01 05:05:46;519.0;1745694346;100.422;102.031;88.548;102.386;
1900-01-01 05:05:47;520.0;1745694347;100.297;102.04;88.451;102.386;
1900-01-01 05:05:48;521.0;1745694348;100.274;102.04;88.451;102.392;
1900-01-01 05:05:49;522.0;1745694349;100.274;102.058;88.429;102.437;
1900-01-01 05:05:50;523.0;1745694350;100.29;102.047;88.344;102.437;
1900-01-01 05:05:51;524.0;1745694351;100.316;102.047;88.344;102.445;
1900-01-01 05:05:52;525.0;1745694352;100.316;102.016;88.27;102.39;
1900-01-01 05:05:53;526.0;1745694353;100.293;101.978;88.227;102.39;
1900-01-01 05:05:54;527.0;1745694354;100.251;101.978;88.227;102.379;
1900-01-01 05:05:55;528.0;1745694355;100.251;101.935;88.255;102.403;
1900-01-01 05:05:56;529.0;1745694356;100.225;102.066;88.255;102.403;
1900-01-01 05:05:57;530.0;1745694357;100.21;102.066;88.247;102.464;
1900-01-01 05:05:58;531.0;1745694358;100.21;101.984;88.259;102.464;
1900-01-01 05:05:59;532.0;1745694359;100.091;102.052;88.259;102.444;
1900-01-01 05:06:00;533.0;1745694360;100.115;102.052;88.23;102.447;
1900-01-01 05:06:02;534.0;1745694362;100.115;102.057;88.21;102.408;
1900-01-01 05:06:02;535.0;1745694362;100.158;102.025;88.21;102.408;
1900-01-01 05:06:03;536.0;1745694363;100.158;102.025;88.297;102.427;
1900-01-01 05:06:04;537.0;1745694364;100.154;102.044;88.314;102.434;
1900-01-01 05:06:06;538.0;1745694366;100.117;102.03;88.314;102.434;
1900-01-01 05:06:06;539.0;1745694366;100.117;102.03;88.28;102.492;
1900-01-01 05:06:07;540.0;1745694367;100.16;101.983;88.174;102.492;
1900-01-01 05:06:09;541.0;1745694369;100.14;102.003;88.174;102.452;
1900-01-01 05:06:09;542.0;1745694369;100.14;102.003;88.14;102.437;
1900-01-01 05:06:10;543.0;1745694370;100.104;102.014;87.993;102.437;
1900-01-01 05:06:11;544.0;1745694371;100.147;102.014;87.993;102.363;
1900-01-01 05:06:12;545.0;1745694372;100.147;102.097;88.017;102.398;
1900-01-01 05:06:13;546.0;1745694373;100.185;102.075;88.017;102.398;
1900-01-01 05:06:14;547.0;1745694374;100.103;102.075;88.048;102.39;
1900-01-01 05:06:15;548.0;1745694375;100.103;101.988;88.028;102.428;
1900-01-01 05:06:16;549.0;1745694376;100.131;101.959;88.028;102.428;
1900-01-01 05:06:17;550.0;1745694377;100.096;101.959;88.008;102.458;
1900-01-01 05:06:18;551.0;1745694378;100.096;102.011;87.974;102.41;
1900-01-01 05:06:19;552.0;1745694379;100.144;102.015;87.974;102.41;
1900-01-01 05:06:20;553.0;1745694380;100.23;102.015;87.99;102.489;
1900-01-01 05:06:21;554.0;1745694381;100.23;101.988;87.961;102.489;
1900-01-01 05:06:22;555.0;1745694382;100.241;101.892;87.961;102.408;
1900-01-01 05:06:23;556.0;1745694383;100.241;101.892;87.983;102.362;
1900-01-01 05:06:24;557.0;1745694384;100.175;101.964;87.931;102.362;
1900-01-01 05:06:26;558.0;1745694386;100.133;101.926;87.931;102.438;
1900-01-01 05:06:26;559.0;1745694386;100.133;101.926;87.903;102.394;
1900-01-01 05:06:27;560.0;1745694387;100.129;101.914;87.892;102.394;
1900-01-01 05:06:28;561.0;1745694388;100.13;101.978;87.892;102.424;
1900-01-01 05:06:29;562.0;1745694389;100.13;101.978;87.901;102.422;
1900-01-01 05:06:30;563.0;1745694390;100.146;101.906;87.843;102.422;
1900-01-01 05:06:31;564.0;1745694391;100.079;101.804;87.843;102.407;
1900-01-01 05:06:32;565.0;1745694392;100.079;101.804;87.889;102.498;
1900-01-01 05:06:33;566.0;1745694393;100.118;101.883;87.891;102.498;
1900-01-01 05:06:34;567.0;1745694394;100.068;101.883;87.891;102.467;
1900-01-01 05:06:35;568.0;1745694395;100.068;101.842;87.959;102.437;
1900-01-01 05:06:36;569.0;1745694396;100.002;101.935;87.917;102.437;
1900-01-01 05:06:37;570.0;1745694397;100.084;101.935;87.917;102.441;
1900-01-01 05:06:38;571.0;1745694398;100.084;101.898;87.958;102.419;
1900-01-01 05:06:39;572.0;1745694399;100.071;101.916;87.989;102.419;
1900-01-01 05:06:40;573.0;1745694400;100.059;101.9;87.989;102.47;
1900-01-01 05:06:41;574.0;1745694401;100.059;101.9;87.833;102.417;
1900-01-01 05:06:42;575.0;1745694402;99.979;101.935;87.833;102.417;
1900-01-01 05:06:43;576.0;1745694403;100.112;101.935;87.8;102.438;
1900-01-01 05:06:44;577.0;1745694404;100.112;101.819;87.697;102.424;
1900-01-01 05:06:45;578.0;1745694405;100.137;101.822;87.697;102.424;
1900-01-01 05:06:46;579.0;1745694406;100.146;101.822;87.714;102.454;
1900-01-01 05:06:47;580.0;1745694407;100.146;101.849;87.601;102.454;
1900-01-01 05:06:48;581.0;1745694408;100.146;101.889;87.601;102.379;
1900-01-01 05:06:49;582.0;1745694409;100.212;101.889;87.556;102.449;
1900-01-01 05:06:50;583.0;1745694410;100.212;101.998;87.555;102.449;
1900-01-01 05:06:51;584.0;1745694411;100.157;101.849;87.555;102.389;
1900-01-01 05:06:52;585.0;1745694412;100.196;101.849;87.543;102.456;
1900-01-01 05:06:53;586.0;1745694413;100.196;101.885;87.474;102.456;
1900-01-01 05:06:54;587.0;1745694414;100.137;101.85;87.474;102.453;
1900-01-01 05:06:55;588.0;1745694415;100.137;101.85;87.566;102.561;
1900-01-01 05:06:56;589.0;1745694416;100.183;101.906;87.54;102.561;
1900-01-01 05:06:57;590.0;1745694417;100.146;101.906;87.54;102.401;
1900-01-01 05:06:58;591.0;1745694418;100.146;101.906;87.524;102.441;
1900-01-01 05:06:59;592.0;1745694419;100.137;101.917;87.478;102.441;
1900-01-01 05:07:00;593.0;1745694420;100.121;101.917;87.478;102.408;
1900-01-01 05:07:01;594.0;1745694421;100.121;101.832;87.43;102.455;
1900-01-01 05:07:02;595.0;1745694422;100.182;101.921;87.43;102.455;
1900-01-01 05:07:03;596.0;1745694423;100.16;101.921;87.457;102.361;
1900-01-01 05:07:04;597.0;1745694424;100.16;101.793;87.445;102.439;
1900-01-01 05:07:05;598.0;1745694425;100.173;101.858;87.445;102.439;
1900-01-01 05:07:06;599.0;1745694426;100.025;101.858;87.433;102.463;
1900-01-01 05:07:07;600.0;1745694427;100.025;101.838;87.448;102.437;
1900-01-01 05:07:08;601.0;1745694428;100.015;101.891;87.375;102.437;
1900-01-01 05:07:09;602.0;1745694429;100.015;101.891;87.375;102.471;
1900-01-01 05:07:10;603.0;1745694430;99.972;101.823;87.321;102.516;
1900-01-01 05:07:11;604.0;1745694431;100.016;101.929;87.321;102.516;
1900-01-01 05:07:13;605.0;1745694433;99.94;101.929;87.382;102.367;
1900-01-01 05:07:13;606.0;1745694433;99.94;101.948;87.371;102.367;
1900-01-01 05:07:14;607.0;1745694434;99.958;101.865;87.371;102.437;
1900-01-01 05:07:15;608.0;1745694435;99.958;101.865;87.4;102.428;
1900-01-01 05:07:16;609.0;1745694436;99.905;101.867;87.343;102.428;
1900-01-01 05:07:17;610.0;1745694437;99.935;101.867;87.343;102.502;
1900-01-01 05:07:18;611.0;1745694438;99.935;101.801;87.451;102.478;
1900-01-01 05:07:19;612.0;1745694439;99.905;101.779;87.451;102.478;
1900-01-01 05:07:20;613.0;1745694440;99.945;101.779;87.448;102.454;
1900-01-01 05:07:21;614.0;1745694441;99.945;101.763;87.431;102.495;
1900-01-01 05:07:22;615.0;1745694442;99.856;101.855;87.415;102.495;
1900-01-01 05:07:23;616.0;1745694443;99.903;101.855;87.415;102.479;
1900-01-01 05:07:24;617.0;1745694444;99.903;101.845;87.384;102.45;
1900-01-01 05:07:25;618.0;1745694445;100.001;101.808;87.384;102.45;
1900-01-01 05:07:26;619.0;1745694446;99.899;101.808;87.371;102.424;
1900-01-01 05:07:27;620.0;1745694447;99.899;101.783;87.253;102.424;
1900-01-01 05:07:28;621.0;1745694448;99.967;101.731;87.253;102.377;
1900-01-01 05:07:29;622.0;1745694449;100.017;101.731;87.188;102.395;
1900-01-01 05:07:30;623.0;1745694450;100.017;101.774;87.275;102.395;
1900-01-01 05:07:31;624.0;1745694451;99.94;101.797;87.275;102.434;
1900-01-01 05:07:33;625.0;1745694453;99.864;101.797;87.306;102.419;
1900-01-01 05:07:33;626.0;1745694453;99.864;101.719;87.279;102.419;
1900-01-01 05:07:34;627.0;1745694454;99.839;101.845;87.279;102.461;
1900-01-01 05:07:35;628.0;1745694455;99.839;101.845;87.149;102.397;
1900-01-01 05:07:36;629.0;1745694456;99.85;101.812;87.104;102.397;
1900-01-01 05:07:37;630.0;1745694457;99.868;101.812;87.104;102.384;
1900-01-01 05:07:38;631.0;1745694458;99.868;101.772;87.031;102.448;
1900-01-01 05:07:39;632.0;1745694459;99.921;101.678;87.03;102.448;
1900-01-01 05:07:40;633.0;1745694460;99.902;101.698;87.03;102.435;
1900-01-01 05:07:41;634.0;1745694461;99.902;101.698;87.15;102.495;
1900-01-01 05:07:42;635.0;1745694462;99.885;101.781;87.109;102.495;
1900-01-01 05:07:43;636.0;1745694463;99.883;101.781;87.109;102.414;
1900-01-01 05:07:44;637.0;1745694464;99.883;101.726;87.165;102.5;
1900-01-01 05:07:45;638.0;1745694465;99.87;101.634;87.165;102.5;
1900-01-01 05:07:46;639.0;1745694466;99.883;101.634;87.179;102.394;
1900-01-01 05:07:47;640.0;1745694467;99.883;101.725;87.184;102.525;
1900-01-01 05:07:48;641.0;1745694468;99.888;101.683;87.184;102.525;
1900-01-01 05:07:49;642.0;1745694469;99.861;101.683;87.151;102.431;
1900-01-01 05:07:50;643.0;1745694470;99.861;101.827;87.09;102.436;
1900-01-01 05:07:51;644.0;1745694471;99.91;101.834;87.09;102.436;
1900-01-01 05:07:52;645.0;1745694472;99.909;101.834;87.054;102.397;
1900-01-01 05:07:53;646.0;1745694473;99.909;101.812;86.89;102.397;
1900-01-01 05:07:54;647.0;1745694474;99.944;101.734;86.89;102.444;
1900-01-01 05:07:55;648.0;1745694475;99.912;101.734;86.838;102.426;
1900-01-01 05:07:56;649.0;1745694476;99.912;101.8;86.811;102.426;
1900-01-01 05:07:57;650.0;1745694477;99.97;101.8;86.811;102.414;
1900-01-01 05:07:58;651.0;1745694478;99.97;101.773;86.721;102.487;
1900-01-01 05:07:59;652.0;1745694479;99.918;101.766;86.643;102.487;
1900-01-01 05:08:00;653.0;1745694480;99.957;101.766;86.643;102.489;
1900-01-01 05:08:01;654.0;1745694481;99.957;101.651;86.746;102.498;
1900-01-01 05:08:02;655.0;1745694482;99.883;101.688;86.814;102.498;
1900-01-01 05:08:03;656.0;1745694483;99.798;101.688;86.814;102.48;
1900-01-01 05:08:04;657.0;1745694484;99.798;101.812;86.892;102.523;
1900-01-01 05:08:05;658.0;1745694485;99.788;101.738;86.957;102.523;
1900-01-01 05:08:06;659.0;1745694486;99.857;101.738;86.957;102.461;
1900-01-01 05:08:07;660.0;1745694487;99.857;101.716;87.037;102.461;
1900-01-01 05:08:08;661.0;1745694488;99.792;101.69;87.037;102.487;
1900-01-01 05:08:09;662.0;1745694489;99.859;101.69;86.868;102.398;
1900-01-01 05:08:10;663.0;1745694490;99.859;101.718;86.868;102.398;
1900-01-01 05:08:11;664.0;1745694491;99.815;101.761;86.868;102.472;
1900-01-01 05:08:12;665.0;1745694492;99.748;101.761;86.929;102.439;
1900-01-01 05:08:13;666.0;1745694493;99.748;101.832;86.831;102.439;
1900-01-01 05:08:14;667.0;1745694494;99.795;101.699;86.831;102.5;
1900-01-01 05:08:15;668.0;1745694495;99.795;101.699;86.847;102.492;
1900-01-01 05:08:16;669.0;1745694496;99.702;101.704;86.734;102.492;
1900-01-01 05:08:17;670.0;1745694497;99.704;101.704;86.734;102.468;
1900-01-01 05:08:18;671.0;1745694498;99.704;101.653;86.637;102.47;
1900-01-01 05:08:19;672.0;1745694499;99.691;101.666;86.618;102.47;
1900-01-01 05:08:21;673.0;1745694501;99.772;101.733;86.618;102.424;
1900-01-01 05:08:21;674.0;1745694501;99.772;101.733;86.7;102.491;
1900-01-01 05:08:22;675.0;1745694502;99.816;101.73;86.649;102.491;
1900-01-01 05:08:24;676.0;1745694504;99.821;101.813;86.649;102.472;
1900-01-01 05:08:24;677.0;1745694504;99.821;101.813;86.602;102.434;
1900-01-01 05:08:25;678.0;1745694505;99.792;101.8;86.576;102.434;
1900-01-01 05:08:26;679.0;1745694506;99.774;101.8;86.576;102.446;
1900-01-01 05:08:27;680.0;1745694507;99.774;101.832;86.639;102.507;
1900-01-01 05:08:28;681.0;1745694508;99.762;101.802;86.639;102.507;
1900-01-01 05:08:29;682.0;1745694509;99.788;101.802;86.666;102.624;
1900-01-01 05:08:30;683.0;1745694510;99.788;101.751;86.628;102.483;
1900-01-01 05:08:31;684.0;1745694511;99.762;101.731;86.628;102.483;
1900-01-01 05:08:32;685.0;1745694512;99.7;101.731;86.719;102.558;
1900-01-01 05:08:33;686.0;1745694513;99.7;101.786;86.719;102.558;
1900-01-01 05:08:34;687.0;1745694514;99.614;101.709;86.719;102.483;
1900-01-01 05:08:35;688.0;1745694515;99.621;101.709;86.799;102.42;
1900-01-01 05:08:36;689.0;1745694516;99.621;101.765;86.784;102.42;
1900-01-01 05:08:37;690.0;1745694517;99.719;101.699;86.784;102.481;
1900-01-01 05:08:38;691.0;1745694518;99.719;101.699;86.772;102.506;
1900-01-01 05:08:39;692.0;1745694519;99.735;101.72;86.71;102.506;
1900-01-01 05:08:40;693.0;1745694520;99.642;101.72;86.71;102.464;
1900-01-01 05:08:41;694.0;1745694521;99.642;101.723;86.679;102.514;
1900-01-01 05:08:42;695.0;1745694522;99.776;101.667;86.645;102.514;
1900-01-01 05:08:43;696.0;1745694523;99.684;101.667;86.645;102.526;
1900-01-01 05:08:44;697.0;1745694524;99.684;101.666;86.542;102.472;
1900-01-01 05:08:45;698.0;1745694525;99.79;101.592;86.542;102.472;
1900-01-01 05:08:46;699.0;1745694526;99.797;101.592;86.465;102.368;
1900-01-01 05:08:47;700.0;1745694527;99.797;101.688;86.477;102.368;
1900-01-01 05:08:48;701.0;1745694528;99.775;101.645;86.477;102.444;
1900-01-01 05:08:49;702.0;1745694529;99.772;101.645;86.445;102.448;
1900-01-01 05:08:50;703.0;1745694530;99.772;101.495;86.379;102.448;
1900-01-01 05:08:51;704.0;1745694531;99.714;101.618;86.379;102.426;
1900-01-01 05:08:52;705.0;1745694532;99.671;101.618;86.288;102.458;
1900-01-01 05:08:53;706.0;1745694533;99.671;101.535;86.341;102.458;
1900-01-01 05:08:54;707.0;1745694534;99.591;101.535;86.341;102.429;
1900-01-01 05:08:55;708.0;1745694535;99.591;101.59;86.294;102.52;
1900-01-01 05:08:56;709.0;1745694536;99.561;101.634;86.317;102.52;
1900-01-01 05:08:57;710.0;1745694537;99.628;101.634;86.317;102.451;
1900-01-01 05:08:58;711.0;1745694538;99.628;101.632;86.334;102.489;
1900-01-01 05:08:59;712.0;1745694539;99.535;101.605;86.376;102.489;
1900-01-01 05:09:01;713.0;1745694541;99.598;101.602;86.376;102.5;
1900-01-01 05:09:01;714.0;1745694541;99.598;101.602;86.292;102.538;
1900-01-01 05:09:02;715.0;1745694542;99.601;101.647;86.317;102.538;
1900-01-01 05:09:03;716.0;1745694543;99.575;101.594;86.317;102.427;
1900-01-01 05:09:04;717.0;1745694544;99.575;101.594;86.303;102.441;
1900-01-01 05:09:05;718.0;1745694545;99.62;101.575;86.239;102.441;
1900-01-01 05:09:06;719.0;1745694546;99.664;101.575;86.239;102.446;
1900-01-01 05:09:07;720.0;1745694547;99.664;101.558;86.303;102.397;
1900-01-01 05:09:08;721.0;1745694548;99.585;101.467;86.303;102.397;
1900-01-01 05:09:09;722.0;1745694549;99.73;101.467;86.183;102.472;
1900-01-01 05:09:10;723.0;1745694550;99.73;101.583;86.231;102.445;
1900-01-01 05:09:11;724.0;1745694551;99.61;101.593;86.294;102.445;
1900-01-01 05:09:12;725.0;1745694552;99.617;101.593;86.294;102.466;
1900-01-01 05:09:13;726.0;1745694553;99.617;101.553;86.19;102.403;
1900-01-01 05:09:14;727.0;1745694554;99.694;101.571;86.19;102.403;
1900-01-01 05:09:15;728.0;1745694555;99.633;101.571;86.192;102.51;
1900-01-01 05:09:16;729.0;1745694556;99.633;101.617;86.24;102.435;
1900-01-01 05:09:17;730.0;1745694557;99.681;101.529;86.256;102.435;
1900-01-01 05:09:18;731.0;1745694558;99.619;101.529;86.256;102.37;
1900-01-01 05:09:19;732.0;1745694559;99.619;101.522;86.307;102.333;
1900-01-01 05:09:20;733.0;1745694560;99.607;101.56;86.307;102.333;
1900-01-01 05:09:21;734.0;1745694561;99.519;101.56;86.293;102.493;
1900-01-01 05:09:22;735.0;1745694562;99.519;101.536;86.258;102.476;
1900-01-01 05:09:23;736.0;1745694563;99.607;101.501;86.258;102.476;
1900-01-01 05:09:24;737.0;1745694564;99.612;101.501;86.232;102.506;
1900-01-01 05:09:26;738.0;1745694566;99.612;101.575;86.254;102.493;
1900-01-01 05:09:26;739.0;1745694566;99.64;101.624;86.254;102.493;
1900-01-01 05:09:27;740.0;1745694567;99.64;101.624;86.23;102.503;
1900-01-01 05:09:28;741.0;1745694568;99.625;101.497;86.244;102.511;
1900-01-01 05:09:29;742.0;1745694569;99.619;101.534;86.244;102.511;
1900-01-01 05:09:30;743.0;1745694570;99.619;101.534;86.156;102.427;
1900-01-01 05:09:31;744.0;1745694571;99.58;101.526;86.128;102.427;
1900-01-01 05:09:32;745.0;1745694572;99.695;101.649;86.128;102.442;
1900-01-01 05:09:33;746.0;1745694573;99.609;101.649;86.033;102.567;
1900-01-01 05:09:34;747.0;1745694574;99.609;101.551;85.997;102.567;
1900-01-01 05:09:35;748.0;1745694575;99.667;101.542;85.997;102.527;
1900-01-01 05:09:36;749.0;1745694576;99.667;101.542;85.995;102.477;
1900-01-01 05:09:37;750.0;1745694577;99.665;101.614;86.06;102.477;
1900-01-01 05:09:38;751.0;1745694578;99.614;101.563;86.06;102.431;
1900-01-01 05:09:39;752.0;1745694579;99.614;101.563;86.102;102.467;
1900-01-01 05:09:40;753.0;1745694580;99.568;101.523;86.048;102.467;
1900-01-01 05:09:41;754.0;1745694581;99.567;101.523;86.048;102.525;
1900-01-01 05:09:42;755.0;1745694582;99.567;101.492;85.999;102.426;
1900-01-01 05:09:43;756.0;1745694583;99.522;101.545;85.999;102.426;
1900-01-01 05:09:44;757.0;1745694584;99.483;101.545;85.996;102.564;
1900-01-01 05:09:45;758.0;1745694585;99.483;101.57;85.888;102.568;
1900-01-01 05:09:46;759.0;1745694586;99.342;101.435;85.888;102.568;
1900-01-01 05:09:47;760.0;1745694587;99.405;101.435;85.762;102.441;
1900-01-01 05:09:48;761.0;1745694588;99.405;101.494;85.685;102.493;
1900-01-01 05:09:49;762.0;1745694589;99.411;101.515;85.685;102.493;
1900-01-01 05:09:50;763.0;1745694590;99.304;101.515;85.782;102.428;
1900-01-01 05:09:51;764.0;1745694591;99.304;101.444;85.868;102.428;
1900-01-01 05:09:52;765.0;1745694592;99.386;101.419;85.868;102.489;
1900-01-01 05:09:54;766.0;1745694594;99.38;101.419;85.869;102.494;
1900-01-01 05:09:54;767.0;1745694594;99.38;101.466;85.897;102.494;
1900-01-01 05:09:55;768.0;1745694595;99.419;101.449;85.897;102.497;
1900-01-01 05:09:57;769.0;1745694597;99.443;101.449;85.885;102.467;
1900-01-01 05:09:57;770.0;1745694597;99.443;101.514;85.985;102.467;
1900-01-01 05:09:58;771.0;1745694598;99.445;101.455;85.985;102.491;
1900-01-01 05:09:59;772.0;1745694599;99.445;101.455;85.913;102.5;
1900-01-01 05:10:00;773.0;1745694600;99.418;101.495;85.867;102.5;
1900-01-01 05:10:01;774.0;1745694601;99.414;101.586;85.867;102.577;
1900-01-01 05:10:02;775.0;1745694602;99.414;101.586;85.85;102.515;
1900-01-01 05:10:03;776.0;1745694603;99.333;101.486;85.917;102.515;
1900-01-01 05:10:05;777.0;1745694605;99.415;101.516;85.917;102.508;
1900-01-01 05:10:05;778.0;1745694605;99.415;101.516;85.744;102.437;
1900-01-01 05:10:06;779.0;1745694606;99.42;101.57;85.696;102.437;
1900-01-01 05:10:07;780.0;1745694607;99.383;101.57;85.696;102.45;
1900-01-01 05:10:08;781.0;1745694608;99.383;101.491;85.739;102.497;
1900-01-01 05:10:09;782.0;1745694609;99.413;101.465;85.731;102.497;
1900-01-01 05:10:10;783.0;1745694610;99.377;101.465;85.731;102.507;
1900-01-01 05:10:11;784.0;1745694611;99.377;101.496;85.658;102.373;
1900-01-01 05:10:12;785.0;1745694612;99.405;101.536;85.63;102.373;
1900-01-01 05:10:14;786.0;1745694614;99.33;101.536;85.63;102.457;
1900-01-01 05:10:14;787.0;1745694614;99.33;101.443;85.834;102.433;
1900-01-01 05:10:15;788.0;1745694615;99.427;101.427;85.834;102.433;
1900-01-01 05:10:16;789.0;1745694616;99.427;101.427;85.807;102.525;
1900-01-01 05:10:17;790.0;1745694617;99.517;101.482;85.871;102.525;
1900-01-01 05:10:18;791.0;1745694618;99.473;101.447;85.871;102.535;
1900-01-01 05:10:19;792.0;1745694619;99.473;101.447;85.851;102.414;
1900-01-01 05:10:20;793.0;1745694620;99.544;101.435;85.754;102.414;
1900-01-01 05:10:21;794.0;1745694621;99.622;101.463;85.754;102.483;
1900-01-01 05:10:22;795.0;1745694622;99.622;101.463;85.671;102.435;
1900-01-01 05:10:23;796.0;1745694623;99.478;101.49;85.593;102.435;
1900-01-01 05:10:24;797.0;1745694624;99.48;101.407;85.593;102.499;
1900-01-01 05:10:25;798.0;1745694625;99.48;101.407;85.498;102.482;
1900-01-01 05:10:26;799.0;1745694626;99.491;101.416;85.424;102.482;
1900-01-01 05:10:27;800.0;1745694627;99.43;101.416;85.424;102.487;
1900-01-01 05:10:28;801.0;1745694628;99.43;101.496;85.362;102.498;
1900-01-01 05:10:29;802.0;1745694629;99.379;101.439;85.362;102.498;
1900-01-01 05:10:30;803.0;1745694630;99.33;101.439;85.273;102.452;
1900-01-01 05:10:31;804.0;1745694631;99.33;101.461;85.193;102.537;
1900-01-01 05:10:32;805.0;1745694632;99.378;101.331;85.193;102.537;
1900-01-01 05:10:33;806.0;1745694633;99.374;101.331;85.188;102.462;
1900-01-01 05:10:34;807.0;1745694634;99.374;101.457;85.201;102.386;
1900-01-01 05:10:35;808.0;1745694635;99.334;101.543;85.201;102.386;
1900-01-01 05:10:36;809.0;1745694636;99.312;101.543;85.217;102.439;
1900-01-01 05:10:37;810.0;1745694637;99.312;101.456;85.316;102.518;
1900-01-01 05:10:38;811.0;1745694638;99.263;101.499;85.316;102.518;
1900-01-01 05:10:39;812.0;1745694639;99.263;101.499;85.356;102.53;
1900-01-01 05:10:40;813.0;1745694640;99.303;101.427;85.245;102.574;
1900-01-01 05:10:41;814.0;1745694641;99.233;101.472;85.245;102.574;
1900-01-01 05:10:42;815.0;1745694642;99.233;101.472;85.245;102.549;
1900-01-01 05:10:43;816.0;1745694643;99.221;101.463;85.171;102.503;
1900-01-01 05:10:44;817.0;1745694644;99.248;101.479;85.171;102.503;
1900-01-01 05:10:45;818.0;1745694645;99.248;101.479;85.163;102.422;
1900-01-01 05:10:46;819.0;1745694646;99.18;101.437;85.207;102.422;
1900-01-01 05:10:47;820.0;1745694647;99.241;101.437;85.207;102.521;
1900-01-01 05:10:48;821.0;1745694648;99.241;101.413;85.31;102.507;
1900-01-01 05:10:49;822.0;1745694649;99.203;101.437;85.31;102.507;
1900-01-01 05:10:50;823.0;1745694650;99.319;101.437;85.31;102.465;
1900-01-01 05:10:51;824.0;1745694651;99.319;101.35;85.321;102.419;
1900-01-01 05:10:52;825.0;1745694652;99.239;101.415;85.321;102.419;
1900-01-01 05:10:53;826.0;1745694653;99.289;101.415;85.318;102.552;
1900-01-01 05:10:54;827.0;1745694654;99.289;101.366;85.358;102.6;
1900-01-01 05:10:55;828.0;1745694655;99.281;101.487;85.358;102.6;
1900-01-01 05:10:56;829.0;1745694656;99.31;101.487;85.369;102.478;
1900-01-01 05:10:57;830.0;1745694657;99.31;101.37;85.291;102.478;
1900-01-01 05:10:58;831.0;1745694658;99.253;101.362;85.291;102.547;
1900-01-01 05:10:59;832.0;1745694659;99.265;101.362;85.252;102.481;
1900-01-01 05:11:00;833.0;1745694660;99.265;101.392;85.278;102.481;
1900-01-01 05:11:01;834.0;1745694661;99.292;101.368;85.278;102.542;
1900-01-01 05:11:02;835.0;1745694662;99.292;101.368;85.366;102.477;
1900-01-01 05:11:03;836.0;1745694663;99.26;101.438;85.39;102.477;
1900-01-01 05:11:04;837.0;1745694664;99.304;101.316;85.39;102.429;
1900-01-01 05:11:05;838.0;1745694665;99.304;101.316;85.331;102.45;
1900-01-01 05:11:06;839.0;1745694666;99.196;101.36;85.229;102.45;
1900-01-01 05:11:07;840.0;1745694667;99.133;101.36;85.229;102.464;
1900-01-01 05:11:08;841.0;1745694668;99.133;101.339;85.226;102.425;
1900-01-01 05:11:10;842.0;1745694670;99.112;101.341;85.253;102.425;
1900-01-01 05:11:10;843.0;1745694670;99.104;101.341;85.253;102.421;
1900-01-01 05:11:11;844.0;1745694671;99.104;101.387;85.247;102.509;
1900-01-01 05:11:12;845.0;1745694672;99.123;101.362;85.31;102.509;
1900-01-01 05:11:13;846.0;1745694673;99.114;101.362;85.31;102.488;
1900-01-01 05:11:14;847.0;1745694674;99.114;101.466;85.222;102.534;
1900-01-01 05:11:15;848.0;1745694675;99.187;101.376;85.244;102.534;
1900-01-01 05:11:16;849.0;1745694676;99.178;101.376;85.244;102.581;
1900-01-01 05:11:17;850.0;1745694677;99.178;101.373;85.137;102.538;
1900-01-01 05:11:19;851.0;1745694679;99.326;101.388;85.064;102.538;
1900-01-01 05:11:19;852.0;1745694679;99.245;101.388;85.064;102.54;
1900-01-01 05:11:20;853.0;1745694680;99.245;101.362;84.852;102.536;
1900-01-01 05:11:22;854.0;1745694682;99.247;101.432;84.846;102.536;
1900-01-01 05:11:22;855.0;1745694682;99.221;101.432;84.846;102.528;
1900-01-01 05:11:23;856.0;1745694683;99.221;101.381;84.832;102.52;
1900-01-01 05:11:24;857.0;1745694684;99.165;101.335;84.832;102.52;
1900-01-01 05:11:25;858.0;1745694685;99.165;101.335;84.798;102.485;
1900-01-01 05:11:26;859.0;1745694686;99.208;101.309;84.887;102.485;
1900-01-01 05:11:28;860.0;1745694688;99.089;101.306;84.887;102.452;
1900-01-01 05:11:28;861.0;1745694688;99.089;101.306;84.934;102.524;
1900-01-01 05:11:29;862.0;1745694689;99.129;101.27;84.941;102.524;
1900-01-01 05:11:31;863.0;1745694691;99.151;101.292;84.941;102.538;
1900-01-01 05:11:31;864.0;1745694691;99.151;101.292;84.903;102.526;
1900-01-01 05:11:32;865.0;1745694692;99.204;101.344;84.923;102.526;
1900-01-01 05:11:33;866.0;1745694693;99.11;101.344;84.923;102.522;
1900-01-01 05:11:34;867.0;1745694694;99.11;101.278;84.951;102.434;
1900-01-01 05:11:35;868.0;1745694695;99.03;101.293;84.915;102.434;
1900-01-01 05:11:36;869.0;1745694696;99.144;101.293;84.915;102.472;
1900-01-01 05:11:37;870.0;1745694697;99.144;101.268;84.922;102.522;
1900-01-01 05:11:39;871.0;1745694699;99.08;101.292;84.916;102.522;
1900-01-01 05:11:39;872.0;1745694699;99.083;101.292;84.916;102.441;
1900-01-01 05:11:40;873.0;1745694700;99.083;101.247;84.955;102.554;
1900-01-01 05:11:41;874.0;1745694701;99.046;101.293;84.888;102.554;
1900-01-01 05:11:43;875.0;1745694703;99.092;101.293;84.888;102.539;
1900-01-01 05:11:43;876.0;1745694703;99.092;101.226;84.777;102.384;
1900-01-01 05:11:44;877.0;1745694704;99.104;101.252;84.777;102.384;
1900-01-01 05:11:45;878.0;1745694705;99.004;101.252;84.777;102.516;
1900-01-01 05:11:46;879.0;1745694706;99.004;101.254;84.812;102.516;
1900-01-01 05:11:47;880.0;1745694707;99.114;101.196;84.812;102.479;
1900-01-01 05:11:48;881.0;1745694708;99.086;101.196;84.805;102.482;
1900-01-01 05:11:49;882.0;1745694709;99.086;101.164;84.907;102.489;
1900-01-01 05:11:50;883.0;1745694710;99.129;101.25;84.907;102.489;
1900-01-01 05:11:51;884.0;1745694711;99.129;101.25;84.959;102.543;
1900-01-01 05:11:52;885.0;1745694712;99.104;101.192;84.929;102.535;
1900-01-01 05:11:54;886.0;1745694714;99.115;101.158;84.929;102.535;
1900-01-01 05:11:54;887.0;1745694714;99.115;101.158;84.895;102.663;
1900-01-01 05:11:55;888.0;1745694715;99.173;101.264;84.802;102.663;
1900-01-01 05:11:56;889.0;1745694716;99.159;101.264;84.802;102.53;
1900-01-01 05:11:57;890.0;1745694717;99.159;101.182;84.602;102.573;
1900-01-01 05:11:58;891.0;1745694718;99.126;101.169;84.639;102.573;
1900-01-01 05:11:59;892.0;1745694719;99.149;101.169;84.639;102.559;
1900-01-01 05:12:00;893.0;1745694720;99.149;101.25;84.585;102.52;
1900-01-01 05:12:01;894.0;1745694721;99.105;101.239;84.567;102.52;
1900-01-01 05:12:02;895.0;1745694722;99.178;101.239;84.567;102.419;
1900-01-01 05:12:03;896.0;1745694723;99.178;101.228;84.551;102.546;
1900-01-01 05:12:04;897.0;1745694724;99.132;101.102;84.551;102.546;
1900-01-01 05:12:05;898.0;1745694725;99.065;101.102;84.727;102.543;
1900-01-01 05:12:06;899.0;1745694726;99.065;101.248;84.86;102.543;
1900-01-01 05:12:07;900.0;1745694727;99.127;101.241;84.86;102.497;
1900-01-01 05:12:08;901.0;1745694728;99.134;101.241;84.88;102.472;
1900-01-01 05:12:09;902.0;1745694729;99.134;101.201;84.857;102.472;
1900-01-01 05:12:10;903.0;1745694730;99.067;101.261;84.857;102.487;
1900-01-01 05:12:12;904.0;1745694732;99.023;101.261;84.722;102.546;
1900-01-01 05:12:12;905.0;1745694732;99.023;101.324;84.688;102.546;
1900-01-01 05:12:13;906.0;1745694733;98.963;101.128;84.688;102.414;
1900-01-01 05:12:14;907.0;1745694734;98.963;101.128;84.442;102.541;
1900-01-01 05:12:15;908.0;1745694735;99.007;101.237;84.448;102.541;
1900-01-01 05:12:16;909.0;1745694736;98.909;101.237;84.448;102.535;
1900-01-01 05:12:17;910.0;1745694737;98.909;101.182;84.324;102.535;
1900-01-01 05:12:18;911.0;1745694738;98.943;101.194;84.324;102.535;
1900-01-01 05:12:19;912.0;1745694739;98.874;101.194;84.336;102.519;
1900-01-01 05:12:20;913.0;1745694740;98.874;101.201;84.303;102.596;
1900-01-01 05:12:21;914.0;1745694741;98.747;101.214;84.303;102.596;
1900-01-01 05:12:22;915.0;1745694742;98.706;101.214;84.348;102.556;
1900-01-01 05:12:23;916.0;1745694743;98.706;101.154;84.326;102.579;
1900-01-01 05:12:24;917.0;1745694744;98.744;101.174;84.326;102.579;
1900-01-01 05:12:25;918.0;1745694745;98.762;101.174;84.423;102.504;
1900-01-01 05:12:26;919.0;1745694746;98.762;101.195;84.319;102.512;
1900-01-01 05:12:27;920.0;1745694747;98.739;101.156;84.319;102.512;
1900-01-01 05:12:29;921.0;1745694749;98.727;101.156;84.382;102.538;
1900-01-01 05:12:29;922.0;1745694749;98.727;101.176;84.478;102.538;
1900-01-01 05:12:30;923.0;1745694750;98.648;101.171;84.478;102.453;
1900-01-01 05:12:31;924.0;1745694751;98.728;101.171;84.495;102.445;
1900-01-01 05:12:32;925.0;1745694752;98.728;101.147;84.537;102.445;
1900-01-01 05:12:33;926.0;1745694753;98.83;101.162;84.537;102.589;
1900-01-01 05:12:35;927.0;1745694755;98.85;101.162;84.563;102.545;
1900-01-01 05:12:35;928.0;1745694755;98.85;101.158;84.592;102.545;
1900-01-01 05:12:36;929.0;1745694756;98.884;101.07;84.592;102.527;
1900-01-01 05:12:38;930.0;1745694758;98.924;101.07;84.563;102.519;
1900-01-01 05:12:38;931.0;1745694758;98.924;101.14;84.455;102.519;
1900-01-01 05:12:39;932.0;1745694759;98.953;101.134;84.455;102.548;
1900-01-01 05:12:40;933.0;1745694760;98.953;101.134;84.364;102.466;
1900-01-01 05:12:41;934.0;1745694761;98.981;101.055;84.093;102.466;
1900-01-01 05:12:42;935.0;1745694762;98.991;101.172;84.093;102.478;
1900-01-01 05:12:43;936.0;1745694763;98.991;101.172;84.148;102.506;
1900-01-01 05:12:44;937.0;1745694764;98.927;101.107;84.157;102.506;
1900-01-01 05:12:46;938.0;1745694766;99.067;101.109;84.157;102.553;
1900-01-01 05:12:46;939.0;1745694766;99.067;101.109;84.35;102.525;
1900-01-01 05:12:47;940.0;1745694767;99.0;101.118;84.412;102.525;
1900-01-01 05:12:48;941.0;1745694768;99.017;101.118;84.412;102.556;
1900-01-01 05:12:49;942.0;1745694769;99.017;101.086;84.375;102.52;
1900-01-01 05:12:50;943.0;1745694770;99.013;101.088;84.375;102.52;
1900-01-01 05:12:51;944.0;1745694771;98.997;101.088;84.355;102.489;
1900-01-01 05:12:52;945.0;1745694772;98.997;101.11;84.291;102.489;
1900-01-01 05:12:53;946.0;1745694773;98.925;101.101;84.291;102.572;
1900-01-01 05:12:54;947.0;1745694774;98.904;101.101;84.265;102.496;
1900-01-01 05:12:55;948.0;1745694775;98.904;101.071;84.31;102.496;
1900-01-01 05:12:56;949.0;1745694776;98.902;101.088;84.31;102.517;
1900-01-01 05:12:57;950.0;1745694777;98.902;101.088;84.197;102.517;
1900-01-01 05:12:58;951.0;1745694778;98.877;101.029;84.154;102.462;
1900-01-01 05:12:59;952.0;1745694779;98.982;101.083;84.154;102.462;
1900-01-01 05:13:00;953.0;1745694780;98.982;101.083;84.187;102.492;
1900-01-01 05:13:01;954.0;1745694781;98.856;101.06;84.228;102.492;
1900-01-01 05:13:02;955.0;1745694782;98.87;101.06;84.228;102.493;
1900-01-01 05:13:03;956.0;1745694783;98.87;101.059;84.272;102.512;
1900-01-01 05:13:04;957.0;1745694784;98.751;101.084;84.273;102.512;
1900-01-01 05:13:05;958.0;1745694785;98.787;101.084;84.273;102.486;
1900-01-01 05:13:06;959.0;1745694786;98.787;101.094;84.287;102.458;
1900-01-01 05:13:07;960.0;1745694787;98.715;101.074;84.329;102.458;
1900-01-01 05:13:08;961.0;1745694788;98.637;101.074;84.329;102.503;
1900-01-01 05:13:09;962.0;1745694789;98.637;101.101;84.342;102.438;
1900-01-01 05:13:10;963.0;1745694790;98.756;101.052;84.342;102.438;
1900-01-01 05:13:11;964.0;1745694791;98.703;101.052;84.293;102.606;
1900-01-01 05:13:12;965.0;1745694792;98.703;101.061;84.218;102.569;
1900-01-01 05:13:13;966.0;1745694793;98.723;101.012;84.218;102.569;
1900-01-01 05:13:14;967.0;1745694794;98.722;101.012;84.173;102.55;
1900-01-01 05:13:15;968.0;1745694795;98.722;101.088;84.135;102.473;
1900-01-01 05:13:16;969.0;1745694796;98.734;101.01;84.135;102.473;
1900-01-01 05:13:17;970.0;1745694797;98.734;101.01;84.088;102.558;
1900-01-01 05:13:18;971.0;1745694798;98.751;101.078;84.061;102.558;
1900-01-01 05:13:19;972.0;1745694799;98.752;101.078;84.061;102.501;
1900-01-01 05:13:20;973.0;1745694800;98.752;101.064;84.157;102.555;
1900-01-01 05:13:21;974.0;1745694801;98.745;101.108;84.123;102.555;
1900-01-01 05:13:22;975.0;1745694802;98.7;101.108;84.123;102.525;
1900-01-01 05:13:23;976.0;1745694803;98.7;100.977;84.058;102.626;
1900-01-01 05:13:24;977.0;1745694804;98.666;101.018;83.95;102.626;
1900-01-01 05:13:25;978.0;1745694805;98.548;101.018;83.95;102.58;
1900-01-01 05:13:26;979.0;1745694806;98.548;101.073;83.983;102.556;
1900-01-01 05:13:27;980.0;1745694807;98.603;101.032;84.03;102.556;
1900-01-01 05:13:28;981.0;1745694808;98.595;101.032;84.03;102.553;
1900-01-01 05:13:29;982.0;1745694809;98.595;101.117;83.956;102.622;
1900-01-01 05:13:30;983.0;1745694810;98.612;101.02;83.956;102.622;
1900-01-01 05:13:31;984.0;1745694811;98.647;101.02;83.952;102.557;
1900-01-01 05:13:32;985.0;1745694812;98.647;101.021;83.844;102.53;
1900-01-01 05:13:33;986.0;1745694813;98.704;101.028;83.844;102.53;
1900-01-01 05:13:34;987.0;1745694814;98.744;101.028;83.747;102.537;
1900-01-01 05:13:35;988.0;1745694815;98.744;101.044;83.678;102.537;
1900-01-01 05:13:36;989.0;1745694816;98.694;100.962;83.678;102.538;
1900-01-01 05:13:37;990.0;1745694817;98.716;100.962;83.603;102.558;
1900-01-01 05:13:38;991.0;1745694818;98.716;100.886;83.551;102.558;
1900-01-01 05:13:39;992.0;1745694819;98.755;100.994;83.551;102.509;
1900-01-01 05:13:40;993.0;1745694820;98.686;100.994;83.569;102.466;
1900-01-01 05:13:41;994.0;1745694821;98.686;101.014;83.579;102.572;
1900-01-01 05:13:42;995.0;1745694822;98.701;100.895;83.579;102.572;
1900-01-01 05:13:43;996.0;1745694823;98.701;100.895;83.631;102.551;
1900-01-01 05:13:44;997.0;1745694824;98.699;100.988;83.651;102.551;
1900-01-01 05:13:46;998.0;1745694826;98.624;100.955;83.651;102.59;
1900-01-01 05:13:46;999.0;1745694826;98.624;100.955;83.718;102.523;
1900-01-01 05:13:47;1000.0;1745694827;98.637;101.005;83.744;102.523;
1900-01-01 05:13:48;1001.0;1745694828;98.634;101.005;83.744;102.564;
1900-01-01 05:13:49;1002.0;1745694829;98.634;100.955;83.742;102.558;
1900-01-01 05:13:51;1003.0;1745694831;98.69;100.993;83.848;102.558;
1900-01-01 05:13:51;1004.0;1745694831;98.602;100.993;83.848;102.53;
1900-01-01 05:13:52;1005.0;1745694832;98.602;100.925;83.824;102.562;
1900-01-01 05:13:54;1006.0;1745694834;98.525;100.914;83.754;102.562;
1900-01-01 05:13:54;1007.0;1745694834;98.654;100.914;83.754;102.509;
1900-01-01 05:13:55;1008.0;1745694835;98.654;100.956;83.777;102.536;
1900-01-01 05:13:56;1009.0;1745694836;98.625;100.98;83.777;102.536;
1900-01-01 05:13:57;1010.0;1745694837;98.721;100.98;83.686;102.56;
1900-01-01 05:13:58;1011.0;1745694838;98.721;100.956;83.75;102.618;
1900-01-01 05:13:59;1012.0;1745694839;98.696;101.018;83.75;102.618;
1900-01-01 05:14:00;1013.0;1745694840;98.696;101.018;83.65;102.486;
1900-01-01 05:14:01;1014.0;1745694841;98.613;100.947;83.607;102.486;
1900-01-01 05:14:02;1015.0;1745694842;98.654;100.947;83.607;102.569;
1900-01-01 05:14:03;1016.0;1745694843;98.654;100.888;83.652;102.557;
1900-01-01 05:14:04;1017.0;1745694844;98.689;100.874;83.574;102.557;
1900-01-01 05:14:05;1018.0;1745694845;98.588;100.939;83.574;102.552;
1900-01-01 05:14:06;1019.0;1745694846;98.588;100.939;83.523;102.501;
1900-01-01 05:14:07;1020.0;1745694847;98.532;100.904;83.52;102.501;
1900-01-01 05:14:08;1021.0;1745694848;98.514;100.908;83.52;102.499;
1900-01-01 05:14:09;1022.0;1745694849;98.514;100.908;83.463;102.57;
1900-01-01 05:14:10;1023.0;1745694850;98.58;100.828;83.361;102.57;
1900-01-01 05:14:11;1024.0;1745694851;98.601;100.828;83.361;102.518;
1900-01-01 05:14:12;1025.0;1745694852;98.601;100.891;83.356;102.48;
1900-01-01 05:14:13;1026.0;1745694853;98.512;100.829;83.342;102.48;
1900-01-01 05:14:14;1027.0;1745694854;98.539;100.812;83.342;102.54;
1900-01-01 05:14:15;1028.0;1745694855;98.539;100.812;83.383;102.524;
1900-01-01 05:14:16;1029.0;1745694856;98.571;100.796;83.457;102.524;
1900-01-01 05:14:17;1030.0;1745694857;98.575;100.82;83.457;102.517;
1900-01-01 05:14:18;1031.0;1745694858;98.575;100.82;83.602;102.644;
1900-01-01 05:14:19;1032.0;1745694859;98.557;100.926;83.629;102.644;
1900-01-01 05:14:20;1033.0;1745694860;98.529;100.916;83.629;102.606;
1900-01-01 05:14:21;1034.0;1745694861;98.529;100.916;83.621;102.495;
1900-01-01 05:14:22;1035.0;1745694862;98.482;100.882;83.635;102.495;
1900-01-01 05:14:23;1036.0;1745694863;98.466;100.891;83.635;102.572;
1900-01-01 05:14:24;1037.0;1745694864;98.466;100.891;83.74;102.512;
1900-01-01 05:14:25;1038.0;1745694865;98.461;100.827;83.703;102.512;
1900-01-01 05:14:26;1039.0;1745694866;98.437;100.827;83.703;102.536;
1900-01-01 05:14:27;1040.0;1745694867;98.437;100.826;83.668;102.521;
1900-01-01 05:14:28;1041.0;1745694868;98.479;100.764;83.668;102.521;
1900-01-01 05:14:29;1042.0;1745694869;98.578;100.764;83.609;102.501;
1900-01-01 05:14:30;1043.0;1745694870;98.578;100.903;83.606;102.499;
1900-01-01 05:14:32;1044.0;1745694872;98.591;100.858;83.558;102.499;
1900-01-01 05:14:32;1045.0;1745694872;98.617;100.858;83.558;102.588;
1900-01-01 05:14:33;1046.0;1745694873;98.617;100.794;83.488;102.553;
1900-01-01 05:14:34;1047.0;1745694874;98.618;100.837;83.488;102.553;
1900-01-01 05:14:35;1048.0;1745694875;98.624;100.837;83.502;102.521;
1900-01-01 05:14:36;1049.0;1745694876;98.624;100.793;83.416;102.601;
1900-01-01 05:14:37;1050.0;1745694877;98.584;100.781;83.416;102.601;
1900-01-01 05:14:38;1051.0;1745694878;98.584;100.781;83.405;102.527;
1900-01-01 05:14:39;1052.0;1745694879;98.441;100.801;83.398;102.577;
1900-01-01 05:14:40;1053.0;1745694880;98.45;100.815;83.398;102.577;
1900-01-01 05:14:41;1054.0;1745694881;98.45;100.815;83.396;102.574;
1900-01-01 05:14:42;1055.0;1745694882;98.345;100.821;83.405;102.574;
1900-01-01 05:14:43;1056.0;1745694883;98.442;100.785;83.405;102.588;
1900-01-01 05:14:45;1057.0;1745694885;98.349;100.785;83.43;102.518;
1900-01-01 05:14:45;1058.0;1745694885;98.349;100.774;83.441;102.518;
1900-01-01 05:14:46;1059.0;1745694886;98.444;100.797;83.441;102.597;
1900-01-01 05:14:47;1060.0;1745694887;98.444;100.797;83.436;102.599;
1900-01-01 05:14:48;1061.0;1745694888;98.356;100.757;83.439;102.599;
1900-01-01 05:14:49;1062.0;1745694889;98.418;100.709;83.439;102.488;
1900-01-01 05:14:50;1063.0;1745694890;98.418;100.709;83.369;102.552;
1900-01-01 05:14:51;1064.0;1745694891;98.384;100.811;83.257;102.552;
1900-01-01 05:14:52;1065.0;1745694892;98.378;100.811;83.257;102.586;
1900-01-01 05:14:53;1066.0;1745694893;98.378;100.724;83.258;102.563;
1900-01-01 05:14:54;1067.0;1745694894;98.395;100.765;83.288;102.563;
1900-01-01 05:14:55;1068.0;1745694895;98.334;100.765;83.288;102.562;
1900-01-01 05:14:56;1069.0;1745694896;98.334;100.755;83.317;102.587;
1900-01-01 05:14:57;1070.0;1745694897;98.331;100.735;83.317;102.587;
1900-01-01 05:14:58;1071.0;1745694898;98.387;100.735;83.3;102.596;
1900-01-01 05:14:59;1072.0;1745694899;98.387;100.722;83.303;102.596;
1900-01-01 05:15:00;1073.0;1745694900;98.326;100.685;83.303;102.66;
1900-01-01 05:15:01;1074.0;1745694901;98.358;100.685;83.256;102.633;
1900-01-01 05:15:02;1075.0;1745694902;98.358;100.721;83.17;102.633;
1900-01-01 05:15:03;1076.0;1745694903;98.308;100.727;83.17;102.561;
1900-01-01 05:15:04;1077.0;1745694904;98.308;100.727;83.1;102.57;
1900-01-01 05:15:05;1078.0;1745694905;98.233;100.632;83.049;102.57;
1900-01-01 05:15:06;1079.0;1745694906;98.289;100.632;83.049;102.584;
1900-01-01 05:15:07;1080.0;1745694907;98.289;100.766;82.985;102.534;
1900-01-01 05:15:08;1081.0;1745694908;98.259;100.808;83.043;102.534;
1900-01-01 05:15:09;1082.0;1745694909;98.286;100.716;83.043;102.596;
1900-01-01 05:15:10;1083.0;1745694910;98.286;100.716;82.987;102.574;
1900-01-01 05:15:11;1084.0;1745694911;98.185;100.626;83.009;102.574;
1900-01-01 05:15:12;1085.0;1745694912;98.261;100.626;83.009;102.619;
1900-01-01 05:15:13;1086.0;1745694913;98.261;100.648;83.085;102.559;
1900-01-01 05:15:14;1087.0;1745694914;98.195;100.646;83.1;102.559;
1900-01-01 05:15:15;1088.0;1745694915;98.284;100.646;83.1;102.593;
1900-01-01 05:15:16;1089.0;1745694916;98.284;100.699;83.128;102.541;
1900-01-01 05:15:17;1090.0;1745694917;98.248;100.545;83.202;102.541;
1900-01-01 05:15:18;1091.0;1745694918;98.334;100.545;83.202;102.633;
1900-01-01 05:15:19;1092.0;1745694919;98.334;100.419;83.237;102.495;
1900-01-01 05:15:20;1093.0;1745694920;98.369;100.477;83.246;102.495;
1900-01-01 05:15:21;1094.0;1745694921;98.349;100.477;83.246;102.576;
1900-01-01 05:15:22;1095.0;1745694922;98.349;100.345;83.195;102.52;
1900-01-01 05:15:23;1096.0;1745694923;98.386;100.305;83.225;102.52;
1900-01-01 05:15:24;1097.0;1745694924;98.386;100.305;83.225;102.538;
1900-01-01 05:15:25;1098.0;1745694925;98.358;100.24;83.212;102.538;
1900-01-01 05:15:26;1099.0;1745694926;98.419;100.2;83.212;102.596;
1900-01-01 05:15:27;1100.0;1745694927;98.355;100.2;83.224;102.589;
1900-01-01 05:15:28;1101.0;1745694928;98.355;100.258;83.105;102.589;
1900-01-01 05:15:29;1102.0;1745694929;98.389;100.15;83.105;102.521;
1900-01-01 05:15:30;1103.0;1745694930;98.389;100.15;83.01;102.648;
1900-01-01 05:15:31;1104.0;1745694931;98.307;100.187;83.028;102.648;
1900-01-01 05:15:32;1105.0;1745694932;98.265;100.172;83.028;102.533;
1900-01-01 05:15:33;1106.0;1745694933;98.265;100.172;83.047;102.575;
1900-01-01 05:15:34;1107.0;1745694934;98.306;100.115;82.918;102.575;
1900-01-01 05:15:35;1108.0;1745694935;98.297;100.087;82.918;102.642;
1900-01-01 05:15:36;1109.0;1745694936;98.297;100.087;82.831;102.549;
1900-01-01 05:15:37;1110.0;1745694937;98.339;100.147;82.833;102.549;
1900-01-01 05:15:38;1111.0;1745694938;98.26;100.147;82.833;102.573;
1900-01-01 05:15:39;1112.0;1745694939;98.26;100.08;82.817;102.53;
1900-01-01 05:15:40;1113.0;1745694940;98.306;100.078;82.798;102.53;
1900-01-01 05:15:41;1114.0;1745694941;98.306;100.078;82.798;102.645;
1900-01-01 05:15:42;1115.0;1745694942;98.199;100.109;82.801;102.62;
1900-01-01 05:15:43;1116.0;1745694943;98.279;100.075;82.801;102.62;
1900-01-01 05:15:44;1117.0;1745694944;98.335;100.075;82.875;102.596;
1900-01-01 05:15:46;1118.0;1745694946;98.335;100.038;82.827;102.551;
1900-01-01 05:15:46;1119.0;1745694946;98.254;100.118;82.827;102.551;
1900-01-01 05:15:47;1120.0;1745694947;98.3;100.118;82.795;102.626;
1900-01-01 05:15:48;1121.0;1745694948;98.3;100.09;82.784;102.593;
1900-01-01 05:15:49;1122.0;1745694949;98.251;100.073;82.784;102.593;
1900-01-01 05:15:50;1123.0;1745694950;98.251;100.073;82.799;102.497;
1900-01-01 05:15:51;1124.0;1745694951;98.169;100.007;82.813;102.497;
1900-01-01 05:15:52;1125.0;1745694952;98.074;100.033;82.813;102.646;
1900-01-01 05:15:53;1126.0;1745694953;98.064;100.033;82.809;102.645;
1900-01-01 05:15:54;1127.0;1745694954;98.064;100.059;82.891;102.645;
1900-01-01 05:15:55;1128.0;1745694955;98.105;100.117;82.891;102.643;
1900-01-01 05:15:56;1129.0;1745694956;98.105;100.117;82.772;102.607;
1900-01-01 05:15:57;1130.0;1745694957;98.09;100.15;82.758;102.607;
1900-01-01 05:15:58;1131.0;1745694958;98.009;100.15;82.758;102.606;
1900-01-01 05:15:59;1132.0;1745694959;98.009;100.098;82.713;102.62;
1900-01-01 05:16:01;1133.0;1745694961;98.09;100.045;82.721;102.62;
1900-01-01 05:16:01;1134.0;1745694961;98.01;100.045;82.721;102.582;
1900-01-01 05:16:02;1135.0;1745694962;98.01;100.027;82.729;102.652;
1900-01-01 05:16:03;1136.0;1745694963;98.039;100.064;82.729;102.652;
1900-01-01 05:16:04;1137.0;1745694964;98.039;100.064;82.75;102.55;
1900-01-01 05:16:05;1138.0;1745694965;98.039;100.14;82.684;102.612;
1900-01-01 05:16:06;1139.0;1745694966;98.031;100.092;82.684;102.612;
1900-01-01 05:16:07;1140.0;1745694967;98.027;100.092;82.744;102.625;
1900-01-01 05:16:08;1141.0;1745694968;98.027;100.098;82.801;102.625;
1900-01-01 05:16:09;1142.0;1745694969;98.098;100.081;82.801;102.453;
1900-01-01 05:16:11;1143.0;1745694971;97.988;100.081;82.814;102.591;
1900-01-01 05:16:11;1144.0;1745694971;97.988;100.079;82.798;102.591;
1900-01-01 05:16:12;1145.0;1745694972;98.06;99.985;82.798;102.588;
1900-01-01 05:16:13;1146.0;1745694973;98.085;99.985;82.791;102.558;
1900-01-01 05:16:14;1147.0;1745694974;98.085;100.073;82.734;102.558;
1900-01-01 05:16:15;1148.0;1745694975;98.123;100.073;82.734;102.547;
1900-01-01 05:16:16;1149.0;1745694976;98.123;99.945;82.67;102.601;
1900-01-01 05:16:17;1150.0;1745694977;98.075;100.096;82.572;102.601;
1900-01-01 05:16:18;1151.0;1745694978;98.054;100.096;82.572;102.567;
1900-01-01 05:16:19;1152.0;1745694979;98.054;99.983;82.496;102.578;
1900-01-01 05:16:20;1153.0;1745694980;98.173;99.951;82.483;102.578;
1900-01-01 05:16:22;1154.0;1745694982;98.184;99.959;82.483;102.631;
1900-01-01 05:16:22;1155.0;1745694982;98.184;99.959;82.497;102.638;
1900-01-01 05:16:23;1156.0;1745694983;98.176;99.978;82.59;102.638;
1900-01-01 05:16:24;1157.0;1745694984;98.133;99.978;82.59;102.644;
1900-01-01 05:16:25;1158.0;1745694985;98.133;100.009;82.621;102.605;
1900-01-01 05:16:26;1159.0;1745694986;98.17;99.949;82.663;102.605;
1900-01-01 05:16:27;1160.0;1745694987;98.118;99.949;82.663;102.632;
1900-01-01 05:16:28;1161.0;1745694988;98.118;99.997;82.68;102.619;
1900-01-01 05:16:29;1162.0;1745694989;98.138;99.932;82.68;102.619;
1900-01-01 05:16:31;1163.0;1745694991;98.085;99.932;82.613;102.509;
1900-01-01 05:16:31;1164.0;1745694991;98.085;99.985;82.583;102.575;
1900-01-01 05:16:32;1165.0;1745694992;98.091;99.929;82.583;102.575;
1900-01-01 05:16:34;1166.0;1745694994;98.056;99.929;82.561;102.671;
1900-01-01 05:16:34;1167.0;1745694994;98.056;99.878;82.514;102.671;
1900-01-01 05:16:35;1168.0;1745694995;98.08;99.913;82.514;102.592;
1900-01-01 05:16:36;1169.0;1745694996;98.028;99.913;82.441;102.607;
1900-01-01 05:16:37;1170.0;1745694997;98.028;99.915;82.453;102.607;
1900-01-01 05:16:38;1171.0;1745694998;98.027;99.906;82.453;102.603;
1900-01-01 05:16:39;1172.0;1745694999;98.027;99.906;82.512;102.704;
1900-01-01 05:16:40;1173.0;1745695000;97.995;99.878;82.507;102.704;
1900-01-01 05:16:41;1174.0;1745695001;98.002;99.878;82.507;102.637;
1900-01-01 05:16:42;1175.0;1745695002;98.002;99.935;82.421;102.61;
1900-01-01 05:16:43;1176.0;1745695003;97.959;99.872;82.359;102.61;
1900-01-01 05:16:44;1177.0;1745695004;98.081;99.872;82.359;102.606;
1900-01-01 05:16:45;1178.0;1745695005;98.081;99.897;82.43;102.647;
1900-01-01 05:16:46;1179.0;1745695006;97.99;99.929;82.43;102.647;
1900-01-01 05:16:47;1180.0;1745695007;97.955;99.929;82.448;102.596;
1900-01-01 05:16:48;1181.0;1745695008;97.955;99.949;82.399;102.578;
1900-01-01 05:16:49;1182.0;1745695009;97.958;99.88;82.399;102.578;
1900-01-01 05:16:50;1183.0;1745695010;97.961;99.88;82.402;102.65;
1900-01-01 05:16:51;1184.0;1745695011;97.961;99.938;82.398;102.677;
1900-01-01 05:16:52;1185.0;1745695012;97.902;99.862;82.398;102.677;
1900-01-01 05:16:54;1186.0;1745695014;97.965;99.862;82.442;102.653;
1900-01-01 05:16:54;1187.0;1745695014;97.965;99.799;82.554;102.653;
1900-01-01 05:16:55;1188.0;1745695015;97.897;99.801;82.554;102.515;
1900-01-01 05:16:56;1189.0;1745695016;97.872;99.801;82.484;102.648;
1900-01-01 05:16:57;1190.0;1745695017;97.872;99.849;82.444;102.648;
1900-01-01 05:16:58;1191.0;1745695018;97.967;99.859;82.444;102.678;
1900-01-01 05:16:59;1192.0;1745695019;97.967;99.859;82.389;102.62;
1900-01-01 05:17:00;1193.0;1745695020;97.817;99.901;82.38;102.62;
1900-01-01 05:17:01;1194.0;1745695021;97.864;99.771;82.38;102.639;
1900-01-01 05:17:02;1195.0;1745695022;97.864;99.771;82.29;102.604;
1900-01-01 05:17:03;1196.0;1745695023;97.807;99.693;82.319;102.604;
1900-01-01 05:17:04;1197.0;1745695024;97.882;99.693;82.319;102.525;
1900-01-01 05:17:05;1198.0;1745695025;97.882;99.641;82.23;102.673;
1900-01-01 05:17:06;1199.0;1745695026;97.785;99.615;82.339;102.673;
1900-01-01 05:17:07;1200.0;1745695027;97.836;99.615;82.339;102.598;
