Time;Seconds from start for linreg;Unix Time;ch1 po2;ch2 po2;ch3 po2;ch4 po2;
1900-01-01 12:02:10;1.0;1745719330;100.833;102.31;97.393;102.086;
1900-01-01 12:02:11;2.0;1745719331;100.797;102.31;97.433;102.143;
1900-01-01 12:02:12;3.0;1745719332;100.797;102.352;97.438;102.085;
1900-01-01 12:02:13;4.0;1745719333;100.855;102.249;97.438;102.085;
1900-01-01 12:02:14;5.0;1745719334;100.783;102.249;97.322;102.072;
1900-01-01 12:02:15;6.0;1745719335;100.783;102.376;97.276;102.168;
1900-01-01 12:02:16;7.0;1745719336;100.775;102.277;97.276;102.168;
1900-01-01 12:02:17;8.0;1745719337;100.756;102.277;97.325;102.109;
1900-01-01 12:02:18;9.0;1745719338;100.756;102.364;97.314;102.069;
1900-01-01 12:02:19;10.0;1745719339;100.845;102.387;97.314;102.069;
1900-01-01 12:02:20;11.0;1745719340;100.845;102.387;97.263;102.133;
1900-01-01 12:02:21;12.0;1745719341;100.754;102.31;97.263;102.133;
1900-01-01 12:02:22;13.0;1745719342;100.753;102.266;97.263;102.133;
1900-01-01 12:02:23;14.0;1745719343;100.753;102.266;97.268;102.001;
1900-01-01 12:02:24;15.0;1745719344;100.801;102.258;97.354;102.001;
1900-01-01 12:02:25;16.0;1745719345;100.764;102.258;97.354;102.033;
1900-01-01 12:02:26;17.0;1745719346;100.764;102.297;97.406;102.065;
1900-01-01 12:02:27;18.0;1745719347;100.815;102.282;97.401;102.065;
1900-01-01 12:02:28;19.0;1745719348;100.774;102.282;97.401;102.019;
1900-01-01 12:02:29;20.0;1745719349;100.774;102.326;97.321;102.025;
1900-01-01 12:02:30;21.0;1745719350;100.764;102.262;97.3;102.025;
1900-01-01 12:02:32;22.0;1745719352;100.805;102.25;97.3;102.007;
1900-01-01 12:02:32;23.0;1745719352;100.805;102.25;97.206;102.007;
1900-01-01 12:02:33;24.0;1745719353;100.761;102.352;97.168;102.007;
1900-01-01 12:02:34;25.0;1745719354;100.738;102.352;97.168;102.012;
1900-01-01 12:02:35;26.0;1745719355;100.738;102.458;97.248;102.032;
1900-01-01 12:02:36;27.0;1745719356;100.778;102.351;97.248;102.032;
1900-01-01 12:02:37;28.0;1745719357;100.683;102.351;97.352;102.005;
1900-01-01 12:02:38;29.0;1745719358;100.683;102.372;97.341;102.043;
1900-01-01 12:02:39;30.0;1745719359;100.745;102.384;97.341;102.043;
1900-01-01 12:02:40;31.0;1745719360;100.745;102.384;97.418;102.003;
1900-01-01 12:02:41;32.0;1745719361;100.776;102.373;97.464;102.034;
1900-01-01 12:02:42;33.0;1745719362;100.73;102.381;97.464;102.034;
1900-01-01 12:02:43;34.0;1745719363;100.748;102.381;97.459;102.057;
1900-01-01 12:02:44;35.0;1745719364;100.748;102.278;97.42;102.057;
1900-01-01 12:02:45;36.0;1745719365;100.734;102.331;97.42;102.084;
1900-01-01 12:02:46;37.0;1745719366;100.734;102.331;97.365;102.045;
1900-01-01 12:02:47;38.0;1745719367;100.762;102.319;97.372;102.045;
1900-01-01 12:02:48;39.0;1745719368;100.832;102.319;97.372;102.009;
1900-01-01 12:02:49;40.0;1745719369;100.832;102.319;97.312;102.038;
1900-01-01 12:02:50;41.0;1745719370;100.761;102.42;97.358;102.038;
1900-01-01 12:02:51;42.0;1745719371;100.789;102.378;97.358;102.073;
1900-01-01 12:02:52;43.0;1745719372;100.789;102.378;97.33;102.046;
1900-01-01 12:02:53;44.0;1745719373;100.827;102.389;97.216;102.046;
1900-01-01 12:02:54;45.0;1745719374;100.763;102.389;97.216;102.013;
1900-01-01 12:02:55;46.0;1745719375;100.763;102.36;97.281;102.009;
1900-01-01 12:02:56;47.0;1745719376;100.771;102.328;97.237;102.009;
1900-01-01 12:02:57;48.0;1745719377;100.737;102.328;97.237;102.041;
1900-01-01 12:02:58;49.0;1745719378;100.737;102.362;97.193;102.108;
1900-01-01 12:03:00;50.0;1745719380;100.792;102.357;97.141;102.108;
1900-01-01 12:03:00;51.0;1745719380;100.711;102.357;97.141;102.066;
1900-01-01 12:03:01;52.0;1745719381;100.711;102.25;97.21;102.025;
1900-01-01 12:03:02;53.0;1745719382;100.795;102.304;97.21;102.025;
1900-01-01 12:03:03;54.0;1745719383;100.795;102.304;97.265;102.042;
1900-01-01 12:03:05;55.0;1745719385;100.859;102.383;97.255;102.042;
1900-01-01 12:03:05;56.0;1745719385;100.772;102.324;97.255;102.042;
1900-01-01 12:03:06;57.0;1745719386;100.772;102.324;97.22;102.049;
1900-01-01 12:03:07;58.0;1745719387;100.845;102.387;97.345;102.049;
1900-01-01 12:03:08;59.0;1745719388;100.786;102.387;97.345;102.059;
1900-01-01 12:03:09;60.0;1745719389;100.786;102.398;97.277;101.961;
1900-01-01 12:03:10;61.0;1745719390;100.898;102.425;97.277;101.961;
1900-01-01 12:03:11;62.0;1745719391;100.902;102.425;97.316;102.074;
1900-01-01 12:03:12;63.0;1745719392;100.902;102.355;97.235;101.998;
1900-01-01 12:03:13;64.0;1745719393;100.856;102.364;97.235;101.998;
1900-01-01 12:03:14;65.0;1745719394;100.858;102.364;97.218;102.104;
1900-01-01 12:03:15;66.0;1745719395;100.858;102.313;97.266;102.085;
1900-01-01 12:03:17;67.0;1745719397;100.778;102.307;97.086;102.085;
1900-01-01 12:03:17;68.0;1745719397;100.74;102.307;97.086;102.046;
1900-01-01 12:03:18;69.0;1745719398;100.74;102.331;97.15;102.095;
1900-01-01 12:03:19;70.0;1745719399;100.829;102.334;97.196;102.095;
1900-01-01 12:03:20;71.0;1745719400;100.829;102.334;97.196;101.976;
1900-01-01 12:03:21;72.0;1745719401;100.693;102.387;97.133;102.083;
1900-01-01 12:03:22;73.0;1745719402;100.756;102.394;97.133;102.083;
1900-01-01 12:03:23;74.0;1745719403;100.739;102.394;97.173;101.999;
1900-01-01 12:03:24;75.0;1745719404;100.739;102.405;97.261;101.999;
1900-01-01 12:03:25;76.0;1745719405;100.751;102.468;97.261;102.052;
1900-01-01 12:03:26;77.0;1745719406;100.715;102.468;97.249;102.013;
1900-01-01 12:03:27;78.0;1745719407;100.715;102.39;97.243;102.013;
1900-01-01 12:03:28;79.0;1745719408;100.721;102.442;97.243;101.944;
1900-01-01 12:03:29;80.0;1745719409;100.721;102.442;97.274;101.928;
1900-01-01 12:03:30;81.0;1745719410;100.722;102.509;97.273;101.928;
1900-01-01 12:03:31;82.0;1745719411;100.602;102.463;97.273;102.047;
1900-01-01 12:03:32;83.0;1745719412;100.602;102.463;97.293;102.112;
1900-01-01 12:03:33;84.0;1745719413;100.624;102.497;97.195;102.112;
1900-01-01 12:03:34;85.0;1745719414;100.686;102.497;97.195;102.126;
1900-01-01 12:03:35;86.0;1745719415;100.686;102.417;97.176;102.046;
1900-01-01 12:03:36;87.0;1745719416;100.754;102.419;97.176;102.046;
1900-01-01 12:03:37;88.0;1745719417;100.681;102.419;97.142;102.045;
1900-01-01 12:03:38;89.0;1745719418;100.681;102.437;97.138;102.039;
1900-01-01 12:03:39;90.0;1745719419;100.761;102.502;97.138;102.039;
1900-01-01 12:03:40;91.0;1745719420;100.798;102.502;97.113;101.942;
1900-01-01 12:03:41;92.0;1745719421;100.798;102.409;97.124;101.999;
1900-01-01 12:03:42;93.0;1745719422;100.867;102.541;97.124;101.999;
1900-01-01 12:03:43;94.0;1745719423;100.867;102.541;97.134;102.046;
1900-01-01 12:03:44;95.0;1745719424;100.943;102.542;97.166;102.03;
1900-01-01 12:03:45;96.0;1745719425;100.854;102.469;97.166;102.03;
1900-01-01 12:03:46;97.0;1745719426;100.854;102.469;97.154;102.033;
1900-01-01 12:03:48;98.0;1745719428;100.812;102.487;97.109;102.002;
1900-01-01 12:03:48;99.0;1745719428;100.888;102.487;97.109;102.002;
1900-01-01 12:03:49;100.0;1745719429;100.888;102.481;97.261;102.035;
1900-01-01 12:03:50;101.0;1745719430;100.911;102.508;97.233;102.035;
1900-01-01 12:03:52;102.0;1745719432;100.883;102.412;97.233;101.94;
1900-01-01 12:03:52;103.0;1745719432;100.883;102.412;97.21;101.972;
1900-01-01 12:03:53;104.0;1745719433;100.831;102.451;97.226;101.972;
1900-01-01 12:03:54;105.0;1745719434;100.753;102.451;97.226;102.019;
1900-01-01 12:03:55;106.0;1745719435;100.753;102.432;97.248;102.014;
1900-01-01 12:03:56;107.0;1745719436;100.75;102.506;97.248;102.014;
1900-01-01 12:03:57;108.0;1745719437;100.816;102.506;97.22;102.08;
1900-01-01 12:03:58;109.0;1745719438;100.816;102.388;97.054;102.068;
1900-01-01 12:03:59;110.0;1745719439;100.666;102.521;97.054;102.068;
1900-01-01 12:04:00;111.0;1745719440;100.694;102.521;97.043;102.013;
1900-01-01 12:04:01;112.0;1745719441;100.694;102.371;96.981;102.055;
1900-01-01 12:04:02;113.0;1745719442;100.619;102.446;96.981;102.055;
1900-01-01 12:04:03;114.0;1745719443;100.689;102.446;97.004;101.94;
1900-01-01 12:04:04;115.0;1745719444;100.689;102.413;97.074;102.053;
1900-01-01 12:04:05;116.0;1745719445;100.618;102.381;97.074;102.053;
1900-01-01 12:04:06;117.0;1745719446;100.618;102.381;97.076;102.073;
1900-01-01 12:04:07;118.0;1745719447;100.69;102.298;97.02;102.0;
1900-01-01 12:04:08;119.0;1745719448;100.659;102.372;97.02;102.0;
1900-01-01 12:04:09;120.0;1745719449;100.664;102.372;97.045;102.001;
1900-01-01 12:04:10;121.0;1745719450;100.664;102.372;97.012;102.008;
1900-01-01 12:04:11;122.0;1745719451;100.724;102.27;97.012;102.008;
1900-01-01 12:04:12;123.0;1745719452;100.724;102.27;96.995;102.029;
1900-01-01 12:04:13;124.0;1745719453;100.633;102.237;96.926;102.029;
1900-01-01 12:04:14;125.0;1745719454;100.725;102.253;96.926;101.919;
1900-01-01 12:04:15;126.0;1745719455;100.714;102.253;96.932;102.029;
1900-01-01 12:04:16;127.0;1745719456;100.714;102.202;96.922;102.029;
1900-01-01 12:04:17;128.0;1745719457;100.67;102.238;96.922;102.001;
1900-01-01 12:04:18;129.0;1745719458;100.67;102.238;96.99;101.93;
1900-01-01 12:04:19;130.0;1745719459;100.753;102.274;97.028;102.062;
1900-01-01 12:04:20;131.0;1745719460;100.782;102.276;97.028;102.062;
1900-01-01 12:04:21;132.0;1745719461;100.782;102.276;97.071;102.018;
1900-01-01 12:04:22;133.0;1745719462;100.73;102.275;97.151;102.018;
1900-01-01 12:04:23;134.0;1745719463;100.743;102.264;97.151;102.012;
1900-01-01 12:04:24;135.0;1745719464;100.743;102.264;97.049;102.052;
1900-01-01 12:04:25;136.0;1745719465;100.751;102.335;97.023;102.052;
1900-01-01 12:04:27;137.0;1745719467;100.685;102.178;97.023;101.968;
1900-01-01 12:04:27;138.0;1745719467;100.685;102.178;96.962;102.084;
1900-01-01 12:04:28;139.0;1745719468;100.661;102.355;96.929;102.084;
1900-01-01 12:04:29;140.0;1745719469;100.672;102.241;96.929;102.061;
1900-01-01 12:04:30;141.0;1745719470;100.672;102.241;96.936;102.08;
1900-01-01 12:04:31;142.0;1745719471;100.721;102.262;97.004;102.08;
1900-01-01 12:04:32;143.0;1745719472;100.675;102.262;97.004;102.015;
1900-01-01 12:04:33;144.0;1745719473;100.675;102.237;96.938;102.047;
1900-01-01 12:04:35;145.0;1745719475;100.717;102.241;97.032;102.047;
1900-01-01 12:04:35;146.0;1745719475;100.656;102.241;97.032;102.104;
1900-01-01 12:04:36;147.0;1745719476;100.656;102.231;97.06;102.043;
1900-01-01 12:04:38;148.0;1745719478;100.726;102.277;97.144;102.043;
1900-01-01 12:04:38;149.0;1745719478;100.762;102.277;97.144;102.014;
1900-01-01 12:04:39;150.0;1745719479;100.762;102.32;97.045;102.112;
1900-01-01 12:04:41;151.0;1745719481;100.778;102.251;97.028;102.112;
1900-01-01 12:04:41;152.0;1745719481;100.681;102.251;97.028;102.004;
1900-01-01 12:04:42;153.0;1745719482;100.681;102.285;96.911;102.011;
1900-01-01 12:04:43;154.0;1745719483;100.744;102.369;96.911;102.011;
1900-01-01 12:04:44;155.0;1745719484;100.744;102.369;96.845;102.056;
1900-01-01 12:04:45;156.0;1745719485;100.696;102.368;96.931;102.056;
1900-01-01 12:04:46;157.0;1745719486;100.656;102.368;96.931;102.039;
1900-01-01 12:04:47;158.0;1745719487;100.656;102.313;96.92;101.985;
1900-01-01 12:04:49;159.0;1745719489;100.663;102.239;96.914;101.985;
1900-01-01 12:04:49;160.0;1745719489;100.73;102.239;96.914;102.051;
1900-01-01 12:04:50;161.0;1745719490;100.73;102.33;96.883;102.059;
1900-01-01 12:04:51;162.0;1745719491;100.72;102.276;96.799;102.059;
1900-01-01 12:04:52;163.0;1745719492;100.712;102.276;96.799;102.053;
1900-01-01 12:04:53;164.0;1745719493;100.712;102.322;96.762;101.976;
1900-01-01 12:04:54;165.0;1745719494;100.738;102.294;96.84;101.976;
1900-01-01 12:04:55;166.0;1745719495;100.715;102.294;96.84;102.009;
1900-01-01 12:04:56;167.0;1745719496;100.715;102.328;96.897;102.009;
1900-01-01 12:04:57;168.0;1745719497;100.653;102.3;96.897;102.094;
1900-01-01 12:04:58;169.0;1745719498;100.65;102.3;96.945;102.111;
1900-01-01 12:04:59;170.0;1745719499;100.65;102.324;96.853;102.004;
1900-01-01 12:05:00;171.0;1745719500;100.624;102.321;96.853;102.004;
1900-01-01 12:05:01;172.0;1745719501;100.624;102.321;96.804;102.101;
1900-01-01 12:05:02;173.0;1745719502;100.628;102.4;96.708;102.101;
1900-01-01 12:05:03;174.0;1745719503;100.594;102.339;96.708;102.09;
1900-01-01 12:05:04;175.0;1745719504;100.625;102.339;96.745;101.94;
1900-01-01 12:05:05;176.0;1745719505;100.625;102.483;96.629;101.94;
1900-01-01 12:05:06;177.0;1745719506;100.656;102.462;96.629;102.082;
1900-01-01 12:05:07;178.0;1745719507;100.656;102.462;96.559;102.024;
1900-01-01 12:05:08;179.0;1745719508;100.677;102.397;96.57;102.024;
1900-01-01 12:05:09;180.0;1745719509;100.633;102.397;96.57;102.031;
1900-01-01 12:05:10;181.0;1745719510;100.633;102.412;96.728;101.959;
1900-01-01 12:05:11;182.0;1745719511;100.651;102.37;96.845;101.959;
1900-01-01 12:05:13;183.0;1745719513;100.663;102.355;96.845;102.023;
1900-01-01 12:05:13;184.0;1745719513;100.663;102.355;96.942;102.049;
1900-01-01 12:05:15;185.0;1745719515;100.731;102.394;97.0;102.049;
1900-01-01 12:05:15;186.0;1745719515;100.742;102.394;97.0;102.002;
1900-01-01 12:05:16;187.0;1745719516;100.742;102.342;97.002;102.016;
1900-01-01 12:05:17;188.0;1745719517;100.782;102.42;97.002;102.016;
1900-01-01 12:05:18;189.0;1745719518;100.747;102.42;96.955;101.972;
1900-01-01 12:05:19;190.0;1745719519;100.747;102.303;97.028;101.982;
1900-01-01 12:05:20;191.0;1745719520;100.657;102.313;97.028;101.982;
1900-01-01 12:05:21;192.0;1745719521;100.718;102.313;96.951;101.982;
1900-01-01 12:05:22;193.0;1745719522;100.718;102.322;96.875;101.982;
1900-01-01 12:05:23;194.0;1745719523;100.649;102.326;96.875;102.074;
1900-01-01 12:05:25;195.0;1745719525;100.598;102.326;96.836;102.055;
1900-01-01 12:05:25;196.0;1745719525;100.598;102.302;96.869;102.055;
1900-01-01 12:05:26;197.0;1745719526;100.656;102.372;96.869;101.997;
1900-01-01 12:05:27;198.0;1745719527;100.656;102.372;96.858;102.0;
1900-01-01 12:05:28;199.0;1745719528;100.641;102.335;96.815;102.0;
1900-01-01 12:05:29;200.0;1745719529;100.633;102.361;96.815;102.026;
1900-01-01 12:05:30;201.0;1745719530;100.633;102.361;96.792;101.906;
1900-01-01 12:05:31;202.0;1745719531;100.677;102.393;96.891;101.906;
1900-01-01 12:05:33;203.0;1745719533;100.758;102.361;96.891;101.923;
1900-01-01 12:05:33;204.0;1745719533;100.758;102.361;96.887;101.951;
1900-01-01 12:05:34;205.0;1745719534;100.665;102.366;96.954;101.951;
1900-01-01 12:05:35;206.0;1745719535;100.734;102.31;96.954;102.019;
1900-01-01 12:05:36;207.0;1745719536;100.734;102.31;96.874;102.014;
1900-01-01 12:05:37;208.0;1745719537;100.664;102.403;96.859;102.014;
1900-01-01 12:05:38;209.0;1745719538;100.625;102.403;96.859;101.941;
1900-01-01 12:05:39;210.0;1745719539;100.625;102.362;96.787;101.999;
1900-01-01 12:05:40;211.0;1745719540;100.595;102.332;96.787;101.999;
1900-01-01 12:05:41;212.0;1745719541;100.596;102.332;96.726;101.986;
1900-01-01 12:05:42;213.0;1745719542;100.596;102.415;96.716;102.034;
1900-01-01 12:05:43;214.0;1745719543;100.544;102.278;96.716;102.034;
1900-01-01 12:05:44;215.0;1745719544;100.583;102.278;96.629;101.949;
1900-01-01 12:05:45;216.0;1745719545;100.583;102.376;96.666;101.949;
1900-01-01 12:05:46;217.0;1745719546;100.641;102.314;96.666;101.988;
1900-01-01 12:05:47;218.0;1745719547;100.594;102.314;96.633;101.967;
1900-01-01 12:05:48;219.0;1745719548;100.594;102.346;96.688;101.967;
1900-01-01 12:05:49;220.0;1745719549;100.674;102.278;96.688;102.032;
1900-01-01 12:05:50;221.0;1745719550;100.674;102.278;96.649;102.028;
1900-01-01 12:05:51;222.0;1745719551;100.653;102.28;96.608;102.028;
1900-01-01 12:05:52;223.0;1745719552;100.699;102.293;96.608;101.997;
1900-01-01 12:05:53;224.0;1745719553;100.699;102.293;96.65;102.006;
1900-01-01 12:05:54;225.0;1745719554;100.681;102.289;96.582;102.006;
1900-01-01 12:05:55;226.0;1745719555;100.719;102.289;96.582;102.004;
1900-01-01 12:05:56;227.0;1745719556;100.719;102.282;96.661;101.926;
1900-01-01 12:05:57;228.0;1745719557;100.686;102.374;96.661;101.926;
1900-01-01 12:05:58;229.0;1745719558;100.724;102.374;96.572;101.961;
1900-01-01 12:05:59;230.0;1745719559;100.724;102.354;96.608;101.951;
1900-01-01 12:06:00;231.0;1745719560;100.607;102.392;96.531;101.951;
1900-01-01 12:06:01;232.0;1745719561;100.607;102.392;96.531;101.967;
1900-01-01 12:06:02;233.0;1745719562;100.606;102.343;96.63;101.938;
1900-01-01 12:06:03;234.0;1745719563;100.484;102.353;96.63;101.938;
1900-01-01 12:06:05;235.0;1745719565;100.528;102.353;96.609;102.056;
1900-01-01 12:06:05;236.0;1745719565;100.528;102.365;96.559;102.056;
1900-01-01 12:06:06;237.0;1745719566;100.504;102.315;96.559;101.949;
1900-01-01 12:06:07;238.0;1745719567;100.515;102.315;96.48;101.997;
1900-01-01 12:06:08;239.0;1745719568;100.515;102.287;96.473;101.997;
1900-01-01 12:06:09;240.0;1745719569;100.513;102.348;96.473;101.937;
1900-01-01 12:06:10;241.0;1745719570;100.516;102.348;96.38;101.99;
1900-01-01 12:06:11;242.0;1745719571;100.516;102.458;96.481;102.054;
1900-01-01 12:06:12;243.0;1745719572;100.552;102.369;96.481;102.054;
1900-01-01 12:06:13;244.0;1745719573;100.552;102.369;96.544;101.968;
1900-01-01 12:06:14;245.0;1745719574;100.513;102.372;96.595;101.968;
1900-01-01 12:06:16;246.0;1745719576;100.519;102.3;96.595;102.03;
1900-01-01 12:06:16;247.0;1745719576;100.519;102.3;96.673;101.982;
1900-01-01 12:06:17;248.0;1745719577;100.54;102.367;96.671;101.982;
1900-01-01 12:06:18;249.0;1745719578;100.475;102.358;96.671;101.943;
1900-01-01 12:06:19;250.0;1745719579;100.475;102.358;96.573;101.999;
1900-01-01 12:06:20;251.0;1745719580;100.481;102.396;96.573;101.999;
1900-01-01 12:06:21;252.0;1745719581;100.567;102.396;96.522;101.983;
1900-01-01 12:06:22;253.0;1745719582;100.567;102.319;96.568;102.005;
1900-01-01 12:06:23;254.0;1745719583;100.707;102.316;96.568;102.005;
1900-01-01 12:06:24;255.0;1745719584;100.594;102.316;96.498;101.976;
1900-01-01 12:06:25;256.0;1745719585;100.594;102.33;96.555;102.099;
1900-01-01 12:06:26;257.0;1745719586;100.585;102.425;96.565;102.099;
1900-01-01 12:06:27;258.0;1745719587;100.669;102.425;96.565;102.039;
1900-01-01 12:06:28;259.0;1745719588;100.669;102.472;96.63;102.015;
1900-01-01 12:06:29;260.0;1745719589;100.608;102.364;96.63;102.015;
1900-01-01 12:06:30;261.0;1745719590;100.576;102.364;96.703;102.053;
1900-01-01 12:06:31;262.0;1745719591;100.576;102.414;96.746;102.053;
1900-01-01 12:06:32;263.0;1745719592;100.51;102.438;96.746;102.022;
1900-01-01 12:06:33;264.0;1745719593;100.546;102.438;96.681;102.028;
1900-01-01 12:06:34;265.0;1745719594;100.546;102.367;96.712;102.028;
1900-01-01 12:06:35;266.0;1745719595;100.498;102.367;96.712;101.936;
1900-01-01 12:06:36;267.0;1745719596;100.498;102.365;96.66;102.074;
1900-01-01 12:06:37;268.0;1745719597;100.641;102.358;96.638;102.074;
1900-01-01 12:06:38;269.0;1745719598;100.59;102.358;96.638;102.055;
1900-01-01 12:06:39;270.0;1745719599;100.59;102.35;96.573;101.897;
1900-01-01 12:06:40;271.0;1745719600;100.55;102.298;96.508;101.897;
1900-01-01 12:06:41;272.0;1745719601;100.584;102.381;96.508;101.996;
1900-01-01 12:06:42;273.0;1745719602;100.584;102.381;96.556;101.929;
1900-01-01 12:06:43;274.0;1745719603;100.621;102.323;96.607;101.929;
1900-01-01 12:06:44;275.0;1745719604;100.579;102.323;96.607;101.994;
1900-01-01 12:06:45;276.0;1745719605;100.579;102.328;96.574;101.909;
1900-01-01 12:06:46;277.0;1745719606;100.546;102.328;96.617;101.909;
1900-01-01 12:06:47;278.0;1745719607;100.662;102.328;96.617;101.94;
1900-01-01 12:06:48;279.0;1745719608;100.662;102.323;96.605;101.89;
1900-01-01 12:06:49;280.0;1745719609;100.623;102.302;96.605;101.89;
1900-01-01 12:06:50;281.0;1745719610;100.613;102.302;96.517;101.968;
1900-01-01 12:06:51;282.0;1745719611;100.613;102.289;96.422;102.056;
1900-01-01 12:06:52;283.0;1745719612;100.588;102.34;96.422;102.056;
1900-01-01 12:06:53;284.0;1745719613;100.635;102.34;96.478;101.992;
1900-01-01 12:06:54;285.0;1745719614;100.635;102.327;96.505;101.978;
1900-01-01 12:06:55;286.0;1745719615;100.654;102.263;96.505;101.978;
1900-01-01 12:06:56;287.0;1745719616;100.542;102.263;96.454;101.963;
1900-01-01 12:06:57;288.0;1745719617;100.542;102.37;96.503;102.025;
1900-01-01 12:06:58;289.0;1745719618;100.42;102.262;96.503;102.025;
1900-01-01 12:06:59;290.0;1745719619;100.42;102.262;96.442;102.058;
1900-01-01 12:07:00;291.0;1745719620;100.418;102.261;96.548;102.058;
1900-01-01 12:07:01;292.0;1745719621;100.419;102.225;96.548;101.956;
1900-01-01 12:07:02;293.0;1745719622;100.419;102.225;96.574;102.045;
1900-01-01 12:07:03;294.0;1745719623;100.374;102.203;96.479;102.045;
1900-01-01 12:07:04;295.0;1745719624;100.477;102.277;96.479;101.915;
1900-01-01 12:07:05;296.0;1745719625;100.477;102.277;96.444;102.005;
1900-01-01 12:07:06;297.0;1745719626;100.519;102.279;96.397;102.005;
1900-01-01 12:07:07;298.0;1745719627;100.521;102.279;96.397;102.025;
1900-01-01 12:07:08;299.0;1745719628;100.521;102.268;96.408;102.015;
1900-01-01 12:07:09;300.0;1745719629;100.47;102.168;96.408;102.015;
1900-01-01 12:07:10;301.0;1745719630;100.45;102.168;96.385;101.965;
1900-01-01 12:07:11;302.0;1745719631;100.45;102.19;96.398;101.965;
1900-01-01 12:07:12;303.0;1745719632;100.509;102.261;96.398;102.02;
1900-01-01 12:07:13;304.0;1745719633;100.551;102.261;96.46;102.006;
1900-01-01 12:07:14;305.0;1745719634;100.551;102.155;96.406;101.913;
1900-01-01 12:07:15;306.0;1745719635;100.483;102.255;96.406;101.913;
1900-01-01 12:07:16;307.0;1745719636;100.483;102.255;96.334;102.004;
1900-01-01 12:07:17;308.0;1745719637;100.488;102.194;96.417;102.078;
1900-01-01 12:07:19;309.0;1745719639;100.428;102.165;96.417;102.078;
1900-01-01 12:07:19;310.0;1745719639;100.428;102.165;96.414;102.098;
1900-01-01 12:07:20;311.0;1745719640;100.45;102.175;96.425;102.098;
1900-01-01 12:07:21;312.0;1745719641;100.487;102.164;96.425;102.017;
1900-01-01 12:07:22;313.0;1745719642;100.487;102.164;96.43;102.035;
1900-01-01 12:07:23;314.0;1745719643;100.491;102.167;96.465;102.035;
1900-01-01 12:07:24;315.0;1745719644;100.57;102.21;96.465;101.923;
1900-01-01 12:07:25;316.0;1745719645;100.57;102.21;96.433;102.002;
1900-01-01 12:07:26;317.0;1745719646;100.665;102.221;96.441;102.002;
1900-01-01 12:07:27;318.0;1745719647;100.547;102.221;96.441;101.979;
1900-01-01 12:07:28;319.0;1745719648;100.547;102.287;96.471;101.943;
1900-01-01 12:07:29;320.0;1745719649;100.615;102.368;96.471;101.943;
1900-01-01 12:07:30;321.0;1745719650;100.586;102.368;96.436;102.023;
1900-01-01 12:07:31;322.0;1745719651;100.586;102.33;96.476;102.013;
1900-01-01 12:07:32;323.0;1745719652;100.667;102.311;96.476;102.013;
1900-01-01 12:07:33;324.0;1745719653;100.558;102.311;96.39;102.056;
1900-01-01 12:07:34;325.0;1745719654;100.558;102.182;96.358;101.993;
1900-01-01 12:07:36;326.0;1745719656;100.492;102.221;96.316;101.993;
1900-01-01 12:07:36;327.0;1745719656;100.503;102.221;96.316;101.891;
1900-01-01 12:07:37;328.0;1745719657;100.503;102.287;96.276;101.934;
1900-01-01 12:07:38;329.0;1745719658;100.457;102.296;96.276;101.934;
1900-01-01 12:07:39;330.0;1745719659;100.457;102.296;96.344;101.987;
1900-01-01 12:07:40;331.0;1745719660;100.61;102.255;96.448;101.987;
1900-01-01 12:07:41;332.0;1745719661;100.448;102.295;96.448;101.872;
1900-01-01 12:07:42;333.0;1745719662;100.448;102.295;96.4;101.855;
1900-01-01 12:07:43;334.0;1745719663;100.485;102.319;96.394;101.855;
1900-01-01 12:07:44;335.0;1745719664;100.409;102.289;96.394;102.021;
1900-01-01 12:07:45;336.0;1745719665;100.409;102.289;96.421;101.946;
1900-01-01 12:07:46;337.0;1745719666;100.436;102.297;96.281;101.946;
1900-01-01 12:07:47;338.0;1745719667;100.437;102.297;96.281;101.969;
1900-01-01 12:07:48;339.0;1745719668;100.437;102.247;96.218;101.951;
1900-01-01 12:07:49;340.0;1745719669;100.421;102.214;96.33;101.951;
1900-01-01 12:07:50;341.0;1745719670;100.343;102.214;96.33;102.046;
1900-01-01 12:07:51;342.0;1745719671;100.343;102.165;96.295;101.931;
1900-01-01 12:07:52;343.0;1745719672;100.33;102.126;96.284;101.931;
1900-01-01 12:07:53;344.0;1745719673;100.383;102.126;96.284;102.039;
1900-01-01 12:07:54;345.0;1745719674;100.383;102.203;96.315;101.953;
1900-01-01 12:07:55;346.0;1745719675;100.366;102.19;96.315;101.953;
1900-01-01 12:07:56;347.0;1745719676;100.411;102.19;96.356;101.96;
1900-01-01 12:07:57;348.0;1745719677;100.411;102.227;96.361;102.099;
1900-01-01 12:07:58;349.0;1745719678;100.439;102.208;96.361;102.099;
1900-01-01 12:07:59;350.0;1745719679;100.485;102.208;96.359;101.971;
1900-01-01 12:08:00;351.0;1745719680;100.485;102.186;96.38;101.951;
1900-01-01 12:08:01;352.0;1745719681;100.393;102.161;96.38;101.951;
1900-01-01 12:08:02;353.0;1745719682;100.393;102.161;96.381;101.911;
1900-01-01 12:08:03;354.0;1745719683;100.445;102.18;96.344;101.986;
1900-01-01 12:08:04;355.0;1745719684;100.409;102.18;96.344;101.986;
1900-01-01 12:08:05;356.0;1745719685;100.409;102.202;96.264;102.034;
1900-01-01 12:08:06;357.0;1745719686;100.373;102.234;96.318;102.034;
1900-01-01 12:08:07;358.0;1745719687;100.4;102.234;96.318;102.018;
1900-01-01 12:08:08;359.0;1745719688;100.4;102.176;96.321;101.952;
1900-01-01 12:08:09;360.0;1745719689;100.332;102.141;96.354;101.952;
1900-01-01 12:08:10;361.0;1745719690;100.314;102.141;96.354;102.009;
1900-01-01 12:08:11;362.0;1745719691;100.314;102.179;96.333;101.918;
1900-01-01 12:08:12;363.0;1745719692;100.355;102.099;96.349;101.918;
1900-01-01 12:08:13;364.0;1745719693;100.358;102.099;96.349;102.001;
1900-01-01 12:08:14;365.0;1745719694;100.358;102.155;96.213;102.027;
1900-01-01 12:08:16;366.0;1745719696;100.284;102.127;96.126;102.027;
1900-01-01 12:08:16;367.0;1745719696;100.353;102.127;96.126;102.023;
1900-01-01 12:08:17;368.0;1745719697;100.353;102.097;96.072;102.033;
1900-01-01 12:08:18;369.0;1745719698;100.381;102.132;96.072;102.033;
1900-01-01 12:08:19;370.0;1745719699;100.381;102.132;96.111;101.974;
1900-01-01 12:08:20;371.0;1745719700;100.419;102.11;96.066;102.039;
1900-01-01 12:08:21;372.0;1745719701;100.437;102.189;96.066;102.039;
1900-01-01 12:08:22;373.0;1745719702;100.437;102.189;96.099;101.97;
1900-01-01 12:08:23;374.0;1745719703;100.424;102.134;96.036;101.97;
1900-01-01 12:08:24;375.0;1745719704;100.396;102.203;96.036;101.991;
1900-01-01 12:08:25;376.0;1745719705;100.396;102.203;96.09;101.977;
1900-01-01 12:08:26;377.0;1745719706;100.512;102.098;96.225;101.977;
1900-01-01 12:08:27;378.0;1745719707;100.433;102.098;96.225;101.949;
1900-01-01 12:08:28;379.0;1745719708;100.433;102.167;96.266;101.912;
1900-01-01 12:08:29;380.0;1745719709;100.494;102.192;96.225;101.912;
1900-01-01 12:08:30;381.0;1745719710;100.482;102.184;96.225;101.988;
1900-01-01 12:08:31;382.0;1745719711;100.482;102.184;96.209;102.005;
1900-01-01 12:08:32;383.0;1745719712;100.449;102.092;96.051;102.005;
1900-01-01 12:08:33;384.0;1745719713;100.391;102.092;96.051;101.982;
1900-01-01 12:08:34;385.0;1745719714;100.391;102.123;96.113;101.929;
1900-01-01 12:08:35;386.0;1745719715;100.37;102.125;96.113;101.929;
1900-01-01 12:08:36;387.0;1745719716;100.355;102.125;96.053;101.881;
1900-01-01 12:08:37;388.0;1745719717;100.355;102.176;96.077;101.952;
1900-01-01 12:08:38;389.0;1745719718;100.371;102.251;96.077;101.952;
1900-01-01 12:08:39;390.0;1745719719;100.372;102.251;96.093;101.941;
1900-01-01 12:08:40;391.0;1745719720;100.372;102.207;96.07;101.941;
1900-01-01 12:08:41;392.0;1745719721;100.361;102.245;96.07;101.936;
1900-01-01 12:08:42;393.0;1745719722;100.368;102.245;96.039;102.032;
1900-01-01 12:08:43;394.0;1745719723;100.368;102.138;95.99;102.032;
1900-01-01 12:08:44;395.0;1745719724;100.309;102.194;95.99;101.916;
1900-01-01 12:08:45;396.0;1745719725;100.309;102.194;95.958;101.933;
1900-01-01 12:08:46;397.0;1745719726;100.281;102.141;95.957;101.933;
1900-01-01 12:08:47;398.0;1745719727;100.319;102.23;95.957;101.972;
1900-01-01 12:08:48;399.0;1745719728;100.319;102.23;96.111;101.998;
1900-01-01 12:08:49;400.0;1745719729;100.421;102.179;96.206;101.998;
1900-01-01 12:08:50;401.0;1745719730;100.387;102.179;96.206;101.918;
1900-01-01 12:08:51;402.0;1745719731;100.387;102.164;96.174;101.869;
1900-01-01 12:08:52;403.0;1745719732;100.463;102.092;96.174;101.869;
1900-01-01 12:08:53;404.0;1745719733;100.442;102.092;96.217;101.961;
1900-01-01 12:08:54;405.0;1745719734;100.442;102.15;96.16;102.003;
1900-01-01 12:08:55;406.0;1745719735;100.364;102.16;96.16;102.003;
1900-01-01 12:08:56;407.0;1745719736;100.36;102.16;96.06;101.93;
1900-01-01 12:08:57;408.0;1745719737;100.36;102.22;96.221;102.013;
1900-01-01 12:08:58;409.0;1745719738;100.358;102.214;96.221;102.013;
1900-01-01 12:08:59;410.0;1745719739;100.223;102.214;96.288;102.036;
1900-01-01 12:09:00;411.0;1745719740;100.223;102.173;96.125;101.927;
1900-01-01 12:09:01;412.0;1745719741;100.296;102.198;96.125;101.927;
1900-01-01 12:09:02;413.0;1745719742;100.296;102.198;96.124;101.988;
1900-01-01 12:09:03;414.0;1745719743;100.246;102.155;96.179;101.988;
1900-01-01 12:09:04;415.0;1745719744;100.248;102.107;96.179;102.01;
1900-01-01 12:09:05;416.0;1745719745;100.28;102.107;96.203;101.963;
1900-01-01 12:09:07;417.0;1745719747;100.28;102.165;96.15;101.95;
1900-01-01 12:09:07;418.0;1745719747;100.288;102.215;96.15;101.95;
1900-01-01 12:09:08;419.0;1745719748;100.288;102.215;96.06;101.95;
1900-01-01 12:09:09;420.0;1745719749;100.316;102.084;96.127;102.0;
1900-01-01 12:09:10;421.0;1745719750;100.302;102.183;96.127;102.0;
1900-01-01 12:09:11;422.0;1745719751;100.234;102.183;96.188;101.977;
1900-01-01 12:09:12;423.0;1745719752;100.234;102.061;96.163;101.977;
1900-01-01 12:09:13;424.0;1745719753;100.323;102.27;96.163;101.995;
1900-01-01 12:09:14;425.0;1745719754;100.323;102.27;96.104;102.016;
1900-01-01 12:09:15;426.0;1745719755;100.33;102.129;96.055;101.962;
1900-01-01 12:09:16;427.0;1745719756;100.278;102.151;96.055;101.962;
1900-01-01 12:09:17;428.0;1745719757;100.278;102.151;96.103;102.026;
1900-01-01 12:09:18;429.0;1745719758;100.288;102.179;96.126;102.026;
1900-01-01 12:09:19;430.0;1745719759;100.288;102.119;96.126;101.916;
1900-01-01 12:09:20;431.0;1745719760;100.325;102.119;95.998;101.964;
1900-01-01 12:09:21;432.0;1745719761;100.325;102.16;95.944;102.045;
1900-01-01 12:09:22;433.0;1745719762;100.283;102.212;95.944;102.045;
1900-01-01 12:09:23;434.0;1745719763;100.283;102.212;95.936;101.952;
1900-01-01 12:09:24;435.0;1745719764;100.212;102.168;96.014;101.952;
1900-01-01 12:09:25;436.0;1745719765;100.28;102.168;96.014;101.937;
1900-01-01 12:09:26;437.0;1745719766;100.28;102.149;96.064;102.006;
1900-01-01 12:09:27;438.0;1745719767;100.247;102.166;96.034;102.006;
1900-01-01 12:09:28;439.0;1745719768;100.209;102.166;96.034;101.991;
1900-01-01 12:09:29;440.0;1745719769;100.209;102.207;96.05;102.015;
1900-01-01 12:09:31;441.0;1745719771;100.234;102.101;96.112;102.015;
1900-01-01 12:09:31;442.0;1745719771;100.234;102.101;96.112;101.977;
1900-01-01 12:09:32;443.0;1745719772;100.234;102.151;96.082;102.02;
1900-01-01 12:09:33;444.0;1745719773;100.177;102.149;96.082;102.02;
1900-01-01 12:09:34;445.0;1745719774;100.25;102.149;96.044;102.0;
1900-01-01 12:09:35;446.0;1745719775;100.25;102.192;96.074;101.949;
1900-01-01 12:09:36;447.0;1745719776;100.251;102.079;95.98;101.949;
1900-01-01 12:09:37;448.0;1745719777;100.276;102.079;95.98;101.96;
1900-01-01 12:09:38;449.0;1745719778;100.276;102.113;95.893;101.995;
1900-01-01 12:09:39;450.0;1745719779;100.225;102.115;95.893;101.995;
1900-01-01 12:09:40;451.0;1745719780;100.327;102.115;95.943;102.038;
1900-01-01 12:09:42;452.0;1745719782;100.327;102.192;95.876;102.042;
1900-01-01 12:09:42;453.0;1745719782;100.221;102.103;95.876;102.042;
1900-01-01 12:09:43;454.0;1745719783;100.217;102.103;95.904;101.946;
1900-01-01 12:09:44;455.0;1745719784;100.217;102.19;95.902;101.946;
1900-01-01 12:09:45;456.0;1745719785;100.266;102.114;95.902;101.969;
1900-01-01 12:09:46;457.0;1745719786;100.132;102.114;95.894;101.96;
1900-01-01 12:09:47;458.0;1745719787;100.132;102.196;95.889;101.96;
1900-01-01 12:09:48;459.0;1745719788;100.191;102.165;95.889;101.964;
1900-01-01 12:09:49;460.0;1745719789;100.191;102.165;95.858;102.027;
1900-01-01 12:09:50;461.0;1745719790;100.181;102.101;95.913;102.027;
1900-01-01 12:09:51;462.0;1745719791;100.209;102.101;95.913;102.026;
1900-01-01 12:09:52;463.0;1745719792;100.209;102.18;95.888;101.969;
1900-01-01 12:09:53;464.0;1745719793;100.201;102.147;95.857;101.969;
1900-01-01 12:09:54;465.0;1745719794;100.183;102.147;95.857;101.958;
1900-01-01 12:09:55;466.0;1745719795;100.183;102.065;95.881;101.953;
1900-01-01 12:09:56;467.0;1745719796;100.234;102.138;95.881;101.953;
1900-01-01 12:09:57;468.0;1745719797;100.167;102.138;95.89;102.036;
1900-01-01 12:09:58;469.0;1745719798;100.167;102.133;95.903;101.971;
1900-01-01 12:09:59;470.0;1745719799;100.202;102.089;95.903;101.971;
1900-01-01 12:10:00;471.0;1745719800;100.214;102.089;95.938;102.046;
1900-01-01 12:10:01;472.0;1745719801;100.214;102.135;96.034;102.001;
1900-01-01 12:10:02;473.0;1745719802;100.189;102.144;96.034;102.001;
1900-01-01 12:10:03;474.0;1745719803;100.227;102.144;95.924;102.05;
1900-01-01 12:10:04;475.0;1745719804;100.227;102.078;95.861;101.987;
1900-01-01 12:10:05;476.0;1745719805;100.214;102.069;95.861;101.987;
1900-01-01 12:10:06;477.0;1745719806;100.214;102.069;95.832;102.012;
1900-01-01 12:10:07;478.0;1745719807;100.213;101.992;95.894;102.012;
1900-01-01 12:10:08;479.0;1745719808;100.18;102.048;95.894;102.072;
1900-01-01 12:10:09;480.0;1745719809;100.18;102.048;95.837;101.979;
1900-01-01 12:10:10;481.0;1745719810;100.153;101.995;95.831;101.979;
1900-01-01 12:10:11;482.0;1745719811;100.101;102.003;95.831;101.959;
1900-01-01 12:10:12;483.0;1745719812;100.101;102.003;95.784;102.038;
1900-01-01 12:10:13;484.0;1745719813;100.175;102.072;95.792;102.038;
1900-01-01 12:10:14;485.0;1745719814;100.126;102.015;95.792;101.997;
1900-01-01 12:10:15;486.0;1745719815;100.126;102.015;95.752;102.097;
1900-01-01 12:10:16;487.0;1745719816;100.147;102.098;95.865;102.097;
1900-01-01 12:10:17;488.0;1745719817;100.163;102.098;95.865;102.083;
1900-01-01 12:10:18;489.0;1745719818;100.163;102.047;95.966;101.979;
1900-01-01 12:10:19;490.0;1745719819;100.124;102.018;95.947;101.979;
1900-01-01 12:10:20;491.0;1745719820;100.203;102.018;95.947;101.976;
1900-01-01 12:10:21;492.0;1745719821;100.203;102.078;95.842;102.007;
1900-01-01 12:10:22;493.0;1745719822;100.139;102.069;95.842;102.007;
1900-01-01 12:10:23;494.0;1745719823;100.183;102.069;95.8;101.997;
1900-01-01 12:10:24;495.0;1745719824;100.183;102.017;95.749;101.943;
1900-01-01 12:10:25;496.0;1745719825;100.113;101.987;95.749;101.943;
1900-01-01 12:10:26;497.0;1745719826;100.047;101.987;95.807;101.943;
1900-01-01 12:10:27;498.0;1745719827;100.047;102.082;95.783;101.927;
1900-01-01 12:10:28;499.0;1745719828;100.009;102.041;95.783;101.927;
1900-01-01 12:10:29;500.0;1745719829;100.009;102.041;95.817;101.995;
1900-01-01 12:10:30;501.0;1745719830;100.018;102.056;95.727;102.043;
1900-01-01 12:10:31;502.0;1745719831;99.986;102.039;95.727;102.043;
1900-01-01 12:10:32;503.0;1745719832;99.986;102.039;95.681;101.933;
1900-01-01 12:10:33;504.0;1745719833;100.02;102.013;95.745;101.933;
1900-01-01 12:10:34;505.0;1745719834;100.062;102.013;95.745;101.972;
1900-01-01 12:10:35;506.0;1745719835;100.062;102.055;95.873;101.951;
1900-01-01 12:10:36;507.0;1745719836;100.13;101.954;95.863;101.951;
1900-01-01 12:10:38;508.0;1745719838;100.208;101.983;95.863;101.982;
1900-01-01 12:10:38;509.0;1745719838;100.208;101.983;95.785;101.932;
1900-01-01 12:10:39;510.0;1745719839;100.21;102.026;95.787;101.932;
1900-01-01 12:10:40;511.0;1745719840;100.293;102.026;95.787;101.972;
1900-01-01 12:10:41;512.0;1745719841;100.293;102.089;95.69;101.947;
1900-01-01 12:10:42;513.0;1745719842;100.202;102.024;95.706;101.947;
1900-01-01 12:10:43;514.0;1745719843;100.187;102.024;95.706;101.886;
1900-01-01 12:10:44;515.0;1745719844;100.187;102.029;95.814;101.995;
1900-01-01 12:10:45;516.0;1745719845;100.183;102.022;95.814;101.995;
1900-01-01 12:10:46;517.0;1745719846;100.202;102.022;95.818;101.845;
1900-01-01 12:10:47;518.0;1745719847;100.202;102.028;95.828;101.967;
1900-01-01 12:10:48;519.0;1745719848;100.151;102.029;95.838;101.967;
1900-01-01 12:10:49;520.0;1745719849;100.151;102.029;95.838;101.913;
1900-01-01 12:10:50;521.0;1745719850;100.128;102.016;95.756;101.898;
1900-01-01 12:10:51;522.0;1745719851;100.203;101.988;95.756;101.898;
1900-01-01 12:10:52;523.0;1745719852;100.203;101.988;95.731;101.973;
1900-01-01 12:10:53;524.0;1745719853;100.123;101.966;95.695;101.99;
1900-01-01 12:10:54;525.0;1745719854;100.017;101.964;95.695;101.99;
1900-01-01 12:10:55;526.0;1745719855;100.017;101.964;95.634;101.928;
1900-01-01 12:10:56;527.0;1745719856;100.066;102.071;95.692;101.928;
1900-01-01 12:10:57;528.0;1745719857;100.086;101.996;95.692;101.941;
1900-01-01 12:10:58;529.0;1745719858;100.086;101.996;95.581;102.02;
1900-01-01 12:10:59;530.0;1745719859;100.113;102.101;95.533;102.02;
1900-01-01 12:11:00;531.0;1745719860;100.131;102.101;95.533;101.917;
1900-01-01 12:11:01;532.0;1745719861;100.131;102.156;95.564;101.98;
1900-01-01 12:11:02;533.0;1745719862;100.07;102.038;95.589;101.98;
1900-01-01 12:11:03;534.0;1745719863;100.176;102.038;95.589;101.962;
1900-01-01 12:11:04;535.0;1745719864;100.176;102.038;95.572;101.96;
1900-01-01 12:11:05;536.0;1745719865;100.131;102.058;95.525;101.96;
1900-01-01 12:11:06;537.0;1745719866;100.169;102.058;95.525;102.047;
1900-01-01 12:11:07;538.0;1745719867;100.169;102.113;95.491;102.0;
1900-01-01 12:11:08;539.0;1745719868;100.146;102.055;95.443;102.0;
1900-01-01 12:11:09;540.0;1745719869;100.182;102.055;95.443;102.061;
1900-01-01 12:11:10;541.0;1745719870;100.182;102.079;95.493;101.994;
1900-01-01 12:11:11;542.0;1745719871;100.139;102.145;95.617;101.994;
1900-01-01 12:11:12;543.0;1745719872;100.134;102.145;95.617;101.982;
1900-01-01 12:11:13;544.0;1745719873;100.134;102.066;95.647;101.946;
1900-01-01 12:11:14;545.0;1745719874;100.125;102.086;95.647;101.946;
1900-01-01 12:11:15;546.0;1745719875;100.098;102.086;95.674;101.93;
1900-01-01 12:11:16;547.0;1745719876;100.098;101.998;95.687;101.93;
1900-01-01 12:11:17;548.0;1745719877;100.101;102.046;95.687;102.031;
1900-01-01 12:11:18;549.0;1745719878;100.0;102.046;95.632;102.081;
1900-01-01 12:11:19;550.0;1745719879;100.0;102.037;95.645;101.913;
1900-01-01 12:11:20;551.0;1745719880;100.064;101.981;95.645;101.913;
1900-01-01 12:11:21;552.0;1745719881;100.064;101.981;95.504;101.93;
1900-01-01 12:11:22;553.0;1745719882;99.978;102.084;95.584;101.993;
1900-01-01 12:11:23;554.0;1745719883;100.011;102.052;95.584;101.993;
1900-01-01 12:11:24;555.0;1745719884;100.011;102.052;95.453;102.037;
1900-01-01 12:11:25;556.0;1745719885;99.927;102.008;95.47;102.037;
1900-01-01 12:11:26;557.0;1745719886;100.024;101.94;95.47;102.027;
1900-01-01 12:11:27;558.0;1745719887;100.024;101.94;95.528;101.969;
1900-01-01 12:11:28;559.0;1745719888;99.953;101.941;95.582;101.969;
1900-01-01 12:11:29;560.0;1745719889;99.963;101.941;95.582;101.988;
1900-01-01 12:11:30;561.0;1745719890;99.963;102.074;95.542;101.954;
1900-01-01 12:11:31;562.0;1745719891;99.891;101.96;95.542;101.954;
1900-01-01 12:11:32;563.0;1745719892;99.882;101.96;95.421;101.997;
1900-01-01 12:11:33;564.0;1745719893;99.882;102.025;95.416;102.009;
1900-01-01 12:11:34;565.0;1745719894;99.877;102.012;95.416;102.009;
1900-01-01 12:11:35;566.0;1745719895;99.927;102.012;95.478;101.992;
1900-01-01 12:11:36;567.0;1745719896;99.927;102.057;95.416;102.032;
1900-01-01 12:11:37;568.0;1745719897;99.919;101.97;95.416;102.032;
1900-01-01 12:11:38;569.0;1745719898;99.919;101.97;95.459;101.968;
1900-01-01 12:11:39;570.0;1745719899;100.029;101.984;95.513;101.968;
1900-01-01 12:11:41;571.0;1745719901;100.0;101.96;95.513;102.002;
1900-01-01 12:11:41;572.0;1745719901;100.0;101.96;95.538;101.986;
1900-01-01 12:11:42;573.0;1745719902;100.025;101.956;95.524;101.986;
1900-01-01 12:11:44;574.0;1745719904;99.959;102.008;95.524;101.948;
1900-01-01 12:11:44;575.0;1745719904;99.959;102.008;95.55;101.956;
1900-01-01 12:11:45;576.0;1745719905;99.962;102.009;95.527;101.956;
1900-01-01 12:11:46;577.0;1745719906;100.022;102.009;95.527;101.957;
1900-01-01 12:11:47;578.0;1745719907;100.022;101.933;95.394;102.019;
1900-01-01 12:11:48;579.0;1745719908;99.868;101.968;95.369;102.019;
1900-01-01 12:11:49;580.0;1745719909;99.884;101.968;95.369;101.955;
1900-01-01 12:11:50;581.0;1745719910;99.884;102.024;95.416;102.029;
1900-01-01 12:11:51;582.0;1745719911;99.906;102.037;95.416;102.029;
1900-01-01 12:11:52;583.0;1745719912;99.884;102.037;95.286;101.978;
1900-01-01 12:11:53;584.0;1745719913;99.884;101.986;95.256;101.947;
1900-01-01 12:11:55;585.0;1745719915;99.949;102.022;95.259;101.947;
1900-01-01 12:11:55;586.0;1745719915;99.958;102.022;95.259;101.927;
1900-01-01 12:11:56;587.0;1745719916;99.958;102.047;95.311;102.067;
1900-01-01 12:11:58;588.0;1745719918;100.07;101.964;95.298;102.067;
1900-01-01 12:11:58;589.0;1745719918;100.04;101.964;95.298;102.006;
1900-01-01 12:11:59;590.0;1745719919;100.04;101.98;95.3;102.006;
1900-01-01 12:12:00;591.0;1745719920;99.944;102.05;95.3;101.965;
1900-01-01 12:12:02;592.0;1745719922;100.059;102.05;95.322;101.966;
1900-01-01 12:12:02;593.0;1745719922;100.059;101.979;95.375;101.96;
1900-01-01 12:12:04;594.0;1745719924;99.928;102.002;95.375;101.96;
1900-01-01 12:12:04;595.0;1745719924;99.928;102.002;95.306;101.932;
1900-01-01 12:12:05;596.0;1745719925;99.957;102.052;95.369;101.932;
1900-01-01 12:12:06;597.0;1745719926;100.007;102.052;95.369;102.014;
1900-01-01 12:12:07;598.0;1745719927;100.007;102.103;95.363;101.922;
1900-01-01 12:12:08;599.0;1745719928;99.956;101.971;95.277;101.922;
1900-01-01 12:12:09;600.0;1745719929;99.91;101.971;95.277;102.017;
1900-01-01 12:12:10;601.0;1745719930;99.91;101.978;95.338;102.032;
1900-01-01 12:12:11;602.0;1745719931;99.946;101.944;95.338;102.032;
1900-01-01 12:12:12;603.0;1745719932;99.922;101.944;95.306;101.893;
1900-01-01 12:12:13;604.0;1745719933;99.922;101.879;95.342;101.922;
1900-01-01 12:12:14;605.0;1745719934;99.955;101.858;95.342;101.922;
1900-01-01 12:12:15;606.0;1745719935;100.037;101.858;95.342;101.953;
1900-01-01 12:12:16;607.0;1745719936;100.037;101.93;95.315;101.939;
1900-01-01 12:12:17;608.0;1745719937;100.059;101.869;95.315;101.939;
1900-01-01 12:12:19;609.0;1745719939;100.035;101.869;95.328;101.988;
1900-01-01 12:12:19;610.0;1745719939;100.035;101.852;95.232;101.988;
1900-01-01 12:12:20;611.0;1745719940;99.893;101.874;95.232;101.935;
1900-01-01 12:12:21;612.0;1745719941;99.952;101.874;95.289;101.971;
1900-01-01 12:12:22;613.0;1745719942;99.952;101.892;95.356;101.971;
1900-01-01 12:12:23;614.0;1745719943;99.965;101.946;95.356;101.892;
1900-01-01 12:12:24;615.0;1745719944;100.055;101.946;95.261;101.903;
1900-01-01 12:12:25;616.0;1745719945;100.055;101.859;95.241;101.903;
1900-01-01 12:12:26;617.0;1745719946;99.93;101.985;95.241;101.924;
1900-01-01 12:12:27;618.0;1745719947;99.93;101.985;95.256;101.933;
1900-01-01 12:12:28;619.0;1745719948;100.073;101.937;95.148;101.933;
1900-01-01 12:12:30;620.0;1745719950;100.056;101.884;95.148;101.867;
1900-01-01 12:12:30;621.0;1745719950;100.056;101.884;95.207;101.979;
1900-01-01 12:12:31;622.0;1745719951;100.106;101.894;95.201;101.979;
1900-01-01 12:12:32;623.0;1745719952;100.002;101.932;95.201;101.882;
1900-01-01 12:12:33;624.0;1745719953;100.002;101.932;95.184;101.97;
1900-01-01 12:12:34;625.0;1745719954;99.929;102.046;95.202;101.97;
1900-01-01 12:12:35;626.0;1745719955;99.887;102.046;95.202;101.987;
1900-01-01 12:12:36;627.0;1745719956;99.887;101.854;95.101;101.911;
1900-01-01 12:12:37;628.0;1745719957;99.806;101.883;95.206;101.911;
1900-01-01 12:12:38;629.0;1745719958;99.802;101.883;95.206;102.009;
1900-01-01 12:12:39;630.0;1745719959;99.802;101.892;95.252;101.972;
1900-01-01 12:12:40;631.0;1745719960;99.668;101.961;95.288;101.972;
1900-01-01 12:12:42;632.0;1745719962;99.74;101.961;95.288;101.987;
1900-01-01 12:12:42;633.0;1745719962;99.74;101.901;95.157;101.969;
1900-01-01 12:12:43;634.0;1745719963;99.825;101.83;95.233;101.969;
1900-01-01 12:12:44;635.0;1745719964;99.698;101.83;95.233;101.987;
1900-01-01 12:12:45;636.0;1745719965;99.698;101.909;95.26;102.029;
1900-01-01 12:12:46;637.0;1745719966;99.715;101.999;95.26;102.029;
1900-01-01 12:12:47;638.0;1745719967;99.715;101.999;95.265;101.985;
1900-01-01 12:12:48;639.0;1745719968;99.764;101.912;95.2;101.976;
1900-01-01 12:12:50;640.0;1745719970;99.848;101.904;95.2;101.976;
1900-01-01 12:12:50;641.0;1745719970;99.848;101.904;95.213;101.985;
1900-01-01 12:12:51;642.0;1745719971;99.872;101.927;95.227;101.985;
1900-01-01 12:12:52;643.0;1745719972;99.922;101.914;95.227;102.007;
1900-01-01 12:12:53;644.0;1745719973;99.922;101.914;95.236;101.983;
1900-01-01 12:12:54;645.0;1745719974;99.881;101.9;95.162;101.983;
1900-01-01 12:12:55;646.0;1745719975;99.954;101.9;95.162;102.04;
1900-01-01 12:12:56;647.0;1745719976;99.954;101.862;95.125;102.01;
1900-01-01 12:12:57;648.0;1745719977;99.869;101.936;95.137;102.01;
1900-01-01 12:12:58;649.0;1745719978;99.937;101.936;95.137;101.918;
1900-01-01 12:12:59;650.0;1745719979;99.937;101.929;95.202;102.0;
1900-01-01 12:13:01;651.0;1745719981;99.941;101.896;95.173;102.0;
1900-01-01 12:13:01;652.0;1745719981;99.878;101.896;95.173;102.025;
1900-01-01 12:13:02;653.0;1745719982;99.878;101.95;95.136;102.013;
1900-01-01 12:13:03;654.0;1745719983;99.803;101.858;95.189;102.013;
1900-01-01 12:13:04;655.0;1745719984;99.79;101.858;95.189;102.052;
1900-01-01 12:13:05;656.0;1745719985;99.79;101.856;95.14;102.037;
1900-01-01 12:13:06;657.0;1745719986;99.778;101.884;95.14;102.037;
1900-01-01 12:13:07;658.0;1745719987;99.721;101.884;95.046;102.014;
1900-01-01 12:13:08;659.0;1745719988;99.721;101.964;94.97;102.035;
1900-01-01 12:13:09;660.0;1745719989;99.842;101.862;94.97;102.035;
1900-01-01 12:13:10;661.0;1745719990;99.84;101.862;94.884;102.056;
1900-01-01 12:13:11;662.0;1745719991;99.84;101.935;94.974;102.056;
1900-01-01 12:13:12;663.0;1745719992;99.848;101.842;94.974;101.959;
1900-01-01 12:13:13;664.0;1745719993;99.906;101.842;95.013;101.943;
1900-01-01 12:13:14;665.0;1745719994;99.906;101.906;94.984;101.943;
1900-01-01 12:13:15;666.0;1745719995;99.873;101.899;94.984;101.931;
1900-01-01 12:13:16;667.0;1745719996;99.873;101.899;94.998;102.017;
1900-01-01 12:13:17;668.0;1745719997;99.925;101.849;95.078;102.017;
1900-01-01 12:13:18;669.0;1745719998;99.723;101.849;95.078;101.967;
1900-01-01 12:13:19;670.0;1745719999;99.723;101.762;95.048;102.021;
1900-01-01 12:13:20;671.0;1745720000;99.651;101.805;95.048;102.021;
1900-01-01 12:13:21;672.0;1745720001;99.699;101.805;94.945;102.017;
1900-01-01 12:13:22;673.0;1745720002;99.699;101.852;95.026;102.06;
1900-01-01 12:13:24;674.0;1745720004;99.731;101.805;95.045;102.06;
1900-01-01 12:13:24;675.0;1745720004;99.775;101.805;95.045;101.983;
1900-01-01 12:13:25;676.0;1745720005;99.775;101.83;94.997;101.94;
1900-01-01 12:13:27;677.0;1745720007;99.835;101.707;94.943;101.94;
1900-01-01 12:13:27;678.0;1745720007;99.867;101.707;94.943;102.016;
1900-01-01 12:13:28;679.0;1745720008;99.867;101.726;95.036;102.008;
1900-01-01 12:13:29;680.0;1745720009;99.822;101.66;95.036;102.008;
1900-01-01 12:13:30;681.0;1745720010;99.822;101.66;94.973;102.027;
1900-01-01 12:13:31;682.0;1745720011;99.713;101.727;94.962;102.061;
1900-01-01 12:13:32;683.0;1745720012;99.766;101.756;94.962;102.061;
1900-01-01 12:13:33;684.0;1745720013;99.766;101.756;94.843;101.972;
1900-01-01 12:13:34;685.0;1745720014;99.782;101.766;94.869;101.972;
1900-01-01 12:13:35;686.0;1745720015;99.712;101.748;94.869;101.944;
1900-01-01 12:13:36;687.0;1745720016;99.712;101.748;94.783;101.94;
1900-01-01 12:13:37;688.0;1745720017;99.767;101.696;94.767;101.94;
1900-01-01 12:13:38;689.0;1745720018;99.835;101.703;94.767;101.936;
1900-01-01 12:13:39;690.0;1745720019;99.835;101.703;94.706;101.986;
1900-01-01 12:13:40;691.0;1745720020;99.801;101.791;94.766;101.986;
1900-01-01 12:13:41;692.0;1745720021;99.881;101.791;94.766;102.017;
1900-01-01 12:13:42;693.0;1745720022;99.881;101.763;94.802;101.946;
1900-01-01 12:13:43;694.0;1745720023;99.872;101.776;94.802;101.946;
1900-01-01 12:13:44;695.0;1745720024;99.833;101.776;94.803;101.94;
1900-01-01 12:13:45;696.0;1745720025;99.833;101.764;94.732;102.025;
1900-01-01 12:13:46;697.0;1745720026;99.768;101.823;94.732;102.025;
1900-01-01 12:13:47;698.0;1745720027;99.734;101.823;94.825;101.958;
1900-01-01 12:13:48;699.0;1745720028;99.734;101.853;94.841;101.869;
1900-01-01 12:13:49;700.0;1745720029;99.735;101.85;94.841;101.869;
1900-01-01 12:13:50;701.0;1745720030;99.735;101.85;94.761;102.04;
1900-01-01 12:13:51;702.0;1745720031;99.692;101.867;94.758;102.04;
1900-01-01 12:13:52;703.0;1745720032;99.569;101.787;94.758;101.995;
1900-01-01 12:13:53;704.0;1745720033;99.569;101.787;94.737;101.942;
1900-01-01 12:13:54;705.0;1745720034;99.56;101.776;94.652;101.942;
1900-01-01 12:13:55;706.0;1745720035;99.547;101.826;94.652;101.923;
1900-01-01 12:13:56;707.0;1745720036;99.547;101.826;94.654;101.981;
1900-01-01 12:13:57;708.0;1745720037;99.555;101.767;94.67;101.981;
1900-01-01 12:13:58;709.0;1745720038;99.615;101.862;94.67;101.981;
1900-01-01 12:13:59;710.0;1745720039;99.615;101.862;94.618;101.952;
1900-01-01 12:14:00;711.0;1745720040;99.631;101.806;94.667;101.952;
1900-01-01 12:14:02;712.0;1745720042;99.594;101.826;94.667;101.915;
1900-01-01 12:14:02;713.0;1745720042;99.594;101.826;94.657;101.941;
1900-01-01 12:14:03;714.0;1745720043;99.619;101.789;94.625;101.941;
1900-01-01 12:14:04;715.0;1745720044;99.576;101.789;94.625;101.949;
1900-01-01 12:14:05;716.0;1745720045;99.576;101.843;94.601;101.97;
1900-01-01 12:14:06;717.0;1745720046;99.723;101.807;94.549;101.97;
1900-01-01 12:14:07;718.0;1745720047;99.653;101.807;94.549;101.901;
1900-01-01 12:14:08;719.0;1745720048;99.653;101.749;94.57;101.918;
1900-01-01 12:14:09;720.0;1745720049;99.678;101.781;94.57;101.918;
1900-01-01 12:14:10;721.0;1745720050;99.72;101.781;94.571;101.954;
1900-01-01 12:14:11;722.0;1745720051;99.72;101.758;94.546;102.037;
1900-01-01 12:14:12;723.0;1745720052;99.656;101.768;94.546;102.037;
1900-01-01 12:14:13;724.0;1745720053;99.687;101.768;94.496;101.906;
1900-01-01 12:14:14;725.0;1745720054;99.687;101.667;94.462;101.989;
1900-01-01 12:14:15;726.0;1745720055;99.715;101.654;94.462;101.989;
1900-01-01 12:14:16;727.0;1745720056;99.669;101.654;94.504;102.027;
1900-01-01 12:14:17;728.0;1745720057;99.669;101.589;94.439;102.041;
1900-01-01 12:14:18;729.0;1745720058;99.593;101.737;94.439;102.041;
1900-01-01 12:14:19;730.0;1745720059;99.631;101.737;94.392;101.93;
1900-01-01 12:14:20;731.0;1745720060;99.631;101.641;94.332;101.996;
1900-01-01 12:14:21;732.0;1745720061;99.625;101.693;94.332;101.996;
1900-01-01 12:14:22;733.0;1745720062;99.669;101.693;94.435;102.002;
1900-01-01 12:14:23;734.0;1745720063;99.669;101.609;94.529;102.002;
1900-01-01 12:14:24;735.0;1745720064;99.653;101.676;94.529;101.938;
1900-01-01 12:14:26;736.0;1745720066;99.66;101.676;94.545;101.965;
1900-01-01 12:14:26;737.0;1745720066;99.66;101.564;94.549;101.965;
1900-01-01 12:14:27;738.0;1745720067;99.616;101.606;94.549;102.05;
1900-01-01 12:14:28;739.0;1745720068;99.616;101.606;94.557;102.062;
1900-01-01 12:14:29;740.0;1745720069;99.602;101.68;94.629;102.062;
1900-01-01 12:14:30;741.0;1745720070;99.582;101.709;94.629;101.85;
1900-01-01 12:14:31;742.0;1745720071;99.582;101.709;94.612;102.025;
1900-01-01 12:14:32;743.0;1745720072;99.689;101.778;94.546;102.025;
1900-01-01 12:14:33;744.0;1745720073;99.629;101.778;94.546;101.898;
1900-01-01 12:14:34;745.0;1745720074;99.629;101.724;94.621;101.967;
1900-01-01 12:14:35;746.0;1745720075;99.6;101.704;94.621;101.967;
1900-01-01 12:14:36;747.0;1745720076;99.631;101.704;94.526;101.969;
1900-01-01 12:14:37;748.0;1745720077;99.631;101.661;94.48;101.968;
1900-01-01 12:14:38;749.0;1745720078;99.638;101.757;94.474;101.968;
1900-01-01 12:14:39;750.0;1745720079;99.535;101.757;94.474;101.933;
1900-01-01 12:14:40;751.0;1745720080;99.535;101.744;94.441;101.937;
1900-01-01 12:14:41;752.0;1745720081;99.57;101.69;94.441;101.937;
1900-01-01 12:14:42;753.0;1745720082;99.628;101.69;94.374;101.956;
1900-01-01 12:14:43;754.0;1745720083;99.628;101.789;94.405;101.99;
1900-01-01 12:14:44;755.0;1745720084;99.53;101.685;94.405;101.99;
1900-01-01 12:14:45;756.0;1745720085;99.544;101.685;94.569;102.022;
1900-01-01 12:14:46;757.0;1745720086;99.544;101.724;94.575;101.998;
1900-01-01 12:14:47;758.0;1745720087;99.421;101.661;94.575;101.998;
1900-01-01 12:14:48;759.0;1745720088;99.421;101.661;94.524;101.917;
1900-01-01 12:14:49;760.0;1745720089;99.505;101.682;94.467;102.054;
1900-01-01 12:14:51;761.0;1745720091;99.422;101.733;94.467;102.054;
1900-01-01 12:14:51;762.0;1745720091;99.422;101.733;94.492;102.006;
1900-01-01 12:14:52;763.0;1745720092;99.468;101.655;94.516;102.006;
1900-01-01 12:14:54;764.0;1745720094;99.493;101.636;94.516;101.951;
1900-01-01 12:14:54;765.0;1745720094;99.493;101.636;94.429;102.014;
1900-01-01 12:14:55;766.0;1745720095;99.441;101.697;94.41;102.014;
1900-01-01 12:14:56;767.0;1745720096;99.517;101.697;94.41;101.986;
1900-01-01 12:14:57;768.0;1745720097;99.517;101.636;94.426;102.04;
1900-01-01 12:14:58;769.0;1745720098;99.46;101.734;94.399;102.04;
1900-01-01 12:14:59;770.0;1745720099;99.481;101.734;94.399;101.99;
1900-01-01 12:15:00;771.0;1745720100;99.481;101.609;94.409;102.059;
1900-01-01 12:15:01;772.0;1745720101;99.493;101.549;94.374;102.059;
1900-01-01 12:15:02;773.0;1745720102;99.615;101.549;94.374;101.909;
1900-01-01 12:15:03;774.0;1745720103;99.615;101.604;94.325;102.025;
1900-01-01 12:15:04;775.0;1745720104;99.626;101.611;94.325;102.025;
1900-01-01 12:15:05;776.0;1745720105;99.662;101.611;94.287;101.943;
1900-01-01 12:15:06;777.0;1745720106;99.662;101.717;94.347;102.01;
1900-01-01 12:15:07;778.0;1745720107;99.673;101.711;94.347;102.01;
1900-01-01 12:15:08;779.0;1745720108;99.673;101.711;94.334;102.045;
1900-01-01 12:15:09;780.0;1745720109;99.59;101.683;94.339;102.045;
1900-01-01 12:15:10;781.0;1745720110;99.63;101.72;94.339;101.99;
1900-01-01 12:15:11;782.0;1745720111;99.611;101.72;94.393;101.953;
1900-01-01 12:15:12;783.0;1745720112;99.611;101.641;94.317;101.953;
1900-01-01 12:15:13;784.0;1745720113;99.542;101.633;94.317;101.977;
1900-01-01 12:15:14;785.0;1745720114;99.542;101.633;94.292;102.024;
1900-01-01 12:15:15;786.0;1745720115;99.546;101.644;94.249;102.024;
1900-01-01 12:15:16;787.0;1745720116;99.381;101.644;94.249;101.934;
1900-01-01 12:15:17;788.0;1745720117;99.381;101.724;94.214;101.93;
1900-01-01 12:15:18;789.0;1745720118;99.419;101.632;94.199;101.93;
1900-01-01 12:15:19;790.0;1745720119;99.353;101.632;94.199;101.873;
1900-01-01 12:15:20;791.0;1745720120;99.353;101.771;94.311;101.932;
1900-01-01 12:15:21;792.0;1745720121;99.503;101.651;94.287;101.932;
1900-01-01 12:15:22;793.0;1745720122;99.494;101.651;94.287;101.973;
1900-01-01 12:15:23;794.0;1745720123;99.494;101.625;94.332;101.929;
1900-01-01 12:15:24;795.0;1745720124;99.524;101.62;94.459;101.929;
1900-01-01 12:15:25;796.0;1745720125;99.478;101.62;94.459;101.932;
1900-01-01 12:15:26;797.0;1745720126;99.478;101.576;94.453;101.975;
1900-01-01 12:15:27;798.0;1745720127;99.399;101.62;94.453;101.975;
1900-01-01 12:15:29;799.0;1745720129;99.432;101.62;94.29;101.972;
1900-01-01 12:15:29;800.0;1745720129;99.432;101.579;94.329;101.972;
1900-01-01 12:15:30;801.0;1745720130;99.46;101.583;94.329;101.991;
1900-01-01 12:15:31;802.0;1745720131;99.46;101.583;94.292;102.0;
1900-01-01 12:15:32;803.0;1745720132;99.487;101.64;94.239;101.966;
1900-01-01 12:15:33;804.0;1745720133;99.618;101.64;94.239;101.966;
1900-01-01 12:15:34;805.0;1745720134;99.618;101.535;94.118;101.906;
1900-01-01 12:15:35;806.0;1745720135;99.6;101.53;94.162;101.906;
1900-01-01 12:15:36;807.0;1745720136;99.521;101.53;94.162;101.926;
1900-01-01 12:15:37;808.0;1745720137;99.521;101.517;94.194;101.91;
1900-01-01 12:15:38;809.0;1745720138;99.52;101.614;94.248;101.91;
1900-01-01 12:15:39;810.0;1745720139;99.473;101.614;94.248;101.962;
1900-01-01 12:15:40;811.0;1745720140;99.473;101.605;94.29;101.944;
1900-01-01 12:15:41;812.0;1745720141;99.45;101.606;94.29;101.944;
1900-01-01 12:15:42;813.0;1745720142;99.414;101.606;94.233;101.989;
1900-01-01 12:15:43;814.0;1745720143;99.414;101.631;94.341;101.989;
1900-01-01 12:15:44;815.0;1745720144;99.252;101.615;94.341;101.989;
1900-01-01 12:15:45;816.0;1745720145;99.32;101.615;94.379;102.032;
1900-01-01 12:15:46;817.0;1745720146;99.32;101.661;94.323;102.047;
1900-01-01 12:15:47;818.0;1745720147;99.287;101.71;94.323;102.047;
1900-01-01 12:15:48;819.0;1745720148;99.287;101.71;94.371;102.071;
1900-01-01 12:15:49;820.0;1745720149;99.341;101.616;94.409;102.071;
1900-01-01 12:15:50;821.0;1745720150;99.297;101.685;94.409;101.932;
1900-01-01 12:15:51;822.0;1745720151;99.368;101.685;94.255;101.997;
1900-01-01 12:15:52;823.0;1745720152;99.368;101.623;94.228;101.997;
1900-01-01 12:15:53;824.0;1745720153;99.303;101.7;94.228;102.009;
1900-01-01 12:15:54;825.0;1745720154;99.303;101.7;94.156;101.993;
1900-01-01 12:15:55;826.0;1745720155;99.413;101.663;94.134;101.993;
1900-01-01 12:15:56;827.0;1745720156;99.354;101.663;94.134;102.008;
1900-01-01 12:15:57;828.0;1745720157;99.354;101.732;94.098;101.983;
1900-01-01 12:15:58;829.0;1745720158;99.287;101.764;94.058;101.983;
1900-01-01 12:15:59;830.0;1745720159;99.259;101.764;94.058;101.987;
1900-01-01 12:16:00;831.0;1745720160;99.259;101.709;94.115;102.075;
1900-01-01 12:16:02;832.0;1745720162;99.309;101.596;94.061;102.075;
1900-01-01 12:16:02;833.0;1745720162;99.258;101.596;94.061;102.108;
1900-01-01 12:16:03;834.0;1745720163;99.258;101.624;93.982;101.946;
1900-01-01 12:16:04;835.0;1745720164;99.325;101.589;93.982;101.946;
1900-01-01 12:16:05;836.0;1745720165;99.325;101.589;93.994;102.0;
1900-01-01 12:16:06;837.0;1745720166;99.375;101.621;93.99;102.047;
1900-01-01 12:16:07;838.0;1745720167;99.301;101.6;93.99;102.047;
1900-01-01 12:16:08;839.0;1745720168;99.301;101.6;93.881;102.013;
1900-01-01 12:16:09;840.0;1745720169;99.447;101.618;93.953;102.013;
1900-01-01 12:16:10;841.0;1745720170;99.314;101.63;93.953;102.016;
1900-01-01 12:16:11;842.0;1745720171;99.314;101.63;93.92;101.996;
1900-01-01 12:16:12;843.0;1745720172;99.451;101.668;93.942;101.996;
1900-01-01 12:16:13;844.0;1745720173;99.42;101.656;93.942;101.968;
1900-01-01 12:16:14;845.0;1745720174;99.42;101.656;94.019;102.01;
1900-01-01 12:16:15;846.0;1745720175;99.54;101.627;93.92;102.01;
1900-01-01 12:16:16;847.0;1745720176;99.508;101.627;93.92;101.937;
1900-01-01 12:16:17;848.0;1745720177;99.508;101.593;93.9;101.952;
1900-01-01 12:16:18;849.0;1745720178;99.378;101.59;93.993;101.952;
1900-01-01 12:16:19;850.0;1745720179;99.336;101.59;93.993;102.002;
1900-01-01 12:16:20;851.0;1745720180;99.336;101.614;94.063;101.896;
1900-01-01 12:16:21;852.0;1745720181;99.406;101.547;94.063;101.896;
1900-01-01 12:16:22;853.0;1745720182;99.301;101.547;94.05;102.005;
1900-01-01 12:16:23;854.0;1745720183;99.301;101.495;93.996;101.95;
1900-01-01 12:16:24;855.0;1745720184;99.215;101.523;94.066;101.95;
1900-01-01 12:16:25;856.0;1745720185;99.165;101.523;94.066;101.923;
1900-01-01 12:16:26;857.0;1745720186;99.165;101.529;94.022;101.886;
1900-01-01 12:16:27;858.0;1745720187;99.207;101.508;94.022;101.886;
1900-01-01 12:16:28;859.0;1745720188;99.217;101.508;93.961;101.968;
1900-01-01 12:16:29;860.0;1745720189;99.217;101.57;94.019;101.968;
1900-01-01 12:16:30;861.0;1745720190;99.261;101.522;94.019;101.922;
1900-01-01 12:16:32;862.0;1745720192;99.227;101.522;94.021;101.951;
1900-01-01 12:16:32;863.0;1745720192;99.227;101.535;93.934;101.951;
1900-01-01 12:16:33;864.0;1745720193;99.156;101.497;93.934;101.969;
1900-01-01 12:16:35;865.0;1745720195;99.156;101.497;93.805;101.954;
1900-01-01 12:16:35;866.0;1745720195;99.217;101.504;93.829;101.954;
1900-01-01 12:16:36;867.0;1745720196;99.11;101.5;93.829;101.985;
1900-01-01 12:16:37;868.0;1745720197;99.11;101.5;93.902;101.932;
1900-01-01 12:16:38;869.0;1745720198;99.096;101.493;93.863;101.932;
1900-01-01 12:16:39;870.0;1745720199;99.045;101.493;93.863;101.912;
1900-01-01 12:16:40;871.0;1745720200;99.045;101.443;93.811;101.983;
1900-01-01 12:16:41;872.0;1745720201;99.167;101.529;93.964;101.983;
1900-01-01 12:16:43;873.0;1745720203;99.095;101.529;93.964;101.931;
1900-01-01 12:16:43;874.0;1745720203;99.095;101.496;93.983;101.891;
1900-01-01 12:16:44;875.0;1745720204;99.196;101.481;93.983;101.891;
1900-01-01 12:16:45;876.0;1745720205;99.196;101.481;93.949;101.971;
1900-01-01 12:16:46;877.0;1745720206;99.184;101.467;93.927;101.971;
1900-01-01 12:16:47;878.0;1745720207;99.174;101.502;93.927;101.869;
1900-01-01 12:16:49;879.0;1745720209;99.234;101.502;93.945;101.925;
1900-01-01 12:16:49;880.0;1745720209;99.234;101.549;93.861;101.925;
1900-01-01 12:16:50;881.0;1745720210;99.191;101.48;93.861;101.942;
1900-01-01 12:16:51;882.0;1745720211;99.191;101.48;93.819;101.933;
1900-01-01 12:16:52;883.0;1745720212;99.238;101.535;93.789;101.933;
1900-01-01 12:16:53;884.0;1745720213;99.177;101.535;93.789;101.98;
1900-01-01 12:16:54;885.0;1745720214;99.177;101.538;93.781;101.947;
1900-01-01 12:16:55;886.0;1745720215;99.136;101.513;93.781;101.947;
1900-01-01 12:16:56;887.0;1745720216;99.152;101.513;93.784;101.978;
1900-01-01 12:16:57;888.0;1745720217;99.152;101.482;93.746;101.958;
1900-01-01 12:16:59;889.0;1745720219;99.304;101.471;93.793;101.958;
1900-01-01 12:16:59;890.0;1745720219;99.277;101.471;93.793;101.981;
1900-01-01 12:17:00;891.0;1745720220;99.277;101.513;93.755;101.977;
1900-01-01 12:17:01;892.0;1745720221;99.268;101.585;93.755;101.977;
1900-01-01 12:17:02;893.0;1745720222;99.286;101.585;93.805;101.913;
1900-01-01 12:17:03;894.0;1745720223;99.286;101.56;93.87;101.913;
1900-01-01 12:17:04;895.0;1745720224;99.264;101.669;93.87;101.967;
1900-01-01 12:17:05;896.0;1745720225;99.145;101.669;93.829;101.958;
1900-01-01 12:17:07;897.0;1745720227;99.145;101.524;93.7;101.914;
1900-01-01 12:17:07;898.0;1745720227;99.158;101.53;93.7;101.914;
1900-01-01 12:17:08;899.0;1745720228;99.158;101.53;93.697;102.032;
1900-01-01 12:17:09;900.0;1745720229;99.036;101.517;93.581;102.032;
1900-01-01 12:17:10;901.0;1745720230;99.154;101.518;93.581;101.911;
1900-01-01 12:17:11;902.0;1745720231;99.154;101.518;93.681;101.961;
1900-01-01 12:17:12;903.0;1745720232;99.099;101.497;93.778;101.961;
1900-01-01 12:17:13;904.0;1745720233;99.172;101.451;93.778;101.994;
1900-01-01 12:17:14;905.0;1745720234;99.172;101.451;93.836;101.927;
1900-01-01 12:17:15;906.0;1745720235;99.171;101.499;93.895;101.927;
1900-01-01 12:17:17;907.0;1745720237;99.166;101.449;93.895;101.921;
1900-01-01 12:17:17;908.0;1745720237;99.166;101.449;93.764;101.961;
1900-01-01 12:17:18;909.0;1745720238;99.165;101.493;93.851;101.961;
1900-01-01 12:17:19;910.0;1745720239;99.19;101.493;93.851;101.986;
1900-01-01 12:17:20;911.0;1745720240;99.19;101.431;93.675;101.986;
1900-01-01 12:17:21;912.0;1745720241;99.143;101.423;93.732;101.986;
1900-01-01 12:17:22;913.0;1745720242;99.143;101.423;93.732;101.922;
1900-01-01 12:17:23;914.0;1745720243;99.176;101.468;93.705;101.941;
1900-01-01 12:17:24;915.0;1745720244;99.176;101.354;93.705;101.941;
1900-01-01 12:17:26;916.0;1745720246;99.163;101.354;93.76;101.971;
1900-01-01 12:17:26;917.0;1745720246;99.163;101.431;93.722;101.971;
1900-01-01 12:17:28;918.0;1745720248;99.146;101.452;93.722;101.997;
1900-01-01 12:17:28;919.0;1745720248;99.146;101.452;93.736;101.933;
1900-01-01 12:17:29;920.0;1745720249;99.198;101.442;93.746;101.933;
1900-01-01 12:17:30;921.0;1745720250;99.164;101.469;93.746;101.907;
1900-01-01 12:17:31;922.0;1745720251;99.164;101.469;93.741;101.942;
1900-01-01 12:17:32;923.0;1745720252;99.153;101.524;93.679;101.942;
1900-01-01 12:17:34;924.0;1745720254;99.142;101.455;93.679;101.952;
1900-01-01 12:17:34;925.0;1745720254;99.142;101.455;93.749;101.951;
1900-01-01 12:17:35;926.0;1745720255;99.075;101.54;93.678;101.951;
1900-01-01 12:17:36;927.0;1745720256;99.048;101.54;93.678;102.005;
1900-01-01 12:17:37;928.0;1745720257;99.048;101.485;93.712;102.001;
1900-01-01 12:17:38;929.0;1745720258;98.984;101.447;93.696;102.001;
1900-01-01 12:17:39;930.0;1745720259;99.024;101.447;93.696;101.952;
1900-01-01 12:17:40;931.0;1745720260;99.024;101.489;93.717;101.947;
1900-01-01 12:17:41;932.0;1745720261;98.997;101.499;93.717;101.947;
1900-01-01 12:17:42;933.0;1745720262;99.053;101.499;93.615;101.975;
1900-01-01 12:17:43;934.0;1745720263;99.053;101.475;93.658;101.936;
1900-01-01 12:17:44;935.0;1745720264;99.031;101.489;93.658;101.936;
1900-01-01 12:17:45;936.0;1745720265;99.056;101.489;93.607;102.02;
1900-01-01 12:17:46;937.0;1745720266;99.056;101.47;93.506;102.02;
1900-01-01 12:17:47;938.0;1745720267;99.045;101.444;93.506;101.875;
1900-01-01 12:17:48;939.0;1745720268;99.037;101.444;93.644;101.96;
1900-01-01 12:17:49;940.0;1745720269;99.037;101.399;93.603;101.96;
1900-01-01 12:17:50;941.0;1745720270;98.963;101.489;93.603;102.01;
1900-01-01 12:17:51;942.0;1745720271;98.943;101.489;93.714;101.985;
1900-01-01 12:17:52;943.0;1745720272;98.943;101.359;93.748;101.985;
1900-01-01 12:17:53;944.0;1745720273;98.954;101.455;93.748;101.96;
1900-01-01 12:17:54;945.0;1745720274;98.954;101.455;93.774;101.991;
1900-01-01 12:17:55;946.0;1745720275;98.926;101.494;93.682;101.991;
1900-01-01 12:17:56;947.0;1745720276;98.991;101.494;93.682;101.931;
1900-01-01 12:17:57;948.0;1745720277;98.991;101.475;93.593;102.016;
1900-01-01 12:17:58;949.0;1745720278;98.975;101.439;93.593;102.016;
1900-01-01 12:17:59;950.0;1745720279;98.935;101.439;93.518;101.977;
1900-01-01 12:18:00;951.0;1745720280;98.935;101.357;93.322;101.925;
1900-01-01 12:18:01;952.0;1745720281;98.956;101.409;93.322;101.925;
1900-01-01 12:18:03;953.0;1745720283;99.024;101.409;93.228;101.975;
1900-01-01 12:18:03;954.0;1745720283;99.024;101.342;93.124;101.975;
1900-01-01 12:18:04;955.0;1745720284;99.134;101.388;93.124;101.986;
1900-01-01 12:18:05;956.0;1745720285;99.134;101.388;93.083;101.959;
1900-01-01 12:18:06;957.0;1745720286;99.127;101.485;93.123;101.959;
1900-01-01 12:18:07;958.0;1745720287;99.101;101.428;93.123;101.922;
1900-01-01 12:18:08;959.0;1745720288;99.101;101.428;93.161;101.955;
1900-01-01 12:18:09;960.0;1745720289;99.087;101.453;93.174;101.955;
1900-01-01 12:18:10;961.0;1745720290;99.048;101.453;93.174;102.018;
1900-01-01 12:18:11;962.0;1745720291;99.048;101.452;93.257;101.981;
1900-01-01 12:18:12;963.0;1745720292;99.083;101.289;93.325;101.981;
1900-01-01 12:18:13;964.0;1745720293;99.0;101.289;93.325;101.94;
1900-01-01 12:18:14;965.0;1745720294;99.0;101.334;93.379;102.052;
1900-01-01 12:18:15;966.0;1745720295;98.997;101.375;93.335;102.052;
1900-01-01 12:18:16;967.0;1745720296;99.026;101.375;93.335;101.967;
1900-01-01 12:18:17;968.0;1745720297;99.026;101.345;93.362;102.043;
1900-01-01 12:18:18;969.0;1745720298;98.985;101.469;93.319;102.043;
1900-01-01 12:18:19;970.0;1745720299;98.91;101.469;93.319;101.982;
1900-01-01 12:18:20;971.0;1745720300;98.91;101.387;93.349;101.937;
1900-01-01 12:18:22;972.0;1745720302;98.903;101.442;93.419;101.937;
1900-01-01 12:18:22;973.0;1745720302;98.859;101.442;93.419;101.95;
1900-01-01 12:18:23;974.0;1745720303;98.859;101.36;93.473;102.029;
1900-01-01 12:18:24;975.0;1745720304;98.782;101.375;93.473;102.029;
1900-01-01 12:18:25;976.0;1745720305;98.782;101.375;93.464;102.047;
1900-01-01 12:18:26;977.0;1745720306;98.846;101.468;93.48;102.047;
1900-01-01 12:18:27;978.0;1745720307;98.745;101.406;93.48;101.968;
1900-01-01 12:18:28;979.0;1745720308;98.745;101.406;93.282;101.964;
1900-01-01 12:18:29;980.0;1745720309;98.735;101.375;93.204;101.964;
1900-01-01 12:18:30;981.0;1745720310;98.778;101.37;93.204;101.905;
1900-01-01 12:18:31;982.0;1745720311;98.778;101.37;93.192;102.008;
1900-01-01 12:18:32;983.0;1745720312;98.84;101.417;93.167;102.008;
1900-01-01 12:18:33;984.0;1745720313;98.803;101.417;93.167;101.987;
1900-01-01 12:18:34;985.0;1745720314;98.803;101.432;93.293;101.918;
1900-01-01 12:18:35;986.0;1745720315;98.795;101.437;93.293;101.918;
1900-01-01 12:18:36;987.0;1745720316;98.879;101.437;93.262;102.002;
1900-01-01 12:18:37;988.0;1745720317;98.879;101.367;93.282;102.059;
1900-01-01 12:18:38;989.0;1745720318;98.877;101.372;93.282;102.059;
1900-01-01 12:18:39;990.0;1745720319;98.874;101.372;93.368;101.957;
1900-01-01 12:18:40;991.0;1745720320;98.874;101.341;93.274;102.012;
1900-01-01 12:18:41;992.0;1745720321;98.966;101.347;93.274;102.012;
1900-01-01 12:18:42;993.0;1745720322;99.032;101.347;93.292;101.964;
1900-01-01 12:18:43;994.0;1745720323;99.032;101.316;93.303;101.968;
1900-01-01 12:18:44;995.0;1745720324;98.945;101.321;93.303;101.968;
1900-01-01 12:18:45;996.0;1745720325;98.945;101.321;93.3;101.875;
1900-01-01 12:18:46;997.0;1745720326;98.939;101.335;93.177;101.875;
1900-01-01 12:18:47;998.0;1745720327;98.879;101.274;93.177;101.956;
1900-01-01 12:18:49;999.0;1745720329;98.891;101.274;93.049;102.003;
1900-01-01 12:18:49;1000.0;1745720329;98.891;101.335;93.022;102.003;
1900-01-01 12:18:50;1001.0;1745720330;98.855;101.285;93.022;101.931;
1900-01-01 12:18:51;1002.0;1745720331;98.855;101.285;93.02;101.925;
1900-01-01 12:18:52;1003.0;1745720332;98.788;101.291;93.072;101.925;
1900-01-01 12:18:53;1004.0;1745720333;98.839;101.202;93.072;101.95;
1900-01-01 12:18:54;1005.0;1745720334;98.839;101.202;93.008;101.966;
1900-01-01 12:18:55;1006.0;1745720335;98.875;101.237;92.985;101.966;
1900-01-01 12:18:56;1007.0;1745720336;98.83;101.237;92.985;101.993;
1900-01-01 12:18:57;1008.0;1745720337;98.83;101.395;92.975;101.977;
1900-01-01 12:18:58;1009.0;1745720338;98.814;101.351;92.975;101.977;
1900-01-01 12:18:59;1010.0;1745720339;98.849;101.351;92.99;101.959;
1900-01-01 12:19:00;1011.0;1745720340;98.849;101.316;92.864;101.979;
1900-01-01 12:19:01;1012.0;1745720341;98.975;101.374;92.864;101.979;
1900-01-01 12:19:02;1013.0;1745720342;98.858;101.374;92.874;101.977;
1900-01-01 12:19:03;1014.0;1745720343;98.858;101.209;92.817;101.927;
1900-01-01 12:19:04;1015.0;1745720344;98.801;101.276;92.817;101.927;
1900-01-01 12:19:05;1016.0;1745720345;98.844;101.276;92.894;101.964;
1900-01-01 12:19:06;1017.0;1745720346;98.844;101.378;92.968;101.923;
1900-01-01 12:19:07;1018.0;1745720347;98.767;101.29;92.854;101.923;
1900-01-01 12:19:08;1019.0;1745720348;98.767;101.29;92.854;101.943;
1900-01-01 12:19:09;1020.0;1745720349;98.704;101.271;92.761;101.943;
1900-01-01 12:19:10;1021.0;1745720350;98.686;101.301;92.761;101.943;
1900-01-01 12:19:11;1022.0;1745720351;98.662;101.301;92.714;101.874;
1900-01-01 12:19:12;1023.0;1745720352;98.662;101.333;92.706;101.915;
1900-01-01 12:19:13;1024.0;1745720353;98.692;101.332;92.706;101.915;
1900-01-01 12:19:14;1025.0;1745720354;98.684;101.332;92.834;102.024;
1900-01-01 12:19:15;1026.0;1745720355;98.684;101.262;92.865;102.016;
1900-01-01 12:19:16;1027.0;1745720356;98.681;101.274;92.865;102.016;
1900-01-01 12:19:17;1028.0;1745720357;98.741;101.274;92.981;101.954;
1900-01-01 12:19:18;1029.0;1745720358;98.741;101.252;93.009;101.938;
1900-01-01 12:19:19;1030.0;1745720359;98.64;101.18;93.009;101.938;
1900-01-01 12:19:20;1031.0;1745720360;98.717;101.18;92.956;101.878;
1900-01-01 12:19:21;1032.0;1745720361;98.717;101.137;92.955;101.914;
1900-01-01 12:19:23;1033.0;1745720363;98.757;101.18;92.884;101.914;
1900-01-01 12:19:23;1034.0;1745720363;98.648;101.18;92.884;101.971;
1900-01-01 12:19:24;1035.0;1745720364;98.648;101.175;92.861;101.985;
1900-01-01 12:19:25;1036.0;1745720365;98.591;101.109;92.861;101.985;
1900-01-01 12:19:26;1037.0;1745720366;98.641;101.109;92.714;101.891;
1900-01-01 12:19:27;1038.0;1745720367;98.641;101.187;92.623;101.891;
1900-01-01 12:19:28;1039.0;1745720368;98.673;101.077;92.623;102.027;
1900-01-01 12:19:29;1040.0;1745720369;98.673;101.077;92.677;102.039;
1900-01-01 12:19:30;1041.0;1745720370;98.669;101.165;92.688;102.039;
1900-01-01 12:19:31;1042.0;1745720371;98.768;101.162;92.688;101.908;
1900-01-01 12:19:33;1043.0;1745720373;98.746;101.162;92.679;102.003;
1900-01-01 12:19:33;1044.0;1745720373;98.746;101.107;92.673;102.003;
1900-01-01 12:19:34;1045.0;1745720374;98.757;101.149;92.673;102.04;
1900-01-01 12:19:35;1046.0;1745720375;98.757;101.149;92.677;101.971;
1900-01-01 12:19:36;1047.0;1745720376;98.667;101.095;92.638;101.971;
1900-01-01 12:19:37;1048.0;1745720377;98.639;101.095;92.638;102.025;
1900-01-01 12:19:38;1049.0;1745720378;98.639;101.162;92.676;101.959;
1900-01-01 12:19:39;1050.0;1745720379;98.616;101.155;92.676;101.959;
1900-01-01 12:19:40;1051.0;1745720380;98.63;101.155;92.755;101.934;
1900-01-01 12:19:42;1052.0;1745720382;98.63;101.124;92.675;101.989;
1900-01-01 12:19:42;1053.0;1745720382;98.64;101.106;92.675;101.989;
1900-01-01 12:19:43;1054.0;1745720383;98.66;101.106;92.715;102.017;
1900-01-01 12:19:44;1055.0;1745720384;98.66;101.144;92.771;101.911;
1900-01-01 12:19:45;1056.0;1745720385;98.703;101.167;92.771;101.911;
1900-01-01 12:19:46;1057.0;1745720386;98.703;101.167;92.879;101.947;
1900-01-01 12:19:47;1058.0;1745720387;98.655;101.152;92.838;101.922;
1900-01-01 12:19:48;1059.0;1745720388;98.66;101.175;92.838;101.922;
1900-01-01 12:19:49;1060.0;1745720389;98.66;101.175;92.833;101.989;
1900-01-01 12:19:50;1061.0;1745720390;98.658;101.145;92.817;101.989;
1900-01-01 12:19:51;1062.0;1745720391;98.575;101.137;92.817;101.988;
1900-01-01 12:19:52;1063.0;1745720392;98.591;101.137;92.769;102.007;
1900-01-01 12:19:53;1064.0;1745720393;98.591;101.221;92.819;102.007;
1900-01-01 12:19:54;1065.0;1745720394;98.585;101.002;92.819;102.042;
1900-01-01 12:19:55;1066.0;1745720395;98.585;101.002;92.849;102.054;
1900-01-01 12:19:56;1067.0;1745720396;98.498;101.075;92.838;102.054;
1900-01-01 12:19:57;1068.0;1745720397;98.474;101.067;92.838;101.99;
1900-01-01 12:19:58;1069.0;1745720398;98.474;101.067;92.748;101.919;
1900-01-01 12:19:59;1070.0;1745720399;98.508;100.998;92.781;101.919;
1900-01-01 12:20:00;1071.0;1745720400;98.534;100.998;92.781;101.939;
1900-01-01 12:20:01;1072.0;1745720401;98.534;101.016;92.767;102.063;
1900-01-01 12:20:02;1073.0;1745720402;98.587;101.053;92.767;102.063;
1900-01-01 12:20:03;1074.0;1745720403;98.617;101.053;92.745;101.948;
1900-01-01 12:20:04;1075.0;1745720404;98.617;101.033;92.855;101.989;
1900-01-01 12:20:06;1076.0;1745720406;98.606;101.06;92.75;101.989;
1900-01-01 12:20:06;1077.0;1745720406;98.594;101.06;92.75;101.989;
1900-01-01 12:20:07;1078.0;1745720407;98.594;100.98;92.679;102.005;
1900-01-01 12:20:08;1079.0;1745720408;98.532;101.025;92.679;102.005;
1900-01-01 12:20:09;1080.0;1745720409;98.532;101.025;92.608;101.94;
1900-01-01 12:20:10;1081.0;1745720410;98.596;100.986;92.508;102.019;
1900-01-01 12:20:12;1082.0;1745720412;98.624;101.086;92.508;102.019;
1900-01-01 12:20:12;1083.0;1745720412;98.624;101.086;92.523;102.02;
1900-01-01 12:20:13;1084.0;1745720413;98.566;101.039;92.453;102.02;
1900-01-01 12:20:14;1085.0;1745720414;98.525;101.039;92.453;101.926;
1900-01-01 12:20:15;1086.0;1745720415;98.525;101.02;92.495;101.917;
1900-01-01 12:20:16;1087.0;1745720416;98.695;101.079;92.573;101.917;
1900-01-01 12:20:17;1088.0;1745720417;98.651;101.079;92.573;101.98;
1900-01-01 12:20:18;1089.0;1745720418;98.651;101.064;92.678;101.847;
1900-01-01 12:20:19;1090.0;1745720419;98.624;101.0;92.709;101.847;
1900-01-01 12:20:20;1091.0;1745720420;98.703;101.0;92.709;101.925;
1900-01-01 12:20:21;1092.0;1745720421;98.703;101.034;92.663;102.008;
1900-01-01 12:20:22;1093.0;1745720422;98.689;101.052;92.663;102.008;
1900-01-01 12:20:23;1094.0;1745720423;98.646;101.052;92.651;101.94;
1900-01-01 12:20:24;1095.0;1745720424;98.646;101.122;92.549;101.946;
1900-01-01 12:20:25;1096.0;1745720425;98.645;101.145;92.514;101.946;
1900-01-01 12:20:26;1097.0;1745720426;98.633;101.145;92.514;101.954;
1900-01-01 12:20:27;1098.0;1745720427;98.633;101.04;92.388;102.035;
1900-01-01 12:20:28;1099.0;1745720428;98.576;101.143;92.466;102.035;
1900-01-01 12:20:29;1100.0;1745720429;98.579;101.143;92.466;102.044;
1900-01-01 12:20:30;1101.0;1745720430;98.579;101.064;92.433;102.027;
1900-01-01 12:20:31;1102.0;1745720431;98.589;101.062;92.433;102.027;
1900-01-01 12:20:33;1103.0;1745720433;98.476;101.062;92.516;101.988;
1900-01-01 12:20:33;1104.0;1745720433;98.476;101.153;92.591;102.065;
1900-01-01 12:20:34;1105.0;1745720434;98.445;101.082;92.591;102.065;
1900-01-01 12:20:35;1106.0;1745720435;98.445;101.082;92.606;102.012;
1900-01-01 12:20:36;1107.0;1745720436;98.393;101.135;92.599;102.018;
1900-01-01 12:20:37;1108.0;1745720437;98.42;101.104;92.599;102.018;
1900-01-01 12:20:38;1109.0;1745720438;98.42;101.104;92.61;101.983;
1900-01-01 12:20:39;1110.0;1745720439;98.32;101.01;92.478;101.983;
1900-01-01 12:20:40;1111.0;1745720440;98.319;101.089;92.478;101.931;
1900-01-01 12:20:41;1112.0;1745720441;98.319;101.089;92.424;102.002;
1900-01-01 12:20:42;1113.0;1745720442;98.378;100.977;92.424;102.002;
1900-01-01 12:20:43;1114.0;1745720443;98.295;100.977;92.46;101.967;
1900-01-01 12:20:44;1115.0;1745720444;98.295;101.08;92.435;102.037;
1900-01-01 12:20:45;1116.0;1745720445;98.417;101.046;92.488;102.037;
1900-01-01 12:20:46;1117.0;1745720446;98.324;101.046;92.488;102.046;
1900-01-01 12:20:47;1118.0;1745720447;98.324;101.011;92.419;101.983;
1900-01-01 12:20:48;1119.0;1745720448;98.4;101.064;92.438;101.983;
1900-01-01 12:20:49;1120.0;1745720449;98.4;101.064;92.438;101.968;
1900-01-01 12:20:50;1121.0;1745720450;98.311;101.041;92.383;102.002;
1900-01-01 12:20:51;1122.0;1745720451;98.329;100.961;92.383;102.002;
1900-01-01 12:20:52;1123.0;1745720452;98.328;100.961;92.279;101.938;
1900-01-01 12:20:53;1124.0;1745720453;98.328;101.022;92.28;101.938;
1900-01-01 12:20:54;1125.0;1745720454;98.407;100.993;92.28;102.075;
1900-01-01 12:20:55;1126.0;1745720455;98.434;100.993;92.288;102.011;
1900-01-01 12:20:56;1127.0;1745720456;98.434;100.988;92.369;102.011;
1900-01-01 12:20:57;1128.0;1745720457;98.499;100.917;92.369;101.946;
1900-01-01 12:20:58;1129.0;1745720458;98.499;100.917;92.33;101.976;
1900-01-01 12:20:59;1130.0;1745720459;98.46;100.95;92.313;102.028;
1900-01-01 12:21:00;1131.0;1745720460;98.475;101.012;92.313;102.028;
1900-01-01 12:21:01;1132.0;1745720461;98.475;101.012;92.365;102.003;
1900-01-01 12:21:02;1133.0;1745720462;98.381;101.007;92.394;102.003;
1900-01-01 12:21:04;1134.0;1745720464;98.439;100.917;92.394;101.964;
1900-01-01 12:21:04;1135.0;1745720464;98.439;100.917;92.358;101.973;
1900-01-01 12:21:05;1136.0;1745720465;98.46;101.056;92.454;101.973;
1900-01-01 12:21:06;1137.0;1745720466;98.439;101.056;92.454;102.059;
1900-01-01 12:21:07;1138.0;1745720467;98.439;100.998;92.396;102.016;
1900-01-01 12:21:08;1139.0;1745720468;98.498;101.062;92.393;102.016;
1900-01-01 12:21:09;1140.0;1745720469;98.522;101.062;92.393;101.914;
1900-01-01 12:21:10;1141.0;1745720470;98.522;101.008;92.347;101.979;
1900-01-01 12:21:11;1142.0;1745720471;98.501;100.93;92.372;101.979;
1900-01-01 12:21:12;1143.0;1745720472;98.493;100.93;92.372;101.948;
1900-01-01 12:21:13;1144.0;1745720473;98.493;100.854;92.229;101.988;
1900-01-01 12:21:14;1145.0;1745720474;98.561;100.873;92.229;101.988;
1900-01-01 12:21:15;1146.0;1745720475;98.43;100.873;92.214;101.989;
1900-01-01 12:21:17;1147.0;1745720477;98.43;101.0;92.166;101.968;
1900-01-01 12:21:17;1148.0;1745720477;98.486;100.959;92.166;101.968;
1900-01-01 12:21:18;1149.0;1745720478;98.415;100.959;92.142;101.891;
1900-01-01 12:21:19;1150.0;1745720479;98.415;100.907;92.152;101.928;
1900-01-01 12:21:20;1151.0;1745720480;98.418;100.95;92.152;101.928;
1900-01-01 12:21:21;1152.0;1745720481;98.418;100.95;92.23;101.984;
1900-01-01 12:21:22;1153.0;1745720482;98.33;100.744;92.261;101.984;
1900-01-01 12:21:23;1154.0;1745720483;98.161;100.796;92.261;101.919;
1900-01-01 12:21:24;1155.0;1745720484;98.161;100.796;92.306;101.933;
1900-01-01 12:21:25;1156.0;1745720485;98.062;100.783;92.173;101.933;
1900-01-01 12:21:26;1157.0;1745720486;98.176;100.783;92.173;102.02;
1900-01-01 12:21:27;1158.0;1745720487;98.176;100.677;92.233;101.976;
1900-01-01 12:21:28;1159.0;1745720488;98.069;100.828;92.281;101.976;
1900-01-01 12:21:29;1160.0;1745720489;98.14;100.828;92.281;101.987;
1900-01-01 12:21:30;1161.0;1745720490;98.14;100.833;92.328;101.94;
1900-01-01 12:21:31;1162.0;1745720491;98.065;100.758;92.278;101.94;
1900-01-01 12:21:33;1163.0;1745720493;98.149;100.848;92.278;101.94;
1900-01-01 12:21:33;1164.0;1745720493;98.149;100.848;92.263;102.027;
1900-01-01 12:21:34;1165.0;1745720494;98.135;100.859;92.189;102.027;
1900-01-01 12:21:35;1166.0;1745720495;98.125;100.859;92.189;102.012;
1900-01-01 12:21:36;1167.0;1745720496;98.125;100.769;92.123;101.93;
1900-01-01 12:21:37;1168.0;1745720497;98.132;100.909;92.123;101.93;
1900-01-01 12:21:38;1169.0;1745720498;98.155;100.909;92.075;101.932;
1900-01-01 12:21:39;1170.0;1745720499;98.155;100.93;92.108;101.973;
1900-01-01 12:21:40;1171.0;1745720500;98.147;100.997;92.108;101.973;
1900-01-01 12:21:41;1172.0;1745720501;98.116;100.997;92.033;101.931;
1900-01-01 12:21:42;1173.0;1745720502;98.116;100.961;92.025;101.931;
1900-01-01 12:21:43;1174.0;1745720503;98.182;100.892;92.025;101.942;
1900-01-01 12:21:44;1175.0;1745720504;98.192;100.892;92.131;102.006;
1900-01-01 12:21:45;1176.0;1745720505;98.192;100.913;92.048;101.955;
1900-01-01 12:21:46;1177.0;1745720506;98.288;100.888;92.048;101.955;
1900-01-01 12:21:47;1178.0;1745720507;98.288;100.888;92.037;102.121;
1900-01-01 12:21:49;1179.0;1745720509;98.179;100.969;92.135;101.964;
1900-01-01 12:21:49;1180.0;1745720509;98.178;100.871;92.135;101.964;
1900-01-01 12:21:50;1181.0;1745720510;98.178;100.871;92.198;101.865;
1900-01-01 12:21:51;1182.0;1745720511;98.122;100.829;92.098;101.865;
1900-01-01 12:21:52;1183.0;1745720512;98.151;100.834;92.098;102.012;
1900-01-01 12:21:53;1184.0;1745720513;98.151;100.834;92.078;101.954;
1900-01-01 12:21:54;1185.0;1745720514;98.143;100.858;92.083;101.954;
1900-01-01 12:21:55;1186.0;1745720515;98.214;100.858;92.083;101.887;
1900-01-01 12:21:56;1187.0;1745720516;98.214;100.78;91.985;101.933;
1900-01-01 12:21:57;1188.0;1745720517;98.22;100.755;91.985;101.933;
1900-01-01 12:21:58;1189.0;1745720518;98.301;100.755;91.99;101.922;
1900-01-01 12:21:59;1190.0;1745720519;98.301;100.881;92.017;101.987;
1900-01-01 12:22:00;1191.0;1745720520;98.247;100.971;92.017;101.987;
1900-01-01 12:22:01;1192.0;1745720521;98.279;100.971;92.112;101.907;
1900-01-01 12:22:02;1193.0;1745720522;98.279;100.904;92.19;101.915;
1900-01-01 12:22:03;1194.0;1745720523;98.291;100.775;92.19;101.915;
1900-01-01 12:22:04;1195.0;1745720524;98.258;100.775;92.291;101.97;
1900-01-01 12:22:05;1196.0;1745720525;98.258;100.8;92.263;101.979;
1900-01-01 12:22:06;1197.0;1745720526;98.189;100.803;92.263;101.979;
1900-01-01 12:22:07;1198.0;1745720527;98.226;100.803;92.258;101.962;
1900-01-01 12:22:08;1199.0;1745720528;98.226;100.809;92.215;101.94;
1900-01-01 12:22:10;1200.0;1745720530;98.169;100.797;92.138;101.94;
