Time;Seconds from start for linreg;Unix Time;ch1 po2;ch2 po2;ch3 po2;ch4 po2;
1900-01-01 19:47:07;1.0;1745660827;99.802;101.374;96.473;107.316;
1900-01-01 19:47:08;2.0;1745660828;99.817;101.374;96.385;107.247;
1900-01-01 19:47:09;3.0;1745660829;99.817;101.325;96.371;107.247;
1900-01-01 19:47:10;4.0;1745660830;99.802;101.355;96.371;107.396;
1900-01-01 19:47:11;5.0;1745660831;99.791;101.355;96.275;107.299;
1900-01-01 19:47:13;6.0;1745660833;99.791;101.281;96.263;107.359;
1900-01-01 19:47:13;7.0;1745660833;99.801;101.278;96.263;107.359;
1900-01-01 19:47:14;8.0;1745660834;99.801;101.278;96.178;107.249;
1900-01-01 19:47:15;9.0;1745660835;99.782;101.233;96.167;107.341;
1900-01-01 19:47:16;10.0;1745660836;99.773;101.233;96.167;107.341;
1900-01-01 19:47:17;11.0;1745660837;99.773;101.172;96.061;107.295;
1900-01-01 19:47:18;12.0;1745660838;99.81;101.201;96.028;107.295;
1900-01-01 19:47:19;13.0;1745660839;99.77;101.201;96.028;107.227;
1900-01-01 19:47:20;14.0;1745660840;99.77;101.145;95.966;107.285;
1900-01-01 19:47:21;15.0;1745660841;99.789;101.177;96.031;107.285;
1900-01-01 19:47:22;16.0;1745660842;99.773;101.177;96.031;107.361;
1900-01-01 19:47:23;17.0;1745660843;99.773;101.158;96.061;107.377;
1900-01-01 19:47:24;18.0;1745660844;99.794;101.194;95.99;107.377;
1900-01-01 19:47:25;19.0;1745660845;99.733;101.194;95.99;107.366;
1900-01-01 19:47:26;20.0;1745660846;99.733;101.185;95.901;107.268;
1900-01-01 19:47:27;21.0;1745660847;99.75;101.235;95.944;107.268;
1900-01-01 19:47:28;22.0;1745660848;99.75;101.235;95.944;107.426;
1900-01-01 19:47:29;23.0;1745660849;99.713;101.254;95.93;107.301;
1900-01-01 19:47:30;24.0;1745660850;99.667;101.182;95.93;107.301;
1900-01-01 19:47:31;25.0;1745660851;99.667;101.182;95.99;107.317;
1900-01-01 19:47:32;26.0;1745660852;99.722;101.131;96.062;107.315;
1900-01-01 19:47:33;27.0;1745660853;99.575;101.148;96.062;107.315;
1900-01-01 19:47:34;28.0;1745660854;99.575;101.148;96.045;107.357;
1900-01-01 19:47:35;29.0;1745660855;99.631;101.198;96.092;107.357;
1900-01-01 19:47:36;30.0;1745660856;99.53;101.126;96.092;107.298;
1900-01-01 19:47:37;31.0;1745660857;99.53;101.126;95.951;107.224;
1900-01-01 19:47:38;32.0;1745660858;99.614;101.077;95.835;107.224;
1900-01-01 19:47:39;33.0;1745660859;99.571;101.102;95.835;107.25;
1900-01-01 19:47:40;34.0;1745660860;99.571;101.102;95.796;107.283;
1900-01-01 19:47:41;35.0;1745660861;99.579;101.062;95.737;107.283;
1900-01-01 19:47:42;36.0;1745660862;99.542;101.062;95.737;107.323;
1900-01-01 19:47:43;37.0;1745660863;99.542;101.071;95.768;107.21;
1900-01-01 19:47:45;38.0;1745660865;99.584;101.024;95.831;107.21;
1900-01-01 19:47:45;39.0;1745660865;99.618;101.024;95.831;107.254;
1900-01-01 19:47:46;40.0;1745660866;99.618;101.03;95.889;107.283;
1900-01-01 19:47:48;41.0;1745660868;99.541;101.106;95.829;107.283;
1900-01-01 19:47:48;42.0;1745660868;99.56;101.106;95.829;107.217;
1900-01-01 19:47:49;43.0;1745660869;99.56;101.081;95.858;107.274;
1900-01-01 19:47:50;44.0;1745660870;99.446;101.14;95.816;107.274;
1900-01-01 19:47:51;45.0;1745660871;99.464;101.14;95.816;107.268;
1900-01-01 19:47:52;46.0;1745660872;99.464;101.123;95.856;107.362;
1900-01-01 19:47:53;47.0;1745660873;99.355;101.14;95.897;107.362;
1900-01-01 19:47:54;48.0;1745660874;99.355;101.14;95.897;107.262;
1900-01-01 19:47:55;49.0;1745660875;99.424;101.118;95.928;107.388;
1900-01-01 19:47:56;50.0;1745660876;99.424;101.161;95.928;107.388;
1900-01-01 19:47:57;51.0;1745660877;99.424;101.161;95.902;107.292;
1900-01-01 19:47:58;52.0;1745660878;99.439;101.172;95.905;107.329;
1900-01-01 19:47:59;53.0;1745660879;99.403;101.081;95.905;107.329;
1900-01-01 19:48:00;54.0;1745660880;99.403;101.081;95.846;107.372;
1900-01-01 19:48:01;55.0;1745660881;99.391;101.13;95.967;107.372;
1900-01-01 19:48:02;56.0;1745660882;99.436;101.13;95.967;107.418;
1900-01-01 19:48:03;57.0;1745660883;99.436;101.136;95.972;107.406;
1900-01-01 19:48:04;58.0;1745660884;99.414;101.144;95.972;107.406;
1900-01-01 19:48:05;59.0;1745660885;99.403;101.144;95.951;107.35;
1900-01-01 19:48:06;60.0;1745660886;99.403;101.084;95.949;107.369;
1900-01-01 19:48:07;61.0;1745660887;99.382;101.078;95.949;107.369;
1900-01-01 19:48:08;62.0;1745660888;99.333;101.078;96.061;107.353;
1900-01-01 19:48:09;63.0;1745660889;99.333;101.086;96.019;107.387;
1900-01-01 19:48:10;64.0;1745660890;99.272;101.053;96.019;107.387;
1900-01-01 19:48:11;65.0;1745660891;99.232;101.053;96.032;107.461;
1900-01-01 19:48:12;66.0;1745660892;99.232;101.02;95.975;107.34;
1900-01-01 19:48:13;67.0;1745660893;99.21;101.0;95.975;107.34;
1900-01-01 19:48:14;68.0;1745660894;99.161;101.0;95.927;107.334;
1900-01-01 19:48:15;69.0;1745660895;99.161;100.999;95.69;107.344;
1900-01-01 19:48:16;70.0;1745660896;99.267;101.025;95.69;107.344;
1900-01-01 19:48:17;71.0;1745660897;99.267;101.025;95.566;107.402;
1900-01-01 19:48:18;72.0;1745660898;99.197;101.006;95.674;107.402;
1900-01-01 19:48:19;73.0;1745660899;99.271;101.001;95.674;107.324;
1900-01-01 19:48:20;74.0;1745660900;99.271;101.001;95.566;107.366;
1900-01-01 19:48:21;75.0;1745660901;99.122;101.109;95.566;107.366;
1900-01-01 19:48:22;76.0;1745660902;99.195;101.048;95.566;107.359;
1900-01-01 19:48:23;77.0;1745660903;99.195;101.048;95.595;107.356;
1900-01-01 19:48:24;78.0;1745660904;99.242;100.96;95.592;107.356;
1900-01-01 19:48:25;79.0;1745660905;99.193;100.96;95.592;107.407;
1900-01-01 19:48:26;80.0;1745660906;99.193;100.993;95.671;107.319;
1900-01-01 19:48:27;81.0;1745660907;99.225;101.066;95.726;107.319;
1900-01-01 19:48:28;82.0;1745660908;99.166;101.066;95.726;107.314;
1900-01-01 19:48:29;83.0;1745660909;99.166;101.009;95.649;107.374;
1900-01-01 19:48:31;84.0;1745660911;99.216;100.857;95.782;107.374;
1900-01-01 19:48:31;85.0;1745660911;99.203;100.857;95.782;107.376;
1900-01-01 19:48:32;86.0;1745660912;99.203;100.926;95.83;107.296;
1900-01-01 19:48:33;87.0;1745660913;99.221;100.907;95.83;107.296;
1900-01-01 19:48:34;88.0;1745660914;99.221;100.907;95.805;107.236;
1900-01-01 19:48:35;89.0;1745660915;99.159;100.935;95.867;107.193;
1900-01-01 19:48:36;90.0;1745660916;99.119;100.959;95.867;107.193;
1900-01-01 19:48:37;91.0;1745660917;99.119;100.959;95.799;107.253;
1900-01-01 19:48:38;92.0;1745660918;99.059;100.927;95.652;107.253;
1900-01-01 19:48:39;93.0;1745660919;98.98;100.872;95.652;107.299;
1900-01-01 19:48:40;94.0;1745660920;98.98;100.872;95.615;107.268;
1900-01-01 19:48:41;95.0;1745660921;99.05;101.004;95.508;107.268;
1900-01-01 19:48:42;96.0;1745660922;99.047;100.944;95.508;107.33;
1900-01-01 19:48:43;97.0;1745660923;99.047;100.944;95.5;107.319;
1900-01-01 19:48:44;98.0;1745660924;99.145;100.911;95.587;107.319;
1900-01-01 19:48:45;99.0;1745660925;99.049;100.911;95.587;107.434;
1900-01-01 19:48:46;100.0;1745660926;99.049;100.877;95.597;107.331;
1900-01-01 19:48:47;101.0;1745660927;99.075;100.898;95.538;107.331;
1900-01-01 19:48:48;102.0;1745660928;99.044;100.898;95.538;107.306;
1900-01-01 19:48:49;103.0;1745660929;99.044;100.865;95.573;107.306;
1900-01-01 19:48:50;104.0;1745660930;99.004;100.829;95.573;107.306;
1900-01-01 19:48:51;105.0;1745660931;99.028;100.829;95.549;107.292;
1900-01-01 19:48:52;106.0;1745660932;99.028;100.827;95.615;107.315;
1900-01-01 19:48:53;107.0;1745660933;99.11;100.84;95.615;107.315;
1900-01-01 19:48:54;108.0;1745660934;99.038;100.84;95.578;107.299;
1900-01-01 19:48:55;109.0;1745660935;99.038;100.913;95.545;107.357;
1900-01-01 19:48:57;110.0;1745660937;98.988;100.864;95.621;107.357;
1900-01-01 19:48:57;111.0;1745660937;98.988;100.864;95.621;107.341;
1900-01-01 19:48:58;112.0;1745660938;99.018;100.804;95.649;107.351;
1900-01-01 19:48:59;113.0;1745660939;98.982;100.773;95.649;107.351;
1900-01-01 19:49:00;114.0;1745660940;98.981;100.773;95.588;107.37;
1900-01-01 19:49:01;115.0;1745660941;98.981;100.78;95.513;107.37;
1900-01-01 19:49:02;116.0;1745660942;98.993;100.795;95.513;107.386;
1900-01-01 19:49:03;117.0;1745660943;98.993;100.795;95.464;107.286;
1900-01-01 19:49:04;118.0;1745660944;98.992;100.767;95.481;107.286;
1900-01-01 19:49:05;119.0;1745660945;98.979;100.698;95.481;107.28;
1900-01-01 19:49:06;120.0;1745660946;98.979;100.698;95.492;107.337;
1900-01-01 19:49:07;121.0;1745660947;98.894;100.803;95.523;107.337;
1900-01-01 19:49:08;122.0;1745660948;98.861;100.803;95.523;107.341;
1900-01-01 19:49:09;123.0;1745660949;98.861;100.79;95.521;107.384;
1900-01-01 19:49:10;124.0;1745660950;98.844;100.842;95.55;107.384;
1900-01-01 19:49:11;125.0;1745660951;98.793;100.809;95.55;107.306;
1900-01-01 19:49:12;126.0;1745660952;98.793;100.809;95.521;107.387;
1900-01-01 19:49:13;127.0;1745660953;98.788;100.782;95.41;107.387;
1900-01-01 19:49:14;128.0;1745660954;98.703;100.782;95.41;107.237;
1900-01-01 19:49:15;129.0;1745660955;98.703;100.778;95.321;107.28;
1900-01-01 19:49:16;130.0;1745660956;98.716;100.747;95.286;107.28;
1900-01-01 19:49:17;131.0;1745660957;98.674;100.747;95.286;107.264;
1900-01-01 19:49:18;132.0;1745660958;98.674;100.802;95.35;107.284;
1900-01-01 19:49:19;133.0;1745660959;98.598;100.719;95.351;107.284;
1900-01-01 19:49:20;134.0;1745660960;98.651;100.605;95.351;107.353;
1900-01-01 19:49:21;135.0;1745660961;98.651;100.605;95.373;107.401;
1900-01-01 19:49:22;136.0;1745660962;98.629;100.657;95.373;107.401;
1900-01-01 19:49:23;137.0;1745660963;98.616;100.657;95.317;107.314;
1900-01-01 19:49:24;138.0;1745660964;98.616;100.717;95.346;107.369;
1900-01-01 19:49:25;139.0;1745660965;98.506;100.649;95.346;107.369;
1900-01-01 19:49:26;140.0;1745660966;98.555;100.649;95.312;107.32;
1900-01-01 19:49:27;141.0;1745660967;98.555;100.669;95.395;107.323;
1900-01-01 19:49:28;142.0;1745660968;98.479;100.639;95.51;107.323;
1900-01-01 19:49:29;143.0;1745660969;98.413;100.639;95.51;107.277;
1900-01-01 19:49:30;144.0;1745660970;98.413;100.672;95.547;107.267;
1900-01-01 19:49:31;145.0;1745660971;98.426;100.627;95.547;107.267;
1900-01-01 19:49:32;146.0;1745660972;98.397;100.627;95.484;107.412;
1900-01-01 19:49:33;147.0;1745660973;98.397;100.719;95.375;107.276;
1900-01-01 19:49:34;148.0;1745660974;98.457;100.665;95.375;107.276;
1900-01-01 19:49:35;149.0;1745660975;98.457;100.665;95.33;107.281;
1900-01-01 19:49:36;150.0;1745660976;98.43;100.675;95.201;107.372;
1900-01-01 19:49:37;151.0;1745660977;98.392;100.635;95.201;107.372;
1900-01-01 19:49:38;152.0;1745660978;98.392;100.635;95.174;107.387;
1900-01-01 19:49:39;153.0;1745660979;98.413;100.632;95.095;107.387;
1900-01-01 19:49:40;154.0;1745660980;98.371;100.611;95.095;107.238;
1900-01-01 19:49:41;155.0;1745660981;98.371;100.611;95.126;107.367;
1900-01-01 19:49:42;156.0;1745660982;98.426;100.554;95.227;107.367;
1900-01-01 19:49:43;157.0;1745660983;98.403;100.542;95.227;107.389;
1900-01-01 19:49:44;158.0;1745660984;98.403;100.542;95.098;107.337;
1900-01-01 19:49:46;159.0;1745660986;98.441;100.502;95.258;107.337;
1900-01-01 19:49:46;160.0;1745660986;98.432;100.502;95.258;107.3;
1900-01-01 19:49:47;161.0;1745660987;98.432;100.536;95.182;107.368;
1900-01-01 19:49:48;162.0;1745660988;98.353;100.537;95.182;107.368;
1900-01-01 19:49:49;163.0;1745660989;98.46;100.537;95.261;107.323;
1900-01-01 19:49:50;164.0;1745660990;98.46;100.554;95.165;107.274;
1900-01-01 19:49:52;165.0;1745660992;98.381;100.53;95.216;107.274;
1900-01-01 19:49:52;166.0;1745660992;98.398;100.53;95.216;107.26;
1900-01-01 19:49:54;167.0;1745660994;98.398;100.595;95.199;107.325;
1900-01-01 19:49:54;168.0;1745660994;98.462;100.558;95.199;107.325;
1900-01-01 19:49:55;169.0;1745660995;98.375;100.558;95.275;107.335;
1900-01-01 19:49:56;170.0;1745660996;98.375;100.457;95.333;107.292;
1900-01-01 19:49:57;171.0;1745660997;98.296;100.56;95.333;107.292;
1900-01-01 19:49:58;172.0;1745660998;98.296;100.56;95.266;107.372;
1900-01-01 19:49:59;173.0;1745660999;98.388;100.551;95.201;107.372;
1900-01-01 19:50:00;174.0;1745661000;98.33;100.556;95.201;107.391;
1900-01-01 19:50:01;175.0;1745661001;98.33;100.556;95.311;107.341;
1900-01-01 19:50:02;176.0;1745661002;98.314;100.54;95.366;107.341;
1900-01-01 19:50:03;177.0;1745661003;98.258;100.572;95.366;107.321;
1900-01-01 19:50:04;178.0;1745661004;98.258;100.572;95.21;107.298;
1900-01-01 19:50:05;179.0;1745661005;98.237;100.466;95.183;107.298;
1900-01-01 19:50:06;180.0;1745661006;98.227;100.466;95.183;107.284;
1900-01-01 19:50:07;181.0;1745661007;98.227;100.505;95.076;107.266;
1900-01-01 19:50:08;182.0;1745661008;98.182;100.446;95.076;107.266;
1900-01-01 19:50:09;183.0;1745661009;98.217;100.446;95.045;107.32;
1900-01-01 19:50:10;184.0;1745661010;98.217;100.504;95.008;107.369;
1900-01-01 19:50:11;185.0;1745661011;98.103;100.413;95.008;107.369;
1900-01-01 19:50:12;186.0;1745661012;98.144;100.413;94.904;107.311;
1900-01-01 19:50:13;187.0;1745661013;98.144;100.387;94.932;107.36;
1900-01-01 19:50:14;188.0;1745661014;98.035;100.4;94.932;107.36;
1900-01-01 19:50:15;189.0;1745661015;97.994;100.4;94.994;107.304;
1900-01-01 19:50:16;190.0;1745661016;97.994;100.357;95.034;107.359;
1900-01-01 19:50:17;191.0;1745661017;97.895;100.352;95.034;107.359;
1900-01-01 19:50:18;192.0;1745661018;97.895;100.352;95.035;107.324;
1900-01-01 19:50:19;193.0;1745661019;97.865;100.38;95.005;107.324;
1900-01-01 19:50:21;194.0;1745661021;97.75;100.373;95.005;107.276;
1900-01-01 19:50:21;195.0;1745661021;97.75;100.373;94.97;107.362;
1900-01-01 19:50:22;196.0;1745661022;97.664;100.34;95.034;107.362;
1900-01-01 19:50:24;197.0;1745661024;97.58;100.291;95.034;107.383;
1900-01-01 19:50:24;198.0;1745661024;97.58;100.291;95.025;107.322;
1900-01-01 19:50:25;199.0;1745661025;97.602;100.303;94.955;107.322;
1900-01-01 19:50:26;200.0;1745661026;97.643;100.274;94.955;107.315;
1900-01-01 19:50:27;201.0;1745661027;97.643;100.274;94.916;107.396;
1900-01-01 19:50:28;202.0;1745661028;97.586;100.211;95.008;107.396;
1900-01-01 19:50:29;203.0;1745661029;97.619;100.211;95.008;107.316;
1900-01-01 19:50:30;204.0;1745661030;97.619;100.265;95.021;107.302;
1900-01-01 19:50:31;205.0;1745661031;97.708;100.235;95.021;107.302;
1900-01-01 19:50:32;206.0;1745661032;97.695;100.235;95.086;107.232;
1900-01-01 19:50:33;207.0;1745661033;97.695;100.3;95.068;107.251;
1900-01-01 19:50:34;208.0;1745661034;97.759;100.259;95.068;107.251;
1900-01-01 19:50:35;209.0;1745661035;97.647;100.259;94.967;107.381;
1900-01-01 19:50:36;210.0;1745661036;97.647;100.282;95.079;107.376;
1900-01-01 19:50:38;211.0;1745661038;97.667;100.26;94.975;107.376;
1900-01-01 19:50:38;212.0;1745661038;97.674;100.26;94.975;107.331;
1900-01-01 19:50:39;213.0;1745661039;97.674;100.321;94.96;107.352;
1900-01-01 19:50:40;214.0;1745661040;97.533;100.354;94.96;107.352;
1900-01-01 19:50:41;215.0;1745661041;97.533;100.354;94.933;107.368;
1900-01-01 19:50:42;216.0;1745661042;97.584;100.243;94.974;107.429;
1900-01-01 19:50:43;217.0;1745661043;97.623;100.353;94.974;107.429;
1900-01-01 19:50:44;218.0;1745661044;97.623;100.353;94.966;107.397;
1900-01-01 19:50:45;219.0;1745661045;97.596;100.275;94.894;107.42;
1900-01-01 19:50:46;220.0;1745661046;97.526;100.273;94.894;107.42;
1900-01-01 19:50:47;221.0;1745661047;97.526;100.273;94.822;107.366;
1900-01-01 19:50:48;222.0;1745661048;97.503;100.307;94.912;107.366;
1900-01-01 19:50:49;223.0;1745661049;97.458;100.294;94.912;107.301;
1900-01-01 19:50:50;224.0;1745661050;97.458;100.294;94.867;107.337;
1900-01-01 19:50:51;225.0;1745661051;97.445;100.226;94.75;107.337;
1900-01-01 19:50:52;226.0;1745661052;97.379;100.22;94.75;107.36;
1900-01-01 19:50:53;227.0;1745661053;97.379;100.22;94.776;107.348;
1900-01-01 19:50:54;228.0;1745661054;97.455;100.207;94.8;107.348;
1900-01-01 19:50:55;229.0;1745661055;97.526;100.207;94.8;107.339;
1900-01-01 19:50:56;230.0;1745661056;97.526;100.232;94.751;107.297;
1900-01-01 19:50:58;231.0;1745661058;97.453;100.173;94.949;107.297;
1900-01-01 19:50:58;232.0;1745661058;97.54;100.173;94.949;107.374;
1900-01-01 19:50:59;233.0;1745661059;97.54;100.196;94.898;107.265;
1900-01-01 19:51:00;234.0;1745661060;97.479;100.249;94.801;107.265;
1900-01-01 19:51:01;235.0;1745661061;97.479;100.249;94.801;107.426;
1900-01-01 19:51:02;236.0;1745661062;97.481;100.131;94.826;107.37;
1900-01-01 19:51:03;237.0;1745661063;97.607;100.229;94.826;107.37;
1900-01-01 19:51:04;238.0;1745661064;97.607;100.229;94.862;107.365;
1900-01-01 19:51:05;239.0;1745661065;97.574;100.178;94.81;107.365;
1900-01-01 19:51:06;240.0;1745661066;97.639;100.23;94.81;107.329;
1900-01-01 19:51:07;241.0;1745661067;97.639;100.23;94.765;107.328;
1900-01-01 19:51:08;242.0;1745661068;97.546;100.169;94.756;107.328;
1900-01-01 19:51:09;243.0;1745661069;97.463;100.175;94.756;107.351;
1900-01-01 19:51:10;244.0;1745661070;97.463;100.175;94.734;107.376;
1900-01-01 19:51:11;245.0;1745661071;97.413;99.924;94.739;107.376;
1900-01-01 19:51:12;246.0;1745661072;97.363;99.976;94.739;107.351;
1900-01-01 19:51:13;247.0;1745661073;97.363;99.976;94.627;107.335;
1900-01-01 19:51:14;248.0;1745661074;97.283;100.052;94.722;107.335;
1900-01-01 19:51:16;249.0;1745661076;97.227;99.965;94.722;107.388;
1900-01-01 19:51:16;250.0;1745661076;97.227;99.965;94.741;107.314;
1900-01-01 19:51:17;251.0;1745661077;97.197;99.999;94.731;107.314;
1900-01-01 19:51:18;252.0;1745661078;97.241;99.999;94.731;107.33;
1900-01-01 19:51:19;253.0;1745661079;97.241;99.967;94.701;107.334;
1900-01-01 19:51:21;254.0;1745661081;97.284;99.881;94.862;107.334;
1900-01-01 19:51:21;255.0;1745661081;97.199;99.881;94.862;107.333;
1900-01-01 19:51:22;256.0;1745661082;97.199;100.033;94.847;107.349;
1900-01-01 19:51:23;257.0;1745661083;97.276;99.953;94.847;107.349;
1900-01-01 19:51:24;258.0;1745661084;97.276;99.953;94.804;107.419;
1900-01-01 19:51:25;259.0;1745661085;97.315;100.021;94.712;107.419;
1900-01-01 19:51:26;260.0;1745661086;97.242;99.984;94.712;107.364;
1900-01-01 19:51:28;261.0;1745661088;97.224;99.984;94.807;107.304;
1900-01-01 19:51:28;262.0;1745661088;97.224;99.946;94.914;107.304;
1900-01-01 19:51:29;263.0;1745661089;97.238;99.979;94.914;107.325;
1900-01-01 19:51:30;264.0;1745661090;97.238;99.979;94.917;107.353;
1900-01-01 19:51:31;265.0;1745661091;97.318;99.993;94.844;107.353;
1900-01-01 19:51:32;266.0;1745661092;97.3;99.993;94.844;107.366;
1900-01-01 19:51:33;267.0;1745661093;97.3;99.864;94.798;107.336;
1900-01-01 19:51:34;268.0;1745661094;97.183;99.916;94.605;107.336;
1900-01-01 19:51:35;269.0;1745661095;97.103;99.916;94.605;107.219;
1900-01-01 19:51:36;270.0;1745661096;97.103;99.909;94.521;107.323;
1900-01-01 19:51:37;271.0;1745661097;97.143;99.77;94.521;107.323;
1900-01-01 19:51:38;272.0;1745661098;97.057;99.77;94.538;107.34;
1900-01-01 19:51:39;273.0;1745661099;97.057;99.848;94.615;107.306;
1900-01-01 19:51:40;274.0;1745661100;96.945;99.882;94.615;107.306;
1900-01-01 19:51:41;275.0;1745661101;96.949;99.882;94.583;107.295;
1900-01-01 19:51:42;276.0;1745661102;96.949;99.909;94.5;107.248;
1900-01-01 19:51:43;277.0;1745661103;96.871;99.885;94.5;107.248;
1900-01-01 19:51:44;278.0;1745661104;96.8;99.885;94.574;107.383;
1900-01-01 19:51:45;279.0;1745661105;96.8;99.845;94.537;107.367;
1900-01-01 19:51:46;280.0;1745661106;96.695;99.797;94.537;107.367;
1900-01-01 19:51:47;281.0;1745661107;96.695;99.797;94.6;107.297;
1900-01-01 19:51:48;282.0;1745661108;96.64;99.806;94.557;107.306;
1900-01-01 19:51:49;283.0;1745661109;96.591;99.836;94.557;107.306;
1900-01-01 19:51:50;284.0;1745661110;96.591;99.836;94.507;107.321;
1900-01-01 19:51:51;285.0;1745661111;96.61;99.78;94.515;107.321;
1900-01-01 19:51:52;286.0;1745661112;96.579;99.852;94.515;107.416;
1900-01-01 19:51:53;287.0;1745661113;96.579;99.852;94.373;107.325;
1900-01-01 19:51:54;288.0;1745661114;96.488;99.781;94.312;107.325;
1900-01-01 19:51:55;289.0;1745661115;96.537;99.781;94.312;107.364;
1900-01-01 19:51:56;290.0;1745661116;96.537;99.731;94.357;107.256;
1900-01-01 19:51:57;291.0;1745661117;96.483;99.804;94.357;107.256;
1900-01-01 19:51:58;292.0;1745661118;96.524;99.804;94.506;107.265;
1900-01-01 19:51:59;293.0;1745661119;96.524;99.654;94.548;107.348;
1900-01-01 19:52:00;294.0;1745661120;96.47;99.888;94.548;107.348;
1900-01-01 19:52:01;295.0;1745661121;96.494;99.888;94.529;107.372;
1900-01-01 19:52:02;296.0;1745661122;96.494;99.741;94.586;107.339;
1900-01-01 19:52:03;297.0;1745661123;96.504;99.763;94.586;107.339;
1900-01-01 19:52:04;298.0;1745661124;96.504;99.763;94.54;107.338;
1900-01-01 19:52:05;299.0;1745661125;96.608;99.74;94.468;107.34;
1900-01-01 19:52:06;300.0;1745661126;96.589;99.785;94.468;107.34;
1900-01-01 19:52:07;301.0;1745661127;96.589;99.785;94.409;107.346;
1900-01-01 19:52:09;302.0;1745661129;96.702;99.715;94.481;107.23;
1900-01-01 19:52:09;303.0;1745661129;96.665;99.715;94.481;107.23;
1900-01-01 19:52:10;304.0;1745661130;96.665;99.735;94.322;107.296;
1900-01-01 19:52:11;305.0;1745661131;96.641;99.656;94.279;107.296;
1900-01-01 19:52:12;306.0;1745661132;96.58;99.656;94.279;107.362;
1900-01-01 19:52:13;307.0;1745661133;96.58;99.782;94.342;107.312;
1900-01-01 19:52:14;308.0;1745661134;96.548;99.717;94.294;107.312;
1900-01-01 19:52:15;309.0;1745661135;96.532;99.717;94.294;107.305;
1900-01-01 19:52:16;310.0;1745661136;96.532;99.684;94.194;107.349;
1900-01-01 19:52:17;311.0;1745661137;96.602;99.704;94.18;107.349;
1900-01-01 19:52:19;312.0;1745661139;96.611;99.654;94.18;107.378;
1900-01-01 19:52:19;313.0;1745661139;96.611;99.654;94.14;107.203;
1900-01-01 19:52:20;314.0;1745661140;96.671;99.792;94.328;107.203;
1900-01-01 19:52:21;315.0;1745661141;96.682;99.792;94.328;107.378;
1900-01-01 19:52:22;316.0;1745661142;96.682;99.683;94.365;107.324;
1900-01-01 19:52:23;317.0;1745661143;96.706;99.741;94.365;107.324;
1900-01-01 19:52:24;318.0;1745661144;96.733;99.741;94.327;107.315;
1900-01-01 19:52:25;319.0;1745661145;96.733;99.735;94.282;107.343;
1900-01-01 19:52:26;320.0;1745661146;96.767;99.712;94.282;107.343;
1900-01-01 19:52:27;321.0;1745661147;96.69;99.712;94.253;107.376;
1900-01-01 19:52:28;322.0;1745661148;96.69;99.8;94.195;107.376;
1900-01-01 19:52:29;323.0;1745661149;96.617;99.702;94.195;107.369;
1900-01-01 19:52:30;324.0;1745661150;96.617;99.702;94.309;107.202;
1900-01-01 19:52:31;325.0;1745661151;96.553;99.744;94.302;107.202;
1900-01-01 19:52:32;326.0;1745661152;96.569;99.651;94.302;107.376;
1900-01-01 19:52:33;327.0;1745661153;96.569;99.651;94.386;107.444;
1900-01-01 19:52:34;328.0;1745661154;96.58;99.669;94.478;107.444;
1900-01-01 19:52:35;329.0;1745661155;96.586;99.669;94.478;107.324;
1900-01-01 19:52:36;330.0;1745661156;96.586;99.67;94.516;107.291;
1900-01-01 19:52:38;331.0;1745661158;96.432;99.647;94.458;107.291;
1900-01-01 19:52:38;332.0;1745661158;96.491;99.647;94.458;107.324;
1900-01-01 19:52:39;333.0;1745661159;96.491;99.582;94.433;107.37;
1900-01-01 19:52:40;334.0;1745661160;96.409;99.62;94.316;107.37;
1900-01-01 19:52:41;335.0;1745661161;96.377;99.62;94.316;107.316;
1900-01-01 19:52:42;336.0;1745661162;96.377;99.604;94.309;107.386;
1900-01-01 19:52:43;337.0;1745661163;96.329;99.578;94.339;107.386;
1900-01-01 19:52:45;338.0;1745661165;96.285;99.578;94.339;107.36;
1900-01-01 19:52:45;339.0;1745661165;96.285;99.562;94.166;107.269;
1900-01-01 19:52:46;340.0;1745661166;96.141;99.545;94.166;107.269;
1900-01-01 19:52:47;341.0;1745661167;96.141;99.545;94.095;107.31;
1900-01-01 19:52:48;342.0;1745661168;96.07;99.422;93.988;107.281;
1900-01-01 19:52:49;343.0;1745661169;96.067;99.475;93.988;107.281;
1900-01-01 19:52:50;344.0;1745661170;96.04;99.475;93.95;107.281;
1900-01-01 19:52:51;345.0;1745661171;96.04;99.489;94.073;107.281;
1900-01-01 19:52:52;346.0;1745661172;96.023;99.443;94.073;107.329;
1900-01-01 19:52:53;347.0;1745661173;96.057;99.443;94.115;107.306;
1900-01-01 19:52:54;348.0;1745661174;96.057;99.414;94.118;107.306;
1900-01-01 19:52:55;349.0;1745661175;96.032;99.468;94.118;107.349;
1900-01-01 19:52:56;350.0;1745661176;96.032;99.468;94.088;107.338;
1900-01-01 19:52:57;351.0;1745661177;95.993;99.465;93.957;107.292;
1900-01-01 19:52:58;352.0;1745661178;96.043;99.465;93.957;107.292;
1900-01-01 19:52:59;353.0;1745661179;96.043;99.475;93.882;107.408;
1900-01-01 19:53:00;354.0;1745661180;96.053;99.451;94.037;107.408;
1900-01-01 19:53:01;355.0;1745661181;96.111;99.451;94.037;107.376;
1900-01-01 19:53:02;356.0;1745661182;96.111;99.488;93.992;107.333;
1900-01-01 19:53:03;357.0;1745661183;96.012;99.499;94.028;107.333;
1900-01-01 19:53:04;358.0;1745661184;96.051;99.499;94.028;107.222;
1900-01-01 19:53:05;359.0;1745661185;96.051;99.542;93.961;107.338;
1900-01-01 19:53:06;360.0;1745661186;95.992;99.463;93.901;107.338;
1900-01-01 19:53:07;361.0;1745661187;95.946;99.463;93.901;107.265;
1900-01-01 19:53:08;362.0;1745661188;95.946;99.52;93.88;107.312;
1900-01-01 19:53:09;363.0;1745661189;95.929;99.45;93.88;107.312;
1900-01-01 19:53:11;364.0;1745661191;95.942;99.45;93.843;107.359;
1900-01-01 19:53:11;365.0;1745661191;95.942;99.514;93.942;107.303;
1900-01-01 19:53:12;366.0;1745661192;95.927;99.552;93.942;107.303;
1900-01-01 19:53:13;367.0;1745661193;95.927;99.552;93.946;107.355;
1900-01-01 19:53:14;368.0;1745661194;95.956;99.43;93.982;107.355;
1900-01-01 19:53:15;369.0;1745661195;95.998;99.445;93.982;107.212;
1900-01-01 19:53:16;370.0;1745661196;95.942;99.445;93.906;107.275;
1900-01-01 19:53:17;371.0;1745661197;95.942;99.474;93.993;107.273;
1900-01-01 19:53:18;372.0;1745661198;95.81;99.497;93.993;107.273;
1900-01-01 19:53:19;373.0;1745661199;95.81;99.497;93.827;107.323;
1900-01-01 19:53:20;374.0;1745661200;95.823;99.415;93.875;107.323;
1900-01-01 19:53:21;375.0;1745661201;95.778;99.415;93.875;107.291;
1900-01-01 19:53:22;376.0;1745661202;95.778;99.415;93.802;107.294;
1900-01-01 19:53:23;377.0;1745661203;95.749;99.374;93.889;107.294;
1900-01-01 19:53:24;378.0;1745661204;95.781;99.379;93.889;107.273;
1900-01-01 19:53:25;379.0;1745661205;95.781;99.379;93.777;107.345;
1900-01-01 19:53:26;380.0;1745661206;95.716;99.312;93.726;107.345;
1900-01-01 19:53:27;381.0;1745661207;95.726;99.312;93.726;107.302;
1900-01-01 19:53:28;382.0;1745661208;95.726;99.305;93.826;107.298;
1900-01-01 19:53:29;383.0;1745661209;95.768;99.329;93.877;107.298;
1900-01-01 19:53:30;384.0;1745661210;95.727;99.329;93.877;107.326;
1900-01-01 19:53:31;385.0;1745661211;95.727;99.331;93.857;107.304;
1900-01-01 19:53:32;386.0;1745661212;95.821;99.321;93.943;107.304;
1900-01-01 19:53:34;387.0;1745661214;95.778;99.321;93.943;107.276;
1900-01-01 19:53:34;388.0;1745661214;95.778;99.397;93.894;107.36;
1900-01-01 19:53:35;389.0;1745661215;95.804;99.268;93.894;107.36;
1900-01-01 19:53:36;390.0;1745661216;95.841;99.268;93.86;107.299;
1900-01-01 19:53:37;391.0;1745661217;95.841;99.289;93.822;107.339;
1900-01-01 19:53:39;392.0;1745661219;95.803;99.251;93.754;107.339;
1900-01-01 19:53:39;393.0;1745661219;95.812;99.251;93.754;107.311;
1900-01-01 19:53:40;394.0;1745661220;95.812;99.143;93.799;107.325;
1900-01-01 19:53:41;395.0;1745661221;95.862;99.195;93.895;107.325;
1900-01-01 19:53:42;396.0;1745661222;95.826;99.195;93.895;107.259;
1900-01-01 19:53:43;397.0;1745661223;95.826;99.161;93.878;107.291;
1900-01-01 19:53:44;398.0;1745661224;95.773;99.129;93.878;107.291;
1900-01-01 19:53:46;399.0;1745661226;95.741;99.129;93.915;107.328;
1900-01-01 19:53:46;400.0;1745661226;95.741;99.158;93.946;107.328;
1900-01-01 19:53:47;401.0;1745661227;95.757;99.144;93.946;107.319;
1900-01-01 19:53:48;402.0;1745661228;95.689;99.144;93.874;107.274;
1900-01-01 19:53:49;403.0;1745661229;95.689;99.052;93.815;107.274;
1900-01-01 19:53:50;404.0;1745661230;95.655;99.13;93.815;107.246;
1900-01-01 19:53:51;405.0;1745661231;95.655;99.13;93.837;107.349;
1900-01-01 19:53:52;406.0;1745661232;95.69;99.092;93.826;107.349;
1900-01-01 19:53:53;407.0;1745661233;95.747;99.092;93.826;107.283;
1900-01-01 19:53:54;408.0;1745661234;95.747;99.083;93.708;107.271;
1900-01-01 19:53:55;409.0;1745661235;95.732;99.102;93.706;107.271;
1900-01-01 19:53:56;410.0;1745661236;95.823;99.102;93.706;107.292;
1900-01-01 19:53:57;411.0;1745661237;95.823;99.065;93.786;107.255;
1900-01-01 19:53:59;412.0;1745661239;95.733;99.151;93.77;107.255;
1900-01-01 19:53:59;413.0;1745661239;95.741;99.151;93.77;107.332;
1900-01-01 19:54:00;414.0;1745661240;95.741;99.096;93.738;107.378;
1900-01-01 19:54:01;415.0;1745661241;95.682;99.048;93.707;107.378;
1900-01-01 19:54:02;416.0;1745661242;95.652;99.048;93.707;107.388;
1900-01-01 19:54:03;417.0;1745661243;95.652;99.04;93.607;107.297;
1900-01-01 19:54:04;418.0;1745661244;95.611;98.991;93.607;107.297;
1900-01-01 19:54:05;419.0;1745661245;95.606;98.991;93.547;107.356;
1900-01-01 19:54:06;420.0;1745661246;95.606;98.964;93.672;107.302;
1900-01-01 19:54:07;421.0;1745661247;95.62;98.969;93.597;107.302;
1900-01-01 19:54:08;422.0;1745661248;95.59;98.969;93.597;107.323;
1900-01-01 19:54:09;423.0;1745661249;95.59;98.968;93.597;107.428;
1900-01-01 19:54:10;424.0;1745661250;95.49;99.003;93.597;107.428;
1900-01-01 19:54:11;425.0;1745661251;95.521;99.003;93.635;107.36;
1900-01-01 19:54:12;426.0;1745661252;95.521;99.037;93.682;107.36;
1900-01-01 19:54:13;427.0;1745661253;95.509;98.964;93.682;107.386;
1900-01-01 19:54:14;428.0;1745661254;95.536;98.964;93.689;107.35;
1900-01-01 19:54:15;429.0;1745661255;95.536;99.033;93.706;107.289;
1900-01-01 19:54:16;430.0;1745661256;95.515;99.058;93.707;107.289;
1900-01-01 19:54:17;431.0;1745661257;95.549;99.058;93.707;107.331;
1900-01-01 19:54:18;432.0;1745661258;95.549;99.077;93.686;107.416;
1900-01-01 19:54:19;433.0;1745661259;95.467;98.974;93.686;107.416;
1900-01-01 19:54:20;434.0;1745661260;95.511;98.974;93.634;107.388;
1900-01-01 19:54:21;435.0;1745661261;95.511;98.997;93.545;107.337;
1900-01-01 19:54:22;436.0;1745661262;95.504;99.058;93.545;107.337;
1900-01-01 19:54:23;437.0;1745661263;95.544;99.058;93.417;107.368;
1900-01-01 19:54:24;438.0;1745661264;95.544;99.006;93.459;107.329;
1900-01-01 19:54:25;439.0;1745661265;95.559;99.053;93.514;107.329;
1900-01-01 19:54:26;440.0;1745661266;95.559;99.053;93.514;107.316;
1900-01-01 19:54:27;441.0;1745661267;95.55;99.032;93.474;107.252;
1900-01-01 19:54:28;442.0;1745661268;95.492;99.012;93.474;107.252;
1900-01-01 19:54:30;443.0;1745661270;95.354;99.012;93.489;107.236;
1900-01-01 19:54:30;444.0;1745661270;95.354;99.051;93.508;107.236;
1900-01-01 19:54:31;445.0;1745661271;95.398;98.955;93.508;107.39;
1900-01-01 19:54:32;446.0;1745661272;95.398;98.955;93.48;107.328;
1900-01-01 19:54:33;447.0;1745661273;95.322;98.973;93.446;107.328;
1900-01-01 19:54:34;448.0;1745661274;95.307;98.949;93.446;107.321;
1900-01-01 19:54:35;449.0;1745661275;95.307;98.949;93.421;107.34;
1900-01-01 19:54:36;450.0;1745661276;95.217;98.968;93.395;107.339;
1900-01-01 19:54:37;451.0;1745661277;95.29;98.968;93.395;107.339;
1900-01-01 19:54:38;452.0;1745661278;95.29;98.867;93.374;107.309;
1900-01-01 19:54:39;453.0;1745661279;95.235;98.99;93.386;107.309;
1900-01-01 19:54:40;454.0;1745661280;95.2;98.86;93.386;107.351;
1900-01-01 19:54:41;455.0;1745661281;95.2;98.86;93.352;107.339;
1900-01-01 19:54:42;456.0;1745661282;95.315;98.856;93.4;107.339;
1900-01-01 19:54:43;457.0;1745661283;95.353;98.847;93.4;107.258;
1900-01-01 19:54:44;458.0;1745661284;95.353;98.847;93.423;107.377;
1900-01-01 19:54:45;459.0;1745661285;95.244;98.807;93.391;107.377;
1900-01-01 19:54:46;460.0;1745661286;95.3;98.807;93.391;107.289;
1900-01-01 19:54:47;461.0;1745661287;95.3;98.758;93.377;107.226;
1900-01-01 19:54:49;462.0;1745661289;95.289;98.802;93.269;107.226;
1900-01-01 19:54:49;463.0;1745661289;95.236;98.802;93.269;107.281;
1900-01-01 19:54:50;464.0;1745661290;95.236;98.832;93.229;107.264;
1900-01-01 19:54:51;465.0;1745661291;95.244;98.756;93.214;107.264;
1900-01-01 19:54:52;466.0;1745661292;95.234;98.638;93.214;107.217;
1900-01-01 19:54:53;467.0;1745661293;95.234;98.638;93.162;107.324;
1900-01-01 19:54:55;468.0;1745661295;95.288;98.743;93.188;107.248;
1900-01-01 19:54:55;469.0;1745661295;95.319;98.683;93.188;107.248;
1900-01-01 19:54:56;470.0;1745661296;95.319;98.683;93.177;107.352;
1900-01-01 19:54:57;471.0;1745661297;95.297;98.751;93.38;107.352;
1900-01-01 19:54:58;472.0;1745661298;95.337;98.751;93.38;107.261;
1900-01-01 19:54:59;473.0;1745661299;95.337;98.686;93.426;107.23;
1900-01-01 19:55:00;474.0;1745661300;95.292;98.61;93.366;107.23;
1900-01-01 19:55:01;475.0;1745661301;95.239;98.607;93.366;107.361;
1900-01-01 19:55:02;476.0;1745661302;95.239;98.607;93.415;107.281;
1900-01-01 19:55:03;477.0;1745661303;95.21;98.653;93.426;107.281;
1900-01-01 19:55:04;478.0;1745661304;95.19;98.653;93.426;107.382;
1900-01-01 19:55:05;479.0;1745661305;95.19;98.591;93.452;107.276;
1900-01-01 19:55:06;480.0;1745661306;95.104;98.569;93.405;107.276;
1900-01-01 19:55:08;481.0;1745661308;95.175;98.59;93.405;107.23;
1900-01-01 19:55:08;482.0;1745661308;95.175;98.59;93.26;107.349;
1900-01-01 19:55:09;483.0;1745661309;95.115;98.612;93.12;107.349;
1900-01-01 19:55:10;484.0;1745661310;95.129;98.651;93.12;107.29;
1900-01-01 19:55:11;485.0;1745661311;95.129;98.651;93.074;107.351;
1900-01-01 19:55:12;486.0;1745661312;95.13;98.571;93.166;107.351;
1900-01-01 19:55:13;487.0;1745661313;94.905;98.571;93.166;107.285;
1900-01-01 19:55:14;488.0;1745661314;94.905;98.695;93.177;107.343;
1900-01-01 19:55:15;489.0;1745661315;94.929;98.621;93.159;107.343;
1900-01-01 19:55:16;490.0;1745661316;94.937;98.601;93.159;107.255;
1900-01-01 19:55:17;491.0;1745661317;94.937;98.601;93.194;107.299;
1900-01-01 19:55:18;492.0;1745661318;94.91;98.536;93.194;107.299;
1900-01-01 19:55:19;493.0;1745661319;94.887;98.536;93.194;107.288;
1900-01-01 19:55:20;494.0;1745661320;94.887;98.553;93.314;107.336;
1900-01-01 19:55:21;495.0;1745661321;94.965;98.577;93.279;107.336;
1900-01-01 19:55:22;496.0;1745661322;95.041;98.507;93.279;107.322;
1900-01-01 19:55:23;497.0;1745661323;95.041;98.507;93.261;107.264;
1900-01-01 19:55:24;498.0;1745661324;94.985;98.63;93.25;107.264;
1900-01-01 19:55:25;499.0;1745661325;94.992;98.571;93.25;107.302;
1900-01-01 19:55:26;500.0;1745661326;94.992;98.571;93.211;107.33;
1900-01-01 19:55:27;501.0;1745661327;95.017;98.512;93.158;107.33;
1900-01-01 19:55:28;502.0;1745661328;95.049;98.512;93.158;107.285;
1900-01-01 19:55:29;503.0;1745661329;95.049;98.445;93.236;107.258;
1900-01-01 19:55:30;504.0;1745661330;95.034;98.429;93.093;107.258;
1900-01-01 19:55:31;505.0;1745661331;95.057;98.436;93.093;107.361;
1900-01-01 19:55:33;506.0;1745661333;94.984;98.436;93.197;107.36;
1900-01-01 19:55:33;507.0;1745661333;94.984;98.426;93.114;107.36;
1900-01-01 19:55:34;508.0;1745661334;95.01;98.543;93.114;107.361;
1900-01-01 19:55:36;509.0;1745661336;95.003;98.543;93.076;107.376;
1900-01-01 19:55:36;510.0;1745661336;95.003;98.464;93.039;107.376;
1900-01-01 19:55:37;511.0;1745661337;94.959;98.476;93.039;107.319;
1900-01-01 19:55:38;512.0;1745661338;94.959;98.476;93.046;107.311;
1900-01-01 19:55:39;513.0;1745661339;95.027;98.439;92.974;107.311;
1900-01-01 19:55:40;514.0;1745661340;94.888;98.53;92.974;107.359;
1900-01-01 19:55:41;515.0;1745661341;94.888;98.53;92.909;107.361;
1900-01-01 19:55:42;516.0;1745661342;94.868;98.552;93.018;107.361;
1900-01-01 19:55:43;517.0;1745661343;94.837;98.552;93.018;107.302;
1900-01-01 19:55:44;518.0;1745661344;94.837;98.468;93.048;107.329;
1900-01-01 19:55:45;519.0;1745661345;94.81;98.542;93.048;107.329;
1900-01-01 19:55:46;520.0;1745661346;94.903;98.542;92.952;107.307;
1900-01-01 19:55:47;521.0;1745661347;94.903;98.52;93.04;107.327;
1900-01-01 19:55:48;522.0;1745661348;94.874;98.406;93.04;107.327;
1900-01-01 19:55:49;523.0;1745661349;94.901;98.406;93.063;107.333;
1900-01-01 19:55:50;524.0;1745661350;94.901;98.561;93.058;107.333;
1900-01-01 19:55:51;525.0;1745661351;94.831;98.453;93.058;107.324;
1900-01-01 19:55:52;526.0;1745661352;94.87;98.453;93.018;107.285;
1900-01-01 19:55:53;527.0;1745661353;94.87;98.432;93.069;107.299;
1900-01-01 19:55:54;528.0;1745661354;94.885;98.472;93.069;107.299;
1900-01-01 19:55:55;529.0;1745661355;94.885;98.472;93.071;107.322;
1900-01-01 19:55:56;530.0;1745661356;94.825;98.43;93.023;107.322;
1900-01-01 19:55:58;531.0;1745661358;94.901;98.548;93.023;107.188;
1900-01-01 19:55:58;532.0;1745661358;94.901;98.548;92.87;107.321;
1900-01-01 19:55:59;533.0;1745661359;94.839;98.555;92.89;107.321;
1900-01-01 19:56:01;534.0;1745661361;94.775;98.431;92.89;107.234;
1900-01-01 19:56:01;535.0;1745661361;94.775;98.431;92.948;107.3;
1900-01-01 19:56:02;536.0;1745661362;94.725;98.473;92.806;107.3;
1900-01-01 19:56:03;537.0;1745661363;94.678;98.473;92.806;107.305;
1900-01-01 19:56:04;538.0;1745661364;94.678;98.386;92.755;107.391;
1900-01-01 19:56:05;539.0;1745661365;94.679;98.359;92.753;107.391;
1900-01-01 19:56:06;540.0;1745661366;94.596;98.359;92.753;107.36;
1900-01-01 19:56:07;541.0;1745661367;94.596;98.264;92.793;107.298;
1900-01-01 19:56:08;542.0;1745661368;94.433;98.321;92.793;107.298;
1900-01-01 19:56:09;543.0;1745661369;94.536;98.321;92.779;107.363;
1900-01-01 19:56:10;544.0;1745661370;94.536;98.298;92.838;107.275;
1900-01-01 19:56:11;545.0;1745661371;94.423;98.269;92.838;107.275;
1900-01-01 19:56:12;546.0;1745661372;94.451;98.269;92.853;107.295;
1900-01-01 19:56:13;547.0;1745661373;94.451;98.206;92.781;107.258;
1900-01-01 19:56:14;548.0;1745661374;94.474;98.228;92.781;107.258;
1900-01-01 19:56:15;549.0;1745661375;94.466;98.228;92.706;107.354;
1900-01-01 19:56:16;550.0;1745661376;94.466;98.126;92.725;107.31;
1900-01-01 19:56:17;551.0;1745661377;94.461;98.218;92.725;107.31;
1900-01-01 19:56:18;552.0;1745661378;94.461;98.218;92.805;107.297;
1900-01-01 19:56:19;553.0;1745661379;94.433;98.19;92.794;107.293;
1900-01-01 19:56:20;554.0;1745661380;94.394;98.17;92.794;107.293;
1900-01-01 19:56:21;555.0;1745661381;94.394;98.17;92.843;107.318;
1900-01-01 19:56:22;556.0;1745661382;94.453;98.18;92.906;107.318;
1900-01-01 19:56:24;557.0;1745661384;94.539;98.166;92.906;107.351;
1900-01-01 19:56:24;558.0;1745661384;94.539;98.166;92.777;107.295;
1900-01-01 19:56:25;559.0;1745661385;94.555;98.196;92.788;107.295;
1900-01-01 19:56:27;560.0;1745661387;94.588;98.213;92.788;107.351;
1900-01-01 19:56:27;561.0;1745661387;94.588;98.213;92.821;107.265;
1900-01-01 19:56:28;562.0;1745661388;94.571;98.201;92.857;107.265;
1900-01-01 19:56:29;563.0;1745661389;94.539;98.201;92.857;107.331;
1900-01-01 19:56:30;564.0;1745661390;94.539;98.197;92.888;107.235;
1900-01-01 19:56:31;565.0;1745661391;94.603;98.133;92.767;107.235;
1900-01-01 19:56:32;566.0;1745661392;94.529;98.133;92.767;107.28;
1900-01-01 19:56:33;567.0;1745661393;94.529;98.223;92.712;107.239;
1900-01-01 19:56:34;568.0;1745661394;94.518;98.103;92.712;107.239;
1900-01-01 19:56:35;569.0;1745661395;94.564;98.103;92.624;107.237;
1900-01-01 19:56:36;570.0;1745661396;94.564;98.167;92.53;107.237;
1900-01-01 19:56:37;571.0;1745661397;94.542;98.176;92.53;107.201;
1900-01-01 19:56:38;572.0;1745661398;94.551;98.176;92.527;107.264;
1900-01-01 19:56:39;573.0;1745661399;94.551;98.082;92.487;107.264;
1900-01-01 19:56:40;574.0;1745661400;94.474;98.101;92.487;107.244;
1900-01-01 19:56:41;575.0;1745661401;94.535;98.101;92.526;107.258;
1900-01-01 19:56:42;576.0;1745661402;94.535;97.991;92.472;107.258;
1900-01-01 19:56:43;577.0;1745661403;94.445;98.029;92.472;107.284;
1900-01-01 19:56:44;578.0;1745661404;94.445;98.029;92.497;107.258;
1900-01-01 19:56:46;579.0;1745661406;94.31;98.077;92.49;107.258;
1900-01-01 19:56:46;580.0;1745661406;94.283;98.077;92.49;107.224;
1900-01-01 19:56:47;581.0;1745661407;94.283;98.027;92.481;107.244;
1900-01-01 19:56:48;582.0;1745661408;94.248;97.979;92.593;107.244;
1900-01-01 19:56:50;583.0;1745661410;94.226;97.929;92.593;107.24;
1900-01-01 19:56:50;584.0;1745661410;94.226;97.929;92.717;107.256;
1900-01-01 19:56:51;585.0;1745661411;94.287;97.999;92.603;107.256;
1900-01-01 19:56:52;586.0;1745661412;94.256;97.999;92.603;107.37;
1900-01-01 19:56:53;587.0;1745661413;94.256;97.944;92.702;107.274;
1900-01-01 19:56:54;588.0;1745661414;94.369;97.92;92.702;107.274;
1900-01-01 19:56:55;589.0;1745661415;94.453;97.92;92.677;107.302;
1900-01-01 19:56:56;590.0;1745661416;94.453;97.925;92.609;107.296;
1900-01-01 19:56:57;591.0;1745661417;94.443;97.85;92.609;107.296;
1900-01-01 19:56:58;592.0;1745661418;94.472;97.85;92.656;107.214;
1900-01-01 19:56:59;593.0;1745661419;94.472;97.924;92.534;107.233;
1900-01-01 19:57:01;594.0;1745661421;94.39;97.959;92.534;107.233;
1900-01-01 19:57:01;595.0;1745661421;94.39;97.959;92.613;107.321;
1900-01-01 19:57:02;596.0;1745661422;94.374;97.899;92.556;107.321;
1900-01-01 19:57:03;597.0;1745661423;94.308;97.859;92.556;107.38;
1900-01-01 19:57:04;598.0;1745661424;94.308;97.859;92.613;107.236;
1900-01-01 19:57:05;599.0;1745661425;94.274;97.82;92.609;107.236;
1900-01-01 19:57:07;600.0;1745661427;94.198;97.871;92.609;107.363;
1900-01-01 19:57:07;601.0;1745661427;94.198;97.871;92.57;107.31;
1900-01-01 19:57:08;602.0;1745661428;94.229;97.856;92.658;107.31;
1900-01-01 19:57:09;603.0;1745661429;94.199;97.856;92.658;107.288;
1900-01-01 19:57:10;604.0;1745661430;94.199;97.852;92.547;107.247;
1900-01-01 19:57:11;605.0;1745661431;94.135;97.892;92.486;107.247;
1900-01-01 19:57:12;606.0;1745661432;94.192;97.892;92.486;107.313;
1900-01-01 19:57:13;607.0;1745661433;94.192;97.872;92.427;107.259;
1900-01-01 19:57:14;608.0;1745661434;94.144;97.764;92.427;107.259;
1900-01-01 19:57:15;609.0;1745661435;94.127;97.764;92.41;107.231;
1900-01-01 19:57:16;610.0;1745661436;94.127;97.809;92.435;107.231;
1900-01-01 19:57:17;611.0;1745661437;94.067;97.84;92.435;107.218;
1900-01-01 19:57:18;612.0;1745661438;94.067;97.84;92.41;107.3;
1900-01-01 19:57:19;613.0;1745661439;94.045;97.786;92.379;107.3;
1900-01-01 19:57:20;614.0;1745661440;94.04;97.844;92.379;107.235;
1900-01-01 19:57:21;615.0;1745661441;94.04;97.844;92.363;107.229;
1900-01-01 19:57:22;616.0;1745661442;94.056;97.911;92.347;107.229;
1900-01-01 19:57:23;617.0;1745661443;94.153;97.873;92.347;107.296;
1900-01-01 19:57:24;618.0;1745661444;94.153;97.873;92.351;107.164;
1900-01-01 19:57:25;619.0;1745661445;94.173;97.77;92.399;107.164;
1900-01-01 19:57:26;620.0;1745661446;94.171;97.77;92.399;107.196;
1900-01-01 19:57:27;621.0;1745661447;94.171;97.791;92.394;107.173;
1900-01-01 19:57:28;622.0;1745661448;94.229;97.808;92.411;107.173;
1900-01-01 19:57:29;623.0;1745661449;94.196;97.808;92.411;107.257;
1900-01-01 19:57:30;624.0;1745661450;94.196;97.74;92.321;107.225;
1900-01-01 19:57:31;625.0;1745661451;94.229;97.817;92.257;107.225;
1900-01-01 19:57:32;626.0;1745661452;94.224;97.817;92.257;107.19;
1900-01-01 19:57:33;627.0;1745661453;94.224;97.768;92.259;107.23;
1900-01-01 19:57:34;628.0;1745661454;94.199;97.719;92.259;107.23;
1900-01-01 19:57:35;629.0;1745661455;94.211;97.719;92.257;107.197;
1900-01-01 19:57:36;630.0;1745661456;94.211;97.715;92.344;107.185;
1900-01-01 19:57:37;631.0;1745661457;94.228;97.697;92.344;107.185;
1900-01-01 19:57:38;632.0;1745661458;94.202;97.697;92.379;107.165;
1900-01-01 19:57:39;633.0;1745661459;94.202;97.666;92.383;107.177;
1900-01-01 19:57:40;634.0;1745661460;94.223;97.718;92.383;107.177;
1900-01-01 19:57:41;635.0;1745661461;94.223;97.718;92.411;107.219;
1900-01-01 19:57:42;636.0;1745661462;94.074;97.715;92.374;107.219;
1900-01-01 19:57:43;637.0;1745661463;93.984;97.808;92.374;107.147;
1900-01-01 19:57:44;638.0;1745661464;93.984;97.808;92.218;107.23;
1900-01-01 19:57:45;639.0;1745661465;93.95;97.725;92.115;107.23;
1900-01-01 19:57:46;640.0;1745661466;93.859;97.725;92.115;107.232;
1900-01-01 19:57:47;641.0;1745661467;93.859;97.793;92.055;107.278;
1900-01-01 19:57:48;642.0;1745661468;93.81;97.806;92.055;107.278;
1900-01-01 19:57:49;643.0;1745661469;93.804;97.806;92.079;107.24;
1900-01-01 19:57:50;644.0;1745661470;93.804;97.697;91.912;107.239;
1900-01-01 19:57:51;645.0;1745661471;93.729;97.721;91.912;107.239;
1900-01-01 19:57:52;646.0;1745661472;93.826;97.721;91.986;107.26;
1900-01-01 19:57:53;647.0;1745661473;93.826;97.699;92.221;107.283;
1900-01-01 19:57:54;648.0;1745661474;93.77;97.683;92.221;107.283;
1900-01-01 19:57:55;649.0;1745661475;93.77;97.683;92.136;107.126;
1900-01-01 19:57:56;650.0;1745661476;93.768;97.687;92.057;107.313;
1900-01-01 19:57:58;651.0;1745661478;93.789;97.605;92.057;107.313;
1900-01-01 19:57:58;652.0;1745661478;93.789;97.605;92.078;107.246;
1900-01-01 19:57:59;653.0;1745661479;93.736;97.59;92.051;107.246;
1900-01-01 19:58:00;654.0;1745661480;93.851;97.574;92.051;107.298;
1900-01-01 19:58:02;655.0;1745661482;93.837;97.574;92.186;107.246;
1900-01-01 19:58:02;656.0;1745661482;93.837;97.5;92.059;107.246;
1900-01-01 19:58:03;657.0;1745661483;93.855;97.486;92.059;107.284;
1900-01-01 19:58:04;658.0;1745661484;93.855;97.486;92.067;107.299;
1900-01-01 19:58:05;659.0;1745661485;93.782;97.486;92.14;107.299;
1900-01-01 19:58:06;660.0;1745661486;93.811;97.486;92.14;107.233;
1900-01-01 19:58:07;661.0;1745661487;93.811;97.451;92.144;107.304;
1900-01-01 19:58:08;662.0;1745661488;93.756;97.492;92.138;107.304;
1900-01-01 19:58:10;663.0;1745661490;93.789;97.518;92.138;107.198;
1900-01-01 19:58:10;664.0;1745661490;93.789;97.518;91.994;107.166;
1900-01-01 19:58:11;665.0;1745661491;93.842;97.491;92.024;107.166;
1900-01-01 19:58:12;666.0;1745661492;93.781;97.491;92.024;107.227;
1900-01-01 19:58:13;667.0;1745661493;93.781;97.569;92.008;107.205;
1900-01-01 19:58:14;668.0;1745661494;93.683;97.53;92.102;107.205;
1900-01-01 19:58:15;669.0;1745661495;93.664;97.53;92.102;107.196;
1900-01-01 19:58:16;670.0;1745661496;93.664;97.517;91.896;107.194;
1900-01-01 19:58:17;671.0;1745661497;93.696;97.555;91.896;107.194;
1900-01-01 19:58:18;672.0;1745661498;93.696;97.555;91.907;107.121;
1900-01-01 19:58:19;673.0;1745661499;93.689;97.499;91.779;107.164;
1900-01-01 19:58:20;674.0;1745661500;93.706;97.47;91.779;107.164;
1900-01-01 19:58:21;675.0;1745661501;93.706;97.47;91.748;107.248;
1900-01-01 19:58:22;676.0;1745661502;93.76;97.415;91.876;107.248;
1900-01-01 19:58:23;677.0;1745661503;93.738;97.477;91.876;107.249;
1900-01-01 19:58:24;678.0;1745661504;93.738;97.477;91.861;107.221;
1900-01-01 19:58:25;679.0;1745661505;93.766;97.36;91.97;107.221;
1900-01-01 19:58:26;680.0;1745661506;93.785;97.473;91.97;107.235;
1900-01-01 19:58:27;681.0;1745661507;93.785;97.473;91.944;107.321;
1900-01-01 19:58:28;682.0;1745661508;93.855;97.327;92.064;107.321;
1900-01-01 19:58:29;683.0;1745661509;93.856;97.327;92.064;107.262;
1900-01-01 19:58:30;684.0;1745661510;93.856;97.398;91.976;107.165;
1900-01-01 19:58:31;685.0;1745661511;93.815;97.422;91.924;107.165;
1900-01-01 19:58:32;686.0;1745661512;93.823;97.422;91.924;107.218;
1900-01-01 19:58:33;687.0;1745661513;93.823;97.34;91.967;107.287;
1900-01-01 19:58:34;688.0;1745661514;93.809;97.399;91.967;107.287;
1900-01-01 19:58:35;689.0;1745661515;93.85;97.399;92.077;107.263;
1900-01-01 19:58:36;690.0;1745661516;93.85;97.419;92.122;107.312;
1900-01-01 19:58:37;691.0;1745661517;93.747;97.455;92.122;107.312;
1900-01-01 19:58:38;692.0;1745661518;93.756;97.455;92.137;107.263;
1900-01-01 19:58:39;693.0;1745661519;93.756;97.32;92.1;107.246;
1900-01-01 19:58:40;694.0;1745661520;93.681;97.377;92.1;107.246;
1900-01-01 19:58:41;695.0;1745661521;93.602;97.377;92.047;107.247;
1900-01-01 19:58:42;696.0;1745661522;93.602;97.331;92.013;107.215;
1900-01-01 19:58:43;697.0;1745661523;93.587;97.284;92.013;107.215;
1900-01-01 19:58:44;698.0;1745661524;93.587;97.284;91.839;107.328;
1900-01-01 19:58:45;699.0;1745661525;93.623;97.179;91.686;107.328;
1900-01-01 19:58:46;700.0;1745661526;93.473;97.246;91.686;107.225;
1900-01-01 19:58:48;701.0;1745661528;93.506;97.246;91.562;107.22;
1900-01-01 19:58:48;702.0;1745661528;93.506;97.275;91.583;107.22;
1900-01-01 19:58:49;703.0;1745661529;93.497;97.231;91.583;107.237;
1900-01-01 19:58:50;704.0;1745661530;93.497;97.231;91.59;107.146;
1900-01-01 19:58:51;705.0;1745661531;93.527;97.256;91.617;107.146;
1900-01-01 19:58:52;706.0;1745661532;93.483;97.297;91.617;107.304;
1900-01-01 19:58:53;707.0;1745661533;93.483;97.297;91.65;107.176;
1900-01-01 19:58:54;708.0;1745661534;93.578;97.277;91.693;107.176;
1900-01-01 19:58:55;709.0;1745661535;93.539;97.277;91.693;107.269;
1900-01-01 19:58:56;710.0;1745661536;93.539;97.23;91.67;107.208;
1900-01-01 19:58:57;711.0;1745661537;93.51;97.256;91.67;107.208;
1900-01-01 19:58:58;712.0;1745661538;93.371;97.256;91.78;107.216;
1900-01-01 19:58:59;713.0;1745661539;93.371;97.228;91.715;107.216;
1900-01-01 19:59:00;714.0;1745661540;93.364;97.218;91.715;107.219;
1900-01-01 19:59:01;715.0;1745661541;93.453;97.218;91.685;107.251;
1900-01-01 19:59:02;716.0;1745661542;93.453;97.283;91.734;107.251;
1900-01-01 19:59:03;717.0;1745661543;93.452;97.177;91.734;107.294;
1900-01-01 19:59:04;718.0;1745661544;93.452;97.177;91.628;107.157;
1900-01-01 19:59:05;719.0;1745661545;93.388;97.166;91.642;107.157;
1900-01-01 19:59:06;720.0;1745661546;93.369;97.07;91.642;107.211;
1900-01-01 19:59:07;721.0;1745661547;93.369;97.07;91.679;107.207;
1900-01-01 19:59:08;722.0;1745661548;93.326;97.19;91.661;107.207;
1900-01-01 19:59:10;723.0;1745661550;93.316;97.197;91.661;107.317;
1900-01-01 19:59:10;724.0;1745661550;93.316;97.197;91.67;107.255;
1900-01-01 19:59:11;725.0;1745661551;93.292;97.219;91.723;107.255;
1900-01-01 19:59:12;726.0;1745661552;93.305;97.127;91.723;107.299;
1900-01-01 19:59:13;727.0;1745661553;93.308;97.127;91.647;107.183;
1900-01-01 19:59:14;728.0;1745661554;93.308;97.177;91.681;107.183;
1900-01-01 19:59:15;729.0;1745661555;93.361;97.093;91.681;107.293;
1900-01-01 19:59:16;730.0;1745661556;93.361;97.093;91.655;107.246;
1900-01-01 19:59:17;731.0;1745661557;93.395;97.131;91.633;107.246;
1900-01-01 19:59:18;732.0;1745661558;93.358;97.128;91.633;107.252;
1900-01-01 19:59:20;733.0;1745661560;93.373;97.128;91.639;107.22;
1900-01-01 19:59:20;734.0;1745661560;93.373;97.033;91.585;107.22;
1900-01-01 19:59:21;735.0;1745661561;93.393;97.107;91.585;107.288;
1900-01-01 19:59:22;736.0;1745661562;93.393;97.107;91.626;107.303;
1900-01-01 19:59:23;737.0;1745661563;93.337;97.065;91.673;107.303;
1900-01-01 19:59:24;738.0;1745661564;93.339;97.084;91.673;107.221;
1900-01-01 19:59:25;739.0;1745661565;93.339;97.084;91.736;107.218;
1900-01-01 19:59:26;740.0;1745661566;93.268;97.051;91.749;107.218;
1900-01-01 19:59:27;741.0;1745661567;93.27;97.051;91.749;107.18;
1900-01-01 19:59:28;742.0;1745661568;93.27;96.976;91.689;107.229;
1900-01-01 19:59:29;743.0;1745661569;93.262;96.998;91.628;107.229;
1900-01-01 19:59:30;744.0;1745661570;93.188;96.998;91.628;107.24;
1900-01-01 19:59:31;745.0;1745661571;93.188;96.98;91.475;107.182;
1900-01-01 19:59:32;746.0;1745661572;93.19;96.879;91.499;107.182;
1900-01-01 19:59:33;747.0;1745661573;93.197;96.879;91.499;107.239;
1900-01-01 19:59:34;748.0;1745661574;93.197;96.974;91.371;107.225;
1900-01-01 19:59:35;749.0;1745661575;93.183;96.944;91.405;107.225;
1900-01-01 19:59:36;750.0;1745661576;93.183;96.944;91.405;107.161;
1900-01-01 19:59:37;751.0;1745661577;93.16;96.888;91.378;107.139;
1900-01-01 19:59:38;752.0;1745661578;93.064;96.901;91.378;107.139;
1900-01-01 19:59:39;753.0;1745661579;93.046;96.901;91.351;107.163;
1900-01-01 19:59:40;754.0;1745661580;93.046;96.889;91.259;107.203;
1900-01-01 19:59:41;755.0;1745661581;93.042;96.893;91.259;107.203;
1900-01-01 19:59:42;756.0;1745661582;93.042;96.893;91.29;107.296;
1900-01-01 19:59:43;757.0;1745661583;93.048;96.825;91.188;107.296;
1900-01-01 19:59:44;758.0;1745661584;93.004;96.842;91.188;107.25;
1900-01-01 19:59:45;759.0;1745661585;92.927;96.842;91.165;107.258;
1900-01-01 19:59:46;760.0;1745661586;92.927;96.864;91.228;107.258;
1900-01-01 19:59:47;761.0;1745661587;92.94;96.848;91.228;107.224;
1900-01-01 19:59:48;762.0;1745661588;92.94;96.848;91.279;107.129;
1900-01-01 19:59:49;763.0;1745661589;92.995;96.948;91.384;107.129;
1900-01-01 19:59:50;764.0;1745661590;93.021;96.906;91.384;107.184;
1900-01-01 19:59:51;765.0;1745661591;93.021;96.906;91.437;107.185;
1900-01-01 19:59:52;766.0;1745661592;92.993;96.917;91.422;107.185;
1900-01-01 19:59:53;767.0;1745661593;93.015;96.917;91.422;107.155;
1900-01-01 19:59:54;768.0;1745661594;93.015;96.837;91.4;107.205;
1900-01-01 19:59:55;769.0;1745661595;93.084;96.902;91.4;107.205;
1900-01-01 19:59:56;770.0;1745661596;93.121;96.902;91.376;107.072;
1900-01-01 19:59:57;771.0;1745661597;93.121;96.844;91.337;107.126;
1900-01-01 19:59:58;772.0;1745661598;93.194;96.799;91.337;107.126;
1900-01-01 19:59:59;773.0;1745661599;93.196;96.799;91.385;107.228;
1900-01-01 20:00:00;774.0;1745661600;93.196;96.851;91.375;107.107;
1900-01-01 20:00:01;775.0;1745661601;93.215;96.852;91.375;107.107;
1900-01-01 20:00:02;776.0;1745661602;93.194;96.852;91.376;107.214;
1900-01-01 20:00:03;777.0;1745661603;93.194;96.771;91.338;107.16;
1900-01-01 20:00:04;778.0;1745661604;93.133;96.769;91.338;107.16;
1900-01-01 20:00:05;779.0;1745661605;93.133;96.769;91.374;107.127;
1900-01-01 20:00:06;780.0;1745661606;93.085;96.821;91.427;107.15;
1900-01-01 20:00:07;781.0;1745661607;93.026;96.782;91.427;107.15;
1900-01-01 20:00:08;782.0;1745661608;93.026;96.782;91.317;107.176;
1900-01-01 20:00:09;783.0;1745661609;93.041;96.769;91.372;107.176;
1900-01-01 20:00:10;784.0;1745661610;93.041;96.814;91.372;107.164;
1900-01-01 20:00:11;785.0;1745661611;93.041;96.814;91.299;107.074;
1900-01-01 20:00:12;786.0;1745661612;92.956;96.828;91.313;107.074;
1900-01-01 20:00:13;787.0;1745661613;92.948;96.791;91.313;107.134;
1900-01-01 20:00:14;788.0;1745661614;92.948;96.791;91.25;107.188;
1900-01-01 20:00:15;789.0;1745661615;92.93;96.776;91.139;107.188;
1900-01-01 20:00:16;790.0;1745661616;92.997;96.776;91.139;107.136;
1900-01-01 20:00:17;791.0;1745661617;92.997;96.688;91.014;107.231;
1900-01-01 20:00:18;792.0;1745661618;92.972;96.724;90.825;107.231;
1900-01-01 20:00:20;793.0;1745661620;92.894;96.722;90.825;107.137;
1900-01-01 20:00:20;794.0;1745661620;92.894;96.722;90.902;107.172;
1900-01-01 20:00:21;795.0;1745661621;92.851;96.739;90.976;107.172;
1900-01-01 20:00:22;796.0;1745661622;92.93;96.739;90.976;107.239;
1900-01-01 20:00:23;797.0;1745661623;92.93;96.713;91.031;107.265;
1900-01-01 20:00:24;798.0;1745661624;92.984;96.66;91.065;107.265;
1900-01-01 20:00:25;799.0;1745661625;92.972;96.66;91.065;107.266;
1900-01-01 20:00:26;800.0;1745661626;92.972;96.698;91.05;107.186;
1900-01-01 20:00:27;801.0;1745661627;92.975;96.705;91.05;107.186;
1900-01-01 20:00:29;802.0;1745661629;92.969;96.705;91.09;107.144;
1900-01-01 20:00:29;803.0;1745661629;92.969;96.691;91.161;107.144;
1900-01-01 20:00:30;804.0;1745661630;92.94;96.687;91.161;107.293;
1900-01-01 20:00:32;805.0;1745661632;92.933;96.687;91.195;107.17;
1900-01-01 20:00:32;806.0;1745661632;92.933;96.701;91.128;107.17;
1900-01-01 20:00:33;807.0;1745661633;92.936;96.68;91.128;107.182;
1900-01-01 20:00:34;808.0;1745661634;92.936;96.68;91.143;107.274;
1900-01-01 20:00:35;809.0;1745661635;92.941;96.641;91.142;107.274;
1900-01-01 20:00:37;810.0;1745661637;92.812;96.579;91.142;107.111;
1900-01-01 20:00:37;811.0;1745661637;92.812;96.579;91.013;107.149;
1900-01-01 20:00:38;812.0;1745661638;92.759;96.586;90.877;107.149;
1900-01-01 20:00:40;813.0;1745661640;92.73;96.516;90.877;107.258;
1900-01-01 20:00:40;814.0;1745661640;92.73;96.516;90.744;107.197;
1900-01-01 20:00:41;815.0;1745661641;92.674;96.521;90.777;107.197;
1900-01-01 20:00:42;816.0;1745661642;92.712;96.521;90.777;107.053;
1900-01-01 20:00:43;817.0;1745661643;92.712;96.622;90.872;107.184;
1900-01-01 20:00:44;818.0;1745661644;92.666;96.539;90.872;107.184;
1900-01-01 20:00:45;819.0;1745661645;92.595;96.539;90.942;107.155;
1900-01-01 20:00:46;820.0;1745661646;92.595;96.48;90.862;107.147;
1900-01-01 20:00:47;821.0;1745661647;92.663;96.423;90.862;107.147;
1900-01-01 20:00:48;822.0;1745661648;92.665;96.423;90.948;107.164;
1900-01-01 20:00:49;823.0;1745661649;92.665;96.473;90.989;107.206;
1900-01-01 20:00:50;824.0;1745661650;92.749;96.434;90.944;107.206;
1900-01-01 20:00:51;825.0;1745661651;92.749;96.434;90.944;107.052;
1900-01-01 20:00:52;826.0;1745661652;92.743;96.492;90.941;107.052;
1900-01-01 20:00:53;827.0;1745661653;92.703;96.377;90.941;107.163;
1900-01-01 20:00:54;828.0;1745661654;92.637;96.377;90.988;107.095;
1900-01-01 20:00:55;829.0;1745661655;92.637;96.396;90.904;107.095;
1900-01-01 20:00:56;830.0;1745661656;92.566;96.472;90.904;107.146;
1900-01-01 20:00:58;831.0;1745661658;92.515;96.472;90.895;107.135;
1900-01-01 20:00:58;832.0;1745661658;92.515;96.467;90.908;107.135;
1900-01-01 20:00:59;833.0;1745661659;92.564;96.351;90.908;107.185;
1900-01-01 20:01:00;834.0;1745661660;92.564;96.351;90.849;107.169;
1900-01-01 20:01:01;835.0;1745661661;92.473;96.444;90.983;107.169;
1900-01-01 20:01:02;836.0;1745661662;92.483;96.444;90.983;107.127;
1900-01-01 20:01:03;837.0;1745661663;92.483;96.406;90.88;107.132;
1900-01-01 20:01:04;838.0;1745661664;92.526;96.341;90.88;107.132;
1900-01-01 20:01:05;839.0;1745661665;92.499;96.341;90.833;107.06;
1900-01-01 20:01:06;840.0;1745661666;92.499;96.309;90.813;107.18;
1900-01-01 20:01:07;841.0;1745661667;92.583;96.196;90.813;107.18;
1900-01-01 20:01:08;842.0;1745661668;92.608;96.196;90.747;107.12;
1900-01-01 20:01:09;843.0;1745661669;92.608;96.268;90.782;107.154;
1900-01-01 20:01:10;844.0;1745661670;92.579;96.185;90.782;107.154;
1900-01-01 20:01:11;845.0;1745661671;92.669;96.185;90.819;107.19;
1900-01-01 20:01:12;846.0;1745661672;92.669;96.151;90.906;107.19;
1900-01-01 20:01:13;847.0;1745661673;92.597;96.29;90.906;107.153;
1900-01-01 20:01:14;848.0;1745661674;92.597;96.29;90.911;107.122;
1900-01-01 20:01:15;849.0;1745661675;92.629;96.184;90.901;107.122;
1900-01-01 20:01:16;850.0;1745661676;92.585;96.21;90.901;107.123;
1900-01-01 20:01:17;851.0;1745661677;92.585;96.21;90.93;107.152;
1900-01-01 20:01:18;852.0;1745661678;92.592;96.109;90.95;107.152;
1900-01-01 20:01:19;853.0;1745661679;92.609;96.109;90.95;107.15;
1900-01-01 20:01:20;854.0;1745661680;92.609;96.137;90.902;107.263;
1900-01-01 20:01:21;855.0;1745661681;92.568;96.11;90.868;107.263;
1900-01-01 20:01:22;856.0;1745661682;92.576;96.11;90.868;107.187;
1900-01-01 20:01:23;857.0;1745661683;92.576;96.162;90.789;107.243;
1900-01-01 20:01:24;858.0;1745661684;92.549;96.112;90.638;107.243;
1900-01-01 20:01:25;859.0;1745661685;92.575;96.112;90.638;107.16;
1900-01-01 20:01:26;860.0;1745661686;92.575;96.109;90.639;107.155;
1900-01-01 20:01:27;861.0;1745661687;92.488;96.236;90.64;107.155;
1900-01-01 20:01:28;862.0;1745661688;92.43;96.236;90.64;107.16;
1900-01-01 20:01:29;863.0;1745661689;92.43;96.158;90.626;107.197;
1900-01-01 20:01:31;864.0;1745661691;92.41;96.129;90.612;107.197;
1900-01-01 20:01:31;865.0;1745661691;92.331;96.129;90.612;107.127;
1900-01-01 20:01:32;866.0;1745661692;92.331;96.166;90.636;107.208;
1900-01-01 20:01:33;867.0;1745661693;92.319;96.123;90.725;107.208;
1900-01-01 20:01:35;868.0;1745661695;92.351;96.123;90.725;107.223;
1900-01-01 20:01:35;869.0;1745661695;92.351;96.128;90.665;107.166;
1900-01-01 20:01:36;870.0;1745661696;92.34;96.097;90.665;107.166;
1900-01-01 20:01:38;871.0;1745661698;92.376;96.097;90.575;107.151;
1900-01-01 20:01:38;872.0;1745661698;92.376;96.074;90.563;107.151;
1900-01-01 20:01:39;873.0;1745661699;92.36;96.036;90.563;107.222;
1900-01-01 20:01:41;874.0;1745661701;92.449;96.036;90.507;107.2;
1900-01-01 20:01:41;875.0;1745661701;92.449;96.074;90.498;107.2;
1900-01-01 20:01:42;876.0;1745661702;92.392;96.034;90.498;107.078;
1900-01-01 20:01:43;877.0;1745661703;92.392;96.034;90.512;107.089;
1900-01-01 20:01:44;878.0;1745661704;92.442;95.974;90.448;107.089;
1900-01-01 20:01:45;879.0;1745661705;92.354;95.974;90.448;107.051;
1900-01-01 20:01:46;880.0;1745661706;92.354;95.975;90.524;106.95;
1900-01-01 20:01:47;881.0;1745661707;92.358;96.005;90.524;106.95;
1900-01-01 20:01:48;882.0;1745661708;92.364;96.005;90.564;106.997;
1900-01-01 20:01:49;883.0;1745661709;92.364;95.899;90.589;107.024;
1900-01-01 20:01:50;884.0;1745661710;92.305;96.023;90.589;107.024;
1900-01-01 20:01:51;885.0;1745661711;92.247;96.023;90.584;107.121;
1900-01-01 20:01:53;886.0;1745661713;92.247;95.992;90.658;107.023;
1900-01-01 20:01:53;887.0;1745661713;92.098;95.961;90.658;107.023;
1900-01-01 20:01:54;888.0;1745661714;92.148;95.961;90.602;107.066;
1900-01-01 20:01:55;889.0;1745661715;92.148;96.091;90.557;107.166;
1900-01-01 20:01:56;890.0;1745661716;92.223;96.035;90.557;107.166;
1900-01-01 20:01:57;891.0;1745661717;92.148;96.035;90.51;107.157;
1900-01-01 20:01:58;892.0;1745661718;92.148;95.996;90.496;107.133;
1900-01-01 20:01:59;893.0;1745661719;92.164;95.886;90.496;107.133;
1900-01-01 20:02:00;894.0;1745661720;92.164;95.886;90.523;107.091;
1900-01-01 20:02:01;895.0;1745661721;92.16;95.963;90.46;107.11;
1900-01-01 20:02:02;896.0;1745661722;92.149;95.97;90.46;107.11;
1900-01-01 20:02:03;897.0;1745661723;92.149;95.97;90.39;107.178;
1900-01-01 20:02:04;898.0;1745661724;92.123;95.904;90.37;107.178;
1900-01-01 20:02:05;899.0;1745661725;92.128;95.908;90.37;107.152;
1900-01-01 20:02:06;900.0;1745661726;92.128;95.908;90.382;107.145;
1900-01-01 20:02:07;901.0;1745661727;92.192;95.952;90.44;107.145;
1900-01-01 20:02:08;902.0;1745661728;92.101;95.861;90.44;107.16;
1900-01-01 20:02:09;903.0;1745661729;92.101;95.861;90.461;107.134;
1900-01-01 20:02:10;904.0;1745661730;92.043;95.874;90.476;107.134;
1900-01-01 20:02:11;905.0;1745661731;91.98;95.817;90.476;107.1;
1900-01-01 20:02:12;906.0;1745661732;91.98;95.817;90.478;107.163;
1900-01-01 20:02:13;907.0;1745661733;92.042;95.828;90.398;107.163;
1900-01-01 20:02:14;908.0;1745661734;92.125;95.784;90.398;107.207;
1900-01-01 20:02:15;909.0;1745661735;92.125;95.784;90.408;107.082;
1900-01-01 20:02:16;910.0;1745661736;92.024;95.798;90.3;107.082;
1900-01-01 20:02:17;911.0;1745661737;92.108;95.798;90.3;107.077;
1900-01-01 20:02:18;912.0;1745661738;92.108;95.745;90.27;107.155;
1900-01-01 20:02:19;913.0;1745661739;92.214;95.772;90.27;107.155;
1900-01-01 20:02:20;914.0;1745661740;92.242;95.772;90.32;107.144;
1900-01-01 20:02:21;915.0;1745661741;92.242;95.817;90.371;107.144;
1900-01-01 20:02:22;916.0;1745661742;92.255;95.765;90.371;107.149;
1900-01-01 20:02:23;917.0;1745661743;92.211;95.765;90.309;107.192;
1900-01-01 20:02:24;918.0;1745661744;92.211;95.683;90.246;107.192;
1900-01-01 20:02:25;919.0;1745661745;92.185;95.735;90.246;107.243;
1900-01-01 20:02:26;920.0;1745661746;92.185;95.735;90.426;107.048;
1900-01-01 20:02:27;921.0;1745661747;92.214;95.685;90.366;107.048;
1900-01-01 20:02:28;922.0;1745661748;92.101;95.685;90.366;107.234;
1900-01-01 20:02:29;923.0;1745661749;92.101;95.72;90.438;107.171;
1900-01-01 20:02:30;924.0;1745661750;92.106;95.749;90.257;107.171;
1900-01-01 20:02:31;925.0;1745661751;91.994;95.836;90.257;107.113;
1900-01-01 20:02:32;926.0;1745661752;91.994;95.836;90.199;107.13;
1900-01-01 20:02:33;927.0;1745661753;91.982;95.782;90.252;107.13;
1900-01-01 20:02:34;928.0;1745661754;91.925;95.782;90.252;107.162;
1900-01-01 20:02:35;929.0;1745661755;91.925;95.827;90.161;107.207;
1900-01-01 20:02:36;930.0;1745661756;91.851;95.813;90.161;107.207;
1900-01-01 20:02:37;931.0;1745661757;91.793;95.813;90.084;107.152;
1900-01-01 20:02:38;932.0;1745661758;91.793;95.76;90.158;107.131;
1900-01-01 20:02:39;933.0;1745661759;91.716;95.75;90.15;107.131;
1900-01-01 20:02:40;934.0;1745661760;91.767;95.75;90.15;107.165;
1900-01-01 20:02:41;935.0;1745661761;91.767;95.714;90.123;107.136;
1900-01-01 20:02:42;936.0;1745661762;91.794;95.672;90.123;107.136;
1900-01-01 20:02:43;937.0;1745661763;91.739;95.672;90.045;107.083;
1900-01-01 20:02:44;938.0;1745661764;91.739;95.683;90.07;107.083;
1900-01-01 20:02:45;939.0;1745661765;91.643;95.673;90.07;107.17;
1900-01-01 20:02:46;940.0;1745661766;91.694;95.673;90.103;107.213;
1900-01-01 20:02:47;941.0;1745661767;91.694;95.658;90.131;107.213;
1900-01-01 20:02:48;942.0;1745661768;91.648;95.661;90.131;107.184;
1900-01-01 20:02:50;943.0;1745661770;91.648;95.661;90.108;107.162;
1900-01-01 20:02:50;944.0;1745661770;91.669;95.589;90.027;107.162;
1900-01-01 20:02:51;945.0;1745661771;91.653;95.608;90.027;107.158;
1900-01-01 20:02:52;946.0;1745661772;91.653;95.608;90.176;107.194;
1900-01-01 20:02:53;947.0;1745661773;91.689;95.584;90.24;107.194;
1900-01-01 20:02:54;948.0;1745661774;91.595;95.584;90.24;107.192;
1900-01-01 20:02:55;949.0;1745661775;91.595;95.597;90.165;107.162;
1900-01-01 20:02:56;950.0;1745661776;91.565;95.542;90.165;107.162;
1900-01-01 20:02:57;951.0;1745661777;91.606;95.542;90.07;107.16;
1900-01-01 20:02:58;952.0;1745661778;91.606;95.595;90.102;107.187;
1900-01-01 20:02:59;953.0;1745661779;91.683;95.519;90.102;107.187;
1900-01-01 20:03:00;954.0;1745661780;91.677;95.519;89.989;107.081;
1900-01-01 20:03:01;955.0;1745661781;91.677;95.642;90.038;107.081;
1900-01-01 20:03:02;956.0;1745661782;91.672;95.57;90.038;107.201;
1900-01-01 20:03:03;957.0;1745661783;91.661;95.57;90.026;107.191;
1900-01-01 20:03:04;958.0;1745661784;91.661;95.561;90.067;107.191;
1900-01-01 20:03:05;959.0;1745661785;91.631;95.464;90.067;107.154;
1900-01-01 20:03:06;960.0;1745661786;91.665;95.464;89.945;107.134;
1900-01-01 20:03:07;961.0;1745661787;91.665;95.473;90.008;107.134;
1900-01-01 20:03:08;962.0;1745661788;91.609;95.536;90.008;107.063;
1900-01-01 20:03:09;963.0;1745661789;91.609;95.536;89.897;107.12;
1900-01-01 20:03:10;964.0;1745661790;91.626;95.467;89.971;107.12;
1900-01-01 20:03:11;965.0;1745661791;91.725;95.414;89.971;107.088;
1900-01-01 20:03:12;966.0;1745661792;91.725;95.414;90.013;107.12;
1900-01-01 20:03:13;967.0;1745661793;91.614;95.475;90.039;107.12;
1900-01-01 20:03:14;968.0;1745661794;91.59;95.475;90.039;107.14;
1900-01-01 20:03:15;969.0;1745661795;91.59;95.437;89.963;107.066;
1900-01-01 20:03:16;970.0;1745661796;91.605;95.451;90.007;107.066;
1900-01-01 20:03:17;971.0;1745661797;91.582;95.448;90.007;107.161;
1900-01-01 20:03:18;972.0;1745661798;91.582;95.448;89.989;107.1;
1900-01-01 20:03:19;973.0;1745661799;91.619;95.39;89.987;107.1;
1900-01-01 20:03:20;974.0;1745661800;91.619;95.39;89.987;107.126;
1900-01-01 20:03:22;975.0;1745661802;91.619;95.417;90.095;107.106;
1900-01-01 20:03:22;976.0;1745661802;91.532;95.416;90.095;107.106;
1900-01-01 20:03:23;977.0;1745661803;91.49;95.416;90.109;107.137;
1900-01-01 20:03:24;978.0;1745661804;91.49;95.434;90.118;107.137;
1900-01-01 20:03:25;979.0;1745661805;91.464;95.34;90.118;107.138;
1900-01-01 20:03:26;980.0;1745661806;91.527;95.34;90.099;107.109;
1900-01-01 20:03:27;981.0;1745661807;91.527;95.328;90.041;107.109;
1900-01-01 20:03:28;982.0;1745661808;91.405;95.357;90.041;107.117;
1900-01-01 20:03:29;983.0;1745661809;91.378;95.357;90.012;107.087;
1900-01-01 20:03:30;984.0;1745661810;91.378;95.305;90.0;107.087;
1900-01-01 20:03:31;985.0;1745661811;91.414;95.316;90.0;107.049;
1900-01-01 20:03:32;986.0;1745661812;91.414;95.316;89.901;107.05;
1900-01-01 20:03:33;987.0;1745661813;91.317;95.297;89.815;107.05;
1900-01-01 20:03:34;988.0;1745661814;91.298;95.297;89.815;107.048;
1900-01-01 20:03:35;989.0;1745661815;91.298;95.228;89.802;107.042;
1900-01-01 20:03:36;990.0;1745661816;91.238;95.335;89.769;107.042;
1900-01-01 20:03:37;991.0;1745661817;91.205;95.335;89.769;107.077;
1900-01-01 20:03:38;992.0;1745661818;91.205;95.32;89.757;107.204;
1900-01-01 20:03:39;993.0;1745661819;91.314;95.328;89.742;107.204;
1900-01-01 20:03:40;994.0;1745661820;91.176;95.328;89.742;107.169;
1900-01-01 20:03:41;995.0;1745661821;91.176;95.285;89.645;107.108;
1900-01-01 20:03:42;996.0;1745661822;91.184;95.253;89.645;107.108;
1900-01-01 20:03:43;997.0;1745661823;91.202;95.253;89.578;107.154;
1900-01-01 20:03:44;998.0;1745661824;91.202;95.228;89.52;107.086;
1900-01-01 20:03:45;999.0;1745661825;91.175;95.219;89.52;107.086;
1900-01-01 20:03:46;1000.0;1745661826;91.185;95.219;89.594;107.074;
1900-01-01 20:03:47;1001.0;1745661827;91.185;95.196;89.564;107.184;
1900-01-01 20:03:48;1002.0;1745661828;91.188;95.195;89.58;107.184;
1900-01-01 20:03:49;1003.0;1745661829;91.188;95.195;89.58;107.065;
1900-01-01 20:03:50;1004.0;1745661830;91.11;95.093;89.582;107.025;
1900-01-01 20:03:51;1005.0;1745661831;91.107;95.14;89.582;107.025;
1900-01-01 20:03:52;1006.0;1745661832;91.107;95.14;89.556;107.019;
1900-01-01 20:03:53;1007.0;1745661833;91.048;95.087;89.655;107.019;
1900-01-01 20:03:54;1008.0;1745661834;91.033;95.157;89.655;107.093;
1900-01-01 20:03:55;1009.0;1745661835;91.033;95.157;89.658;107.056;
1900-01-01 20:03:56;1010.0;1745661836;91.013;95.111;89.64;107.056;
1900-01-01 20:03:57;1011.0;1745661837;90.995;95.127;89.64;107.001;
1900-01-01 20:03:58;1012.0;1745661838;90.995;95.127;89.619;107.116;
1900-01-01 20:03:59;1013.0;1745661839;91.043;95.08;89.514;107.116;
1900-01-01 20:04:00;1014.0;1745661840;90.981;95.08;89.514;107.055;
1900-01-01 20:04:01;1015.0;1745661841;90.981;95.108;89.537;106.987;
1900-01-01 20:04:02;1016.0;1745661842;91.022;95.097;89.488;106.987;
1900-01-01 20:04:03;1017.0;1745661843;90.963;95.097;89.488;107.234;
1900-01-01 20:04:04;1018.0;1745661844;90.963;94.996;89.453;107.214;
1900-01-01 20:04:05;1019.0;1745661845;90.947;95.113;89.453;107.214;
1900-01-01 20:04:06;1020.0;1745661846;90.892;95.113;89.46;107.128;
1900-01-01 20:04:07;1021.0;1745661847;90.892;94.971;89.529;107.111;
1900-01-01 20:04:08;1022.0;1745661848;90.92;94.991;89.529;107.111;
1900-01-01 20:04:09;1023.0;1745661849;90.892;94.991;89.58;107.15;
1900-01-01 20:04:10;1024.0;1745661850;90.892;95.011;89.59;107.13;
1900-01-01 20:04:11;1025.0;1745661851;90.93;95.048;89.701;107.13;
1900-01-01 20:04:12;1026.0;1745661852;90.845;95.048;89.701;107.179;
1900-01-01 20:04:13;1027.0;1745661853;90.845;95.058;89.711;107.078;
1900-01-01 20:04:14;1028.0;1745661854;90.883;95.044;89.711;107.078;
1900-01-01 20:04:15;1029.0;1745661855;90.745;95.044;89.755;107.019;
1900-01-01 20:04:16;1030.0;1745661856;90.745;95.007;89.796;107.04;
1900-01-01 20:04:17;1031.0;1745661857;90.75;94.948;89.723;107.04;
1900-01-01 20:04:18;1032.0;1745661858;90.785;94.98;89.723;107.11;
1900-01-01 20:04:19;1033.0;1745661859;90.785;94.98;89.752;107.066;
1900-01-01 20:04:20;1034.0;1745661860;90.814;94.933;89.557;107.066;
1900-01-01 20:04:21;1035.0;1745661861;90.662;94.933;89.557;107.046;
1900-01-01 20:04:22;1036.0;1745661862;90.662;94.973;89.596;107.088;
1900-01-01 20:04:23;1037.0;1745661863;90.726;94.977;89.555;107.088;
1900-01-01 20:04:24;1038.0;1745661864;90.684;94.977;89.555;107.084;
1900-01-01 20:04:25;1039.0;1745661865;90.684;94.952;89.454;107.185;
1900-01-01 20:04:26;1040.0;1745661866;90.655;94.994;89.397;107.185;
1900-01-01 20:04:27;1041.0;1745661867;90.596;94.994;89.397;107.088;
1900-01-01 20:04:28;1042.0;1745661868;90.596;94.947;89.477;107.183;
1900-01-01 20:04:30;1043.0;1745661870;90.625;95.02;89.517;107.183;
1900-01-01 20:04:30;1044.0;1745661870;90.626;95.02;89.517;107.019;
1900-01-01 20:04:31;1045.0;1745661871;90.626;94.99;89.541;107.095;
1900-01-01 20:04:33;1046.0;1745661873;90.559;94.958;89.585;107.095;
1900-01-01 20:04:33;1047.0;1745661873;90.605;94.958;89.585;107.117;
1900-01-01 20:04:34;1048.0;1745661874;90.605;95.026;89.496;107.077;
1900-01-01 20:04:35;1049.0;1745661875;90.587;94.94;89.496;107.077;
1900-01-01 20:04:36;1050.0;1745661876;90.587;94.94;89.637;107.113;
1900-01-01 20:04:37;1051.0;1745661877;90.568;94.913;89.571;107.113;
1900-01-01 20:04:38;1052.0;1745661878;90.576;94.939;89.571;107.04;
1900-01-01 20:04:39;1053.0;1745661879;90.576;94.939;89.493;107.113;
1900-01-01 20:04:40;1054.0;1745661880;90.499;94.997;89.311;107.113;
1900-01-01 20:04:41;1055.0;1745661881;90.581;94.952;89.311;107.037;
1900-01-01 20:04:42;1056.0;1745661882;90.581;94.952;89.177;107.079;
1900-01-01 20:04:43;1057.0;1745661883;90.543;94.944;89.124;107.079;
1900-01-01 20:04:44;1058.0;1745661884;90.587;94.944;89.124;107.127;
1900-01-01 20:04:45;1059.0;1745661885;90.587;94.896;89.078;107.033;
1900-01-01 20:04:46;1060.0;1745661886;90.558;94.911;89.073;107.033;
1900-01-01 20:04:47;1061.0;1745661887;90.423;94.911;89.073;107.069;
1900-01-01 20:04:48;1062.0;1745661888;90.423;94.858;88.997;107.08;
1900-01-01 20:04:49;1063.0;1745661889;90.43;94.915;89.088;107.08;
1900-01-01 20:04:50;1064.0;1745661890;90.377;94.915;89.088;107.007;
1900-01-01 20:04:51;1065.0;1745661891;90.377;94.796;89.13;107.048;
1900-01-01 20:04:52;1066.0;1745661892;90.31;94.899;89.13;107.048;
1900-01-01 20:04:53;1067.0;1745661893;90.335;94.899;89.123;107.056;
1900-01-01 20:04:54;1068.0;1745661894;90.335;94.765;89.139;107.067;
1900-01-01 20:04:55;1069.0;1745661895;90.324;94.782;89.139;107.067;
1900-01-01 20:04:56;1070.0;1745661896;90.326;94.782;89.212;107.062;
1900-01-01 20:04:57;1071.0;1745661897;90.326;94.753;89.175;107.063;
1900-01-01 20:04:58;1072.0;1745661898;90.376;94.701;89.175;107.063;
1900-01-01 20:04:59;1073.0;1745661899;90.277;94.701;89.187;107.105;
1900-01-01 20:05:00;1074.0;1745661900;90.277;94.704;89.153;107.124;
1900-01-01 20:05:01;1075.0;1745661901;90.301;94.783;89.153;107.124;
1900-01-01 20:05:02;1076.0;1745661902;90.226;94.783;89.097;107.057;
1900-01-01 20:05:03;1077.0;1745661903;90.226;94.687;89.097;107.076;
1900-01-01 20:05:04;1078.0;1745661904;90.221;94.687;89.097;107.076;
1900-01-01 20:05:05;1079.0;1745661905;90.221;94.679;89.021;107.064;
1900-01-01 20:05:06;1080.0;1745661906;90.087;94.639;88.995;107.064;
1900-01-01 20:05:07;1081.0;1745661907;90.104;94.639;88.995;107.041;
1900-01-01 20:05:08;1082.0;1745661908;90.104;94.633;88.955;107.03;
1900-01-01 20:05:10;1083.0;1745661910;90.088;94.668;88.862;107.03;
1900-01-01 20:05:10;1084.0;1745661910;89.983;94.668;88.862;107.076;
1900-01-01 20:05:11;1085.0;1745661911;89.983;94.607;88.985;107.067;
1900-01-01 20:05:13;1086.0;1745661913;89.97;94.591;88.857;107.067;
1900-01-01 20:05:13;1087.0;1745661913;89.892;94.591;88.857;107.218;
1900-01-01 20:05:14;1088.0;1745661914;89.892;94.611;88.837;107.073;
1900-01-01 20:05:16;1089.0;1745661916;89.87;94.621;88.868;107.073;
1900-01-01 20:05:16;1090.0;1745661916;89.87;94.621;88.868;107.124;
1900-01-01 20:05:17;1091.0;1745661917;89.841;94.634;88.775;107.103;
1900-01-01 20:05:18;1092.0;1745661918;89.893;94.621;88.775;107.103;
1900-01-01 20:05:19;1093.0;1745661919;89.842;94.621;88.835;107.05;
1900-01-01 20:05:20;1094.0;1745661920;89.842;94.626;88.806;107.05;
1900-01-01 20:05:21;1095.0;1745661921;89.809;94.618;88.806;107.019;
1900-01-01 20:05:22;1096.0;1745661922;89.801;94.618;88.885;107.083;
1900-01-01 20:05:23;1097.0;1745661923;89.801;94.64;88.919;107.083;
1900-01-01 20:05:24;1098.0;1745661924;89.865;94.658;88.919;107.069;
1900-01-01 20:05:25;1099.0;1745661925;89.865;94.658;88.862;107.17;
1900-01-01 20:05:27;1100.0;1745661927;89.767;94.665;88.858;107.069;
1900-01-01 20:05:27;1101.0;1745661927;89.827;94.665;88.858;107.069;
1900-01-01 20:05:28;1102.0;1745661928;89.827;94.643;88.952;107.114;
1900-01-01 20:05:29;1103.0;1745661929;89.768;94.625;89.004;107.114;
1900-01-01 20:05:31;1104.0;1745661931;89.794;94.594;89.004;107.049;
1900-01-01 20:05:31;1105.0;1745661931;89.794;94.594;89.064;107.061;
1900-01-01 20:05:32;1106.0;1745661932;89.78;94.461;88.966;107.061;
1900-01-01 20:05:34;1107.0;1745661934;89.81;94.45;88.966;107.0;
1900-01-01 20:05:34;1108.0;1745661934;89.81;94.45;88.901;107.123;
1900-01-01 20:05:35;1109.0;1745661935;89.778;94.506;88.859;107.123;
1900-01-01 20:05:36;1110.0;1745661936;89.778;94.506;88.859;107.036;
1900-01-01 20:05:37;1111.0;1745661937;89.723;94.502;88.764;107.057;
1900-01-01 20:05:38;1112.0;1745661938;89.747;94.463;88.764;107.057;
1900-01-01 20:05:39;1113.0;1745661939;89.747;94.463;88.689;107.061;
1900-01-01 20:05:40;1114.0;1745661940;89.614;94.548;88.64;107.061;
1900-01-01 20:05:41;1115.0;1745661941;89.645;94.415;88.64;107.141;
1900-01-01 20:05:42;1116.0;1745661942;89.645;94.415;88.628;107.081;
1900-01-01 20:05:43;1117.0;1745661943;89.634;94.495;88.692;107.081;
1900-01-01 20:05:44;1118.0;1745661944;89.64;94.499;88.692;107.098;
1900-01-01 20:05:45;1119.0;1745661945;89.64;94.499;88.499;107.024;
1900-01-01 20:05:46;1120.0;1745661946;89.577;94.425;88.342;107.024;
1900-01-01 20:05:47;1121.0;1745661947;89.533;94.46;88.342;107.054;
1900-01-01 20:05:48;1122.0;1745661948;89.533;94.46;88.242;107.035;
1900-01-01 20:05:49;1123.0;1745661949;89.539;94.368;88.242;107.035;
1900-01-01 20:05:50;1124.0;1745661950;89.415;94.368;88.139;107.216;
1900-01-01 20:05:51;1125.0;1745661951;89.415;94.418;88.16;107.035;
1900-01-01 20:05:52;1126.0;1745661952;89.417;94.349;88.16;107.035;
1900-01-01 20:05:53;1127.0;1745661953;89.334;94.349;88.149;107.035;
1900-01-01 20:05:54;1128.0;1745661954;89.334;94.276;88.118;107.035;
1900-01-01 20:05:55;1129.0;1745661955;89.28;94.295;88.118;107.018;
1900-01-01 20:05:56;1130.0;1745661956;89.195;94.295;88.055;107.136;
1900-01-01 20:05:57;1131.0;1745661957;89.195;94.224;88.075;107.041;
1900-01-01 20:05:59;1132.0;1745661959;89.229;94.293;87.963;107.041;
1900-01-01 20:05:59;1133.0;1745661959;89.229;94.293;87.963;107.0;
1900-01-01 20:06:00;1134.0;1745661960;89.246;94.257;87.869;107.085;
1900-01-01 20:06:01;1135.0;1745661961;89.208;94.323;87.869;107.085;
1900-01-01 20:06:02;1136.0;1745661962;89.208;94.323;87.857;107.066;
1900-01-01 20:06:03;1137.0;1745661963;89.18;94.248;87.825;107.029;
1900-01-01 20:06:04;1138.0;1745661964;89.198;94.282;87.825;107.029;
1900-01-01 20:06:05;1139.0;1745661965;89.198;94.282;87.831;106.974;
1900-01-01 20:06:06;1140.0;1745661966;89.145;94.324;87.815;106.974;
1900-01-01 20:06:07;1141.0;1745661967;89.124;94.324;87.815;107.007;
1900-01-01 20:06:08;1142.0;1745661968;89.124;94.275;87.838;106.973;
1900-01-01 20:06:09;1143.0;1745661969;89.109;94.199;87.988;106.973;
1900-01-01 20:06:11;1144.0;1745661971;89.089;94.164;87.988;107.061;
1900-01-01 20:06:11;1145.0;1745661971;89.089;94.164;88.015;106.994;
1900-01-01 20:06:12;1146.0;1745661972;89.031;94.237;88.004;106.994;
1900-01-01 20:06:13;1147.0;1745661973;89.042;94.237;88.004;107.029;
1900-01-01 20:06:14;1148.0;1745661974;89.042;94.264;88.063;106.982;
1900-01-01 20:06:16;1149.0;1745661976;88.974;94.19;88.15;106.982;
1900-01-01 20:06:16;1150.0;1745661976;88.994;94.19;88.15;106.928;
1900-01-01 20:06:17;1151.0;1745661977;88.994;94.25;88.237;107.026;
1900-01-01 20:06:18;1152.0;1745661978;88.925;94.173;88.237;107.026;
1900-01-01 20:06:19;1153.0;1745661979;88.925;94.173;88.276;106.967;
1900-01-01 20:06:20;1154.0;1745661980;88.971;94.163;88.198;107.106;
1900-01-01 20:06:21;1155.0;1745661981;88.968;94.219;88.198;107.106;
1900-01-01 20:06:22;1156.0;1745661982;88.968;94.219;88.244;106.993;
1900-01-01 20:06:23;1157.0;1745661983;88.992;94.259;88.07;106.993;
1900-01-01 20:06:24;1158.0;1745661984;88.963;94.259;88.07;106.924;
1900-01-01 20:06:25;1159.0;1745661985;88.963;94.173;87.916;106.929;
1900-01-01 20:06:26;1160.0;1745661986;88.954;94.177;87.869;106.929;
1900-01-01 20:06:27;1161.0;1745661987;88.949;94.092;87.869;107.096;
1900-01-01 20:06:28;1162.0;1745661988;88.949;94.092;87.864;107.0;
1900-01-01 20:06:29;1163.0;1745661989;88.874;94.165;87.906;107.0;
1900-01-01 20:06:30;1164.0;1745661990;88.889;94.165;87.906;106.922;
1900-01-01 20:06:31;1165.0;1745661991;88.889;94.141;87.998;106.958;
1900-01-01 20:06:32;1166.0;1745661992;88.86;94.092;87.998;106.958;
1900-01-01 20:06:33;1167.0;1745661993;88.836;94.092;88.078;107.097;
1900-01-01 20:06:34;1168.0;1745661994;88.836;94.131;88.051;106.972;
1900-01-01 20:06:35;1169.0;1745661995;88.801;94.133;87.995;106.972;
1900-01-01 20:06:36;1170.0;1745661996;88.857;94.133;87.995;107.041;
1900-01-01 20:06:37;1171.0;1745661997;88.857;94.13;87.904;107.102;
1900-01-01 20:06:38;1172.0;1745661998;88.77;94.119;87.932;107.102;
1900-01-01 20:06:39;1173.0;1745661999;88.77;94.119;87.932;106.924;
1900-01-01 20:06:40;1174.0;1745662000;88.77;94.03;87.747;107.022;
1900-01-01 20:06:42;1175.0;1745662002;88.805;94.012;87.686;107.022;
1900-01-01 20:06:42;1176.0;1745662002;88.697;94.012;87.686;107.073;
1900-01-01 20:06:43;1177.0;1745662003;88.697;94.023;87.642;107.039;
1900-01-01 20:06:44;1178.0;1745662004;88.641;94.038;87.642;107.039;
1900-01-01 20:06:46;1179.0;1745662006;88.615;94.038;87.437;107.074;
1900-01-01 20:06:46;1180.0;1745662006;88.615;93.935;87.303;107.074;
1900-01-01 20:06:47;1181.0;1745662007;88.645;93.966;87.303;107.051;
1900-01-01 20:06:48;1182.0;1745662008;88.645;93.966;87.263;107.003;
1900-01-01 20:06:49;1183.0;1745662009;88.578;93.999;87.239;107.003;
1900-01-01 20:06:51;1184.0;1745662011;88.584;93.93;87.239;106.968;
1900-01-01 20:06:51;1185.0;1745662011;88.584;93.93;87.16;107.026;
1900-01-01 20:06:52;1186.0;1745662012;88.507;93.886;87.107;107.026;
1900-01-01 20:06:53;1187.0;1745662013;88.47;93.886;87.107;106.902;
1900-01-01 20:06:54;1188.0;1745662014;88.47;93.921;87.104;106.996;
1900-01-01 20:06:56;1189.0;1745662016;88.465;93.918;87.255;106.996;
1900-01-01 20:06:56;1190.0;1745662016;88.423;93.918;87.255;107.011;
1900-01-01 20:06:57;1191.0;1745662017;88.423;93.918;87.291;106.977;
1900-01-01 20:06:58;1192.0;1745662018;88.426;93.831;87.376;106.977;
1900-01-01 20:06:59;1193.0;1745662019;88.426;93.831;87.376;106.99;
1900-01-01 20:07:00;1194.0;1745662020;88.365;93.849;87.433;107.01;
1900-01-01 20:07:01;1195.0;1745662021;88.298;93.837;87.433;107.01;
1900-01-01 20:07:02;1196.0;1745662022;88.298;93.837;87.47;106.981;
1900-01-01 20:07:03;1197.0;1745662023;88.267;93.801;87.537;106.981;
1900-01-01 20:07:04;1198.0;1745662024;88.246;93.757;87.537;107.083;
1900-01-01 20:07:05;1199.0;1745662025;88.246;93.757;87.557;106.98;
1900-01-01 20:07:06;1200.0;1745662026;88.23;93.828;87.512;106.98;
