Time;Seconds from start for linreg;Unix Time;ch1 po2;ch2 po2;ch3 po2;ch4 po2;
1900-01-01 20:37:07;1.0;1745663827;99.212;100.432;95.383;105.453;
1900-01-01 20:37:08;2.0;1745663828;99.099;100.447;95.362;105.453;
1900-01-01 20:37:09;3.0;1745663829;99.187;100.447;95.362;105.446;
1900-01-01 20:37:10;4.0;1745663830;99.187;100.396;95.336;105.448;
1900-01-01 20:37:11;5.0;1745663831;99.164;100.315;95.293;105.448;
1900-01-01 20:37:12;6.0;1745663832;99.294;100.315;95.293;105.484;
1900-01-01 20:37:13;7.0;1745663833;99.294;100.336;95.303;105.384;
1900-01-01 20:37:14;8.0;1745663834;99.312;100.315;95.303;105.384;
1900-01-01 20:37:15;9.0;1745663835;99.33;100.315;95.246;105.364;
1900-01-01 20:37:17;10.0;1745663837;99.33;100.403;95.256;105.408;
1900-01-01 20:37:17;11.0;1745663837;99.392;100.407;95.256;105.408;
1900-01-01 20:37:18;12.0;1745663838;99.371;100.407;95.25;105.444;
1900-01-01 20:37:19;13.0;1745663839;99.371;100.354;95.273;105.385;
1900-01-01 20:37:20;14.0;1745663840;99.371;100.356;95.273;105.385;
1900-01-01 20:37:21;15.0;1745663841;99.371;100.356;95.291;105.359;
1900-01-01 20:37:22;16.0;1745663842;99.208;100.376;95.288;105.359;
1900-01-01 20:37:23;17.0;1745663843;99.258;100.36;95.288;105.467;
1900-01-01 20:37:24;18.0;1745663844;99.228;100.36;95.419;105.402;
1900-01-01 20:37:25;19.0;1745663845;99.228;100.377;95.391;105.486;
1900-01-01 20:37:26;20.0;1745663846;99.24;100.389;95.391;105.486;
1900-01-01 20:37:27;21.0;1745663847;99.24;100.389;95.41;105.512;
1900-01-01 20:37:28;22.0;1745663848;99.175;100.304;95.476;105.381;
1900-01-01 20:37:29;23.0;1745663849;99.196;100.304;95.476;105.381;
1900-01-01 20:37:30;24.0;1745663850;99.196;100.325;95.496;105.44;
1900-01-01 20:37:31;25.0;1745663851;99.09;100.372;95.405;105.44;
1900-01-01 20:37:32;26.0;1745663852;99.107;100.372;95.405;105.431;
1900-01-01 20:37:33;27.0;1745663853;99.107;100.419;95.388;105.463;
1900-01-01 20:37:34;28.0;1745663854;99.151;100.388;95.388;105.463;
1900-01-01 20:37:35;29.0;1745663855;99.054;100.388;95.292;105.458;
1900-01-01 20:37:36;30.0;1745663856;99.054;100.421;95.221;105.407;
1900-01-01 20:37:37;31.0;1745663857;99.078;100.419;95.221;105.407;
1900-01-01 20:37:38;32.0;1745663858;99.159;100.419;95.173;105.357;
1900-01-01 20:37:39;33.0;1745663859;99.159;100.413;95.225;105.478;
1900-01-01 20:37:40;34.0;1745663860;99.032;100.386;95.225;105.478;
1900-01-01 20:37:41;35.0;1745663861;99.032;100.386;95.228;105.469;
1900-01-01 20:37:42;36.0;1745663862;99.085;100.401;95.286;105.425;
1900-01-01 20:37:43;37.0;1745663863;99.157;100.339;95.286;105.425;
1900-01-01 20:37:44;38.0;1745663864;99.157;100.339;95.338;105.414;
1900-01-01 20:37:45;39.0;1745663865;99.128;100.323;95.27;105.414;
1900-01-01 20:37:46;40.0;1745663866;99.14;100.323;95.27;105.44;
1900-01-01 20:37:47;41.0;1745663867;99.14;100.345;95.248;105.427;
1900-01-01 20:37:48;42.0;1745663868;99.119;100.338;95.225;105.427;
1900-01-01 20:37:49;43.0;1745663869;99.144;100.338;95.225;105.454;
1900-01-01 20:37:50;44.0;1745663870;99.144;100.337;95.174;105.427;
1900-01-01 20:37:51;45.0;1745663871;99.17;100.394;95.114;105.427;
1900-01-01 20:37:52;46.0;1745663872;99.099;100.394;95.114;105.432;
1900-01-01 20:37:53;47.0;1745663873;99.099;100.281;95.128;105.411;
1900-01-01 20:37:54;48.0;1745663874;99.074;100.303;95.019;105.411;
1900-01-01 20:37:55;49.0;1745663875;99.087;100.303;95.019;105.327;
1900-01-01 20:37:56;50.0;1745663876;99.087;100.214;95.05;105.504;
1900-01-01 20:37:57;51.0;1745663877;99.049;100.199;95.05;105.504;
1900-01-01 20:37:58;52.0;1745663878;98.994;100.199;95.025;105.378;
1900-01-01 20:37:59;53.0;1745663879;98.994;100.113;94.991;105.378;
1900-01-01 20:38:00;54.0;1745663880;98.964;100.065;94.991;105.339;
1900-01-01 20:38:01;55.0;1745663881;98.925;100.065;95.023;105.411;
1900-01-01 20:38:02;56.0;1745663882;98.925;100.021;95.008;105.404;
1900-01-01 20:38:03;57.0;1745663883;98.948;99.976;95.008;105.404;
1900-01-01 20:38:04;58.0;1745663884;98.948;99.976;94.96;105.396;
1900-01-01 20:38:05;59.0;1745663885;98.967;99.996;94.85;105.396;
1900-01-01 20:38:06;60.0;1745663886;99.043;99.996;94.85;105.47;
1900-01-01 20:38:07;61.0;1745663887;99.043;99.976;94.907;105.424;
1900-01-01 20:38:08;62.0;1745663888;98.933;100.018;94.896;105.424;
1900-01-01 20:38:09;63.0;1745663889;98.948;100.018;94.896;105.523;
1900-01-01 20:38:10;64.0;1745663890;98.948;100.134;94.93;105.493;
1900-01-01 20:38:11;65.0;1745663891;98.886;100.115;94.948;105.493;
1900-01-01 20:38:12;66.0;1745663892;98.886;100.115;94.948;105.432;
1900-01-01 20:38:13;67.0;1745663893;98.886;100.075;95.003;105.486;
1900-01-01 20:38:14;68.0;1745663894;98.861;100.117;95.003;105.486;
1900-01-01 20:38:15;69.0;1745663895;98.861;100.117;94.924;105.456;
1900-01-01 20:38:16;70.0;1745663896;98.848;100.133;94.985;105.343;
1900-01-01 20:38:17;71.0;1745663897;98.824;100.108;94.985;105.343;
1900-01-01 20:38:18;72.0;1745663898;98.824;100.108;94.992;105.439;
1900-01-01 20:38:19;73.0;1745663899;98.849;100.087;94.944;105.439;
1900-01-01 20:38:20;74.0;1745663900;98.904;100.205;94.944;105.47;
1900-01-01 20:38:21;75.0;1745663901;98.892;100.205;95.043;105.423;
1900-01-01 20:38:22;76.0;1745663902;98.892;100.151;95.025;105.423;
1900-01-01 20:38:23;77.0;1745663903;98.941;100.21;95.025;105.478;
1900-01-01 20:38:24;78.0;1745663904;98.941;100.21;94.951;105.459;
1900-01-01 20:38:25;79.0;1745663905;99.086;100.216;94.904;105.459;
1900-01-01 20:38:26;80.0;1745663906;99.036;100.248;94.904;105.45;
1900-01-01 20:38:28;81.0;1745663908;99.036;100.248;94.836;105.454;
1900-01-01 20:38:28;82.0;1745663908;99.033;100.228;94.881;105.454;
1900-01-01 20:38:29;83.0;1745663909;99.107;100.228;94.881;105.46;
1900-01-01 20:38:30;84.0;1745663910;99.107;100.263;94.851;105.457;
1900-01-01 20:38:31;85.0;1745663911;99.1;100.173;94.851;105.457;
1900-01-01 20:38:32;86.0;1745663912;99.109;100.173;94.876;105.418;
1900-01-01 20:38:33;87.0;1745663913;99.109;100.143;94.912;105.428;
1900-01-01 20:38:35;88.0;1745663915;99.069;100.123;94.789;105.428;
1900-01-01 20:38:35;89.0;1745663915;99.071;100.123;94.789;105.374;
1900-01-01 20:38:36;90.0;1745663916;99.071;100.132;94.741;105.429;
1900-01-01 20:38:37;91.0;1745663917;98.985;100.055;94.741;105.429;
1900-01-01 20:38:38;92.0;1745663918;98.985;100.055;94.769;105.425;
1900-01-01 20:38:39;93.0;1745663919;99.042;100.059;94.802;105.425;
1900-01-01 20:38:40;94.0;1745663920;99.006;100.064;94.802;105.484;
1900-01-01 20:38:41;95.0;1745663921;98.896;100.064;94.872;105.472;
1900-01-01 20:38:42;96.0;1745663922;98.896;100.031;94.877;105.472;
1900-01-01 20:38:43;97.0;1745663923;98.925;100.022;94.877;105.364;
1900-01-01 20:38:44;98.0;1745663924;98.817;100.022;94.833;105.312;
1900-01-01 20:38:45;99.0;1745663925;98.817;99.958;94.779;105.312;
1900-01-01 20:38:46;100.0;1745663926;98.826;100.013;94.779;105.379;
1900-01-01 20:38:47;101.0;1745663927;98.826;100.013;94.705;105.312;
1900-01-01 20:38:48;102.0;1745663928;98.819;100.097;94.72;105.312;
1900-01-01 20:38:49;103.0;1745663929;98.867;99.951;94.72;105.404;
1900-01-01 20:38:50;104.0;1745663930;98.867;99.951;94.7;105.377;
1900-01-01 20:38:51;105.0;1745663931;98.771;99.972;94.743;105.377;
1900-01-01 20:38:52;106.0;1745663932;98.81;99.97;94.743;105.491;
1900-01-01 20:38:53;107.0;1745663933;98.81;99.97;94.76;105.393;
1900-01-01 20:38:54;108.0;1745663934;98.791;99.978;94.809;105.393;
1900-01-01 20:38:55;109.0;1745663935;98.787;99.978;94.809;105.441;
1900-01-01 20:38:56;110.0;1745663936;98.787;99.943;94.874;105.348;
1900-01-01 20:38:57;111.0;1745663937;98.735;99.862;94.874;105.348;
1900-01-01 20:38:58;112.0;1745663938;98.803;99.862;94.793;105.358;
1900-01-01 20:38:59;113.0;1745663939;98.803;99.83;94.686;105.353;
1900-01-01 20:39:00;114.0;1745663940;98.738;99.72;94.686;105.353;
1900-01-01 20:39:01;115.0;1745663941;98.698;99.72;94.588;105.45;
1900-01-01 20:39:02;116.0;1745663942;98.698;99.838;94.711;105.416;
1900-01-01 20:39:03;117.0;1745663943;98.741;99.786;94.711;105.416;
1900-01-01 20:39:04;118.0;1745663944;98.741;99.786;94.592;105.442;
1900-01-01 20:39:05;119.0;1745663945;98.755;99.818;94.659;105.39;
1900-01-01 20:39:06;120.0;1745663946;98.643;99.837;94.659;105.39;
1900-01-01 20:39:07;121.0;1745663947;98.615;99.837;94.709;105.402;
1900-01-01 20:39:08;122.0;1745663948;98.615;99.853;94.728;105.402;
1900-01-01 20:39:09;123.0;1745663949;98.659;99.854;94.728;105.398;
1900-01-01 20:39:10;124.0;1745663950;98.659;99.854;94.75;105.418;
1900-01-01 20:39:11;125.0;1745663951;98.702;99.794;94.705;105.411;
1900-01-01 20:39:12;126.0;1745663952;98.767;99.896;94.705;105.411;
1900-01-01 20:39:13;127.0;1745663953;98.767;99.896;94.647;105.355;
1900-01-01 20:39:14;128.0;1745663954;98.768;99.952;94.607;105.355;
1900-01-01 20:39:15;129.0;1745663955;98.805;99.861;94.607;105.383;
1900-01-01 20:39:16;130.0;1745663956;98.762;99.861;94.655;105.388;
1900-01-01 20:39:17;131.0;1745663957;98.762;99.879;94.626;105.304;
1900-01-01 20:39:18;132.0;1745663958;98.715;99.812;94.626;105.304;
1900-01-01 20:39:19;133.0;1745663959;98.715;99.812;94.575;105.377;
1900-01-01 20:39:20;134.0;1745663960;98.648;99.89;94.571;105.377;
1900-01-01 20:39:21;135.0;1745663961;98.627;99.75;94.571;105.316;
1900-01-01 20:39:22;136.0;1745663962;98.574;99.75;94.612;105.341;
1900-01-01 20:39:23;137.0;1745663963;98.574;99.767;94.448;105.341;
1900-01-01 20:39:24;138.0;1745663964;98.609;99.696;94.448;105.371;
1900-01-01 20:39:25;139.0;1745663965;98.609;99.696;94.455;105.433;
1900-01-01 20:39:26;140.0;1745663966;98.562;99.714;94.456;105.433;
1900-01-01 20:39:27;141.0;1745663967;98.637;99.714;94.456;105.442;
1900-01-01 20:39:28;142.0;1745663968;98.637;99.767;94.535;105.44;
1900-01-01 20:39:29;143.0;1745663969;98.569;99.692;94.574;105.44;
1900-01-01 20:39:30;144.0;1745663970;98.588;99.692;94.574;105.416;
1900-01-01 20:39:31;145.0;1745663971;98.588;99.707;94.459;105.335;
1900-01-01 20:39:33;146.0;1745663973;98.525;99.598;94.487;105.335;
1900-01-01 20:39:33;147.0;1745663973;98.458;99.598;94.487;105.483;
1900-01-01 20:39:34;148.0;1745663974;98.458;99.63;94.482;105.41;
1900-01-01 20:39:35;149.0;1745663975;98.468;99.568;94.482;105.41;
1900-01-01 20:39:36;150.0;1745663976;98.52;99.568;94.348;105.351;
1900-01-01 20:39:37;151.0;1745663977;98.52;99.505;94.39;105.351;
1900-01-01 20:39:38;152.0;1745663978;98.475;99.513;94.46;105.351;
1900-01-01 20:39:39;153.0;1745663979;98.479;99.513;94.46;105.289;
1900-01-01 20:39:40;154.0;1745663980;98.479;99.57;94.428;105.32;
1900-01-01 20:39:41;155.0;1745663981;98.476;99.592;94.334;105.32;
1900-01-01 20:39:42;156.0;1745663982;98.456;99.592;94.334;105.409;
1900-01-01 20:39:43;157.0;1745663983;98.456;99.564;94.477;105.415;
1900-01-01 20:39:44;158.0;1745663984;98.434;99.572;94.477;105.415;
1900-01-01 20:39:46;159.0;1745663986;98.416;99.572;94.432;105.38;
1900-01-01 20:39:46;160.0;1745663986;98.416;99.609;94.535;105.433;
1900-01-01 20:39:47;161.0;1745663987;98.399;99.516;94.535;105.433;
1900-01-01 20:39:48;162.0;1745663988;98.437;99.516;94.372;105.412;
1900-01-01 20:39:49;163.0;1745663989;98.437;99.471;94.338;105.412;
1900-01-01 20:39:50;164.0;1745663990;98.37;99.584;94.338;105.353;
1900-01-01 20:39:51;165.0;1745663991;98.413;99.584;94.328;105.426;
1900-01-01 20:39:52;166.0;1745663992;98.413;99.471;94.297;105.426;
1900-01-01 20:39:53;167.0;1745663993;98.35;99.498;94.297;105.391;
1900-01-01 20:39:54;168.0;1745663994;98.35;99.498;94.272;105.422;
1900-01-01 20:39:55;169.0;1745663995;98.35;99.497;94.203;105.422;
1900-01-01 20:39:56;170.0;1745663996;98.373;99.497;94.203;105.366;
1900-01-01 20:39:57;171.0;1745663997;98.373;99.449;94.253;105.383;
1900-01-01 20:39:58;172.0;1745663998;98.411;99.442;94.282;105.383;
1900-01-01 20:39:59;173.0;1745663999;98.271;99.442;94.282;105.39;
1900-01-01 20:40:00;174.0;1745664000;98.271;99.345;94.215;105.293;
1900-01-01 20:40:01;175.0;1745664001;98.328;99.416;94.215;105.293;
1900-01-01 20:40:02;176.0;1745664002;98.361;99.416;94.265;105.395;
1900-01-01 20:40:03;177.0;1745664003;98.361;99.414;94.185;105.401;
1900-01-01 20:40:04;178.0;1745664004;98.382;99.494;94.185;105.401;
1900-01-01 20:40:05;179.0;1745664005;98.279;99.494;94.149;105.3;
1900-01-01 20:40:06;180.0;1745664006;98.279;99.518;94.2;105.4;
1900-01-01 20:40:07;181.0;1745664007;98.35;99.431;94.2;105.4;
1900-01-01 20:40:09;182.0;1745664009;98.294;99.431;94.228;105.419;
1900-01-01 20:40:09;183.0;1745664009;98.294;99.489;94.153;105.419;
1900-01-01 20:40:10;184.0;1745664010;98.36;99.555;94.153;105.38;
1900-01-01 20:40:11;185.0;1745664011;98.336;99.555;94.245;105.325;
1900-01-01 20:40:12;186.0;1745664012;98.336;99.468;94.272;105.444;
1900-01-01 20:40:13;187.0;1745664013;98.317;99.478;94.272;105.444;
1900-01-01 20:40:14;188.0;1745664014;98.323;99.478;94.228;105.417;
1900-01-01 20:40:15;189.0;1745664015;98.323;99.345;94.19;105.417;
1900-01-01 20:40:16;190.0;1745664016;98.298;99.418;94.19;105.386;
1900-01-01 20:40:17;191.0;1745664017;98.298;99.418;94.043;105.452;
1900-01-01 20:40:18;192.0;1745664018;98.271;99.356;94.085;105.452;
1900-01-01 20:40:19;193.0;1745664019;98.281;99.356;94.085;105.354;
1900-01-01 20:40:20;194.0;1745664020;98.281;99.472;94.094;105.386;
1900-01-01 20:40:21;195.0;1745664021;98.274;99.398;94.163;105.386;
1900-01-01 20:40:23;196.0;1745664023;98.227;99.438;94.163;105.356;
1900-01-01 20:40:23;197.0;1745664023;98.227;99.438;94.157;105.354;
1900-01-01 20:40:24;198.0;1745664024;98.282;99.421;94.151;105.354;
1900-01-01 20:40:25;199.0;1745664025;98.246;99.421;94.151;105.368;
1900-01-01 20:40:26;200.0;1745664026;98.246;99.434;94.159;105.389;
1900-01-01 20:40:27;201.0;1745664027;98.247;99.428;94.213;105.389;
1900-01-01 20:40:28;202.0;1745664028;98.197;99.428;94.213;105.311;
1900-01-01 20:40:29;203.0;1745664029;98.197;99.5;94.243;105.384;
1900-01-01 20:40:30;204.0;1745664030;98.135;99.478;94.243;105.384;
1900-01-01 20:40:31;205.0;1745664031;98.135;99.478;94.219;105.373;
1900-01-01 20:40:32;206.0;1745664032;98.135;99.435;94.261;105.373;
1900-01-01 20:40:33;207.0;1745664033;98.157;99.403;94.261;105.398;
1900-01-01 20:40:34;208.0;1745664034;98.11;99.403;94.237;105.397;
1900-01-01 20:40:35;209.0;1745664035;98.11;99.461;94.291;105.397;
1900-01-01 20:40:36;210.0;1745664036;98.056;99.445;94.291;105.319;
1900-01-01 20:40:37;211.0;1745664037;98.056;99.445;94.113;105.378;
1900-01-01 20:40:38;212.0;1745664038;97.987;99.437;94.087;105.378;
1900-01-01 20:40:39;213.0;1745664039;97.957;99.437;94.087;105.25;
1900-01-01 20:40:40;214.0;1745664040;97.957;99.414;94.117;105.423;
1900-01-01 20:40:41;215.0;1745664041;97.922;99.482;94.053;105.423;
1900-01-01 20:40:42;216.0;1745664042;97.941;99.316;94.053;105.407;
1900-01-01 20:40:43;217.0;1745664043;97.941;99.316;94.024;105.371;
1900-01-01 20:40:44;218.0;1745664044;97.901;99.34;93.966;105.371;
1900-01-01 20:40:45;219.0;1745664045;97.805;99.282;93.966;105.337;
1900-01-01 20:40:46;220.0;1745664046;97.805;99.282;93.954;105.416;
1900-01-01 20:40:47;221.0;1745664047;97.823;99.245;93.956;105.416;
1900-01-01 20:40:48;222.0;1745664048;97.731;99.245;93.956;105.4;
1900-01-01 20:40:49;223.0;1745664049;97.731;99.216;94.028;105.424;
1900-01-01 20:40:50;224.0;1745664050;97.737;99.312;93.912;105.424;
1900-01-01 20:40:51;225.0;1745664051;97.693;99.312;93.912;105.388;
1900-01-01 20:40:52;226.0;1745664052;97.693;99.271;93.821;105.445;
1900-01-01 20:40:53;227.0;1745664053;97.683;99.248;93.843;105.445;
1900-01-01 20:40:55;228.0;1745664055;97.661;99.248;93.843;105.384;
1900-01-01 20:40:55;229.0;1745664055;97.661;99.192;93.76;105.382;
1900-01-01 20:40:56;230.0;1745664056;97.655;99.136;93.76;105.382;
1900-01-01 20:40:57;231.0;1745664057;97.655;99.136;93.792;105.406;
1900-01-01 20:40:58;232.0;1745664058;97.631;99.109;93.76;105.406;
1900-01-01 20:40:59;233.0;1745664059;97.59;99.037;93.76;105.464;
1900-01-01 20:41:00;234.0;1745664060;97.59;99.037;93.805;105.439;
1900-01-01 20:41:01;235.0;1745664061;97.675;99.07;93.826;105.439;
1900-01-01 20:41:02;236.0;1745664062;97.694;98.97;93.826;105.376;
1900-01-01 20:41:03;237.0;1745664063;97.694;98.97;93.93;105.483;
1900-01-01 20:41:04;238.0;1745664064;97.738;99.004;93.836;105.483;
1900-01-01 20:41:05;239.0;1745664065;97.772;98.938;93.836;105.397;
1900-01-01 20:41:06;240.0;1745664066;97.772;98.938;93.767;105.416;
1900-01-01 20:41:07;241.0;1745664067;97.802;98.92;93.8;105.416;
1900-01-01 20:41:08;242.0;1745664068;97.805;98.92;93.8;105.339;
1900-01-01 20:41:09;243.0;1745664069;97.805;98.918;93.901;105.333;
1900-01-01 20:41:10;244.0;1745664070;97.832;98.861;93.901;105.333;
1900-01-01 20:41:11;245.0;1745664071;97.871;98.861;93.967;105.354;
1900-01-01 20:41:12;246.0;1745664072;97.871;98.899;93.968;105.503;
1900-01-01 20:41:13;247.0;1745664073;97.744;98.874;93.968;105.503;
1900-01-01 20:41:14;248.0;1745664074;97.744;98.874;93.992;105.375;
1900-01-01 20:41:15;249.0;1745664075;97.76;98.858;94.059;105.375;
1900-01-01 20:41:16;250.0;1745664076;97.817;98.876;94.059;105.345;
1900-01-01 20:41:17;251.0;1745664077;97.732;98.876;94.112;105.38;
1900-01-01 20:41:18;252.0;1745664078;97.732;98.987;94.044;105.38;
1900-01-01 20:41:19;253.0;1745664079;97.709;99.015;94.044;105.387;
1900-01-01 20:41:20;254.0;1745664080;97.719;99.015;93.985;105.403;
1900-01-01 20:41:21;255.0;1745664081;97.719;99.051;93.876;105.403;
1900-01-01 20:41:22;256.0;1745664082;97.656;99.056;93.876;105.344;
1900-01-01 20:41:23;257.0;1745664083;97.656;99.056;93.819;105.234;
1900-01-01 20:41:24;258.0;1745664084;97.684;99.058;93.715;105.234;
1900-01-01 20:41:25;259.0;1745664085;97.63;99.052;93.715;105.342;
1900-01-01 20:41:26;260.0;1745664086;97.63;99.052;93.75;105.343;
1900-01-01 20:41:27;261.0;1745664087;97.585;99.086;93.739;105.343;
1900-01-01 20:41:28;262.0;1745664088;97.538;98.942;93.739;105.299;
1900-01-01 20:41:29;263.0;1745664089;97.538;98.942;93.666;105.326;
1900-01-01 20:41:30;264.0;1745664090;97.544;98.966;93.855;105.326;
1900-01-01 20:41:31;265.0;1745664091;97.477;98.966;93.855;105.417;
1900-01-01 20:41:32;266.0;1745664092;97.477;98.977;93.799;105.392;
1900-01-01 20:41:33;267.0;1745664093;97.562;98.91;93.799;105.392;
1900-01-01 20:41:34;268.0;1745664094;97.528;98.91;93.837;105.418;
1900-01-01 20:41:35;269.0;1745664095;97.528;98.956;93.757;105.418;
1900-01-01 20:41:36;270.0;1745664096;97.486;99.009;93.757;105.32;
1900-01-01 20:41:37;271.0;1745664097;97.359;99.009;93.595;105.291;
1900-01-01 20:41:38;272.0;1745664098;97.359;98.919;93.657;105.338;
1900-01-01 20:41:39;273.0;1745664099;97.355;98.894;93.657;105.338;
1900-01-01 20:41:40;274.0;1745664100;97.355;98.894;93.559;105.338;
1900-01-01 20:41:41;275.0;1745664101;97.347;98.973;93.637;105.338;
1900-01-01 20:41:42;276.0;1745664102;97.271;98.973;93.637;105.33;
1900-01-01 20:41:43;277.0;1745664103;97.271;98.94;93.58;105.432;
1900-01-01 20:41:44;278.0;1745664104;97.257;98.971;93.621;105.432;
1900-01-01 20:41:46;279.0;1745664106;97.27;99.007;93.621;105.354;
1900-01-01 20:41:46;280.0;1745664106;97.27;99.007;93.642;105.37;
1900-01-01 20:41:47;281.0;1745664107;97.223;99.039;93.573;105.37;
1900-01-01 20:41:48;282.0;1745664108;97.215;99.039;93.573;105.31;
1900-01-01 20:41:49;283.0;1745664109;97.215;98.99;93.561;105.329;
1900-01-01 20:41:50;284.0;1745664110;97.256;99.1;93.561;105.329;
1900-01-01 20:41:51;285.0;1745664111;97.238;99.1;93.506;105.339;
1900-01-01 20:41:52;286.0;1745664112;97.238;99.09;93.487;105.338;
1900-01-01 20:41:53;287.0;1745664113;97.22;99.071;93.487;105.338;
1900-01-01 20:41:54;288.0;1745664114;97.157;99.071;93.452;105.362;
1900-01-01 20:41:55;289.0;1745664115;97.157;98.969;93.485;105.352;
1900-01-01 20:41:56;290.0;1745664116;97.103;99.073;93.485;105.352;
1900-01-01 20:41:57;291.0;1745664117;97.061;99.073;93.408;105.399;
1900-01-01 20:41:58;292.0;1745664118;97.061;99.08;93.353;105.388;
1900-01-01 20:41:59;293.0;1745664119;96.936;99.051;93.353;105.388;
1900-01-01 20:42:00;294.0;1745664120;96.936;99.051;93.369;105.407;
1900-01-01 20:42:01;295.0;1745664121;96.879;98.947;93.431;105.384;
1900-01-01 20:42:03;296.0;1745664123;96.747;98.916;93.431;105.384;
1900-01-01 20:42:03;297.0;1745664123;96.747;98.916;93.449;105.416;
1900-01-01 20:42:04;298.0;1745664124;96.835;98.868;93.484;105.416;
1900-01-01 20:42:06;299.0;1745664126;96.713;98.876;93.484;105.385;
1900-01-01 20:42:06;300.0;1745664126;96.713;98.876;93.56;105.363;
1900-01-01 20:42:07;301.0;1745664127;96.687;98.835;93.591;105.363;
1900-01-01 20:42:08;302.0;1745664128;96.702;98.835;93.591;105.346;
1900-01-01 20:42:09;303.0;1745664129;96.702;98.795;93.521;105.323;
1900-01-01 20:42:10;304.0;1745664130;96.739;98.858;93.5;105.323;
1900-01-01 20:42:11;305.0;1745664131;96.635;98.858;93.5;105.337;
1900-01-01 20:42:12;306.0;1745664132;96.635;98.835;93.543;105.345;
1900-01-01 20:42:14;307.0;1745664134;96.669;98.7;93.528;105.345;
1900-01-01 20:42:14;308.0;1745664134;96.599;98.7;93.528;105.303;
1900-01-01 20:42:15;309.0;1745664135;96.599;98.69;93.494;105.287;
1900-01-01 20:42:16;310.0;1745664136;96.627;98.733;93.494;105.287;
1900-01-01 20:42:17;311.0;1745664137;96.627;98.733;93.562;105.387;
1900-01-01 20:42:18;312.0;1745664138;96.659;98.678;93.374;105.342;
1900-01-01 20:42:19;313.0;1745664139;96.601;98.626;93.374;105.342;
1900-01-01 20:42:20;314.0;1745664140;96.585;98.626;93.394;105.38;
1900-01-01 20:42:21;315.0;1745664141;96.585;98.694;93.369;105.38;
1900-01-01 20:42:22;316.0;1745664142;96.662;98.593;93.369;105.321;
1900-01-01 20:42:23;317.0;1745664143;96.662;98.593;93.335;105.238;
1900-01-01 20:42:24;318.0;1745664144;96.618;98.627;93.352;105.238;
1900-01-01 20:42:25;319.0;1745664145;96.653;98.58;93.352;105.321;
1900-01-01 20:42:26;320.0;1745664146;96.653;98.58;93.432;105.452;
1900-01-01 20:42:27;321.0;1745664147;96.59;98.642;93.375;105.452;
1900-01-01 20:42:28;322.0;1745664148;96.506;98.479;93.375;105.321;
1900-01-01 20:42:29;323.0;1745664149;96.506;98.479;93.395;105.282;
1900-01-01 20:42:30;324.0;1745664150;96.504;98.518;93.453;105.282;
1900-01-01 20:42:31;325.0;1745664151;96.52;98.518;93.453;105.34;
1900-01-01 20:42:32;326.0;1745664152;96.52;98.601;93.445;105.372;
1900-01-01 20:42:33;327.0;1745664153;96.513;98.631;93.401;105.372;
1900-01-01 20:42:34;328.0;1745664154;96.444;98.707;93.401;105.344;
1900-01-01 20:42:35;329.0;1745664155;96.444;98.707;93.35;105.343;
1900-01-01 20:42:36;330.0;1745664156;96.476;98.696;93.327;105.343;
1900-01-01 20:42:37;331.0;1745664157;96.418;98.542;93.327;105.229;
1900-01-01 20:42:38;332.0;1745664158;96.418;98.542;93.376;105.31;
1900-01-01 20:42:39;333.0;1745664159;96.359;98.631;93.332;105.31;
1900-01-01 20:42:40;334.0;1745664160;96.344;98.631;93.332;105.311;
1900-01-01 20:42:41;335.0;1745664161;96.344;98.648;93.396;105.278;
1900-01-01 20:42:42;336.0;1745664162;96.319;98.645;93.396;105.278;
1900-01-01 20:42:43;337.0;1745664163;96.245;98.645;93.452;105.258;
1900-01-01 20:42:44;338.0;1745664164;96.245;98.579;93.397;105.258;
1900-01-01 20:42:45;339.0;1745664165;96.188;98.623;93.397;105.302;
1900-01-01 20:42:46;340.0;1745664166;96.109;98.623;93.398;105.434;
1900-01-01 20:42:47;341.0;1745664167;96.109;98.541;93.423;105.434;
1900-01-01 20:42:48;342.0;1745664168;96.147;98.418;93.423;105.275;
1900-01-01 20:42:49;343.0;1745664169;96.147;98.418;93.423;105.341;
1900-01-01 20:42:50;344.0;1745664170;96.039;98.577;93.427;105.341;
1900-01-01 20:42:51;345.0;1745664171;95.98;98.493;93.427;105.314;
1900-01-01 20:42:52;346.0;1745664172;95.98;98.493;93.383;105.275;
1900-01-01 20:42:53;347.0;1745664173;95.982;98.519;93.3;105.275;
1900-01-01 20:42:54;348.0;1745664174;95.945;98.555;93.3;105.327;
1900-01-01 20:42:55;349.0;1745664175;95.945;98.555;93.294;105.258;
1900-01-01 20:42:56;350.0;1745664176;95.935;98.459;93.294;105.258;
1900-01-01 20:42:57;351.0;1745664177;95.989;98.459;93.207;105.33;
1900-01-01 20:42:58;352.0;1745664178;95.989;98.465;93.145;105.345;
1900-01-01 20:42:59;353.0;1745664179;96.041;98.438;93.145;105.345;
1900-01-01 20:43:00;354.0;1745664180;96.114;98.438;93.095;105.252;
1900-01-01 20:43:01;355.0;1745664181;96.114;98.424;93.005;105.252;
1900-01-01 20:43:02;356.0;1745664182;96.108;98.447;93.005;105.337;
1900-01-01 20:43:03;357.0;1745664183;96.105;98.447;93.066;105.379;
1900-01-01 20:43:04;358.0;1745664184;96.105;98.4;92.925;105.29;
1900-01-01 20:43:05;359.0;1745664185;96.047;98.426;92.925;105.29;
1900-01-01 20:43:06;360.0;1745664186;96.047;98.426;92.86;105.201;
1900-01-01 20:43:07;361.0;1745664187;96.086;98.38;92.769;105.26;
1900-01-01 20:43:09;362.0;1745664189;96.043;98.339;92.769;105.26;
1900-01-01 20:43:09;363.0;1745664189;96.043;98.339;92.815;105.338;
1900-01-01 20:43:10;364.0;1745664190;96.093;98.46;92.804;105.338;
1900-01-01 20:43:11;365.0;1745664191;96.087;98.396;92.804;105.3;
1900-01-01 20:43:12;366.0;1745664192;96.087;98.396;92.906;105.254;
1900-01-01 20:43:13;367.0;1745664193;95.996;98.405;92.959;105.254;
1900-01-01 20:43:14;368.0;1745664194;96.154;98.366;92.959;105.344;
1900-01-01 20:43:15;369.0;1745664195;96.154;98.366;93.053;105.318;
1900-01-01 20:43:16;370.0;1745664196;96.166;98.413;92.966;105.318;
1900-01-01 20:43:17;371.0;1745664197;96.159;98.413;92.966;105.405;
1900-01-01 20:43:18;372.0;1745664198;96.159;98.423;93.01;105.322;
1900-01-01 20:43:19;373.0;1745664199;96.153;98.483;93.01;105.322;
1900-01-01 20:43:20;374.0;1745664200;96.176;98.483;92.988;105.28;
1900-01-01 20:43:21;375.0;1745664201;96.176;98.337;93.058;105.302;
1900-01-01 20:43:22;376.0;1745664202;96.066;98.372;93.129;105.302;
1900-01-01 20:43:23;377.0;1745664203;96.196;98.372;93.129;105.388;
1900-01-01 20:43:24;378.0;1745664204;96.196;98.289;93.088;105.319;
1900-01-01 20:43:26;379.0;1745664206;96.113;98.238;93.041;105.319;
1900-01-01 20:43:26;380.0;1745664206;95.972;98.238;93.041;105.362;
1900-01-01 20:43:27;381.0;1745664207;95.972;98.226;92.963;105.328;
1900-01-01 20:43:28;382.0;1745664208;95.952;98.315;92.963;105.328;
1900-01-01 20:43:29;383.0;1745664209;95.928;98.315;92.956;105.351;
1900-01-01 20:43:30;384.0;1745664210;95.928;98.221;92.933;105.351;
1900-01-01 20:43:31;385.0;1745664211;95.94;98.258;92.933;105.348;
1900-01-01 20:43:32;386.0;1745664212;95.94;98.258;92.993;105.29;
1900-01-01 20:43:33;387.0;1745664213;95.809;98.347;93.003;105.29;
1900-01-01 20:43:34;388.0;1745664214;95.874;98.347;93.003;105.365;
1900-01-01 20:43:35;389.0;1745664215;95.874;98.306;93.066;105.326;
1900-01-01 20:43:36;390.0;1745664216;95.859;98.404;93.044;105.326;
1900-01-01 20:43:37;391.0;1745664217;95.915;98.287;93.044;105.417;
1900-01-01 20:43:38;392.0;1745664218;95.915;98.287;93.068;105.327;
1900-01-01 20:43:39;393.0;1745664219;95.882;98.331;93.033;105.327;
1900-01-01 20:43:40;394.0;1745664220;95.926;98.388;93.033;105.311;
1900-01-01 20:43:41;395.0;1745664221;95.926;98.388;92.88;105.27;
1900-01-01 20:43:42;396.0;1745664222;95.913;98.25;92.888;105.27;
1900-01-01 20:43:43;397.0;1745664223;95.784;98.263;92.888;105.419;
1900-01-01 20:43:44;398.0;1745664224;95.784;98.263;92.849;105.307;
1900-01-01 20:43:45;399.0;1745664225;95.708;98.308;92.758;105.307;
1900-01-01 20:43:46;400.0;1745664226;95.746;98.308;92.758;105.361;
1900-01-01 20:43:47;401.0;1745664227;95.746;98.253;92.738;105.322;
1900-01-01 20:43:48;402.0;1745664228;95.589;98.236;92.738;105.322;
1900-01-01 20:43:49;403.0;1745664229;95.599;98.236;92.805;105.299;
1900-01-01 20:43:50;404.0;1745664230;95.599;98.237;92.912;105.305;
1900-01-01 20:43:51;405.0;1745664231;95.487;98.252;92.912;105.305;
1900-01-01 20:43:52;406.0;1745664232;95.504;98.252;92.879;105.351;
1900-01-01 20:43:53;407.0;1745664233;95.504;98.242;92.822;105.198;
1900-01-01 20:43:54;408.0;1745664234;95.578;98.241;92.822;105.198;
1900-01-01 20:43:55;409.0;1745664235;95.578;98.241;92.88;105.29;
1900-01-01 20:43:56;410.0;1745664236;95.541;98.206;92.737;105.29;
1900-01-01 20:43:57;411.0;1745664237;95.547;98.174;92.737;105.435;
1900-01-01 20:43:58;412.0;1745664238;95.483;98.174;92.709;105.291;
1900-01-01 20:43:59;413.0;1745664239;95.483;98.163;92.725;105.291;
1900-01-01 20:44:00;414.0;1745664240;95.435;98.199;92.725;105.293;
1900-01-01 20:44:01;415.0;1745664241;95.435;98.199;92.643;105.249;
1900-01-01 20:44:02;416.0;1745664242;95.536;98.162;92.635;105.249;
1900-01-01 20:44:03;417.0;1745664243;95.465;98.162;92.635;105.314;
1900-01-01 20:44:04;418.0;1745664244;95.465;98.121;92.716;105.337;
1900-01-01 20:44:05;419.0;1745664245;95.492;98.152;92.653;105.337;
1900-01-01 20:44:06;420.0;1745664246;95.506;98.152;92.653;105.35;
1900-01-01 20:44:07;421.0;1745664247;95.506;98.186;92.779;105.238;
1900-01-01 20:44:08;422.0;1745664248;95.424;98.166;92.796;105.238;
1900-01-01 20:44:10;423.0;1745664250;95.465;98.191;92.796;105.255;
1900-01-01 20:44:10;424.0;1745664250;95.465;98.191;92.767;105.351;
1900-01-01 20:44:11;425.0;1745664251;95.526;98.112;92.773;105.351;
1900-01-01 20:44:12;426.0;1745664252;95.547;98.19;92.773;105.289;
1900-01-01 20:44:13;427.0;1745664253;95.547;98.19;92.78;105.286;
1900-01-01 20:44:14;428.0;1745664254;95.584;98.194;92.727;105.286;
1900-01-01 20:44:15;429.0;1745664255;95.603;98.194;92.727;105.316;
1900-01-01 20:44:16;430.0;1745664256;95.603;98.19;92.75;105.274;
1900-01-01 20:44:17;431.0;1745664257;95.697;98.157;92.747;105.274;
1900-01-01 20:44:18;432.0;1745664258;95.736;98.065;92.747;105.213;
1900-01-01 20:44:19;433.0;1745664259;95.736;98.065;92.712;105.22;
1900-01-01 20:44:20;434.0;1745664260;95.621;98.061;92.781;105.22;
1900-01-01 20:44:21;435.0;1745664261;95.558;98.06;92.781;105.309;
1900-01-01 20:44:22;436.0;1745664262;95.558;98.06;92.696;105.219;
1900-01-01 20:44:23;437.0;1745664263;95.504;98.05;92.622;105.219;
1900-01-01 20:44:24;438.0;1745664264;95.468;98.05;92.622;105.313;
1900-01-01 20:44:25;439.0;1745664265;95.468;97.936;92.616;105.3;
1900-01-01 20:44:26;440.0;1745664266;95.451;97.971;92.617;105.3;
1900-01-01 20:44:27;441.0;1745664267;95.431;97.971;92.617;105.209;
1900-01-01 20:44:28;442.0;1745664268;95.431;97.943;92.575;105.289;
1900-01-01 20:44:29;443.0;1745664269;95.431;97.897;92.542;105.289;
1900-01-01 20:44:31;444.0;1745664271;95.378;97.836;92.542;105.289;
1900-01-01 20:44:31;445.0;1745664271;95.378;97.836;92.508;105.275;
1900-01-01 20:44:32;446.0;1745664272;95.341;97.918;92.51;105.275;
1900-01-01 20:44:33;447.0;1745664273;95.427;97.918;92.51;105.297;
1900-01-01 20:44:34;448.0;1745664274;95.427;97.891;92.491;105.297;
1900-01-01 20:44:35;449.0;1745664275;95.416;97.857;92.406;105.297;
1900-01-01 20:44:36;450.0;1745664276;95.416;97.857;92.406;105.257;
1900-01-01 20:44:37;451.0;1745664277;95.419;97.928;92.383;105.26;
1900-01-01 20:44:38;452.0;1745664278;95.425;97.902;92.383;105.26;
1900-01-01 20:44:39;453.0;1745664279;95.425;97.902;92.461;105.262;
1900-01-01 20:44:40;454.0;1745664280;95.41;97.921;92.533;105.262;
1900-01-01 20:44:41;455.0;1745664281;95.388;97.855;92.533;105.368;
1900-01-01 20:44:42;456.0;1745664282;95.388;97.855;92.448;105.39;
1900-01-01 20:44:43;457.0;1745664283;95.293;97.917;92.527;105.39;
1900-01-01 20:44:44;458.0;1745664284;95.31;97.854;92.527;105.308;
1900-01-01 20:44:45;459.0;1745664285;95.23;97.854;92.544;105.3;
1900-01-01 20:44:46;460.0;1745664286;95.23;97.868;92.515;105.262;
1900-01-01 20:44:47;461.0;1745664287;95.234;97.908;92.515;105.262;
1900-01-01 20:44:48;462.0;1745664288;95.234;97.908;92.439;105.23;
1900-01-01 20:44:49;463.0;1745664289;95.198;97.79;92.46;105.23;
1900-01-01 20:44:50;464.0;1745664290;95.2;97.79;92.46;105.159;
1900-01-01 20:44:51;465.0;1745664291;95.2;97.773;92.422;105.27;
1900-01-01 20:44:52;466.0;1745664292;95.146;97.817;92.497;105.27;
1900-01-01 20:44:53;467.0;1745664293;95.077;97.772;92.497;105.286;
1900-01-01 20:44:54;468.0;1745664294;95.077;97.772;92.494;105.124;
1900-01-01 20:44:55;469.0;1745664295;94.975;97.667;92.537;105.124;
1900-01-01 20:44:56;470.0;1745664296;95.07;97.667;92.537;105.223;
1900-01-01 20:44:57;471.0;1745664297;95.07;97.749;92.597;105.27;
1900-01-01 20:44:58;472.0;1745664298;94.921;97.832;92.523;105.27;
1900-01-01 20:44:59;473.0;1745664299;94.827;97.832;92.523;105.211;
1900-01-01 20:45:00;474.0;1745664300;94.827;97.791;92.452;105.206;
1900-01-01 20:45:01;475.0;1745664301;94.898;97.756;92.452;105.206;
1900-01-01 20:45:02;476.0;1745664302;94.79;97.756;92.463;105.302;
1900-01-01 20:45:03;477.0;1745664303;94.79;97.795;92.3;105.302;
1900-01-01 20:45:04;478.0;1745664304;94.932;97.809;92.3;105.399;
1900-01-01 20:45:05;479.0;1745664305;94.985;97.809;92.393;105.272;
1900-01-01 20:45:06;480.0;1745664306;94.985;97.757;92.441;105.272;
1900-01-01 20:45:07;481.0;1745664307;94.968;97.764;92.441;105.243;
1900-01-01 20:45:08;482.0;1745664308;94.968;97.764;92.421;105.214;
1900-01-01 20:45:09;483.0;1745664309;94.988;97.799;92.379;105.214;
1900-01-01 20:45:10;484.0;1745664310;95.001;97.775;92.379;105.231;
1900-01-01 20:45:11;485.0;1745664311;95.001;97.775;92.463;105.221;
1900-01-01 20:45:12;486.0;1745664312;95.149;97.797;92.307;105.221;
1900-01-01 20:45:13;487.0;1745664313;95.123;97.797;92.307;105.226;
1900-01-01 20:45:14;488.0;1745664314;95.123;97.748;92.216;105.144;
1900-01-01 20:45:15;489.0;1745664315;95.181;97.843;92.216;105.144;
1900-01-01 20:45:16;490.0;1745664316;95.152;97.843;92.229;105.319;
1900-01-01 20:45:17;491.0;1745664317;95.152;97.786;92.283;105.233;
1900-01-01 20:45:18;492.0;1745664318;95.251;97.699;92.349;105.233;
1900-01-01 20:45:19;493.0;1745664319;95.18;97.699;92.349;105.277;
1900-01-01 20:45:21;494.0;1745664321;95.18;97.636;92.327;105.157;
1900-01-01 20:45:21;495.0;1745664321;95.082;97.686;92.327;105.157;
1900-01-01 20:45:22;496.0;1745664322;94.989;97.686;92.197;105.29;
1900-01-01 20:45:23;497.0;1745664323;94.989;97.65;92.159;105.158;
1900-01-01 20:45:24;498.0;1745664324;94.978;97.598;92.159;105.158;
1900-01-01 20:45:25;499.0;1745664325;94.978;97.598;92.092;105.124;
1900-01-01 20:45:26;500.0;1745664326;94.968;97.644;92.049;105.173;
1900-01-01 20:45:27;501.0;1745664327;94.909;97.677;92.049;105.173;
1900-01-01 20:45:28;502.0;1745664328;94.909;97.677;92.021;105.235;
1900-01-01 20:45:29;503.0;1745664329;94.881;97.743;91.953;105.235;
1900-01-01 20:45:30;504.0;1745664330;94.843;97.643;91.953;105.223;
1900-01-01 20:45:31;505.0;1745664331;94.813;97.643;91.874;105.194;
1900-01-01 20:45:32;506.0;1745664332;94.813;97.628;91.794;105.194;
1900-01-01 20:45:33;507.0;1745664333;94.785;97.606;91.794;105.247;
1900-01-01 20:45:34;508.0;1745664334;94.785;97.606;91.981;105.203;
1900-01-01 20:45:35;509.0;1745664335;94.753;97.554;92.077;105.203;
1900-01-01 20:45:36;510.0;1745664336;94.778;97.554;92.077;105.214;
1900-01-01 20:45:37;511.0;1745664337;94.778;97.629;92.161;105.273;
1900-01-01 20:45:38;512.0;1745664338;94.779;97.48;92.201;105.273;
1900-01-01 20:45:39;513.0;1745664339;94.747;97.48;92.201;105.246;
1900-01-01 20:45:40;514.0;1745664340;94.747;97.495;92.258;105.289;
1900-01-01 20:45:41;515.0;1745664341;94.714;97.5;92.258;105.289;
1900-01-01 20:45:42;516.0;1745664342;94.711;97.5;92.155;105.164;
1900-01-01 20:45:43;517.0;1745664343;94.711;97.495;92.168;105.164;
1900-01-01 20:45:44;518.0;1745664344;94.699;97.538;92.168;105.224;
1900-01-01 20:45:45;519.0;1745664345;94.699;97.538;92.181;105.223;
1900-01-01 20:45:46;520.0;1745664346;94.645;97.54;92.187;105.223;
1900-01-01 20:45:47;521.0;1745664347;94.588;97.506;92.187;105.175;
1900-01-01 20:45:48;522.0;1745664348;94.588;97.506;92.112;105.176;
1900-01-01 20:45:49;523.0;1745664349;94.498;97.546;92.173;105.176;
1900-01-01 20:45:50;524.0;1745664350;94.516;97.491;92.173;105.248;
1900-01-01 20:45:51;525.0;1745664351;94.5;97.491;92.174;105.252;
1900-01-01 20:45:52;526.0;1745664352;94.5;97.544;92.166;105.252;
1900-01-01 20:45:53;527.0;1745664353;94.544;97.544;92.166;105.218;
1900-01-01 20:45:54;528.0;1745664354;94.544;97.487;92.164;105.205;
1900-01-01 20:45:56;529.0;1745664356;94.443;97.512;92.082;105.205;
1900-01-01 20:45:56;530.0;1745664356;94.525;97.512;92.082;105.181;
1900-01-01 20:45:57;531.0;1745664357;94.525;97.479;92.16;105.141;
1900-01-01 20:45:58;532.0;1745664358;94.44;97.579;92.128;105.141;
1900-01-01 20:45:59;533.0;1745664359;94.485;97.579;92.128;105.206;
1900-01-01 20:46:00;534.0;1745664360;94.485;97.545;92.023;105.207;
1900-01-01 20:46:01;535.0;1745664361;94.504;97.492;91.91;105.207;
1900-01-01 20:46:02;536.0;1745664362;94.521;97.492;91.91;105.217;
1900-01-01 20:46:03;537.0;1745664363;94.521;97.529;91.932;105.218;
1900-01-01 20:46:04;538.0;1745664364;94.569;97.521;91.932;105.218;
1900-01-01 20:46:05;539.0;1745664365;94.635;97.521;91.961;105.19;
1900-01-01 20:46:06;540.0;1745664366;94.635;97.541;92.007;105.19;
1900-01-01 20:46:07;541.0;1745664367;94.59;97.507;92.007;105.224;
1900-01-01 20:46:09;542.0;1745664369;94.649;97.507;91.918;105.2;
1900-01-01 20:46:09;543.0;1745664369;94.649;97.482;92.007;105.2;
1900-01-01 20:46:10;544.0;1745664370;94.666;97.452;92.007;105.181;
1900-01-01 20:46:11;545.0;1745664371;94.666;97.452;92.044;105.159;
1900-01-01 20:46:12;546.0;1745664372;94.649;97.409;92.088;105.159;
1900-01-01 20:46:13;547.0;1745664373;94.64;97.419;92.088;105.196;
1900-01-01 20:46:14;548.0;1745664374;94.64;97.419;92.188;105.225;
1900-01-01 20:46:15;549.0;1745664375;94.518;97.537;92.106;105.225;
1900-01-01 20:46:17;550.0;1745664377;94.587;97.426;92.106;105.254;
1900-01-01 20:46:17;551.0;1745664377;94.587;97.426;92.005;105.21;
1900-01-01 20:46:18;552.0;1745664378;94.549;97.353;91.894;105.21;
1900-01-01 20:46:19;553.0;1745664379;94.57;97.353;91.894;105.133;
1900-01-01 20:46:20;554.0;1745664380;94.57;97.36;91.833;105.22;
1900-01-01 20:46:21;555.0;1745664381;94.55;97.402;91.833;105.22;
1900-01-01 20:46:23;556.0;1745664383;94.45;97.402;91.89;105.167;
1900-01-01 20:46:23;557.0;1745664383;94.45;97.383;91.898;105.231;
1900-01-01 20:46:24;558.0;1745664384;94.516;97.373;91.898;105.231;
1900-01-01 20:46:25;559.0;1745664385;94.516;97.373;91.831;105.218;
1900-01-01 20:46:26;560.0;1745664386;94.501;97.498;91.869;105.218;
1900-01-01 20:46:27;561.0;1745664387;94.301;97.418;91.869;105.106;
1900-01-01 20:46:28;562.0;1745664388;94.265;97.418;91.956;105.181;
1900-01-01 20:46:29;563.0;1745664389;94.265;97.386;91.858;105.181;
1900-01-01 20:46:30;564.0;1745664390;94.23;97.335;91.858;105.221;
1900-01-01 20:46:31;565.0;1745664391;94.23;97.335;91.814;105.188;
1900-01-01 20:46:32;566.0;1745664392;94.238;97.282;91.741;105.188;
1900-01-01 20:46:33;567.0;1745664393;94.204;97.282;91.741;105.213;
1900-01-01 20:46:34;568.0;1745664394;94.204;97.281;91.624;105.249;
1900-01-01 20:46:35;569.0;1745664395;94.119;97.23;91.709;105.249;
1900-01-01 20:46:36;570.0;1745664396;94.185;97.23;91.709;105.201;
1900-01-01 20:46:37;571.0;1745664397;94.185;97.191;91.726;105.247;
1900-01-01 20:46:38;572.0;1745664398;94.135;97.209;91.726;105.247;
1900-01-01 20:46:39;573.0;1745664399;94.111;97.209;91.695;105.277;
1900-01-01 20:46:40;574.0;1745664400;94.111;97.167;91.704;105.188;
1900-01-01 20:46:41;575.0;1745664401;94.113;97.157;91.704;105.188;
1900-01-01 20:46:42;576.0;1745664402;94.097;97.157;91.675;105.194;
1900-01-01 20:46:43;577.0;1745664403;94.097;97.136;91.793;105.205;
1900-01-01 20:46:44;578.0;1745664404;94.101;97.194;91.793;105.205;
1900-01-01 20:46:45;579.0;1745664405;94.204;97.194;91.821;105.241;
1900-01-01 20:46:46;580.0;1745664406;94.204;97.112;91.828;105.255;
1900-01-01 20:46:47;581.0;1745664407;94.336;97.158;91.828;105.255;
1900-01-01 20:46:48;582.0;1745664408;94.398;97.158;91.764;105.192;
1900-01-01 20:46:49;583.0;1745664409;94.398;97.125;91.728;105.192;
1900-01-01 20:46:50;584.0;1745664410;94.401;97.266;91.728;105.211;
1900-01-01 20:46:51;585.0;1745664411;94.401;97.266;91.633;105.226;
1900-01-01 20:46:52;586.0;1745664412;94.336;97.258;91.579;105.226;
1900-01-01 20:46:53;587.0;1745664413;94.315;97.258;91.579;105.16;
1900-01-01 20:46:54;588.0;1745664414;94.315;97.258;91.61;105.181;
1900-01-01 20:46:56;589.0;1745664416;94.304;97.311;91.511;105.181;
1900-01-01 20:46:56;590.0;1745664416;94.173;97.311;91.511;105.262;
1900-01-01 20:46:57;591.0;1745664417;94.173;97.216;91.493;105.169;
1900-01-01 20:46:58;592.0;1745664418;94.128;97.263;91.493;105.169;
1900-01-01 20:46:59;593.0;1745664419;93.976;97.263;91.551;105.158;
1900-01-01 20:47:00;594.0;1745664420;93.976;97.234;91.532;105.239;
1900-01-01 20:47:01;595.0;1745664421;94.025;97.15;91.532;105.239;
1900-01-01 20:47:02;596.0;1745664422;93.958;97.15;91.709;105.159;
1900-01-01 20:47:03;597.0;1745664423;93.958;97.167;91.721;105.184;
1900-01-01 20:47:04;598.0;1745664424;93.914;97.178;91.809;105.184;
1900-01-01 20:47:05;599.0;1745664425;93.922;97.178;91.809;105.225;
1900-01-01 20:47:06;600.0;1745664426;93.922;97.108;91.775;105.284;
1900-01-01 20:47:07;601.0;1745664427;94.039;97.12;91.775;105.284;
1900-01-01 20:47:08;602.0;1745664428;94.016;97.12;91.643;105.246;
1900-01-01 20:47:09;603.0;1745664429;94.016;97.039;91.565;105.246;
1900-01-01 20:47:10;604.0;1745664430;94.019;96.99;91.565;105.148;
1900-01-01 20:47:11;605.0;1745664431;94.051;96.99;91.573;105.207;
1900-01-01 20:47:12;606.0;1745664432;94.051;97.011;91.546;105.274;
1900-01-01 20:47:13;607.0;1745664433;94.058;96.978;91.546;105.274;
1900-01-01 20:47:14;608.0;1745664434;0.0;0.0;0.0;0.0;
1900-01-01 20:47:15;609.0;1745664435;94.114;97.044;91.32;105.231;
1900-01-01 20:47:16;610.0;1745664436;94.143;97.018;91.32;105.231;
1900-01-01 20:47:17;611.0;1745664437;94.143;97.018;91.43;105.227;
1900-01-01 20:47:18;612.0;1745664438;94.163;97.028;91.4;105.227;
1900-01-01 20:47:19;613.0;1745664439;94.089;97.028;91.4;105.237;
1900-01-01 20:47:20;614.0;1745664440;94.089;97.028;91.493;105.235;
1900-01-01 20:47:21;615.0;1745664441;94.002;97.01;91.499;105.235;
1900-01-01 20:47:22;616.0;1745664442;93.976;97.01;91.499;105.194;
1900-01-01 20:47:23;617.0;1745664443;93.976;96.98;91.504;105.195;
1900-01-01 20:47:24;618.0;1745664444;93.984;96.924;91.456;105.195;
1900-01-01 20:47:25;619.0;1745664445;93.915;96.924;91.456;105.138;
1900-01-01 20:47:26;620.0;1745664446;93.915;96.922;91.42;105.223;
1900-01-01 20:47:28;621.0;1745664448;93.878;96.852;91.367;105.223;
1900-01-01 20:47:28;622.0;1745664448;93.857;96.852;91.367;105.34;
1900-01-01 20:47:29;623.0;1745664449;93.857;96.894;91.363;105.235;
1900-01-01 20:47:30;624.0;1745664450;93.929;96.837;91.363;105.235;
1900-01-01 20:47:31;625.0;1745664451;93.929;96.837;91.503;105.215;
1900-01-01 20:47:32;626.0;1745664452;94.02;96.812;91.552;105.196;
1900-01-01 20:47:33;627.0;1745664453;93.972;96.812;91.552;105.196;
1900-01-01 20:47:34;628.0;1745664454;93.972;96.815;91.488;105.152;
1900-01-01 20:47:35;629.0;1745664455;93.972;96.786;91.425;105.152;
1900-01-01 20:47:36;630.0;1745664456;94.021;96.786;91.425;105.118;
1900-01-01 20:47:37;631.0;1745664457;94.021;96.913;91.374;105.247;
1900-01-01 20:47:38;632.0;1745664458;93.949;96.842;91.34;105.247;
1900-01-01 20:47:39;633.0;1745664459;93.93;96.842;91.34;105.119;
1900-01-01 20:47:40;634.0;1745664460;93.93;96.823;91.185;105.199;
1900-01-01 20:47:41;635.0;1745664461;93.945;96.761;91.177;105.199;
1900-01-01 20:47:42;636.0;1745664462;93.958;96.761;91.177;105.237;
1900-01-01 20:47:43;637.0;1745664463;93.958;96.826;91.418;105.225;
1900-01-01 20:47:44;638.0;1745664464;93.952;96.836;91.386;105.225;
1900-01-01 20:47:45;639.0;1745664465;93.939;96.775;91.386;105.189;
1900-01-01 20:47:46;640.0;1745664466;93.939;96.775;91.414;105.188;
1900-01-01 20:47:47;641.0;1745664467;93.987;96.783;91.452;105.188;
1900-01-01 20:47:48;642.0;1745664468;93.937;96.783;91.452;105.25;
1900-01-01 20:47:49;643.0;1745664469;93.937;96.755;91.35;105.169;
1900-01-01 20:47:50;644.0;1745664470;93.783;96.749;91.352;105.169;
1900-01-01 20:47:51;645.0;1745664471;93.762;96.749;91.352;105.204;
1900-01-01 20:47:52;646.0;1745664472;93.762;96.834;91.348;105.107;
1900-01-01 20:47:53;647.0;1745664473;93.818;96.82;91.348;105.107;
1900-01-01 20:47:55;648.0;1745664475;93.765;96.82;91.369;105.165;
1900-01-01 20:47:55;649.0;1745664475;93.765;96.777;91.319;105.238;
1900-01-01 20:47:56;650.0;1745664476;93.921;96.84;91.319;105.238;
1900-01-01 20:47:58;651.0;1745664478;93.889;96.84;91.291;105.199;
1900-01-01 20:47:58;652.0;1745664478;93.889;96.852;91.277;105.199;
1900-01-01 20:47:59;653.0;1745664479;93.796;96.824;91.277;105.088;
1900-01-01 20:48:00;654.0;1745664480;93.852;96.824;91.334;105.14;
1900-01-01 20:48:01;655.0;1745664481;93.852;96.714;91.21;105.14;
1900-01-01 20:48:02;656.0;1745664482;93.795;96.75;91.21;105.158;
1900-01-01 20:48:03;657.0;1745664483;93.795;96.75;91.135;105.19;
1900-01-01 20:48:04;658.0;1745664484;93.715;96.737;91.116;105.19;
1900-01-01 20:48:05;659.0;1745664485;93.661;96.7;91.116;105.164;
1900-01-01 20:48:06;660.0;1745664486;93.661;96.7;91.047;105.116;
1900-01-01 20:48:07;661.0;1745664487;93.67;96.701;91.062;105.116;
1900-01-01 20:48:08;662.0;1745664488;93.584;96.701;91.062;105.196;
1900-01-01 20:48:09;663.0;1745664489;93.584;96.637;91.073;105.156;
1900-01-01 20:48:10;664.0;1745664490;93.546;96.713;91.073;105.156;
1900-01-01 20:48:11;665.0;1745664491;93.573;96.713;91.112;105.184;
1900-01-01 20:48:12;666.0;1745664492;93.573;96.673;91.14;105.184;
1900-01-01 20:48:13;667.0;1745664493;93.604;96.658;91.14;105.203;
1900-01-01 20:48:14;668.0;1745664494;93.619;96.658;91.119;105.197;
1900-01-01 20:48:15;669.0;1745664495;93.619;96.685;91.14;105.197;
1900-01-01 20:48:16;670.0;1745664496;93.602;96.714;91.14;105.164;
1900-01-01 20:48:17;671.0;1745664497;93.602;96.714;91.058;105.181;
1900-01-01 20:48:18;672.0;1745664498;93.619;96.726;91.041;105.197;
1900-01-01 20:48:19;673.0;1745664499;93.578;96.726;91.041;105.197;
1900-01-01 20:48:20;674.0;1745664500;93.578;96.672;90.982;105.167;
1900-01-01 20:48:21;675.0;1745664501;93.584;96.578;91.078;105.167;
1900-01-01 20:48:22;676.0;1745664502;93.635;96.638;91.078;105.133;
1900-01-01 20:48:23;677.0;1745664503;93.635;96.638;91.075;105.165;
1900-01-01 20:48:24;678.0;1745664504;93.684;96.544;91.008;105.165;
1900-01-01 20:48:25;679.0;1745664505;93.665;96.544;91.008;105.231;
1900-01-01 20:48:26;680.0;1745664506;93.665;96.595;90.949;105.15;
1900-01-01 20:48:27;681.0;1745664507;93.639;96.56;90.999;105.15;
1900-01-01 20:48:28;682.0;1745664508;93.669;96.56;90.999;105.113;
1900-01-01 20:48:29;683.0;1745664509;93.669;96.552;91.057;105.088;
1900-01-01 20:48:30;684.0;1745664510;93.72;96.565;91.057;105.088;
1900-01-01 20:48:31;685.0;1745664511;93.672;96.565;90.973;105.138;
1900-01-01 20:48:33;686.0;1745664513;93.672;96.643;90.943;105.129;
1900-01-01 20:48:33;687.0;1745664513;93.642;96.584;90.943;105.129;
1900-01-01 20:48:34;688.0;1745664514;93.629;96.584;90.947;105.081;
1900-01-01 20:48:35;689.0;1745664515;93.629;96.607;90.863;105.08;
1900-01-01 20:48:36;690.0;1745664516;93.522;96.559;90.863;105.08;
1900-01-01 20:48:37;691.0;1745664517;93.522;96.559;90.93;105.134;
1900-01-01 20:48:38;692.0;1745664518;93.584;96.581;90.998;105.147;
1900-01-01 20:48:39;693.0;1745664519;93.438;96.567;90.998;105.147;
1900-01-01 20:48:40;694.0;1745664520;93.438;96.567;90.992;105.164;
1900-01-01 20:48:41;695.0;1745664521;93.426;96.534;91.041;105.164;
1900-01-01 20:48:42;696.0;1745664522;93.39;96.575;91.041;105.139;
1900-01-01 20:48:43;697.0;1745664523;93.39;96.575;91.075;105.151;
1900-01-01 20:48:44;698.0;1745664524;93.281;96.55;90.951;105.151;
1900-01-01 20:48:45;699.0;1745664525;93.299;96.55;90.951;105.181;
1900-01-01 20:48:46;700.0;1745664526;93.299;96.589;90.912;105.238;
1900-01-01 20:48:47;701.0;1745664527;93.281;96.584;90.958;105.238;
1900-01-01 20:48:48;702.0;1745664528;93.272;96.584;90.958;105.24;
1900-01-01 20:48:49;703.0;1745664529;93.272;96.603;90.89;105.117;
1900-01-01 20:48:50;704.0;1745664530;93.291;96.586;90.89;105.117;
1900-01-01 20:48:51;705.0;1745664531;93.388;96.586;90.824;105.16;
1900-01-01 20:48:52;706.0;1745664532;93.388;96.5;90.79;105.164;
1900-01-01 20:48:53;707.0;1745664533;93.4;96.503;90.79;105.164;
1900-01-01 20:48:54;708.0;1745664534;93.411;96.503;90.749;105.159;
1900-01-01 20:48:55;709.0;1745664535;93.411;96.473;90.845;105.159;
1900-01-01 20:48:56;710.0;1745664536;93.437;96.462;90.845;105.149;
1900-01-01 20:48:57;711.0;1745664537;93.449;96.462;90.724;105.1;
1900-01-01 20:48:58;712.0;1745664538;93.449;96.468;90.731;105.172;
1900-01-01 20:48:59;713.0;1745664539;93.476;96.465;90.731;105.172;
1900-01-01 20:49:00;714.0;1745664540;93.476;96.465;90.69;105.105;
1900-01-01 20:49:01;715.0;1745664541;93.417;96.422;90.797;105.116;
1900-01-01 20:49:02;716.0;1745664542;93.32;96.365;90.797;105.116;
1900-01-01 20:49:03;717.0;1745664543;93.32;96.365;90.834;105.109;
1900-01-01 20:49:04;718.0;1745664544;93.395;96.423;90.857;105.109;
1900-01-01 20:49:05;719.0;1745664545;93.343;96.433;90.857;105.135;
1900-01-01 20:49:07;720.0;1745664547;93.368;96.433;90.823;105.115;
1900-01-01 20:49:07;721.0;1745664547;93.368;96.426;90.813;105.115;
1900-01-01 20:49:08;722.0;1745664548;93.279;96.448;90.813;105.166;
1900-01-01 20:49:09;723.0;1745664549;93.279;96.448;90.847;105.092;
1900-01-01 20:49:10;724.0;1745664550;93.283;96.431;90.797;105.092;
1900-01-01 20:49:11;725.0;1745664551;93.31;96.398;90.797;105.166;
1900-01-01 20:49:12;726.0;1745664552;93.31;96.398;90.767;105.118;
1900-01-01 20:49:13;727.0;1745664553;93.258;96.456;90.748;105.118;
1900-01-01 20:49:14;728.0;1745664554;93.344;96.335;90.748;105.043;
1900-01-01 20:49:15;729.0;1745664555;93.344;96.335;90.741;105.174;
1900-01-01 20:49:16;730.0;1745664556;93.325;96.273;90.768;105.174;
1900-01-01 20:49:17;731.0;1745664557;93.333;96.363;90.768;105.096;
1900-01-01 20:49:18;732.0;1745664558;93.333;96.363;90.799;105.094;
1900-01-01 20:49:19;733.0;1745664559;93.327;96.379;90.746;105.094;
1900-01-01 20:49:20;734.0;1745664560;93.29;96.353;90.746;105.112;
1900-01-01 20:49:21;735.0;1745664561;93.29;96.353;90.794;105.144;
1900-01-01 20:49:22;736.0;1745664562;93.267;96.395;90.822;105.144;
1900-01-01 20:49:23;737.0;1745664563;93.278;96.398;90.822;105.127;
1900-01-01 20:49:24;738.0;1745664564;93.278;96.398;90.726;105.142;
1900-01-01 20:49:25;739.0;1745664565;93.251;96.409;90.775;105.142;
1900-01-01 20:49:26;740.0;1745664566;93.25;96.385;90.775;105.254;
1900-01-01 20:49:27;741.0;1745664567;93.25;96.385;90.689;105.321;
1900-01-01 20:49:28;742.0;1745664568;93.212;96.388;90.738;105.321;
1900-01-01 20:49:29;743.0;1745664569;93.167;96.388;90.738;105.167;
1900-01-01 20:49:30;744.0;1745664570;93.167;96.319;90.719;105.159;
1900-01-01 20:49:31;745.0;1745664571;93.224;96.29;90.664;105.159;
1900-01-01 20:49:32;746.0;1745664572;93.134;96.318;90.664;105.108;
1900-01-01 20:49:33;747.0;1745664573;93.134;96.318;90.561;105.121;
1900-01-01 20:49:34;748.0;1745664574;93.156;96.276;90.566;105.121;
1900-01-01 20:49:35;749.0;1745664575;93.115;96.276;90.566;105.111;
1900-01-01 20:49:36;750.0;1745664576;93.115;96.216;90.536;105.17;
1900-01-01 20:49:37;751.0;1745664577;93.146;96.199;90.536;105.17;
1900-01-01 20:49:38;752.0;1745664578;93.126;96.199;90.554;105.146;
1900-01-01 20:49:39;753.0;1745664579;93.126;96.198;90.504;105.108;
1900-01-01 20:49:40;754.0;1745664580;93.152;96.203;90.504;105.108;
1900-01-01 20:49:41;755.0;1745664581;93.105;96.203;90.537;105.138;
1900-01-01 20:49:42;756.0;1745664582;93.105;96.041;90.65;105.138;
1900-01-01 20:49:43;757.0;1745664583;93.091;96.107;90.65;105.123;
1900-01-01 20:49:44;758.0;1745664584;93.112;96.107;90.654;105.138;
1900-01-01 20:49:45;759.0;1745664585;93.112;96.032;90.737;105.138;
1900-01-01 20:49:46;760.0;1745664586;93.066;96.104;90.737;105.036;
1900-01-01 20:49:47;761.0;1745664587;93.066;96.104;90.716;105.139;
1900-01-01 20:49:48;762.0;1745664588;93.061;96.099;90.619;105.139;
1900-01-01 20:49:49;763.0;1745664589;93.038;96.082;90.619;105.152;
1900-01-01 20:49:51;764.0;1745664591;93.038;96.082;90.524;105.115;
1900-01-01 20:49:51;765.0;1745664591;93.089;96.032;90.517;105.115;
1900-01-01 20:49:52;766.0;1745664592;93.077;96.064;90.517;105.137;
1900-01-01 20:49:53;767.0;1745664593;93.077;96.064;90.535;105.07;
1900-01-01 20:49:54;768.0;1745664594;93.081;95.981;90.535;105.07;
1900-01-01 20:49:55;769.0;1745664595;93.155;95.981;90.542;105.039;
1900-01-01 20:49:56;770.0;1745664596;93.155;95.928;90.499;105.14;
1900-01-01 20:49:57;771.0;1745664597;93.161;95.992;90.499;105.14;
1900-01-01 20:49:58;772.0;1745664598;93.059;95.992;90.474;105.102;
1900-01-01 20:49:59;773.0;1745664599;93.059;95.885;90.417;105.169;
1900-01-01 20:50:00;774.0;1745664600;93.121;95.994;90.34;105.169;
1900-01-01 20:50:01;775.0;1745664601;93.098;95.994;90.34;105.109;
1900-01-01 20:50:02;776.0;1745664602;93.098;96.016;90.314;105.135;
1900-01-01 20:50:03;777.0;1745664603;93.041;95.995;90.314;105.135;
1900-01-01 20:50:04;778.0;1745664604;92.971;95.995;90.353;105.164;
1900-01-01 20:50:05;779.0;1745664605;92.971;96.043;90.374;105.213;
1900-01-01 20:50:06;780.0;1745664606;92.881;96.104;90.374;105.213;
1900-01-01 20:50:07;781.0;1745664607;92.82;96.104;90.375;105.122;
1900-01-01 20:50:08;782.0;1745664608;92.82;95.96;90.386;105.085;
1900-01-01 20:50:09;783.0;1745664609;92.686;96.091;90.321;105.085;
1900-01-01 20:50:10;784.0;1745664610;92.676;96.091;90.321;105.124;
1900-01-01 20:50:11;785.0;1745664611;92.676;96.068;90.331;105.205;
1900-01-01 20:50:12;786.0;1745664612;92.678;96.071;90.331;105.205;
1900-01-01 20:50:13;787.0;1745664613;92.629;96.071;90.397;105.137;
1900-01-01 20:50:14;788.0;1745664614;92.629;96.021;90.466;105.137;
1900-01-01 20:50:15;789.0;1745664615;92.676;96.031;90.466;105.15;
1900-01-01 20:50:17;790.0;1745664617;92.643;96.031;90.482;105.151;
1900-01-01 20:50:17;791.0;1745664617;92.643;96.017;90.421;105.151;
1900-01-01 20:50:18;792.0;1745664618;92.716;95.989;90.421;105.146;
1900-01-01 20:50:19;793.0;1745664619;92.716;95.989;90.369;105.08;
1900-01-01 20:50:20;794.0;1745664620;92.713;95.947;90.321;105.08;
1900-01-01 20:50:21;795.0;1745664621;92.855;96.051;90.321;105.114;
1900-01-01 20:50:22;796.0;1745664622;92.855;96.051;90.356;105.106;
1900-01-01 20:50:23;797.0;1745664623;92.835;95.983;90.338;105.106;
1900-01-01 20:50:24;798.0;1745664624;92.855;95.983;90.338;105.109;
1900-01-01 20:50:25;799.0;1745664625;92.855;96.062;90.283;105.11;
1900-01-01 20:50:26;800.0;1745664626;92.91;95.938;90.283;105.11;
1900-01-01 20:50:27;801.0;1745664627;92.953;95.938;90.255;105.118;
1900-01-01 20:50:28;802.0;1745664628;92.953;95.863;90.227;105.059;
1900-01-01 20:50:30;803.0;1745664630;92.921;95.893;90.161;105.059;
1900-01-01 20:50:30;804.0;1745664630;92.952;95.893;90.161;105.091;
1900-01-01 20:50:31;805.0;1745664631;92.952;95.937;90.123;105.101;
1900-01-01 20:50:32;806.0;1745664632;92.888;95.824;90.22;105.101;
1900-01-01 20:50:33;807.0;1745664633;92.888;95.824;90.22;105.106;
1900-01-01 20:50:34;808.0;1745664634;92.897;95.841;90.321;105.143;
1900-01-01 20:50:35;809.0;1745664635;92.862;95.838;90.321;105.143;
1900-01-01 20:50:36;810.0;1745664636;92.862;95.838;90.244;105.113;
1900-01-01 20:50:37;811.0;1745664637;92.843;95.833;90.305;105.145;
1900-01-01 20:50:39;812.0;1745664639;92.764;95.857;90.305;105.145;
1900-01-01 20:50:39;813.0;1745664639;92.764;95.857;90.274;105.055;
1900-01-01 20:50:40;814.0;1745664640;92.733;95.811;90.222;105.055;
1900-01-01 20:50:41;815.0;1745664641;92.647;95.736;90.222;105.112;
1900-01-01 20:50:43;816.0;1745664643;92.722;95.736;90.151;105.141;
1900-01-01 20:50:43;817.0;1745664643;92.722;95.789;90.131;105.141;
1900-01-01 20:50:44;818.0;1745664644;92.681;95.737;90.131;105.056;
1900-01-01 20:50:45;819.0;1745664645;92.681;95.737;90.063;105.103;
1900-01-01 20:50:46;820.0;1745664646;92.689;95.688;90.087;105.103;
1900-01-01 20:50:47;821.0;1745664647;92.694;95.688;90.087;105.035;
1900-01-01 20:50:48;822.0;1745664648;92.694;95.694;90.122;105.184;
1900-01-01 20:50:49;823.0;1745664649;92.694;95.662;90.142;105.184;
1900-01-01 20:50:51;824.0;1745664651;92.649;95.662;90.142;105.068;
1900-01-01 20:50:51;825.0;1745664651;92.649;95.747;90.246;105.093;
1900-01-01 20:50:52;826.0;1745664652;92.657;95.722;90.246;105.093;
1900-01-01 20:50:53;827.0;1745664653;92.763;95.722;90.305;105.079;
1900-01-01 20:50:54;828.0;1745664654;92.763;95.794;90.2;105.079;
1900-01-01 20:50:55;829.0;1745664655;92.694;95.814;90.2;105.128;
1900-01-01 20:50:56;830.0;1745664656;92.641;95.814;90.097;105.194;
1900-01-01 20:50:57;831.0;1745664657;92.641;95.788;90.069;105.194;
1900-01-01 20:50:58;832.0;1745664658;92.524;95.817;90.069;105.168;
1900-01-01 20:50:59;833.0;1745664659;92.554;95.817;90.066;105.136;
1900-01-01 20:51:00;834.0;1745664660;92.554;95.846;90.037;105.136;
1900-01-01 20:51:01;835.0;1745664661;92.482;95.795;90.037;105.118;
1900-01-01 20:51:02;836.0;1745664662;92.482;95.795;89.955;105.15;
1900-01-01 20:51:03;837.0;1745664663;92.388;95.786;89.948;105.15;
1900-01-01 20:51:04;838.0;1745664664;92.439;95.786;89.948;105.142;
1900-01-01 20:51:05;839.0;1745664665;92.439;95.7;89.994;105.175;
1900-01-01 20:51:06;840.0;1745664666;92.343;95.672;89.932;105.175;
1900-01-01 20:51:07;841.0;1745664667;92.465;95.672;89.932;105.126;
1900-01-01 20:51:08;842.0;1745664668;92.465;95.676;89.937;105.08;
1900-01-01 20:51:10;843.0;1745664670;92.522;95.648;89.882;105.08;
1900-01-01 20:51:10;844.0;1745664670;92.452;95.648;89.882;105.096;
1900-01-01 20:51:11;845.0;1745664671;92.452;95.65;89.872;105.113;
1900-01-01 20:51:12;846.0;1745664672;92.518;95.626;90.016;105.113;
1900-01-01 20:51:13;847.0;1745664673;92.529;95.626;90.016;105.122;
1900-01-01 20:51:14;848.0;1745664674;92.529;95.61;89.959;105.104;
1900-01-01 20:51:15;849.0;1745664675;92.424;95.57;89.959;105.104;
1900-01-01 20:51:16;850.0;1745664676;92.416;95.57;89.988;105.09;
1900-01-01 20:51:17;851.0;1745664677;92.416;95.53;89.925;105.116;
1900-01-01 20:51:18;852.0;1745664678;92.408;95.562;89.965;105.116;
1900-01-01 20:51:19;853.0;1745664679;92.442;95.562;89.965;105.139;
1900-01-01 20:51:20;854.0;1745664680;92.442;95.546;90.064;105.112;
1900-01-01 20:51:21;855.0;1745664681;92.429;95.606;90.064;105.112;
1900-01-01 20:51:23;856.0;1745664683;92.412;95.606;90.086;105.084;
1900-01-01 20:51:23;857.0;1745664683;92.412;95.624;90.027;105.084;
1900-01-01 20:51:24;858.0;1745664684;92.398;95.666;90.027;105.054;
1900-01-01 20:51:25;859.0;1745664685;92.447;95.666;89.963;105.093;
1900-01-01 20:51:26;860.0;1745664686;92.447;95.632;89.824;105.093;
1900-01-01 20:51:27;861.0;1745664687;92.354;95.62;89.824;105.071;
1900-01-01 20:51:28;862.0;1745664688;92.354;95.62;89.927;104.977;
1900-01-01 20:51:29;863.0;1745664689;92.318;95.585;89.953;104.977;
1900-01-01 20:51:30;864.0;1745664690;92.443;95.585;89.953;105.048;
1900-01-01 20:51:31;865.0;1745664691;92.443;95.481;89.924;105.097;
1900-01-01 20:51:32;866.0;1745664692;92.418;95.525;89.859;105.097;
1900-01-01 20:51:33;867.0;1745664693;92.345;95.525;89.859;105.161;
1900-01-01 20:51:34;868.0;1745664694;92.345;95.405;89.81;105.043;
1900-01-01 20:51:35;869.0;1745664695;92.383;95.387;89.81;105.043;
1900-01-01 20:51:36;870.0;1745664696;92.335;95.387;89.702;105.084;
1900-01-01 20:51:37;871.0;1745664697;92.335;95.349;89.628;105.072;
1900-01-01 20:51:38;872.0;1745664698;92.335;95.399;89.628;105.072;
1900-01-01 20:51:39;873.0;1745664699;92.277;95.399;89.716;105.119;
1900-01-01 20:51:40;874.0;1745664700;92.277;95.301;89.632;105.06;
1900-01-01 20:51:41;875.0;1745664701;92.242;95.457;89.632;105.06;
1900-01-01 20:51:42;876.0;1745664702;92.242;95.457;89.681;105.0;
1900-01-01 20:51:43;877.0;1745664703;92.168;95.414;89.657;105.045;
1900-01-01 20:51:44;878.0;1745664704;92.219;95.379;89.657;105.045;
1900-01-01 20:51:45;879.0;1745664705;92.222;95.379;89.713;105.062;
1900-01-01 20:51:46;880.0;1745664706;92.222;95.453;89.746;105.062;
1900-01-01 20:51:47;881.0;1745664707;92.187;95.352;89.746;105.115;
1900-01-01 20:51:48;882.0;1745664708;92.244;95.352;89.698;105.007;
1900-01-01 20:51:49;883.0;1745664709;92.244;95.427;89.672;105.007;
1900-01-01 20:51:50;884.0;1745664710;92.2;95.362;89.672;105.076;
1900-01-01 20:51:51;885.0;1745664711;92.2;95.362;89.65;105.075;
1900-01-01 20:51:52;886.0;1745664712;92.287;95.379;89.566;105.039;
1900-01-01 20:51:53;887.0;1745664713;92.221;95.306;89.566;105.039;
1900-01-01 20:51:54;888.0;1745664714;92.221;95.306;89.615;105.106;
1900-01-01 20:51:55;889.0;1745664715;92.24;95.392;89.739;105.106;
1900-01-01 20:51:56;890.0;1745664716;92.286;95.376;89.739;105.16;
1900-01-01 20:51:57;891.0;1745664717;92.286;95.376;89.778;105.079;
1900-01-01 20:51:58;892.0;1745664718;92.284;95.357;89.755;105.079;
1900-01-01 20:51:59;893.0;1745664719;92.201;95.33;89.755;105.074;
1900-01-01 20:52:00;894.0;1745664720;92.201;95.33;89.753;105.049;
1900-01-01 20:52:01;895.0;1745664721;92.258;95.329;89.802;105.049;
1900-01-01 20:52:02;896.0;1745664722;92.25;95.329;89.802;105.111;
1900-01-01 20:52:03;897.0;1745664723;92.25;95.327;89.701;105.057;
1900-01-01 20:52:04;898.0;1745664724;92.198;95.398;89.711;105.057;
1900-01-01 20:52:05;899.0;1745664725;92.259;95.398;89.711;105.01;
1900-01-01 20:52:06;900.0;1745664726;92.259;95.376;89.692;104.959;
1900-01-01 20:52:07;901.0;1745664727;92.294;95.384;89.756;104.959;
1900-01-01 20:52:08;902.0;1745664728;92.28;95.406;89.756;105.045;
1900-01-01 20:52:09;903.0;1745664729;92.28;95.406;89.796;105.112;
1900-01-01 20:52:10;904.0;1745664730;92.269;95.327;89.712;105.112;
1900-01-01 20:52:11;905.0;1745664731;92.23;95.304;89.712;105.099;
1900-01-01 20:52:12;906.0;1745664732;92.23;95.304;89.667;105.136;
1900-01-01 20:52:13;907.0;1745664733;92.253;95.25;89.6;105.136;
1900-01-01 20:52:14;908.0;1745664734;92.249;95.25;89.6;105.186;
1900-01-01 20:52:15;909.0;1745664735;92.249;95.302;89.587;105.118;
1900-01-01 20:52:16;910.0;1745664736;92.216;95.27;89.587;105.118;
1900-01-01 20:52:17;911.0;1745664737;92.186;95.27;89.572;105.058;
1900-01-01 20:52:18;912.0;1745664738;92.186;95.256;89.506;105.07;
1900-01-01 20:52:19;913.0;1745664739;92.108;95.286;89.506;105.07;
1900-01-01 20:52:20;914.0;1745664740;92.064;95.286;89.494;105.169;
1900-01-01 20:52:21;915.0;1745664741;92.064;95.311;89.52;105.077;
1900-01-01 20:52:22;916.0;1745664742;92.14;95.313;89.52;105.077;
1900-01-01 20:52:23;917.0;1745664743;92.14;95.313;89.512;105.136;
1900-01-01 20:52:24;918.0;1745664744;92.076;95.358;89.52;105.044;
1900-01-01 20:52:25;919.0;1745664745;92.044;95.277;89.52;105.044;
1900-01-01 20:52:26;920.0;1745664746;92.044;95.277;89.471;105.082;
1900-01-01 20:52:27;921.0;1745664747;92.034;95.253;89.409;105.082;
1900-01-01 20:52:28;922.0;1745664748;92.022;95.275;89.409;105.108;
1900-01-01 20:52:29;923.0;1745664749;92.024;95.275;89.412;105.101;
1900-01-01 20:52:30;924.0;1745664750;92.024;95.234;89.425;105.101;
1900-01-01 20:52:31;925.0;1745664751;91.936;95.23;89.425;105.007;
1900-01-01 20:52:32;926.0;1745664752;91.989;95.23;89.406;105.109;
1900-01-01 20:52:33;927.0;1745664753;91.989;95.274;89.447;105.109;
1900-01-01 20:52:34;928.0;1745664754;91.897;95.102;89.447;105.084;
1900-01-01 20:52:36;929.0;1745664756;91.991;95.102;89.423;105.033;
1900-01-01 20:52:36;930.0;1745664756;91.991;95.076;89.494;105.033;
1900-01-01 20:52:37;931.0;1745664757;91.999;95.155;89.494;104.998;
1900-01-01 20:52:38;932.0;1745664758;91.999;95.155;89.441;105.04;
1900-01-01 20:52:39;933.0;1745664759;91.983;95.136;89.441;105.04;
1900-01-01 20:52:40;934.0;1745664760;92.009;95.136;89.449;105.066;
1900-01-01 20:52:41;935.0;1745664761;92.009;95.036;89.476;105.092;
1900-01-01 20:52:42;936.0;1745664762;91.939;95.075;89.43;105.092;
1900-01-01 20:52:43;937.0;1745664763;91.97;95.075;89.43;105.035;
1900-01-01 20:52:44;938.0;1745664764;91.97;94.947;89.354;105.067;
1900-01-01 20:52:45;939.0;1745664765;91.952;94.891;89.354;105.067;
1900-01-01 20:52:46;940.0;1745664766;91.937;94.891;89.364;105.101;
1900-01-01 20:52:47;941.0;1745664767;91.937;94.952;89.365;105.019;
1900-01-01 20:52:48;942.0;1745664768;91.957;94.917;89.365;105.019;
1900-01-01 20:52:49;943.0;1745664769;92.024;94.917;89.388;105.082;
1900-01-01 20:52:50;944.0;1745664770;92.024;94.873;89.371;105.082;
1900-01-01 20:52:51;945.0;1745664771;91.874;94.978;89.371;105.07;
1900-01-01 20:52:52;946.0;1745664772;91.874;94.978;89.373;105.075;
1900-01-01 20:52:53;947.0;1745664773;91.847;94.897;89.331;105.075;
1900-01-01 20:52:54;948.0;1745664774;91.776;94.832;89.331;105.137;
1900-01-01 20:52:55;949.0;1745664775;91.776;94.832;89.407;105.071;
1900-01-01 20:52:56;950.0;1745664776;91.696;94.922;89.245;105.071;
1900-01-01 20:52:57;951.0;1745664777;91.694;94.972;89.245;104.99;
1900-01-01 20:52:58;952.0;1745664778;91.694;94.972;89.182;104.991;
1900-01-01 20:52:59;953.0;1745664779;91.668;95.011;89.158;104.991;
1900-01-01 20:53:00;954.0;1745664780;91.729;95.011;89.158;105.058;
1900-01-01 20:53:01;955.0;1745664781;91.729;94.964;89.13;104.963;
1900-01-01 20:53:02;956.0;1745664782;91.795;94.988;89.187;104.963;
1900-01-01 20:53:03;957.0;1745664783;91.786;94.988;89.187;105.054;
1900-01-01 20:53:04;958.0;1745664784;91.786;94.92;89.204;104.998;
1900-01-01 20:53:05;959.0;1745664785;91.82;94.925;89.275;104.998;
1900-01-01 20:53:06;960.0;1745664786;91.86;94.925;89.275;105.02;
1900-01-01 20:53:07;961.0;1745664787;91.86;94.922;89.283;105.043;
1900-01-01 20:53:08;962.0;1745664788;91.844;94.915;89.259;105.043;
1900-01-01 20:53:09;963.0;1745664789;91.849;94.915;89.259;104.972;
1900-01-01 20:53:10;964.0;1745664790;91.849;94.819;89.245;105.099;
1900-01-01 20:53:11;965.0;1745664791;91.855;94.945;89.25;105.099;
1900-01-01 20:53:12;966.0;1745664792;91.855;94.945;89.25;105.16;
1900-01-01 20:53:13;967.0;1745664793;91.819;94.979;89.256;105.068;
1900-01-01 20:53:14;968.0;1745664794;91.869;94.91;89.256;105.068;
1900-01-01 20:53:16;969.0;1745664796;91.879;94.91;89.151;105.01;
1900-01-01 20:53:16;970.0;1745664796;91.879;94.989;89.143;105.01;
1900-01-01 20:53:17;971.0;1745664797;91.775;95.055;89.143;104.995;
1900-01-01 20:53:18;972.0;1745664798;91.775;95.055;89.14;105.075;
1900-01-01 20:53:19;973.0;1745664799;91.752;94.954;89.2;105.075;
1900-01-01 20:53:20;974.0;1745664800;91.791;94.959;89.2;105.08;
1900-01-01 20:53:21;975.0;1745664801;91.791;94.959;89.215;105.037;
1900-01-01 20:53:22;976.0;1745664802;91.717;94.841;89.309;105.037;
1900-01-01 20:53:23;977.0;1745664803;91.661;94.881;89.309;105.094;
1900-01-01 20:53:24;978.0;1745664804;91.661;94.881;89.352;105.099;
1900-01-01 20:53:25;979.0;1745664805;91.619;94.799;89.32;105.099;
1900-01-01 20:53:26;980.0;1745664806;91.694;94.961;89.32;105.085;
1900-01-01 20:53:27;981.0;1745664807;91.694;94.961;89.335;105.065;
1900-01-01 20:53:28;982.0;1745664808;91.659;94.829;89.363;105.065;
1900-01-01 20:53:29;983.0;1745664809;91.711;94.829;89.363;105.103;
1900-01-01 20:53:30;984.0;1745664810;91.711;94.803;89.349;105.038;
1900-01-01 20:53:31;985.0;1745664811;91.606;94.802;89.349;105.038;
1900-01-01 20:53:32;986.0;1745664812;91.575;94.802;89.208;105.108;
1900-01-01 20:53:33;987.0;1745664813;91.575;94.739;89.266;105.093;
1900-01-01 20:53:34;988.0;1745664814;91.592;94.859;89.096;105.093;
1900-01-01 20:53:35;989.0;1745664815;91.647;94.859;89.096;105.097;
1900-01-01 20:53:36;990.0;1745664816;91.647;94.672;88.92;105.027;
1900-01-01 20:53:37;991.0;1745664817;91.616;94.73;88.92;105.027;
1900-01-01 20:53:38;992.0;1745664818;91.564;94.73;88.943;105.04;
1900-01-01 20:53:39;993.0;1745664819;91.564;94.729;88.893;105.058;
1900-01-01 20:53:40;994.0;1745664820;91.629;94.671;88.893;105.058;
1900-01-01 20:53:41;995.0;1745664821;91.663;94.671;88.921;105.059;
1900-01-01 20:53:42;996.0;1745664822;91.663;94.637;88.957;104.989;
1900-01-01 20:53:43;997.0;1745664823;91.569;94.662;88.957;104.989;
1900-01-01 20:53:44;998.0;1745664824;91.569;94.662;89.024;105.035;
1900-01-01 20:53:45;999.0;1745664825;91.582;94.77;89.001;105.035;
1900-01-01 20:53:46;1000.0;1745664826;91.537;94.686;89.001;105.09;
1900-01-01 20:53:47;1001.0;1745664827;91.499;94.686;89.018;104.996;
1900-01-01 20:53:48;1002.0;1745664828;91.499;94.708;88.935;104.996;
1900-01-01 20:53:49;1003.0;1745664829;91.481;94.708;88.935;105.068;
1900-01-01 20:53:50;1004.0;1745664830;91.481;94.729;88.996;105.007;
1900-01-01 20:53:51;1005.0;1745664831;91.565;94.705;88.925;105.007;
1900-01-01 20:53:52;1006.0;1745664832;91.51;94.705;88.925;105.074;
1900-01-01 20:53:53;1007.0;1745664833;91.51;94.784;88.874;105.07;
1900-01-01 20:53:55;1008.0;1745664835;91.511;94.695;88.876;105.07;
1900-01-01 20:53:55;1009.0;1745664835;91.479;94.695;88.876;105.039;
1900-01-01 20:53:56;1010.0;1745664836;91.479;94.755;88.783;105.091;
1900-01-01 20:53:57;1011.0;1745664837;91.486;94.73;88.783;105.091;
1900-01-01 20:53:58;1012.0;1745664838;91.465;94.73;88.873;105.016;
1900-01-01 20:53:59;1013.0;1745664839;91.465;94.694;88.937;105.051;
1900-01-01 20:54:00;1014.0;1745664840;91.472;94.726;88.937;105.051;
1900-01-01 20:54:01;1015.0;1745664841;91.454;94.726;89.0;105.039;
1900-01-01 20:54:02;1016.0;1745664842;91.454;94.648;89.034;105.097;
1900-01-01 20:54:03;1017.0;1745664843;91.585;94.617;89.034;105.097;
1900-01-01 20:54:04;1018.0;1745664844;91.585;94.617;88.924;105.1;
1900-01-01 20:54:05;1019.0;1745664845;91.444;94.651;88.847;105.127;
1900-01-01 20:54:06;1020.0;1745664846;91.483;94.665;88.847;105.127;
1900-01-01 20:54:07;1021.0;1745664847;91.483;94.665;88.672;105.119;
1900-01-01 20:54:08;1022.0;1745664848;91.544;94.67;88.674;105.119;
1900-01-01 20:54:09;1023.0;1745664849;91.568;94.588;88.674;105.122;
1900-01-01 20:54:11;1024.0;1745664851;91.579;94.588;88.728;105.087;
1900-01-01 20:54:11;1025.0;1745664851;91.579;94.61;88.775;105.087;
1900-01-01 20:54:12;1026.0;1745664852;91.532;94.598;88.775;105.043;
1900-01-01 20:54:13;1027.0;1745664853;91.532;94.598;88.749;105.102;
1900-01-01 20:54:14;1028.0;1745664854;91.506;94.508;88.72;105.102;
1900-01-01 20:54:15;1029.0;1745664855;91.492;94.472;88.72;105.042;
1900-01-01 20:54:16;1030.0;1745664856;91.446;94.472;88.718;105.044;
1900-01-01 20:54:17;1031.0;1745664857;91.446;94.442;88.842;105.044;
1900-01-01 20:54:18;1032.0;1745664858;91.344;94.461;88.842;105.045;
1900-01-01 20:54:19;1033.0;1745664859;91.344;94.461;88.83;105.116;
1900-01-01 20:54:20;1034.0;1745664860;91.323;94.447;88.805;105.073;
1900-01-01 20:54:21;1035.0;1745664861;91.34;94.455;88.805;105.073;
1900-01-01 20:54:22;1036.0;1745664862;91.34;94.455;88.831;105.04;
1900-01-01 20:54:23;1037.0;1745664863;91.354;94.415;88.803;105.04;
1900-01-01 20:54:24;1038.0;1745664864;91.287;94.415;88.803;104.984;
1900-01-01 20:54:25;1039.0;1745664865;91.287;94.415;88.828;105.058;
1900-01-01 20:54:26;1040.0;1745664866;91.371;94.497;88.768;105.058;
1900-01-01 20:54:27;1041.0;1745664867;91.279;94.487;88.768;105.016;
1900-01-01 20:54:28;1042.0;1745664868;91.279;94.487;88.727;104.994;
1900-01-01 20:54:30;1043.0;1745664870;91.307;94.463;88.601;104.971;
1900-01-01 20:54:30;1044.0;1745664870;91.333;94.463;88.601;104.971;
1900-01-01 20:54:31;1045.0;1745664871;91.333;94.405;88.599;105.024;
1900-01-01 20:54:32;1046.0;1745664872;91.378;94.38;88.568;105.024;
1900-01-01 20:54:33;1047.0;1745664873;91.246;94.354;88.568;105.072;
1900-01-01 20:54:34;1048.0;1745664874;91.246;94.354;88.59;105.079;
1900-01-01 20:54:35;1049.0;1745664875;91.232;94.402;88.679;105.079;
1900-01-01 20:54:36;1050.0;1745664876;91.234;94.36;88.679;105.063;
1900-01-01 20:54:37;1051.0;1745664877;91.234;94.36;88.758;104.996;
1900-01-01 20:54:38;1052.0;1745664878;91.181;94.38;88.71;104.996;
1900-01-01 20:54:39;1053.0;1745664879;91.26;94.38;88.71;105.08;
1900-01-01 20:54:40;1054.0;1745664880;91.26;94.362;88.757;104.912;
1900-01-01 20:54:41;1055.0;1745664881;91.254;94.414;88.746;104.912;
1900-01-01 20:54:42;1056.0;1745664882;91.274;94.414;88.746;105.01;
1900-01-01 20:54:43;1057.0;1745664883;91.274;94.362;88.588;105.053;
1900-01-01 20:54:44;1058.0;1745664884;91.27;94.401;88.595;105.053;
1900-01-01 20:54:45;1059.0;1745664885;91.258;94.376;88.595;105.099;
1900-01-01 20:54:46;1060.0;1745664886;91.258;94.376;88.408;105.011;
1900-01-01 20:54:47;1061.0;1745664887;91.26;94.386;88.453;105.011;
1900-01-01 20:54:49;1062.0;1745664889;91.192;94.356;88.453;104.994;
1900-01-01 20:54:49;1063.0;1745664889;91.192;94.356;88.465;105.021;
1900-01-01 20:54:50;1064.0;1745664890;91.257;94.442;88.556;105.021;
1900-01-01 20:54:52;1065.0;1745664892;91.218;94.442;88.556;105.097;
1900-01-01 20:54:52;1066.0;1745664892;91.218;94.347;88.64;105.049;
1900-01-01 20:54:53;1067.0;1745664893;91.238;94.248;88.64;105.049;
1900-01-01 20:54:55;1068.0;1745664895;91.195;94.248;88.601;105.05;
1900-01-01 20:54:55;1069.0;1745664895;91.195;94.299;88.659;105.04;
1900-01-01 20:54:56;1070.0;1745664896;91.292;94.284;88.659;105.04;
1900-01-01 20:54:57;1071.0;1745664897;91.292;94.284;88.68;105.153;
1900-01-01 20:54:58;1072.0;1745664898;91.265;94.33;88.526;105.153;
1900-01-01 20:54:59;1073.0;1745664899;91.243;94.264;88.526;105.111;
1900-01-01 20:55:00;1074.0;1745664900;91.232;94.264;88.522;105.043;
1900-01-01 20:55:01;1075.0;1745664901;91.232;94.305;88.337;105.043;
1900-01-01 20:55:02;1076.0;1745664902;91.223;94.239;88.337;105.103;
1900-01-01 20:55:03;1077.0;1745664903;91.223;94.239;88.193;105.071;
1900-01-01 20:55:04;1078.0;1745664904;91.156;94.291;88.073;105.071;
1900-01-01 20:55:05;1079.0;1745664905;91.129;94.291;88.073;105.062;
1900-01-01 20:55:06;1080.0;1745664906;91.129;94.26;88.046;105.093;
1900-01-01 20:55:07;1081.0;1745664907;91.186;94.247;88.037;105.093;
1900-01-01 20:55:08;1082.0;1745664908;91.169;94.315;88.037;105.031;
1900-01-01 20:55:09;1083.0;1745664909;91.169;94.315;88.109;105.038;
1900-01-01 20:55:10;1084.0;1745664910;91.087;94.289;88.111;105.038;
1900-01-01 20:55:11;1085.0;1745664911;91.105;94.258;88.111;105.034;
1900-01-01 20:55:12;1086.0;1745664912;91.105;94.258;88.207;105.054;
1900-01-01 20:55:13;1087.0;1745664913;91.121;94.229;88.189;105.054;
1900-01-01 20:55:14;1088.0;1745664914;91.055;94.229;88.189;105.065;
1900-01-01 20:55:15;1089.0;1745664915;91.055;94.253;88.087;105.099;
1900-01-01 20:55:16;1090.0;1745664916;91.081;94.097;88.087;105.099;
1900-01-01 20:55:17;1091.0;1745664917;91.004;94.097;88.078;105.056;
1900-01-01 20:55:18;1092.0;1745664918;91.004;94.161;88.049;105.143;
1900-01-01 20:55:19;1093.0;1745664919;91.011;94.178;88.049;105.143;
1900-01-01 20:55:21;1094.0;1745664921;90.964;94.178;88.188;105.033;
1900-01-01 20:55:21;1095.0;1745664921;90.964;94.198;88.273;105.037;
1900-01-01 20:55:22;1096.0;1745664922;90.899;94.089;88.273;105.037;
1900-01-01 20:55:23;1097.0;1745664923;90.917;94.089;88.425;105.005;
1900-01-01 20:55:24;1098.0;1745664924;90.917;94.136;88.352;105.005;
1900-01-01 20:55:25;1099.0;1745664925;90.892;94.129;88.352;105.015;
1900-01-01 20:55:26;1100.0;1745664926;90.892;94.129;88.306;104.999;
1900-01-01 20:55:28;1101.0;1745664928;90.885;94.152;88.278;105.067;
1900-01-01 20:55:28;1102.0;1745664928;90.925;94.152;88.278;105.067;
1900-01-01 20:55:29;1103.0;1745664929;90.925;94.053;88.317;105.053;
1900-01-01 20:55:30;1104.0;1745664930;90.887;94.04;88.151;105.053;
1900-01-01 20:55:31;1105.0;1745664931;90.975;94.04;88.151;104.995;
1900-01-01 20:55:32;1106.0;1745664932;90.975;94.044;88.235;105.044;
1900-01-01 20:55:33;1107.0;1745664933;90.953;93.999;88.235;105.044;
1900-01-01 20:55:34;1108.0;1745664934;90.981;93.999;88.213;105.052;
1900-01-01 20:55:35;1109.0;1745664935;90.981;93.962;88.173;105.069;
1900-01-01 20:55:36;1110.0;1745664936;91.01;94.024;88.173;105.069;
1900-01-01 20:55:37;1111.0;1745664937;90.984;94.024;88.145;105.111;
1900-01-01 20:55:38;1112.0;1745664938;90.984;93.961;88.143;105.02;
1900-01-01 20:55:39;1113.0;1745664939;90.904;93.952;88.143;105.02;
1900-01-01 20:55:40;1114.0;1745664940;90.882;93.952;88.106;105.036;
1900-01-01 20:55:41;1115.0;1745664941;90.882;93.952;88.046;105.055;
1900-01-01 20:55:42;1116.0;1745664942;90.902;93.957;88.046;105.055;
1900-01-01 20:55:43;1117.0;1745664943;90.902;93.957;88.014;105.0;
1900-01-01 20:55:44;1118.0;1745664944;90.859;93.928;88.025;105.044;
1900-01-01 20:55:45;1119.0;1745664945;90.8;94.004;88.025;105.044;
1900-01-01 20:55:46;1120.0;1745664946;90.8;94.004;88.178;105.03;
1900-01-01 20:55:47;1121.0;1745664947;90.857;94.008;88.21;105.03;
1900-01-01 20:55:48;1122.0;1745664948;90.785;94.005;88.21;105.076;
1900-01-01 20:55:50;1123.0;1745664950;90.852;94.005;88.256;105.059;
1900-01-01 20:55:50;1124.0;1745664950;90.852;93.973;88.233;105.059;
1900-01-01 20:55:51;1125.0;1745664951;90.869;94.024;88.233;105.128;
1900-01-01 20:55:53;1126.0;1745664953;90.881;94.024;88.172;105.136;
1900-01-01 20:55:53;1127.0;1745664953;90.881;93.991;88.16;105.136;
1900-01-01 20:55:54;1128.0;1745664954;90.95;94.006;88.16;105.163;
1900-01-01 20:55:55;1129.0;1745664955;90.95;94.006;88.084;105.073;
1900-01-01 20:55:56;1130.0;1745664956;90.829;93.962;88.084;105.073;
1900-01-01 20:55:57;1131.0;1745664957;90.824;93.962;88.233;104.999;
1900-01-01 20:55:58;1132.0;1745664958;90.824;93.903;88.192;105.06;
1900-01-01 20:55:59;1133.0;1745664959;90.832;93.96;88.212;105.06;
1900-01-01 20:56:00;1134.0;1745664960;90.672;93.96;88.212;105.1;
1900-01-01 20:56:01;1135.0;1745664961;90.672;93.838;88.164;105.077;
1900-01-01 20:56:02;1136.0;1745664962;90.664;93.92;88.118;105.077;
1900-01-01 20:56:03;1137.0;1745664963;90.686;93.92;88.118;105.124;
1900-01-01 20:56:04;1138.0;1745664964;90.686;93.972;88.089;105.132;
1900-01-01 20:56:05;1139.0;1745664965;90.679;93.909;88.089;105.132;
1900-01-01 20:56:06;1140.0;1745664966;90.679;93.909;88.034;105.066;
1900-01-01 20:56:07;1141.0;1745664967;90.738;94.022;87.941;105.094;
1900-01-01 20:56:08;1142.0;1745664968;90.789;93.94;87.941;105.094;
1900-01-01 20:56:09;1143.0;1745664969;90.789;93.94;87.964;105.078;
1900-01-01 20:56:10;1144.0;1745664970;90.732;94.002;87.959;105.078;
1900-01-01 20:56:11;1145.0;1745664971;90.748;93.929;87.959;104.998;
1900-01-01 20:56:13;1146.0;1745664973;90.796;93.929;87.946;104.965;
1900-01-01 20:56:13;1147.0;1745664973;90.796;93.883;87.95;104.965;
1900-01-01 20:56:14;1148.0;1745664974;90.871;93.961;87.95;105.034;
1900-01-01 20:56:15;1149.0;1745664975;90.871;93.961;87.95;105.005;
1900-01-01 20:56:16;1150.0;1745664976;90.789;93.878;87.906;105.005;
1900-01-01 20:56:17;1151.0;1745664977;90.862;93.878;87.906;104.962;
1900-01-01 20:56:18;1152.0;1745664978;90.862;93.841;87.991;105.052;
1900-01-01 20:56:19;1153.0;1745664979;90.765;93.859;87.991;105.052;
1900-01-01 20:56:20;1154.0;1745664980;90.699;93.859;87.942;104.978;
1900-01-01 20:56:21;1155.0;1745664981;90.699;93.801;88.035;105.015;
1900-01-01 20:56:22;1156.0;1745664982;90.664;93.79;88.035;105.015;
1900-01-01 20:56:23;1157.0;1745664983;90.669;93.79;88.066;105.01;
1900-01-01 20:56:24;1158.0;1745664984;90.669;93.753;88.045;104.998;
1900-01-01 20:56:25;1159.0;1745664985;90.619;93.734;88.045;104.998;
1900-01-01 20:56:26;1160.0;1745664986;90.61;93.734;88.135;105.076;
1900-01-01 20:56:27;1161.0;1745664987;90.61;93.828;88.04;104.939;
1900-01-01 20:56:28;1162.0;1745664988;90.561;93.796;87.932;104.939;
1900-01-01 20:56:29;1163.0;1745664989;90.561;93.796;87.932;105.013;
1900-01-01 20:56:30;1164.0;1745664990;90.495;93.744;87.978;105.126;
1900-01-01 20:56:31;1165.0;1745664991;90.496;93.699;87.978;105.126;
1900-01-01 20:56:32;1166.0;1745664992;90.496;93.699;87.951;104.97;
1900-01-01 20:56:33;1167.0;1745664993;90.535;93.728;87.858;104.97;
1900-01-01 20:56:34;1168.0;1745664994;90.574;93.676;87.858;105.011;
1900-01-01 20:56:35;1169.0;1745664995;90.64;93.676;87.838;105.026;
1900-01-01 20:56:36;1170.0;1745664996;90.64;93.729;87.795;105.026;
1900-01-01 20:56:37;1171.0;1745664997;90.661;93.663;87.795;105.094;
1900-01-01 20:56:38;1172.0;1745664998;90.661;93.663;87.807;104.923;
1900-01-01 20:56:39;1173.0;1745664999;90.732;93.674;87.704;104.923;
1900-01-01 20:56:40;1174.0;1745665000;90.685;93.655;87.704;104.976;
1900-01-01 20:56:41;1175.0;1745665001;90.685;93.655;87.732;104.973;
1900-01-01 20:56:42;1176.0;1745665002;90.55;93.673;87.758;104.973;
1900-01-01 20:56:43;1177.0;1745665003;90.596;93.673;87.758;105.018;
1900-01-01 20:56:44;1178.0;1745665004;90.596;93.675;87.77;105.112;
1900-01-01 20:56:45;1179.0;1745665005;90.586;93.687;87.77;105.112;
1900-01-01 20:56:46;1180.0;1745665006;90.517;93.687;87.926;105.084;
1900-01-01 20:56:47;1181.0;1745665007;90.517;93.657;87.899;104.961;
1900-01-01 20:56:48;1182.0;1745665008;90.403;93.606;87.899;104.961;
1900-01-01 20:56:49;1183.0;1745665009;90.331;93.606;87.862;105.018;
1900-01-01 20:56:50;1184.0;1745665010;90.331;93.643;87.847;105.018;
1900-01-01 20:56:51;1185.0;1745665011;90.339;93.574;87.847;105.042;
1900-01-01 20:56:52;1186.0;1745665012;90.348;93.574;87.79;105.008;
1900-01-01 20:56:53;1187.0;1745665013;90.348;93.566;87.868;105.008;
1900-01-01 20:56:54;1188.0;1745665014;90.331;93.559;87.868;104.952;
1900-01-01 20:56:55;1189.0;1745665015;90.331;93.559;87.824;104.956;
1900-01-01 20:56:56;1190.0;1745665016;90.375;93.466;87.735;105.11;
1900-01-01 20:56:57;1191.0;1745665017;90.387;93.466;87.735;105.11;
1900-01-01 20:56:58;1192.0;1745665018;90.387;93.458;87.729;105.002;
1900-01-01 20:56:59;1193.0;1745665019;90.416;93.528;87.729;105.002;
1900-01-01 20:57:01;1194.0;1745665021;90.475;93.573;87.729;105.004;
1900-01-01 20:57:01;1195.0;1745665021;90.475;93.573;87.706;104.98;
1900-01-01 20:57:02;1196.0;1745665022;90.421;93.556;87.709;104.98;
1900-01-01 20:57:03;1197.0;1745665023;90.479;93.519;87.709;105.058;
1900-01-01 20:57:04;1198.0;1745665024;90.479;93.519;87.678;104.994;
1900-01-01 20:57:05;1199.0;1745665025;90.455;93.584;87.568;104.994;
1900-01-01 20:57:06;1200.0;1745665026;90.429;93.584;87.568;105.015;
