Time;Seconds from start for linreg;Unix Time;ch1 po2;ch2 po2;ch3 po2;ch4 po2;
1900-01-01 18:07:07;1.0;1745654827;98.23;100.267;94.941;110.173;
1900-01-01 18:07:08;2.0;1745654828;98.109;100.267;94.921;110.108;
1900-01-01 18:07:09;3.0;1745654829;98.109;100.25;94.939;110.108;
1900-01-01 18:07:10;4.0;1745654830;98.084;100.195;94.939;110.079;
1900-01-01 18:07:11;5.0;1745654831;98.084;100.195;95.081;110.081;
1900-01-01 18:07:12;6.0;1745654832;97.983;100.224;95.073;110.081;
1900-01-01 18:07:13;7.0;1745654833;97.851;100.166;95.073;110.085;
1900-01-01 18:07:14;8.0;1745654834;97.851;100.166;95.036;110.038;
1900-01-01 18:07:15;9.0;1745654835;97.859;100.146;94.856;110.038;
1900-01-01 18:07:16;10.0;1745654836;97.858;100.146;94.856;110.122;
1900-01-01 18:07:17;11.0;1745654837;97.858;100.175;94.823;110.106;
1900-01-01 18:07:18;12.0;1745654838;97.975;100.2;94.823;110.106;
1900-01-01 18:07:19;13.0;1745654839;97.961;100.2;94.846;110.031;
1900-01-01 18:07:20;14.0;1745654840;97.961;100.173;94.953;110.031;
1900-01-01 18:07:21;15.0;1745654841;98.073;100.147;94.953;110.127;
1900-01-01 18:07:22;16.0;1745654842;98.1;100.147;94.982;110.115;
1900-01-01 18:07:23;17.0;1745654843;98.1;100.119;94.989;110.115;
1900-01-01 18:07:24;18.0;1745654844;98.05;100.08;94.989;110.119;
1900-01-01 18:07:25;19.0;1745654845;98.05;100.08;95.113;110.061;
1900-01-01 18:07:26;20.0;1745654846;98.085;100.132;95.258;110.129;
1900-01-01 18:07:27;21.0;1745654847;98.095;100.118;95.258;110.129;
1900-01-01 18:07:28;22.0;1745654848;98.095;100.118;95.269;110.205;
1900-01-01 18:07:29;23.0;1745654849;98.036;100.137;95.243;110.205;
1900-01-01 18:07:30;24.0;1745654850;97.983;100.142;95.243;110.096;
1900-01-01 18:07:31;25.0;1745654851;97.915;100.142;95.142;110.065;
1900-01-01 18:07:32;26.0;1745654852;97.915;100.117;95.152;110.095;
1900-01-01 18:07:33;27.0;1745654853;97.884;100.117;95.152;110.095;
1900-01-01 18:07:34;28.0;1745654854;97.884;100.152;94.953;110.123;
1900-01-01 18:07:35;29.0;1745654855;97.804;100.046;94.926;110.123;
1900-01-01 18:07:36;30.0;1745654856;97.807;100.046;94.926;110.117;
1900-01-01 18:07:37;31.0;1745654857;97.807;100.082;94.772;110.099;
1900-01-01 18:07:38;32.0;1745654858;97.802;100.176;94.865;110.099;
1900-01-01 18:07:39;33.0;1745654859;97.737;100.176;94.865;110.142;
1900-01-01 18:07:40;34.0;1745654860;97.737;100.102;94.837;110.099;
1900-01-01 18:07:41;35.0;1745654861;97.706;100.134;94.751;110.099;
1900-01-01 18:07:42;36.0;1745654862;97.725;100.134;94.751;110.115;
1900-01-01 18:07:43;37.0;1745654863;97.725;100.126;94.858;110.036;
1900-01-01 18:07:44;38.0;1745654864;97.713;100.263;94.889;110.036;
1900-01-01 18:07:46;39.0;1745654866;97.711;100.263;94.889;110.104;
1900-01-01 18:07:46;40.0;1745654866;97.711;100.218;94.952;110.085;
1900-01-01 18:07:47;41.0;1745654867;97.702;100.266;94.952;110.085;
1900-01-01 18:07:48;42.0;1745654868;97.702;100.266;94.946;110.114;
1900-01-01 18:07:49;43.0;1745654869;97.686;100.148;94.991;110.021;
1900-01-01 18:07:50;44.0;1745654870;97.629;100.105;94.991;110.021;
1900-01-01 18:07:51;45.0;1745654871;97.629;100.105;94.947;110.093;
1900-01-01 18:07:52;46.0;1745654872;97.714;100.1;95.003;109.947;
1900-01-01 18:07:53;47.0;1745654873;97.777;100.1;95.003;109.947;
1900-01-01 18:07:54;48.0;1745654874;97.777;100.117;94.949;110.103;
1900-01-01 18:07:56;49.0;1745654876;97.749;100.116;94.958;110.084;
1900-01-01 18:07:56;50.0;1745654876;97.753;100.116;94.958;110.084;
1900-01-01 18:07:57;51.0;1745654877;97.753;99.972;95.047;110.063;
1900-01-01 18:07:58;52.0;1745654878;97.694;100.141;95.002;110.063;
1900-01-01 18:07:59;53.0;1745654879;97.641;100.141;95.002;110.071;
1900-01-01 18:08:00;54.0;1745654880;97.641;100.188;94.94;110.066;
1900-01-01 18:08:01;55.0;1745654881;97.632;100.107;94.883;110.066;
1900-01-01 18:08:02;56.0;1745654882;97.558;100.107;94.883;110.054;
1900-01-01 18:08:03;57.0;1745654883;97.558;100.185;94.968;110.067;
1900-01-01 18:08:04;58.0;1745654884;97.426;100.123;94.868;110.067;
1900-01-01 18:08:05;59.0;1745654885;97.489;100.123;94.868;110.182;
1900-01-01 18:08:06;60.0;1745654886;97.489;100.169;94.789;110.068;
1900-01-01 18:08:07;61.0;1745654887;97.477;100.115;94.763;110.068;
1900-01-01 18:08:08;62.0;1745654888;97.481;100.115;94.763;110.134;
1900-01-01 18:08:09;63.0;1745654889;97.481;100.134;94.812;110.193;
1900-01-01 18:08:10;64.0;1745654890;97.483;100.158;94.716;110.193;
1900-01-01 18:08:11;65.0;1745654891;97.421;100.158;94.716;109.99;
1900-01-01 18:08:12;66.0;1745654892;97.421;100.074;94.677;110.096;
1900-01-01 18:08:13;67.0;1745654893;97.357;100.086;94.677;110.096;
1900-01-01 18:08:14;68.0;1745654894;97.357;100.086;94.576;110.009;
1900-01-01 18:08:15;69.0;1745654895;97.404;100.124;94.481;110.093;
1900-01-01 18:08:17;70.0;1745654897;97.388;100.134;94.481;110.093;
1900-01-01 18:08:17;71.0;1745654897;97.388;100.134;94.328;110.024;
1900-01-01 18:08:18;72.0;1745654898;97.396;100.054;94.442;110.024;
1900-01-01 18:08:19;73.0;1745654899;97.403;100.054;94.442;110.089;
1900-01-01 18:08:20;74.0;1745654900;97.403;100.09;94.442;110.041;
1900-01-01 18:08:21;75.0;1745654901;97.415;100.07;94.52;110.041;
1900-01-01 18:08:22;76.0;1745654902;97.481;100.07;94.52;110.031;
1900-01-01 18:08:23;77.0;1745654903;97.481;100.046;94.458;110.045;
1900-01-01 18:08:24;78.0;1745654904;97.466;99.916;94.41;110.045;
1900-01-01 18:08:25;79.0;1745654905;97.513;99.916;94.41;110.049;
1900-01-01 18:08:26;80.0;1745654906;97.513;99.962;94.25;110.045;
1900-01-01 18:08:27;81.0;1745654907;97.48;99.947;94.166;110.045;
1900-01-01 18:08:28;82.0;1745654908;97.533;99.947;94.166;110.027;
1900-01-01 18:08:29;83.0;1745654909;97.533;99.91;94.074;110.094;
1900-01-01 18:08:30;84.0;1745654910;97.48;99.922;94.074;110.094;
1900-01-01 18:08:31;85.0;1745654911;97.474;99.922;94.059;109.982;
1900-01-01 18:08:32;86.0;1745654912;97.474;99.917;94.015;110.037;
1900-01-01 18:08:33;87.0;1745654913;97.407;99.877;94.015;110.037;
1900-01-01 18:08:34;88.0;1745654914;97.323;99.877;94.022;109.962;
1900-01-01 18:08:35;89.0;1745654915;97.323;99.86;94.046;110.006;
1900-01-01 18:08:36;90.0;1745654916;97.359;99.72;94.046;110.006;
1900-01-01 18:08:37;91.0;1745654917;97.306;99.72;94.001;110.004;
1900-01-01 18:08:38;92.0;1745654918;97.306;99.751;93.995;109.976;
1900-01-01 18:08:39;93.0;1745654919;97.321;99.739;93.995;109.976;
1900-01-01 18:08:40;94.0;1745654920;97.321;99.739;93.92;109.99;
1900-01-01 18:08:41;95.0;1745654921;97.347;99.834;93.86;109.978;
1900-01-01 18:08:42;96.0;1745654922;97.207;99.873;93.86;109.978;
1900-01-01 18:08:43;97.0;1745654923;97.207;99.873;93.791;109.986;
1900-01-01 18:08:44;98.0;1745654924;97.13;99.727;93.716;109.986;
1900-01-01 18:08:45;99.0;1745654925;97.019;99.758;93.716;109.847;
1900-01-01 18:08:46;100.0;1745654926;97.019;99.758;93.683;109.981;
1900-01-01 18:08:47;101.0;1745654927;97.056;99.79;93.662;109.981;
1900-01-01 18:08:48;102.0;1745654928;97.017;99.88;93.662;110.011;
1900-01-01 18:08:49;103.0;1745654929;97.017;99.88;93.661;110.054;
1900-01-01 18:08:50;104.0;1745654930;96.99;99.808;93.782;110.054;
1900-01-01 18:08:51;105.0;1745654931;96.987;99.808;93.782;110.003;
1900-01-01 18:08:52;106.0;1745654932;96.987;99.772;93.848;109.995;
1900-01-01 18:08:53;107.0;1745654933;96.979;99.846;93.768;109.995;
1900-01-01 18:08:54;108.0;1745654934;96.958;99.846;93.768;110.001;
1900-01-01 18:08:55;109.0;1745654935;96.958;99.929;93.764;109.957;
1900-01-01 18:08:56;110.0;1745654936;96.951;99.86;93.764;109.957;
1900-01-01 18:08:57;111.0;1745654937;97.032;99.86;93.786;110.117;
1900-01-01 18:08:58;112.0;1745654938;97.032;99.893;93.816;110.117;
1900-01-01 18:08:59;113.0;1745654939;96.965;99.913;93.816;110.052;
1900-01-01 18:09:00;114.0;1745654940;96.93;99.913;93.749;110.054;
1900-01-01 18:09:01;115.0;1745654941;96.93;99.931;93.656;110.054;
1900-01-01 18:09:02;116.0;1745654942;96.972;99.899;93.656;110.043;
1900-01-01 18:09:03;117.0;1745654943;96.932;99.899;93.628;109.966;
1900-01-01 18:09:04;118.0;1745654944;96.932;99.927;93.519;109.995;
1900-01-01 18:09:05;119.0;1745654945;96.949;99.887;93.519;109.995;
1900-01-01 18:09:06;120.0;1745654946;96.949;99.887;93.518;110.028;
1900-01-01 18:09:07;121.0;1745654947;97.007;99.834;93.424;110.028;
1900-01-01 18:09:08;122.0;1745654948;97.008;99.779;93.424;110.006;
1900-01-01 18:09:09;123.0;1745654949;97.033;99.779;93.487;109.986;
1900-01-01 18:09:10;124.0;1745654950;97.033;99.829;93.567;109.986;
1900-01-01 18:09:11;125.0;1745654951;96.958;99.881;93.567;110.016;
1900-01-01 18:09:12;126.0;1745654952;96.958;99.881;93.659;110.02;
1900-01-01 18:09:13;127.0;1745654953;96.964;99.824;93.829;109.978;
1900-01-01 18:09:14;128.0;1745654954;96.88;99.787;93.829;109.978;
1900-01-01 18:09:15;129.0;1745654955;96.88;99.787;93.946;109.926;
1900-01-01 18:09:16;130.0;1745654956;96.818;99.716;93.927;109.926;
1900-01-01 18:09:17;131.0;1745654957;96.877;99.65;93.927;110.039;
1900-01-01 18:09:18;132.0;1745654958;96.864;99.65;93.965;110.053;
1900-01-01 18:09:19;133.0;1745654959;96.864;99.723;93.736;110.053;
1900-01-01 18:09:20;134.0;1745654960;96.763;99.715;93.736;109.962;
1900-01-01 18:09:21;135.0;1745654961;96.763;99.715;93.682;109.986;
1900-01-01 18:09:22;136.0;1745654962;96.805;99.606;93.598;109.877;
1900-01-01 18:09:23;137.0;1745654963;96.823;99.642;93.598;109.877;
1900-01-01 18:09:24;138.0;1745654964;96.823;99.642;93.595;109.925;
1900-01-01 18:09:25;139.0;1745654965;96.891;99.675;93.627;109.925;
1900-01-01 18:09:26;140.0;1745654966;96.864;99.764;93.627;110.021;
1900-01-01 18:09:27;141.0;1745654967;96.864;99.764;93.636;109.927;
1900-01-01 18:09:28;142.0;1745654968;96.928;99.756;93.655;109.927;
1900-01-01 18:09:29;143.0;1745654969;97.009;99.698;93.655;110.015;
1900-01-01 18:09:30;144.0;1745654970;97.009;99.698;93.743;109.999;
1900-01-01 18:09:31;145.0;1745654971;96.99;99.67;93.738;109.999;
1900-01-01 18:09:33;146.0;1745654973;96.901;99.567;93.738;109.97;
1900-01-01 18:09:33;147.0;1745654973;96.901;99.567;93.718;109.907;
1900-01-01 18:09:34;148.0;1745654974;96.925;99.578;93.72;109.907;
1900-01-01 18:09:35;149.0;1745654975;96.723;99.578;93.72;109.94;
1900-01-01 18:09:36;150.0;1745654976;96.723;99.62;93.688;109.966;
1900-01-01 18:09:37;151.0;1745654977;96.619;99.482;93.688;109.966;
1900-01-01 18:09:38;152.0;1745654978;96.625;99.482;93.582;110.039;
1900-01-01 18:09:39;153.0;1745654979;96.625;99.555;93.595;109.981;
1900-01-01 18:09:40;154.0;1745654980;96.52;99.54;93.528;109.981;
1900-01-01 18:09:41;155.0;1745654981;96.561;99.54;93.528;109.975;
1900-01-01 18:09:42;156.0;1745654982;96.561;99.461;93.462;109.975;
1900-01-01 18:09:43;157.0;1745654983;96.588;99.451;93.462;109.975;
1900-01-01 18:09:44;158.0;1745654984;96.625;99.451;93.355;110.002;
1900-01-01 18:09:45;159.0;1745654985;96.625;99.496;93.315;109.961;
1900-01-01 18:09:46;160.0;1745654986;96.62;99.474;93.284;109.961;
1900-01-01 18:09:47;161.0;1745654987;96.627;99.474;93.284;110.042;
1900-01-01 18:09:48;162.0;1745654988;96.627;99.49;93.224;110.026;
1900-01-01 18:09:49;163.0;1745654989;96.612;99.47;93.224;110.026;
1900-01-01 18:09:50;164.0;1745654990;96.584;99.47;93.192;109.975;
1900-01-01 18:09:51;165.0;1745654991;96.584;99.52;93.108;109.974;
1900-01-01 18:09:52;166.0;1745654992;96.635;99.452;93.108;109.974;
1900-01-01 18:09:53;167.0;1745654993;96.516;99.452;93.149;110.077;
1900-01-01 18:09:54;168.0;1745654994;96.516;99.471;93.211;110.032;
1900-01-01 18:09:55;169.0;1745654995;96.531;99.546;93.208;110.032;
1900-01-01 18:09:56;170.0;1745654996;96.433;99.546;93.208;109.935;
1900-01-01 18:09:57;171.0;1745654997;96.433;99.468;93.219;110.011;
1900-01-01 18:09:58;172.0;1745654998;96.376;99.54;93.219;110.011;
1900-01-01 18:09:59;173.0;1745654999;96.292;99.54;93.189;109.971;
1900-01-01 18:10:00;174.0;1745655000;96.292;99.431;93.203;109.956;
1900-01-01 18:10:01;175.0;1745655001;96.254;99.355;93.203;109.956;
1900-01-01 18:10:02;176.0;1745655002;96.17;99.355;93.227;109.956;
1900-01-01 18:10:03;177.0;1745655003;96.17;99.399;93.294;109.939;
1900-01-01 18:10:04;178.0;1745655004;96.258;99.339;93.294;109.939;
1900-01-01 18:10:05;179.0;1745655005;96.284;99.339;93.304;109.982;
1900-01-01 18:10:06;180.0;1745655006;96.284;99.353;93.322;109.945;
1900-01-01 18:10:07;181.0;1745655007;96.371;99.46;93.322;109.945;
1900-01-01 18:10:08;182.0;1745655008;96.371;99.46;93.337;109.882;
1900-01-01 18:10:09;183.0;1745655009;96.355;99.323;93.349;109.882;
1900-01-01 18:10:10;184.0;1745655010;96.394;99.377;93.349;110.005;
1900-01-01 18:10:12;185.0;1745655012;96.333;99.377;93.332;109.913;
1900-01-01 18:10:12;186.0;1745655012;96.333;99.4;93.28;109.913;
1900-01-01 18:10:13;187.0;1745655013;96.319;99.4;93.28;109.997;
1900-01-01 18:10:14;188.0;1745655014;96.319;99.401;93.251;109.958;
1900-01-01 18:10:15;189.0;1745655015;96.355;99.334;93.245;109.958;
1900-01-01 18:10:16;190.0;1745655016;96.398;99.425;93.245;109.951;
1900-01-01 18:10:17;191.0;1745655017;96.398;99.425;93.166;109.921;
1900-01-01 18:10:18;192.0;1745655018;96.37;99.413;93.208;109.921;
1900-01-01 18:10:19;193.0;1745655019;96.375;99.413;93.208;109.907;
1900-01-01 18:10:20;194.0;1745655020;96.375;99.474;93.134;109.983;
1900-01-01 18:10:21;195.0;1745655021;96.383;99.427;93.097;109.983;
1900-01-01 18:10:23;196.0;1745655023;96.395;99.366;93.097;109.87;
1900-01-01 18:10:23;197.0;1745655023;96.395;99.366;93.148;109.937;
1900-01-01 18:10:24;198.0;1745655024;96.332;99.313;93.113;109.937;
1900-01-01 18:10:25;199.0;1745655025;96.304;99.378;93.113;110.002;
1900-01-01 18:10:26;200.0;1745655026;96.304;99.378;93.071;109.868;
1900-01-01 18:10:27;201.0;1745655027;96.291;99.349;92.976;109.868;
1900-01-01 18:10:28;202.0;1745655028;96.317;99.349;92.976;109.934;
1900-01-01 18:10:29;203.0;1745655029;96.317;99.302;93.048;109.895;
1900-01-01 18:10:30;204.0;1745655030;96.207;99.342;92.92;109.895;
1900-01-01 18:10:32;205.0;1745655032;96.184;99.314;92.92;109.839;
1900-01-01 18:10:32;206.0;1745655032;96.184;99.314;92.907;109.922;
1900-01-01 18:10:33;207.0;1745655033;96.039;99.296;92.974;109.922;
1900-01-01 18:10:34;208.0;1745655034;96.095;99.296;92.974;109.848;
1900-01-01 18:10:35;209.0;1745655035;96.095;99.283;92.941;109.907;
1900-01-01 18:10:36;210.0;1745655036;96.076;99.323;92.952;109.907;
1900-01-01 18:10:37;211.0;1745655037;96.059;99.323;92.952;109.907;
1900-01-01 18:10:38;212.0;1745655038;96.059;99.313;92.87;109.949;
1900-01-01 18:10:39;213.0;1745655039;96.097;99.342;92.837;109.949;
1900-01-01 18:10:40;214.0;1745655040;96.103;99.33;92.837;109.903;
1900-01-01 18:10:41;215.0;1745655041;96.103;99.33;92.874;109.881;
1900-01-01 18:10:42;216.0;1745655042;96.026;99.318;92.86;109.881;
1900-01-01 18:10:43;217.0;1745655043;96.046;99.318;92.86;109.868;
1900-01-01 18:10:44;218.0;1745655044;96.046;99.31;92.855;109.882;
1900-01-01 18:10:46;219.0;1745655046;96.056;99.237;92.817;109.882;
1900-01-01 18:10:46;220.0;1745655046;96.038;99.237;92.817;110.003;
1900-01-01 18:10:47;221.0;1745655047;96.038;99.245;92.859;109.893;
1900-01-01 18:10:48;222.0;1745655048;95.959;99.165;92.824;109.893;
1900-01-01 18:10:49;223.0;1745655049;95.908;99.164;92.824;109.909;
1900-01-01 18:10:50;224.0;1745655050;95.908;99.164;92.816;109.843;
1900-01-01 18:10:51;225.0;1745655051;95.923;99.218;92.791;109.843;
1900-01-01 18:10:52;226.0;1745655052;95.822;99.218;92.791;109.946;
1900-01-01 18:10:53;227.0;1745655053;95.822;99.307;92.813;109.937;
1900-01-01 18:10:54;228.0;1745655054;95.61;99.235;92.76;109.937;
1900-01-01 18:10:55;229.0;1745655055;95.63;99.165;92.76;109.864;
1900-01-01 18:10:56;230.0;1745655056;95.63;99.165;92.818;109.889;
1900-01-01 18:10:57;231.0;1745655057;95.61;99.144;92.773;109.889;
1900-01-01 18:10:58;232.0;1745655058;95.554;99.144;92.773;109.972;
1900-01-01 18:10:59;233.0;1745655059;95.554;99.116;92.771;109.973;
1900-01-01 18:11:00;234.0;1745655060;95.569;99.15;92.649;109.973;
1900-01-01 18:11:01;235.0;1745655061;95.518;99.15;92.649;109.957;
1900-01-01 18:11:02;236.0;1745655062;95.518;99.146;92.572;109.889;
1900-01-01 18:11:03;237.0;1745655063;95.519;99.168;92.4;109.889;
1900-01-01 18:11:04;238.0;1745655064;95.51;99.087;92.4;109.812;
1900-01-01 18:11:05;239.0;1745655065;95.51;99.087;92.224;109.895;
1900-01-01 18:11:06;240.0;1745655066;95.447;99.054;92.088;109.895;
1900-01-01 18:11:07;241.0;1745655067;95.426;99.054;92.088;109.789;
1900-01-01 18:11:08;242.0;1745655068;95.426;99.11;92.063;109.781;
1900-01-01 18:11:09;243.0;1745655069;95.472;99.076;92.017;109.781;
1900-01-01 18:11:10;244.0;1745655070;95.491;99.076;92.017;109.949;
1900-01-01 18:11:11;245.0;1745655071;95.491;99.058;92.021;109.871;
1900-01-01 18:11:12;246.0;1745655072;95.476;99.042;92.058;109.871;
1900-01-01 18:11:13;247.0;1745655073;95.464;99.006;92.058;109.827;
1900-01-01 18:11:14;248.0;1745655074;95.464;99.006;92.07;109.872;
1900-01-01 18:11:15;249.0;1745655075;95.506;98.95;92.124;109.872;
1900-01-01 18:11:16;250.0;1745655076;95.59;98.95;92.124;109.868;
1900-01-01 18:11:17;251.0;1745655077;95.59;99.012;92.124;109.843;
1900-01-01 18:11:18;252.0;1745655078;95.737;99.01;92.17;109.843;
1900-01-01 18:11:20;253.0;1745655080;95.793;99.052;92.17;109.831;
1900-01-01 18:11:20;254.0;1745655080;95.793;99.052;92.188;109.815;
1900-01-01 18:11:21;255.0;1745655081;95.722;98.982;92.251;109.815;
1900-01-01 18:11:22;256.0;1745655082;95.716;98.982;92.251;109.875;
1900-01-01 18:11:23;257.0;1745655083;95.716;99.017;92.197;109.815;
1900-01-01 18:11:24;258.0;1745655084;95.695;98.942;92.132;109.815;
1900-01-01 18:11:25;259.0;1745655085;95.643;98.942;92.132;109.859;
1900-01-01 18:11:26;260.0;1745655086;95.643;98.871;92.132;109.882;
1900-01-01 18:11:27;261.0;1745655087;95.613;98.841;92.034;109.882;
1900-01-01 18:11:28;262.0;1745655088;95.502;98.919;92.034;109.847;
1900-01-01 18:11:29;263.0;1745655089;95.502;98.919;91.915;109.86;
1900-01-01 18:11:30;264.0;1745655090;95.346;98.913;91.668;109.86;
1900-01-01 18:11:31;265.0;1745655091;95.292;98.913;91.668;109.805;
1900-01-01 18:11:32;266.0;1745655092;95.292;98.901;91.502;109.873;
1900-01-01 18:11:33;267.0;1745655093;95.114;98.972;91.445;109.873;
1900-01-01 18:11:34;268.0;1745655094;95.131;99.011;91.445;109.914;
1900-01-01 18:11:35;269.0;1745655095;95.131;99.011;91.423;109.905;
1900-01-01 18:11:36;270.0;1745655096;95.095;99.025;91.547;109.905;
1900-01-01 18:11:37;271.0;1745655097;94.995;99.025;91.547;109.792;
1900-01-01 18:11:38;272.0;1745655098;94.995;98.984;91.563;109.86;
1900-01-01 18:11:39;273.0;1745655099;95.023;98.914;91.718;109.86;
1900-01-01 18:11:40;274.0;1745655100;95.02;98.914;91.718;109.821;
1900-01-01 18:11:41;275.0;1745655101;95.02;98.924;91.857;109.811;
1900-01-01 18:11:42;276.0;1745655102;94.928;98.866;91.8;109.811;
1900-01-01 18:11:43;277.0;1745655103;94.927;98.866;91.8;109.803;
1900-01-01 18:11:44;278.0;1745655104;94.927;98.902;91.924;109.78;
1900-01-01 18:11:45;279.0;1745655105;94.8;98.82;91.924;109.78;
1900-01-01 18:11:46;280.0;1745655106;94.674;98.82;91.903;109.878;
1900-01-01 18:11:47;281.0;1745655107;94.674;98.908;91.893;109.895;
1900-01-01 18:11:49;282.0;1745655109;94.609;98.969;91.926;109.895;
1900-01-01 18:11:49;283.0;1745655109;94.588;98.969;91.926;109.81;
1900-01-01 18:11:50;284.0;1745655110;94.588;98.898;91.835;109.88;
1900-01-01 18:11:51;285.0;1745655111;94.598;98.968;91.788;109.88;
1900-01-01 18:11:52;286.0;1745655112;94.56;98.968;91.788;109.812;
1900-01-01 18:11:53;287.0;1745655113;94.56;98.86;91.895;109.924;
1900-01-01 18:11:55;288.0;1745655115;94.565;98.917;91.803;109.924;
1900-01-01 18:11:55;289.0;1745655115;94.557;98.917;91.803;109.81;
1900-01-01 18:11:56;290.0;1745655116;94.557;98.829;91.813;109.907;
1900-01-01 18:11:57;291.0;1745655117;94.584;98.827;91.795;109.907;
1900-01-01 18:11:58;292.0;1745655118;94.545;98.827;91.795;109.913;
1900-01-01 18:11:59;293.0;1745655119;94.545;98.745;91.823;109.868;
1900-01-01 18:12:01;294.0;1745655121;94.51;98.844;91.94;109.868;
1900-01-01 18:12:01;295.0;1745655121;94.514;98.844;91.94;109.805;
1900-01-01 18:12:02;296.0;1745655122;94.514;98.798;91.914;109.854;
1900-01-01 18:12:03;297.0;1745655123;94.4;98.873;91.908;109.854;
1900-01-01 18:12:04;298.0;1745655124;94.406;98.807;91.908;109.811;
1900-01-01 18:12:05;299.0;1745655125;94.406;98.807;91.901;109.829;
1900-01-01 18:12:06;300.0;1745655126;94.383;98.789;91.884;109.829;
1900-01-01 18:12:07;301.0;1745655127;94.328;98.789;91.884;109.792;
1900-01-01 18:12:08;302.0;1745655128;94.328;98.708;91.882;109.738;
1900-01-01 18:12:09;303.0;1745655129;94.208;98.745;91.823;109.738;
1900-01-01 18:12:10;304.0;1745655130;94.176;98.847;91.823;109.845;
1900-01-01 18:12:11;305.0;1745655131;94.176;98.847;91.774;109.806;
1900-01-01 18:12:12;306.0;1745655132;94.151;98.709;91.594;109.806;
1900-01-01 18:12:13;307.0;1745655133;94.086;98.832;91.594;109.861;
1900-01-01 18:12:14;308.0;1745655134;94.086;98.832;91.623;109.84;
1900-01-01 18:12:15;309.0;1745655135;94.197;98.674;91.606;109.84;
1900-01-01 18:12:16;310.0;1745655136;94.24;98.674;91.606;109.821;
1900-01-01 18:12:17;311.0;1745655137;94.24;98.723;91.394;109.766;
1900-01-01 18:12:18;312.0;1745655138;94.341;98.727;91.231;109.766;
1900-01-01 18:12:19;313.0;1745655139;94.316;98.639;91.231;109.834;
1900-01-01 18:12:20;314.0;1745655140;94.316;98.639;91.144;109.817;
1900-01-01 18:12:21;315.0;1745655141;94.379;98.761;91.066;109.817;
1900-01-01 18:12:22;316.0;1745655142;94.371;98.598;91.066;109.82;
1900-01-01 18:12:23;317.0;1745655143;94.371;98.598;90.995;109.854;
1900-01-01 18:12:24;318.0;1745655144;94.43;98.636;90.994;109.854;
1900-01-01 18:12:25;319.0;1745655145;94.31;98.604;90.994;109.849;
1900-01-01 18:12:26;320.0;1745655146;94.31;98.604;91.05;109.828;
1900-01-01 18:12:27;321.0;1745655147;94.341;98.618;90.862;109.884;
1900-01-01 18:12:28;322.0;1745655148;94.311;98.618;90.862;109.884;
1900-01-01 18:12:29;323.0;1745655149;94.311;98.542;90.947;109.829;
1900-01-01 18:12:30;324.0;1745655150;94.317;98.648;90.952;109.829;
1900-01-01 18:12:31;325.0;1745655151;94.345;98.537;90.952;109.843;
1900-01-01 18:12:32;326.0;1745655152;94.258;98.537;90.909;109.868;
1900-01-01 18:12:33;327.0;1745655153;94.258;98.592;90.924;109.8;
1900-01-01 18:12:34;328.0;1745655154;94.369;98.592;90.924;109.8;
1900-01-01 18:12:35;329.0;1745655155;94.369;98.661;90.835;109.747;
1900-01-01 18:12:36;330.0;1745655156;94.258;98.662;90.908;109.747;
1900-01-01 18:12:37;331.0;1745655157;94.284;98.655;90.908;109.829;
1900-01-01 18:12:38;332.0;1745655158;94.284;98.655;90.873;109.762;
1900-01-01 18:12:39;333.0;1745655159;94.329;98.649;90.889;109.762;
1900-01-01 18:12:40;334.0;1745655160;94.331;98.63;90.889;109.838;
1900-01-01 18:12:41;335.0;1745655161;94.331;98.63;90.907;109.809;
1900-01-01 18:12:42;336.0;1745655162;94.334;98.661;90.943;109.809;
1900-01-01 18:12:43;337.0;1745655163;94.301;98.661;90.943;109.867;
1900-01-01 18:12:44;338.0;1745655164;94.301;98.567;90.873;109.765;
1900-01-01 18:12:45;339.0;1745655165;94.374;98.639;90.821;109.765;
1900-01-01 18:12:46;340.0;1745655166;94.32;98.639;90.821;109.851;
1900-01-01 18:12:47;341.0;1745655167;94.32;98.601;90.772;109.771;
1900-01-01 18:12:48;342.0;1745655168;94.291;98.606;90.712;109.771;
1900-01-01 18:12:49;343.0;1745655169;94.374;98.606;90.712;109.776;
1900-01-01 18:12:50;344.0;1745655170;94.374;98.548;90.719;109.795;
1900-01-01 18:12:51;345.0;1745655171;94.221;98.534;90.719;109.795;
1900-01-01 18:12:52;346.0;1745655172;94.261;98.534;90.667;109.819;
1900-01-01 18:12:53;347.0;1745655173;94.261;98.534;90.689;109.819;
1900-01-01 18:12:54;348.0;1745655174;94.16;98.439;90.689;109.768;
1900-01-01 18:12:55;349.0;1745655175;94.189;98.439;90.701;109.751;
1900-01-01 18:12:56;350.0;1745655176;94.189;98.45;90.801;109.751;
1900-01-01 18:12:57;351.0;1745655177;94.146;98.388;90.801;109.722;
1900-01-01 18:12:59;352.0;1745655179;94.079;98.388;90.793;109.824;
1900-01-01 18:12:59;353.0;1745655179;94.079;98.537;90.762;109.824;
1900-01-01 18:13:00;354.0;1745655180;94.035;98.444;90.762;109.645;
1900-01-01 18:13:01;355.0;1745655181;94.035;98.444;90.814;109.74;
1900-01-01 18:13:02;356.0;1745655182;93.903;98.388;90.832;109.74;
1900-01-01 18:13:03;357.0;1745655183;93.853;98.355;90.832;109.817;
1900-01-01 18:13:04;358.0;1745655184;93.853;98.355;90.905;109.791;
1900-01-01 18:13:05;359.0;1745655185;93.821;98.352;90.879;109.791;
1900-01-01 18:13:06;360.0;1745655186;93.807;98.352;90.879;109.782;
1900-01-01 18:13:07;361.0;1745655187;93.807;98.338;90.972;109.789;
1900-01-01 18:13:08;362.0;1745655188;93.755;98.34;90.932;109.789;
1900-01-01 18:13:09;363.0;1745655189;93.717;98.331;90.932;109.731;
1900-01-01 18:13:10;364.0;1745655190;93.717;98.331;90.876;109.712;
1900-01-01 18:13:11;365.0;1745655191;93.588;98.421;90.791;109.712;
1900-01-01 18:13:12;366.0;1745655192;93.488;98.421;90.791;109.789;
1900-01-01 18:13:13;367.0;1745655193;93.488;98.301;90.594;109.825;
1900-01-01 18:13:14;368.0;1745655194;93.423;98.31;90.463;109.825;
1900-01-01 18:13:16;369.0;1745655196;93.438;98.431;90.463;109.856;
1900-01-01 18:13:16;370.0;1745655196;93.438;98.431;90.426;109.764;
1900-01-01 18:13:17;371.0;1745655197;93.422;98.378;90.519;109.764;
1900-01-01 18:13:18;372.0;1745655198;93.516;98.378;90.519;109.821;
1900-01-01 18:13:19;373.0;1745655199;93.516;98.4;90.543;109.804;
1900-01-01 18:13:20;374.0;1745655200;93.553;98.392;90.543;109.804;
1900-01-01 18:13:21;375.0;1745655201;93.54;98.392;90.506;109.644;
1900-01-01 18:13:22;376.0;1745655202;93.54;98.374;90.389;109.711;
1900-01-01 18:13:23;377.0;1745655203;93.532;98.34;90.357;109.711;
1900-01-01 18:13:24;378.0;1745655204;93.651;98.34;90.357;109.788;
1900-01-01 18:13:25;379.0;1745655205;93.651;98.356;90.36;109.802;
1900-01-01 18:13:26;380.0;1745655206;93.653;98.364;90.176;109.802;
1900-01-01 18:13:27;381.0;1745655207;93.607;98.364;90.176;109.851;
1900-01-01 18:13:28;382.0;1745655208;93.607;98.432;90.217;109.741;
1900-01-01 18:13:29;383.0;1745655209;93.635;98.382;90.217;109.741;
1900-01-01 18:13:30;384.0;1745655210;93.581;98.382;90.165;109.775;
1900-01-01 18:13:31;385.0;1745655211;93.581;98.365;90.118;109.693;
1900-01-01 18:13:32;386.0;1745655212;93.507;98.302;90.118;109.693;
1900-01-01 18:13:33;387.0;1745655213;93.526;98.302;90.045;109.775;
1900-01-01 18:13:34;388.0;1745655214;93.526;98.318;89.97;109.731;
1900-01-01 18:13:35;389.0;1745655215;93.459;98.361;89.97;109.731;
1900-01-01 18:13:36;390.0;1745655216;93.469;98.361;89.917;109.757;
1900-01-01 18:13:37;391.0;1745655217;93.469;98.249;89.848;109.772;
1900-01-01 18:13:38;392.0;1745655218;93.461;98.284;89.848;109.772;
1900-01-01 18:13:39;393.0;1745655219;93.567;98.284;89.934;109.828;
1900-01-01 18:13:40;394.0;1745655220;93.567;98.193;89.944;109.782;
1900-01-01 18:13:41;395.0;1745655221;93.461;98.235;89.944;109.782;
1900-01-01 18:13:42;396.0;1745655222;93.503;98.235;90.014;109.789;
1900-01-01 18:13:43;397.0;1745655223;93.503;98.224;90.035;109.732;
1900-01-01 18:13:44;398.0;1745655224;93.449;98.206;90.051;109.732;
1900-01-01 18:13:45;399.0;1745655225;93.449;98.206;90.051;109.701;
1900-01-01 18:13:46;400.0;1745655226;93.423;98.274;89.951;109.773;
1900-01-01 18:13:47;401.0;1745655227;93.468;98.259;89.951;109.773;
1900-01-01 18:13:48;402.0;1745655228;93.468;98.259;89.998;109.641;
1900-01-01 18:13:49;403.0;1745655229;93.468;98.244;89.987;109.746;
1900-01-01 18:13:50;404.0;1745655230;93.427;98.308;89.987;109.746;
1900-01-01 18:13:51;405.0;1745655231;93.411;98.308;89.924;109.707;
1900-01-01 18:13:52;406.0;1745655232;93.411;98.308;89.802;109.73;
1900-01-01 18:13:53;407.0;1745655233;93.402;98.227;89.802;109.73;
1900-01-01 18:13:54;408.0;1745655234;93.243;98.227;89.852;109.69;
1900-01-01 18:13:55;409.0;1745655235;93.243;98.368;89.957;109.69;
1900-01-01 18:13:56;410.0;1745655236;93.357;98.313;89.957;109.784;
1900-01-01 18:13:57;411.0;1745655237;93.22;98.313;89.957;109.7;
1900-01-01 18:13:58;412.0;1745655238;93.22;98.274;89.956;109.692;
1900-01-01 18:13:59;413.0;1745655239;93.258;98.245;89.885;109.692;
1900-01-01 18:14:00;414.0;1745655240;93.258;98.245;89.885;109.641;
1900-01-01 18:14:01;415.0;1745655241;93.215;98.246;89.849;109.742;
1900-01-01 18:14:02;416.0;1745655242;93.05;98.219;89.849;109.742;
1900-01-01 18:14:03;417.0;1745655243;93.039;98.219;89.736;109.718;
1900-01-01 18:14:04;418.0;1745655244;93.039;98.263;89.793;109.585;
1900-01-01 18:14:05;419.0;1745655245;93.039;98.281;89.793;109.585;
1900-01-01 18:14:06;420.0;1745655246;93.029;98.281;89.732;109.62;
1900-01-01 18:14:07;421.0;1745655247;93.029;98.151;89.828;109.678;
1900-01-01 18:14:08;422.0;1745655248;93.037;98.239;89.828;109.678;
1900-01-01 18:14:09;423.0;1745655249;93.067;98.239;89.89;109.665;
1900-01-01 18:14:10;424.0;1745655250;93.067;98.13;89.927;109.7;
1900-01-01 18:14:11;425.0;1745655251;93.039;98.183;89.927;109.7;
1900-01-01 18:14:12;426.0;1745655252;93.084;98.183;89.886;109.716;
1900-01-01 18:14:13;427.0;1745655253;93.084;98.115;89.9;109.713;
1900-01-01 18:14:14;428.0;1745655254;93.161;98.137;89.9;109.713;
1900-01-01 18:14:15;429.0;1745655255;93.157;98.137;89.856;109.671;
1900-01-01 18:14:16;430.0;1745655256;93.157;98.124;89.848;109.67;
1900-01-01 18:14:17;431.0;1745655257;93.15;98.084;89.848;109.67;
1900-01-01 18:14:18;432.0;1745655258;93.004;98.084;89.848;109.711;
1900-01-01 18:14:19;433.0;1745655259;93.004;98.041;89.708;109.711;
1900-01-01 18:14:20;434.0;1745655260;92.92;98.058;89.708;109.748;
1900-01-01 18:14:21;435.0;1745655261;92.839;98.058;89.685;109.744;
1900-01-01 18:14:22;436.0;1745655262;92.839;98.054;89.623;109.655;
1900-01-01 18:14:23;437.0;1745655263;92.858;98.12;89.697;109.655;
1900-01-01 18:14:24;438.0;1745655264;92.856;98.12;89.697;109.734;
1900-01-01 18:14:25;439.0;1745655265;92.856;98.131;89.688;109.709;
1900-01-01 18:14:26;440.0;1745655266;92.882;98.144;89.709;109.709;
1900-01-01 18:14:27;441.0;1745655267;92.908;98.144;89.709;109.736;
1900-01-01 18:14:28;442.0;1745655268;92.908;98.15;89.708;109.637;
1900-01-01 18:14:29;443.0;1745655269;93.009;98.141;89.708;109.637;
1900-01-01 18:14:30;444.0;1745655270;92.94;98.141;89.531;109.678;
1900-01-01 18:14:31;445.0;1745655271;92.94;98.094;89.649;109.689;
1900-01-01 18:14:32;446.0;1745655272;92.922;98.111;89.598;109.689;
1900-01-01 18:14:33;447.0;1745655273;92.903;98.111;89.598;109.716;
1900-01-01 18:14:34;448.0;1745655274;92.903;97.997;89.559;109.679;
1900-01-01 18:14:35;449.0;1745655275;92.86;98.036;89.559;109.679;
1900-01-01 18:14:36;450.0;1745655276;92.77;98.036;89.53;109.666;
1900-01-01 18:14:37;451.0;1745655277;92.77;98.048;89.483;109.752;
1900-01-01 18:14:38;452.0;1745655278;92.834;97.934;89.457;109.752;
1900-01-01 18:14:39;453.0;1745655279;92.715;97.934;89.457;109.72;
1900-01-01 18:14:40;454.0;1745655280;92.715;98.043;89.486;109.654;
1900-01-01 18:14:41;455.0;1745655281;92.684;98.027;89.453;109.654;
1900-01-01 18:14:42;456.0;1745655282;92.669;98.027;89.453;109.717;
1900-01-01 18:14:43;457.0;1745655283;92.669;97.933;89.378;109.654;
1900-01-01 18:14:44;458.0;1745655284;92.598;98.048;89.378;109.654;
1900-01-01 18:14:45;459.0;1745655285;92.703;98.048;89.45;109.645;
1900-01-01 18:14:46;460.0;1745655286;92.703;97.997;89.413;109.699;
1900-01-01 18:14:47;461.0;1745655287;92.623;97.983;89.479;109.699;
1900-01-01 18:14:48;462.0;1745655288;92.643;97.983;89.479;109.676;
1900-01-01 18:14:49;463.0;1745655289;92.643;97.963;89.391;109.648;
1900-01-01 18:14:50;464.0;1745655290;92.623;97.958;89.35;109.648;
1900-01-01 18:14:51;465.0;1745655291;92.643;97.958;89.35;109.647;
1900-01-01 18:14:52;466.0;1745655292;92.643;97.903;89.365;109.599;
1900-01-01 18:14:53;467.0;1745655293;92.626;97.806;89.365;109.599;
1900-01-01 18:14:54;468.0;1745655294;92.64;97.806;89.17;109.62;
1900-01-01 18:14:55;469.0;1745655295;92.64;97.823;89.1;109.65;
1900-01-01 18:14:56;470.0;1745655296;92.619;97.828;88.959;109.65;
1900-01-01 18:14:57;471.0;1745655297;92.56;97.863;88.959;109.65;
1900-01-01 18:14:58;472.0;1745655298;92.56;97.863;88.837;109.722;
1900-01-01 18:14:59;473.0;1745655299;92.557;97.784;88.824;109.722;
1900-01-01 18:15:00;474.0;1745655300;92.439;97.784;88.824;109.656;
1900-01-01 18:15:01;475.0;1745655301;92.439;97.831;88.736;109.713;
1900-01-01 18:15:02;476.0;1745655302;92.463;97.878;88.593;109.713;
1900-01-01 18:15:03;477.0;1745655303;92.416;97.878;88.593;109.565;
1900-01-01 18:15:04;478.0;1745655304;92.416;97.849;88.659;109.693;
1900-01-01 18:15:05;479.0;1745655305;92.285;97.823;88.685;109.693;
1900-01-01 18:15:06;480.0;1745655306;92.11;97.823;88.685;109.608;
1900-01-01 18:15:07;481.0;1745655307;92.11;97.783;88.682;109.564;
1900-01-01 18:15:08;482.0;1745655308;92.2;97.8;88.682;109.564;
1900-01-01 18:15:09;483.0;1745655309;92.105;97.8;88.768;109.547;
1900-01-01 18:15:10;484.0;1745655310;92.105;97.716;88.795;109.628;
1900-01-01 18:15:11;485.0;1745655311;92.14;97.706;88.842;109.628;
1900-01-01 18:15:13;486.0;1745655313;92.01;97.701;88.842;109.67;
1900-01-01 18:15:13;487.0;1745655313;92.01;97.701;88.875;109.607;
1900-01-01 18:15:14;488.0;1745655314;92.099;97.673;88.868;109.607;
1900-01-01 18:15:15;489.0;1745655315;92.017;97.673;88.868;109.613;
1900-01-01 18:15:16;490.0;1745655316;92.017;97.66;88.858;109.687;
1900-01-01 18:15:17;491.0;1745655317;92.065;97.652;88.858;109.687;
1900-01-01 18:15:18;492.0;1745655318;92.045;97.652;88.884;109.599;
1900-01-01 18:15:19;493.0;1745655319;92.045;97.667;88.939;109.706;
1900-01-01 18:15:20;494.0;1745655320;92.111;97.611;88.857;109.706;
1900-01-01 18:15:21;495.0;1745655321;92.022;97.734;88.857;109.498;
1900-01-01 18:15:22;496.0;1745655322;92.022;97.734;88.84;109.717;
1900-01-01 18:15:23;497.0;1745655323;92.01;97.67;88.754;109.717;
1900-01-01 18:15:24;498.0;1745655324;92.004;97.67;88.754;109.63;
1900-01-01 18:15:25;499.0;1745655325;92.004;97.684;88.704;109.567;
1900-01-01 18:15:26;500.0;1745655326;92.014;97.671;88.659;109.567;
1900-01-01 18:15:27;501.0;1745655327;92.048;97.671;88.659;109.613;
1900-01-01 18:15:28;502.0;1745655328;92.048;97.689;88.61;109.626;
1900-01-01 18:15:29;503.0;1745655329;92.079;97.7;88.556;109.626;
1900-01-01 18:15:30;504.0;1745655330;92.058;97.677;88.556;109.667;
1900-01-01 18:15:31;505.0;1745655331;92.058;97.677;88.559;109.658;
1900-01-01 18:15:32;506.0;1745655332;92.061;97.69;88.559;109.658;
1900-01-01 18:15:33;507.0;1745655333;92.022;97.69;88.572;109.517;
1900-01-01 18:15:34;508.0;1745655334;92.022;97.648;88.576;109.724;
1900-01-01 18:15:35;509.0;1745655335;92.09;97.698;88.633;109.724;
1900-01-01 18:15:36;510.0;1745655336;92.067;97.776;88.633;109.644;
1900-01-01 18:15:37;511.0;1745655337;92.067;97.776;88.636;109.66;
1900-01-01 18:15:38;512.0;1745655338;92.183;97.684;88.579;109.66;
1900-01-01 18:15:39;513.0;1745655339;92.246;97.684;88.579;109.664;
1900-01-01 18:15:40;514.0;1745655340;92.246;97.722;88.699;109.58;
1900-01-01 18:15:41;515.0;1745655341;92.227;97.763;88.758;109.58;
1900-01-01 18:15:42;516.0;1745655342;92.168;97.738;88.758;109.645;
1900-01-01 18:15:43;517.0;1745655343;92.168;97.738;88.84;109.617;
1900-01-01 18:15:44;518.0;1745655344;92.079;97.727;88.768;109.617;
1900-01-01 18:15:45;519.0;1745655345;92.111;97.742;88.768;109.571;
1900-01-01 18:15:46;520.0;1745655346;92.111;97.742;88.734;109.704;
1900-01-01 18:15:47;521.0;1745655347;91.951;97.692;88.776;109.704;
1900-01-01 18:15:49;522.0;1745655349;91.963;97.708;88.776;109.609;
1900-01-01 18:15:49;523.0;1745655349;91.963;97.708;88.688;109.68;
1900-01-01 18:15:50;524.0;1745655350;91.884;97.734;88.583;109.68;
1900-01-01 18:15:51;525.0;1745655351;91.808;97.654;88.583;109.595;
1900-01-01 18:15:52;526.0;1745655352;91.773;97.654;88.414;109.5;
1900-01-01 18:15:53;527.0;1745655353;91.773;97.697;88.326;109.5;
1900-01-01 18:15:54;528.0;1745655354;91.77;97.697;88.326;109.673;
1900-01-01 18:15:55;529.0;1745655355;91.77;97.663;88.31;109.524;
1900-01-01 18:15:56;530.0;1745655356;91.826;97.555;88.324;109.524;
1900-01-01 18:15:57;531.0;1745655357;91.794;97.608;88.324;109.62;
1900-01-01 18:15:58;532.0;1745655358;91.845;97.608;88.214;109.617;
1900-01-01 18:15:59;533.0;1745655359;91.845;97.631;88.25;109.617;
1900-01-01 18:16:00;534.0;1745655360;91.747;97.606;88.25;109.645;
1900-01-01 18:16:01;535.0;1745655361;91.747;97.606;88.273;109.623;
1900-01-01 18:16:02;536.0;1745655362;91.79;97.599;88.384;109.652;
1900-01-01 18:16:03;537.0;1745655363;91.855;97.535;88.384;109.652;
1900-01-01 18:16:04;538.0;1745655364;91.855;97.535;88.397;109.561;
1900-01-01 18:16:05;539.0;1745655365;91.994;97.482;88.496;109.561;
1900-01-01 18:16:06;540.0;1745655366;92.022;97.531;88.496;109.659;
1900-01-01 18:16:07;541.0;1745655367;92.079;97.531;88.461;109.61;
1900-01-01 18:16:08;542.0;1745655368;92.079;97.445;88.422;109.651;
1900-01-01 18:16:09;543.0;1745655369;91.937;97.493;88.422;109.651;
1900-01-01 18:16:10;544.0;1745655370;91.937;97.493;88.368;109.649;
1900-01-01 18:16:11;545.0;1745655371;91.9;97.449;88.37;109.649;
1900-01-01 18:16:12;546.0;1745655372;91.8;97.448;88.37;109.603;
1900-01-01 18:16:13;547.0;1745655373;91.75;97.448;88.199;109.524;
1900-01-01 18:16:14;548.0;1745655374;91.75;97.442;88.107;109.616;
1900-01-01 18:16:15;549.0;1745655375;91.7;97.354;88.107;109.616;
1900-01-01 18:16:16;550.0;1745655376;91.7;97.354;87.981;109.516;
1900-01-01 18:16:17;551.0;1745655377;91.685;97.417;87.932;109.516;
1900-01-01 18:16:18;552.0;1745655378;91.714;97.45;87.932;109.529;
1900-01-01 18:16:19;553.0;1745655379;91.631;97.45;87.943;109.514;
1900-01-01 18:16:20;554.0;1745655380;91.631;97.415;87.964;109.514;
1900-01-01 18:16:21;555.0;1745655381;91.586;97.423;87.964;109.542;
1900-01-01 18:16:22;556.0;1745655382;91.47;97.423;87.92;109.576;
1900-01-01 18:16:23;557.0;1745655383;91.47;97.382;87.964;109.402;
1900-01-01 18:16:24;558.0;1745655384;91.489;97.514;87.964;109.402;
1900-01-01 18:16:26;559.0;1745655386;91.527;97.514;88.089;109.494;
1900-01-01 18:16:26;560.0;1745655386;91.527;97.445;88.117;109.494;
1900-01-01 18:16:27;561.0;1745655387;91.449;97.5;88.117;109.508;
1900-01-01 18:16:28;562.0;1745655388;91.4;97.5;88.171;109.663;
1900-01-01 18:16:29;563.0;1745655389;91.4;97.397;88.125;109.581;
1900-01-01 18:16:30;564.0;1745655390;91.391;97.364;88.125;109.581;
1900-01-01 18:16:31;565.0;1745655391;91.391;97.364;88.08;109.583;
1900-01-01 18:16:32;566.0;1745655392;91.359;97.353;87.949;109.561;
1900-01-01 18:16:33;567.0;1745655393;91.329;97.286;87.949;109.561;
1900-01-01 18:16:34;568.0;1745655394;91.318;97.286;87.94;109.587;
1900-01-01 18:16:35;569.0;1745655395;91.318;97.364;87.913;109.587;
1900-01-01 18:16:36;570.0;1745655396;91.335;97.35;87.913;109.634;
1900-01-01 18:16:37;571.0;1745655397;91.406;97.35;88.026;109.545;
1900-01-01 18:16:38;572.0;1745655398;91.406;97.344;88.016;109.535;
1900-01-01 18:16:39;573.0;1745655399;91.364;97.36;88.019;109.535;
1900-01-01 18:16:40;574.0;1745655400;91.401;97.36;88.019;109.51;
1900-01-01 18:16:41;575.0;1745655401;91.401;97.273;88.033;109.673;
1900-01-01 18:16:42;576.0;1745655402;91.388;97.39;88.033;109.673;
1900-01-01 18:16:43;577.0;1745655403;91.327;97.39;87.979;109.62;
1900-01-01 18:16:44;578.0;1745655404;91.327;97.369;88.048;109.64;
1900-01-01 18:16:45;579.0;1745655405;91.312;97.269;88.048;109.64;
1900-01-01 18:16:46;580.0;1745655406;91.249;97.269;88.033;109.607;
1900-01-01 18:16:47;581.0;1745655407;91.249;97.299;87.977;109.57;
1900-01-01 18:16:48;582.0;1745655408;91.234;97.278;87.824;109.57;
1900-01-01 18:16:49;583.0;1745655409;91.195;97.278;87.824;109.542;
1900-01-01 18:16:50;584.0;1745655410;91.195;97.24;87.92;109.545;
1900-01-01 18:16:51;585.0;1745655411;91.153;97.32;87.92;109.545;
1900-01-01 18:16:52;586.0;1745655412;91.297;97.32;87.874;109.648;
1900-01-01 18:16:53;587.0;1745655413;91.297;97.304;87.885;109.568;
1900-01-01 18:16:54;588.0;1745655414;91.217;97.267;87.88;109.568;
1900-01-01 18:16:55;589.0;1745655415;91.132;97.267;87.88;109.689;
1900-01-01 18:16:56;590.0;1745655416;91.132;97.231;87.91;109.528;
1900-01-01 18:16:57;591.0;1745655417;91.191;97.244;87.803;109.528;
1900-01-01 18:16:58;592.0;1745655418;91.134;97.244;87.803;109.586;
1900-01-01 18:16:59;593.0;1745655419;91.134;97.23;87.802;109.606;
1900-01-01 18:17:00;594.0;1745655420;91.104;97.277;87.802;109.606;
1900-01-01 18:17:01;595.0;1745655421;91.017;97.277;87.862;109.466;
1900-01-01 18:17:02;596.0;1745655422;91.017;97.24;87.737;109.566;
1900-01-01 18:17:03;597.0;1745655423;91.028;97.201;87.717;109.566;
1900-01-01 18:17:04;598.0;1745655424;91.033;97.207;87.717;109.55;
1900-01-01 18:17:05;599.0;1745655425;91.033;97.207;87.688;109.599;
1900-01-01 18:17:06;600.0;1745655426;91.027;97.254;87.632;109.599;
1900-01-01 18:17:07;601.0;1745655427;90.969;97.254;87.632;109.535;
1900-01-01 18:17:08;602.0;1745655428;90.969;97.167;87.54;109.484;
1900-01-01 18:17:09;603.0;1745655429;90.938;97.131;87.531;109.484;
1900-01-01 18:17:10;604.0;1745655430;90.922;97.131;87.531;109.529;
1900-01-01 18:17:11;605.0;1745655431;90.922;97.149;87.555;109.5;
1900-01-01 18:17:12;606.0;1745655432;90.882;97.135;87.463;109.5;
1900-01-01 18:17:13;607.0;1745655433;90.882;97.124;87.463;109.52;
1900-01-01 18:17:14;608.0;1745655434;90.882;97.124;87.487;109.521;
1900-01-01 18:17:15;609.0;1745655435;90.833;97.173;87.555;109.521;
1900-01-01 18:17:16;610.0;1745655436;90.815;97.173;87.555;109.5;
1900-01-01 18:17:17;611.0;1745655437;90.815;97.025;87.537;109.491;
1900-01-01 18:17:18;612.0;1745655438;90.804;97.098;87.467;109.491;
1900-01-01 18:17:20;613.0;1745655440;90.787;97.077;87.467;109.46;
1900-01-01 18:17:20;614.0;1745655440;90.787;97.077;87.336;109.479;
1900-01-01 18:17:21;615.0;1745655441;90.819;97.096;87.338;109.479;
1900-01-01 18:17:22;616.0;1745655442;90.853;97.096;87.338;109.512;
1900-01-01 18:17:23;617.0;1745655443;90.853;97.061;87.334;109.585;
1900-01-01 18:17:24;618.0;1745655444;90.853;96.996;87.396;109.585;
1900-01-01 18:17:25;619.0;1745655445;90.917;96.996;87.396;109.558;
1900-01-01 18:17:26;620.0;1745655446;90.917;97.025;87.327;109.569;
1900-01-01 18:17:27;621.0;1745655447;90.903;97.053;87.333;109.569;
1900-01-01 18:17:28;622.0;1745655448;90.865;97.053;87.333;109.574;
1900-01-01 18:17:29;623.0;1745655449;90.865;97.033;87.402;109.551;
1900-01-01 18:17:30;624.0;1745655450;90.831;97.019;87.402;109.551;
1900-01-01 18:17:31;625.0;1745655451;90.851;97.019;87.3;109.51;
1900-01-01 18:17:32;626.0;1745655452;90.851;96.972;87.347;109.475;
1900-01-01 18:17:33;627.0;1745655453;90.793;96.986;87.332;109.475;
1900-01-01 18:17:34;628.0;1745655454;90.695;96.964;87.332;109.507;
1900-01-01 18:17:35;629.0;1745655455;90.695;96.964;87.375;109.512;
1900-01-01 18:17:36;630.0;1745655456;90.612;96.927;87.342;109.512;
1900-01-01 18:17:37;631.0;1745655457;90.559;96.927;87.342;109.548;
1900-01-01 18:17:38;632.0;1745655458;90.559;96.904;87.263;109.504;
1900-01-01 18:17:39;633.0;1745655459;90.524;96.917;87.269;109.504;
1900-01-01 18:17:40;634.0;1745655460;90.396;96.931;87.269;109.537;
1900-01-01 18:17:41;635.0;1745655461;90.478;96.931;87.361;109.5;
1900-01-01 18:17:42;636.0;1745655462;90.478;96.944;87.255;109.5;
1900-01-01 18:17:43;637.0;1745655463;90.471;96.865;87.255;109.548;
1900-01-01 18:17:44;638.0;1745655464;90.471;96.865;87.249;109.535;
1900-01-01 18:17:45;639.0;1745655465;90.427;96.952;87.214;109.535;
1900-01-01 18:17:46;640.0;1745655466;90.481;96.889;87.214;109.541;
1900-01-01 18:17:47;641.0;1745655467;90.481;96.889;87.234;109.464;
1900-01-01 18:17:48;642.0;1745655468;90.49;96.911;87.246;109.464;
1900-01-01 18:17:49;643.0;1745655469;90.571;96.883;87.246;109.473;
1900-01-01 18:17:50;644.0;1745655470;90.571;96.883;87.334;109.496;
1900-01-01 18:17:51;645.0;1745655471;90.558;96.89;87.357;109.496;
1900-01-01 18:17:53;646.0;1745655473;90.525;96.915;87.357;109.552;
1900-01-01 18:17:53;647.0;1745655473;90.525;96.915;87.308;109.544;
1900-01-01 18:17:54;648.0;1745655474;90.448;96.901;87.214;109.544;
1900-01-01 18:17:55;649.0;1745655475;90.452;96.919;87.214;109.49;
1900-01-01 18:17:56;650.0;1745655476;90.452;96.919;87.114;109.463;
1900-01-01 18:17:57;651.0;1745655477;90.433;96.954;87.099;109.463;
1900-01-01 18:17:58;652.0;1745655478;90.389;96.954;87.099;109.511;
1900-01-01 18:17:59;653.0;1745655479;90.389;96.92;87.068;109.391;
1900-01-01 18:18:00;654.0;1745655480;90.411;96.84;87.111;109.391;
1900-01-01 18:18:02;655.0;1745655482;90.339;96.838;87.111;109.56;
1900-01-01 18:18:02;656.0;1745655482;90.339;96.838;87.113;109.462;
1900-01-01 18:18:03;657.0;1745655483;90.314;96.838;87.137;109.462;
1900-01-01 18:18:04;658.0;1745655484;90.33;96.838;87.137;109.454;
1900-01-01 18:18:05;659.0;1745655485;90.33;96.733;87.213;109.488;
1900-01-01 18:18:06;660.0;1745655486;90.268;96.758;87.213;109.488;
1900-01-01 18:18:07;661.0;1745655487;90.214;96.758;87.019;109.444;
1900-01-01 18:18:08;662.0;1745655488;90.214;96.738;86.991;109.509;
1900-01-01 18:18:09;663.0;1745655489;90.198;96.747;87.009;109.509;
1900-01-01 18:18:11;664.0;1745655491;90.116;96.828;87.009;109.441;
1900-01-01 18:18:11;665.0;1745655491;90.116;96.828;86.978;109.497;
1900-01-01 18:18:12;666.0;1745655492;90.065;96.833;86.978;109.497;
1900-01-01 18:18:13;667.0;1745655493;90.12;96.833;86.975;109.517;
1900-01-01 18:18:14;668.0;1745655494;90.12;96.853;86.84;109.393;
1900-01-01 18:18:15;669.0;1745655495;90.161;96.925;86.84;109.393;
1900-01-01 18:18:16;670.0;1745655496;90.098;96.925;86.846;109.547;
1900-01-01 18:18:17;671.0;1745655497;90.098;96.891;86.962;109.547;
1900-01-01 18:18:18;672.0;1745655498;90.192;96.758;86.962;109.445;
1900-01-01 18:18:20;673.0;1745655500;90.161;96.758;86.928;109.491;
1900-01-01 18:18:20;674.0;1745655500;90.161;96.784;86.934;109.491;
1900-01-01 18:18:21;675.0;1745655501;90.136;96.7;86.934;109.522;
1900-01-01 18:18:22;676.0;1745655502;90.12;96.7;86.869;109.47;
1900-01-01 18:18:24;677.0;1745655504;90.12;96.668;86.867;109.544;
1900-01-01 18:18:24;678.0;1745655504;90.073;96.668;86.867;109.544;
1900-01-01 18:18:25;679.0;1745655505;90.073;96.668;86.864;109.451;
1900-01-01 18:18:26;680.0;1745655506;89.998;96.616;86.832;109.471;
1900-01-01 18:18:27;681.0;1745655507;89.942;96.682;86.832;109.471;
1900-01-01 18:18:28;682.0;1745655508;89.942;96.682;86.91;109.46;
1900-01-01 18:18:29;683.0;1745655509;89.941;96.662;86.929;109.46;
1900-01-01 18:18:30;684.0;1745655510;89.987;96.638;86.929;109.476;
1900-01-01 18:18:31;685.0;1745655511;89.987;96.638;86.988;109.467;
1900-01-01 18:18:33;686.0;1745655513;89.969;96.637;87.056;109.467;
1900-01-01 18:18:33;687.0;1745655513;89.939;96.637;87.056;109.438;
1900-01-01 18:18:34;688.0;1745655514;89.939;96.621;87.096;109.417;
1900-01-01 18:18:35;689.0;1745655515;89.935;96.624;87.051;109.417;
1900-01-01 18:18:36;690.0;1745655516;89.885;96.624;87.051;109.507;
1900-01-01 18:18:37;691.0;1745655517;89.885;96.601;86.971;109.428;
1900-01-01 18:18:38;692.0;1745655518;89.808;96.612;86.971;109.428;
1900-01-01 18:18:39;693.0;1745655519;89.74;96.612;86.888;109.422;
1900-01-01 18:18:40;694.0;1745655520;89.74;96.577;86.848;109.422;
1900-01-01 18:18:41;695.0;1745655521;89.752;96.624;86.848;109.451;
1900-01-01 18:18:42;696.0;1745655522;89.751;96.624;86.793;109.483;
1900-01-01 18:18:43;697.0;1745655523;89.751;96.551;86.798;109.483;
1900-01-01 18:18:44;698.0;1745655524;89.808;96.582;86.798;109.449;
1900-01-01 18:18:46;699.0;1745655526;89.842;96.582;86.767;109.458;
1900-01-01 18:18:46;700.0;1745655526;89.842;96.55;86.703;109.458;
1900-01-01 18:18:47;701.0;1745655527;89.856;96.473;86.703;109.47;
1900-01-01 18:18:48;702.0;1745655528;89.856;96.473;86.679;109.41;
1900-01-01 18:18:49;703.0;1745655529;89.871;96.513;86.587;109.41;
1900-01-01 18:18:51;704.0;1745655531;89.778;96.505;86.587;109.413;
1900-01-01 18:18:51;705.0;1745655531;89.778;96.505;86.546;109.444;
1900-01-01 18:18:52;706.0;1745655532;89.683;96.555;86.569;109.444;
1900-01-01 18:18:53;707.0;1745655533;89.652;96.555;86.569;109.492;
1900-01-01 18:18:54;708.0;1745655534;89.652;96.584;86.565;109.452;
1900-01-01 18:18:55;709.0;1745655535;89.653;96.519;86.565;109.452;
1900-01-01 18:18:56;710.0;1745655536;89.663;96.519;86.528;109.461;
1900-01-01 18:18:57;711.0;1745655537;89.663;96.513;86.505;109.528;
1900-01-01 18:18:58;712.0;1745655538;89.66;96.503;86.505;109.528;
1900-01-01 18:18:59;713.0;1745655539;89.584;96.503;86.564;109.42;
1900-01-01 18:19:00;714.0;1745655540;89.584;96.482;86.587;109.436;
1900-01-01 18:19:01;715.0;1745655541;89.648;96.471;86.587;109.436;
1900-01-01 18:19:02;716.0;1745655542;89.629;96.471;86.611;109.399;
1900-01-01 18:19:03;717.0;1745655543;89.629;96.498;86.641;109.399;
1900-01-01 18:19:04;718.0;1745655544;89.557;96.448;86.641;109.41;
1900-01-01 18:19:05;719.0;1745655545;89.525;96.448;86.661;109.454;
1900-01-01 18:19:06;720.0;1745655546;89.525;96.471;86.64;109.396;
1900-01-01 18:19:07;721.0;1745655547;89.551;96.475;86.64;109.396;
1900-01-01 18:19:08;722.0;1745655548;89.551;96.475;86.67;109.433;
1900-01-01 18:19:09;723.0;1745655549;89.653;96.473;86.619;109.541;
1900-01-01 18:19:10;724.0;1745655550;89.653;96.428;86.619;109.541;
1900-01-01 18:19:11;725.0;1745655551;89.567;96.428;86.546;109.424;
1900-01-01 18:19:12;726.0;1745655552;89.567;96.401;86.527;109.484;
1900-01-01 18:19:13;727.0;1745655553;89.496;96.4;86.527;109.484;
1900-01-01 18:19:14;728.0;1745655554;89.506;96.4;86.476;109.376;
1900-01-01 18:19:15;729.0;1745655555;89.506;96.435;86.335;109.518;
1900-01-01 18:19:16;730.0;1745655556;89.545;96.419;86.357;109.518;
1900-01-01 18:19:17;731.0;1745655557;89.496;96.419;86.357;109.414;
1900-01-01 18:19:18;732.0;1745655558;89.496;96.323;86.27;109.532;
1900-01-01 18:19:19;733.0;1745655559;89.586;96.419;86.27;109.532;
1900-01-01 18:19:20;734.0;1745655560;89.52;96.419;86.298;109.48;
1900-01-01 18:19:21;735.0;1745655561;89.52;96.35;86.293;109.475;
1900-01-01 18:19:22;736.0;1745655562;89.553;96.344;86.293;109.475;
1900-01-01 18:19:23;737.0;1745655563;89.617;96.344;86.244;109.398;
1900-01-01 18:19:24;738.0;1745655564;89.617;96.385;86.374;109.467;
1900-01-01 18:19:26;739.0;1745655566;89.685;96.317;86.313;109.467;
1900-01-01 18:19:26;740.0;1745655566;89.685;96.317;86.313;109.359;
1900-01-01 18:19:27;741.0;1745655567;89.667;96.22;86.365;109.436;
1900-01-01 18:19:29;742.0;1745655569;89.687;96.227;86.365;109.436;
1900-01-01 18:19:29;743.0;1745655569;89.687;96.227;86.413;109.436;
1900-01-01 18:19:30;744.0;1745655570;89.673;96.243;86.467;109.448;
1900-01-01 18:19:31;745.0;1745655571;89.603;96.262;86.467;109.448;
1900-01-01 18:19:32;746.0;1745655572;89.603;96.262;86.473;109.521;
1900-01-01 18:19:33;747.0;1745655573;89.527;96.205;86.396;109.521;
1900-01-01 18:19:34;748.0;1745655574;89.493;96.185;86.396;109.485;
1900-01-01 18:19:35;749.0;1745655575;89.364;96.185;86.225;109.377;
1900-01-01 18:19:36;750.0;1745655576;89.364;96.231;86.229;109.377;
1900-01-01 18:19:37;751.0;1745655577;89.315;96.322;86.229;109.454;
1900-01-01 18:19:38;752.0;1745655578;89.315;96.322;86.206;109.417;
1900-01-01 18:19:40;753.0;1745655580;89.348;96.206;86.188;109.42;
1900-01-01 18:19:40;754.0;1745655580;89.249;96.206;86.188;109.42;
1900-01-01 18:19:41;755.0;1745655581;89.249;96.254;86.205;109.354;
1900-01-01 18:19:42;756.0;1745655582;89.298;96.254;86.208;109.354;
1900-01-01 18:19:44;757.0;1745655584;89.27;96.131;86.208;109.357;
1900-01-01 18:19:44;758.0;1745655584;89.27;96.131;86.188;109.451;
1900-01-01 18:19:45;759.0;1745655585;89.217;96.191;86.214;109.451;
1900-01-01 18:19:46;760.0;1745655586;89.194;96.191;86.214;109.299;
1900-01-01 18:19:47;761.0;1745655587;89.194;96.194;86.219;109.42;
1900-01-01 18:19:49;762.0;1745655589;89.123;96.174;86.263;109.42;
1900-01-01 18:19:49;763.0;1745655589;89.045;96.174;86.263;109.469;
1900-01-01 18:19:50;764.0;1745655590;89.045;96.214;86.206;109.507;
1900-01-01 18:19:51;765.0;1745655591;88.954;96.194;86.206;109.507;
1900-01-01 18:19:52;766.0;1745655592;88.993;96.194;86.256;109.398;
1900-01-01 18:19:53;767.0;1745655593;88.993;96.13;86.174;109.453;
1900-01-01 18:19:54;768.0;1745655594;88.947;96.14;86.174;109.453;
1900-01-01 18:19:55;769.0;1745655595;88.947;96.14;86.167;109.335;
1900-01-01 18:19:56;770.0;1745655596;88.978;96.095;86.13;109.335;
1900-01-01 18:19:58;771.0;1745655598;88.955;96.114;86.13;109.345;
1900-01-01 18:19:58;772.0;1745655598;88.955;96.114;86.124;109.356;
1900-01-01 18:19:59;773.0;1745655599;89.066;96.178;86.037;109.356;
1900-01-01 18:20:00;774.0;1745655600;89.084;96.168;86.037;109.402;
1900-01-01 18:20:01;775.0;1745655601;89.084;96.168;85.963;109.394;
1900-01-01 18:20:02;776.0;1745655602;89.12;96.18;85.987;109.394;
1900-01-01 18:20:03;777.0;1745655603;89.085;96.059;85.987;109.267;
1900-01-01 18:20:04;778.0;1745655604;89.085;96.059;85.965;109.37;
1900-01-01 18:20:05;779.0;1745655605;89.013;96.121;86.019;109.37;
1900-01-01 18:20:06;780.0;1745655606;88.981;96.121;86.019;109.473;
1900-01-01 18:20:07;781.0;1745655607;88.981;96.144;85.958;109.412;
1900-01-01 18:20:08;782.0;1745655608;89.006;96.132;85.918;109.412;
1900-01-01 18:20:09;783.0;1745655609;88.94;96.132;85.918;109.428;
1900-01-01 18:20:10;784.0;1745655610;88.94;96.104;85.966;109.369;
1900-01-01 18:20:12;785.0;1745655612;88.987;96.112;86.009;109.369;
1900-01-01 18:20:12;786.0;1745655612;88.882;96.112;86.009;109.502;
1900-01-01 18:20:13;787.0;1745655613;88.882;96.159;85.949;109.388;
1900-01-01 18:20:14;788.0;1745655614;88.908;96.101;85.949;109.388;
1900-01-01 18:20:15;789.0;1745655615;88.936;96.101;86.047;109.375;
1900-01-01 18:20:16;790.0;1745655616;88.936;96.209;86.098;109.406;
1900-01-01 18:20:17;791.0;1745655617;89.047;96.043;86.098;109.406;
1900-01-01 18:20:18;792.0;1745655618;89.047;96.043;85.994;109.361;
1900-01-01 18:20:19;793.0;1745655619;89.013;96.08;86.011;109.361;
1900-01-01 18:20:21;794.0;1745655621;88.913;96.04;86.011;109.326;
1900-01-01 18:20:21;795.0;1745655621;88.913;96.04;85.907;109.302;
1900-01-01 18:20:22;796.0;1745655622;88.914;96.077;85.875;109.302;
1900-01-01 18:20:24;797.0;1745655624;88.878;96.078;85.875;109.428;
1900-01-01 18:20:24;798.0;1745655624;88.878;96.078;85.868;109.355;
1900-01-01 18:20:25;799.0;1745655625;88.756;96.039;85.811;109.355;
1900-01-01 18:20:27;800.0;1745655627;88.819;96.027;85.811;109.37;
1900-01-01 18:20:27;801.0;1745655627;88.819;96.027;85.818;109.328;
1900-01-01 18:20:28;802.0;1745655628;88.665;96.04;85.608;109.328;
1900-01-01 18:20:29;803.0;1745655629;88.671;96.04;85.608;109.355;
1900-01-01 18:20:30;804.0;1745655630;88.671;95.969;85.551;109.295;
1900-01-01 18:20:31;805.0;1745655631;88.656;95.976;85.555;109.295;
1900-01-01 18:20:32;806.0;1745655632;88.686;95.976;85.555;109.289;
1900-01-01 18:20:33;807.0;1745655633;88.686;96.004;85.496;109.352;
1900-01-01 18:20:34;808.0;1745655634;88.732;95.968;85.496;109.352;
1900-01-01 18:20:35;809.0;1745655635;88.734;95.968;85.555;109.381;
1900-01-01 18:20:36;810.0;1745655636;88.734;95.91;85.576;109.385;
1900-01-01 18:20:37;811.0;1745655637;88.63;95.95;85.576;109.385;
1900-01-01 18:20:38;812.0;1745655638;88.715;95.95;85.572;109.329;
1900-01-01 18:20:39;813.0;1745655639;88.715;95.968;85.577;109.375;
1900-01-01 18:20:40;814.0;1745655640;88.692;95.942;85.577;109.375;
1900-01-01 18:20:41;815.0;1745655641;88.589;95.942;85.609;109.359;
1900-01-01 18:20:42;816.0;1745655642;88.589;95.933;85.543;109.375;
1900-01-01 18:20:43;817.0;1745655643;88.572;95.959;85.543;109.375;
1900-01-01 18:20:44;818.0;1745655644;88.572;95.959;85.54;109.348;
1900-01-01 18:20:45;819.0;1745655645;88.533;95.908;85.619;109.348;
1900-01-01 18:20:46;820.0;1745655646;88.551;95.926;85.619;109.389;
1900-01-01 18:20:47;821.0;1745655647;88.551;95.926;85.599;109.424;
1900-01-01 18:20:48;822.0;1745655648;88.506;95.942;85.621;109.424;
1900-01-01 18:20:49;823.0;1745655649;88.544;95.942;85.621;109.289;
1900-01-01 18:20:50;824.0;1745655650;88.544;95.808;85.587;109.224;
1900-01-01 18:20:51;825.0;1745655651;88.605;95.817;85.674;109.224;
1900-01-01 18:20:52;826.0;1745655652;88.6;95.817;85.674;109.392;
1900-01-01 18:20:53;827.0;1745655653;88.6;95.804;85.685;109.34;
1900-01-01 18:20:55;828.0;1745655655;88.636;95.749;85.627;109.34;
1900-01-01 18:20:55;829.0;1745655655;88.637;95.749;85.627;109.305;
1900-01-01 18:20:56;830.0;1745655656;88.637;95.731;85.56;109.306;
1900-01-01 18:20:57;831.0;1745655657;88.659;95.735;85.56;109.306;
1900-01-01 18:20:58;832.0;1745655658;88.648;95.735;85.476;109.353;
1900-01-01 18:20:59;833.0;1745655659;88.648;95.781;85.478;109.388;
1900-01-01 18:21:00;834.0;1745655660;88.622;95.686;85.478;109.388;
1900-01-01 18:21:01;835.0;1745655661;88.622;95.686;85.475;109.399;
1900-01-01 18:21:02;836.0;1745655662;88.685;95.809;85.436;109.399;
1900-01-01 18:21:03;837.0;1745655663;88.632;95.824;85.436;109.338;
1900-01-01 18:21:04;838.0;1745655664;88.561;95.824;85.486;109.363;
1900-01-01 18:21:05;839.0;1745655665;88.561;95.771;85.509;109.363;
1900-01-01 18:21:06;840.0;1745655666;88.465;95.651;85.509;109.259;
1900-01-01 18:21:07;841.0;1745655667;88.465;95.651;85.49;109.325;
1900-01-01 18:21:09;842.0;1745655669;88.395;95.755;85.494;109.364;
1900-01-01 18:21:09;843.0;1745655669;88.394;95.755;85.494;109.364;
1900-01-01 18:21:10;844.0;1745655670;88.394;95.736;85.638;109.339;
1900-01-01 18:21:11;845.0;1745655671;88.271;95.764;85.66;109.339;
1900-01-01 18:21:12;846.0;1745655672;88.282;95.8;85.66;109.316;
1900-01-01 18:21:13;847.0;1745655673;88.282;95.8;85.609;109.299;
1900-01-01 18:21:14;848.0;1745655674;88.232;95.605;85.549;109.299;
1900-01-01 18:21:15;849.0;1745655675;88.272;95.629;85.549;109.293;
1900-01-01 18:21:16;850.0;1745655676;88.272;95.629;85.498;109.305;
1900-01-01 18:21:17;851.0;1745655677;88.218;95.708;85.391;109.305;
1900-01-01 18:21:18;852.0;1745655678;88.275;95.708;85.391;109.301;
1900-01-01 18:21:19;853.0;1745655679;88.275;95.694;85.343;109.308;
1900-01-01 18:21:20;854.0;1745655680;88.303;95.647;85.343;109.308;
1900-01-01 18:21:21;855.0;1745655681;88.216;95.647;85.276;109.223;
1900-01-01 18:21:22;856.0;1745655682;88.216;95.602;85.291;109.251;
1900-01-01 18:21:23;857.0;1745655683;88.271;95.568;85.291;109.251;
1900-01-01 18:21:24;858.0;1745655684;88.279;95.568;85.193;109.28;
1900-01-01 18:21:25;859.0;1745655685;88.279;95.604;85.214;109.28;
1900-01-01 18:21:26;860.0;1745655686;88.24;95.564;85.214;109.292;
1900-01-01 18:21:27;861.0;1745655687;88.177;95.564;85.23;109.4;
1900-01-01 18:21:28;862.0;1745655688;88.177;95.577;85.2;109.357;
1900-01-01 18:21:29;863.0;1745655689;88.138;95.631;85.2;109.357;
1900-01-01 18:21:30;864.0;1745655690;88.138;95.631;85.272;109.365;
1900-01-01 18:21:31;865.0;1745655691;88.161;95.599;85.298;109.365;
1900-01-01 18:21:32;866.0;1745655692;88.108;95.58;85.298;109.243;
1900-01-01 18:21:33;867.0;1745655693;88.108;95.58;85.298;109.311;
1900-01-01 18:21:34;868.0;1745655694;88.15;95.564;85.274;109.311;
1900-01-01 18:21:35;869.0;1745655695;88.091;95.525;85.274;109.285;
1900-01-01 18:21:36;870.0;1745655696;88.091;95.525;85.22;109.274;
1900-01-01 18:21:37;871.0;1745655697;88.125;95.488;85.131;109.274;
1900-01-01 18:21:38;872.0;1745655698;88.036;95.488;85.131;109.333;
1900-01-01 18:21:39;873.0;1745655699;88.036;95.499;85.242;109.26;
1900-01-01 18:21:40;874.0;1745655700;88.046;95.547;85.249;109.26;
1900-01-01 18:21:41;875.0;1745655701;88.046;95.547;85.249;109.203;
1900-01-01 18:21:42;876.0;1745655702;87.932;95.511;85.164;109.361;
1900-01-01 18:21:43;877.0;1745655703;87.859;95.514;85.164;109.361;
1900-01-01 18:21:44;878.0;1745655704;87.859;95.514;85.094;109.277;
1900-01-01 18:21:45;879.0;1745655705;87.885;95.528;84.963;109.277;
1900-01-01 18:21:46;880.0;1745655706;87.881;95.536;84.963;109.259;
1900-01-01 18:21:47;881.0;1745655707;87.883;95.536;85.051;109.343;
1900-01-01 18:21:48;882.0;1745655708;87.883;95.572;85.11;109.343;
1900-01-01 18:21:49;883.0;1745655709;87.85;95.465;85.11;109.33;
1900-01-01 18:21:50;884.0;1745655710;87.85;95.465;85.124;109.282;
1900-01-01 18:21:51;885.0;1745655711;87.843;95.48;85.145;109.317;
1900-01-01 18:21:52;886.0;1745655712;87.892;95.48;85.145;109.317;
1900-01-01 18:21:53;887.0;1745655713;87.892;95.462;85.1;109.369;
1900-01-01 18:21:54;888.0;1745655714;87.905;95.42;85.031;109.369;
1900-01-01 18:21:55;889.0;1745655715;87.893;95.42;85.031;109.273;
1900-01-01 18:21:56;890.0;1745655716;87.893;95.427;85.065;109.3;
1900-01-01 18:21:57;891.0;1745655717;87.944;95.43;85.01;109.3;
1900-01-01 18:21:59;892.0;1745655719;87.909;95.315;85.01;109.287;
1900-01-01 18:21:59;893.0;1745655719;87.909;95.315;85.014;109.326;
1900-01-01 18:22:00;894.0;1745655720;88.004;95.336;84.89;109.326;
1900-01-01 18:22:01;895.0;1745655721;88.012;95.336;84.89;109.269;
1900-01-01 18:22:02;896.0;1745655722;88.012;95.459;85.077;109.323;
1900-01-01 18:22:03;897.0;1745655723;87.964;95.359;85.077;109.323;
1900-01-01 18:22:04;898.0;1745655724;87.938;95.359;84.994;109.314;
1900-01-01 18:22:05;899.0;1745655725;87.938;95.423;85.11;109.314;
1900-01-01 18:22:06;900.0;1745655726;87.801;95.419;85.11;109.286;
1900-01-01 18:22:08;901.0;1745655728;87.741;95.419;85.131;109.228;
1900-01-01 18:22:08;902.0;1745655728;87.741;95.339;85.059;109.228;
1900-01-01 18:22:09;903.0;1745655729;87.665;95.357;85.059;109.317;
1900-01-01 18:22:10;904.0;1745655730;87.665;95.357;85.024;109.351;
1900-01-01 18:22:11;905.0;1745655731;87.635;95.325;84.935;109.351;
1900-01-01 18:22:12;906.0;1745655732;87.64;95.29;84.935;109.173;
1900-01-01 18:22:13;907.0;1745655733;87.64;95.29;84.817;109.255;
1900-01-01 18:22:14;908.0;1745655734;87.647;95.309;84.674;109.255;
1900-01-01 18:22:15;909.0;1745655735;87.634;95.233;84.674;109.246;
1900-01-01 18:22:16;910.0;1745655736;87.634;95.233;84.684;109.245;
1900-01-01 18:22:17;911.0;1745655737;87.683;95.258;84.749;109.245;
1900-01-01 18:22:18;912.0;1745655738;87.608;95.328;84.749;109.26;
1900-01-01 18:22:19;913.0;1745655739;87.608;95.328;84.916;109.36;
1900-01-01 18:22:20;914.0;1745655740;87.681;95.176;84.933;109.36;
1900-01-01 18:22:21;915.0;1745655741;87.57;95.176;84.933;109.297;
1900-01-01 18:22:22;916.0;1745655742;87.57;95.279;84.95;109.348;
1900-01-01 18:22:23;917.0;1745655743;87.559;95.109;84.95;109.348;
1900-01-01 18:22:24;918.0;1745655744;87.594;95.109;84.969;109.365;
1900-01-01 18:22:25;919.0;1745655745;87.594;95.147;84.942;109.28;
1900-01-01 18:22:26;920.0;1745655746;87.551;95.193;84.978;109.28;
1900-01-01 18:22:27;921.0;1745655747;87.501;95.193;84.978;109.312;
1900-01-01 18:22:28;922.0;1745655748;87.501;95.283;84.926;109.225;
1900-01-01 18:22:29;923.0;1745655749;87.564;95.234;84.926;109.225;
1900-01-01 18:22:30;924.0;1745655750;87.577;95.234;84.927;109.253;
1900-01-01 18:22:31;925.0;1745655751;87.577;95.356;84.961;109.242;
1900-01-01 18:22:32;926.0;1745655752;87.514;95.28;84.961;109.242;
1900-01-01 18:22:33;927.0;1745655753;87.547;95.28;84.975;109.234;
1900-01-01 18:22:34;928.0;1745655754;87.547;95.253;85.005;109.256;
1900-01-01 18:22:35;929.0;1745655755;87.551;95.217;85.005;109.256;
1900-01-01 18:22:37;930.0;1745655757;87.626;95.217;84.815;109.232;
1900-01-01 18:22:37;931.0;1745655757;87.626;95.229;84.613;109.288;
1900-01-01 18:22:38;932.0;1745655758;87.658;95.178;84.613;109.288;
1900-01-01 18:22:39;933.0;1745655759;87.658;95.178;84.387;109.268;
1900-01-01 18:22:40;934.0;1745655760;87.646;95.225;84.33;109.35;
1900-01-01 18:22:41;935.0;1745655761;87.63;95.225;84.33;109.35;
1900-01-01 18:22:42;936.0;1745655762;87.63;95.186;84.397;109.289;
1900-01-01 18:22:43;937.0;1745655763;87.581;95.191;84.453;109.289;
1900-01-01 18:22:44;938.0;1745655764;87.445;95.191;84.453;109.199;
1900-01-01 18:22:45;939.0;1745655765;87.445;95.192;84.495;109.245;
1900-01-01 18:22:47;940.0;1745655767;87.471;95.107;84.519;109.245;
1900-01-01 18:22:47;941.0;1745655767;87.381;95.107;84.519;109.113;
1900-01-01 18:22:48;942.0;1745655768;87.381;95.187;84.6;109.277;
1900-01-01 18:22:49;943.0;1745655769;87.219;95.073;84.6;109.277;
1900-01-01 18:22:50;944.0;1745655770;87.208;95.073;84.463;109.302;
1900-01-01 18:22:51;945.0;1745655771;87.208;95.098;84.406;109.195;
1900-01-01 18:22:52;946.0;1745655772;87.204;95.078;84.406;109.195;
1900-01-01 18:22:53;947.0;1745655773;87.253;95.078;84.409;109.3;
1900-01-01 18:22:54;948.0;1745655774;87.253;95.062;84.388;109.279;
1900-01-01 18:22:55;949.0;1745655775;87.18;95.008;84.388;109.279;
1900-01-01 18:22:56;950.0;1745655776;87.18;95.008;84.445;109.246;
1900-01-01 18:22:57;951.0;1745655777;87.255;95.081;84.446;109.34;
1900-01-01 18:22:58;952.0;1745655778;87.227;94.983;84.446;109.34;
1900-01-01 18:23:00;953.0;1745655780;87.212;94.983;84.532;109.272;
1900-01-01 18:23:00;954.0;1745655780;87.212;95.008;84.603;109.272;
1900-01-01 18:23:01;955.0;1745655781;87.148;95.016;84.603;109.304;
1900-01-01 18:23:02;956.0;1745655782;87.252;95.016;84.474;109.323;
1900-01-01 18:23:03;957.0;1745655783;87.252;95.0;84.487;109.323;
1900-01-01 18:23:04;958.0;1745655784;87.254;94.995;84.487;109.322;
1900-01-01 18:23:06;959.0;1745655786;87.295;94.995;84.432;109.292;
1900-01-01 18:23:06;960.0;1745655786;87.295;95.019;84.512;109.292;
1900-01-01 18:23:07;961.0;1745655787;87.28;94.946;84.512;109.288;
1900-01-01 18:23:08;962.0;1745655788;87.28;94.946;84.493;109.299;
1900-01-01 18:23:09;963.0;1745655789;87.283;95.069;84.508;109.299;
1900-01-01 18:23:10;964.0;1745655790;87.322;95.078;84.508;109.186;
1900-01-01 18:23:11;965.0;1745655791;87.322;95.078;84.439;109.283;
1900-01-01 18:23:12;966.0;1745655792;87.256;94.987;84.421;109.283;
1900-01-01 18:23:14;967.0;1745655794;87.247;94.958;84.421;109.237;
1900-01-01 18:23:14;968.0;1745655794;87.247;94.958;84.323;109.213;
1900-01-01 18:23:15;969.0;1745655795;87.252;94.934;84.243;109.213;
1900-01-01 18:23:16;970.0;1745655796;87.238;94.934;84.243;109.257;
1900-01-01 18:23:17;971.0;1745655797;87.238;94.966;84.262;109.189;
1900-01-01 18:23:18;972.0;1745655798;87.18;94.891;84.262;109.189;
1900-01-01 18:23:19;973.0;1745655799;87.254;94.891;84.266;109.281;
1900-01-01 18:23:20;974.0;1745655800;87.254;94.911;84.227;109.281;
1900-01-01 18:23:21;975.0;1745655801;87.1;94.901;84.227;109.231;
1900-01-01 18:23:22;976.0;1745655802;87.03;94.901;84.167;109.189;
1900-01-01 18:23:23;977.0;1745655803;87.03;94.895;84.23;109.189;
1900-01-01 18:23:24;978.0;1745655804;86.981;94.911;84.23;109.253;
1900-01-01 18:23:26;979.0;1745655806;86.945;94.911;84.244;109.142;
1900-01-01 18:23:26;980.0;1745655806;86.945;94.945;84.119;109.142;
1900-01-01 18:23:27;981.0;1745655807;86.878;94.907;84.119;109.188;
1900-01-01 18:23:28;982.0;1745655808;86.878;94.907;84.146;109.193;
1900-01-01 18:23:29;983.0;1745655809;86.939;94.894;84.172;109.193;
1900-01-01 18:23:30;984.0;1745655810;86.885;94.894;84.172;109.219;
1900-01-01 18:23:31;985.0;1745655811;86.885;94.876;84.23;109.272;
1900-01-01 18:23:32;986.0;1745655812;86.891;94.879;84.192;109.272;
1900-01-01 18:23:33;987.0;1745655813;86.822;94.879;84.192;109.273;
1900-01-01 18:23:34;988.0;1745655814;86.822;94.918;84.164;109.181;
1900-01-01 18:23:35;989.0;1745655815;86.906;94.856;84.256;109.181;
1900-01-01 18:23:36;990.0;1745655816;86.829;94.819;84.256;109.2;
1900-01-01 18:23:37;991.0;1745655817;86.829;94.819;84.171;109.23;
1900-01-01 18:23:38;992.0;1745655818;86.756;94.838;84.085;109.23;
1900-01-01 18:23:39;993.0;1745655819;86.741;94.838;84.085;109.263;
1900-01-01 18:23:40;994.0;1745655820;86.741;94.822;84.026;109.142;
1900-01-01 18:23:42;995.0;1745655822;86.743;94.788;84.056;109.142;
1900-01-01 18:23:42;996.0;1745655822;86.785;94.788;84.056;109.231;
1900-01-01 18:23:43;997.0;1745655823;86.785;94.739;84.123;109.13;
1900-01-01 18:23:45;998.0;1745655825;86.786;94.794;84.204;109.13;
1900-01-01 18:23:45;999.0;1745655825;86.786;94.794;84.204;109.285;
1900-01-01 18:23:46;1000.0;1745655826;86.747;94.729;84.152;109.233;
1900-01-01 18:23:47;1001.0;1745655827;86.732;94.736;84.152;109.233;
1900-01-01 18:23:48;1002.0;1745655828;86.732;94.736;84.131;109.232;
1900-01-01 18:23:49;1003.0;1745655829;86.729;94.657;84.185;109.232;
1900-01-01 18:23:50;1004.0;1745655830;86.69;94.725;84.185;109.26;
1900-01-01 18:23:52;1005.0;1745655832;86.74;94.725;84.149;109.202;
1900-01-01 18:23:52;1006.0;1745655832;86.74;94.794;84.075;109.202;
1900-01-01 18:23:53;1007.0;1745655833;86.77;94.674;84.075;109.222;
1900-01-01 18:23:54;1008.0;1745655834;86.77;94.674;84.045;109.232;
1900-01-01 18:23:55;1009.0;1745655835;86.825;94.703;84.037;109.232;
1900-01-01 18:23:56;1010.0;1745655836;86.826;94.706;84.037;109.272;
1900-01-01 18:23:57;1011.0;1745655837;86.826;94.706;83.93;109.297;
1900-01-01 18:23:58;1012.0;1745655838;86.864;94.703;83.93;109.297;
1900-01-01 18:23:59;1013.0;1745655839;86.769;94.703;83.924;109.35;
1900-01-01 18:24:01;1014.0;1745655841;86.769;94.685;83.984;109.162;
1900-01-01 18:24:01;1015.0;1745655841;86.721;94.608;83.984;109.162;
1900-01-01 18:24:02;1016.0;1745655842;86.731;94.608;84.007;109.283;
1900-01-01 18:24:03;1017.0;1745655843;86.731;94.602;83.988;109.156;
1900-01-01 18:24:04;1018.0;1745655844;86.665;94.633;83.988;109.156;
1900-01-01 18:24:05;1019.0;1745655845;86.678;94.633;84.024;109.19;
1900-01-01 18:24:06;1020.0;1745655846;86.678;94.66;84.053;109.19;
1900-01-01 18:24:07;1021.0;1745655847;86.657;94.747;84.053;109.175;
1900-01-01 18:24:08;1022.0;1745655848;86.629;94.747;83.95;109.11;
1900-01-01 18:24:09;1023.0;1745655849;86.629;94.624;83.813;109.179;
1900-01-01 18:24:10;1024.0;1745655850;86.668;94.611;83.813;109.179;
1900-01-01 18:24:11;1025.0;1745655851;86.668;94.611;83.729;109.267;
1900-01-01 18:24:12;1026.0;1745655852;86.622;94.661;83.714;109.115;
1900-01-01 18:24:13;1027.0;1745655853;86.645;94.679;83.714;109.115;
1900-01-01 18:24:14;1028.0;1745655854;86.472;94.679;83.786;109.144;
1900-01-01 18:24:15;1029.0;1745655855;86.472;94.629;83.743;109.144;
1900-01-01 18:24:16;1030.0;1745655856;86.459;94.621;83.743;109.253;
1900-01-01 18:24:17;1031.0;1745655857;86.472;94.621;83.702;109.208;
1900-01-01 18:24:18;1032.0;1745655858;86.472;94.684;83.626;109.158;
1900-01-01 18:24:19;1033.0;1745655859;86.463;94.669;83.69;109.158;
1900-01-01 18:24:20;1034.0;1745655860;86.447;94.669;83.69;109.248;
1900-01-01 18:24:21;1035.0;1745655861;86.447;94.557;83.574;109.284;
1900-01-01 18:24:22;1036.0;1745655862;86.521;94.604;83.574;109.284;
1900-01-01 18:24:23;1037.0;1745655863;86.447;94.604;83.612;109.187;
1900-01-01 18:24:24;1038.0;1745655864;86.447;94.591;83.685;109.187;
1900-01-01 18:24:25;1039.0;1745655865;86.469;94.649;83.685;109.156;
1900-01-01 18:24:26;1040.0;1745655866;86.457;94.649;83.732;109.152;
1900-01-01 18:24:27;1041.0;1745655867;86.457;94.58;83.708;109.178;
1900-01-01 18:24:28;1042.0;1745655868;86.455;94.603;83.708;109.178;
1900-01-01 18:24:29;1043.0;1745655869;86.443;94.603;83.639;109.16;
1900-01-01 18:24:30;1044.0;1745655870;86.443;94.546;83.69;109.16;
1900-01-01 18:24:31;1045.0;1745655871;86.487;94.608;83.69;109.317;
1900-01-01 18:24:32;1046.0;1745655872;86.487;94.608;83.711;109.199;
1900-01-01 18:24:33;1047.0;1745655873;86.431;94.582;83.832;109.199;
1900-01-01 18:24:34;1048.0;1745655874;86.446;94.474;83.832;109.27;
1900-01-01 18:24:35;1049.0;1745655875;86.446;94.474;83.83;109.233;
1900-01-01 18:24:36;1050.0;1745655876;86.31;94.542;83.947;109.233;
1900-01-01 18:24:37;1051.0;1745655877;86.224;94.592;83.947;109.158;
1900-01-01 18:24:38;1052.0;1745655878;86.224;94.592;83.954;109.166;
1900-01-01 18:24:40;1053.0;1745655880;86.221;94.499;83.859;109.16;
1900-01-01 18:24:40;1054.0;1745655880;86.163;94.499;83.859;109.16;
1900-01-01 18:24:41;1055.0;1745655881;86.163;94.572;83.854;109.271;
1900-01-01 18:24:42;1056.0;1745655882;86.035;94.436;83.716;109.271;
1900-01-01 18:24:43;1057.0;1745655883;86.089;94.528;83.716;109.152;
1900-01-01 18:24:44;1058.0;1745655884;86.089;94.528;83.643;109.198;
1900-01-01 18:24:45;1059.0;1745655885;86.042;94.485;83.541;109.198;
1900-01-01 18:24:46;1060.0;1745655886;85.988;94.485;83.541;109.159;
1900-01-01 18:24:47;1061.0;1745655887;85.988;94.494;83.525;109.118;
1900-01-01 18:24:49;1062.0;1745655889;86.019;94.459;83.455;109.118;
1900-01-01 18:24:49;1063.0;1745655889;86.018;94.459;83.455;109.152;
1900-01-01 18:24:50;1064.0;1745655890;86.018;94.441;83.478;109.079;
1900-01-01 18:24:51;1065.0;1745655891;85.95;94.455;83.415;109.079;
1900-01-01 18:24:52;1066.0;1745655892;86.089;94.455;83.415;109.195;
1900-01-01 18:24:53;1067.0;1745655893;86.089;94.486;83.434;109.112;
1900-01-01 18:24:54;1068.0;1745655894;86.127;94.325;83.434;109.112;
1900-01-01 18:24:55;1069.0;1745655895;86.213;94.325;83.375;109.139;
1900-01-01 18:24:56;1070.0;1745655896;86.213;94.347;83.436;109.139;
1900-01-01 18:24:57;1071.0;1745655897;86.313;94.407;83.436;109.192;
1900-01-01 18:24:58;1072.0;1745655898;86.313;94.407;83.437;109.145;
1900-01-01 18:24:59;1073.0;1745655899;86.321;94.323;83.518;109.145;
1900-01-01 18:25:00;1074.0;1745655900;86.327;94.263;83.518;109.158;
1900-01-01 18:25:02;1075.0;1745655902;86.29;94.263;83.485;109.168;
1900-01-01 18:25:02;1076.0;1745655902;86.29;94.337;83.471;109.168;
1900-01-01 18:25:03;1077.0;1745655903;86.178;94.316;83.471;109.15;
1900-01-01 18:25:04;1078.0;1745655904;86.178;94.316;83.479;109.129;
1900-01-01 18:25:05;1079.0;1745655905;86.116;94.204;83.54;109.129;
1900-01-01 18:25:06;1080.0;1745655906;86.029;94.204;83.54;109.184;
1900-01-01 18:25:07;1081.0;1745655907;86.029;94.204;83.49;109.227;
1900-01-01 18:25:08;1082.0;1745655908;86.036;94.242;83.49;109.227;
1900-01-01 18:25:09;1083.0;1745655909;85.981;94.242;83.456;109.161;
1900-01-01 18:25:10;1084.0;1745655910;85.981;94.2;83.409;109.2;
1900-01-01 18:25:11;1085.0;1745655911;85.918;94.177;83.409;109.2;
1900-01-01 18:25:12;1086.0;1745655912;85.916;94.177;83.362;109.134;
1900-01-01 18:25:13;1087.0;1745655913;85.916;94.165;83.281;109.105;
1900-01-01 18:25:14;1088.0;1745655914;85.917;94.157;83.269;109.105;
1900-01-01 18:25:15;1089.0;1745655915;85.876;94.157;83.269;109.188;
1900-01-01 18:25:16;1090.0;1745655916;85.876;94.189;83.144;109.202;
1900-01-01 18:25:17;1091.0;1745655917;85.937;94.247;83.144;109.202;
1900-01-01 18:25:18;1092.0;1745655918;86.031;94.247;83.059;109.131;
1900-01-01 18:25:19;1093.0;1745655919;86.031;94.2;83.101;109.131;
1900-01-01 18:25:20;1094.0;1745655920;85.943;94.248;83.101;109.113;
1900-01-01 18:25:21;1095.0;1745655921;85.984;94.248;83.083;109.132;
1900-01-01 18:25:22;1096.0;1745655922;85.984;94.2;83.168;109.102;
1900-01-01 18:25:23;1097.0;1745655923;85.935;94.2;83.168;109.102;
1900-01-01 18:25:24;1098.0;1745655924;85.935;94.234;83.163;109.144;
1900-01-01 18:25:25;1099.0;1745655925;85.908;94.228;83.207;109.144;
1900-01-01 18:25:26;1100.0;1745655926;85.846;94.228;83.207;109.114;
1900-01-01 18:25:27;1101.0;1745655927;85.846;94.2;83.163;109.154;
1900-01-01 18:25:28;1102.0;1745655928;85.826;94.215;83.198;109.154;
1900-01-01 18:25:30;1103.0;1745655930;85.773;94.105;83.198;109.179;
1900-01-01 18:25:30;1104.0;1745655930;85.773;94.105;83.163;109.053;
1900-01-01 18:25:31;1105.0;1745655931;85.702;94.173;83.202;109.053;
1900-01-01 18:25:32;1106.0;1745655932;85.657;94.173;83.202;109.191;
1900-01-01 18:25:33;1107.0;1745655933;85.657;94.185;83.228;109.16;
1900-01-01 18:25:34;1108.0;1745655934;85.673;94.158;83.228;109.16;
1900-01-01 18:25:35;1109.0;1745655935;85.673;94.158;83.254;109.092;
1900-01-01 18:25:36;1110.0;1745655936;85.591;94.079;83.396;109.169;
1900-01-01 18:25:37;1111.0;1745655937;85.623;94.08;83.396;109.169;
1900-01-01 18:25:38;1112.0;1745655938;85.623;94.08;83.275;109.134;
1900-01-01 18:25:39;1113.0;1745655939;85.66;94.015;83.232;109.134;
1900-01-01 18:25:40;1114.0;1745655940;85.659;94.103;83.232;109.098;
1900-01-01 18:25:41;1115.0;1745655941;85.655;94.103;83.136;109.128;
1900-01-01 18:25:42;1116.0;1745655942;85.655;93.981;83.112;109.128;
1900-01-01 18:25:43;1117.0;1745655943;85.598;93.959;83.112;109.187;
1900-01-01 18:25:44;1118.0;1745655944;85.598;93.959;83.026;109.22;
1900-01-01 18:25:45;1119.0;1745655945;85.556;93.958;83.06;109.208;
1900-01-01 18:25:46;1120.0;1745655946;85.588;93.965;83.06;109.208;
1900-01-01 18:25:47;1121.0;1745655947;85.588;93.965;83.141;109.192;
1900-01-01 18:25:48;1122.0;1745655948;85.591;93.932;83.12;109.192;
1900-01-01 18:25:49;1123.0;1745655949;85.656;93.932;83.12;109.203;
1900-01-01 18:25:50;1124.0;1745655950;85.656;93.921;83.152;109.164;
1900-01-01 18:25:51;1125.0;1745655951;85.618;93.971;83.051;109.164;
1900-01-01 18:25:53;1126.0;1745655953;85.657;93.916;83.051;109.215;
1900-01-01 18:25:53;1127.0;1745655953;85.657;93.916;83.008;109.161;
1900-01-01 18:25:54;1128.0;1745655954;85.609;93.919;82.861;109.161;
1900-01-01 18:25:55;1129.0;1745655955;85.589;93.919;82.861;109.191;
1900-01-01 18:25:56;1130.0;1745655956;85.589;93.898;82.905;109.108;
1900-01-01 18:25:57;1131.0;1745655957;85.574;93.884;82.847;109.108;
1900-01-01 18:25:58;1132.0;1745655958;85.425;93.884;82.847;109.222;
1900-01-01 18:25:59;1133.0;1745655959;85.425;93.851;82.832;109.224;
1900-01-01 18:26:00;1134.0;1745655960;85.548;93.873;82.832;109.224;
1900-01-01 18:26:02;1135.0;1745655962;85.462;93.873;82.918;109.199;
1900-01-01 18:26:02;1136.0;1745655962;85.462;93.921;82.87;109.199;
1900-01-01 18:26:03;1137.0;1745655963;85.42;93.8;82.87;109.144;
1900-01-01 18:26:04;1138.0;1745655964;85.42;93.8;82.867;109.104;
1900-01-01 18:26:05;1139.0;1745655965;85.451;93.911;82.961;109.104;
1900-01-01 18:26:06;1140.0;1745655966;85.453;93.878;82.961;109.166;
1900-01-01 18:26:07;1141.0;1745655967;85.453;93.878;83.002;109.099;
1900-01-01 18:26:08;1142.0;1745655968;85.426;93.859;83.02;109.099;
1900-01-01 18:26:09;1143.0;1745655969;85.409;93.881;83.02;109.149;
1900-01-01 18:26:10;1144.0;1745655970;85.409;93.881;82.981;109.051;
1900-01-01 18:26:11;1145.0;1745655971;85.317;93.853;82.884;109.051;
1900-01-01 18:26:12;1146.0;1745655972;85.307;93.85;82.884;109.106;
1900-01-01 18:26:13;1147.0;1745655973;85.307;93.85;82.694;109.126;
1900-01-01 18:26:14;1148.0;1745655974;85.264;93.914;82.79;109.126;
1900-01-01 18:26:15;1149.0;1745655975;85.172;93.914;82.79;108.975;
1900-01-01 18:26:16;1150.0;1745655976;85.172;93.817;82.791;109.113;
1900-01-01 18:26:17;1151.0;1745655977;85.143;93.897;82.716;109.113;
1900-01-01 18:26:18;1152.0;1745655978;85.214;93.897;82.716;109.145;
1900-01-01 18:26:19;1153.0;1745655979;85.214;93.833;82.679;109.046;
1900-01-01 18:26:20;1154.0;1745655980;85.218;93.854;82.702;109.046;
1900-01-01 18:26:21;1155.0;1745655981;85.277;93.854;82.702;109.05;
1900-01-01 18:26:22;1156.0;1745655982;85.277;93.812;82.61;109.127;
1900-01-01 18:26:23;1157.0;1745655983;85.276;93.881;82.715;109.127;
1900-01-01 18:26:24;1158.0;1745655984;85.304;93.881;82.715;109.107;
1900-01-01 18:26:25;1159.0;1745655985;85.304;93.819;82.766;109.141;
1900-01-01 18:26:27;1160.0;1745655987;85.268;93.895;82.722;109.141;
1900-01-01 18:26:27;1161.0;1745655987;85.212;93.895;82.722;109.116;
1900-01-01 18:26:28;1162.0;1745655988;85.212;93.895;82.698;109.041;
1900-01-01 18:26:29;1163.0;1745655989;85.229;93.884;82.707;109.041;
1900-01-01 18:26:30;1164.0;1745655990;85.144;93.884;82.707;108.992;
1900-01-01 18:26:31;1165.0;1745655991;85.144;93.864;82.741;109.015;
1900-01-01 18:26:32;1166.0;1745655992;85.144;93.837;82.741;109.015;
1900-01-01 18:26:33;1167.0;1745655993;85.146;93.837;82.768;109.092;
1900-01-01 18:26:34;1168.0;1745655994;85.146;93.859;82.848;109.049;
1900-01-01 18:26:35;1169.0;1745655995;85.088;93.804;82.802;109.049;
1900-01-01 18:26:36;1170.0;1745655996;85.103;93.804;82.802;109.093;
1900-01-01 18:26:37;1171.0;1745655997;85.103;93.79;82.825;109.061;
1900-01-01 18:26:38;1172.0;1745655998;85.06;93.806;82.825;109.061;
1900-01-01 18:26:39;1173.0;1745655999;85.126;93.806;82.83;109.123;
1900-01-01 18:26:40;1174.0;1745656000;85.126;93.833;82.799;109.105;
1900-01-01 18:26:41;1175.0;1745656001;85.085;93.846;82.762;109.105;
1900-01-01 18:26:42;1176.0;1745656002;85.117;93.846;82.762;109.09;
1900-01-01 18:26:43;1177.0;1745656003;85.117;93.714;82.668;109.07;
1900-01-01 18:26:44;1178.0;1745656004;85.149;93.753;82.659;109.07;
1900-01-01 18:26:45;1179.0;1745656005;85.017;93.753;82.659;109.02;
1900-01-01 18:26:46;1180.0;1745656006;85.017;93.638;82.627;109.135;
1900-01-01 18:26:47;1181.0;1745656007;85.028;93.708;82.627;109.135;
1900-01-01 18:26:48;1182.0;1745656008;84.945;93.708;82.573;109.069;
1900-01-01 18:26:49;1183.0;1745656009;84.945;93.652;82.496;109.166;
1900-01-01 18:26:50;1184.0;1745656010;84.935;93.614;82.496;109.166;
1900-01-01 18:26:51;1185.0;1745656011;84.935;93.614;82.508;109.12;
1900-01-01 18:26:52;1186.0;1745656012;84.935;93.594;82.483;109.107;
1900-01-01 18:26:53;1187.0;1745656013;84.909;93.544;82.427;109.107;
1900-01-01 18:26:54;1188.0;1745656014;84.819;93.544;82.427;109.126;
1900-01-01 18:26:55;1189.0;1745656015;84.819;93.54;82.384;109.072;
1900-01-01 18:26:56;1190.0;1745656016;84.843;93.722;82.47;109.072;
1900-01-01 18:26:57;1191.0;1745656017;84.843;93.722;82.47;109.078;
1900-01-01 18:26:58;1192.0;1745656018;84.819;93.665;82.473;109.048;
1900-01-01 18:26:59;1193.0;1745656019;84.784;93.601;82.473;109.048;
1900-01-01 18:27:00;1194.0;1745656020;84.884;93.601;82.545;109.186;
1900-01-01 18:27:01;1195.0;1745656021;84.884;93.567;82.625;109.186;
1900-01-01 18:27:02;1196.0;1745656022;84.823;93.542;82.625;109.055;
1900-01-01 18:27:03;1197.0;1745656023;84.88;93.542;82.608;109.096;
1900-01-01 18:27:04;1198.0;1745656024;84.88;93.564;82.459;109.053;
1900-01-01 18:27:05;1199.0;1745656025;84.938;93.595;82.459;109.053;
1900-01-01 18:27:06;1200.0;1745656026;84.938;93.595;82.443;109.104;
