Time;Seconds from start for linreg;Unix Time;ch1 po2;ch2 po2;ch3 po2;ch4 po2;
1900-01-01 05:22:09;1.0;1745695329;101.203;102.625;97.383;102.687;
1900-01-01 05:22:10;2.0;1745695330;101.102;102.684;97.383;102.687;
1900-01-01 05:22:11;3.0;1745695331;101.102;102.684;97.375;102.571;
1900-01-01 05:22:12;4.0;1745695332;101.112;102.602;97.26;102.571;
1900-01-01 05:22:13;5.0;1745695333;101.095;102.574;97.26;102.664;
1900-01-01 05:22:14;6.0;1745695334;101.095;102.574;97.326;102.594;
1900-01-01 05:22:15;7.0;1745695335;101.194;102.571;97.315;102.594;
1900-01-01 05:22:16;8.0;1745695336;101.132;102.571;97.315;102.575;
1900-01-01 05:22:17;9.0;1745695337;101.178;102.571;97.344;102.622;
1900-01-01 05:22:18;10.0;1745695338;101.178;102.48;97.309;102.622;
1900-01-01 05:22:19;11.0;1745695339;101.189;102.557;97.309;102.612;
1900-01-01 05:22:20;12.0;1745695340;101.189;102.557;97.293;102.492;
1900-01-01 05:22:22;13.0;1745695342;101.177;102.496;97.238;102.492;
1900-01-01 05:22:22;14.0;1745695342;101.171;102.496;97.238;102.563;
1900-01-01 05:22:23;15.0;1745695343;101.171;102.485;97.242;102.544;
1900-01-01 05:22:24;16.0;1745695344;101.242;102.563;97.231;102.544;
1900-01-01 05:22:25;17.0;1745695345;101.199;102.563;97.231;102.546;
1900-01-01 05:22:26;18.0;1745695346;101.199;102.591;97.27;102.563;
1900-01-01 05:22:27;19.0;1745695347;101.168;102.607;97.214;102.563;
1900-01-01 05:22:28;20.0;1745695348;101.342;102.607;97.214;102.521;
1900-01-01 05:22:29;21.0;1745695349;101.342;102.536;97.203;102.647;
1900-01-01 05:22:30;22.0;1745695350;101.328;102.518;97.203;102.647;
1900-01-01 05:22:31;23.0;1745695351;101.28;102.518;97.202;102.519;
1900-01-01 05:22:32;24.0;1745695352;101.28;102.448;97.212;102.581;
1900-01-01 05:22:33;25.0;1745695353;101.258;102.467;97.212;102.581;
1900-01-01 05:22:34;26.0;1745695354;101.286;102.467;97.12;102.531;
1900-01-01 05:22:35;27.0;1745695355;101.286;102.443;97.166;102.547;
1900-01-01 05:22:36;28.0;1745695356;101.274;102.415;97.064;102.547;
1900-01-01 05:22:37;29.0;1745695357;101.261;102.415;97.064;102.574;
1900-01-01 05:22:38;30.0;1745695358;101.261;102.483;96.867;102.515;
1900-01-01 05:22:40;31.0;1745695360;101.225;102.589;96.874;102.515;
1900-01-01 05:22:40;32.0;1745695360;101.241;102.589;96.874;102.578;
1900-01-01 05:22:41;33.0;1745695361;101.241;102.488;96.657;102.565;
1900-01-01 05:22:42;34.0;1745695362;101.235;102.424;96.657;102.565;
1900-01-01 05:22:43;35.0;1745695363;101.235;102.424;96.498;102.536;
1900-01-01 05:22:44;36.0;1745695364;101.228;102.449;96.465;102.536;
1900-01-01 05:22:45;37.0;1745695365;101.261;102.413;96.465;102.557;
1900-01-01 05:22:46;38.0;1745695366;101.261;102.413;96.476;102.575;
1900-01-01 05:22:47;39.0;1745695367;101.256;102.433;96.407;102.575;
1900-01-01 05:22:48;40.0;1745695368;101.308;102.422;96.407;102.623;
1900-01-01 05:22:49;41.0;1745695369;101.308;102.422;96.563;102.525;
1900-01-01 05:22:50;42.0;1745695370;101.331;102.514;96.488;102.525;
1900-01-01 05:22:51;43.0;1745695371;101.371;102.514;96.488;102.598;
1900-01-01 05:22:52;44.0;1745695372;101.371;102.465;96.498;102.595;
1900-01-01 05:22:53;45.0;1745695373;101.331;102.446;96.626;102.595;
1900-01-01 05:22:54;46.0;1745695374;101.39;102.394;96.626;102.529;
1900-01-01 05:22:55;47.0;1745695375;101.39;102.394;96.566;102.565;
1900-01-01 05:22:56;48.0;1745695376;101.369;102.443;96.519;102.565;
1900-01-01 05:22:57;49.0;1745695377;101.348;102.443;96.519;102.583;
1900-01-01 05:22:58;50.0;1745695378;101.348;102.405;96.631;102.615;
1900-01-01 05:22:59;51.0;1745695379;101.289;102.47;96.587;102.615;
1900-01-01 05:23:00;52.0;1745695380;101.291;102.47;96.587;102.626;
1900-01-01 05:23:01;53.0;1745695381;101.291;102.438;96.512;102.592;
1900-01-01 05:23:02;54.0;1745695382;101.285;102.416;96.512;102.592;
1900-01-01 05:23:03;55.0;1745695383;101.285;102.416;96.623;102.541;
1900-01-01 05:23:04;56.0;1745695384;101.31;102.344;96.591;102.648;
1900-01-01 05:23:05;57.0;1745695385;101.387;102.269;96.591;102.648;
1900-01-01 05:23:06;58.0;1745695386;101.387;102.269;96.503;102.635;
1900-01-01 05:23:07;59.0;1745695387;101.337;102.382;96.419;102.635;
1900-01-01 05:23:08;60.0;1745695388;101.364;102.401;96.419;102.618;
1900-01-01 05:23:09;61.0;1745695389;101.364;102.401;96.303;102.627;
1900-01-01 05:23:10;62.0;1745695390;101.412;102.337;96.372;102.627;
1900-01-01 05:23:12;63.0;1745695392;101.292;102.33;96.372;102.615;
1900-01-01 05:23:12;64.0;1745695392;101.292;102.33;96.387;102.677;
1900-01-01 05:23:13;65.0;1745695393;101.328;102.347;96.374;102.677;
1900-01-01 05:23:14;66.0;1745695394;101.374;102.347;96.374;102.572;
1900-01-01 05:23:15;67.0;1745695395;101.374;102.422;96.364;102.592;
1900-01-01 05:23:16;68.0;1745695396;101.184;102.389;96.315;102.592;
1900-01-01 05:23:17;69.0;1745695397;101.291;102.389;96.315;102.485;
1900-01-01 05:23:18;70.0;1745695398;101.291;102.278;96.236;102.593;
1900-01-01 05:23:19;71.0;1745695399;101.227;102.412;96.151;102.593;
1900-01-01 05:23:20;72.0;1745695400;101.236;102.412;96.151;102.629;
1900-01-01 05:23:21;73.0;1745695401;101.236;102.404;96.153;102.661;
1900-01-01 05:23:22;74.0;1745695402;101.172;102.356;96.153;102.661;
1900-01-01 05:23:23;75.0;1745695403;101.187;102.356;96.212;102.649;
1900-01-01 05:23:24;76.0;1745695404;101.187;102.356;96.199;102.649;
1900-01-01 05:23:25;77.0;1745695405;101.137;102.333;96.199;102.726;
1900-01-01 05:23:26;78.0;1745695406;101.154;102.333;96.092;102.668;
1900-01-01 05:23:27;79.0;1745695407;101.154;102.301;96.065;102.583;
1900-01-01 05:23:28;80.0;1745695408;101.104;102.367;96.065;102.583;
1900-01-01 05:23:29;81.0;1745695409;101.104;102.367;95.849;102.631;
1900-01-01 05:23:30;82.0;1745695410;101.137;102.385;95.864;102.631;
1900-01-01 05:23:31;83.0;1745695411;101.083;102.38;95.864;102.621;
1900-01-01 05:23:32;84.0;1745695412;101.083;102.38;95.826;102.622;
1900-01-01 05:23:33;85.0;1745695413;101.104;102.357;95.761;102.622;
1900-01-01 05:23:34;86.0;1745695414;101.08;102.428;95.761;102.56;
1900-01-01 05:23:36;87.0;1745695416;101.08;102.428;95.74;102.591;
1900-01-01 05:23:36;88.0;1745695416;101.211;102.323;95.731;102.591;
1900-01-01 05:23:37;89.0;1745695417;101.156;102.36;95.731;102.681;
1900-01-01 05:23:38;90.0;1745695418;101.156;102.36;95.859;102.55;
1900-01-01 05:23:39;91.0;1745695419;101.216;102.394;95.808;102.55;
1900-01-01 05:23:40;92.0;1745695420;101.192;102.394;95.808;102.612;
1900-01-01 05:23:41;93.0;1745695421;101.192;102.47;95.875;102.611;
1900-01-01 05:23:42;94.0;1745695422;101.253;102.351;95.875;102.611;
1900-01-01 05:23:44;95.0;1745695424;101.258;102.351;95.75;102.658;
1900-01-01 05:23:44;96.0;1745695424;101.258;102.389;95.682;102.564;
1900-01-01 05:23:45;97.0;1745695425;101.144;102.344;95.682;102.564;
1900-01-01 05:23:46;98.0;1745695426;101.144;102.344;95.641;102.546;
1900-01-01 05:23:47;99.0;1745695427;101.149;102.365;95.533;102.589;
1900-01-01 05:23:48;100.0;1745695428;101.21;102.314;95.533;102.589;
1900-01-01 05:23:49;101.0;1745695429;101.21;102.314;95.544;102.615;
1900-01-01 05:23:50;102.0;1745695430;101.111;102.369;95.523;102.615;
1900-01-01 05:23:51;103.0;1745695431;101.149;102.369;95.523;102.572;
1900-01-01 05:23:52;104.0;1745695432;101.149;102.244;95.467;102.564;
1900-01-01 05:23:54;105.0;1745695434;101.221;102.318;95.458;102.564;
1900-01-01 05:23:54;106.0;1745695434;101.292;102.318;95.458;102.613;
1900-01-01 05:23:55;107.0;1745695435;101.292;102.35;95.404;102.659;
1900-01-01 05:23:56;108.0;1745695436;101.194;102.265;95.404;102.659;
1900-01-01 05:23:57;109.0;1745695437;101.284;102.265;95.386;102.682;
1900-01-01 05:23:58;110.0;1745695438;101.284;102.212;95.481;102.58;
1900-01-01 05:23:59;111.0;1745695439;101.239;102.245;95.525;102.58;
1900-01-01 05:24:00;112.0;1745695440;101.221;102.245;95.525;102.596;
1900-01-01 05:24:01;113.0;1745695441;101.221;102.278;95.546;102.569;
1900-01-01 05:24:02;114.0;1745695442;101.312;102.251;95.567;102.569;
1900-01-01 05:24:03;115.0;1745695443;101.339;102.251;95.567;102.603;
1900-01-01 05:24:04;116.0;1745695444;101.339;102.216;95.702;102.563;
1900-01-01 05:24:05;117.0;1745695445;101.237;102.074;95.756;102.563;
1900-01-01 05:24:06;118.0;1745695446;101.243;102.074;95.756;102.564;
1900-01-01 05:24:07;119.0;1745695447;101.243;102.236;95.762;102.575;
1900-01-01 05:24:08;120.0;1745695448;101.204;102.258;95.762;102.575;
1900-01-01 05:24:09;121.0;1745695449;101.231;102.258;95.781;102.597;
1900-01-01 05:24:10;122.0;1745695450;101.231;102.139;95.711;102.653;
1900-01-01 05:24:11;123.0;1745695451;101.174;102.092;95.7;102.653;
1900-01-01 05:24:12;124.0;1745695452;101.171;102.092;95.7;102.603;
1900-01-01 05:24:13;125.0;1745695453;101.171;102.16;95.62;102.589;
1900-01-01 05:24:14;126.0;1745695454;101.157;102.108;95.62;102.589;
1900-01-01 05:24:15;127.0;1745695455;101.136;102.108;95.607;102.597;
1900-01-01 05:24:16;128.0;1745695456;101.136;102.135;95.404;102.581;
1900-01-01 05:24:17;129.0;1745695457;101.098;102.101;95.404;102.581;
1900-01-01 05:24:18;130.0;1745695458;101.095;102.101;95.302;102.6;
1900-01-01 05:24:19;131.0;1745695459;101.095;102.175;94.992;102.58;
1900-01-01 05:24:20;132.0;1745695460;101.087;102.156;94.992;102.58;
1900-01-01 05:24:21;133.0;1745695461;101.113;102.156;94.746;102.689;
1900-01-01 05:24:22;134.0;1745695462;101.113;102.245;94.71;102.689;
1900-01-01 05:24:23;135.0;1745695463;101.076;102.147;94.71;102.555;
1900-01-01 05:24:24;136.0;1745695464;101.17;102.147;94.684;102.657;
1900-01-01 05:24:25;137.0;1745695465;101.17;102.161;94.729;102.657;
1900-01-01 05:24:26;138.0;1745695466;101.14;102.253;94.729;102.602;
1900-01-01 05:24:27;139.0;1745695467;101.243;102.253;94.891;102.585;
1900-01-01 05:24:28;140.0;1745695468;101.243;102.112;94.935;102.585;
1900-01-01 05:24:29;141.0;1745695469;101.123;102.204;94.935;102.637;
1900-01-01 05:24:30;142.0;1745695470;101.123;102.204;95.035;102.605;
1900-01-01 05:24:31;143.0;1745695471;101.069;101.985;95.097;102.605;
1900-01-01 05:24:32;144.0;1745695472;101.143;101.985;95.097;102.647;
1900-01-01 05:24:33;145.0;1745695473;101.143;102.117;95.203;102.656;
1900-01-01 05:24:34;146.0;1745695474;101.051;102.106;95.188;102.656;
1900-01-01 05:24:35;147.0;1745695475;101.051;102.168;95.188;102.629;
1900-01-01 05:24:36;148.0;1745695476;101.051;102.168;95.126;102.645;
1900-01-01 05:24:37;149.0;1745695477;101.02;102.171;95.109;102.645;
1900-01-01 05:24:38;150.0;1745695478;101.039;102.096;95.109;102.593;
1900-01-01 05:24:39;151.0;1745695479;101.039;102.096;95.014;102.691;
1900-01-01 05:24:40;152.0;1745695480;101.009;102.106;95.102;102.691;
1900-01-01 05:24:41;153.0;1745695481;101.128;102.106;95.102;102.661;
1900-01-01 05:24:42;154.0;1745695482;101.128;102.128;95.048;102.635;
1900-01-01 05:24:43;155.0;1745695483;101.102;102.051;95.048;102.635;
1900-01-01 05:24:44;156.0;1745695484;101.195;102.051;94.97;102.69;
1900-01-01 05:24:45;157.0;1745695485;101.195;102.074;94.991;102.62;
1900-01-01 05:24:46;158.0;1745695486;101.07;102.064;94.991;102.62;
1900-01-01 05:24:47;159.0;1745695487;101.121;102.064;94.988;102.654;
1900-01-01 05:24:48;160.0;1745695488;101.121;102.005;94.906;102.647;
1900-01-01 05:24:49;161.0;1745695489;101.028;102.069;94.906;102.647;
1900-01-01 05:24:50;162.0;1745695490;101.09;102.069;95.04;102.603;
1900-01-01 05:24:51;163.0;1745695491;101.09;102.011;95.028;102.718;
1900-01-01 05:24:52;164.0;1745695492;101.108;101.987;95.028;102.718;
1900-01-01 05:24:53;165.0;1745695493;101.108;101.987;94.978;102.629;
1900-01-01 05:24:55;166.0;1745695495;100.98;101.94;94.891;102.663;
1900-01-01 05:24:55;167.0;1745695495;101.028;101.883;94.891;102.663;
1900-01-01 05:24:56;168.0;1745695496;101.028;101.883;94.806;102.658;
1900-01-01 05:24:57;169.0;1745695497;100.992;101.921;94.645;102.658;
1900-01-01 05:24:58;170.0;1745695498;101.063;101.921;94.645;102.673;
1900-01-01 05:24:59;171.0;1745695499;101.063;101.798;94.61;102.672;
1900-01-01 05:25:00;172.0;1745695500;101.022;101.772;94.61;102.672;
1900-01-01 05:25:01;173.0;1745695501;100.982;101.772;94.497;102.597;
1900-01-01 05:25:02;174.0;1745695502;100.982;101.801;94.387;102.588;
1900-01-01 05:25:03;175.0;1745695503;100.976;101.792;94.355;102.588;
1900-01-01 05:25:04;176.0;1745695504;100.995;101.792;94.355;102.634;
1900-01-01 05:25:05;177.0;1745695505;100.995;101.831;94.33;102.564;
1900-01-01 05:25:06;178.0;1745695506;100.976;101.818;94.137;102.564;
1900-01-01 05:25:07;179.0;1745695507;101.103;101.818;94.137;102.708;
1900-01-01 05:25:08;180.0;1745695508;101.103;101.836;94.143;102.708;
1900-01-01 05:25:09;181.0;1745695509;101.028;101.881;94.143;102.579;
1900-01-01 05:25:10;182.0;1745695510;101.092;101.881;94.064;102.616;
1900-01-01 05:25:11;183.0;1745695511;101.092;101.781;93.959;102.616;
1900-01-01 05:25:12;184.0;1745695512;101.086;101.838;93.959;102.63;
1900-01-01 05:25:13;185.0;1745695514;101.081;101.838;94.093;102.628;
1900-01-01 05:25:14;186.0;1745695514;101.081;101.797;94.012;102.628;
1900-01-01 05:25:15;187.0;1745695515;101.023;101.823;94.012;102.609;
1900-01-01 05:25:16;188.0;1745695516;101.023;101.823;94.044;102.64;
1900-01-01 05:25:17;189.0;1745695517;101.008;101.824;94.056;102.64;
1900-01-01 05:25:18;190.0;1745695518;101.073;101.773;94.056;102.629;
1900-01-01 05:25:19;191.0;1745695519;101.073;101.773;94.045;102.564;
1900-01-01 05:25:20;192.0;1745695520;101.032;101.745;93.991;102.564;
1900-01-01 05:25:21;193.0;1745695521;101.042;101.745;93.991;102.629;
1900-01-01 05:25:22;194.0;1745695522;101.042;101.863;93.977;102.576;
1900-01-01 05:25:23;195.0;1745695523;100.98;101.754;93.977;102.576;
1900-01-01 05:25:24;196.0;1745695524;101.044;101.754;94.018;102.699;
1900-01-01 05:25:25;197.0;1745695525;101.044;101.753;93.98;102.665;
1900-01-01 05:25:26;198.0;1745695526;100.918;101.752;93.98;102.665;
1900-01-01 05:25:27;199.0;1745695527;101.057;101.752;93.931;102.587;
1900-01-01 05:25:28;200.0;1745695528;101.057;101.844;93.88;102.614;
1900-01-01 05:25:29;201.0;1745695529;101.05;101.858;93.88;102.614;
1900-01-01 05:25:30;202.0;1745695530;101.021;101.858;93.866;102.693;
1900-01-01 05:25:32;203.0;1745695532;101.021;101.842;93.747;102.648;
1900-01-01 05:25:32;204.0;1745695532;100.979;101.862;93.747;102.648;
1900-01-01 05:25:33;205.0;1745695533;100.979;101.862;93.899;102.609;
1900-01-01 05:25:34;206.0;1745695534;100.95;101.935;93.947;102.596;
1900-01-01 05:25:35;207.0;1745695535;100.949;101.935;93.947;102.596;
1900-01-01 05:25:36;208.0;1745695536;100.949;101.77;93.866;102.606;
1900-01-01 05:25:37;209.0;1745695537;100.993;101.813;93.993;102.606;
1900-01-01 05:25:38;210.0;1745695538;101.022;101.813;93.993;102.613;
1900-01-01 05:25:39;211.0;1745695539;101.022;101.805;93.974;102.571;
1900-01-01 05:25:40;212.0;1745695540;100.996;101.883;94.072;102.571;
1900-01-01 05:25:41;213.0;1745695541;101.062;101.885;94.072;102.617;
1900-01-01 05:25:42;214.0;1745695542;101.062;101.885;94.099;102.559;
1900-01-01 05:25:43;215.0;1745695543;101.111;101.842;94.103;102.559;
1900-01-01 05:25:44;216.0;1745695544;101.092;101.842;94.103;102.678;
1900-01-01 05:25:45;217.0;1745695545;101.092;101.939;93.993;102.727;
1900-01-01 05:25:46;218.0;1745695546;101.029;101.894;93.993;102.727;
1900-01-01 05:25:47;219.0;1745695547;101.078;101.894;93.941;102.611;
1900-01-01 05:25:49;220.0;1745695549;101.078;101.935;93.803;102.53;
1900-01-01 05:25:49;221.0;1745695549;101.056;101.865;93.803;102.53;
1900-01-01 05:25:50;222.0;1745695550;100.987;101.865;93.714;102.618;
1900-01-01 05:25:52;223.0;1745695552;100.987;101.938;93.666;102.61;
1900-01-01 05:25:52;224.0;1745695552;101.021;101.781;93.666;102.61;
1900-01-01 05:25:53;225.0;1745695553;100.891;101.781;93.617;102.611;
1900-01-01 05:25:54;226.0;1745695554;100.891;101.886;93.683;102.611;
1900-01-01 05:25:55;227.0;1745695555;100.921;101.899;93.683;102.622;
1900-01-01 05:25:56;228.0;1745695556;100.921;101.899;93.679;102.673;
1900-01-01 05:25:57;229.0;1745695557;101.049;101.79;93.526;102.673;
1900-01-01 05:25:58;230.0;1745695558;100.94;101.79;93.526;102.678;
1900-01-01 05:25:59;231.0;1745695559;100.94;101.876;93.497;102.65;
1900-01-01 05:26:00;232.0;1745695560;100.873;101.885;93.513;102.65;
1900-01-01 05:26:01;233.0;1745695561;100.871;101.885;93.513;102.6;
1900-01-01 05:26:02;234.0;1745695562;100.871;101.9;93.462;102.675;
1900-01-01 05:26:03;235.0;1745695563;100.825;101.945;93.46;102.675;
1900-01-01 05:26:04;236.0;1745695564;100.803;101.945;93.46;102.678;
1900-01-01 05:26:05;237.0;1745695565;100.803;101.882;93.413;102.638;
1900-01-01 05:26:06;238.0;1745695566;100.761;101.834;93.397;102.638;
1900-01-01 05:26:08;239.0;1745695568;100.751;101.834;93.397;102.732;
1900-01-01 05:26:08;240.0;1745695568;100.751;101.849;93.469;102.641;
1900-01-01 05:26:09;241.0;1745695569;100.759;101.792;93.469;102.641;
1900-01-01 05:26:10;242.0;1745695570;100.759;101.792;93.404;102.621;
1900-01-01 05:26:11;243.0;1745695571;100.808;101.839;93.312;102.549;
1900-01-01 05:26:12;244.0;1745695572;100.832;101.845;93.312;102.549;
1900-01-01 05:26:13;245.0;1745695573;100.832;101.845;93.223;102.591;
1900-01-01 05:26:14;246.0;1745695574;100.882;101.751;93.14;102.591;
1900-01-01 05:26:15;247.0;1745695575;100.895;101.789;93.14;102.7;
1900-01-01 05:26:16;248.0;1745695576;100.895;101.789;93.127;102.714;
1900-01-01 05:26:17;249.0;1745695577;100.872;101.886;93.299;102.714;
1900-01-01 05:26:18;250.0;1745695578;100.855;101.886;93.299;102.678;
1900-01-01 05:26:19;251.0;1745695579;100.855;101.793;93.405;102.628;
1900-01-01 05:26:20;252.0;1745695580;100.886;101.782;93.543;102.628;
1900-01-01 05:26:21;253.0;1745695581;100.817;101.782;93.543;102.699;
1900-01-01 05:26:22;254.0;1745695582;100.817;101.856;93.568;102.634;
1900-01-01 05:26:23;255.0;1745695583;100.927;101.784;93.571;102.634;
1900-01-01 05:26:24;256.0;1745695584;101.012;101.784;93.571;102.621;
1900-01-01 05:26:25;257.0;1745695585;101.012;101.817;93.492;102.656;
1900-01-01 05:26:26;258.0;1745695586;101.067;101.739;93.28;102.656;
1900-01-01 05:26:27;259.0;1745695587;101.016;101.739;93.28;102.573;
1900-01-01 05:26:28;260.0;1745695588;101.016;101.806;93.129;102.679;
1900-01-01 05:26:29;261.0;1745695589;101.0;101.8;93.129;102.679;
1900-01-01 05:26:30;262.0;1745695590;101.0;101.8;93.024;102.645;
1900-01-01 05:26:31;263.0;1745695591;101.078;101.748;93.103;102.629;
1900-01-01 05:26:32;264.0;1745695592;100.936;101.737;93.103;102.629;
1900-01-01 05:26:33;265.0;1745695593;100.936;101.737;93.162;102.591;
1900-01-01 05:26:34;266.0;1745695594;101.047;101.875;93.04;102.591;
1900-01-01 05:26:35;267.0;1745695595;101.015;101.88;93.04;102.635;
1900-01-01 05:26:37;268.0;1745695597;101.015;101.88;93.14;102.635;
1900-01-01 05:26:37;269.0;1745695597;100.994;101.752;93.128;102.635;
1900-01-01 05:26:38;270.0;1745695598;101.021;101.689;93.128;102.595;
1900-01-01 05:26:39;271.0;1745695599;101.021;101.689;93.079;102.596;
1900-01-01 05:26:40;272.0;1745695600;101.031;101.64;93.024;102.596;
1900-01-01 05:26:41;273.0;1745695601;100.961;101.64;93.024;102.763;
1900-01-01 05:26:43;274.0;1745695603;100.961;101.594;92.947;102.69;
1900-01-01 05:26:43;275.0;1745695603;101.03;101.641;92.947;102.69;
1900-01-01 05:26:44;276.0;1745695604;100.891;101.641;92.939;102.7;
1900-01-01 05:26:45;277.0;1745695605;100.891;101.543;92.845;102.7;
1900-01-01 05:26:46;278.0;1745695606;100.897;101.708;92.845;102.724;
1900-01-01 05:26:47;279.0;1745695607;100.913;101.708;92.95;102.625;
1900-01-01 05:26:48;280.0;1745695608;100.913;101.647;92.993;102.625;
1900-01-01 05:26:49;281.0;1745695609;100.923;101.668;92.993;102.689;
1900-01-01 05:26:50;282.0;1745695610;100.865;101.668;92.904;102.644;
1900-01-01 05:26:51;283.0;1745695611;100.865;101.753;92.808;102.644;
1900-01-01 05:26:52;284.0;1745695612;100.816;101.75;92.808;102.759;
1900-01-01 05:26:53;285.0;1745695613;100.816;101.75;92.572;102.622;
1900-01-01 05:26:54;286.0;1745695614;100.943;101.669;92.555;102.662;
1900-01-01 05:26:55;287.0;1745695615;100.87;101.724;92.555;102.662;
1900-01-01 05:26:56;288.0;1745695616;100.87;101.724;92.649;102.681;
1900-01-01 05:26:57;289.0;1745695617;100.818;101.676;92.762;102.681;
1900-01-01 05:26:58;290.0;1745695618;100.876;101.706;92.762;102.568;
1900-01-01 05:26:59;291.0;1745695619;100.876;101.706;92.746;102.741;
1900-01-01 05:27:00;292.0;1745695620;100.863;101.67;92.719;102.741;
1900-01-01 05:27:01;293.0;1745695621;100.892;101.67;92.719;102.591;
1900-01-01 05:27:03;294.0;1745695623;100.872;101.67;92.693;102.627;
1900-01-01 05:27:03;295.0;1745695623;100.872;101.622;92.65;102.627;
1900-01-01 05:27:04;296.0;1745695624;100.877;101.58;92.65;102.665;
1900-01-01 05:27:05;297.0;1745695625;100.877;101.58;92.631;102.665;
1900-01-01 05:27:06;298.0;1745695626;100.937;101.545;92.648;102.665;
1900-01-01 05:27:07;299.0;1745695627;100.964;101.545;92.648;102.601;
1900-01-01 05:27:08;300.0;1745695628;100.964;101.537;92.725;102.58;
1900-01-01 05:27:09;301.0;1745695629;100.946;101.534;92.743;102.58;
1900-01-01 05:27:10;302.0;1745695630;100.889;101.534;92.743;102.616;
1900-01-01 05:27:11;303.0;1745695631;100.889;101.513;92.561;102.692;
1900-01-01 05:27:12;304.0;1745695632;100.903;101.519;92.561;102.692;
1900-01-01 05:27:13;305.0;1745695633;100.831;101.519;92.311;102.664;
1900-01-01 05:27:14;306.0;1745695634;100.831;101.575;91.923;102.668;
1900-01-01 05:27:15;307.0;1745695635;100.827;101.584;91.923;102.668;
1900-01-01 05:27:16;308.0;1745695636;100.832;101.584;91.725;102.638;
1900-01-01 05:27:17;309.0;1745695637;100.832;101.649;91.769;102.638;
1900-01-01 05:27:18;310.0;1745695638;100.789;101.598;91.769;102.583;
1900-01-01 05:27:19;311.0;1745695639;100.789;101.598;91.826;102.626;
1900-01-01 05:27:20;312.0;1745695640;100.792;101.56;91.998;102.626;
1900-01-01 05:27:21;313.0;1745695641;100.823;101.649;91.998;102.698;
1900-01-01 05:27:23;314.0;1745695643;100.823;101.649;92.118;102.683;
1900-01-01 05:27:23;315.0;1745695643;100.836;101.549;92.187;102.683;
1900-01-01 05:27:24;316.0;1745695644;100.847;101.549;92.187;102.716;
1900-01-01 05:27:25;317.0;1745695645;100.847;101.639;92.234;102.612;
1900-01-01 05:27:26;318.0;1745695646;100.764;101.636;92.189;102.612;
1900-01-01 05:27:27;319.0;1745695647;100.769;101.636;92.189;102.68;
1900-01-01 05:27:28;320.0;1745695648;100.769;101.566;92.149;102.682;
1900-01-01 05:27:29;321.0;1745695649;100.856;101.645;92.152;102.682;
1900-01-01 05:27:30;322.0;1745695650;100.766;101.645;92.152;102.651;
1900-01-01 05:27:31;323.0;1745695651;100.766;101.555;92.171;102.653;
1900-01-01 05:27:32;324.0;1745695652;100.764;101.663;92.062;102.653;
1900-01-01 05:27:34;325.0;1745695654;100.874;101.669;92.062;102.757;
1900-01-01 05:27:34;326.0;1745695654;100.874;101.669;91.858;102.679;
1900-01-01 05:27:35;327.0;1745695655;100.821;101.616;91.834;102.679;
1900-01-01 05:27:36;328.0;1745695656;100.808;101.616;91.834;102.644;
1900-01-01 05:27:37;329.0;1745695657;100.808;101.678;91.81;102.608;
1900-01-01 05:27:38;330.0;1745695658;100.766;101.661;91.714;102.608;
1900-01-01 05:27:39;331.0;1745695659;100.864;101.661;91.714;102.671;
1900-01-01 05:27:40;332.0;1745695660;100.864;101.513;91.859;102.661;
1900-01-01 05:27:41;333.0;1745695661;100.784;101.509;91.859;102.661;
1900-01-01 05:27:43;334.0;1745695663;100.655;101.509;91.895;102.643;
1900-01-01 05:27:43;335.0;1745695663;100.655;101.473;91.851;102.643;
1900-01-01 05:27:44;336.0;1745695664;100.751;101.451;91.851;102.701;
1900-01-01 05:27:45;337.0;1745695665;100.751;101.451;91.881;102.691;
1900-01-01 05:27:46;338.0;1745695666;100.715;101.528;91.916;102.691;
1900-01-01 05:27:47;339.0;1745695667;100.717;101.528;91.916;102.772;
1900-01-01 05:27:48;340.0;1745695668;100.717;101.538;91.905;102.724;
1900-01-01 05:27:49;341.0;1745695669;100.662;101.437;91.954;102.724;
1900-01-01 05:27:50;342.0;1745695670;100.663;101.437;91.954;102.649;
1900-01-01 05:27:51;343.0;1745695671;100.663;101.482;92.005;102.761;
1900-01-01 05:27:52;344.0;1745695672;100.715;101.455;92.005;102.761;
1900-01-01 05:27:53;345.0;1745695673;100.719;101.455;91.965;102.675;
1900-01-01 05:27:54;346.0;1745695674;100.719;101.516;91.966;102.678;
1900-01-01 05:27:55;347.0;1745695675;100.827;101.438;91.966;102.678;
1900-01-01 05:27:56;348.0;1745695676;100.831;101.438;91.959;102.627;
1900-01-01 05:27:57;349.0;1745695677;100.831;101.369;91.941;102.61;
1900-01-01 05:27:58;350.0;1745695678;100.823;101.425;91.941;102.61;
1900-01-01 05:27:59;351.0;1745695679;100.897;101.425;91.943;102.642;
1900-01-01 05:28:00;352.0;1745695680;100.897;101.364;91.978;102.598;
1900-01-01 05:28:01;353.0;1745695681;100.852;101.441;91.978;102.598;
1900-01-01 05:28:02;354.0;1745695682;100.852;101.441;91.907;102.7;
1900-01-01 05:28:03;355.0;1745695683;100.811;101.403;91.853;102.7;
1900-01-01 05:28:04;356.0;1745695684;100.805;101.394;91.853;102.602;
1900-01-01 05:28:05;357.0;1745695685;100.805;101.394;91.857;102.591;
1900-01-01 05:28:06;358.0;1745695686;100.89;101.475;91.806;102.591;
1900-01-01 05:28:07;359.0;1745695687;100.862;101.564;91.806;102.684;
1900-01-01 05:28:08;360.0;1745695688;100.788;101.564;91.81;102.644;
1900-01-01 05:28:09;361.0;1745695689;100.788;101.492;91.761;102.644;
1900-01-01 05:28:10;362.0;1745695690;100.822;101.427;91.761;102.672;
1900-01-01 05:28:11;363.0;1745695691;100.822;101.427;91.602;102.787;
1900-01-01 05:28:12;364.0;1745695692;100.843;101.425;91.441;102.787;
1900-01-01 05:28:13;365.0;1745695693;100.815;101.425;91.441;102.68;
1900-01-01 05:28:14;366.0;1745695694;100.815;101.427;91.364;102.643;
1900-01-01 05:28:15;367.0;1745695695;100.707;101.411;91.153;102.643;
1900-01-01 05:28:16;368.0;1745695696;100.709;101.411;91.153;102.679;
1900-01-01 05:28:17;369.0;1745695697;100.709;101.391;91.059;102.667;
1900-01-01 05:28:18;370.0;1745695698;100.671;101.299;91.059;102.667;
1900-01-01 05:28:19;371.0;1745695699;100.662;101.299;90.973;102.65;
1900-01-01 05:28:20;372.0;1745695700;100.662;101.384;90.847;102.648;
1900-01-01 05:28:21;373.0;1745695701;100.639;101.439;90.847;102.648;
1900-01-01 05:28:22;374.0;1745695702;100.639;101.439;90.941;102.7;
1900-01-01 05:28:23;375.0;1745695703;100.547;101.399;90.979;102.7;
1900-01-01 05:28:24;376.0;1745695704;100.557;101.45;90.979;102.79;
1900-01-01 05:28:25;377.0;1745695705;100.461;101.45;91.08;102.707;
1900-01-01 05:28:26;378.0;1745695706;100.461;101.449;91.182;102.675;
1900-01-01 05:28:27;379.0;1745695707;100.434;101.487;91.182;102.675;
1900-01-01 05:28:28;380.0;1745695708;100.434;101.487;91.085;102.747;
1900-01-01 05:28:29;381.0;1745695709;100.542;101.412;91.117;102.747;
1900-01-01 05:28:31;382.0;1745695711;100.48;101.455;91.117;102.663;
1900-01-01 05:28:31;383.0;1745695711;100.48;101.455;91.187;102.738;
1900-01-01 05:28:32;384.0;1745695712;100.494;101.481;91.19;102.738;
1900-01-01 05:28:33;385.0;1745695713;100.594;101.481;91.19;102.744;
1900-01-01 05:28:34;386.0;1745695714;100.594;101.391;91.115;102.683;
1900-01-01 05:28:35;387.0;1745695715;100.628;101.388;90.979;102.683;
1900-01-01 05:28:36;388.0;1745695716;100.572;101.388;90.979;102.644;
1900-01-01 05:28:37;389.0;1745695717;100.572;101.363;90.969;102.645;
1900-01-01 05:28:38;390.0;1745695718;100.599;101.422;90.988;102.645;
1900-01-01 05:28:39;391.0;1745695719;100.569;101.422;90.988;102.705;
1900-01-01 05:28:40;392.0;1745695720;100.569;101.409;90.912;102.683;
1900-01-01 05:28:41;393.0;1745695721;100.604;101.471;90.968;102.683;
1900-01-01 05:28:42;394.0;1745695722;100.649;101.471;90.968;102.69;
1900-01-01 05:28:43;395.0;1745695723;100.649;101.443;90.982;102.67;
1900-01-01 05:28:44;396.0;1745695724;100.553;101.441;90.974;102.67;
1900-01-01 05:28:45;397.0;1745695725;100.598;101.441;90.974;102.654;
1900-01-01 05:28:46;398.0;1745695726;100.598;101.352;90.946;102.618;
1900-01-01 05:28:47;399.0;1745695727;100.459;101.485;90.946;102.618;
1900-01-01 05:28:48;400.0;1745695728;100.524;101.485;91.046;102.744;
1900-01-01 05:28:49;401.0;1745695729;100.524;101.427;91.105;102.736;
1900-01-01 05:28:50;402.0;1745695730;100.493;101.406;91.105;102.736;
1900-01-01 05:28:51;403.0;1745695731;100.493;101.406;91.139;102.682;
1900-01-01 05:28:52;404.0;1745695732;100.404;101.458;91.07;102.623;
1900-01-01 05:28:53;405.0;1745695733;100.427;101.422;91.07;102.623;
1900-01-01 05:28:54;406.0;1745695734;100.427;101.422;91.133;102.638;
1900-01-01 05:28:55;407.0;1745695735;100.56;101.39;91.02;102.638;
1900-01-01 05:28:56;408.0;1745695736;100.47;101.448;91.02;102.641;
1900-01-01 05:28:57;409.0;1745695737;100.47;101.448;91.021;102.719;
1900-01-01 05:28:58;410.0;1745695738;100.548;101.466;90.949;102.719;
1900-01-01 05:28:59;411.0;1745695739;100.587;101.358;90.949;102.757;
1900-01-01 05:29:00;412.0;1745695740;100.587;101.358;91.045;102.667;
1900-01-01 05:29:01;413.0;1745695741;100.67;101.399;91.001;102.667;
1900-01-01 05:29:02;414.0;1745695742;100.756;101.399;91.001;102.732;
1900-01-01 05:29:03;415.0;1745695743;100.756;101.234;90.894;102.708;
1900-01-01 05:29:04;416.0;1745695744;100.75;101.296;90.979;102.708;
1900-01-01 05:29:06;417.0;1745695746;100.777;101.296;90.979;102.627;
1900-01-01 05:29:06;418.0;1745695746;100.777;101.401;90.855;102.69;
1900-01-01 05:29:07;419.0;1745695747;100.849;101.195;90.855;102.69;
1900-01-01 05:29:08;420.0;1745695748;100.78;101.195;90.828;102.698;
1900-01-01 05:29:09;421.0;1745695749;100.78;101.198;90.696;102.71;
1900-01-01 05:29:10;422.0;1745695750;100.774;101.197;90.696;102.71;
1900-01-01 05:29:11;423.0;1745695751;100.801;101.197;90.697;102.73;
1900-01-01 05:29:12;424.0;1745695752;100.801;101.157;90.687;102.676;
1900-01-01 05:29:13;425.0;1745695753;100.869;101.075;90.687;102.676;
1900-01-01 05:29:14;426.0;1745695754;100.891;101.075;90.593;102.697;
1900-01-01 05:29:15;427.0;1745695755;100.891;101.132;90.476;102.697;
1900-01-01 05:29:16;428.0;1745695756;100.866;101.135;90.476;102.652;
1900-01-01 05:29:17;429.0;1745695757;100.918;101.135;90.308;102.706;
1900-01-01 05:29:18;430.0;1745695758;100.918;101.139;90.267;102.649;
1900-01-01 05:29:19;431.0;1745695759;100.952;101.213;90.174;102.649;
1900-01-01 05:29:20;432.0;1745695760;100.952;101.213;90.174;102.636;
1900-01-01 05:29:21;433.0;1745695761;100.951;101.154;90.275;102.711;
1900-01-01 05:29:22;434.0;1745695762;100.935;101.101;90.275;102.711;
1900-01-01 05:29:23;435.0;1745695763;100.912;101.101;90.303;102.663;
1900-01-01 05:29:24;436.0;1745695764;100.912;101.172;90.288;102.663;
1900-01-01 05:29:25;437.0;1745695765;100.9;101.227;90.288;102.657;
1900-01-01 05:29:26;438.0;1745695766;100.908;101.227;90.37;102.775;
1900-01-01 05:29:27;439.0;1745695767;100.908;101.285;90.414;102.775;
1900-01-01 05:29:28;440.0;1745695768;100.76;101.31;90.414;102.655;
1900-01-01 05:29:30;441.0;1745695770;100.687;101.31;90.327;102.743;
1900-01-01 05:29:30;442.0;1745695770;100.687;101.378;90.306;102.743;
1900-01-01 05:29:31;443.0;1745695771;100.728;101.322;90.306;102.711;
1900-01-01 05:29:32;444.0;1745695772;100.728;101.322;90.292;102.724;
1900-01-01 05:29:33;445.0;1745695773;100.629;101.334;90.242;102.724;
1900-01-01 05:29:34;446.0;1745695774;100.658;101.334;90.242;102.635;
1900-01-01 05:29:35;447.0;1745695775;100.658;101.339;90.142;102.641;
1900-01-01 05:29:36;448.0;1745695776;100.664;101.265;90.142;102.641;
1900-01-01 05:29:37;449.0;1745695777;100.628;101.265;90.179;102.752;
1900-01-01 05:29:38;450.0;1745695778;100.628;101.244;89.942;102.666;
1900-01-01 05:29:39;451.0;1745695779;100.55;101.241;89.89;102.666;
1900-01-01 05:29:40;452.0;1745695780;100.592;101.241;89.89;102.65;
1900-01-01 05:29:41;453.0;1745695781;100.592;101.259;89.973;102.651;
1900-01-01 05:29:42;454.0;1745695782;100.639;101.285;89.973;102.651;
1900-01-01 05:29:43;455.0;1745695783;100.709;101.285;89.95;102.7;
1900-01-01 05:29:44;456.0;1745695784;100.709;101.224;89.925;102.768;
1900-01-01 05:29:45;457.0;1745695785;100.727;101.124;89.925;102.768;
1900-01-01 05:29:46;458.0;1745695786;100.717;101.124;89.946;102.67;
1900-01-01 05:29:47;459.0;1745695787;100.717;101.189;89.893;102.665;
1900-01-01 05:29:48;460.0;1745695788;100.587;101.128;89.893;102.665;
1900-01-01 05:29:49;461.0;1745695789;100.587;101.128;89.813;102.663;
1900-01-01 05:29:50;462.0;1745695790;100.666;101.142;89.745;102.663;
1900-01-01 05:29:52;463.0;1745695792;100.642;101.163;89.745;102.774;
1900-01-01 05:29:52;464.0;1745695792;100.642;101.163;89.651;102.605;
1900-01-01 05:29:53;465.0;1745695793;100.589;101.286;89.63;102.605;
1900-01-01 05:29:55;466.0;1745695795;100.637;101.22;89.63;102.596;
1900-01-01 05:29:55;467.0;1745695795;100.637;101.22;89.617;102.717;
1900-01-01 05:29:56;468.0;1745695796;100.686;101.222;89.568;102.717;
1900-01-01 05:29:57;469.0;1745695797;100.692;101.222;89.568;102.727;
1900-01-01 05:29:58;470.0;1745695798;100.692;101.202;89.535;102.686;
1900-01-01 05:29:59;471.0;1745695799;100.64;101.213;89.478;102.686;
1900-01-01 05:30:00;472.0;1745695800;100.61;101.213;89.478;102.664;
1900-01-01 05:30:01;473.0;1745695801;100.61;101.196;89.528;102.591;
1900-01-01 05:30:02;474.0;1745695802;100.588;101.158;89.508;102.591;
1900-01-01 05:30:03;475.0;1745695803;100.588;101.158;89.508;102.646;
1900-01-01 05:30:04;476.0;1745695804;100.593;101.208;89.602;102.697;
1900-01-01 05:30:05;477.0;1745695805;100.641;101.141;89.602;102.697;
1900-01-01 05:30:06;478.0;1745695806;100.641;101.141;89.691;102.734;
1900-01-01 05:30:07;479.0;1745695807;100.583;101.157;89.319;102.735;
1900-01-01 05:30:08;480.0;1745695808;100.445;101.157;89.319;102.735;
1900-01-01 05:30:09;481.0;1745695809;100.445;101.145;88.984;102.641;
1900-01-01 05:30:10;482.0;1745695810;100.476;101.148;88.848;102.641;
1900-01-01 05:30:11;483.0;1745695811;100.473;101.134;88.848;102.711;
1900-01-01 05:30:12;484.0;1745695812;100.473;101.134;88.676;102.77;
1900-01-01 05:30:13;485.0;1745695813;100.513;101.171;88.722;102.77;
1900-01-01 05:30:14;486.0;1745695814;100.58;101.171;88.722;102.693;
1900-01-01 05:30:15;487.0;1745695815;100.58;101.228;88.816;102.665;
1900-01-01 05:30:16;488.0;1745695816;100.597;101.276;88.854;102.665;
1900-01-01 05:30:17;489.0;1745695817;100.502;101.276;88.854;102.746;
1900-01-01 05:30:18;490.0;1745695818;100.502;101.113;88.872;102.587;
1900-01-01 05:30:19;491.0;1745695819;100.575;101.218;88.933;102.587;
1900-01-01 05:30:20;492.0;1745695820;100.548;101.218;88.933;102.671;
1900-01-01 05:30:21;493.0;1745695821;100.548;101.152;88.968;102.654;
1900-01-01 05:30:22;494.0;1745695822;100.522;101.149;88.985;102.654;
1900-01-01 05:30:24;495.0;1745695824;100.51;101.149;88.985;102.68;
1900-01-01 05:30:24;496.0;1745695824;100.51;101.107;88.898;102.654;
1900-01-01 05:30:25;497.0;1745695825;100.467;101.069;88.898;102.654;
1900-01-01 05:30:27;498.0;1745695827;100.428;101.069;88.757;102.695;
1900-01-01 05:30:27;499.0;1745695827;100.428;101.018;88.679;102.695;
1900-01-01 05:30:28;500.0;1745695828;100.315;101.01;88.679;102.627;
1900-01-01 05:30:29;501.0;1745695829;100.315;101.01;88.575;102.742;
1900-01-01 05:30:30;502.0;1745695830;100.384;100.98;88.573;102.742;
1900-01-01 05:30:31;503.0;1745695831;100.332;100.996;88.573;102.606;
1900-01-01 05:30:32;504.0;1745695832;100.332;100.996;88.515;102.593;
1900-01-01 05:30:33;505.0;1745695833;100.398;101.085;88.511;102.593;
1900-01-01 05:30:34;506.0;1745695834;100.346;101.019;88.511;102.618;
1900-01-01 05:30:35;507.0;1745695835;100.346;101.019;88.492;102.663;
1900-01-01 05:30:36;508.0;1745695836;100.398;100.973;88.435;102.663;
1900-01-01 05:30:37;509.0;1745695837;100.33;100.973;88.435;102.733;
1900-01-01 05:30:38;510.0;1745695838;100.33;101.087;88.388;102.797;
1900-01-01 05:30:39;511.0;1745695839;100.406;101.095;88.388;102.797;
1900-01-01 05:30:41;512.0;1745695841;100.336;101.095;88.408;102.661;
1900-01-01 05:30:41;513.0;1745695841;100.336;101.027;88.332;102.661;
1900-01-01 05:30:42;514.0;1745695842;100.405;100.94;88.332;102.714;
1900-01-01 05:30:43;515.0;1745695843;100.372;100.94;88.222;102.604;
1900-01-01 05:30:44;516.0;1745695844;100.372;100.92;88.128;102.604;
1900-01-01 05:30:45;517.0;1745695845;100.318;100.857;88.128;102.645;
1900-01-01 05:30:46;518.0;1745695846;100.318;100.857;88.06;102.69;
1900-01-01 05:30:48;519.0;1745695848;100.337;100.921;87.982;102.66;
1900-01-01 05:30:48;520.0;1745695848;100.238;100.92;87.982;102.66;
1900-01-01 05:30:49;521.0;1745695849;100.238;100.92;87.894;102.704;
1900-01-01 05:30:50;522.0;1745695850;100.293;100.925;87.915;102.704;
1900-01-01 05:30:51;523.0;1745695851;100.396;100.925;87.915;102.656;
1900-01-01 05:30:52;524.0;1745695852;100.396;101.02;87.996;102.684;
1900-01-01 05:30:53;525.0;1745695853;100.353;100.914;88.031;102.684;
1900-01-01 05:30:55;526.0;1745695855;100.392;100.962;88.031;102.72;
1900-01-01 05:30:55;527.0;1745695855;100.392;100.962;88.164;102.773;
1900-01-01 05:30:56;528.0;1745695856;100.259;100.85;88.206;102.773;
1900-01-01 05:30:57;529.0;1745695857;100.402;100.85;88.206;102.745;
1900-01-01 05:30:58;530.0;1745695858;100.402;100.922;88.325;102.631;
1900-01-01 05:30:59;531.0;1745695859;100.325;100.948;88.325;102.631;
1900-01-01 05:31:00;532.0;1745695860;100.352;100.948;88.356;102.787;
1900-01-01 05:31:01;533.0;1745695861;100.352;100.989;88.434;102.8;
1900-01-01 05:31:02;534.0;1745695862;100.357;101.007;88.434;102.8;
1900-01-01 05:31:03;535.0;1745695863;100.352;101.007;88.366;102.77;
1900-01-01 05:31:04;536.0;1745695864;100.352;101.072;88.205;102.673;
1900-01-01 05:31:05;537.0;1745695865;100.358;100.986;88.205;102.673;
1900-01-01 05:31:06;538.0;1745695866;100.358;100.986;88.128;102.729;
1900-01-01 05:31:07;539.0;1745695867;100.261;101.099;87.991;102.729;
1900-01-01 05:31:08;540.0;1745695868;100.363;101.034;87.991;102.708;
1900-01-01 05:31:09;541.0;1745695869;100.363;101.034;88.051;102.635;
1900-01-01 05:31:10;542.0;1745695870;100.323;100.993;88.047;102.635;
1900-01-01 05:31:11;543.0;1745695871;100.349;100.993;88.047;102.695;
1900-01-01 05:31:12;544.0;1745695872;100.349;100.871;87.991;102.688;
1900-01-01 05:31:14;545.0;1745695874;100.386;100.865;87.904;102.688;
1900-01-01 05:31:14;546.0;1745695874;100.336;100.865;87.904;102.703;
1900-01-01 05:31:15;547.0;1745695875;100.336;100.909;87.897;102.773;
1900-01-01 05:31:16;548.0;1745695876;100.352;100.834;87.762;102.773;
1900-01-01 05:31:17;549.0;1745695877;100.339;100.834;87.762;102.723;
1900-01-01 05:31:18;550.0;1745695878;100.339;100.911;87.675;102.655;
1900-01-01 05:31:20;551.0;1745695880;100.346;100.871;87.655;102.655;
1900-01-01 05:31:20;552.0;1745695880;100.346;100.871;87.655;102.749;
1900-01-01 05:31:21;553.0;1745695881;100.352;100.906;87.634;102.698;
1900-01-01 05:31:23;554.0;1745695883;100.398;100.918;87.634;102.698;
1900-01-01 05:31:23;555.0;1745695883;100.398;100.918;87.746;102.658;
1900-01-01 05:31:24;556.0;1745695884;100.385;100.838;87.814;102.658;
1900-01-01 05:31:25;557.0;1745695885;100.437;100.947;87.814;102.71;
1900-01-01 05:31:26;558.0;1745695886;100.414;100.947;87.838;102.757;
1900-01-01 05:31:28;559.0;1745695888;100.414;100.903;87.798;102.641;
1900-01-01 05:31:28;560.0;1745695888;100.458;100.881;87.798;102.641;
1900-01-01 05:31:29;561.0;1745695889;100.458;100.881;87.71;102.653;
1900-01-01 05:31:30;562.0;1745695890;100.434;100.856;87.52;102.653;
1900-01-01 05:31:31;563.0;1745695891;100.42;100.856;87.52;102.763;
1900-01-01 05:31:32;564.0;1745695892;100.42;100.818;87.421;102.745;
1900-01-01 05:31:33;565.0;1745695893;100.499;100.779;87.248;102.745;
1900-01-01 05:31:35;566.0;1745695895;100.384;100.821;87.248;102.724;
1900-01-01 05:31:35;567.0;1745695895;100.384;100.821;87.181;102.667;
1900-01-01 05:31:36;568.0;1745695896;100.452;100.779;87.179;102.667;
1900-01-01 05:31:38;569.0;1745695898;100.357;100.81;87.179;102.712;
1900-01-01 05:31:38;570.0;1745695898;100.357;100.81;87.183;102.651;
1900-01-01 05:31:39;571.0;1745695899;100.308;100.745;87.157;102.651;
1900-01-01 05:31:40;572.0;1745695900;100.227;100.745;87.157;102.741;
1900-01-01 05:31:41;573.0;1745695901;100.227;100.811;87.007;102.718;
1900-01-01 05:31:42;574.0;1745695902;100.268;100.83;86.954;102.718;
1900-01-01 05:31:44;575.0;1745695904;100.236;100.83;86.954;102.744;
1900-01-01 05:31:44;576.0;1745695904;100.236;100.69;86.791;102.681;
1900-01-01 05:31:46;577.0;1745695906;100.252;100.681;86.733;102.681;
1900-01-01 05:31:46;578.0;1745695906;100.267;100.681;86.733;102.725;
1900-01-01 05:31:47;579.0;1745695907;100.267;100.717;86.618;102.787;
1900-01-01 05:31:48;580.0;1745695908;100.202;100.569;86.618;102.787;
1900-01-01 05:31:49;581.0;1745695909;100.202;100.569;86.592;102.738;
1900-01-01 05:31:50;582.0;1745695910;100.265;100.502;86.554;102.738;
1900-01-01 05:31:51;583.0;1745695911;100.337;100.576;86.554;102.735;
1900-01-01 05:31:52;584.0;1745695912;100.337;100.576;86.531;102.74;
1900-01-01 05:31:53;585.0;1745695913;100.302;100.552;86.499;102.74;
1900-01-01 05:31:54;586.0;1745695914;100.241;100.608;86.499;102.748;
1900-01-01 05:31:55;587.0;1745695915;100.241;100.608;86.65;102.717;
1900-01-01 05:31:56;588.0;1745695916;100.308;100.501;86.827;102.717;
1900-01-01 05:31:57;589.0;1745695917;100.322;100.501;86.827;102.721;
1900-01-01 05:31:58;590.0;1745695918;100.322;100.597;86.851;102.651;
1900-01-01 05:31:59;591.0;1745695919;100.219;100.503;87.046;102.651;
1900-01-01 05:32:00;592.0;1745695920;100.29;100.586;87.046;102.713;
1900-01-01 05:32:01;593.0;1745695921;100.29;100.586;87.172;102.64;
1900-01-01 05:32:02;594.0;1745695922;100.175;100.481;87.172;102.64;
1900-01-01 05:32:03;595.0;1745695923;100.266;100.481;87.196;102.74;
1900-01-01 05:32:04;596.0;1745695924;100.266;100.519;87.177;102.631;
1900-01-01 05:32:06;597.0;1745695926;100.281;100.576;87.174;102.631;
1900-01-01 05:32:06;598.0;1745695926;100.15;100.576;87.174;102.744;
1900-01-01 05:32:07;599.0;1745695927;100.15;100.551;87.126;102.781;
1900-01-01 05:32:08;600.0;1745695928;100.069;100.456;87.126;102.781;
1900-01-01 05:32:09;601.0;1745695929;100.097;100.456;87.004;102.723;
1900-01-01 05:32:10;602.0;1745695930;100.097;100.547;86.92;102.723;
1900-01-01 05:32:11;603.0;1745695931;99.98;100.588;86.92;102.766;
1900-01-01 05:32:12;604.0;1745695932;100.01;100.588;86.879;102.723;
1900-01-01 05:32:13;605.0;1745695933;100.01;100.507;86.849;102.723;
1900-01-01 05:32:14;606.0;1745695934;99.944;100.443;86.849;102.651;
1900-01-01 05:32:15;607.0;1745695935;99.954;100.443;86.892;102.783;
1900-01-01 05:32:16;608.0;1745695936;99.954;100.501;86.83;102.783;
1900-01-01 05:32:17;609.0;1745695937;100.066;100.546;86.83;102.727;
1900-01-01 05:32:18;610.0;1745695938;100.066;100.546;86.829;102.766;
1900-01-01 05:32:19;611.0;1745695939;100.097;100.513;86.931;102.766;
1900-01-01 05:32:20;612.0;1745695940;100.12;100.567;86.931;102.74;
1900-01-01 05:32:21;613.0;1745695941;100.12;100.567;86.91;102.783;
1900-01-01 05:32:22;614.0;1745695942;100.181;100.46;86.909;102.783;
1900-01-01 05:32:23;615.0;1745695943;100.178;100.46;86.909;102.753;
1900-01-01 05:32:24;616.0;1745695944;100.178;100.438;86.78;102.739;
1900-01-01 05:32:25;617.0;1745695945;100.11;100.443;86.587;102.739;
1900-01-01 05:32:26;618.0;1745695946;100.141;100.443;86.587;102.825;
1900-01-01 05:32:27;619.0;1745695947;100.141;100.479;86.425;102.773;
1900-01-01 05:32:28;620.0;1745695948;99.965;100.531;86.425;102.773;
1900-01-01 05:32:29;621.0;1745695949;100.053;100.531;86.302;102.713;
1900-01-01 05:32:30;622.0;1745695950;100.053;100.457;86.073;102.713;
1900-01-01 05:32:31;623.0;1745695951;100.007;100.498;86.073;102.707;
1900-01-01 05:32:32;624.0;1745695952;100.009;100.498;85.901;102.826;
1900-01-01 05:32:33;625.0;1745695953;100.009;100.44;85.882;102.826;
1900-01-01 05:32:34;626.0;1745695954;99.999;100.479;85.882;102.699;
1900-01-01 05:32:35;627.0;1745695955;100.105;100.479;85.7;102.697;
1900-01-01 05:32:36;628.0;1745695956;100.105;100.403;85.547;102.755;
1900-01-01 05:32:37;629.0;1745695957;100.081;100.487;85.547;102.755;
1900-01-01 05:32:38;630.0;1745695958;100.017;100.487;85.362;102.695;
1900-01-01 05:32:39;631.0;1745695959;100.017;100.5;85.148;102.723;
1900-01-01 05:32:40;632.0;1745695960;100.029;100.513;85.148;102.723;
1900-01-01 05:32:41;633.0;1745695961;100.029;100.513;84.948;102.767;
1900-01-01 05:32:42;634.0;1745695962;100.064;100.487;84.931;102.767;
1900-01-01 05:32:43;635.0;1745695963;100.076;100.484;84.931;102.688;
1900-01-01 05:32:44;636.0;1745695964;100.068;100.484;84.899;102.807;
1900-01-01 05:32:45;637.0;1745695965;100.068;100.427;84.962;102.807;
1900-01-01 05:32:46;638.0;1745695966;100.103;100.501;84.962;102.732;
1900-01-01 05:32:47;639.0;1745695967;100.103;100.501;84.952;102.758;
1900-01-01 05:32:48;640.0;1745695968;100.101;100.372;85.022;102.758;
1900-01-01 05:32:49;641.0;1745695969;100.044;100.414;85.022;102.709;
1900-01-01 05:32:50;642.0;1745695970;100.044;100.414;85.016;102.751;
1900-01-01 05:32:51;643.0;1745695971;100.059;100.498;84.985;102.751;
1900-01-01 05:32:52;644.0;1745695972;100.047;100.498;84.985;102.814;
1900-01-01 05:32:54;645.0;1745695974;100.047;100.455;84.911;102.764;
1900-01-01 05:32:54;646.0;1745695974;99.997;100.422;84.911;102.764;
1900-01-01 05:32:55;647.0;1745695975;99.981;100.422;85.143;102.737;
1900-01-01 05:32:56;648.0;1745695976;99.981;100.455;85.223;102.774;
1900-01-01 05:32:57;649.0;1745695977;99.912;100.439;85.223;102.774;
1900-01-01 05:32:58;650.0;1745695978;100.076;100.439;85.274;102.725;
1900-01-01 05:32:59;651.0;1745695979;100.076;100.463;85.244;102.725;
1900-01-01 05:33:00;652.0;1745695980;99.998;100.419;85.244;102.748;
1900-01-01 05:33:02;653.0;1745695982;100.03;100.419;85.171;102.73;
1900-01-01 05:33:02;654.0;1745695982;100.03;100.452;85.231;102.73;
1900-01-01 05:33:03;655.0;1745695983;100.045;100.356;85.231;102.741;
1900-01-01 05:33:04;656.0;1745695984;100.045;100.356;85.165;102.698;
1900-01-01 05:33:05;657.0;1745695985;99.939;100.361;85.214;102.698;
1900-01-01 05:33:06;658.0;1745695986;99.94;100.36;85.214;102.759;
1900-01-01 05:33:07;659.0;1745695987;99.94;100.36;85.235;102.785;
1900-01-01 05:33:08;660.0;1745695988;99.992;100.325;85.156;102.785;
1900-01-01 05:33:09;661.0;1745695989;99.969;100.368;85.156;102.691;
1900-01-01 05:33:10;662.0;1745695990;99.969;100.368;84.967;102.747;
1900-01-01 05:33:11;663.0;1745695991;99.885;100.287;84.931;102.747;
1900-01-01 05:33:12;664.0;1745695992;99.972;100.287;84.931;102.715;
1900-01-01 05:33:13;665.0;1745695993;99.972;100.335;84.981;102.732;
1900-01-01 05:33:14;666.0;1745695994;99.934;100.297;84.981;102.732;
1900-01-01 05:33:15;667.0;1745695995;99.967;100.297;85.093;102.705;
1900-01-01 05:33:16;668.0;1745695996;99.967;100.349;85.122;102.721;
1900-01-01 05:33:17;669.0;1745695997;99.916;100.245;85.175;102.721;
1900-01-01 05:33:19;670.0;1745695999;99.889;100.245;85.175;102.778;
1900-01-01 05:33:19;671.0;1745695999;99.889;100.302;85.265;102.693;
1900-01-01 05:33:20;672.0;1745696000;99.973;100.201;85.265;102.693;
1900-01-01 05:33:22;673.0;1745696002;100.008;100.201;85.323;102.789;
1900-01-01 05:33:22;674.0;1745696002;100.008;100.255;85.273;102.708;
1900-01-01 05:33:23;675.0;1745696003;99.954;100.25;85.273;102.708;
1900-01-01 05:33:25;676.0;1745696005;99.97;100.25;85.187;102.728;
1900-01-01 05:33:25;677.0;1745696005;99.97;100.203;85.222;102.728;
1900-01-01 05:33:26;678.0;1745696006;99.914;100.2;85.222;102.82;
1900-01-01 05:33:27;679.0;1745696007;99.855;100.2;85.09;102.756;
1900-01-01 05:33:28;680.0;1745696008;99.855;100.154;84.929;102.756;
1900-01-01 05:33:29;681.0;1745696009;99.836;100.056;84.929;102.757;
1900-01-01 05:33:30;682.0;1745696010;99.836;100.056;84.807;102.732;
1900-01-01 05:33:31;683.0;1745696011;99.814;100.087;84.546;102.732;
1900-01-01 05:33:32;684.0;1745696012;99.831;100.087;84.546;102.811;
1900-01-01 05:33:33;685.0;1745696013;99.831;99.986;84.465;102.716;
1900-01-01 05:33:34;686.0;1745696014;99.793;99.974;84.445;102.716;
1900-01-01 05:33:35;687.0;1745696015;99.779;99.974;84.445;102.718;
1900-01-01 05:33:36;688.0;1745696016;99.779;100.032;84.523;102.756;
1900-01-01 05:33:37;689.0;1745696017;99.743;99.931;84.523;102.756;
1900-01-01 05:33:38;690.0;1745696018;99.723;99.931;84.549;102.757;
1900-01-01 05:33:39;691.0;1745696019;99.723;100.005;84.494;102.814;
1900-01-01 05:33:40;692.0;1745696020;99.752;99.94;84.494;102.814;
1900-01-01 05:33:41;693.0;1745696021;99.682;99.94;84.453;102.738;
1900-01-01 05:33:42;694.0;1745696022;99.682;99.944;84.559;102.738;
1900-01-01 05:33:43;695.0;1745696023;99.699;99.917;84.559;102.701;
1900-01-01 05:33:44;696.0;1745696024;99.691;99.917;84.522;102.683;
1900-01-01 05:33:45;697.0;1745696025;99.691;99.942;84.524;102.683;
1900-01-01 05:33:46;698.0;1745696026;99.69;99.996;84.524;102.758;
1900-01-01 05:33:47;699.0;1745696027;99.732;99.996;84.516;102.709;
1900-01-01 05:33:48;700.0;1745696028;99.732;99.993;84.427;102.709;
1900-01-01 05:33:49;701.0;1745696029;99.829;99.993;84.427;102.699;
1900-01-01 05:33:50;702.0;1745696030;99.829;100.018;84.356;102.784;
1900-01-01 05:33:51;703.0;1745696031;99.865;100.037;84.313;102.784;
1900-01-01 05:33:52;704.0;1745696032;99.768;100.066;84.313;102.74;
1900-01-01 05:33:53;705.0;1745696033;99.768;100.066;84.178;102.741;
1900-01-01 05:33:54;706.0;1745696034;99.799;99.969;84.077;102.741;
1900-01-01 05:33:55;707.0;1745696035;99.822;100.008;84.077;102.781;
1900-01-01 05:33:56;708.0;1745696036;99.822;100.008;84.101;102.816;
1900-01-01 05:33:57;709.0;1745696037;99.79;99.932;83.986;102.816;
1900-01-01 05:33:58;710.0;1745696038;99.755;99.932;83.986;102.753;
1900-01-01 05:33:59;711.0;1745696039;99.755;100.002;83.942;102.772;
1900-01-01 05:34:00;712.0;1745696040;99.704;99.936;83.942;102.772;
1900-01-01 05:34:01;713.0;1745696041;99.701;99.936;84.015;102.715;
1900-01-01 05:34:02;714.0;1745696042;99.701;100.035;84.139;102.754;
1900-01-01 05:34:03;715.0;1745696043;99.785;99.996;84.139;102.754;
1900-01-01 05:34:04;716.0;1745696044;99.859;99.996;84.272;102.747;
1900-01-01 05:34:05;717.0;1745696045;99.859;99.983;84.297;102.742;
1900-01-01 05:34:06;718.0;1745696046;99.798;99.934;84.297;102.742;
1900-01-01 05:34:07;719.0;1745696047;99.801;99.934;84.173;102.727;
1900-01-01 05:34:08;720.0;1745696048;99.801;99.955;84.218;102.715;
1900-01-01 05:34:09;721.0;1745696049;99.804;99.922;84.218;102.715;
1900-01-01 05:34:10;722.0;1745696050;99.775;99.922;84.166;102.705;
1900-01-01 05:34:11;723.0;1745696051;99.775;100.06;84.146;102.705;
1900-01-01 05:34:12;724.0;1745696052;99.83;100.024;84.146;102.689;
1900-01-01 05:34:13;725.0;1745696053;99.898;100.024;84.092;102.734;
1900-01-01 05:34:14;726.0;1745696054;99.898;100.077;83.94;102.718;
1900-01-01 05:34:15;727.0;1745696055;99.781;99.98;83.762;102.718;
1900-01-01 05:34:17;728.0;1745696057;99.801;99.98;83.762;102.734;
1900-01-01 05:34:17;729.0;1745696057;99.801;100.082;83.682;102.696;
1900-01-01 05:34:18;730.0;1745696058;99.689;100.048;83.682;102.696;
1900-01-01 05:34:19;731.0;1745696059;99.753;100.048;83.561;102.758;
1900-01-01 05:34:20;732.0;1745696060;99.753;99.964;83.508;102.77;
1900-01-01 05:34:21;733.0;1745696061;99.724;99.989;83.453;102.77;
1900-01-01 05:34:22;734.0;1745696062;99.748;99.989;83.453;102.722;
1900-01-01 05:34:23;735.0;1745696063;99.748;99.858;83.544;102.807;
1900-01-01 05:34:24;736.0;1745696064;99.705;99.935;83.544;102.807;
1900-01-01 05:34:25;737.0;1745696065;99.679;99.935;83.56;102.754;
1900-01-01 05:34:26;738.0;1745696066;99.679;99.949;83.596;102.693;
1900-01-01 05:34:27;739.0;1745696067;99.751;99.939;83.596;102.693;
1900-01-01 05:34:28;740.0;1745696068;99.818;99.939;83.512;102.77;
1900-01-01 05:34:29;741.0;1745696069;99.818;99.91;83.419;102.812;
1900-01-01 05:34:30;742.0;1745696070;99.681;99.893;83.419;102.812;
1900-01-01 05:34:31;743.0;1745696071;99.681;99.893;83.289;102.703;
1900-01-01 05:34:32;744.0;1745696072;99.782;99.872;83.284;102.703;
1900-01-01 05:34:33;745.0;1745696073;99.787;99.907;83.284;102.72;
1900-01-01 05:34:34;746.0;1745696074;99.787;99.907;83.393;102.784;
1900-01-01 05:34:35;747.0;1745696075;99.734;99.962;83.324;102.784;
1900-01-01 05:34:37;748.0;1745696077;99.695;99.907;83.324;102.729;
1900-01-01 05:34:37;749.0;1745696077;99.695;99.907;83.316;102.782;
1900-01-01 05:34:38;750.0;1745696078;99.654;99.989;83.281;102.782;
1900-01-01 05:34:39;751.0;1745696079;99.573;99.989;83.281;102.798;
1900-01-01 05:34:40;752.0;1745696080;99.573;99.958;83.234;102.815;
1900-01-01 05:34:41;753.0;1745696081;99.604;99.995;83.224;102.815;
1900-01-01 05:34:42;754.0;1745696082;99.456;99.995;83.224;102.777;
1900-01-01 05:34:43;755.0;1745696083;99.456;99.959;83.15;102.721;
1900-01-01 05:34:44;756.0;1745696084;99.532;99.87;83.15;102.721;
1900-01-01 05:34:45;757.0;1745696085;99.504;99.87;83.09;102.774;
1900-01-01 05:34:46;758.0;1745696086;99.504;99.826;83.039;102.762;
1900-01-01 05:34:47;759.0;1745696087;99.59;99.858;83.039;102.762;
1900-01-01 05:34:48;760.0;1745696088;99.614;99.858;82.931;102.8;
1900-01-01 05:34:49;761.0;1745696089;99.614;99.644;82.951;102.8;
1900-01-01 05:34:50;762.0;1745696090;99.616;99.663;82.951;102.768;
1900-01-01 05:34:51;763.0;1745696091;99.652;99.663;82.968;102.744;
1900-01-01 05:34:52;764.0;1745696092;99.652;99.578;83.033;102.744;
1900-01-01 05:34:53;765.0;1745696093;99.633;99.536;83.033;102.709;
1900-01-01 05:34:54;766.0;1745696094;99.633;99.536;83.047;102.727;
1900-01-01 05:34:55;767.0;1745696095;99.697;99.563;83.059;102.727;
1900-01-01 05:34:56;768.0;1745696096;99.747;99.532;83.059;102.731;
1900-01-01 05:34:57;769.0;1745696097;99.686;99.532;83.015;102.74;
1900-01-01 05:34:58;770.0;1745696098;99.686;99.544;82.99;102.74;
1900-01-01 05:34:59;771.0;1745696099;99.675;99.611;82.99;102.788;
1900-01-01 05:35:00;772.0;1745696100;99.738;99.611;82.986;102.706;
1900-01-01 05:35:01;773.0;1745696101;99.738;99.581;83.082;102.706;
1900-01-01 05:35:02;774.0;1745696102;99.767;99.566;83.082;102.891;
1900-01-01 05:35:03;775.0;1745696103;99.767;99.566;83.006;102.757;
1900-01-01 05:35:04;776.0;1745696104;99.674;99.634;82.987;102.757;
1900-01-01 05:35:05;777.0;1745696105;99.562;99.634;82.987;102.806;
1900-01-01 05:35:06;778.0;1745696106;99.562;99.537;82.913;102.77;
1900-01-01 05:35:07;779.0;1745696107;99.616;99.528;82.913;102.77;
1900-01-01 05:35:08;780.0;1745696108;99.498;99.528;82.823;102.744;
1900-01-01 05:35:09;781.0;1745696109;99.498;99.584;82.818;102.797;
1900-01-01 05:35:10;782.0;1745696110;99.512;99.518;82.818;102.797;
1900-01-01 05:35:11;783.0;1745696111;99.524;99.518;82.832;102.81;
1900-01-01 05:35:12;784.0;1745696112;99.524;99.559;82.893;102.741;
1900-01-01 05:35:13;785.0;1745696113;99.458;99.585;82.893;102.741;
1900-01-01 05:35:14;786.0;1745696114;99.514;99.585;82.776;102.832;
1900-01-01 05:35:15;787.0;1745696115;99.514;99.546;82.724;102.832;
1900-01-01 05:35:16;788.0;1745696116;99.438;99.574;82.724;102.758;
1900-01-01 05:35:17;789.0;1745696117;99.438;99.574;82.632;102.713;
1900-01-01 05:35:18;790.0;1745696118;99.416;99.55;82.549;102.713;
1900-01-01 05:35:20;791.0;1745696120;99.396;99.595;82.549;102.738;
1900-01-01 05:35:20;792.0;1745696120;99.396;99.595;82.52;102.72;
1900-01-01 05:35:21;793.0;1745696121;99.304;99.569;82.554;102.72;
1900-01-01 05:35:22;794.0;1745696122;99.29;99.569;82.554;102.754;
1900-01-01 05:35:23;795.0;1745696123;99.29;99.605;82.573;102.689;
1900-01-01 05:35:24;796.0;1745696124;99.236;99.576;82.494;102.689;
1900-01-01 05:35:25;797.0;1745696125;99.294;99.576;82.494;102.689;
1900-01-01 05:35:26;798.0;1745696126;99.294;99.666;82.498;102.77;
1900-01-01 05:35:27;799.0;1745696127;99.278;99.607;82.456;102.77;
1900-01-01 05:35:29;800.0;1745696129;99.361;99.607;82.456;102.697;
1900-01-01 05:35:29;801.0;1745696129;99.361;99.699;82.48;102.717;
1900-01-01 05:35:30;802.0;1745696130;99.332;99.678;82.362;102.717;
1900-01-01 05:35:31;803.0;1745696131;99.425;99.678;82.362;102.704;
1900-01-01 05:35:32;804.0;1745696132;99.425;99.721;82.286;102.672;
1900-01-01 05:35:33;805.0;1745696133;99.406;99.607;82.286;102.672;
1900-01-01 05:35:34;806.0;1745696134;99.407;99.607;82.104;102.722;
1900-01-01 05:35:35;807.0;1745696135;99.407;99.63;81.934;102.722;
1900-01-01 05:35:36;808.0;1745696136;99.447;99.643;81.934;102.765;
1900-01-01 05:35:37;809.0;1745696137;99.468;99.643;82.033;102.763;
1900-01-01 05:35:38;810.0;1745696138;99.468;99.638;82.026;102.763;
1900-01-01 05:35:39;811.0;1745696139;99.43;99.652;82.026;102.765;
1900-01-01 05:35:40;812.0;1745696140;99.43;99.652;82.068;102.688;
1900-01-01 05:35:41;813.0;1745696141;99.437;99.627;82.074;102.688;
1900-01-01 05:35:42;814.0;1745696142;99.415;99.668;82.074;102.79;
1900-01-01 05:35:43;815.0;1745696143;99.415;99.668;82.033;102.779;
1900-01-01 05:35:44;816.0;1745696144;99.454;99.597;81.989;102.779;
1900-01-01 05:35:45;817.0;1745696145;99.298;99.597;81.989;102.776;
1900-01-01 05:35:46;818.0;1745696146;99.298;99.621;81.964;102.768;
1900-01-01 05:35:47;819.0;1745696147;99.304;99.657;81.964;102.768;
1900-01-01 05:35:48;820.0;1745696148;99.28;99.657;81.945;102.801;
1900-01-01 05:35:49;821.0;1745696149;99.28;99.572;81.884;102.731;
1900-01-01 05:35:50;822.0;1745696150;99.287;99.619;81.884;102.731;
1900-01-01 05:35:51;823.0;1745696151;99.301;99.619;81.974;102.773;
1900-01-01 05:35:52;824.0;1745696152;99.301;99.58;81.911;102.765;
1900-01-01 05:35:54;825.0;1745696154;99.311;99.64;81.935;102.765;
1900-01-01 05:35:54;826.0;1745696154;99.311;99.64;81.935;102.831;
1900-01-01 05:35:55;827.0;1745696155;99.285;99.593;81.923;102.739;
1900-01-01 05:35:56;828.0;1745696156;99.344;99.618;81.923;102.739;
1900-01-01 05:35:57;829.0;1745696157;99.344;99.618;81.947;102.666;
1900-01-01 05:35:58;830.0;1745696158;99.382;99.578;81.786;102.666;
1900-01-01 05:35:59;831.0;1745696159;99.537;99.564;81.786;102.786;
1900-01-01 05:36:00;832.0;1745696160;99.537;99.564;81.81;102.826;
1900-01-01 05:36:01;833.0;1745696161;99.511;99.576;81.849;102.826;
1900-01-01 05:36:02;834.0;1745696162;99.47;99.529;81.849;102.778;
1900-01-01 05:36:03;835.0;1745696163;99.47;99.529;81.884;102.732;
1900-01-01 05:36:04;836.0;1745696164;99.415;99.578;81.94;102.732;
1900-01-01 05:36:05;837.0;1745696165;99.474;99.578;81.94;102.806;
1900-01-01 05:36:06;838.0;1745696166;99.474;99.502;81.871;102.644;
1900-01-01 05:36:08;839.0;1745696168;99.442;99.468;81.702;102.644;
1900-01-01 05:36:08;840.0;1745696168;99.426;99.468;81.702;102.721;
1900-01-01 05:36:09;841.0;1745696169;99.426;99.402;81.685;102.724;
1900-01-01 05:36:11;842.0;1745696171;99.445;99.47;81.591;102.724;
1900-01-01 05:36:11;843.0;1745696171;99.402;99.47;81.591;102.778;
1900-01-01 05:36:12;844.0;1745696172;99.402;99.373;81.617;102.79;
1900-01-01 05:36:14;845.0;1745696174;99.371;99.376;81.861;102.79;
1900-01-01 05:36:14;846.0;1745696174;99.408;99.376;81.861;102.834;
1900-01-01 05:36:15;847.0;1745696175;99.408;99.219;81.914;102.781;
1900-01-01 05:36:16;848.0;1745696176;99.349;99.229;81.864;102.781;
1900-01-01 05:36:17;849.0;1745696177;99.349;99.229;81.864;102.783;
1900-01-01 05:36:18;850.0;1745696178;99.329;99.32;81.717;102.84;
1900-01-01 05:36:19;851.0;1745696179;99.365;99.271;81.717;102.84;
1900-01-01 05:36:20;852.0;1745696180;99.365;99.271;81.555;102.763;
1900-01-01 05:36:21;853.0;1745696181;99.322;99.355;81.38;102.767;
1900-01-01 05:36:22;854.0;1745696182;99.22;99.355;81.38;102.767;
1900-01-01 05:36:23;855.0;1745696183;99.22;99.181;81.358;102.915;
1900-01-01 05:36:24;856.0;1745696184;99.303;99.23;81.358;102.915;
1900-01-01 05:36:25;857.0;1745696185;99.269;99.126;81.358;102.801;
1900-01-01 05:36:26;858.0;1745696186;99.269;99.126;81.236;102.847;
1900-01-01 05:36:27;859.0;1745696187;99.233;99.24;81.24;102.847;
1900-01-01 05:36:28;860.0;1745696188;99.211;99.341;81.24;102.836;
1900-01-01 05:36:29;861.0;1745696189;99.211;99.341;81.298;102.82;
1900-01-01 05:36:30;862.0;1745696190;99.173;99.278;81.284;102.82;
1900-01-01 05:36:31;863.0;1745696191;99.152;99.278;81.284;102.821;
1900-01-01 05:36:32;864.0;1745696192;99.152;99.385;81.292;102.786;
1900-01-01 05:36:33;865.0;1745696193;99.111;99.357;81.292;102.786;
1900-01-01 05:36:34;866.0;1745696194;99.055;99.357;81.224;102.761;
1900-01-01 05:36:35;867.0;1745696195;99.055;99.254;81.191;102.775;
1900-01-01 05:36:37;868.0;1745696197;99.063;99.287;81.091;102.775;
1900-01-01 05:36:37;869.0;1745696197;99.08;99.287;81.091;102.708;
1900-01-01 05:36:38;870.0;1745696198;99.08;99.28;81.119;102.797;
1900-01-01 05:36:39;871.0;1745696199;99.099;99.254;81.119;102.797;
1900-01-01 05:36:40;872.0;1745696200;99.099;99.254;81.137;102.808;
1900-01-01 05:36:41;873.0;1745696201;99.122;99.289;81.111;102.808;
1900-01-01 05:36:42;874.0;1745696202;99.173;99.224;81.111;102.848;
1900-01-01 05:36:43;875.0;1745696203;99.126;99.224;81.026;102.755;
1900-01-01 05:36:44;876.0;1745696204;99.126;99.273;81.043;102.755;
1900-01-01 05:36:45;877.0;1745696205;99.207;99.163;81.043;102.758;
1900-01-01 05:36:46;878.0;1745696206;99.207;99.163;81.016;102.806;
1900-01-01 05:36:47;879.0;1745696207;99.192;99.172;81.041;102.806;
1900-01-01 05:36:48;880.0;1745696208;99.17;99.172;81.041;102.725;
1900-01-01 05:36:49;881.0;1745696209;99.17;99.05;80.957;102.761;
1900-01-01 05:36:50;882.0;1745696210;99.21;99.169;80.957;102.761;
1900-01-01 05:36:51;883.0;1745696211;99.222;99.169;81.017;102.781;
1900-01-01 05:36:52;884.0;1745696212;99.222;99.191;81.067;102.75;
1900-01-01 05:36:53;885.0;1745696213;99.177;99.187;81.034;102.75;
1900-01-01 05:36:54;886.0;1745696214;99.18;99.187;81.034;102.653;
1900-01-01 05:36:55;887.0;1745696215;99.18;99.155;80.968;102.735;
1900-01-01 05:36:56;888.0;1745696216;99.146;99.237;80.968;102.735;
1900-01-01 05:36:57;889.0;1745696217;99.033;99.237;81.023;102.742;
1900-01-01 05:36:58;890.0;1745696218;99.033;99.227;81.116;102.742;
1900-01-01 05:36:59;891.0;1745696219;99.044;99.265;81.116;102.765;
1900-01-01 05:37:00;892.0;1745696220;99.017;99.265;81.066;102.795;
1900-01-01 05:37:01;893.0;1745696221;99.017;99.285;80.934;102.795;
1900-01-01 05:37:02;894.0;1745696222;99.026;99.311;80.934;102.684;
1900-01-01 05:37:03;895.0;1745696223;99.026;99.311;80.692;102.729;
1900-01-01 05:37:04;896.0;1745696224;98.972;99.324;80.52;102.729;
1900-01-01 05:37:05;897.0;1745696225;99.091;99.204;80.52;102.775;
1900-01-01 05:37:06;898.0;1745696226;99.091;99.204;80.508;102.785;
1900-01-01 05:37:07;899.0;1745696227;99.048;99.213;80.488;102.785;
1900-01-01 05:37:08;900.0;1745696228;99.078;99.213;80.488;102.832;
1900-01-01 05:37:09;901.0;1745696229;99.078;99.207;80.475;102.812;
1900-01-01 05:37:10;902.0;1745696230;99.066;99.273;80.475;102.812;
1900-01-01 05:37:11;903.0;1745696231;99.063;99.273;80.432;102.879;
1900-01-01 05:37:12;904.0;1745696232;99.063;99.147;80.35;102.822;
1900-01-01 05:37:13;905.0;1745696233;99.055;99.248;80.35;102.822;
1900-01-01 05:37:14;906.0;1745696234;99.01;99.248;80.312;102.831;
1900-01-01 05:37:15;907.0;1745696235;99.01;99.15;80.293;102.799;
1900-01-01 05:37:17;908.0;1745696237;99.014;99.045;80.247;102.799;
1900-01-01 05:37:17;909.0;1745696237;99.085;99.045;80.247;102.763;
1900-01-01 05:37:18;910.0;1745696238;99.085;99.073;80.227;102.776;
1900-01-01 05:37:19;911.0;1745696239;99.038;98.935;80.26;102.776;
1900-01-01 05:37:20;912.0;1745696240;99.038;98.935;80.26;102.778;
1900-01-01 05:37:21;913.0;1745696241;99.009;98.887;80.284;102.763;
1900-01-01 05:37:22;914.0;1745696242;99.027;98.861;80.284;102.763;
1900-01-01 05:37:23;915.0;1745696243;99.027;98.861;80.243;102.814;
1900-01-01 05:37:24;916.0;1745696244;99.013;98.788;80.159;102.814;
1900-01-01 05:37:25;917.0;1745696245;99.005;98.825;80.159;102.787;
1900-01-01 05:37:26;918.0;1745696246;99.005;98.825;80.211;102.825;
1900-01-01 05:37:27;919.0;1745696247;98.938;98.805;80.288;102.825;
1900-01-01 05:37:29;920.0;1745696249;98.911;98.759;80.288;102.816;
1900-01-01 05:37:29;921.0;1745696249;98.911;98.759;80.456;102.773;
1900-01-01 05:37:30;922.0;1745696250;98.996;98.689;80.477;102.773;
1900-01-01 05:37:31;923.0;1745696251;98.827;98.689;80.477;102.816;
1900-01-01 05:37:32;924.0;1745696252;98.827;98.664;80.416;102.829;
1900-01-01 05:37:33;925.0;1745696253;98.986;98.588;80.345;102.829;
1900-01-01 05:37:34;926.0;1745696254;98.978;98.588;80.345;102.825;
1900-01-01 05:37:35;927.0;1745696255;98.978;98.579;80.303;102.725;
1900-01-01 05:37:36;928.0;1745696256;98.949;98.634;80.303;102.725;
1900-01-01 05:37:37;929.0;1745696257;98.899;98.634;80.193;102.757;
1900-01-01 05:37:38;930.0;1745696258;98.899;98.65;80.133;102.757;
1900-01-01 05:37:39;931.0;1745696259;98.978;98.699;80.133;102.742;
1900-01-01 05:37:40;932.0;1745696260;98.918;98.699;80.08;102.788;
1900-01-01 05:37:41;933.0;1745696261;98.918;98.641;80.064;102.748;
1900-01-01 05:37:42;934.0;1745696262;98.886;98.635;80.064;102.748;
1900-01-01 05:37:43;935.0;1745696263;98.98;98.635;80.137;102.771;
1900-01-01 05:37:44;936.0;1745696264;98.98;98.655;80.192;102.771;
1900-01-01 05:37:45;937.0;1745696265;98.838;98.608;80.192;102.871;
1900-01-01 05:37:46;938.0;1745696266;98.838;98.608;80.141;102.784;
1900-01-01 05:37:47;939.0;1745696267;98.753;98.572;80.125;102.784;
1900-01-01 05:37:48;940.0;1745696268;98.809;98.565;80.125;102.847;
1900-01-01 05:37:49;941.0;1745696269;98.809;98.565;79.973;102.75;
1900-01-01 05:37:50;942.0;1745696270;98.703;98.6;79.921;102.75;
1900-01-01 05:37:51;943.0;1745696271;98.766;98.6;79.921;102.768;
1900-01-01 05:37:52;944.0;1745696272;98.766;98.637;79.852;102.777;
1900-01-01 05:37:53;945.0;1745696273;98.714;98.618;79.836;102.777;
1900-01-01 05:37:54;946.0;1745696274;98.786;98.618;79.836;102.818;
1900-01-01 05:37:55;947.0;1745696275;98.786;98.606;79.773;102.844;
1900-01-01 05:37:56;948.0;1745696276;98.705;98.514;79.702;102.844;
1900-01-01 05:37:57;949.0;1745696277;98.819;98.514;79.702;102.807;
1900-01-01 05:37:58;950.0;1745696278;98.819;98.616;79.787;102.831;
1900-01-01 05:37:59;951.0;1745696279;98.712;98.52;79.835;102.831;
1900-01-01 05:38:00;952.0;1745696280;98.765;98.52;79.835;102.886;
1900-01-01 05:38:01;953.0;1745696281;98.765;98.419;79.936;102.863;
1900-01-01 05:38:02;954.0;1745696282;98.781;98.49;79.989;102.863;
1900-01-01 05:38:03;955.0;1745696283;98.785;98.49;79.989;102.8;
1900-01-01 05:38:05;956.0;1745696285;98.785;98.427;80.018;102.899;
1900-01-01 05:38:05;957.0;1745696285;99.034;98.466;80.018;102.899;
1900-01-01 05:38:06;958.0;1745696286;98.912;98.466;79.884;102.782;
1900-01-01 05:38:07;959.0;1745696287;98.912;98.405;79.842;102.715;
1900-01-01 05:38:08;960.0;1745696288;98.994;98.466;79.842;102.715;
1900-01-01 05:38:09;961.0;1745696289;98.995;98.466;79.713;102.803;
1900-01-01 05:38:10;962.0;1745696290;98.995;98.495;79.697;102.803;
1900-01-01 05:38:11;963.0;1745696291;98.97;98.435;79.697;102.725;
1900-01-01 05:38:12;964.0;1745696292;98.936;98.435;79.661;102.788;
1900-01-01 05:38:13;965.0;1745696293;98.936;98.311;79.65;102.788;
1900-01-01 05:38:14;966.0;1745696294;98.959;98.366;79.65;102.808;
1900-01-01 05:38:15;967.0;1745696295;98.959;98.366;79.637;102.732;
1900-01-01 05:38:16;968.0;1745696296;98.872;98.406;79.451;102.732;
1900-01-01 05:38:17;969.0;1745696297;98.889;98.408;79.451;102.744;
1900-01-01 05:38:18;970.0;1745696298;98.889;98.408;79.422;102.749;
1900-01-01 05:38:20;971.0;1745696300;98.87;98.513;79.313;102.749;
1900-01-01 05:38:20;972.0;1745696300;98.774;98.513;79.313;102.795;
1900-01-01 05:38:21;973.0;1745696301;98.774;98.403;79.285;102.765;
1900-01-01 05:38:22;974.0;1745696302;98.629;98.324;79.285;102.765;
1900-01-01 05:38:23;975.0;1745696303;98.648;98.324;79.296;102.902;
1900-01-01 05:38:24;976.0;1745696304;98.648;98.375;79.199;102.769;
1900-01-01 05:38:26;977.0;1745696306;98.636;98.275;79.268;102.769;
1900-01-01 05:38:26;978.0;1745696306;98.535;98.275;79.268;102.817;
1900-01-01 05:38:27;979.0;1745696307;98.535;98.307;79.193;102.74;
1900-01-01 05:38:28;980.0;1745696308;98.604;98.359;79.197;102.74;
1900-01-01 05:38:29;981.0;1745696309;98.604;98.359;79.197;102.856;
1900-01-01 05:38:30;982.0;1745696310;98.603;98.265;79.194;102.858;
1900-01-01 05:38:31;983.0;1745696311;98.575;98.361;79.194;102.858;
1900-01-01 05:38:32;984.0;1745696312;98.683;98.361;79.273;102.77;
1900-01-01 05:38:33;985.0;1745696313;98.683;98.346;79.245;102.77;
1900-01-01 05:38:34;986.0;1745696314;98.675;98.324;79.245;102.903;
1900-01-01 05:38:35;987.0;1745696315;98.693;98.324;79.27;102.774;
1900-01-01 05:38:36;988.0;1745696316;98.693;98.34;79.208;102.774;
1900-01-01 05:38:37;989.0;1745696317;98.776;98.365;79.208;102.777;
1900-01-01 05:38:38;990.0;1745696318;98.776;98.365;79.135;102.784;
1900-01-01 05:38:39;991.0;1745696319;98.799;98.368;79.085;102.784;
1900-01-01 05:38:40;992.0;1745696320;98.82;98.295;79.085;102.838;
1900-01-01 05:38:41;993.0;1745696321;98.82;98.295;78.949;102.847;
1900-01-01 05:38:42;994.0;1745696322;98.789;98.328;78.975;102.847;
1900-01-01 05:38:43;995.0;1745696323;98.837;98.328;78.975;102.872;
1900-01-01 05:38:44;996.0;1745696324;98.837;98.382;78.912;102.83;
1900-01-01 05:38:45;997.0;1745696325;98.868;98.305;78.912;102.83;
1900-01-01 05:38:46;998.0;1745696326;98.828;98.305;78.936;102.817;
1900-01-01 05:38:47;999.0;1745696327;98.828;98.312;78.947;102.805;
1900-01-01 05:38:48;1000.0;1745696328;98.767;98.252;78.947;102.805;
1900-01-01 05:38:49;1001.0;1745696329;98.785;98.252;79.076;102.818;
1900-01-01 05:38:50;1002.0;1745696330;98.785;98.334;79.152;102.818;
1900-01-01 05:38:51;1003.0;1745696331;98.758;98.269;79.152;102.851;
1900-01-01 05:38:52;1004.0;1745696332;98.834;98.269;79.164;102.833;
1900-01-01 05:38:53;1005.0;1745696333;98.834;98.27;79.242;102.831;
1900-01-01 05:38:54;1006.0;1745696334;98.692;98.223;79.242;102.831;
1900-01-01 05:38:55;1007.0;1745696335;98.692;98.223;79.214;102.907;
1900-01-01 05:38:56;1008.0;1745696336;98.678;98.306;79.22;102.846;
1900-01-01 05:38:57;1009.0;1745696337;98.668;98.306;79.22;102.846;
1900-01-01 05:38:58;1010.0;1745696338;98.668;98.225;79.04;102.772;
1900-01-01 05:38:59;1011.0;1745696339;98.509;98.273;78.922;102.772;
1900-01-01 05:39:00;1012.0;1745696340;98.554;98.295;78.922;102.851;
1900-01-01 05:39:01;1013.0;1745696341;98.554;98.295;78.862;102.684;
1900-01-01 05:39:02;1014.0;1745696342;98.537;98.241;78.758;102.684;
1900-01-01 05:39:03;1015.0;1745696343;98.594;98.241;78.758;102.796;
1900-01-01 05:39:04;1016.0;1745696344;98.594;98.259;78.696;102.815;
1900-01-01 05:39:05;1017.0;1745696345;98.594;98.229;78.579;102.815;
1900-01-01 05:39:06;1018.0;1745696346;98.654;98.229;78.579;102.839;
1900-01-01 05:39:07;1019.0;1745696347;98.654;98.184;78.461;102.81;
1900-01-01 05:39:08;1020.0;1745696348;98.581;98.229;78.432;102.81;
1900-01-01 05:39:09;1021.0;1745696349;98.615;98.229;78.432;102.866;
1900-01-01 05:39:10;1022.0;1745696350;98.615;98.202;78.532;102.896;
1900-01-01 05:39:11;1023.0;1745696351;98.617;98.196;78.532;102.896;
1900-01-01 05:39:12;1024.0;1745696352;98.499;98.196;78.529;102.821;
1900-01-01 05:39:13;1025.0;1745696353;98.499;98.101;78.597;102.822;
1900-01-01 05:39:14;1026.0;1745696354;98.575;98.191;78.628;102.822;
1900-01-01 05:39:15;1027.0;1745696355;98.546;98.191;78.628;102.903;
1900-01-01 05:39:16;1028.0;1745696356;98.546;98.281;78.681;102.831;
1900-01-01 05:39:17;1029.0;1745696357;98.569;98.19;78.686;102.831;
1900-01-01 05:39:18;1030.0;1745696358;98.548;98.19;78.686;102.821;
1900-01-01 05:39:19;1031.0;1745696359;98.548;98.127;78.578;102.915;
1900-01-01 05:39:20;1032.0;1745696360;98.583;98.195;78.578;102.915;
1900-01-01 05:39:21;1033.0;1745696361;98.647;98.195;78.516;102.776;
1900-01-01 05:39:22;1034.0;1745696362;98.647;98.149;78.53;102.817;
1900-01-01 05:39:23;1035.0;1745696363;98.638;98.217;78.372;102.817;
1900-01-01 05:39:24;1036.0;1745696364;98.655;98.217;78.372;102.829;
1900-01-01 05:39:25;1037.0;1745696365;98.655;98.222;78.337;102.789;
1900-01-01 05:39:26;1038.0;1745696366;98.637;98.106;78.224;102.789;
1900-01-01 05:39:28;1039.0;1745696368;98.606;98.106;78.224;102.801;
1900-01-01 05:39:28;1040.0;1745696368;98.606;98.216;78.182;102.84;
1900-01-01 05:39:29;1041.0;1745696369;98.632;98.208;78.182;102.84;
1900-01-01 05:39:30;1042.0;1745696370;98.632;98.208;78.308;102.829;
1900-01-01 05:39:31;1043.0;1745696371;98.629;98.243;78.236;102.911;
1900-01-01 05:39:32;1044.0;1745696372;98.666;98.157;78.236;102.911;
1900-01-01 05:39:33;1045.0;1745696373;98.573;98.157;78.243;102.727;
1900-01-01 05:39:34;1046.0;1745696374;98.573;98.111;78.253;102.727;
1900-01-01 05:39:35;1047.0;1745696375;98.6;98.133;78.253;102.831;
1900-01-01 05:39:36;1048.0;1745696376;98.6;98.133;78.283;102.796;
1900-01-01 05:39:37;1049.0;1745696377;98.532;98.099;78.224;102.796;
1900-01-01 05:39:38;1050.0;1745696378;98.556;98.099;78.224;102.887;
1900-01-01 05:39:39;1051.0;1745696379;98.556;98.082;78.117;102.878;
1900-01-01 05:39:40;1052.0;1745696380;98.454;98.133;78.063;102.878;
1900-01-01 05:39:41;1053.0;1745696381;98.55;98.133;78.063;102.765;
1900-01-01 05:39:42;1054.0;1745696382;98.55;98.08;78.129;102.847;
1900-01-01 05:39:44;1055.0;1745696384;98.531;98.104;78.258;102.847;
1900-01-01 05:39:44;1056.0;1745696384;98.475;98.104;78.258;102.902;
1900-01-01 05:39:45;1057.0;1745696385;98.475;98.164;78.317;102.908;
1900-01-01 05:39:47;1058.0;1745696387;98.387;98.071;78.271;102.908;
1900-01-01 05:39:47;1059.0;1745696387;98.415;98.071;78.271;102.948;
1900-01-01 05:39:48;1060.0;1745696388;98.415;98.157;78.126;102.891;
1900-01-01 05:39:49;1061.0;1745696389;98.394;98.038;78.126;102.891;
1900-01-01 05:39:50;1062.0;1745696390;98.314;98.038;78.13;102.928;
1900-01-01 05:39:51;1063.0;1745696391;98.314;98.049;78.213;102.791;
1900-01-01 05:39:53;1064.0;1745696393;98.384;97.978;78.147;102.791;
1900-01-01 05:39:53;1065.0;1745696393;98.384;97.978;78.147;102.845;
1900-01-01 05:39:54;1066.0;1745696394;98.458;98.015;78.141;102.829;
1900-01-01 05:39:55;1067.0;1745696395;98.38;98.046;78.141;102.829;
1900-01-01 05:39:56;1068.0;1745696396;98.38;98.046;78.012;102.82;
1900-01-01 05:39:57;1069.0;1745696397;98.398;98.054;78.041;102.791;
1900-01-01 05:39:58;1070.0;1745696398;98.357;98.036;78.041;102.791;
1900-01-01 05:39:59;1071.0;1745696399;98.357;98.036;77.99;102.822;
1900-01-01 05:40:00;1072.0;1745696400;98.319;98.076;77.942;102.822;
1900-01-01 05:40:01;1073.0;1745696401;98.371;98.038;77.942;102.845;
1900-01-01 05:40:02;1074.0;1745696402;98.371;98.038;77.972;102.744;
1900-01-01 05:40:03;1075.0;1745696403;98.313;98.087;77.956;102.744;
1900-01-01 05:40:04;1076.0;1745696404;98.316;98.087;77.956;102.764;
1900-01-01 05:40:05;1077.0;1745696405;98.316;98.081;77.972;102.825;
1900-01-01 05:40:06;1078.0;1745696406;98.251;98.005;77.968;102.825;
1900-01-01 05:40:08;1079.0;1745696408;98.261;98.053;77.968;102.808;
1900-01-01 05:40:08;1080.0;1745696408;98.261;98.053;77.899;102.868;
1900-01-01 05:40:09;1081.0;1745696409;98.255;97.899;77.935;102.868;
1900-01-01 05:40:10;1082.0;1745696410;98.185;97.999;77.935;102.775;
1900-01-01 05:40:11;1083.0;1745696411;98.185;97.999;77.995;102.78;
1900-01-01 05:40:12;1084.0;1745696412;98.227;97.954;78.03;102.78;
1900-01-01 05:40:14;1085.0;1745696414;98.165;97.954;78.03;102.842;
1900-01-01 05:40:14;1086.0;1745696414;98.165;97.889;78.085;102.794;
1900-01-01 05:40:15;1087.0;1745696415;98.136;97.956;78.016;102.794;
1900-01-01 05:40:16;1088.0;1745696416;98.17;97.956;78.016;102.843;
1900-01-01 05:40:17;1089.0;1745696417;98.17;97.863;77.876;102.788;
1900-01-01 05:40:18;1090.0;1745696418;98.152;97.841;77.876;102.788;
1900-01-01 05:40:20;1091.0;1745696420;98.068;97.841;77.819;102.714;
1900-01-01 05:40:20;1092.0;1745696420;98.068;97.831;77.665;102.714;
1900-01-01 05:40:21;1093.0;1745696421;98.124;97.832;77.665;102.865;
1900-01-01 05:40:23;1094.0;1745696423;98.163;97.832;77.549;102.888;
1900-01-01 05:40:23;1095.0;1745696423;98.163;97.732;77.357;102.888;
1900-01-01 05:40:24;1096.0;1745696424;98.137;97.795;77.357;102.772;
1900-01-01 05:40:25;1097.0;1745696425;98.137;97.795;77.315;102.743;
1900-01-01 05:40:26;1098.0;1745696426;98.269;97.784;77.314;102.743;
1900-01-01 05:40:27;1099.0;1745696427;98.279;97.741;77.314;102.779;
1900-01-01 05:40:28;1100.0;1745696428;98.279;97.741;77.343;102.855;
1900-01-01 05:40:29;1101.0;1745696429;98.368;97.639;77.327;102.855;
1900-01-01 05:40:30;1102.0;1745696430;98.301;97.639;77.327;102.761;
1900-01-01 05:40:31;1103.0;1745696431;98.301;97.747;77.347;102.75;
1900-01-01 05:40:32;1104.0;1745696432;98.312;97.647;77.347;102.75;
1900-01-01 05:40:33;1105.0;1745696433;98.317;97.647;77.378;102.767;
1900-01-01 05:40:34;1106.0;1745696434;98.317;97.737;77.424;102.791;
1900-01-01 05:40:35;1107.0;1745696435;98.331;97.755;77.381;102.791;
1900-01-01 05:40:37;1108.0;1745696437;98.325;97.755;77.381;102.784;
1900-01-01 05:40:37;1109.0;1745696437;98.325;97.691;77.445;102.797;
1900-01-01 05:40:38;1110.0;1745696438;98.24;97.705;77.411;102.797;
1900-01-01 05:40:39;1111.0;1745696439;98.269;97.705;77.411;102.854;
1900-01-01 05:40:40;1112.0;1745696440;98.269;97.642;77.449;102.857;
1900-01-01 05:40:41;1113.0;1745696441;98.191;97.681;77.449;102.857;
1900-01-01 05:40:42;1114.0;1745696442;98.255;97.681;77.408;102.822;
1900-01-01 05:40:43;1115.0;1745696443;98.255;97.675;77.344;102.841;
1900-01-01 05:40:44;1116.0;1745696444;98.198;97.698;77.344;102.841;
1900-01-01 05:40:46;1117.0;1745696446;98.317;97.698;77.229;102.791;
1900-01-01 05:40:46;1118.0;1745696446;98.317;97.636;77.26;102.791;
1900-01-01 05:40:47;1119.0;1745696447;98.239;97.651;77.26;102.761;
1900-01-01 05:40:48;1120.0;1745696448;98.23;97.651;77.298;102.767;
1900-01-01 05:40:49;1121.0;1745696449;98.23;97.674;77.184;102.767;
1900-01-01 05:40:50;1122.0;1745696450;98.268;97.677;77.184;102.803;
1900-01-01 05:40:51;1123.0;1745696451;98.268;97.677;77.269;102.818;
1900-01-01 05:40:52;1124.0;1745696452;98.267;97.684;77.26;102.818;
1900-01-01 05:40:53;1125.0;1745696453;98.253;97.698;77.26;102.783;
1900-01-01 05:40:54;1126.0;1745696454;98.253;97.698;77.188;102.804;
1900-01-01 05:40:55;1127.0;1745696455;98.228;97.717;77.188;102.804;
1900-01-01 05:40:56;1128.0;1745696456;98.084;97.717;77.188;102.806;
1900-01-01 05:40:57;1129.0;1745696457;98.084;97.689;77.233;102.816;
1900-01-01 05:40:58;1130.0;1745696458;98.165;97.718;77.233;102.816;
1900-01-01 05:40:59;1131.0;1745696459;98.115;97.718;77.26;102.818;
1900-01-01 05:41:00;1132.0;1745696460;98.115;97.704;77.264;102.81;
1900-01-01 05:41:01;1133.0;1745696461;98.185;97.72;77.264;102.81;
1900-01-01 05:41:02;1134.0;1745696462;98.126;97.72;77.233;102.802;
1900-01-01 05:41:03;1135.0;1745696463;98.126;97.644;77.274;102.899;
1900-01-01 05:41:04;1136.0;1745696464;98.247;97.591;77.274;102.899;
1900-01-01 05:41:05;1137.0;1745696465;98.247;97.591;77.217;102.806;
1900-01-01 05:41:06;1138.0;1745696466;98.206;97.444;77.102;102.773;
1900-01-01 05:41:07;1139.0;1745696467;98.198;97.478;77.102;102.773;
1900-01-01 05:41:08;1140.0;1745696468;98.198;97.478;76.986;102.858;
1900-01-01 05:41:09;1141.0;1745696469;98.266;97.479;76.886;102.858;
1900-01-01 05:41:10;1142.0;1745696470;98.193;97.429;76.886;102.854;
1900-01-01 05:41:11;1143.0;1745696471;98.232;97.429;76.903;102.724;
1900-01-01 05:41:12;1144.0;1745696472;98.232;97.497;76.887;102.724;
1900-01-01 05:41:13;1145.0;1745696473;98.153;97.405;76.887;102.766;
1900-01-01 05:41:14;1146.0;1745696474;98.153;97.405;76.859;102.789;
1900-01-01 05:41:15;1147.0;1745696475;98.121;97.387;77.009;102.849;
1900-01-01 05:41:16;1148.0;1745696476;98.137;97.387;77.009;102.849;
1900-01-01 05:41:17;1149.0;1745696477;98.137;97.384;77.041;102.825;
1900-01-01 05:41:18;1150.0;1745696478;98.124;97.351;77.057;102.825;
1900-01-01 05:41:19;1151.0;1745696479;98.055;97.351;77.057;102.769;
1900-01-01 05:41:20;1152.0;1745696480;98.055;97.491;77.079;102.76;
1900-01-01 05:41:21;1153.0;1745696481;98.17;97.522;77.02;102.76;
1900-01-01 05:41:22;1154.0;1745696482;98.124;97.522;77.02;102.76;
1900-01-01 05:41:23;1155.0;1745696483;98.124;97.39;76.916;102.833;
1900-01-01 05:41:24;1156.0;1745696484;98.036;97.455;76.867;102.833;
1900-01-01 05:41:25;1157.0;1745696485;98.031;97.455;76.867;102.798;
1900-01-01 05:41:26;1158.0;1745696486;98.031;97.473;76.721;102.87;
1900-01-01 05:41:27;1159.0;1745696487;97.937;97.472;76.605;102.87;
1900-01-01 05:41:28;1160.0;1745696488;98.051;97.472;76.605;102.787;
1900-01-01 05:41:29;1161.0;1745696489;98.051;97.554;76.578;102.839;
1900-01-01 05:41:30;1162.0;1745696490;98.056;97.457;76.578;102.839;
1900-01-01 05:41:31;1163.0;1745696491;97.995;97.457;76.523;102.891;
1900-01-01 05:41:32;1164.0;1745696492;97.995;97.462;76.513;102.891;
1900-01-01 05:41:33;1165.0;1745696493;97.916;97.535;76.513;102.86;
1900-01-01 05:41:35;1166.0;1745696495;97.948;97.535;76.61;102.87;
1900-01-01 05:41:35;1167.0;1745696495;97.948;97.58;76.58;102.87;
1900-01-01 05:41:36;1168.0;1745696496;98.025;97.549;76.58;102.919;
1900-01-01 05:41:37;1169.0;1745696497;98.025;97.549;76.605;102.736;
1900-01-01 05:41:38;1170.0;1745696498;97.936;97.519;76.532;102.736;
1900-01-01 05:41:39;1171.0;1745696499;97.892;97.485;76.532;102.807;
1900-01-01 05:41:40;1172.0;1745696500;97.892;97.485;76.533;102.851;
1900-01-01 05:41:41;1173.0;1745696501;97.887;97.414;76.644;102.851;
1900-01-01 05:41:42;1174.0;1745696502;97.881;97.414;76.644;102.958;
1900-01-01 05:41:43;1175.0;1745696503;97.881;97.388;76.624;102.798;
1900-01-01 05:41:44;1176.0;1745696504;97.878;97.342;76.624;102.798;
1900-01-01 05:41:45;1177.0;1745696505;97.817;97.342;76.676;102.871;
1900-01-01 05:41:46;1178.0;1745696506;97.817;97.371;76.595;102.879;
1900-01-01 05:41:47;1179.0;1745696507;97.884;97.325;76.595;102.879;
1900-01-01 05:41:48;1180.0;1745696508;97.806;97.325;76.536;102.865;
1900-01-01 05:41:49;1181.0;1745696509;97.806;97.358;76.476;102.827;
1900-01-01 05:41:50;1182.0;1745696510;97.937;97.315;76.473;102.827;
1900-01-01 05:41:51;1183.0;1745696511;97.937;97.315;76.473;102.846;
1900-01-01 05:41:52;1184.0;1745696512;97.898;97.248;76.45;102.795;
1900-01-01 05:41:53;1185.0;1745696513;97.858;97.329;76.45;102.795;
1900-01-01 05:41:54;1186.0;1745696514;97.966;97.329;76.475;102.877;
1900-01-01 05:41:55;1187.0;1745696515;97.966;97.275;76.442;102.877;
1900-01-01 05:41:56;1188.0;1745696516;97.901;97.32;76.442;102.819;
1900-01-01 05:41:57;1189.0;1745696517;97.955;97.32;76.406;102.908;
1900-01-01 05:41:58;1190.0;1745696518;97.955;97.283;76.383;102.908;
1900-01-01 05:41:59;1191.0;1745696519;97.864;97.254;76.383;102.87;
1900-01-01 05:42:00;1192.0;1745696520;97.864;97.254;76.317;102.917;
1900-01-01 05:42:01;1193.0;1745696521;97.893;97.211;76.332;102.917;
1900-01-01 05:42:02;1194.0;1745696522;97.83;97.211;76.332;102.83;
1900-01-01 05:42:03;1195.0;1745696523;97.83;97.176;76.343;102.889;
1900-01-01 05:42:04;1196.0;1745696524;97.96;97.141;76.441;102.889;
1900-01-01 05:42:05;1197.0;1745696525;97.91;97.141;76.441;102.945;
1900-01-01 05:42:06;1198.0;1745696526;97.91;97.193;76.47;102.876;
1900-01-01 05:42:07;1199.0;1745696527;97.877;97.137;76.47;102.876;
1900-01-01 05:42:08;1200.0;1745696528;97.956;97.137;76.418;102.819;
