Time;Seconds from start for linreg;Unix Time;ch1 po2;ch2 po2;ch3 po2;ch4 po2;
1900-01-01 21:27:07;1.0;1745666827;99.454;101.381;96.425;104.667;
1900-01-01 21:27:08;2.0;1745666828;99.504;101.381;96.439;104.73;
1900-01-01 21:27:09;3.0;1745666829;99.504;101.376;96.495;104.7;
1900-01-01 21:27:10;4.0;1745666830;99.441;101.381;96.495;104.7;
1900-01-01 21:27:11;5.0;1745666831;99.441;101.381;96.494;104.649;
1900-01-01 21:27:12;6.0;1745666832;99.477;101.195;96.569;104.732;
1900-01-01 21:27:13;7.0;1745666833;99.426;101.195;96.569;104.732;
1900-01-01 21:27:14;8.0;1745666834;99.426;101.277;96.63;104.721;
1900-01-01 21:27:15;9.0;1745666835;99.457;101.164;96.686;104.721;
1900-01-01 21:27:16;10.0;1745666836;99.448;101.279;96.686;104.714;
1900-01-01 21:27:17;11.0;1745666837;99.448;101.279;96.747;104.675;
1900-01-01 21:27:18;12.0;1745666838;99.41;101.247;96.752;104.675;
1900-01-01 21:27:19;13.0;1745666839;99.512;101.247;96.752;104.709;
1900-01-01 21:27:20;14.0;1745666840;99.512;101.163;96.772;104.775;
1900-01-01 21:27:21;15.0;1745666841;99.491;101.402;96.809;104.775;
1900-01-01 21:27:22;16.0;1745666842;99.37;101.402;96.809;104.673;
1900-01-01 21:27:23;17.0;1745666843;99.37;101.259;96.816;104.668;
1900-01-01 21:27:24;18.0;1745666844;99.334;101.288;96.816;104.668;
1900-01-01 21:27:25;19.0;1745666845;99.289;101.288;96.862;104.66;
1900-01-01 21:27:26;20.0;1745666846;99.289;101.337;96.948;104.66;
1900-01-01 21:27:27;21.0;1745666847;99.223;101.341;96.948;104.671;
1900-01-01 21:27:28;22.0;1745666848;99.138;101.341;96.879;104.751;
1900-01-01 21:27:29;23.0;1745666849;99.138;101.304;96.867;104.601;
1900-01-01 21:27:30;24.0;1745666850;99.036;101.395;96.867;104.601;
1900-01-01 21:27:31;25.0;1745666851;99.187;101.395;96.715;104.703;
1900-01-01 21:27:32;26.0;1745666852;99.187;101.374;96.7;104.686;
1900-01-01 21:27:33;27.0;1745666853;99.056;101.387;96.7;104.686;
1900-01-01 21:27:34;28.0;1745666854;99.056;101.387;96.66;104.732;
1900-01-01 21:27:35;29.0;1745666855;99.228;101.306;96.632;104.742;
1900-01-01 21:27:36;30.0;1745666856;99.281;101.32;96.632;104.742;
1900-01-01 21:27:37;31.0;1745666857;99.281;101.32;96.531;104.66;
1900-01-01 21:27:39;32.0;1745666859;99.214;101.302;96.532;104.675;
1900-01-01 21:27:39;33.0;1745666859;99.173;101.302;96.532;104.675;
1900-01-01 21:27:40;34.0;1745666860;99.173;101.27;96.447;104.652;
1900-01-01 21:27:42;35.0;1745666862;99.216;101.299;96.504;104.652;
1900-01-01 21:27:42;36.0;1745666862;99.272;101.299;96.504;104.74;
1900-01-01 21:27:43;37.0;1745666863;99.272;101.285;96.437;104.685;
1900-01-01 21:27:44;38.0;1745666864;99.207;101.302;96.315;104.685;
1900-01-01 21:27:45;39.0;1745666865;99.246;101.302;96.315;104.721;
1900-01-01 21:27:46;40.0;1745666866;99.246;101.212;96.335;104.707;
1900-01-01 21:27:47;41.0;1745666867;99.209;101.222;96.335;104.707;
1900-01-01 21:27:48;42.0;1745666868;99.232;101.222;96.277;104.711;
1900-01-01 21:27:49;43.0;1745666869;99.232;101.288;96.166;104.711;
1900-01-01 21:27:50;44.0;1745666870;99.159;101.284;96.166;104.707;
1900-01-01 21:27:51;45.0;1745666871;99.159;101.284;96.203;104.682;
1900-01-01 21:27:52;46.0;1745666872;99.204;101.253;96.157;104.682;
1900-01-01 21:27:53;47.0;1745666873;99.211;101.253;96.157;104.66;
1900-01-01 21:27:54;48.0;1745666874;99.211;101.282;96.096;104.692;
1900-01-01 21:27:55;49.0;1745666875;99.202;101.23;96.062;104.692;
1900-01-01 21:27:56;50.0;1745666876;99.167;101.23;96.062;104.632;
1900-01-01 21:27:58;51.0;1745666878;99.167;101.259;95.956;104.728;
1900-01-01 21:27:58;52.0;1745666878;99.231;101.193;95.956;104.728;
1900-01-01 21:27:59;53.0;1745666879;99.202;101.193;96.063;104.807;
1900-01-01 21:28:00;54.0;1745666880;99.202;101.186;96.123;104.704;
1900-01-01 21:28:01;55.0;1745666881;99.245;101.19;96.123;104.704;
1900-01-01 21:28:02;56.0;1745666882;99.263;101.19;96.221;104.684;
1900-01-01 21:28:03;57.0;1745666883;99.263;101.186;96.248;104.684;
1900-01-01 21:28:04;58.0;1745666884;99.259;101.162;96.248;104.683;
1900-01-01 21:28:05;59.0;1745666885;99.233;101.162;96.234;104.725;
1900-01-01 21:28:06;60.0;1745666886;99.233;101.139;96.168;104.671;
1900-01-01 21:28:07;61.0;1745666887;99.209;101.122;96.168;104.671;
1900-01-01 21:28:08;62.0;1745666888;99.223;101.122;96.2;104.752;
1900-01-01 21:28:09;63.0;1745666889;99.223;101.039;96.143;104.808;
1900-01-01 21:28:10;64.0;1745666890;99.181;101.106;96.143;104.808;
1900-01-01 21:28:11;65.0;1745666891;99.181;101.106;96.082;104.662;
1900-01-01 21:28:12;66.0;1745666892;99.145;101.066;96.082;104.662;
1900-01-01 21:28:13;67.0;1745666893;99.166;101.145;96.082;104.696;
1900-01-01 21:28:14;68.0;1745666894;99.166;101.145;96.058;104.708;
1900-01-01 21:28:15;69.0;1745666895;99.0;101.16;96.098;104.708;
1900-01-01 21:28:16;70.0;1745666896;98.97;101.16;96.098;104.71;
1900-01-01 21:28:17;71.0;1745666897;98.97;101.062;96.026;104.686;
1900-01-01 21:28:18;72.0;1745666898;98.93;101.04;96.046;104.686;
1900-01-01 21:28:19;73.0;1745666899;98.888;101.04;96.046;104.677;
1900-01-01 21:28:20;74.0;1745666900;98.888;100.986;95.773;104.703;
1900-01-01 21:28:21;75.0;1745666901;98.893;100.998;95.773;104.703;
1900-01-01 21:28:22;76.0;1745666902;98.793;100.998;95.724;104.691;
1900-01-01 21:28:23;77.0;1745666903;98.793;101.089;95.714;104.691;
1900-01-01 21:28:24;78.0;1745666904;98.786;101.087;95.714;104.654;
1900-01-01 21:28:25;79.0;1745666905;98.757;101.087;95.823;104.671;
1900-01-01 21:28:27;80.0;1745666907;98.757;101.104;95.745;104.722;
1900-01-01 21:28:27;81.0;1745666907;98.755;101.01;95.745;104.722;
1900-01-01 21:28:28;82.0;1745666908;98.782;101.01;95.8;104.691;
1900-01-01 21:28:29;83.0;1745666909;98.782;101.027;95.636;104.691;
1900-01-01 21:28:30;84.0;1745666910;98.682;101.073;95.636;104.681;
1900-01-01 21:28:31;85.0;1745666911;98.682;101.073;95.624;104.726;
1900-01-01 21:28:32;86.0;1745666912;98.669;101.006;95.584;104.726;
1900-01-01 21:28:33;87.0;1745666913;98.581;101.026;95.584;104.753;
1900-01-01 21:28:34;88.0;1745666914;98.581;101.026;95.439;104.723;
1900-01-01 21:28:35;89.0;1745666915;98.686;100.969;95.472;104.723;
1900-01-01 21:28:36;90.0;1745666916;98.602;100.969;95.472;104.617;
1900-01-01 21:28:37;91.0;1745666917;98.602;100.974;95.586;104.665;
1900-01-01 21:28:38;92.0;1745666918;98.563;100.9;95.672;104.665;
1900-01-01 21:28:39;93.0;1745666919;98.59;100.9;95.672;104.71;
1900-01-01 21:28:40;94.0;1745666920;98.59;100.971;95.619;104.787;
1900-01-01 21:28:41;95.0;1745666921;98.581;100.947;95.619;104.787;
1900-01-01 21:28:42;96.0;1745666922;98.589;100.947;95.648;104.744;
1900-01-01 21:28:43;97.0;1745666923;98.589;100.847;95.525;104.698;
1900-01-01 21:28:44;98.0;1745666924;98.498;100.882;95.525;104.698;
1900-01-01 21:28:45;99.0;1745666925;98.49;100.882;95.341;104.671;
1900-01-01 21:28:46;100.0;1745666926;98.49;100.883;95.275;104.685;
1900-01-01 21:28:47;101.0;1745666927;98.472;100.867;95.195;104.685;
1900-01-01 21:28:48;102.0;1745666928;98.472;100.867;95.195;104.761;
1900-01-01 21:28:49;103.0;1745666929;98.471;100.786;95.259;104.706;
1900-01-01 21:28:50;104.0;1745666930;98.338;100.857;95.259;104.706;
1900-01-01 21:28:51;105.0;1745666931;98.338;100.857;95.371;104.737;
1900-01-01 21:28:52;106.0;1745666932;98.361;100.838;95.508;104.737;
1900-01-01 21:28:53;107.0;1745666933;98.413;100.761;95.508;104.745;
1900-01-01 21:28:55;108.0;1745666935;98.289;100.761;95.569;104.733;
1900-01-01 21:28:55;109.0;1745666935;98.289;100.759;95.598;104.733;
1900-01-01 21:28:57;110.0;1745666937;98.269;100.778;95.598;104.713;
1900-01-01 21:28:57;111.0;1745666937;98.269;100.778;95.62;104.67;
1900-01-01 21:28:58;112.0;1745666938;98.292;100.774;95.588;104.67;
1900-01-01 21:28:59;113.0;1745666939;98.172;100.774;95.588;104.761;
1900-01-01 21:29:00;114.0;1745666940;98.172;100.761;95.631;104.652;
1900-01-01 21:29:01;115.0;1745666941;98.216;100.678;95.673;104.652;
1900-01-01 21:29:02;116.0;1745666942;98.184;100.678;95.673;104.746;
1900-01-01 21:29:03;117.0;1745666943;98.184;100.798;95.642;104.693;
1900-01-01 21:29:05;118.0;1745666945;98.204;100.752;95.596;104.693;
1900-01-01 21:29:05;119.0;1745666945;98.152;100.752;95.596;104.693;
1900-01-01 21:29:06;120.0;1745666946;98.152;100.661;95.453;104.71;
1900-01-01 21:29:07;121.0;1745666947;98.178;100.647;95.453;104.71;
1900-01-01 21:29:08;122.0;1745666948;98.265;100.647;95.442;104.642;
1900-01-01 21:29:09;123.0;1745666949;98.265;100.622;95.436;104.667;
1900-01-01 21:29:10;124.0;1745666950;98.157;100.611;95.436;104.667;
1900-01-01 21:29:11;125.0;1745666951;98.223;100.611;95.399;104.762;
1900-01-01 21:29:12;126.0;1745666952;98.223;100.611;95.488;104.76;
1900-01-01 21:29:13;127.0;1745666953;98.165;100.582;95.463;104.76;
1900-01-01 21:29:14;128.0;1745666954;98.197;100.582;95.463;104.744;
1900-01-01 21:29:15;129.0;1745666955;98.197;100.598;95.438;104.693;
1900-01-01 21:29:16;130.0;1745666956;98.119;100.598;95.438;104.693;
1900-01-01 21:29:17;131.0;1745666957;98.15;100.598;95.427;104.735;
1900-01-01 21:29:18;132.0;1745666958;98.15;100.582;95.421;104.778;
1900-01-01 21:29:19;133.0;1745666959;98.069;100.635;95.421;104.778;
1900-01-01 21:29:20;134.0;1745666960;98.04;100.635;95.426;104.766;
1900-01-01 21:29:21;135.0;1745666961;98.04;100.563;95.531;104.713;
1900-01-01 21:29:22;136.0;1745666962;98.053;100.534;95.386;104.713;
1900-01-01 21:29:23;137.0;1745666963;98.104;100.534;95.386;104.727;
1900-01-01 21:29:24;138.0;1745666964;98.104;100.62;95.423;104.715;
1900-01-01 21:29:25;139.0;1745666965;98.034;100.639;95.428;104.715;
1900-01-01 21:29:26;140.0;1745666966;98.034;100.639;95.428;104.727;
1900-01-01 21:29:27;141.0;1745666967;98.009;100.606;95.417;104.678;
1900-01-01 21:29:28;142.0;1745666968;98.01;100.622;95.417;104.678;
1900-01-01 21:29:29;143.0;1745666969;98.01;100.622;95.373;104.697;
1900-01-01 21:29:30;144.0;1745666970;97.97;100.636;95.367;104.697;
1900-01-01 21:29:31;145.0;1745666971;98.005;100.584;95.367;104.605;
1900-01-01 21:29:32;146.0;1745666972;98.005;100.584;95.305;104.666;
1900-01-01 21:29:33;147.0;1745666973;97.936;100.645;95.287;104.666;
1900-01-01 21:29:34;148.0;1745666974;97.849;100.631;95.287;104.637;
1900-01-01 21:29:35;149.0;1745666975;97.849;100.631;95.311;104.779;
1900-01-01 21:29:36;150.0;1745666976;97.875;100.627;95.161;104.779;
1900-01-01 21:29:37;151.0;1745666977;97.76;100.627;95.161;104.592;
1900-01-01 21:29:38;152.0;1745666978;97.76;100.64;95.279;104.8;
1900-01-01 21:29:39;153.0;1745666979;97.763;100.558;95.279;104.8;
1900-01-01 21:29:40;154.0;1745666980;97.665;100.558;95.27;104.685;
1900-01-01 21:29:41;155.0;1745666981;97.665;100.601;95.255;104.656;
1900-01-01 21:29:42;156.0;1745666982;97.6;100.603;95.255;104.656;
1900-01-01 21:29:43;157.0;1745666983;97.495;100.603;95.11;104.677;
1900-01-01 21:29:44;158.0;1745666984;97.495;100.625;95.092;104.754;
1900-01-01 21:29:45;159.0;1745666985;97.471;100.598;95.068;104.754;
1900-01-01 21:29:46;160.0;1745666986;97.487;100.598;95.068;104.569;
1900-01-01 21:29:47;161.0;1745666987;97.487;100.574;95.011;104.666;
1900-01-01 21:29:48;162.0;1745666988;97.361;100.53;95.011;104.666;
1900-01-01 21:29:49;163.0;1745666989;97.317;100.53;95.065;104.621;
1900-01-01 21:29:50;164.0;1745666990;97.317;100.555;95.14;104.621;
1900-01-01 21:29:51;165.0;1745666991;97.345;100.499;95.14;104.729;
1900-01-01 21:29:52;166.0;1745666992;97.345;100.499;95.115;104.598;
1900-01-01 21:29:53;167.0;1745666993;97.263;100.554;95.09;104.598;
1900-01-01 21:29:54;168.0;1745666994;97.157;100.482;95.09;104.718;
1900-01-01 21:29:55;169.0;1745666995;97.157;100.482;94.998;104.683;
1900-01-01 21:29:56;170.0;1745666996;97.166;100.485;94.966;104.683;
1900-01-01 21:29:58;171.0;1745666998;97.08;100.575;94.966;104.715;
1900-01-01 21:29:58;172.0;1745666998;97.08;100.575;95.064;104.735;
1900-01-01 21:29:59;173.0;1745666999;96.932;100.442;95.032;104.735;
1900-01-01 21:30:00;174.0;1745667000;97.018;100.442;95.032;104.707;
1900-01-01 21:30:01;175.0;1745667001;97.018;100.518;95.064;104.642;
1900-01-01 21:30:02;176.0;1745667002;96.925;100.49;95.064;104.642;
1900-01-01 21:30:03;177.0;1745667003;97.014;100.49;95.04;104.69;
1900-01-01 21:30:04;178.0;1745667004;97.014;100.502;94.998;104.669;
1900-01-01 21:30:05;179.0;1745667005;96.971;100.444;94.998;104.669;
1900-01-01 21:30:06;180.0;1745667006;96.971;100.444;94.972;104.731;
1900-01-01 21:30:07;181.0;1745667007;97.097;100.429;94.959;104.731;
1900-01-01 21:30:08;182.0;1745667008;97.094;100.467;94.959;104.755;
1900-01-01 21:30:09;183.0;1745667009;97.094;100.467;94.817;104.688;
1900-01-01 21:30:10;184.0;1745667010;97.108;100.426;94.752;104.688;
1900-01-01 21:30:11;185.0;1745667011;97.104;100.426;94.752;104.805;
1900-01-01 21:30:12;186.0;1745667012;97.104;100.417;94.734;104.794;
1900-01-01 21:30:13;187.0;1745667013;97.266;100.389;94.633;104.794;
1900-01-01 21:30:14;188.0;1745667014;97.203;100.389;94.633;104.73;
1900-01-01 21:30:15;189.0;1745667015;97.203;100.415;94.64;104.761;
1900-01-01 21:30:16;190.0;1745667016;97.313;100.395;94.705;104.761;
1900-01-01 21:30:18;191.0;1745667018;97.223;100.294;94.705;104.828;
1900-01-01 21:30:18;192.0;1745667018;97.223;100.294;94.695;104.727;
1900-01-01 21:30:19;193.0;1745667019;97.164;100.316;94.779;104.727;
1900-01-01 21:30:21;194.0;1745667021;97.044;100.304;94.779;104.687;
1900-01-01 21:30:21;195.0;1745667021;97.044;100.304;94.806;104.746;
1900-01-01 21:30:22;196.0;1745667022;96.969;100.312;94.829;104.746;
1900-01-01 21:30:23;197.0;1745667023;96.998;100.312;94.829;104.763;
1900-01-01 21:30:24;198.0;1745667024;96.998;100.327;94.766;104.741;
1900-01-01 21:30:25;199.0;1745667025;96.946;100.285;94.766;104.741;
1900-01-01 21:30:26;200.0;1745667026;96.892;100.285;94.819;104.742;
1900-01-01 21:30:27;201.0;1745667027;96.892;100.25;94.816;104.742;
1900-01-01 21:30:28;202.0;1745667028;96.867;100.309;94.816;104.757;
1900-01-01 21:30:30;203.0;1745667030;96.908;100.309;94.948;104.779;
1900-01-01 21:30:30;204.0;1745667030;96.908;100.237;94.846;104.779;
1900-01-01 21:30:31;205.0;1745667031;97.0;100.322;94.846;104.75;
1900-01-01 21:30:32;206.0;1745667032;97.0;100.322;94.741;104.663;
1900-01-01 21:30:33;207.0;1745667033;96.998;100.305;94.852;104.663;
1900-01-01 21:30:34;208.0;1745667034;97.097;100.287;94.852;104.642;
1900-01-01 21:30:36;209.0;1745667036;97.113;100.287;94.89;104.713;
1900-01-01 21:30:36;210.0;1745667036;97.113;100.287;94.959;104.713;
1900-01-01 21:30:37;211.0;1745667037;97.07;100.312;94.959;104.717;
1900-01-01 21:30:38;212.0;1745667038;97.07;100.312;94.922;104.686;
1900-01-01 21:30:39;213.0;1745667039;97.01;100.181;94.959;104.686;
1900-01-01 21:30:40;214.0;1745667040;96.945;100.181;94.959;104.717;
1900-01-01 21:30:41;215.0;1745667041;96.945;100.29;94.856;104.602;
1900-01-01 21:30:42;216.0;1745667042;96.876;100.268;94.856;104.602;
1900-01-01 21:30:43;217.0;1745667043;96.722;100.268;94.89;104.672;
1900-01-01 21:30:44;218.0;1745667044;96.722;100.286;94.955;104.672;
1900-01-01 21:30:45;219.0;1745667045;96.646;100.295;94.955;104.666;
1900-01-01 21:30:46;220.0;1745667046;96.642;100.295;95.007;104.696;
1900-01-01 21:30:47;221.0;1745667047;96.642;100.311;94.948;104.675;
1900-01-01 21:30:48;222.0;1745667048;96.615;100.252;94.948;104.675;
1900-01-01 21:30:49;223.0;1745667049;96.615;100.252;94.825;104.713;
1900-01-01 21:30:50;224.0;1745667050;96.619;100.267;94.783;104.713;
1900-01-01 21:30:51;225.0;1745667051;96.598;100.363;94.783;104.671;
1900-01-01 21:30:52;226.0;1745667052;96.598;100.363;94.777;104.72;
1900-01-01 21:30:53;227.0;1745667053;96.715;100.223;94.774;104.72;
1900-01-01 21:30:54;228.0;1745667054;96.658;100.251;94.774;104.861;
1900-01-01 21:30:55;229.0;1745667055;96.658;100.251;94.666;104.733;
1900-01-01 21:30:56;230.0;1745667056;96.616;100.286;94.666;104.733;
1900-01-01 21:30:57;231.0;1745667057;96.466;100.286;94.585;104.744;
1900-01-01 21:30:58;232.0;1745667058;96.466;100.233;94.604;104.751;
1900-01-01 21:30:59;233.0;1745667059;96.497;100.252;94.604;104.751;
1900-01-01 21:31:00;234.0;1745667060;96.538;100.252;94.644;104.688;
1900-01-01 21:31:01;235.0;1745667061;96.538;100.234;94.724;104.775;
1900-01-01 21:31:02;236.0;1745667062;96.511;100.184;94.724;104.775;
1900-01-01 21:31:03;237.0;1745667063;96.486;100.184;94.764;104.784;
1900-01-01 21:31:04;238.0;1745667064;96.486;100.115;94.744;104.756;
1900-01-01 21:31:05;239.0;1745667065;96.411;100.089;94.744;104.756;
1900-01-01 21:31:06;240.0;1745667066;96.411;100.089;94.657;104.782;
1900-01-01 21:31:07;241.0;1745667067;96.459;100.041;94.588;104.691;
1900-01-01 21:31:08;242.0;1745667068;96.347;100.151;94.588;104.691;
1900-01-01 21:31:09;243.0;1745667069;96.347;100.151;94.431;104.742;
1900-01-01 21:31:10;244.0;1745667070;96.331;100.104;94.332;104.742;
1900-01-01 21:31:11;245.0;1745667071;96.318;100.104;94.332;104.716;
1900-01-01 21:31:12;246.0;1745667072;96.318;100.078;94.316;104.752;
1900-01-01 21:31:14;247.0;1745667074;96.247;100.095;94.241;104.752;
1900-01-01 21:31:14;248.0;1745667074;96.248;100.095;94.241;104.667;
1900-01-01 21:31:15;249.0;1745667075;96.248;100.109;94.257;104.757;
1900-01-01 21:31:16;250.0;1745667076;96.22;100.046;94.257;104.757;
1900-01-01 21:31:17;251.0;1745667077;96.185;100.046;94.191;104.705;
1900-01-01 21:31:18;252.0;1745667078;96.185;100.088;94.205;104.773;
1900-01-01 21:31:19;253.0;1745667079;96.213;100.06;94.205;104.773;
1900-01-01 21:31:20;254.0;1745667080;96.314;100.06;94.353;104.664;
1900-01-01 21:31:21;255.0;1745667081;96.314;100.151;94.292;104.664;
1900-01-01 21:31:22;256.0;1745667082;96.24;100.089;94.292;104.742;
1900-01-01 21:31:23;257.0;1745667083;96.307;100.089;94.361;104.706;
1900-01-01 21:31:24;258.0;1745667084;96.307;99.99;94.425;104.706;
1900-01-01 21:31:25;259.0;1745667085;96.274;100.036;94.425;104.82;
1900-01-01 21:31:26;260.0;1745667086;96.274;100.036;94.528;104.683;
1900-01-01 21:31:27;261.0;1745667087;96.341;100.016;94.46;104.683;
1900-01-01 21:31:28;262.0;1745667088;96.265;100.044;94.46;104.698;
1900-01-01 21:31:29;263.0;1745667089;96.225;100.044;94.368;104.65;
1900-01-01 21:31:30;264.0;1745667090;96.225;99.939;94.322;104.65;
1900-01-01 21:31:31;265.0;1745667091;96.242;100.035;94.322;104.687;
1900-01-01 21:31:32;266.0;1745667092;96.242;100.035;94.319;104.782;
1900-01-01 21:31:34;267.0;1745667094;96.27;99.956;94.271;104.741;
1900-01-01 21:31:34;268.0;1745667094;96.238;99.956;94.271;104.741;
1900-01-01 21:31:35;269.0;1745667095;96.238;100.051;94.35;104.726;
1900-01-01 21:31:36;270.0;1745667096;96.232;99.954;94.326;104.726;
1900-01-01 21:31:38;271.0;1745667098;96.231;100.017;94.326;104.654;
1900-01-01 21:31:38;272.0;1745667098;96.231;100.017;94.374;104.7;
1900-01-01 21:31:39;273.0;1745667099;96.288;99.925;94.352;104.7;
1900-01-01 21:31:40;274.0;1745667100;96.195;99.925;94.352;104.789;
1900-01-01 21:31:41;275.0;1745667101;96.195;99.992;94.377;104.662;
1900-01-01 21:31:42;276.0;1745667102;96.149;99.957;94.377;104.662;
1900-01-01 21:31:43;277.0;1745667103;96.226;99.957;94.333;104.779;
1900-01-01 21:31:44;278.0;1745667104;96.226;99.928;94.362;104.706;
1900-01-01 21:31:45;279.0;1745667105;96.066;99.923;94.362;104.706;
1900-01-01 21:31:46;280.0;1745667106;96.099;99.923;94.304;104.772;
1900-01-01 21:31:47;281.0;1745667107;96.099;99.943;94.223;104.701;
1900-01-01 21:31:48;282.0;1745667108;96.017;99.955;94.223;104.701;
1900-01-01 21:31:49;283.0;1745667109;96.005;99.955;94.188;104.702;
1900-01-01 21:31:50;284.0;1745667110;96.005;99.921;94.2;104.722;
1900-01-01 21:31:51;285.0;1745667111;96.035;99.849;94.2;104.722;
1900-01-01 21:31:52;286.0;1745667112;96.035;99.849;94.233;104.715;
1900-01-01 21:31:53;287.0;1745667113;95.941;99.908;94.15;104.699;
1900-01-01 21:31:54;288.0;1745667114;95.857;99.908;94.15;104.699;
1900-01-01 21:31:55;289.0;1745667115;95.857;99.87;94.202;104.636;
1900-01-01 21:31:56;290.0;1745667116;95.787;99.841;94.133;104.636;
1900-01-01 21:31:57;291.0;1745667117;95.875;99.787;94.133;104.634;
1900-01-01 21:31:58;292.0;1745667118;95.875;99.787;94.069;104.672;
1900-01-01 21:31:59;293.0;1745667119;95.825;99.719;94.125;104.672;
1900-01-01 21:32:00;294.0;1745667120;95.805;99.719;94.125;104.751;
1900-01-01 21:32:01;295.0;1745667121;95.805;99.79;94.064;104.665;
1900-01-01 21:32:02;296.0;1745667122;95.76;99.885;94.075;104.665;
1900-01-01 21:32:03;297.0;1745667123;95.7;99.885;94.075;104.717;
1900-01-01 21:32:04;298.0;1745667124;95.7;99.798;94.108;104.828;
1900-01-01 21:32:05;299.0;1745667125;95.705;99.854;94.185;104.828;
1900-01-01 21:32:06;300.0;1745667126;95.668;99.854;94.185;104.651;
1900-01-01 21:32:07;301.0;1745667127;95.668;99.807;94.194;104.78;
1900-01-01 21:32:08;302.0;1745667128;95.629;99.849;94.194;104.78;
1900-01-01 21:32:09;303.0;1745667129;95.783;99.849;94.152;104.652;
1900-01-01 21:32:10;304.0;1745667130;95.783;99.848;94.208;104.709;
1900-01-01 21:32:11;305.0;1745667131;95.839;99.855;94.208;104.709;
1900-01-01 21:32:12;306.0;1745667132;95.839;99.855;94.178;104.725;
1900-01-01 21:32:13;307.0;1745667133;95.758;99.751;94.14;104.761;
1900-01-01 21:32:14;308.0;1745667134;95.842;99.784;94.14;104.761;
1900-01-01 21:32:15;309.0;1745667135;95.842;99.784;94.1;104.677;
1900-01-01 21:32:16;310.0;1745667136;95.808;99.868;93.997;104.677;
1900-01-01 21:32:17;311.0;1745667137;95.824;99.848;93.997;104.735;
1900-01-01 21:32:18;312.0;1745667138;95.824;99.848;94.001;104.675;
1900-01-01 21:32:19;313.0;1745667139;95.877;99.822;93.866;104.675;
1900-01-01 21:32:20;314.0;1745667140;95.897;99.85;93.866;104.684;
1900-01-01 21:32:21;315.0;1745667141;95.897;99.85;93.896;104.754;
1900-01-01 21:32:22;316.0;1745667142;95.778;99.802;93.781;104.754;
1900-01-01 21:32:23;317.0;1745667143;95.722;99.802;93.781;104.711;
1900-01-01 21:32:24;318.0;1745667144;95.722;99.774;93.784;104.769;
1900-01-01 21:32:25;319.0;1745667145;95.758;99.902;93.784;104.769;
1900-01-01 21:32:26;320.0;1745667146;95.754;99.902;93.763;104.725;
1900-01-01 21:32:27;321.0;1745667147;95.754;99.703;93.764;104.725;
1900-01-01 21:32:28;322.0;1745667148;95.749;99.738;93.764;104.672;
1900-01-01 21:32:29;323.0;1745667149;95.737;99.738;93.91;104.717;
1900-01-01 21:32:30;324.0;1745667150;95.737;99.752;93.905;104.714;
1900-01-01 21:32:31;325.0;1745667151;95.738;99.736;93.96;104.714;
1900-01-01 21:32:32;326.0;1745667152;95.738;99.736;93.96;104.725;
1900-01-01 21:32:33;327.0;1745667153;95.665;99.687;93.87;104.8;
1900-01-01 21:32:34;328.0;1745667154;95.734;99.644;93.87;104.8;
1900-01-01 21:32:35;329.0;1745667155;95.734;99.644;93.746;104.689;
1900-01-01 21:32:36;330.0;1745667156;95.709;99.731;93.763;104.714;
1900-01-01 21:32:37;331.0;1745667157;95.677;99.649;93.763;104.714;
1900-01-01 21:32:38;332.0;1745667158;95.677;99.649;93.65;104.709;
1900-01-01 21:32:39;333.0;1745667159;95.643;99.703;93.642;104.709;
1900-01-01 21:32:40;334.0;1745667160;95.609;99.567;93.642;104.755;
1900-01-01 21:32:42;335.0;1745667162;95.602;99.567;93.682;104.592;
1900-01-01 21:32:42;336.0;1745667162;95.602;99.634;93.805;104.592;
1900-01-01 21:32:43;337.0;1745667163;95.63;99.634;93.805;104.72;
1900-01-01 21:32:44;338.0;1745667164;95.63;99.609;93.804;104.705;
1900-01-01 21:32:46;339.0;1745667166;95.607;99.654;93.806;104.705;
1900-01-01 21:32:46;340.0;1745667166;95.585;99.654;93.806;104.773;
1900-01-01 21:32:47;341.0;1745667167;95.585;99.506;93.856;104.688;
1900-01-01 21:32:49;342.0;1745667169;95.609;99.619;93.905;104.688;
1900-01-01 21:32:49;343.0;1745667169;95.59;99.619;93.905;104.774;
1900-01-01 21:32:50;344.0;1745667170;95.59;99.632;93.842;104.718;
1900-01-01 21:32:51;345.0;1745667171;95.507;99.531;93.842;104.718;
1900-01-01 21:32:52;346.0;1745667172;95.536;99.531;93.842;104.778;
1900-01-01 21:32:53;347.0;1745667173;95.536;99.597;93.755;104.757;
1900-01-01 21:32:55;348.0;1745667175;95.462;99.661;93.876;104.757;
1900-01-01 21:32:55;349.0;1745667175;95.462;99.661;93.876;104.678;
1900-01-01 21:32:56;350.0;1745667176;95.307;99.57;93.842;104.792;
1900-01-01 21:32:57;351.0;1745667177;95.298;99.583;93.842;104.792;
1900-01-01 21:32:58;352.0;1745667178;95.224;99.583;93.752;104.759;
1900-01-01 21:32:59;353.0;1745667179;95.224;99.666;93.633;104.759;
1900-01-01 21:33:00;354.0;1745667180;95.184;99.598;93.633;104.756;
1900-01-01 21:33:01;355.0;1745667181;95.184;99.598;93.686;104.742;
1900-01-01 21:33:02;356.0;1745667182;95.092;99.503;93.58;104.742;
1900-01-01 21:33:03;357.0;1745667183;95.062;99.503;93.58;104.712;
1900-01-01 21:33:04;358.0;1745667184;95.062;99.551;93.627;104.782;
1900-01-01 21:33:05;359.0;1745667185;95.09;99.548;93.483;104.782;
1900-01-01 21:33:06;360.0;1745667186;95.042;99.548;93.483;104.713;
1900-01-01 21:33:07;361.0;1745667187;95.042;99.572;93.437;104.747;
1900-01-01 21:33:08;362.0;1745667188;95.017;99.604;93.204;104.747;
1900-01-01 21:33:09;363.0;1745667189;95.007;99.604;93.204;104.741;
1900-01-01 21:33:10;364.0;1745667190;95.007;99.579;93.207;104.748;
1900-01-01 21:33:12;365.0;1745667192;95.038;99.554;93.074;104.748;
1900-01-01 21:33:12;366.0;1745667192;94.93;99.554;93.074;104.675;
1900-01-01 21:33:13;367.0;1745667193;94.93;99.644;93.02;104.731;
1900-01-01 21:33:14;368.0;1745667194;95.011;99.498;93.117;104.731;
1900-01-01 21:33:15;369.0;1745667195;94.982;99.498;93.117;104.734;
1900-01-01 21:33:16;370.0;1745667196;94.982;99.518;93.12;104.664;
1900-01-01 21:33:17;371.0;1745667197;94.96;99.463;93.12;104.664;
1900-01-01 21:33:18;372.0;1745667198;94.912;99.463;93.126;104.635;
1900-01-01 21:33:19;373.0;1745667199;94.912;99.506;93.191;104.635;
1900-01-01 21:33:20;374.0;1745667200;94.865;99.549;93.191;104.738;
1900-01-01 21:33:21;375.0;1745667201;94.837;99.549;93.196;104.709;
1900-01-01 21:33:22;376.0;1745667202;94.837;99.44;93.236;104.709;
1900-01-01 21:33:23;377.0;1745667203;94.712;99.431;93.236;104.718;
1900-01-01 21:33:25;378.0;1745667205;94.644;99.431;93.277;104.68;
1900-01-01 21:33:25;379.0;1745667205;94.644;99.395;93.251;104.68;
1900-01-01 21:33:26;380.0;1745667206;94.569;99.432;93.251;104.699;
1900-01-01 21:33:27;381.0;1745667207;94.569;99.432;93.211;104.724;
1900-01-01 21:33:28;382.0;1745667208;94.484;99.411;93.212;104.724;
1900-01-01 21:33:29;383.0;1745667209;94.4;99.402;93.212;104.749;
1900-01-01 21:33:30;384.0;1745667210;94.4;99.402;93.176;104.699;
1900-01-01 21:33:31;385.0;1745667211;94.367;99.327;93.24;104.699;
1900-01-01 21:33:32;386.0;1745667212;94.212;99.327;93.24;104.686;
1900-01-01 21:33:33;387.0;1745667213;94.212;99.342;93.278;104.727;
1900-01-01 21:33:34;388.0;1745667214;94.185;99.367;93.27;104.727;
1900-01-01 21:33:35;389.0;1745667215;94.072;99.367;93.27;104.721;
1900-01-01 21:33:36;390.0;1745667216;94.072;99.349;93.279;104.752;
1900-01-01 21:33:37;391.0;1745667217;93.985;99.347;93.272;104.752;
1900-01-01 21:33:38;392.0;1745667218;93.986;99.347;93.272;104.727;
1900-01-01 21:33:39;393.0;1745667219;93.986;99.299;93.199;104.754;
1900-01-01 21:33:40;394.0;1745667220;93.853;99.338;93.199;104.754;
1900-01-01 21:33:41;395.0;1745667221;93.902;99.338;93.019;104.76;
1900-01-01 21:33:42;396.0;1745667222;93.902;99.284;92.975;104.76;
1900-01-01 21:33:43;397.0;1745667223;93.821;99.317;92.975;104.693;
1900-01-01 21:33:44;398.0;1745667224;93.779;99.317;92.96;104.644;
1900-01-01 21:33:45;399.0;1745667225;93.779;99.235;92.903;104.644;
1900-01-01 21:33:46;400.0;1745667226;93.761;99.265;92.903;104.61;
1900-01-01 21:33:48;401.0;1745667228;93.815;99.265;92.862;104.582;
1900-01-01 21:33:48;402.0;1745667228;93.815;99.304;92.794;104.582;
1900-01-01 21:33:49;403.0;1745667229;93.835;99.192;92.794;104.716;
1900-01-01 21:33:50;404.0;1745667230;93.835;99.192;92.741;104.657;
1900-01-01 21:33:51;405.0;1745667231;93.911;99.284;92.75;104.657;
1900-01-01 21:33:52;406.0;1745667232;93.978;99.284;92.75;104.698;
1900-01-01 21:33:53;407.0;1745667233;93.978;99.208;92.662;104.758;
1900-01-01 21:33:55;408.0;1745667235;94.059;99.125;92.646;104.758;
1900-01-01 21:33:55;409.0;1745667235;94.057;99.125;92.646;104.653;
1900-01-01 21:33:56;410.0;1745667236;94.057;99.19;92.644;104.765;
1900-01-01 21:33:57;411.0;1745667237;94.093;99.14;92.548;104.765;
1900-01-01 21:33:59;412.0;1745667239;94.08;99.156;92.548;104.659;
1900-01-01 21:33:59;413.0;1745667239;94.08;99.156;92.42;104.641;
1900-01-01 21:34:00;414.0;1745667240;94.166;99.149;92.25;104.641;
1900-01-01 21:34:01;415.0;1745667241;94.137;99.149;92.25;104.675;
1900-01-01 21:34:02;416.0;1745667242;94.137;99.176;92.055;104.708;
1900-01-01 21:34:03;417.0;1745667243;94.116;99.143;92.055;104.708;
1900-01-01 21:34:04;418.0;1745667244;94.116;99.143;91.971;104.644;
1900-01-01 21:34:05;419.0;1745667245;94.116;99.174;92.068;104.644;
1900-01-01 21:34:06;420.0;1745667246;94.131;99.126;92.068;104.725;
1900-01-01 21:34:07;421.0;1745667247;94.001;99.126;91.98;104.649;
1900-01-01 21:34:08;422.0;1745667248;94.001;99.147;92.042;104.644;
1900-01-01 21:34:09;423.0;1745667249;94.022;99.229;92.042;104.644;
1900-01-01 21:34:10;424.0;1745667250;94.022;99.229;91.971;104.717;
1900-01-01 21:34:11;425.0;1745667251;93.969;99.19;92.032;104.774;
1900-01-01 21:34:12;426.0;1745667252;93.924;99.14;92.032;104.774;
1900-01-01 21:34:13;427.0;1745667253;93.989;99.14;92.143;104.713;
1900-01-01 21:34:14;428.0;1745667254;93.989;99.189;92.217;104.713;
1900-01-01 21:34:15;429.0;1745667255;93.923;99.109;92.217;104.757;
1900-01-01 21:34:16;430.0;1745667256;93.901;99.109;92.373;104.639;
1900-01-01 21:34:17;431.0;1745667257;93.901;99.119;92.325;104.737;
1900-01-01 21:34:18;432.0;1745667258;93.922;99.049;92.419;104.737;
1900-01-01 21:34:19;433.0;1745667259;93.894;99.049;92.419;104.74;
1900-01-01 21:34:20;434.0;1745667260;93.894;99.072;92.498;104.758;
1900-01-01 21:34:21;435.0;1745667261;93.913;99.095;92.439;104.758;
1900-01-01 21:34:22;436.0;1745667262;93.924;99.095;92.439;104.707;
1900-01-01 21:34:23;437.0;1745667263;93.924;98.983;92.394;104.821;
1900-01-01 21:34:24;438.0;1745667264;93.851;99.076;92.394;104.821;
1900-01-01 21:34:25;439.0;1745667265;93.81;99.076;92.157;104.727;
1900-01-01 21:34:26;440.0;1745667266;93.81;99.11;92.168;104.735;
1900-01-01 21:34:27;441.0;1745667267;93.715;99.101;92.168;104.735;
1900-01-01 21:34:28;442.0;1745667268;93.736;99.101;92.07;104.764;
1900-01-01 21:34:29;443.0;1745667269;93.736;99.036;91.905;104.67;
1900-01-01 21:34:30;444.0;1745667270;93.71;99.026;91.905;104.67;
1900-01-01 21:34:32;445.0;1745667272;93.645;99.026;91.859;104.681;
1900-01-01 21:34:32;446.0;1745667272;93.645;99.067;91.873;104.72;
1900-01-01 21:34:33;447.0;1745667273;93.687;99.129;91.873;104.72;
1900-01-01 21:34:34;448.0;1745667274;93.726;99.129;91.877;104.705;
1900-01-01 21:34:35;449.0;1745667275;93.726;99.05;91.995;104.705;
1900-01-01 21:34:36;450.0;1745667276;93.757;99.078;91.995;104.727;
1900-01-01 21:34:37;451.0;1745667277;93.81;99.078;92.077;104.765;
1900-01-01 21:34:38;452.0;1745667278;93.81;98.969;92.069;104.765;
1900-01-01 21:34:39;453.0;1745667279;93.812;98.969;92.069;104.782;
1900-01-01 21:34:40;454.0;1745667280;93.812;98.969;92.206;104.755;
1900-01-01 21:34:41;455.0;1745667281;93.675;98.977;92.235;104.755;
1900-01-01 21:34:42;456.0;1745667282;93.689;98.997;92.235;104.778;
1900-01-01 21:34:43;457.0;1745667283;93.689;98.997;92.281;104.733;
1900-01-01 21:34:44;458.0;1745667284;93.557;98.95;92.295;104.733;
1900-01-01 21:34:45;459.0;1745667285;93.684;98.95;92.295;104.8;
1900-01-01 21:34:46;460.0;1745667286;93.684;98.902;92.181;104.783;
1900-01-01 21:34:47;461.0;1745667287;93.596;98.918;92.181;104.783;
1900-01-01 21:34:48;462.0;1745667288;93.573;98.918;92.2;104.681;
1900-01-01 21:34:49;463.0;1745667289;93.573;98.988;92.193;104.79;
1900-01-01 21:34:50;464.0;1745667290;93.608;98.848;92.193;104.79;
1900-01-01 21:34:51;465.0;1745667291;93.567;98.848;92.227;104.811;
1900-01-01 21:34:52;466.0;1745667292;93.567;98.9;92.249;104.659;
1900-01-01 21:34:53;467.0;1745667293;93.58;98.847;92.249;104.659;
1900-01-01 21:34:54;468.0;1745667294;93.534;98.847;92.195;104.736;
1900-01-01 21:34:55;469.0;1745667295;93.534;98.935;92.157;104.645;
1900-01-01 21:34:56;470.0;1745667296;93.375;98.922;92.157;104.645;
1900-01-01 21:34:57;471.0;1745667297;93.375;98.922;92.014;104.744;
1900-01-01 21:34:58;472.0;1745667298;93.371;98.884;91.929;104.744;
1900-01-01 21:34:59;473.0;1745667299;93.353;98.884;91.929;104.731;
1900-01-01 21:35:00;474.0;1745667300;93.337;98.884;91.932;104.766;
1900-01-01 21:35:01;475.0;1745667301;93.337;98.916;91.831;104.766;
1900-01-01 21:35:02;476.0;1745667302;93.362;98.838;91.831;104.67;
1900-01-01 21:35:03;477.0;1745667303;93.362;98.838;91.676;104.799;
1900-01-01 21:35:04;478.0;1745667304;93.303;98.8;91.7;104.799;
1900-01-01 21:35:05;479.0;1745667305;93.217;98.863;91.7;104.746;
1900-01-01 21:35:06;480.0;1745667306;93.217;98.863;91.609;104.695;
1900-01-01 21:35:07;481.0;1745667307;93.288;98.799;91.611;104.695;
1900-01-01 21:35:08;482.0;1745667308;93.23;98.799;91.611;104.686;
1900-01-01 21:35:09;483.0;1745667309;93.23;98.781;91.55;104.68;
1900-01-01 21:35:11;484.0;1745667311;93.181;98.78;91.569;104.68;
1900-01-01 21:35:11;485.0;1745667311;93.205;98.78;91.569;104.795;
1900-01-01 21:35:12;486.0;1745667312;93.205;98.783;91.46;104.727;
1900-01-01 21:35:14;487.0;1745667314;93.101;98.677;91.455;104.727;
1900-01-01 21:35:14;488.0;1745667314;93.152;98.677;91.455;104.868;
1900-01-01 21:35:15;489.0;1745667315;93.152;98.709;91.516;104.669;
1900-01-01 21:35:16;490.0;1745667316;93.245;98.633;91.516;104.669;
1900-01-01 21:35:17;491.0;1745667317;93.192;98.633;91.488;104.705;
1900-01-01 21:35:18;492.0;1745667318;93.192;98.721;91.548;104.666;
1900-01-01 21:35:19;493.0;1745667319;93.278;98.752;91.548;104.666;
1900-01-01 21:35:20;494.0;1745667320;93.268;98.752;91.515;104.71;
1900-01-01 21:35:21;495.0;1745667321;93.268;98.694;91.486;104.71;
1900-01-01 21:35:22;496.0;1745667322;93.219;98.64;91.486;104.685;
1900-01-01 21:35:23;497.0;1745667323;93.219;98.64;91.366;104.666;
1900-01-01 21:35:24;498.0;1745667324;93.183;98.699;91.293;104.666;
1900-01-01 21:35:25;499.0;1745667325;93.24;98.699;91.293;104.762;
1900-01-01 21:35:26;500.0;1745667326;93.24;98.699;91.16;104.76;
1900-01-01 21:35:27;501.0;1745667327;93.136;98.732;91.202;104.76;
1900-01-01 21:35:28;502.0;1745667328;93.029;98.705;91.202;104.719;
1900-01-01 21:35:29;503.0;1745667329;93.029;98.705;91.281;104.687;
1900-01-01 21:35:30;504.0;1745667330;92.984;98.654;91.435;104.687;
1900-01-01 21:35:31;505.0;1745667331;92.852;98.654;91.435;104.699;
1900-01-01 21:35:32;506.0;1745667332;92.852;98.688;91.405;104.77;
1900-01-01 21:35:33;507.0;1745667333;92.865;98.637;91.411;104.77;
1900-01-01 21:35:34;508.0;1745667334;92.792;98.637;91.411;104.805;
1900-01-01 21:35:35;509.0;1745667335;92.792;98.727;91.357;104.728;
1900-01-01 21:35:36;510.0;1745667336;92.818;98.759;91.372;104.728;
1900-01-01 21:35:38;511.0;1745667338;92.751;98.759;91.372;104.824;
1900-01-01 21:35:38;512.0;1745667338;92.751;98.583;91.243;104.754;
1900-01-01 21:35:39;513.0;1745667339;92.837;98.613;91.243;104.754;
1900-01-01 21:35:40;514.0;1745667340;92.778;98.613;91.237;104.778;
1900-01-01 21:35:41;515.0;1745667341;92.778;98.625;91.245;104.819;
1900-01-01 21:35:42;516.0;1745667342;92.931;98.679;91.245;104.819;
1900-01-01 21:35:44;517.0;1745667344;92.96;98.679;91.313;104.744;
1900-01-01 21:35:44;518.0;1745667344;92.96;98.575;91.353;104.744;
1900-01-01 21:35:45;519.0;1745667345;93.037;98.549;91.353;104.732;
1900-01-01 21:35:46;520.0;1745667346;93.037;98.549;91.382;104.813;
1900-01-01 21:35:47;521.0;1745667347;93.061;98.547;91.372;104.813;
1900-01-01 21:35:49;522.0;1745667349;93.173;98.464;91.372;104.7;
1900-01-01 21:35:49;523.0;1745667349;93.173;98.464;91.396;104.723;
1900-01-01 21:35:50;524.0;1745667350;93.133;98.472;91.301;104.723;
1900-01-01 21:35:52;525.0;1745667352;93.252;98.613;91.301;104.676;
1900-01-01 21:35:52;526.0;1745667352;93.252;98.613;91.405;104.733;
1900-01-01 21:35:53;527.0;1745667353;93.146;98.544;91.387;104.733;
1900-01-01 21:35:54;528.0;1745667354;93.19;98.544;91.387;104.8;
1900-01-01 21:35:55;529.0;1745667355;93.19;98.556;91.388;104.735;
1900-01-01 21:35:56;530.0;1745667356;93.185;98.525;91.368;104.735;
1900-01-01 21:35:57;531.0;1745667357;93.145;98.525;91.368;104.779;
1900-01-01 21:35:58;532.0;1745667358;93.145;98.53;91.311;104.758;
1900-01-01 21:35:59;533.0;1745667359;93.231;98.56;91.311;104.758;
1900-01-01 21:36:00;534.0;1745667360;93.229;98.56;91.237;104.79;
1900-01-01 21:36:01;535.0;1745667361;93.229;98.53;91.242;104.749;
1900-01-01 21:36:02;536.0;1745667362;93.178;98.517;91.242;104.749;
1900-01-01 21:36:04;537.0;1745667364;93.226;98.517;91.16;104.773;
1900-01-01 21:36:04;538.0;1745667364;93.226;98.492;91.164;104.773;
1900-01-01 21:36:05;539.0;1745667365;93.196;98.48;91.164;104.767;
1900-01-01 21:36:06;540.0;1745667366;93.241;98.48;91.145;104.826;
1900-01-01 21:36:08;541.0;1745667368;93.241;98.48;91.167;104.738;
1900-01-01 21:36:08;542.0;1745667368;93.248;98.49;91.167;104.738;
1900-01-01 21:36:09;543.0;1745667369;93.248;98.49;91.226;104.826;
1900-01-01 21:36:10;544.0;1745667370;93.254;98.474;91.09;104.716;
1900-01-01 21:36:11;545.0;1745667371;93.209;98.444;91.09;104.716;
1900-01-01 21:36:12;546.0;1745667372;93.209;98.444;91.125;104.683;
1900-01-01 21:36:14;547.0;1745667374;93.133;98.537;91.033;104.695;
1900-01-01 21:36:14;548.0;1745667374;93.153;98.467;91.033;104.695;
1900-01-01 21:36:15;549.0;1745667375;93.153;98.467;91.011;104.802;
1900-01-01 21:36:16;550.0;1745667376;93.212;98.392;90.913;104.802;
1900-01-01 21:36:17;551.0;1745667377;93.169;98.392;90.913;104.784;
1900-01-01 21:36:18;552.0;1745667378;93.169;98.459;90.948;104.797;
1900-01-01 21:36:19;553.0;1745667379;93.057;98.477;90.928;104.797;
1900-01-01 21:36:20;554.0;1745667380;93.095;98.477;90.928;104.724;
1900-01-01 21:36:21;555.0;1745667381;93.095;98.482;90.844;104.784;
1900-01-01 21:36:22;556.0;1745667382;93.074;98.449;90.844;104.784;
1900-01-01 21:36:23;557.0;1745667383;93.005;98.449;90.972;104.824;
1900-01-01 21:36:24;558.0;1745667384;93.005;98.331;90.806;104.769;
1900-01-01 21:36:25;559.0;1745667385;93.0;98.409;90.806;104.769;
1900-01-01 21:36:26;560.0;1745667386;92.951;98.409;90.768;104.69;
1900-01-01 21:36:27;561.0;1745667387;92.951;98.364;90.874;104.689;
1900-01-01 21:36:28;562.0;1745667388;92.927;98.347;90.874;104.689;
1900-01-01 21:36:29;563.0;1745667389;92.927;98.347;90.849;104.81;
1900-01-01 21:36:30;564.0;1745667390;92.954;98.33;90.849;104.81;
1900-01-01 21:36:32;565.0;1745667392;92.861;98.245;90.849;104.761;
1900-01-01 21:36:32;566.0;1745667392;92.861;98.245;90.816;104.665;
1900-01-01 21:36:33;567.0;1745667393;92.871;98.313;90.815;104.665;
1900-01-01 21:36:34;568.0;1745667394;92.901;98.303;90.815;104.714;
1900-01-01 21:36:35;569.0;1745667395;92.901;98.303;90.757;104.721;
1900-01-01 21:36:36;570.0;1745667396;92.818;98.251;90.842;104.721;
1900-01-01 21:36:37;571.0;1745667397;92.801;98.251;90.842;104.731;
1900-01-01 21:36:38;572.0;1745667398;92.801;98.422;90.747;104.722;
1900-01-01 21:36:39;573.0;1745667399;92.716;98.224;90.756;104.722;
1900-01-01 21:36:40;574.0;1745667400;92.631;98.224;90.756;104.784;
1900-01-01 21:36:41;575.0;1745667401;92.631;98.306;90.722;104.74;
1900-01-01 21:36:42;576.0;1745667402;92.66;98.35;90.692;104.74;
1900-01-01 21:36:43;577.0;1745667403;92.573;98.35;90.692;104.794;
1900-01-01 21:36:44;578.0;1745667404;92.573;98.34;90.623;104.747;
1900-01-01 21:36:45;579.0;1745667405;92.556;98.254;90.623;104.747;
1900-01-01 21:36:46;580.0;1745667406;92.468;98.254;90.635;104.754;
1900-01-01 21:36:47;581.0;1745667407;92.468;98.191;90.645;104.754;
1900-01-01 21:36:48;582.0;1745667408;92.447;98.271;90.645;104.825;
1900-01-01 21:36:49;583.0;1745667409;92.491;98.271;90.717;104.712;
1900-01-01 21:36:50;584.0;1745667410;92.491;98.237;90.711;104.712;
1900-01-01 21:36:51;585.0;1745667411;92.375;98.233;90.711;104.735;
1900-01-01 21:36:52;586.0;1745667412;92.39;98.233;90.717;104.74;
1900-01-01 21:36:53;587.0;1745667413;92.39;98.222;90.662;104.74;
1900-01-01 21:36:54;588.0;1745667414;92.284;98.158;90.662;104.749;
1900-01-01 21:36:55;589.0;1745667415;92.284;98.158;90.55;104.812;
1900-01-01 21:36:56;590.0;1745667416;92.309;98.192;90.441;104.812;
1900-01-01 21:36:58;591.0;1745667418;92.183;98.18;90.441;104.79;
1900-01-01 21:36:58;592.0;1745667418;92.183;98.18;90.494;104.8;
1900-01-01 21:36:59;593.0;1745667419;92.248;98.088;90.491;104.8;
1900-01-01 21:37:00;594.0;1745667420;92.207;98.088;90.491;104.767;
1900-01-01 21:37:01;595.0;1745667421;92.207;98.136;90.465;104.734;
1900-01-01 21:37:02;596.0;1745667422;92.204;98.207;90.605;104.734;
1900-01-01 21:37:03;597.0;1745667423;92.175;98.207;90.605;104.77;
1900-01-01 21:37:04;598.0;1745667424;92.175;98.156;90.622;104.783;
1900-01-01 21:37:06;599.0;1745667426;92.185;98.163;90.611;104.783;
1900-01-01 21:37:06;600.0;1745667426;92.102;98.163;90.611;104.792;
1900-01-01 21:37:07;601.0;1745667427;92.102;98.14;90.569;104.761;
1900-01-01 21:37:08;602.0;1745667428;92.11;98.078;90.569;104.761;
1900-01-01 21:37:09;603.0;1745667429;92.11;98.078;90.661;104.687;
1900-01-01 21:37:10;604.0;1745667430;92.005;98.091;90.558;104.787;
1900-01-01 21:37:11;605.0;1745667431;92.039;98.12;90.558;104.787;
1900-01-01 21:37:12;606.0;1745667432;92.039;98.12;90.456;104.706;
1900-01-01 21:37:13;607.0;1745667433;92.028;98.048;90.42;104.706;
1900-01-01 21:37:14;608.0;1745667434;91.963;98.044;90.42;104.77;
1900-01-01 21:37:15;609.0;1745667435;91.963;98.044;90.416;104.691;
1900-01-01 21:37:16;610.0;1745667436;91.958;98.158;90.326;104.691;
1900-01-01 21:37:17;611.0;1745667437;91.976;98.158;90.326;104.754;
1900-01-01 21:37:18;612.0;1745667438;91.976;98.039;90.342;104.683;
1900-01-01 21:37:19;613.0;1745667439;91.986;98.129;90.241;104.683;
1900-01-01 21:37:20;614.0;1745667440;92.053;98.145;90.241;104.769;
1900-01-01 21:37:21;615.0;1745667441;92.053;98.145;90.222;104.663;
1900-01-01 21:37:22;616.0;1745667442;92.086;98.103;90.196;104.663;
1900-01-01 21:37:23;617.0;1745667443;92.065;98.103;90.196;104.729;
1900-01-01 21:37:24;618.0;1745667444;92.065;98.107;90.291;104.625;
1900-01-01 21:37:25;619.0;1745667445;92.121;98.071;90.291;104.625;
1900-01-01 21:37:26;620.0;1745667446;92.165;98.071;90.344;104.627;
1900-01-01 21:37:27;621.0;1745667447;92.165;98.072;90.325;104.691;
1900-01-01 21:37:29;622.0;1745667449;92.041;98.137;90.373;104.691;
1900-01-01 21:37:29;623.0;1745667449;92.012;98.137;90.373;104.754;
1900-01-01 21:37:30;624.0;1745667450;92.012;98.092;90.358;104.674;
1900-01-01 21:37:31;625.0;1745667451;91.998;98.053;90.358;104.674;
1900-01-01 21:37:32;626.0;1745667452;91.973;98.053;90.34;104.771;
1900-01-01 21:37:33;627.0;1745667453;91.973;98.041;90.239;104.696;
1900-01-01 21:37:34;628.0;1745667454;91.861;98.096;90.239;104.696;
1900-01-01 21:37:35;629.0;1745667455;91.861;98.096;90.206;104.706;
1900-01-01 21:37:36;630.0;1745667456;91.879;98.053;90.206;104.784;
1900-01-01 21:37:37;631.0;1745667457;91.874;97.969;90.206;104.784;
1900-01-01 21:37:38;632.0;1745667458;91.874;97.969;90.213;104.668;
1900-01-01 21:37:39;633.0;1745667459;91.819;97.963;90.164;104.668;
1900-01-01 21:37:40;634.0;1745667460;91.739;97.906;90.164;104.606;
1900-01-01 21:37:41;635.0;1745667461;91.739;97.906;90.226;104.75;
1900-01-01 21:37:42;636.0;1745667462;91.738;97.954;90.149;104.75;
1900-01-01 21:37:43;637.0;1745667463;91.718;97.888;90.149;104.753;
1900-01-01 21:37:45;638.0;1745667465;91.718;97.888;90.178;104.735;
1900-01-01 21:37:45;639.0;1745667465;91.774;97.888;90.242;104.735;
1900-01-01 21:37:46;640.0;1745667466;91.705;97.875;90.242;104.735;
1900-01-01 21:37:47;641.0;1745667467;91.705;97.875;90.19;104.795;
1900-01-01 21:37:48;642.0;1745667468;91.796;97.852;90.179;104.795;
1900-01-01 21:37:49;643.0;1745667469;91.69;97.852;90.179;104.788;
1900-01-01 21:37:50;644.0;1745667470;91.69;97.997;90.186;104.716;
1900-01-01 21:37:51;645.0;1745667471;91.703;97.895;90.186;104.716;
1900-01-01 21:37:52;646.0;1745667472;91.741;97.895;90.112;104.774;
1900-01-01 21:37:53;647.0;1745667473;91.741;97.904;90.046;104.765;
1900-01-01 21:37:54;648.0;1745667474;91.801;97.878;90.046;104.765;
1900-01-01 21:37:55;649.0;1745667475;91.733;97.878;89.926;104.676;
1900-01-01 21:37:56;650.0;1745667476;91.733;97.843;89.938;104.741;
1900-01-01 21:37:57;651.0;1745667477;91.727;97.837;89.938;104.741;
1900-01-01 21:37:58;652.0;1745667478;91.766;97.837;89.998;104.701;
1900-01-01 21:37:59;653.0;1745667479;91.766;97.86;90.105;104.695;
1900-01-01 21:38:00;654.0;1745667480;91.621;97.882;90.105;104.695;
1900-01-01 21:38:01;655.0;1745667481;91.673;97.882;90.123;104.704;
1900-01-01 21:38:02;656.0;1745667482;91.673;97.914;90.11;104.771;
1900-01-01 21:38:03;657.0;1745667483;91.653;97.866;90.11;104.771;
1900-01-01 21:38:04;658.0;1745667484;91.653;97.866;90.074;104.717;
1900-01-01 21:38:05;659.0;1745667485;91.615;97.86;90.051;104.642;
1900-01-01 21:38:06;660.0;1745667486;91.683;97.886;90.051;104.642;
1900-01-01 21:38:07;661.0;1745667487;91.683;97.886;90.096;104.674;
1900-01-01 21:38:08;662.0;1745667488;91.61;97.817;89.973;104.674;
1900-01-01 21:38:09;663.0;1745667489;91.605;97.817;89.973;104.674;
1900-01-01 21:38:10;664.0;1745667490;91.605;97.798;89.968;104.722;
1900-01-01 21:38:11;665.0;1745667491;91.67;97.822;89.862;104.722;
1900-01-01 21:38:12;666.0;1745667492;91.67;97.822;89.862;104.774;
1900-01-01 21:38:13;667.0;1745667493;91.67;97.719;89.893;104.679;
1900-01-01 21:38:14;668.0;1745667494;91.623;97.73;89.893;104.679;
1900-01-01 21:38:15;669.0;1745667495;91.627;97.73;89.793;104.734;
1900-01-01 21:38:16;670.0;1745667496;91.627;97.84;89.873;104.696;
1900-01-01 21:38:17;671.0;1745667497;91.62;97.779;89.873;104.696;
1900-01-01 21:38:18;672.0;1745667498;91.565;97.779;89.881;104.729;
1900-01-01 21:38:19;673.0;1745667499;91.565;97.872;90.029;104.708;
1900-01-01 21:38:20;674.0;1745667500;91.433;97.673;90.029;104.708;
1900-01-01 21:38:21;675.0;1745667501;91.433;97.673;90.091;104.81;
1900-01-01 21:38:22;676.0;1745667502;91.4;97.691;89.994;104.687;
1900-01-01 21:38:23;677.0;1745667503;91.463;97.691;89.994;104.687;
1900-01-01 21:38:24;678.0;1745667504;91.463;97.742;89.938;104.657;
1900-01-01 21:38:26;679.0;1745667506;91.431;97.667;89.886;104.657;
1900-01-01 21:38:26;680.0;1745667506;91.285;97.667;89.886;104.768;
1900-01-01 21:38:27;681.0;1745667507;91.285;97.688;89.846;104.717;
1900-01-01 21:38:28;682.0;1745667508;91.327;97.686;89.929;104.717;
1900-01-01 21:38:29;683.0;1745667509;91.287;97.686;89.929;104.62;
1900-01-01 21:38:30;684.0;1745667510;91.287;97.722;89.843;104.71;
1900-01-01 21:38:31;685.0;1745667511;91.3;97.702;89.823;104.71;
1900-01-01 21:38:32;686.0;1745667512;91.224;97.702;89.823;104.723;
1900-01-01 21:38:33;687.0;1745667513;91.224;97.697;89.799;104.731;
1900-01-01 21:38:34;688.0;1745667514;91.266;97.599;89.83;104.731;
1900-01-01 21:38:35;689.0;1745667515;91.269;97.599;89.83;104.722;
1900-01-01 21:38:36;690.0;1745667516;91.269;97.62;89.791;104.82;
1900-01-01 21:38:37;691.0;1745667517;91.188;97.611;89.712;104.82;
1900-01-01 21:38:38;692.0;1745667518;91.184;97.611;89.712;104.735;
1900-01-01 21:38:39;693.0;1745667519;91.184;97.63;89.733;104.728;
1900-01-01 21:38:40;694.0;1745667520;91.118;97.653;89.716;104.728;
1900-01-01 21:38:41;695.0;1745667521;91.203;97.653;89.716;104.706;
1900-01-01 21:38:42;696.0;1745667522;91.203;97.617;89.699;104.753;
1900-01-01 21:38:43;697.0;1745667523;91.115;97.546;89.699;104.753;
1900-01-01 21:38:45;698.0;1745667525;91.167;97.546;89.682;104.747;
1900-01-01 21:38:45;699.0;1745667525;91.167;97.541;89.701;104.747;
1900-01-01 21:38:46;700.0;1745667526;91.079;97.555;89.701;104.698;
1900-01-01 21:38:47;701.0;1745667527;91.079;97.555;89.674;104.727;
1900-01-01 21:38:48;702.0;1745667528;91.136;97.559;89.568;104.727;
1900-01-01 21:38:49;703.0;1745667529;91.128;97.605;89.568;104.742;
1900-01-01 21:38:50;704.0;1745667530;91.128;97.605;89.57;104.75;
1900-01-01 21:38:51;705.0;1745667531;91.104;97.538;89.481;104.75;
1900-01-01 21:38:52;706.0;1745667532;91.18;97.519;89.481;104.667;
1900-01-01 21:38:53;707.0;1745667533;91.18;97.519;89.467;104.787;
1900-01-01 21:38:54;708.0;1745667534;91.241;97.527;89.506;104.787;
1900-01-01 21:38:55;709.0;1745667535;91.21;97.527;89.506;104.75;
1900-01-01 21:38:56;710.0;1745667536;91.21;97.519;89.467;104.708;
1900-01-01 21:38:57;711.0;1745667537;91.259;97.472;89.568;104.708;
1900-01-01 21:38:58;712.0;1745667538;91.163;97.472;89.568;104.764;
1900-01-01 21:38:59;713.0;1745667539;91.163;97.593;89.58;104.699;
1900-01-01 21:39:00;714.0;1745667540;91.094;97.485;89.58;104.699;
1900-01-01 21:39:01;715.0;1745667541;91.094;97.485;89.523;104.74;
1900-01-01 21:39:02;716.0;1745667542;91.09;97.543;89.503;104.701;
1900-01-01 21:39:03;717.0;1745667543;91.087;97.488;89.503;104.701;
1900-01-01 21:39:04;718.0;1745667544;91.087;97.488;89.547;104.694;
1900-01-01 21:39:05;719.0;1745667545;91.006;97.513;89.395;104.694;
1900-01-01 21:39:06;720.0;1745667546;90.945;97.555;89.395;104.81;
1900-01-01 21:39:07;721.0;1745667547;90.933;97.555;89.36;104.742;
1900-01-01 21:39:08;722.0;1745667548;90.933;97.504;89.342;104.742;
1900-01-01 21:39:09;723.0;1745667549;90.916;97.518;89.342;104.732;
1900-01-01 21:39:10;724.0;1745667550;90.916;97.518;89.417;104.778;
1900-01-01 21:39:11;725.0;1745667551;90.832;97.475;89.614;104.778;
1900-01-01 21:39:12;726.0;1745667552;90.858;97.388;89.614;104.674;
1900-01-01 21:39:13;727.0;1745667553;90.858;97.388;89.661;104.661;
1900-01-01 21:39:14;728.0;1745667554;90.782;97.433;89.671;104.661;
1900-01-01 21:39:15;729.0;1745667555;90.768;97.335;89.671;104.801;
1900-01-01 21:39:16;730.0;1745667556;90.851;97.335;89.549;104.713;
1900-01-01 21:39:17;731.0;1745667557;90.851;97.358;89.471;104.733;
1900-01-01 21:39:18;732.0;1745667558;90.728;97.416;89.471;104.733;
1900-01-01 21:39:19;733.0;1745667559;90.728;97.416;89.418;104.701;
1900-01-01 21:39:20;734.0;1745667560;90.713;97.263;89.357;104.701;
1900-01-01 21:39:21;735.0;1745667561;90.712;97.3;89.357;104.748;
1900-01-01 21:39:23;736.0;1745667563;90.755;97.3;89.31;104.784;
1900-01-01 21:39:23;737.0;1745667563;90.755;97.348;89.301;104.784;
1900-01-01 21:39:24;738.0;1745667564;90.729;97.348;89.301;104.722;
1900-01-01 21:39:25;739.0;1745667565;90.688;97.348;89.266;104.794;
1900-01-01 21:39:26;740.0;1745667566;90.688;97.229;89.169;104.794;
1900-01-01 21:39:27;741.0;1745667567;90.692;97.35;89.169;104.746;
1900-01-01 21:39:28;742.0;1745667568;90.692;97.35;89.329;104.699;
1900-01-01 21:39:29;743.0;1745667569;90.561;97.381;89.291;104.699;
1900-01-01 21:39:30;744.0;1745667570;90.545;97.381;89.291;104.717;
1900-01-01 21:39:31;745.0;1745667571;90.545;97.354;89.308;104.727;
1900-01-01 21:39:32;746.0;1745667572;90.533;97.224;89.308;104.727;
1900-01-01 21:39:33;747.0;1745667573;90.477;97.224;89.281;104.794;
1900-01-01 21:39:34;748.0;1745667574;90.477;97.231;89.238;104.847;
1900-01-01 21:39:35;749.0;1745667575;90.39;97.247;89.238;104.847;
1900-01-01 21:39:36;750.0;1745667576;90.451;97.247;89.197;104.695;
1900-01-01 21:39:37;751.0;1745667577;90.451;97.264;89.232;104.772;
1900-01-01 21:39:38;752.0;1745667578;90.413;97.191;89.16;104.772;
1900-01-01 21:39:39;753.0;1745667579;90.431;97.191;89.16;104.79;
1900-01-01 21:39:40;754.0;1745667580;90.431;97.222;89.312;104.76;
1900-01-01 21:39:41;755.0;1745667581;90.476;97.208;89.312;104.76;
1900-01-01 21:39:42;756.0;1745667582;90.512;97.208;89.407;104.67;
1900-01-01 21:39:43;757.0;1745667583;90.512;97.203;89.363;104.67;
1900-01-01 21:39:44;758.0;1745667584;90.475;97.195;89.363;104.786;
1900-01-01 21:39:45;759.0;1745667585;90.427;97.195;89.325;104.723;
1900-01-01 21:39:46;760.0;1745667586;90.427;97.201;89.348;104.769;
1900-01-01 21:39:47;761.0;1745667587;90.404;97.201;89.348;104.769;
1900-01-01 21:39:48;762.0;1745667588;90.404;97.187;89.294;104.845;
1900-01-01 21:39:49;763.0;1745667589;90.41;97.219;89.3;104.845;
1900-01-01 21:39:51;764.0;1745667591;90.54;97.227;89.3;104.744;
1900-01-01 21:39:51;765.0;1745667591;90.54;97.227;89.253;104.729;
1900-01-01 21:39:52;766.0;1745667592;90.424;97.217;89.131;104.729;
1900-01-01 21:39:53;767.0;1745667593;90.514;97.217;89.131;104.695;
1900-01-01 21:39:54;768.0;1745667594;90.514;97.208;89.116;104.71;
1900-01-01 21:39:55;769.0;1745667595;90.427;97.152;89.018;104.71;
1900-01-01 21:39:56;770.0;1745667596;90.511;97.152;89.018;104.77;
1900-01-01 21:39:57;771.0;1745667597;90.511;97.15;88.972;104.755;
1900-01-01 21:39:58;772.0;1745667598;90.405;97.134;88.972;104.755;
1900-01-01 21:40:00;773.0;1745667600;90.419;97.134;88.988;104.737;
1900-01-01 21:40:00;774.0;1745667600;90.419;97.152;89.096;104.719;
1900-01-01 21:40:01;775.0;1745667601;90.399;97.194;89.096;104.719;
1900-01-01 21:40:03;776.0;1745667603;90.329;97.194;89.119;104.665;
1900-01-01 21:40:03;777.0;1745667603;90.329;97.183;88.983;104.665;
1900-01-01 21:40:04;778.0;1745667604;90.327;97.148;88.983;104.737;
1900-01-01 21:40:05;779.0;1745667605;90.37;97.148;88.938;104.635;
1900-01-01 21:40:06;780.0;1745667606;90.37;97.201;89.004;104.635;
1900-01-01 21:40:07;781.0;1745667607;90.31;97.214;89.004;104.733;
1900-01-01 21:40:08;782.0;1745667608;90.31;97.214;88.991;104.648;
1900-01-01 21:40:09;783.0;1745667609;90.313;97.171;89.038;104.648;
1900-01-01 21:40:10;784.0;1745667610;90.248;97.062;89.038;104.764;
1900-01-01 21:40:11;785.0;1745667611;90.248;97.062;89.1;104.756;
1900-01-01 21:40:12;786.0;1745667612;90.302;97.103;89.042;104.756;
1900-01-01 21:40:13;787.0;1745667613;90.304;97.148;89.042;104.72;
1900-01-01 21:40:14;788.0;1745667614;90.304;97.148;89.024;104.8;
1900-01-01 21:40:15;789.0;1745667615;90.274;97.116;89.053;104.8;
1900-01-01 21:40:16;790.0;1745667616;90.373;96.972;89.053;104.742;
1900-01-01 21:40:17;791.0;1745667617;90.373;96.972;89.042;104.795;
1900-01-01 21:40:18;792.0;1745667618;90.233;97.065;89.116;104.795;
1900-01-01 21:40:19;793.0;1745667619;90.242;97.065;89.116;104.812;
1900-01-01 21:40:20;794.0;1745667620;90.242;97.049;89.057;104.754;
1900-01-01 21:40:21;795.0;1745667621;90.287;97.102;89.057;104.754;
1900-01-01 21:40:22;796.0;1745667622;90.266;97.102;88.969;104.69;
1900-01-01 21:40:23;797.0;1745667623;90.266;97.001;88.975;104.744;
1900-01-01 21:40:24;798.0;1745667624;90.239;96.965;88.975;104.744;
1900-01-01 21:40:26;799.0;1745667626;90.306;96.965;88.937;104.673;
1900-01-01 21:40:26;800.0;1745667626;90.306;97.055;88.963;104.673;
1900-01-01 21:40:27;801.0;1745667627;90.303;96.981;88.963;104.735;
1900-01-01 21:40:29;802.0;1745667629;90.288;96.981;88.873;104.704;
1900-01-01 21:40:29;803.0;1745667629;90.288;96.996;88.837;104.704;
1900-01-01 21:40:30;804.0;1745667630;90.329;96.963;88.837;104.747;
1900-01-01 21:40:31;805.0;1745667631;90.329;96.963;88.801;104.713;
1900-01-01 21:40:32;806.0;1745667632;90.368;96.909;88.764;104.713;
1900-01-01 21:40:33;807.0;1745667633;90.328;96.909;88.764;104.731;
1900-01-01 21:40:34;808.0;1745667634;90.328;96.923;88.885;104.872;
1900-01-01 21:40:36;809.0;1745667636;90.3;97.03;88.872;104.872;
1900-01-01 21:40:36;810.0;1745667636;90.296;97.03;88.872;104.769;
1900-01-01 21:40:37;811.0;1745667637;90.296;96.952;89.0;104.758;
1900-01-01 21:40:39;812.0;1745667639;90.257;97.008;88.95;104.758;
1900-01-01 21:40:39;813.0;1745667639;90.189;97.008;88.95;104.727;
1900-01-01 21:40:40;814.0;1745667640;90.189;96.925;88.991;104.651;
1900-01-01 21:40:41;815.0;1745667641;90.195;96.961;89.083;104.651;
1900-01-01 21:40:42;816.0;1745667642;90.116;96.961;89.083;104.691;
1900-01-01 21:40:43;817.0;1745667643;90.116;97.02;89.019;104.777;
1900-01-01 21:40:44;818.0;1745667644;89.965;96.934;88.935;104.777;
1900-01-01 21:40:45;819.0;1745667645;89.959;96.934;88.935;104.775;
1900-01-01 21:40:46;820.0;1745667646;89.959;96.902;88.967;104.721;
1900-01-01 21:40:47;821.0;1745667647;89.899;96.869;88.967;104.721;
1900-01-01 21:40:48;822.0;1745667648;89.889;96.869;88.895;104.685;
1900-01-01 21:40:49;823.0;1745667649;89.889;96.824;88.869;104.685;
1900-01-01 21:40:50;824.0;1745667650;89.922;96.892;88.869;104.687;
1900-01-01 21:40:51;825.0;1745667651;89.876;96.892;88.793;104.701;
1900-01-01 21:40:52;826.0;1745667652;89.876;96.917;88.709;104.701;
1900-01-01 21:40:53;827.0;1745667653;89.887;96.838;88.709;104.74;
1900-01-01 21:40:54;828.0;1745667654;89.887;96.838;88.615;104.753;
1900-01-01 21:40:55;829.0;1745667655;89.959;96.791;88.678;104.717;
1900-01-01 21:40:56;830.0;1745667656;89.979;96.791;88.678;104.717;
1900-01-01 21:40:57;831.0;1745667657;89.979;96.756;88.584;104.738;
1900-01-01 21:40:58;832.0;1745667658;89.99;96.784;88.672;104.738;
1900-01-01 21:40:59;833.0;1745667659;89.957;96.784;88.672;104.694;
1900-01-01 21:41:00;834.0;1745667660;89.957;96.672;88.63;104.81;
1900-01-01 21:41:01;835.0;1745667661;89.95;96.67;88.549;104.81;
1900-01-01 21:41:02;836.0;1745667662;89.965;96.67;88.549;104.772;
1900-01-01 21:41:03;837.0;1745667663;89.965;96.676;88.643;104.727;
1900-01-01 21:41:04;838.0;1745667664;89.911;96.741;88.685;104.727;
1900-01-01 21:41:05;839.0;1745667665;89.831;96.741;88.685;104.688;
1900-01-01 21:41:06;840.0;1745667666;89.831;96.666;88.75;104.713;
1900-01-01 21:41:07;841.0;1745667667;89.71;96.679;88.75;104.713;
1900-01-01 21:41:08;842.0;1745667668;89.71;96.679;88.682;104.782;
1900-01-01 21:41:09;843.0;1745667669;89.766;96.622;88.697;104.697;
1900-01-01 21:41:10;844.0;1745667670;89.686;96.703;88.697;104.697;
1900-01-01 21:41:11;845.0;1745667671;89.686;96.703;88.706;104.758;
1900-01-01 21:41:12;846.0;1745667672;89.597;96.632;88.657;104.758;
1900-01-01 21:41:13;847.0;1745667673;89.551;96.608;88.657;104.736;
1900-01-01 21:41:15;848.0;1745667675;89.528;96.608;88.592;104.717;
1900-01-01 21:41:15;849.0;1745667675;89.528;96.649;88.592;104.717;
1900-01-01 21:41:16;850.0;1745667676;89.565;96.662;88.592;104.719;
1900-01-01 21:41:17;851.0;1745667677;89.565;96.662;88.64;104.697;
1900-01-01 21:41:18;852.0;1745667678;89.504;96.725;88.533;104.697;
1900-01-01 21:41:19;853.0;1745667679;89.592;96.725;88.533;104.721;
1900-01-01 21:41:20;854.0;1745667680;89.592;96.628;88.558;104.803;
1900-01-01 21:41:21;855.0;1745667681;89.532;96.673;88.508;104.803;
1900-01-01 21:41:22;856.0;1745667682;89.596;96.673;88.508;104.734;
1900-01-01 21:41:23;857.0;1745667683;89.596;96.673;88.411;104.744;
1900-01-01 21:41:24;858.0;1745667684;89.692;96.604;88.285;104.744;
1900-01-01 21:41:25;859.0;1745667685;89.624;96.595;88.285;104.673;
1900-01-01 21:41:26;860.0;1745667686;89.624;96.595;88.262;104.763;
1900-01-01 21:41:27;861.0;1745667687;89.659;96.539;88.196;104.763;
1900-01-01 21:41:28;862.0;1745667688;89.707;96.539;88.196;104.717;
1900-01-01 21:41:29;863.0;1745667689;89.707;96.578;88.279;104.758;
1900-01-01 21:41:30;864.0;1745667690;89.713;96.554;88.279;104.758;
1900-01-01 21:41:31;865.0;1745667691;89.713;96.554;88.384;104.727;
1900-01-01 21:41:32;866.0;1745667692;89.716;96.474;88.332;104.807;
1900-01-01 21:41:33;867.0;1745667693;89.612;96.568;88.332;104.807;
1900-01-01 21:41:34;868.0;1745667694;89.612;96.568;88.407;104.724;
1900-01-01 21:41:35;869.0;1745667695;89.64;96.478;88.449;104.724;
1900-01-01 21:41:36;870.0;1745667696;89.62;96.415;88.449;104.724;
1900-01-01 21:41:37;871.0;1745667697;89.62;96.415;88.35;104.663;
1900-01-01 21:41:38;872.0;1745667698;89.547;96.454;88.397;104.663;
1900-01-01 21:41:39;873.0;1745667699;89.596;96.454;88.397;104.741;
1900-01-01 21:41:40;874.0;1745667700;89.596;96.394;88.224;104.737;
1900-01-01 21:41:41;875.0;1745667701;89.537;96.337;88.27;104.737;
1900-01-01 21:41:42;876.0;1745667702;89.456;96.337;88.27;104.733;
1900-01-01 21:41:43;877.0;1745667703;89.456;96.313;88.291;104.647;
1900-01-01 21:41:44;878.0;1745667704;89.496;96.315;88.361;104.647;
1900-01-01 21:41:45;879.0;1745667705;89.499;96.315;88.361;104.79;
1900-01-01 21:41:46;880.0;1745667706;89.499;96.279;88.321;104.735;
1900-01-01 21:41:47;881.0;1745667707;89.44;96.241;88.321;104.735;
1900-01-01 21:41:48;882.0;1745667708;89.486;96.241;88.355;104.734;
1900-01-01 21:41:49;883.0;1745667709;89.486;96.229;88.398;104.665;
1900-01-01 21:41:50;884.0;1745667710;89.416;96.226;88.398;104.665;
1900-01-01 21:41:51;885.0;1745667711;89.416;96.226;88.353;104.74;
1900-01-01 21:41:52;886.0;1745667712;89.46;96.288;88.324;104.74;
1900-01-01 21:41:53;887.0;1745667713;89.472;96.193;88.324;104.78;
1900-01-01 21:41:54;888.0;1745667714;89.388;96.193;88.332;104.776;
1900-01-01 21:41:55;889.0;1745667715;89.388;96.152;88.246;104.776;
1900-01-01 21:41:56;890.0;1745667716;89.477;96.179;88.246;104.797;
1900-01-01 21:41:57;891.0;1745667717;89.477;96.179;88.335;104.739;
1900-01-01 21:41:59;892.0;1745667719;89.445;96.198;88.154;104.785;
1900-01-01 21:41:59;893.0;1745667719;89.445;96.198;88.154;104.785;
1900-01-01 21:42:00;894.0;1745667720;89.445;96.146;88.035;104.822;
1900-01-01 21:42:01;895.0;1745667721;89.417;96.152;88.083;104.822;
1900-01-01 21:42:02;896.0;1745667722;89.359;96.152;88.083;104.818;
1900-01-01 21:42:03;897.0;1745667723;89.359;96.145;88.081;104.775;
1900-01-01 21:42:04;898.0;1745667724;89.429;96.169;88.104;104.775;
1900-01-01 21:42:05;899.0;1745667725;89.305;96.078;88.104;104.74;
1900-01-01 21:42:06;900.0;1745667726;89.305;96.078;88.134;104.79;
1900-01-01 21:42:07;901.0;1745667727;89.336;96.141;88.06;104.79;
1900-01-01 21:42:08;902.0;1745667728;89.226;96.141;88.06;104.738;
1900-01-01 21:42:09;903.0;1745667729;89.226;96.092;88.179;104.806;
1900-01-01 21:42:10;904.0;1745667730;89.215;96.133;88.179;104.806;
1900-01-01 21:42:11;905.0;1745667731;89.252;96.133;88.205;104.676;
1900-01-01 21:42:12;906.0;1745667732;89.252;96.048;88.237;104.651;
1900-01-01 21:42:13;907.0;1745667733;89.275;96.019;88.237;104.651;
1900-01-01 21:42:14;908.0;1745667734;89.262;96.019;88.262;104.627;
1900-01-01 21:42:15;909.0;1745667735;89.262;96.083;88.275;104.627;
1900-01-01 21:42:16;910.0;1745667736;89.236;96.008;88.275;104.681;
1900-01-01 21:42:17;911.0;1745667737;89.236;96.008;88.233;104.657;
1900-01-01 21:42:18;912.0;1745667738;89.184;96.07;88.185;104.673;
1900-01-01 21:42:19;913.0;1745667739;89.182;96.055;88.185;104.673;
1900-01-01 21:42:20;914.0;1745667740;89.182;96.055;88.127;104.685;
1900-01-01 21:42:22;915.0;1745667742;89.128;96.116;88.029;104.685;
1900-01-01 21:42:22;916.0;1745667742;89.105;96.116;88.029;104.734;
1900-01-01 21:42:23;917.0;1745667743;89.105;96.151;88.08;104.702;
1900-01-01 21:42:24;918.0;1745667744;89.115;96.098;88.076;104.702;
1900-01-01 21:42:25;919.0;1745667745;89.122;96.098;88.076;104.789;
1900-01-01 21:42:26;920.0;1745667746;89.122;96.13;88.136;104.682;
1900-01-01 21:42:27;921.0;1745667747;89.101;96.043;88.134;104.682;
1900-01-01 21:42:28;922.0;1745667748;89.114;96.043;88.134;104.69;
1900-01-01 21:42:29;923.0;1745667749;89.114;96.067;88.172;104.693;
1900-01-01 21:42:30;924.0;1745667750;89.013;96.192;88.172;104.693;
1900-01-01 21:42:31;925.0;1745667751;89.029;96.192;88.232;104.696;
1900-01-01 21:42:32;926.0;1745667752;89.029;96.06;88.145;104.741;
1900-01-01 21:42:33;927.0;1745667753;89.012;96.103;88.124;104.741;
1900-01-01 21:42:34;928.0;1745667754;89.019;96.103;88.124;104.71;
1900-01-01 21:42:35;929.0;1745667755;89.019;96.019;88.105;104.68;
1900-01-01 21:42:36;930.0;1745667756;89.03;96.093;88.155;104.68;
1900-01-01 21:42:37;931.0;1745667757;88.893;96.093;88.155;104.673;
1900-01-01 21:42:38;932.0;1745667758;88.893;96.091;88.054;104.714;
1900-01-01 21:42:39;933.0;1745667759;88.956;96.074;88.054;104.714;
1900-01-01 21:42:40;934.0;1745667760;88.906;96.074;88.013;104.749;
1900-01-01 21:42:41;935.0;1745667761;88.906;96.041;87.965;104.749;
1900-01-01 21:42:42;936.0;1745667762;88.919;96.003;87.965;104.697;
1900-01-01 21:42:44;937.0;1745667764;88.948;96.003;88.004;104.771;
1900-01-01 21:42:44;938.0;1745667764;88.948;95.978;88.008;104.771;
1900-01-01 21:42:45;939.0;1745667765;88.962;96.002;88.008;104.676;
1900-01-01 21:42:46;940.0;1745667766;88.962;96.002;87.902;104.701;
1900-01-01 21:42:47;941.0;1745667767;88.947;95.939;87.87;104.701;
1900-01-01 21:42:48;942.0;1745667768;88.963;95.906;87.87;104.816;
1900-01-01 21:42:49;943.0;1745667769;88.963;95.906;87.918;104.79;
1900-01-01 21:42:50;944.0;1745667770;88.959;95.969;87.913;104.79;
1900-01-01 21:42:51;945.0;1745667771;88.896;95.896;87.913;104.779;
1900-01-01 21:42:52;946.0;1745667772;88.896;95.896;87.803;104.823;
1900-01-01 21:42:53;947.0;1745667773;88.892;95.903;87.839;104.823;
1900-01-01 21:42:55;948.0;1745667775;88.904;95.988;87.839;104.746;
1900-01-01 21:42:55;949.0;1745667775;88.904;95.988;87.789;104.774;
1900-01-01 21:42:56;950.0;1745667776;88.845;95.967;87.694;104.774;
1900-01-01 21:42:57;951.0;1745667777;88.917;95.967;87.694;104.788;
1900-01-01 21:42:58;952.0;1745667778;88.917;96.005;87.683;104.724;
1900-01-01 21:43:00;953.0;1745667780;88.884;96.0;87.577;104.724;
1900-01-01 21:43:00;954.0;1745667780;88.911;96.0;87.577;104.696;
1900-01-01 21:43:01;955.0;1745667781;88.911;95.87;87.696;104.757;
1900-01-01 21:43:02;956.0;1745667782;88.815;95.94;87.696;104.757;
1900-01-01 21:43:03;957.0;1745667783;88.815;95.94;87.743;104.735;
1900-01-01 21:43:04;958.0;1745667784;88.766;95.974;87.673;104.735;
1900-01-01 21:43:05;959.0;1745667785;88.831;95.888;87.673;104.76;
1900-01-01 21:43:07;960.0;1745667787;88.773;95.888;87.613;104.684;
1900-01-01 21:43:07;961.0;1745667787;88.773;95.891;87.663;104.684;
1900-01-01 21:43:08;962.0;1745667788;88.759;95.894;87.663;104.687;
1900-01-01 21:43:09;963.0;1745667789;88.759;95.894;87.583;104.697;
1900-01-01 21:43:10;964.0;1745667790;88.748;95.826;87.696;104.697;
1900-01-01 21:43:11;965.0;1745667791;88.64;95.826;87.696;104.775;
1900-01-01 21:43:12;966.0;1745667792;88.64;95.805;87.677;104.703;
1900-01-01 21:43:13;967.0;1745667793;88.693;95.776;87.707;104.703;
1900-01-01 21:43:14;968.0;1745667794;88.681;95.82;87.707;104.841;
1900-01-01 21:43:15;969.0;1745667795;88.681;95.82;87.765;104.705;
1900-01-01 21:43:16;970.0;1745667796;88.768;95.805;87.919;104.705;
1900-01-01 21:43:17;971.0;1745667797;88.771;95.805;87.919;104.632;
1900-01-01 21:43:18;972.0;1745667798;88.771;95.779;87.87;104.661;
1900-01-01 21:43:19;973.0;1745667799;88.782;95.779;87.821;104.661;
1900-01-01 21:43:20;974.0;1745667800;88.723;95.779;87.821;104.759;
1900-01-01 21:43:21;975.0;1745667801;88.723;95.666;87.771;104.649;
1900-01-01 21:43:22;976.0;1745667802;88.748;95.732;87.771;104.649;
1900-01-01 21:43:23;977.0;1745667803;88.66;95.732;87.707;104.671;
1900-01-01 21:43:24;978.0;1745667804;88.66;95.736;87.543;104.779;
1900-01-01 21:43:26;979.0;1745667806;88.635;95.63;87.516;104.779;
1900-01-01 21:43:26;980.0;1745667806;88.635;95.63;87.516;104.719;
1900-01-01 21:43:27;981.0;1745667807;88.623;95.627;87.469;104.657;
1900-01-01 21:43:28;982.0;1745667808;88.644;95.758;87.469;104.657;
1900-01-01 21:43:29;983.0;1745667809;88.644;95.758;87.496;104.752;
1900-01-01 21:43:30;984.0;1745667810;88.656;95.653;87.505;104.752;
1900-01-01 21:43:31;985.0;1745667811;88.643;95.681;87.505;104.599;
1900-01-01 21:43:32;986.0;1745667812;88.643;95.681;87.487;104.748;
1900-01-01 21:43:33;987.0;1745667813;88.674;95.686;87.576;104.748;
1900-01-01 21:43:34;988.0;1745667814;88.736;95.757;87.576;104.693;
1900-01-01 21:43:35;989.0;1745667815;88.736;95.757;87.697;104.743;
1900-01-01 21:43:36;990.0;1745667816;88.651;95.688;87.583;104.743;
1900-01-01 21:43:37;991.0;1745667817;88.71;95.688;87.583;104.763;
1900-01-01 21:43:38;992.0;1745667818;88.71;95.666;87.595;104.738;
1900-01-01 21:43:39;993.0;1745667819;88.601;95.755;87.595;104.738;
1900-01-01 21:43:40;994.0;1745667820;88.509;95.755;87.512;104.748;
1900-01-01 21:43:41;995.0;1745667821;88.509;95.744;87.47;104.688;
1900-01-01 21:43:42;996.0;1745667822;88.489;95.69;87.47;104.688;
1900-01-01 21:43:43;997.0;1745667823;88.406;95.69;87.404;104.801;
1900-01-01 21:43:44;998.0;1745667824;88.406;95.691;87.431;104.801;
1900-01-01 21:43:45;999.0;1745667825;88.39;95.674;87.431;104.737;
1900-01-01 21:43:46;1000.0;1745667826;88.286;95.674;87.347;104.781;
1900-01-01 21:43:47;1001.0;1745667827;88.286;95.677;87.442;104.781;
1900-01-01 21:43:48;1002.0;1745667828;88.349;95.616;87.442;104.642;
1900-01-01 21:43:49;1003.0;1745667829;88.349;95.616;87.385;104.654;
1900-01-01 21:43:50;1004.0;1745667830;88.263;95.678;87.352;104.654;
1900-01-01 21:43:51;1005.0;1745667831;88.193;95.688;87.352;104.675;
1900-01-01 21:43:52;1006.0;1745667832;88.193;95.688;87.364;104.708;
1900-01-01 21:43:53;1007.0;1745667833;88.151;95.693;87.431;104.708;
1900-01-01 21:43:54;1008.0;1745667834;88.216;95.696;87.431;104.698;
1900-01-01 21:43:55;1009.0;1745667835;88.216;95.696;87.348;104.804;
1900-01-01 21:43:56;1010.0;1745667836;88.131;95.666;87.384;104.804;
1900-01-01 21:43:57;1011.0;1745667837;88.188;95.666;87.384;104.757;
1900-01-01 21:43:58;1012.0;1745667838;88.188;95.604;87.431;104.732;
1900-01-01 21:43:59;1013.0;1745667839;88.193;95.677;87.431;104.732;
1900-01-01 21:44:00;1014.0;1745667840;88.213;95.677;87.478;104.694;
1900-01-01 21:44:01;1015.0;1745667841;88.213;95.633;87.433;104.652;
1900-01-01 21:44:02;1016.0;1745667842;88.264;95.601;87.433;104.652;
1900-01-01 21:44:03;1017.0;1745667843;88.204;95.601;87.374;104.749;
1900-01-01 21:44:04;1018.0;1745667844;88.204;95.531;87.404;104.658;
1900-01-01 21:44:05;1019.0;1745667845;88.301;95.512;87.404;104.658;
1900-01-01 21:44:06;1020.0;1745667846;88.331;95.512;87.425;104.619;
1900-01-01 21:44:07;1021.0;1745667847;88.331;95.395;87.409;104.716;
1900-01-01 21:44:08;1022.0;1745667848;88.328;95.494;87.409;104.716;
1900-01-01 21:44:09;1023.0;1745667849;88.282;95.494;87.255;104.692;
1900-01-01 21:44:10;1024.0;1745667850;88.282;95.45;87.303;104.673;
1900-01-01 21:44:11;1025.0;1745667851;88.377;95.352;87.303;104.673;
1900-01-01 21:44:12;1026.0;1745667852;88.221;95.352;87.369;104.732;
1900-01-01 21:44:13;1027.0;1745667853;88.221;95.463;87.339;104.639;
1900-01-01 21:44:14;1028.0;1745667854;88.382;95.369;87.409;104.639;
1900-01-01 21:44:15;1029.0;1745667855;88.426;95.369;87.409;104.665;
1900-01-01 21:44:16;1030.0;1745667856;88.426;95.419;87.443;104.708;
1900-01-01 21:44:17;1031.0;1745667857;88.383;95.433;87.443;104.708;
1900-01-01 21:44:18;1032.0;1745667858;88.337;95.433;87.277;104.621;
1900-01-01 21:44:19;1033.0;1745667859;88.337;95.233;87.272;104.708;
1900-01-01 21:44:20;1034.0;1745667860;88.395;95.31;87.252;104.708;
1900-01-01 21:44:21;1035.0;1745667861;88.324;95.31;87.252;104.677;
1900-01-01 21:44:22;1036.0;1745667862;88.324;95.329;87.217;104.656;
1900-01-01 21:44:23;1037.0;1745667863;88.325;95.319;87.217;104.656;
1900-01-01 21:44:24;1038.0;1745667864;88.266;95.319;87.187;104.735;
1900-01-01 21:44:25;1039.0;1745667865;88.266;95.324;87.195;104.669;
1900-01-01 21:44:26;1040.0;1745667866;88.219;95.353;87.195;104.669;
1900-01-01 21:44:27;1041.0;1745667867;88.133;95.353;87.128;104.622;
1900-01-01 21:44:28;1042.0;1745667868;88.133;95.415;87.075;104.683;
1900-01-01 21:44:29;1043.0;1745667869;88.207;95.386;87.075;104.683;
1900-01-01 21:44:30;1044.0;1745667870;88.097;95.386;87.037;104.696;
1900-01-01 21:44:31;1045.0;1745667871;88.097;95.369;87.086;104.696;
1900-01-01 21:44:32;1046.0;1745667872;88.072;95.366;87.086;104.678;
1900-01-01 21:44:33;1047.0;1745667873;88.072;95.366;87.029;104.704;
1900-01-01 21:44:34;1048.0;1745667874;88.042;95.327;87.031;104.702;
1900-01-01 21:44:35;1049.0;1745667875;88.031;95.327;87.031;104.702;
1900-01-01 21:44:36;1050.0;1745667876;88.031;95.309;87.06;104.688;
1900-01-01 21:44:37;1051.0;1745667877;87.961;95.312;87.059;104.688;
1900-01-01 21:44:38;1052.0;1745667878;87.922;95.365;87.059;104.678;
1900-01-01 21:44:39;1053.0;1745667879;87.922;95.365;87.006;104.705;
1900-01-01 21:44:40;1054.0;1745667880;87.869;95.274;87.021;104.705;
1900-01-01 21:44:41;1055.0;1745667881;87.845;95.274;87.021;104.674;
1900-01-01 21:44:42;1056.0;1745667882;87.845;95.245;87.046;104.72;
1900-01-01 21:44:43;1057.0;1745667883;87.877;95.207;87.046;104.72;
1900-01-01 21:44:44;1058.0;1745667884;87.884;95.207;86.989;104.762;
1900-01-01 21:44:45;1059.0;1745667885;87.884;95.202;87.046;104.754;
1900-01-01 21:44:46;1060.0;1745667886;87.809;95.248;87.046;104.754;
1900-01-01 21:44:47;1061.0;1745667887;87.784;95.248;87.147;104.821;
1900-01-01 21:44:48;1062.0;1745667888;87.784;95.201;87.178;104.821;
1900-01-01 21:44:49;1063.0;1745667889;87.783;95.251;87.178;104.675;
1900-01-01 21:44:50;1064.0;1745667890;87.807;95.251;87.092;104.802;
1900-01-01 21:44:51;1065.0;1745667891;87.807;95.192;87.098;104.778;
1900-01-01 21:44:52;1066.0;1745667892;87.708;95.227;87.098;104.778;
1900-01-01 21:44:53;1067.0;1745667893;87.708;95.227;87.074;104.749;
1900-01-01 21:44:54;1068.0;1745667894;87.892;95.228;86.97;104.749;
1900-01-01 21:44:55;1069.0;1745667895;87.846;95.298;86.97;104.734;
1900-01-01 21:44:57;1070.0;1745667897;87.857;95.298;86.989;104.73;
1900-01-01 21:44:57;1071.0;1745667897;87.857;95.22;86.984;104.73;
1900-01-01 21:44:58;1072.0;1745667898;87.856;95.203;86.984;104.683;
1900-01-01 21:44:59;1073.0;1745667899;87.856;95.203;87.072;104.78;
1900-01-01 21:45:00;1074.0;1745667900;87.87;95.244;87.067;104.78;
1900-01-01 21:45:01;1075.0;1745667901;87.83;95.161;87.067;104.839;
1900-01-01 21:45:02;1076.0;1745667902;87.83;95.161;87.028;104.772;
1900-01-01 21:45:03;1077.0;1745667903;87.818;95.184;86.957;104.772;
1900-01-01 21:45:04;1078.0;1745667904;87.827;95.184;86.957;104.684;
1900-01-01 21:45:05;1079.0;1745667905;87.827;95.146;86.882;104.799;
1900-01-01 21:45:06;1080.0;1745667906;87.721;95.136;86.882;104.799;
1900-01-01 21:45:07;1081.0;1745667907;87.692;95.136;86.916;104.792;
1900-01-01 21:45:08;1082.0;1745667908;87.692;95.234;86.993;104.691;
1900-01-01 21:45:09;1083.0;1745667909;87.746;95.153;86.993;104.691;
1900-01-01 21:45:10;1084.0;1745667910;87.726;95.153;86.984;104.733;
1900-01-01 21:45:11;1085.0;1745667911;87.726;95.11;86.963;104.733;
1900-01-01 21:45:12;1086.0;1745667912;87.773;95.166;86.963;104.756;
1900-01-01 21:45:13;1087.0;1745667913;87.748;95.166;86.931;104.74;
1900-01-01 21:45:14;1088.0;1745667914;87.748;95.12;86.9;104.74;
1900-01-01 21:45:15;1089.0;1745667915;87.689;95.192;86.9;104.766;
1900-01-01 21:45:16;1090.0;1745667916;87.689;95.192;86.908;104.759;
1900-01-01 21:45:17;1091.0;1745667917;87.727;95.19;86.838;104.759;
1900-01-01 21:45:18;1092.0;1745667918;87.794;95.197;86.838;104.81;
1900-01-01 21:45:19;1093.0;1745667919;87.794;95.197;86.763;104.788;
1900-01-01 21:45:20;1094.0;1745667920;87.741;95.138;86.677;104.788;
1900-01-01 21:45:21;1095.0;1745667921;87.7;95.138;86.677;104.779;
1900-01-01 21:45:22;1096.0;1745667922;87.7;95.13;86.653;104.708;
1900-01-01 21:45:23;1097.0;1745667923;87.741;95.12;86.675;104.708;
1900-01-01 21:45:24;1098.0;1745667924;87.727;95.12;86.675;104.765;
1900-01-01 21:45:25;1099.0;1745667925;87.727;95.033;86.623;104.708;
1900-01-01 21:45:26;1100.0;1745667926;87.691;95.0;86.633;104.708;
1900-01-01 21:45:27;1101.0;1745667927;87.65;95.0;86.633;104.833;
1900-01-01 21:45:28;1102.0;1745667928;87.65;95.031;86.584;104.682;
1900-01-01 21:45:29;1103.0;1745667929;87.67;95.002;86.584;104.682;
1900-01-01 21:45:30;1104.0;1745667930;87.598;95.002;86.586;104.761;
1900-01-01 21:45:31;1105.0;1745667931;87.598;94.993;86.716;104.723;
1900-01-01 21:45:32;1106.0;1745667932;87.586;94.979;86.716;104.723;
1900-01-01 21:45:33;1107.0;1745667933;87.55;94.979;86.746;104.724;
1900-01-01 21:45:34;1108.0;1745667934;87.55;94.888;86.735;104.759;
1900-01-01 21:45:35;1109.0;1745667935;87.571;95.026;86.735;104.759;
1900-01-01 21:45:36;1110.0;1745667936;87.571;95.026;86.669;104.809;
1900-01-01 21:45:37;1111.0;1745667937;87.517;94.884;86.668;104.724;
1900-01-01 21:45:38;1112.0;1745667938;87.495;94.83;86.668;104.724;
1900-01-01 21:45:39;1113.0;1745667939;87.495;94.83;86.729;104.704;
1900-01-01 21:45:40;1114.0;1745667940;87.496;94.855;86.791;104.704;
1900-01-01 21:45:41;1115.0;1745667941;87.532;94.855;86.791;104.795;
1900-01-01 21:45:42;1116.0;1745667942;87.532;94.924;86.95;104.742;
1900-01-01 21:45:44;1117.0;1745667944;87.457;94.886;86.941;104.742;
1900-01-01 21:45:44;1118.0;1745667944;87.47;94.886;86.941;104.748;
1900-01-01 21:45:45;1119.0;1745667945;87.47;94.908;86.863;104.755;
1900-01-01 21:45:46;1120.0;1745667946;87.459;94.9;86.744;104.755;
1900-01-01 21:45:47;1121.0;1745667947;87.513;94.9;86.744;104.82;
1900-01-01 21:45:48;1122.0;1745667948;87.513;94.83;86.692;104.72;
1900-01-01 21:45:49;1123.0;1745667949;87.434;94.891;86.68;104.72;
1900-01-01 21:45:50;1124.0;1745667950;87.38;94.891;86.68;104.761;
1900-01-01 21:45:51;1125.0;1745667951;87.38;94.944;86.588;104.767;
1900-01-01 21:45:52;1126.0;1745667952;87.42;94.848;86.588;104.767;
1900-01-01 21:45:53;1127.0;1745667953;87.362;94.848;86.603;104.762;
1900-01-01 21:45:54;1128.0;1745667954;87.362;94.784;86.647;104.762;
1900-01-01 21:45:55;1129.0;1745667955;87.339;94.781;86.647;104.759;
1900-01-01 21:45:56;1130.0;1745667956;87.327;94.781;86.54;104.728;
1900-01-01 21:45:57;1131.0;1745667957;87.327;94.803;86.58;104.732;
1900-01-01 21:45:59;1132.0;1745667959;87.24;94.734;86.58;104.732;
1900-01-01 21:45:59;1133.0;1745667959;87.24;94.734;86.52;104.746;
1900-01-01 21:46:00;1134.0;1745667960;87.248;94.78;86.551;104.746;
1900-01-01 21:46:01;1135.0;1745667961;87.226;94.858;86.551;104.744;
1900-01-01 21:46:02;1136.0;1745667962;87.194;94.858;86.559;104.729;
1900-01-01 21:46:03;1137.0;1745667963;87.194;94.82;86.631;104.729;
1900-01-01 21:46:04;1138.0;1745667964;87.196;94.815;86.631;104.738;
1900-01-01 21:46:05;1139.0;1745667965;87.196;94.815;86.649;104.696;
1900-01-01 21:46:06;1140.0;1745667966;87.269;94.807;86.576;104.696;
1900-01-01 21:46:07;1141.0;1745667967;87.294;94.702;86.576;104.712;
1900-01-01 21:46:08;1142.0;1745667968;87.294;94.702;86.515;104.743;
1900-01-01 21:46:09;1143.0;1745667969;87.219;94.758;86.517;104.743;
1900-01-01 21:46:10;1144.0;1745667970;87.361;94.758;86.517;104.739;
1900-01-01 21:46:11;1145.0;1745667971;87.361;94.665;86.512;104.781;
1900-01-01 21:46:12;1146.0;1745667972;87.335;94.637;86.512;104.781;
1900-01-01 21:46:13;1147.0;1745667973;87.246;94.637;86.469;104.794;
1900-01-01 21:46:14;1148.0;1745667974;87.246;94.71;86.527;104.792;
1900-01-01 21:46:16;1149.0;1745667976;87.259;94.669;86.455;104.792;
1900-01-01 21:46:16;1150.0;1745667976;87.237;94.669;86.455;104.695;
1900-01-01 21:46:17;1151.0;1745667977;87.237;94.642;86.573;104.707;
1900-01-01 21:46:18;1152.0;1745667978;87.186;94.655;86.518;104.707;
1900-01-01 21:46:19;1153.0;1745667979;87.186;94.655;86.518;104.703;
1900-01-01 21:46:20;1154.0;1745667980;87.186;94.578;86.462;104.703;
1900-01-01 21:46:21;1155.0;1745667981;87.196;94.573;86.462;104.703;
1900-01-01 21:46:22;1156.0;1745667982;87.185;94.573;86.415;104.741;
1900-01-01 21:46:23;1157.0;1745667983;87.185;94.515;86.387;104.828;
1900-01-01 21:46:24;1158.0;1745667984;87.222;94.549;86.387;104.828;
1900-01-01 21:46:25;1159.0;1745667985;87.222;94.549;86.345;104.711;
1900-01-01 21:46:26;1160.0;1745667986;87.186;94.529;86.324;104.759;
1900-01-01 21:46:27;1161.0;1745667987;87.205;94.553;86.324;104.759;
1900-01-01 21:46:28;1162.0;1745667988;87.205;94.553;86.289;104.801;
1900-01-01 21:46:29;1163.0;1745667989;87.215;94.596;86.356;104.801;
1900-01-01 21:46:30;1164.0;1745667990;87.216;94.514;86.356;104.853;
1900-01-01 21:46:31;1165.0;1745667991;87.216;94.514;86.424;104.776;
1900-01-01 21:46:32;1166.0;1745667992;87.223;94.525;86.465;104.776;
1900-01-01 21:46:33;1167.0;1745667993;87.184;94.525;86.465;104.722;
1900-01-01 21:46:34;1168.0;1745667994;87.184;94.502;86.403;104.711;
1900-01-01 21:46:35;1169.0;1745667995;87.185;94.552;86.37;104.711;
1900-01-01 21:46:36;1170.0;1745667996;87.191;94.552;86.37;104.746;
1900-01-01 21:46:37;1171.0;1745667997;87.191;94.452;86.348;104.743;
1900-01-01 21:46:38;1172.0;1745667998;87.049;94.527;86.348;104.743;
1900-01-01 21:46:39;1173.0;1745667999;87.084;94.527;86.234;104.678;
1900-01-01 21:46:40;1174.0;1745668000;87.084;94.483;86.202;104.818;
1900-01-01 21:46:41;1175.0;1745668001;87.122;94.549;86.234;104.818;
1900-01-01 21:46:42;1176.0;1745668002;87.127;94.549;86.234;104.751;
1900-01-01 21:46:43;1177.0;1745668003;87.127;94.566;86.282;104.767;
1900-01-01 21:46:44;1178.0;1745668004;87.203;94.512;86.282;104.767;
1900-01-01 21:46:45;1179.0;1745668005;87.139;94.512;86.291;104.721;
1900-01-01 21:46:46;1180.0;1745668006;87.139;94.476;86.239;104.721;
1900-01-01 21:46:47;1181.0;1745668007;87.107;94.554;86.239;104.715;
1900-01-01 21:46:48;1182.0;1745668008;87.033;94.554;86.236;104.669;
1900-01-01 21:46:49;1183.0;1745668009;87.033;94.497;86.262;104.71;
1900-01-01 21:46:50;1184.0;1745668010;86.947;94.456;86.262;104.71;
1900-01-01 21:46:51;1185.0;1745668011;86.947;94.456;86.339;104.763;
1900-01-01 21:46:52;1186.0;1745668012;86.894;94.366;86.369;104.731;
1900-01-01 21:46:53;1187.0;1745668013;86.797;94.366;86.369;104.731;
1900-01-01 21:46:54;1188.0;1745668014;86.797;94.35;86.397;104.722;
1900-01-01 21:46:55;1189.0;1745668015;86.792;94.225;86.409;104.722;
1900-01-01 21:46:56;1190.0;1745668016;86.813;94.261;86.409;104.711;
1900-01-01 21:46:57;1191.0;1745668017;86.813;94.261;86.35;104.728;
1900-01-01 21:46:58;1192.0;1745668018;86.829;94.246;86.321;104.728;
1900-01-01 21:47:00;1193.0;1745668020;86.74;94.31;86.321;104.701;
1900-01-01 21:47:00;1194.0;1745668020;86.74;94.31;86.291;104.691;
1900-01-01 21:47:01;1195.0;1745668021;86.822;94.202;86.222;104.691;
1900-01-01 21:47:02;1196.0;1745668022;86.795;94.202;86.222;104.685;
1900-01-01 21:47:03;1197.0;1745668023;86.795;94.222;86.224;104.681;
1900-01-01 21:47:04;1198.0;1745668024;86.753;94.242;86.224;104.681;
1900-01-01 21:47:05;1199.0;1745668025;86.818;94.242;86.157;104.734;
1900-01-01 21:47:06;1200.0;1745668026;86.818;94.259;86.216;104.734;
