Time;Seconds from start for linreg;Unix Time;ch1 po2;ch2 po2;ch3 po2;ch4 po2;
1900-01-01 17:42:07;1.0;1745653327;98.627;100.706;96.682;111.932;
1900-01-01 17:42:08;2.0;1745653328;98.548;100.685;96.682;111.968;
1900-01-01 17:42:09;3.0;1745653329;98.548;100.685;96.75;111.943;
1900-01-01 17:42:10;4.0;1745653330;98.471;100.755;96.765;111.943;
1900-01-01 17:42:11;5.0;1745653331;98.447;100.755;96.765;111.894;
1900-01-01 17:42:12;6.0;1745653332;98.447;100.708;96.765;111.946;
1900-01-01 17:42:13;7.0;1745653333;98.403;100.756;96.777;111.946;
1900-01-01 17:42:14;8.0;1745653334;98.411;100.756;96.777;111.903;
1900-01-01 17:42:15;9.0;1745653335;98.411;100.649;96.751;111.988;
1900-01-01 17:42:16;10.0;1745653336;98.334;100.724;96.751;111.988;
1900-01-01 17:42:17;11.0;1745653337;98.343;100.724;96.816;111.834;
1900-01-01 17:42:18;12.0;1745653338;98.343;100.77;96.822;111.834;
1900-01-01 17:42:19;13.0;1745653339;98.321;100.741;96.822;111.896;
1900-01-01 17:42:20;14.0;1745653340;98.266;100.741;96.804;111.909;
1900-01-01 17:42:21;15.0;1745653341;98.266;100.729;96.861;111.889;
1900-01-01 17:42:22;16.0;1745653342;98.282;100.769;96.861;111.889;
1900-01-01 17:42:23;17.0;1745653343;98.282;100.769;96.838;111.974;
1900-01-01 17:42:24;18.0;1745653344;98.246;100.664;96.89;111.974;
1900-01-01 17:42:25;19.0;1745653345;98.305;100.664;96.89;112.017;
1900-01-01 17:42:26;20.0;1745653346;98.305;100.711;96.805;111.903;
1900-01-01 17:42:27;21.0;1745653347;98.319;100.719;96.859;111.903;
1900-01-01 17:42:28;22.0;1745653348;98.397;100.719;96.859;111.927;
1900-01-01 17:42:29;23.0;1745653349;98.397;100.641;96.79;111.869;
1900-01-01 17:42:30;24.0;1745653350;98.408;100.612;96.788;111.869;
1900-01-01 17:42:31;25.0;1745653351;98.321;100.612;96.788;111.942;
1900-01-01 17:42:32;26.0;1745653352;98.321;100.407;96.81;111.845;
1900-01-01 17:42:33;27.0;1745653353;98.315;100.487;96.846;111.845;
1900-01-01 17:42:34;28.0;1745653354;98.188;100.487;96.846;111.934;
1900-01-01 17:42:35;29.0;1745653355;98.188;100.405;96.765;111.888;
1900-01-01 17:42:36;30.0;1745653356;98.224;100.427;96.765;111.888;
1900-01-01 17:42:37;31.0;1745653357;98.188;100.427;96.769;111.855;
1900-01-01 17:42:38;32.0;1745653358;98.188;100.43;96.679;111.936;
1900-01-01 17:42:39;33.0;1745653359;98.124;100.451;96.765;111.936;
1900-01-01 17:42:40;34.0;1745653360;98.104;100.451;96.765;111.866;
1900-01-01 17:42:41;35.0;1745653361;98.104;100.358;96.738;111.939;
1900-01-01 17:42:42;36.0;1745653362;98.199;100.541;96.738;111.939;
1900-01-01 17:42:44;37.0;1745653364;98.187;100.541;96.79;111.806;
1900-01-01 17:42:44;38.0;1745653364;98.187;100.5;96.794;111.938;
1900-01-01 17:42:45;39.0;1745653365;98.143;100.441;96.794;111.938;
1900-01-01 17:42:46;40.0;1745653366;98.143;100.441;96.79;111.885;
1900-01-01 17:42:47;41.0;1745653367;98.098;100.491;96.827;111.885;
1900-01-01 17:42:48;42.0;1745653368;98.091;100.432;96.827;111.968;
1900-01-01 17:42:50;43.0;1745653370;97.952;100.432;96.869;111.927;
1900-01-01 17:42:50;44.0;1745653370;97.952;100.515;96.849;111.927;
1900-01-01 17:42:51;45.0;1745653371;98.05;100.473;96.849;111.881;
1900-01-01 17:42:52;46.0;1745653372;98.05;100.473;96.884;111.985;
1900-01-01 17:42:53;47.0;1745653373;97.982;100.396;96.884;111.985;
1900-01-01 17:42:54;48.0;1745653374;97.971;100.396;96.793;111.957;
1900-01-01 17:42:55;49.0;1745653375;97.971;100.463;96.744;111.924;
1900-01-01 17:42:57;50.0;1745653377;97.941;100.533;96.779;111.924;
1900-01-01 17:42:57;51.0;1745653377;98.069;100.533;96.779;111.933;
1900-01-01 17:42:58;52.0;1745653378;98.069;100.608;96.665;111.912;
1900-01-01 17:42:59;53.0;1745653379;97.934;100.574;96.665;111.912;
1900-01-01 17:43:00;54.0;1745653380;97.904;100.574;96.705;111.908;
1900-01-01 17:43:01;55.0;1745653381;97.904;100.551;96.72;111.908;
1900-01-01 17:43:02;56.0;1745653382;97.818;100.593;96.72;111.918;
1900-01-01 17:43:03;57.0;1745653383;97.818;100.593;96.686;112.008;
1900-01-01 17:43:04;58.0;1745653384;97.84;100.439;96.733;111.941;
1900-01-01 17:43:05;59.0;1745653385;97.771;100.439;96.733;111.941;
1900-01-01 17:43:06;60.0;1745653386;97.771;100.431;96.614;111.896;
1900-01-01 17:43:07;61.0;1745653387;97.775;100.324;96.671;111.896;
1900-01-01 17:43:09;62.0;1745653389;97.809;100.323;96.671;111.887;
1900-01-01 17:43:09;63.0;1745653389;97.809;100.323;96.647;111.918;
1900-01-01 17:43:10;64.0;1745653390;97.805;100.345;96.627;111.918;
1900-01-01 17:43:11;65.0;1745653391;97.826;100.315;96.627;111.938;
1900-01-01 17:43:12;66.0;1745653392;97.826;100.315;96.614;111.912;
1900-01-01 17:43:13;67.0;1745653393;97.736;100.385;96.615;111.912;
1900-01-01 17:43:14;68.0;1745653394;97.814;100.385;96.615;111.959;
1900-01-01 17:43:15;69.0;1745653395;97.814;100.465;96.664;111.847;
1900-01-01 17:43:16;70.0;1745653396;97.836;100.472;96.664;111.847;
1900-01-01 17:43:17;71.0;1745653397;97.78;100.472;96.66;111.908;
1900-01-01 17:43:18;72.0;1745653398;97.78;100.463;96.661;111.885;
1900-01-01 17:43:19;73.0;1745653399;97.781;100.513;96.661;111.885;
1900-01-01 17:43:20;74.0;1745653400;97.812;100.513;96.617;111.936;
1900-01-01 17:43:21;75.0;1745653401;97.812;100.411;96.703;111.948;
1900-01-01 17:43:22;76.0;1745653402;97.598;100.474;96.703;111.948;
1900-01-01 17:43:23;77.0;1745653403;97.598;100.474;96.706;111.855;
1900-01-01 17:43:24;78.0;1745653404;97.486;100.432;96.704;111.822;
1900-01-01 17:43:25;79.0;1745653405;97.529;100.381;96.704;111.822;
1900-01-01 17:43:26;80.0;1745653406;97.529;100.381;96.699;111.838;
1900-01-01 17:43:27;81.0;1745653407;97.561;100.41;96.682;111.838;
1900-01-01 17:43:29;82.0;1745653409;97.613;100.507;96.682;111.913;
1900-01-01 17:43:29;83.0;1745653409;97.613;100.507;96.673;111.828;
1900-01-01 17:43:30;84.0;1745653410;97.658;100.447;96.712;111.828;
1900-01-01 17:43:31;85.0;1745653411;97.571;100.447;96.712;111.856;
1900-01-01 17:43:32;86.0;1745653412;97.571;100.444;96.717;111.887;
1900-01-01 17:43:34;87.0;1745653414;97.637;100.486;96.745;111.887;
1900-01-01 17:43:34;88.0;1745653414;97.643;100.486;96.745;111.819;
1900-01-01 17:43:35;89.0;1745653415;97.643;100.436;96.725;111.949;
1900-01-01 17:43:36;90.0;1745653416;97.6;100.447;96.725;111.949;
1900-01-01 17:43:37;91.0;1745653417;97.604;100.447;96.737;111.863;
1900-01-01 17:43:38;92.0;1745653418;97.604;100.391;96.717;111.849;
1900-01-01 17:43:39;93.0;1745653419;97.628;100.373;96.717;111.849;
1900-01-01 17:43:40;94.0;1745653420;97.564;100.373;96.705;111.89;
1900-01-01 17:43:41;95.0;1745653421;97.564;100.33;96.707;111.815;
1900-01-01 17:43:42;96.0;1745653422;97.552;100.372;96.707;111.815;
1900-01-01 17:43:43;97.0;1745653423;97.552;100.372;96.667;111.863;
1900-01-01 17:43:44;98.0;1745653424;97.491;100.297;96.649;111.863;
1900-01-01 17:43:45;99.0;1745653425;97.491;100.276;96.649;111.725;
1900-01-01 17:43:46;100.0;1745653426;97.491;100.276;96.581;111.898;
1900-01-01 17:43:47;101.0;1745653427;97.491;100.266;96.683;111.898;
1900-01-01 17:43:48;102.0;1745653428;97.448;100.217;96.683;111.827;
1900-01-01 17:43:49;103.0;1745653429;97.448;100.217;96.683;111.987;
1900-01-01 17:43:50;104.0;1745653430;97.471;100.253;96.672;111.987;
1900-01-01 17:43:51;105.0;1745653431;97.432;100.209;96.672;111.866;
1900-01-01 17:43:52;106.0;1745653432;97.432;100.209;96.685;111.919;
1900-01-01 17:43:53;107.0;1745653433;97.506;100.219;96.722;111.919;
1900-01-01 17:43:54;108.0;1745653434;97.42;100.219;96.722;111.913;
1900-01-01 17:43:55;109.0;1745653435;97.42;100.284;96.698;111.778;
1900-01-01 17:43:56;110.0;1745653436;97.404;100.238;96.696;111.778;
1900-01-01 17:43:57;111.0;1745653437;97.324;100.238;96.696;111.918;
1900-01-01 17:43:58;112.0;1745653438;97.324;100.149;96.682;111.854;
1900-01-01 17:43:59;113.0;1745653439;97.161;100.169;96.682;111.854;
1900-01-01 17:44:00;114.0;1745653440;97.2;100.169;96.59;111.824;
1900-01-01 17:44:01;115.0;1745653441;97.2;100.173;96.636;111.824;
1900-01-01 17:44:02;116.0;1745653442;97.205;100.183;96.636;111.799;
1900-01-01 17:44:04;117.0;1745653444;97.172;100.183;96.635;111.891;
1900-01-01 17:44:04;118.0;1745653444;97.172;100.168;96.683;111.891;
1900-01-01 17:44:05;119.0;1745653445;97.172;100.22;96.683;111.843;
1900-01-01 17:44:06;120.0;1745653446;97.132;100.22;96.711;111.833;
1900-01-01 17:44:07;121.0;1745653447;97.132;100.175;96.647;111.908;
1900-01-01 17:44:08;122.0;1745653448;97.074;100.175;96.647;111.908;
1900-01-01 17:44:09;123.0;1745653449;97.074;100.261;96.723;111.851;
1900-01-01 17:44:10;124.0;1745653450;97.106;100.288;96.702;111.851;
1900-01-01 17:44:11;125.0;1745653451;97.188;100.24;96.702;111.798;
1900-01-01 17:44:12;126.0;1745653452;97.177;100.24;96.655;111.752;
1900-01-01 17:44:13;127.0;1745653453;97.177;100.237;96.723;111.752;
1900-01-01 17:44:14;128.0;1745653454;97.172;100.227;96.723;111.776;
1900-01-01 17:44:15;129.0;1745653455;97.172;100.227;96.733;111.846;
1900-01-01 17:44:16;130.0;1745653456;97.195;100.135;96.693;111.846;
1900-01-01 17:44:17;131.0;1745653457;97.145;100.185;96.693;111.676;
1900-01-01 17:44:18;132.0;1745653458;97.145;100.185;96.665;111.812;
1900-01-01 17:44:19;133.0;1745653459;97.17;100.11;96.719;111.812;
1900-01-01 17:44:20;134.0;1745653460;97.222;100.074;96.719;111.731;
1900-01-01 17:44:21;135.0;1745653461;97.222;100.074;96.732;111.779;
1900-01-01 17:44:22;136.0;1745653462;97.064;100.08;96.726;111.779;
1900-01-01 17:44:23;137.0;1745653463;97.129;100.08;96.726;111.787;
1900-01-01 17:44:24;138.0;1745653464;97.129;100.102;96.665;111.898;
1900-01-01 17:44:25;139.0;1745653465;97.101;100.074;96.671;111.898;
1900-01-01 17:44:26;140.0;1745653466;97.097;100.074;96.671;111.789;
1900-01-01 17:44:27;141.0;1745653467;97.097;100.11;96.743;111.865;
1900-01-01 17:44:28;142.0;1745653468;97.085;100.049;96.743;111.865;
1900-01-01 17:44:29;143.0;1745653469;96.972;100.049;96.65;111.813;
1900-01-01 17:44:30;144.0;1745653470;96.972;100.158;96.642;111.847;
1900-01-01 17:44:31;145.0;1745653471;96.978;100.087;96.642;111.847;
1900-01-01 17:44:32;146.0;1745653472;96.963;100.087;96.745;111.757;
1900-01-01 17:44:33;147.0;1745653473;96.963;100.057;96.767;111.826;
1900-01-01 17:44:34;148.0;1745653474;96.934;100.014;96.767;111.826;
1900-01-01 17:44:35;149.0;1745653475;96.906;100.014;96.714;111.861;
1900-01-01 17:44:36;150.0;1745653476;96.906;100.118;96.705;111.861;
1900-01-01 17:44:37;151.0;1745653477;96.925;99.959;96.705;111.738;
1900-01-01 17:44:39;152.0;1745653479;97.016;99.959;96.617;111.815;
1900-01-01 17:44:39;153.0;1745653479;97.016;100.022;96.599;111.815;
1900-01-01 17:44:40;154.0;1745653480;97.037;100.012;96.599;111.927;
1900-01-01 17:44:41;155.0;1745653481;96.948;100.012;96.632;111.799;
1900-01-01 17:44:42;156.0;1745653482;96.948;100.09;96.601;111.799;
1900-01-01 17:44:43;157.0;1745653483;96.979;100.057;96.601;111.885;
1900-01-01 17:44:44;158.0;1745653484;96.979;100.057;96.624;111.931;
1900-01-01 17:44:45;159.0;1745653485;96.976;100.095;96.681;111.931;
1900-01-01 17:44:46;160.0;1745653486;96.94;100.095;96.681;111.781;
1900-01-01 17:44:47;161.0;1745653487;96.94;100.215;96.668;111.794;
1900-01-01 17:44:48;162.0;1745653488;96.909;100.103;96.671;111.794;
1900-01-01 17:44:49;163.0;1745653489;96.774;100.103;96.671;111.763;
1900-01-01 17:44:50;164.0;1745653490;96.774;100.044;96.653;111.756;
1900-01-01 17:44:51;165.0;1745653491;96.715;100.119;96.668;111.756;
1900-01-01 17:44:52;166.0;1745653492;96.68;100.037;96.668;111.745;
1900-01-01 17:44:53;167.0;1745653493;96.68;100.037;96.623;111.838;
1900-01-01 17:44:54;168.0;1745653494;96.698;100.047;96.623;111.838;
1900-01-01 17:44:55;169.0;1745653495;96.677;100.047;96.628;111.72;
1900-01-01 17:44:56;170.0;1745653496;96.677;99.95;96.642;111.729;
1900-01-01 17:44:57;171.0;1745653497;96.615;99.989;96.642;111.729;
1900-01-01 17:44:58;172.0;1745653498;96.627;99.989;96.691;111.77;
1900-01-01 17:44:59;173.0;1745653499;96.627;100.065;96.694;111.77;
1900-01-01 17:45:00;174.0;1745653500;96.599;100.01;96.694;111.759;
1900-01-01 17:45:02;175.0;1745653502;96.504;100.01;96.626;111.832;
1900-01-01 17:45:02;176.0;1745653502;96.504;99.901;96.724;111.832;
1900-01-01 17:45:03;177.0;1745653503;96.591;99.982;96.724;111.684;
1900-01-01 17:45:04;178.0;1745653504;96.591;99.982;96.732;111.77;
1900-01-01 17:45:05;179.0;1745653505;96.628;99.921;96.681;111.77;
1900-01-01 17:45:06;180.0;1745653506;96.573;100.006;96.681;111.736;
1900-01-01 17:45:07;181.0;1745653507;96.573;100.006;96.764;111.816;
1900-01-01 17:45:08;182.0;1745653508;96.561;99.956;96.749;111.816;
1900-01-01 17:45:09;183.0;1745653509;96.506;99.956;96.749;111.702;
1900-01-01 17:45:10;184.0;1745653510;96.506;99.883;96.729;111.751;
1900-01-01 17:45:11;185.0;1745653511;96.635;99.84;96.729;111.751;
1900-01-01 17:45:12;186.0;1745653512;96.574;99.84;96.709;111.859;
1900-01-01 17:45:13;187.0;1745653513;96.574;99.767;96.773;111.747;
1900-01-01 17:45:14;188.0;1745653514;96.551;99.826;96.688;111.747;
1900-01-01 17:45:15;189.0;1745653515;96.581;99.826;96.688;111.787;
1900-01-01 17:45:16;190.0;1745653516;96.581;99.694;96.669;111.788;
1900-01-01 17:45:17;191.0;1745653517;96.677;99.688;96.77;111.788;
1900-01-01 17:45:18;192.0;1745653518;96.61;99.688;96.77;111.712;
1900-01-01 17:45:19;193.0;1745653519;96.61;99.668;96.755;111.727;
1900-01-01 17:45:20;194.0;1745653520;96.598;99.801;96.755;111.727;
1900-01-01 17:45:21;195.0;1745653521;96.586;99.801;96.745;111.676;
1900-01-01 17:45:22;196.0;1745653522;96.586;99.888;96.769;111.722;
1900-01-01 17:45:23;197.0;1745653523;96.569;99.792;96.769;111.722;
1900-01-01 17:45:24;198.0;1745653524;96.573;99.792;96.791;111.754;
1900-01-01 17:45:25;199.0;1745653525;96.573;99.805;96.716;111.798;
1900-01-01 17:45:26;200.0;1745653526;96.526;99.789;96.716;111.798;
1900-01-01 17:45:27;201.0;1745653527;96.485;99.789;96.789;111.789;
1900-01-01 17:45:28;202.0;1745653528;96.485;99.814;96.699;111.714;
1900-01-01 17:45:29;203.0;1745653529;96.485;99.87;96.699;111.714;
1900-01-01 17:45:30;204.0;1745653530;96.485;99.87;96.695;111.781;
1900-01-01 17:45:31;205.0;1745653531;96.422;99.734;96.671;111.781;
1900-01-01 17:45:32;206.0;1745653532;96.371;99.734;96.671;111.779;
1900-01-01 17:45:33;207.0;1745653533;96.371;99.723;96.708;111.787;
1900-01-01 17:45:34;208.0;1745653534;96.381;99.698;96.712;111.787;
1900-01-01 17:45:35;209.0;1745653535;96.307;99.698;96.712;111.723;
1900-01-01 17:45:36;210.0;1745653536;96.307;99.681;96.691;111.766;
1900-01-01 17:45:38;211.0;1745653538;96.244;99.574;96.739;111.766;
1900-01-01 17:45:38;212.0;1745653538;96.243;99.574;96.739;111.82;
1900-01-01 17:45:39;213.0;1745653539;96.243;99.604;96.751;111.719;
1900-01-01 17:45:41;214.0;1745653541;96.216;99.628;96.781;111.719;
1900-01-01 17:45:41;215.0;1745653541;96.213;99.628;96.781;111.666;
1900-01-01 17:45:42;216.0;1745653542;96.213;99.628;96.721;111.697;
1900-01-01 17:45:43;217.0;1745653543;96.241;99.634;96.697;111.697;
1900-01-01 17:45:44;218.0;1745653544;96.195;99.634;96.697;111.738;
1900-01-01 17:45:45;219.0;1745653545;96.195;99.686;96.734;111.804;
1900-01-01 17:45:46;220.0;1745653546;96.235;99.701;96.734;111.804;
1900-01-01 17:45:47;221.0;1745653547;96.138;99.701;96.758;111.73;
1900-01-01 17:45:48;222.0;1745653548;96.138;99.647;96.689;111.803;
1900-01-01 17:45:49;223.0;1745653549;96.075;99.647;96.689;111.803;
1900-01-01 17:45:50;224.0;1745653550;96.075;99.657;96.702;111.692;
1900-01-01 17:45:51;225.0;1745653551;96.231;99.694;96.688;111.692;
1900-01-01 17:45:52;226.0;1745653552;96.156;99.794;96.688;111.688;
1900-01-01 17:45:53;227.0;1745653553;96.156;99.794;96.689;111.695;
1900-01-01 17:45:54;228.0;1745653554;96.157;99.726;96.706;111.695;
1900-01-01 17:45:55;229.0;1745653555;96.095;99.783;96.706;111.681;
1900-01-01 17:45:56;230.0;1745653556;96.095;99.783;96.739;111.783;
1900-01-01 17:45:57;231.0;1745653557;96.104;99.737;96.687;111.783;
1900-01-01 17:45:58;232.0;1745653558;96.083;99.771;96.687;111.748;
1900-01-01 17:45:59;233.0;1745653559;96.083;99.771;96.673;111.66;
1900-01-01 17:46:00;234.0;1745653560;96.048;99.682;96.64;111.66;
1900-01-01 17:46:01;235.0;1745653561;96.058;99.682;96.64;111.685;
1900-01-01 17:46:02;236.0;1745653562;96.058;99.68;96.702;111.771;
1900-01-01 17:46:04;237.0;1745653564;96.087;99.654;96.657;111.771;
1900-01-01 17:46:04;238.0;1745653564;95.982;99.654;96.657;111.619;
1900-01-01 17:46:05;239.0;1745653565;95.982;99.606;96.728;111.662;
1900-01-01 17:46:06;240.0;1745653566;96.026;99.559;96.704;111.662;
1900-01-01 17:46:08;241.0;1745653568;96.08;99.559;96.704;111.801;
1900-01-01 17:46:08;242.0;1745653568;96.08;99.506;96.726;111.697;
1900-01-01 17:46:09;243.0;1745653569;96.024;99.495;96.726;111.697;
1900-01-01 17:46:10;244.0;1745653570;96.024;99.495;96.684;111.637;
1900-01-01 17:46:11;245.0;1745653571;96.015;99.518;96.658;111.69;
1900-01-01 17:46:12;246.0;1745653572;96.067;99.52;96.658;111.69;
1900-01-01 17:46:13;247.0;1745653573;96.067;99.52;96.595;111.691;
1900-01-01 17:46:14;248.0;1745653574;96.057;99.492;96.658;111.618;
1900-01-01 17:46:16;249.0;1745653576;96.055;99.569;96.658;111.618;
1900-01-01 17:46:16;250.0;1745653576;96.055;99.569;96.603;111.643;
1900-01-01 17:46:17;251.0;1745653577;95.919;99.683;96.682;111.643;
1900-01-01 17:46:18;252.0;1745653578;95.899;99.483;96.682;111.655;
1900-01-01 17:46:19;253.0;1745653579;95.899;99.483;96.649;111.66;
1900-01-01 17:46:20;254.0;1745653580;95.831;99.579;96.709;111.66;
1900-01-01 17:46:21;255.0;1745653581;95.752;99.579;96.709;111.734;
1900-01-01 17:46:22;256.0;1745653582;95.752;99.545;96.683;111.637;
1900-01-01 17:46:23;257.0;1745653583;95.75;99.602;96.634;111.637;
1900-01-01 17:46:24;258.0;1745653584;95.716;99.602;96.634;111.745;
1900-01-01 17:46:25;259.0;1745653585;95.716;99.582;96.654;111.697;
1900-01-01 17:46:26;260.0;1745653586;95.687;99.653;96.654;111.697;
1900-01-01 17:46:27;261.0;1745653587;95.643;99.653;96.667;111.629;
1900-01-01 17:46:28;262.0;1745653588;95.643;99.571;96.652;111.671;
1900-01-01 17:46:29;263.0;1745653589;95.653;99.543;96.652;111.671;
1900-01-01 17:46:31;264.0;1745653591;95.587;99.543;96.58;111.623;
1900-01-01 17:46:31;265.0;1745653591;95.587;99.51;96.673;111.623;
1900-01-01 17:46:32;266.0;1745653592;95.652;99.459;96.673;111.654;
1900-01-01 17:46:33;267.0;1745653593;95.591;99.459;96.631;111.65;
1900-01-01 17:46:34;268.0;1745653594;95.591;99.514;96.622;111.638;
1900-01-01 17:46:35;269.0;1745653595;95.658;99.45;96.622;111.638;
1900-01-01 17:46:36;270.0;1745653596;95.658;99.45;96.636;111.585;
1900-01-01 17:46:37;271.0;1745653597;95.561;99.462;96.684;111.654;
1900-01-01 17:46:38;272.0;1745653598;95.552;99.441;96.684;111.654;
1900-01-01 17:46:39;273.0;1745653599;95.552;99.441;96.652;111.652;
1900-01-01 17:46:40;274.0;1745653600;95.595;99.45;96.677;111.652;
1900-01-01 17:46:41;275.0;1745653601;95.544;99.45;96.677;111.657;
1900-01-01 17:46:42;276.0;1745653602;95.544;99.392;96.675;111.672;
1900-01-01 17:46:43;277.0;1745653603;95.495;99.489;96.63;111.672;
1900-01-01 17:46:44;278.0;1745653604;95.572;99.402;96.63;111.671;
1900-01-01 17:46:45;279.0;1745653605;95.572;99.402;96.64;111.658;
1900-01-01 17:46:46;280.0;1745653606;95.53;99.405;96.597;111.658;
1900-01-01 17:46:47;281.0;1745653607;95.53;99.405;96.597;111.718;
1900-01-01 17:46:48;282.0;1745653608;95.53;99.436;96.697;111.567;
1900-01-01 17:46:49;283.0;1745653609;95.354;99.404;96.697;111.567;
1900-01-01 17:46:50;284.0;1745653610;95.395;99.404;96.615;111.653;
1900-01-01 17:46:51;285.0;1745653611;95.395;99.328;96.596;111.545;
1900-01-01 17:46:52;286.0;1745653612;95.338;99.427;96.596;111.545;
1900-01-01 17:46:53;287.0;1745653613;95.338;99.427;96.656;111.69;
1900-01-01 17:46:54;288.0;1745653614;95.184;99.303;96.607;111.61;
1900-01-01 17:46:56;289.0;1745653616;95.28;99.271;96.607;111.61;
1900-01-01 17:46:56;290.0;1745653616;95.28;99.271;96.604;111.661;
1900-01-01 17:46:57;291.0;1745653617;95.16;99.292;96.645;111.661;
1900-01-01 17:46:59;292.0;1745653619;95.099;99.3;96.645;111.644;
1900-01-01 17:46:59;293.0;1745653619;95.099;99.3;96.62;111.64;
1900-01-01 17:47:00;294.0;1745653620;95.167;99.261;96.624;111.64;
1900-01-01 17:47:01;295.0;1745653621;95.088;99.297;96.624;111.624;
1900-01-01 17:47:02;296.0;1745653622;95.088;99.297;96.676;111.672;
1900-01-01 17:47:03;297.0;1745653623;95.129;99.356;96.631;111.672;
1900-01-01 17:47:04;298.0;1745653624;95.077;99.339;96.631;111.645;
1900-01-01 17:47:05;299.0;1745653625;95.077;99.339;96.61;111.591;
1900-01-01 17:47:06;300.0;1745653626;95.094;99.439;96.621;111.591;
1900-01-01 17:47:07;301.0;1745653627;95.145;99.439;96.621;111.557;
1900-01-01 17:47:08;302.0;1745653628;95.145;99.344;96.671;111.709;
1900-01-01 17:47:09;303.0;1745653629;95.195;99.336;96.671;111.709;
1900-01-01 17:47:10;304.0;1745653630;95.1;99.336;96.626;111.7;
1900-01-01 17:47:11;305.0;1745653631;95.1;99.355;96.624;111.63;
1900-01-01 17:47:12;306.0;1745653632;95.096;99.252;96.599;111.63;
1900-01-01 17:47:13;307.0;1745653633;95.157;99.252;96.599;111.699;
1900-01-01 17:47:14;308.0;1745653634;95.157;99.207;96.637;111.642;
1900-01-01 17:47:15;309.0;1745653635;95.098;99.192;96.584;111.642;
1900-01-01 17:47:16;310.0;1745653636;95.133;99.192;96.584;111.596;
1900-01-01 17:47:17;311.0;1745653637;95.133;99.213;96.648;111.596;
1900-01-01 17:47:18;312.0;1745653638;95.142;99.244;96.648;111.679;
1900-01-01 17:47:19;313.0;1745653639;95.132;99.244;96.668;111.647;
1900-01-01 17:47:20;314.0;1745653640;95.132;99.228;96.575;111.647;
1900-01-01 17:47:21;315.0;1745653641;95.118;99.241;96.575;111.675;
1900-01-01 17:47:22;316.0;1745653642;95.094;99.241;96.557;111.608;
1900-01-01 17:47:23;317.0;1745653643;95.094;99.264;96.622;111.608;
1900-01-01 17:47:24;318.0;1745653644;95.041;99.239;96.622;111.677;
1900-01-01 17:47:25;319.0;1745653645;95.041;99.239;96.595;111.631;
1900-01-01 17:47:26;320.0;1745653646;95.012;99.245;96.576;111.631;
1900-01-01 17:47:27;321.0;1745653647;95.077;99.165;96.576;111.658;
1900-01-01 17:47:28;322.0;1745653648;95.077;99.165;96.551;111.702;
1900-01-01 17:47:29;323.0;1745653649;95.087;99.093;96.553;111.702;
1900-01-01 17:47:30;324.0;1745653650;95.098;99.093;96.553;111.521;
1900-01-01 17:47:32;325.0;1745653652;95.098;99.12;96.563;111.608;
1900-01-01 17:47:32;326.0;1745653652;95.016;99.101;96.515;111.608;
1900-01-01 17:47:33;327.0;1745653653;95.069;99.101;96.515;111.514;
1900-01-01 17:47:34;328.0;1745653654;95.069;99.161;96.582;111.514;
1900-01-01 17:47:35;329.0;1745653655;95.061;99.1;96.582;111.563;
1900-01-01 17:47:36;330.0;1745653656;95.06;99.1;96.563;111.582;
1900-01-01 17:47:37;331.0;1745653657;95.06;99.163;96.517;111.665;
1900-01-01 17:47:38;332.0;1745653658;94.957;98.999;96.517;111.665;
1900-01-01 17:47:39;333.0;1745653659;94.961;98.999;96.519;111.482;
1900-01-01 17:47:40;334.0;1745653660;94.961;99.084;96.598;111.482;
1900-01-01 17:47:41;335.0;1745653661;94.788;99.053;96.598;111.577;
1900-01-01 17:47:42;336.0;1745653662;94.82;99.053;96.546;111.618;
1900-01-01 17:47:43;337.0;1745653663;94.82;98.968;96.647;111.559;
1900-01-01 17:47:44;338.0;1745653664;94.816;99.01;96.647;111.559;
1900-01-01 17:47:45;339.0;1745653665;94.75;99.01;96.614;111.622;
1900-01-01 17:47:46;340.0;1745653666;94.75;98.988;96.606;111.715;
1900-01-01 17:47:47;341.0;1745653667;94.711;99.081;96.606;111.715;
1900-01-01 17:47:48;342.0;1745653668;94.711;99.081;96.6;111.608;
1900-01-01 17:47:49;343.0;1745653669;94.654;99.122;96.574;111.608;
1900-01-01 17:47:50;344.0;1745653670;94.699;99.122;96.574;111.538;
1900-01-01 17:47:51;345.0;1745653671;94.699;99.13;96.538;111.495;
1900-01-01 17:47:52;346.0;1745653672;94.675;99.184;96.546;111.495;
1900-01-01 17:47:53;347.0;1745653673;94.672;99.184;96.546;111.584;
1900-01-01 17:47:54;348.0;1745653674;94.672;99.083;96.535;111.63;
1900-01-01 17:47:55;349.0;1745653675;94.66;99.126;96.521;111.63;
1900-01-01 17:47:56;350.0;1745653676;94.697;99.126;96.521;111.577;
1900-01-01 17:47:57;351.0;1745653677;94.697;99.074;96.569;111.614;
1900-01-01 17:47:58;352.0;1745653678;94.651;99.035;96.569;111.614;
1900-01-01 17:47:59;353.0;1745653679;94.625;99.035;96.618;111.679;
1900-01-01 17:48:00;354.0;1745653680;94.625;98.966;96.545;111.515;
1900-01-01 17:48:01;355.0;1745653681;94.538;98.939;96.545;111.515;
1900-01-01 17:48:02;356.0;1745653682;94.538;98.939;96.586;111.706;
1900-01-01 17:48:03;357.0;1745653683;94.521;98.933;96.544;111.706;
1900-01-01 17:48:04;358.0;1745653684;94.475;98.96;96.544;111.597;
1900-01-01 17:48:05;359.0;1745653685;94.475;98.96;96.507;111.618;
1900-01-01 17:48:06;360.0;1745653686;94.562;99.015;96.519;111.618;
1900-01-01 17:48:07;361.0;1745653687;94.672;99.002;96.519;111.569;
1900-01-01 17:48:08;362.0;1745653688;94.672;99.002;96.594;111.576;
1900-01-01 17:48:09;363.0;1745653689;94.692;98.998;96.542;111.576;
1900-01-01 17:48:10;364.0;1745653690;94.722;99.065;96.542;111.573;
1900-01-01 17:48:11;365.0;1745653691;94.722;99.065;96.515;111.596;
1900-01-01 17:48:12;366.0;1745653692;94.695;99.035;96.515;111.596;
1900-01-01 17:48:13;367.0;1745653693;94.647;99.035;96.508;111.608;
1900-01-01 17:48:14;368.0;1745653694;94.647;99.081;96.558;111.613;
1900-01-01 17:48:15;369.0;1745653695;94.656;99.041;96.551;111.613;
1900-01-01 17:48:16;370.0;1745653696;94.632;99.041;96.551;111.629;
1900-01-01 17:48:17;371.0;1745653697;94.632;98.911;96.526;111.591;
1900-01-01 17:48:18;372.0;1745653698;94.52;98.968;96.57;111.591;
1900-01-01 17:48:19;373.0;1745653699;94.442;98.968;96.57;111.598;
1900-01-01 17:48:20;374.0;1745653700;94.442;98.907;96.657;111.619;
1900-01-01 17:48:21;375.0;1745653701;94.427;98.863;96.657;111.619;
1900-01-01 17:48:22;376.0;1745653702;94.337;98.863;96.615;111.614;
1900-01-01 17:48:23;377.0;1745653703;94.337;98.962;96.624;111.614;
1900-01-01 17:48:24;378.0;1745653704;94.185;98.838;96.624;111.562;
1900-01-01 17:48:25;379.0;1745653705;94.268;98.838;96.61;111.515;
1900-01-01 17:48:26;380.0;1745653706;94.268;98.767;96.441;111.547;
1900-01-01 17:48:28;381.0;1745653708;94.164;98.833;96.441;111.547;
1900-01-01 17:48:28;382.0;1745653708;94.164;98.833;96.522;111.518;
1900-01-01 17:48:29;383.0;1745653709;94.311;98.834;96.557;111.518;
1900-01-01 17:48:31;384.0;1745653711;94.375;98.877;96.557;111.608;
1900-01-01 17:48:31;385.0;1745653711;94.375;98.877;96.59;111.567;
1900-01-01 17:48:33;386.0;1745653713;94.392;98.93;96.557;111.567;
1900-01-01 17:48:33;387.0;1745653713;94.419;98.93;96.557;111.458;
1900-01-01 17:48:34;388.0;1745653714;94.419;98.935;96.515;111.493;
1900-01-01 17:48:35;389.0;1745653715;94.401;98.791;96.515;111.493;
1900-01-01 17:48:36;390.0;1745653716;94.268;98.791;96.621;111.465;
1900-01-01 17:48:37;391.0;1745653717;94.268;98.828;96.59;111.528;
1900-01-01 17:48:39;392.0;1745653719;94.305;98.769;96.564;111.528;
1900-01-01 17:48:39;393.0;1745653719;94.205;98.769;96.564;111.457;
1900-01-01 17:48:40;394.0;1745653720;94.205;98.657;96.574;111.376;
1900-01-01 17:48:41;395.0;1745653721;94.215;98.714;96.574;111.376;
1900-01-01 17:48:42;396.0;1745653722;94.215;98.714;96.6;111.479;
1900-01-01 17:48:43;397.0;1745653723;94.181;98.624;96.626;111.495;
1900-01-01 17:48:44;398.0;1745653724;94.088;98.705;96.626;111.495;
1900-01-01 17:48:45;399.0;1745653725;94.088;98.705;96.654;111.555;
1900-01-01 17:48:46;400.0;1745653726;94.147;98.666;96.638;111.555;
1900-01-01 17:48:47;401.0;1745653727;94.241;98.695;96.638;111.489;
1900-01-01 17:48:48;402.0;1745653728;94.102;98.695;96.584;111.491;
1900-01-01 17:48:49;403.0;1745653729;94.102;98.749;96.674;111.491;
1900-01-01 17:48:50;404.0;1745653730;94.107;98.703;96.674;111.406;
1900-01-01 17:48:51;405.0;1745653731;94.107;98.703;96.652;111.493;
1900-01-01 17:48:52;406.0;1745653732;94.047;98.605;96.636;111.493;
1900-01-01 17:48:53;407.0;1745653733;94.072;98.605;96.636;111.418;
1900-01-01 17:48:54;408.0;1745653734;94.072;98.559;96.597;111.574;
1900-01-01 17:48:55;409.0;1745653735;94.07;98.626;96.597;111.574;
1900-01-01 17:48:56;410.0;1745653736;94.089;98.626;96.565;111.467;
1900-01-01 17:48:57;411.0;1745653737;94.089;98.625;96.654;111.58;
1900-01-01 17:48:58;412.0;1745653738;94.047;98.648;96.654;111.58;
1900-01-01 17:48:59;413.0;1745653739;94.022;98.648;96.596;111.468;
1900-01-01 17:49:00;414.0;1745653740;94.022;98.623;96.677;111.46;
1900-01-01 17:49:01;415.0;1745653741;94.038;98.623;96.677;111.46;
1900-01-01 17:49:02;416.0;1745653742;93.944;98.623;96.564;111.461;
1900-01-01 17:49:03;417.0;1745653743;93.944;98.597;96.583;111.466;
1900-01-01 17:49:04;418.0;1745653744;94.014;98.462;96.583;111.466;
1900-01-01 17:49:05;419.0;1745653745;94.014;98.462;96.669;111.503;
1900-01-01 17:49:06;420.0;1745653746;94.026;98.531;96.598;111.542;
1900-01-01 17:49:07;421.0;1745653747;94.07;98.432;96.598;111.542;
1900-01-01 17:49:08;422.0;1745653748;94.07;98.432;96.697;111.458;
1900-01-01 17:49:09;423.0;1745653749;93.999;98.455;96.579;111.458;
1900-01-01 17:49:10;424.0;1745653750;93.967;98.56;96.579;111.445;
1900-01-01 17:49:11;425.0;1745653751;93.847;98.56;96.508;111.568;
1900-01-01 17:49:12;426.0;1745653752;93.847;98.437;96.561;111.537;
1900-01-01 17:49:14;427.0;1745653754;93.878;98.439;96.525;111.537;
1900-01-01 17:49:14;428.0;1745653754;93.878;98.439;96.525;111.556;
1900-01-01 17:49:15;429.0;1745653755;93.9;98.582;96.526;111.601;
1900-01-01 17:49:16;430.0;1745653756;93.933;98.526;96.526;111.601;
1900-01-01 17:49:17;431.0;1745653757;93.762;98.526;96.502;111.462;
1900-01-01 17:49:18;432.0;1745653758;93.762;98.494;96.499;111.503;
1900-01-01 17:49:19;433.0;1745653759;93.833;98.445;96.499;111.503;
1900-01-01 17:49:20;434.0;1745653760;93.807;98.445;96.461;111.525;
1900-01-01 17:49:21;435.0;1745653761;93.807;98.391;96.519;111.555;
1900-01-01 17:49:22;436.0;1745653762;93.796;98.385;96.519;111.555;
1900-01-01 17:49:24;437.0;1745653764;93.844;98.385;96.5;111.528;
1900-01-01 17:49:24;438.0;1745653764;93.844;98.435;96.555;111.528;
1900-01-01 17:49:25;439.0;1745653765;93.678;98.309;96.555;111.464;
1900-01-01 17:49:26;440.0;1745653766;93.678;98.309;96.584;111.506;
1900-01-01 17:49:27;441.0;1745653767;93.709;98.285;96.515;111.506;
1900-01-01 17:49:28;442.0;1745653768;93.629;98.347;96.515;111.522;
1900-01-01 17:49:29;443.0;1745653769;93.629;98.347;96.551;111.492;
1900-01-01 17:49:30;444.0;1745653770;93.602;98.39;96.619;111.492;
1900-01-01 17:49:31;445.0;1745653771;93.495;98.423;96.619;111.498;
1900-01-01 17:49:32;446.0;1745653772;93.495;98.423;96.624;111.424;
1900-01-01 17:49:33;447.0;1745653773;93.439;98.422;96.548;111.424;
1900-01-01 17:49:34;448.0;1745653774;93.429;98.422;96.548;111.494;
1900-01-01 17:49:35;449.0;1745653775;93.429;98.379;96.528;111.44;
1900-01-01 17:49:36;450.0;1745653776;93.499;98.334;96.528;111.44;
1900-01-01 17:49:37;451.0;1745653777;93.5;98.334;96.579;111.42;
1900-01-01 17:49:38;452.0;1745653778;93.5;98.434;96.508;111.472;
1900-01-01 17:49:39;453.0;1745653779;93.499;98.418;96.508;111.472;
1900-01-01 17:49:40;454.0;1745653780;93.489;98.418;96.533;111.438;
1900-01-01 17:49:41;455.0;1745653781;93.489;98.379;96.553;111.438;
1900-01-01 17:49:42;456.0;1745653782;93.562;98.455;96.553;111.473;
1900-01-01 17:49:43;457.0;1745653783;93.562;98.455;96.567;111.425;
1900-01-01 17:49:44;458.0;1745653784;93.604;98.465;96.484;111.572;
1900-01-01 17:49:45;459.0;1745653785;93.678;98.426;96.484;111.572;
1900-01-01 17:49:46;460.0;1745653786;93.678;98.426;96.529;111.389;
1900-01-01 17:49:47;461.0;1745653787;93.655;98.41;96.587;111.389;
1900-01-01 17:49:48;462.0;1745653788;93.584;98.368;96.587;111.379;
1900-01-01 17:49:50;463.0;1745653790;93.445;98.368;96.591;111.357;
1900-01-01 17:49:50;464.0;1745653790;93.445;98.253;96.535;111.357;
1900-01-01 17:49:51;465.0;1745653791;93.47;98.306;96.535;111.405;
1900-01-01 17:49:52;466.0;1745653792;93.47;98.306;96.542;111.475;
1900-01-01 17:49:53;467.0;1745653793;93.401;98.178;96.552;111.475;
1900-01-01 17:49:54;468.0;1745653794;93.46;98.296;96.552;111.429;
1900-01-01 17:49:55;469.0;1745653795;93.46;98.296;96.513;111.417;
1900-01-01 17:49:56;470.0;1745653796;93.451;98.225;96.433;111.417;
1900-01-01 17:49:57;471.0;1745653797;93.407;98.225;96.433;111.52;
1900-01-01 17:49:58;472.0;1745653798;93.407;98.235;96.501;111.479;
1900-01-01 17:49:59;473.0;1745653799;93.422;98.265;96.501;111.479;
1900-01-01 17:50:00;474.0;1745653800;93.462;98.265;96.561;111.376;
1900-01-01 17:50:01;475.0;1745653801;93.462;98.227;96.564;111.385;
1900-01-01 17:50:02;476.0;1745653802;93.408;98.179;96.564;111.385;
1900-01-01 17:50:03;477.0;1745653803;93.449;98.179;96.567;111.505;
1900-01-01 17:50:04;478.0;1745653804;93.449;98.156;96.526;111.473;
1900-01-01 17:50:05;479.0;1745653805;93.28;98.089;96.526;111.473;
1900-01-01 17:50:06;480.0;1745653806;93.28;98.089;96.578;111.413;
1900-01-01 17:50:07;481.0;1745653807;93.273;98.195;96.517;111.44;
1900-01-01 17:50:08;482.0;1745653808;93.205;98.158;96.517;111.44;
1900-01-01 17:50:09;483.0;1745653809;93.205;98.158;96.461;111.404;
1900-01-01 17:50:10;484.0;1745653810;93.261;98.151;96.492;111.404;
1900-01-01 17:50:11;485.0;1745653811;93.327;98.235;96.492;111.395;
1900-01-01 17:50:12;486.0;1745653812;93.242;98.235;96.417;111.335;
1900-01-01 17:50:13;487.0;1745653813;93.242;98.135;96.466;111.335;
1900-01-01 17:50:14;488.0;1745653814;93.329;98.124;96.466;111.398;
1900-01-01 17:50:15;489.0;1745653815;93.329;98.124;96.521;111.339;
1900-01-01 17:50:16;490.0;1745653816;93.311;98.039;96.483;111.383;
1900-01-01 17:50:17;491.0;1745653817;93.259;97.966;96.483;111.383;
1900-01-01 17:50:18;492.0;1745653818;93.259;97.966;96.547;111.376;
1900-01-01 17:50:19;493.0;1745653819;93.208;98.066;96.534;111.376;
1900-01-01 17:50:20;494.0;1745653820;93.207;98.062;96.534;111.485;
1900-01-01 17:50:21;495.0;1745653821;93.236;98.062;96.494;111.405;
1900-01-01 17:50:22;496.0;1745653822;93.236;98.131;96.523;111.434;
1900-01-01 17:50:23;497.0;1745653823;93.151;98.172;96.523;111.434;
1900-01-01 17:50:24;498.0;1745653824;93.151;98.172;96.52;111.321;
1900-01-01 17:50:25;499.0;1745653825;93.212;98.108;96.446;111.416;
1900-01-01 17:50:26;500.0;1745653826;93.121;98.094;96.446;111.416;
1900-01-01 17:50:27;501.0;1745653827;93.058;98.094;96.478;111.312;
1900-01-01 17:50:28;502.0;1745653828;93.058;98.091;96.446;111.312;
1900-01-01 17:50:29;503.0;1745653829;93.05;98.032;96.446;111.334;
1900-01-01 17:50:30;504.0;1745653830;93.038;98.032;96.529;111.533;
1900-01-01 17:50:31;505.0;1745653831;93.038;98.16;96.531;111.405;
1900-01-01 17:50:32;506.0;1745653832;93.0;98.152;96.531;111.405;
1900-01-01 17:50:33;507.0;1745653833;93.0;98.152;96.503;111.431;
1900-01-01 17:50:34;508.0;1745653834;92.897;97.986;96.462;111.437;
1900-01-01 17:50:35;509.0;1745653835;92.884;97.981;96.462;111.437;
1900-01-01 17:50:36;510.0;1745653836;92.723;97.981;96.501;111.447;
1900-01-01 17:50:37;511.0;1745653837;92.723;97.815;96.589;111.447;
1900-01-01 17:50:38;512.0;1745653838;92.756;97.854;96.589;111.487;
1900-01-01 17:50:39;513.0;1745653839;92.69;97.854;96.469;111.43;
1900-01-01 17:50:40;514.0;1745653840;92.69;97.804;96.571;111.372;
1900-01-01 17:50:41;515.0;1745653841;92.794;97.82;96.571;111.372;
1900-01-01 17:50:42;516.0;1745653842;92.794;97.82;96.517;111.395;
1900-01-01 17:50:43;517.0;1745653843;92.823;97.837;96.528;111.46;
1900-01-01 17:50:45;518.0;1745653845;92.917;97.868;96.528;111.46;
1900-01-01 17:50:45;519.0;1745653845;92.917;97.868;96.584;111.354;
1900-01-01 17:50:46;520.0;1745653846;92.984;97.862;96.569;111.354;
1900-01-01 17:50:47;521.0;1745653847;92.951;97.994;96.569;111.388;
1900-01-01 17:50:48;522.0;1745653848;92.951;97.994;96.568;111.396;
1900-01-01 17:50:49;523.0;1745653849;92.985;97.951;96.567;111.396;
1900-01-01 17:50:50;524.0;1745653850;92.996;97.936;96.567;111.383;
1900-01-01 17:50:51;525.0;1745653851;92.996;97.936;96.503;111.338;
1900-01-01 17:50:52;526.0;1745653852;92.942;97.918;96.573;111.338;
1900-01-01 17:50:53;527.0;1745653853;92.909;97.918;96.573;111.42;
1900-01-01 17:50:54;528.0;1745653854;92.909;97.975;96.522;111.341;
1900-01-01 17:50:55;529.0;1745653855;92.937;97.957;96.603;111.341;
1900-01-01 17:50:56;530.0;1745653856;92.84;97.957;96.603;111.384;
1900-01-01 17:50:57;531.0;1745653857;92.84;97.873;96.598;111.34;
1900-01-01 17:50:58;532.0;1745653858;92.858;97.852;96.598;111.34;
1900-01-01 17:50:59;533.0;1745653859;92.81;97.852;96.583;111.34;
1900-01-01 17:51:00;534.0;1745653860;92.81;97.862;96.548;111.355;
1900-01-01 17:51:02;535.0;1745653862;92.772;97.792;96.531;111.355;
1900-01-01 17:51:02;536.0;1745653862;92.632;97.792;96.531;111.384;
1900-01-01 17:51:03;537.0;1745653863;92.632;97.861;96.537;111.489;
1900-01-01 17:51:04;538.0;1745653864;92.558;97.769;96.537;111.489;
1900-01-01 17:51:05;539.0;1745653865;92.558;97.769;96.57;111.46;
1900-01-01 17:51:06;540.0;1745653866;92.491;97.766;96.563;111.345;
1900-01-01 17:51:07;541.0;1745653867;92.47;97.732;96.563;111.345;
1900-01-01 17:51:08;542.0;1745653868;92.47;97.732;96.583;111.493;
1900-01-01 17:51:09;543.0;1745653869;92.478;97.761;96.515;111.493;
1900-01-01 17:51:11;544.0;1745653871;92.476;97.817;96.515;111.394;
1900-01-01 17:51:11;545.0;1745653871;92.476;97.817;96.558;111.398;
1900-01-01 17:51:12;546.0;1745653872;92.537;97.738;96.528;111.398;
1900-01-01 17:51:13;547.0;1745653873;92.494;97.738;96.528;111.364;
1900-01-01 17:51:14;548.0;1745653874;92.494;97.73;96.545;111.432;
1900-01-01 17:51:15;549.0;1745653875;92.578;97.727;96.497;111.432;
1900-01-01 17:51:16;550.0;1745653876;92.544;97.727;96.497;111.371;
1900-01-01 17:51:17;551.0;1745653877;92.544;97.692;96.46;111.273;
1900-01-01 17:51:18;552.0;1745653878;92.592;97.817;96.46;111.273;
1900-01-01 17:51:19;553.0;1745653879;92.558;97.817;96.513;111.333;
1900-01-01 17:51:21;554.0;1745653881;92.558;97.809;96.59;111.369;
1900-01-01 17:51:21;555.0;1745653881;92.518;97.76;96.59;111.369;
1900-01-01 17:51:23;556.0;1745653883;92.473;97.76;96.646;111.347;
1900-01-01 17:51:23;557.0;1745653883;92.473;97.599;96.529;111.347;
1900-01-01 17:51:24;558.0;1745653884;92.473;97.776;96.529;111.415;
1900-01-01 17:51:25;559.0;1745653885;92.435;97.776;96.466;111.228;
1900-01-01 17:51:26;560.0;1745653886;92.435;97.663;96.542;111.343;
1900-01-01 17:51:27;561.0;1745653887;92.406;97.734;96.542;111.343;
1900-01-01 17:51:28;562.0;1745653888;92.406;97.734;96.57;111.357;
1900-01-01 17:51:29;563.0;1745653889;92.342;97.729;96.562;111.357;
1900-01-01 17:51:31;564.0;1745653891;92.278;97.714;96.562;111.327;
1900-01-01 17:51:31;565.0;1745653891;92.278;97.714;96.582;111.263;
1900-01-01 17:51:32;566.0;1745653892;92.265;97.723;96.583;111.263;
1900-01-01 17:51:34;567.0;1745653894;92.303;97.769;96.583;111.332;
1900-01-01 17:51:34;568.0;1745653894;92.303;97.769;96.623;111.334;
1900-01-01 17:51:35;569.0;1745653895;92.294;97.76;96.572;111.334;
1900-01-01 17:51:36;570.0;1745653896;92.314;97.688;96.572;111.35;
1900-01-01 17:51:37;571.0;1745653897;92.314;97.688;96.605;111.243;
1900-01-01 17:51:38;572.0;1745653898;92.463;97.611;96.558;111.243;
1900-01-01 17:51:39;573.0;1745653899;92.414;97.611;96.558;111.306;
1900-01-01 17:51:40;574.0;1745653900;92.414;97.655;96.628;111.401;
1900-01-01 17:51:41;575.0;1745653901;92.382;97.682;96.584;111.401;
1900-01-01 17:51:42;576.0;1745653902;92.205;97.682;96.584;111.384;
1900-01-01 17:51:43;577.0;1745653903;92.205;97.588;96.575;111.374;
1900-01-01 17:51:44;578.0;1745653904;92.181;97.631;96.575;111.374;
1900-01-01 17:51:45;579.0;1745653905;92.062;97.631;96.637;111.395;
1900-01-01 17:51:46;580.0;1745653906;92.062;97.634;96.613;111.395;
1900-01-01 17:51:47;581.0;1745653907;92.147;97.627;96.613;111.378;
1900-01-01 17:51:48;582.0;1745653908;92.052;97.627;96.611;111.399;
1900-01-01 17:51:49;583.0;1745653909;92.052;97.584;96.626;111.399;
1900-01-01 17:51:50;584.0;1745653910;92.049;97.542;96.626;111.383;
1900-01-01 17:51:51;585.0;1745653911;92.071;97.542;96.529;111.256;
1900-01-01 17:51:52;586.0;1745653912;92.071;97.54;96.578;111.256;
1900-01-01 17:51:53;587.0;1745653913;92.03;97.469;96.578;111.331;
1900-01-01 17:51:54;588.0;1745653914;92.03;97.469;96.568;111.331;
1900-01-01 17:51:55;589.0;1745653915;92.085;97.438;96.526;111.331;
1900-01-01 17:51:56;590.0;1745653916;92.174;97.468;96.526;111.259;
1900-01-01 17:51:57;591.0;1745653917;92.174;97.468;96.465;111.329;
1900-01-01 17:51:58;592.0;1745653918;92.179;97.429;96.509;111.329;
1900-01-01 17:51:59;593.0;1745653919;92.184;97.429;96.509;111.387;
1900-01-01 17:52:00;594.0;1745653920;92.184;97.494;96.437;111.276;
1900-01-01 17:52:01;595.0;1745653921;92.09;97.46;96.437;111.276;
1900-01-01 17:52:02;596.0;1745653922;91.99;97.46;96.455;111.33;
1900-01-01 17:52:03;597.0;1745653923;91.99;97.509;96.478;111.334;
1900-01-01 17:52:04;598.0;1745653924;91.98;97.405;96.49;111.334;
1900-01-01 17:52:05;599.0;1745653925;91.939;97.405;96.49;111.343;
1900-01-01 17:52:06;600.0;1745653926;91.939;97.325;96.444;111.355;
1900-01-01 17:52:07;601.0;1745653927;91.825;97.4;96.444;111.355;
1900-01-01 17:52:09;602.0;1745653929;91.817;97.4;96.547;111.329;
1900-01-01 17:52:09;603.0;1745653929;91.817;97.317;96.477;111.329;
1900-01-01 17:52:10;604.0;1745653930;91.855;97.339;96.477;111.34;
1900-01-01 17:52:11;605.0;1745653931;91.861;97.339;96.483;111.208;
1900-01-01 17:52:12;606.0;1745653932;91.861;97.367;96.399;111.208;
1900-01-01 17:52:13;607.0;1745653933;91.949;97.391;96.399;111.284;
1900-01-01 17:52:14;608.0;1745653934;91.949;97.391;96.434;111.287;
1900-01-01 17:52:15;609.0;1745653935;91.951;97.39;96.449;111.287;
1900-01-01 17:52:16;610.0;1745653936;91.941;97.279;96.449;111.366;
1900-01-01 17:52:17;611.0;1745653937;91.941;97.279;96.439;111.243;
1900-01-01 17:52:18;612.0;1745653938;91.858;97.387;96.47;111.243;
1900-01-01 17:52:19;613.0;1745653939;91.774;97.387;96.47;111.344;
1900-01-01 17:52:20;614.0;1745653940;91.774;97.349;96.446;111.455;
1900-01-01 17:52:21;615.0;1745653941;91.773;97.367;96.446;111.455;
1900-01-01 17:52:22;616.0;1745653942;91.718;97.367;96.382;111.38;
1900-01-01 17:52:23;617.0;1745653943;91.718;97.366;96.43;111.38;
1900-01-01 17:52:24;618.0;1745653944;91.712;97.372;96.43;111.362;
1900-01-01 17:52:25;619.0;1745653945;91.641;97.372;96.39;111.4;
1900-01-01 17:52:26;620.0;1745653946;91.641;97.357;96.434;111.4;
1900-01-01 17:52:27;621.0;1745653947;91.568;97.362;96.434;111.258;
1900-01-01 17:52:28;622.0;1745653948;91.568;97.362;96.439;111.307;
1900-01-01 17:52:29;623.0;1745653949;91.496;97.32;96.407;111.307;
1900-01-01 17:52:30;624.0;1745653950;91.408;97.295;96.407;111.312;
1900-01-01 17:52:31;625.0;1745653951;91.408;97.295;96.383;111.38;
1900-01-01 17:52:32;626.0;1745653952;91.415;97.331;96.432;111.38;
1900-01-01 17:52:33;627.0;1745653953;91.368;97.325;96.432;111.332;
1900-01-01 17:52:34;628.0;1745653954;91.368;97.325;96.512;111.287;
1900-01-01 17:52:35;629.0;1745653955;91.33;97.35;96.461;111.287;
1900-01-01 17:52:36;630.0;1745653956;91.327;97.35;96.461;111.183;
1900-01-01 17:52:37;631.0;1745653957;91.327;97.334;96.499;111.242;
1900-01-01 17:52:38;632.0;1745653958;91.397;97.28;96.499;111.242;
1900-01-01 17:52:39;633.0;1745653959;91.276;97.28;96.472;111.187;
1900-01-01 17:52:40;634.0;1745653960;91.276;97.327;96.468;111.244;
1900-01-01 17:52:41;635.0;1745653961;91.225;97.176;96.522;111.244;
1900-01-01 17:52:43;636.0;1745653963;91.206;97.255;96.522;111.203;
1900-01-01 17:52:43;637.0;1745653963;91.206;97.255;96.45;111.246;
1900-01-01 17:52:44;638.0;1745653964;91.218;97.11;96.513;111.246;
1900-01-01 17:52:45;639.0;1745653965;91.295;97.11;96.513;111.186;
1900-01-01 17:52:46;640.0;1745653966;91.295;97.164;96.569;111.13;
1900-01-01 17:52:47;641.0;1745653967;91.252;97.252;96.569;111.13;
1900-01-01 17:52:48;642.0;1745653968;91.242;97.252;96.538;111.16;
1900-01-01 17:52:49;643.0;1745653969;91.242;97.253;96.556;111.236;
1900-01-01 17:52:50;644.0;1745653970;91.148;97.266;96.556;111.236;
1900-01-01 17:52:51;645.0;1745653971;91.273;97.266;96.566;111.163;
1900-01-01 17:52:52;646.0;1745653972;91.273;97.276;96.496;111.163;
1900-01-01 17:52:53;647.0;1745653973;91.26;97.189;96.496;111.142;
1900-01-01 17:52:54;648.0;1745653974;91.183;97.189;96.465;111.179;
1900-01-01 17:52:55;649.0;1745653975;91.183;97.177;96.448;111.179;
1900-01-01 17:52:56;650.0;1745653976;91.238;97.217;96.448;111.1;
1900-01-01 17:52:57;651.0;1745653977;91.2;97.217;96.56;111.222;
1900-01-01 17:52:58;652.0;1745653978;91.2;97.121;96.499;111.222;
1900-01-01 17:52:59;653.0;1745653979;91.184;97.144;96.499;111.277;
1900-01-01 17:53:00;654.0;1745653980;91.184;97.144;96.552;111.111;
1900-01-01 17:53:01;655.0;1745653981;91.161;97.084;96.481;111.111;
1900-01-01 17:53:02;656.0;1745653982;91.148;97.084;96.481;111.187;
1900-01-01 17:53:03;657.0;1745653983;91.148;97.057;96.519;111.189;
1900-01-01 17:53:04;658.0;1745653984;91.122;97.09;96.519;111.189;
1900-01-01 17:53:05;659.0;1745653985;91.092;97.09;96.453;111.26;
1900-01-01 17:53:06;660.0;1745653986;91.092;97.126;96.496;111.276;
1900-01-01 17:53:07;661.0;1745653987;91.053;97.083;96.496;111.276;
1900-01-01 17:53:08;662.0;1745653988;91.041;97.083;96.54;111.205;
1900-01-01 17:53:09;663.0;1745653989;91.041;96.991;96.49;111.129;
1900-01-01 17:53:10;664.0;1745653990;91.045;97.018;96.49;111.129;
1900-01-01 17:53:11;665.0;1745653991;91.045;97.018;96.559;111.216;
1900-01-01 17:53:12;666.0;1745653992;91.127;97.1;96.432;111.216;
1900-01-01 17:53:13;667.0;1745653993;91.03;97.077;96.432;111.26;
1900-01-01 17:53:14;668.0;1745653994;91.031;97.077;96.455;111.234;
1900-01-01 17:53:15;669.0;1745653995;91.031;96.995;96.432;111.253;
1900-01-01 17:53:16;670.0;1745653996;91.07;96.994;96.432;111.253;
1900-01-01 17:53:17;671.0;1745653997;91.125;96.994;96.476;111.184;
1900-01-01 17:53:18;672.0;1745653998;91.125;97.043;96.494;111.241;
1900-01-01 17:53:19;673.0;1745653999;91.179;97.041;96.494;111.241;
1900-01-01 17:53:21;674.0;1745654001;91.169;97.041;96.518;111.211;
1900-01-01 17:53:21;675.0;1745654001;91.169;96.985;96.499;111.211;
1900-01-01 17:53:22;676.0;1745654002;91.138;97.096;96.499;111.18;
1900-01-01 17:53:23;677.0;1745654003;91.093;97.096;96.552;111.059;
1900-01-01 17:53:24;678.0;1745654004;91.093;97.004;96.525;111.059;
1900-01-01 17:53:25;679.0;1745654005;91.037;97.118;96.525;111.246;
1900-01-01 17:53:26;680.0;1745654006;90.981;97.118;96.51;111.178;
1900-01-01 17:53:27;681.0;1745654007;90.981;97.09;96.497;111.192;
1900-01-01 17:53:28;682.0;1745654008;91.012;97.096;96.497;111.192;
1900-01-01 17:53:29;683.0;1745654009;91.012;97.096;96.595;111.154;
1900-01-01 17:53:30;684.0;1745654010;90.93;97.103;96.55;111.154;
1900-01-01 17:53:31;685.0;1745654011;90.859;97.103;96.55;111.141;
1900-01-01 17:53:32;686.0;1745654012;90.859;97.095;96.537;111.269;
1900-01-01 17:53:33;687.0;1745654013;90.763;97.003;96.53;111.269;
1900-01-01 17:53:34;688.0;1745654014;90.759;97.003;96.53;111.194;
1900-01-01 17:53:35;689.0;1745654015;90.759;97.003;96.443;111.127;
1900-01-01 17:53:36;690.0;1745654016;90.808;96.946;96.513;111.127;
1900-01-01 17:53:37;691.0;1745654017;90.688;96.946;96.513;111.22;
1900-01-01 17:53:38;692.0;1745654018;90.688;96.879;96.491;111.144;
1900-01-01 17:53:39;693.0;1745654019;90.724;96.971;96.552;111.144;
1900-01-01 17:53:40;694.0;1745654020;90.625;96.971;96.552;111.132;
1900-01-01 17:53:41;695.0;1745654021;90.625;96.886;96.574;111.183;
1900-01-01 17:53:42;696.0;1745654022;90.744;96.858;96.574;111.183;
1900-01-01 17:53:43;697.0;1745654023;90.696;96.858;96.58;111.167;
1900-01-01 17:53:44;698.0;1745654024;90.696;96.737;96.598;111.167;
1900-01-01 17:53:45;699.0;1745654025;90.701;96.814;96.598;111.177;
1900-01-01 17:53:46;700.0;1745654026;90.63;96.814;96.519;111.196;
1900-01-01 17:53:47;701.0;1745654027;90.63;96.684;96.484;111.252;
1900-01-01 17:53:48;702.0;1745654028;90.612;96.795;96.484;111.252;
1900-01-01 17:53:49;703.0;1745654029;90.612;96.795;96.441;111.106;
1900-01-01 17:53:50;704.0;1745654030;90.65;96.75;96.496;111.106;
1900-01-01 17:53:51;705.0;1745654031;90.744;96.83;96.496;111.124;
1900-01-01 17:53:52;706.0;1745654032;90.661;96.83;96.485;111.215;
1900-01-01 17:53:53;707.0;1745654033;90.661;96.77;96.536;111.133;
1900-01-01 17:53:54;708.0;1745654034;90.61;96.767;96.536;111.133;
1900-01-01 17:53:55;709.0;1745654035;90.61;96.767;96.534;111.214;
1900-01-01 17:53:56;710.0;1745654036;90.449;96.732;96.606;111.214;
1900-01-01 17:53:57;711.0;1745654037;90.579;96.651;96.606;111.232;
1900-01-01 17:53:58;712.0;1745654038;90.579;96.651;96.594;111.241;
1900-01-01 17:53:59;713.0;1745654039;90.578;96.808;96.542;111.241;
1900-01-01 17:54:00;714.0;1745654040;90.533;96.808;96.542;111.157;
1900-01-01 17:54:01;715.0;1745654041;90.533;96.687;96.522;111.216;
1900-01-01 17:54:02;716.0;1745654042;90.493;96.66;96.567;111.216;
1900-01-01 17:54:03;717.0;1745654043;90.478;96.772;96.567;111.173;
1900-01-01 17:54:04;718.0;1745654044;90.478;96.772;96.462;111.274;
1900-01-01 17:54:05;719.0;1745654045;90.43;96.8;96.538;111.274;
1900-01-01 17:54:06;720.0;1745654046;90.394;96.8;96.538;111.077;
1900-01-01 17:54:07;721.0;1745654047;90.394;96.779;96.529;111.264;
1900-01-01 17:54:08;722.0;1745654048;90.339;96.836;96.527;111.264;
1900-01-01 17:54:10;723.0;1745654050;90.327;96.785;96.527;111.142;
1900-01-01 17:54:10;724.0;1745654050;90.327;96.785;96.546;111.146;
1900-01-01 17:54:11;725.0;1745654051;90.341;96.924;96.424;111.146;
1900-01-01 17:54:12;726.0;1745654052;90.365;96.924;96.424;111.241;
1900-01-01 17:54:13;727.0;1745654053;90.365;96.789;96.464;111.299;
1900-01-01 17:54:14;728.0;1745654054;90.474;96.835;96.515;111.299;
1900-01-01 17:54:15;729.0;1745654055;90.598;96.835;96.515;111.2;
1900-01-01 17:54:16;730.0;1745654056;90.598;96.77;96.389;111.112;
1900-01-01 17:54:17;731.0;1745654057;90.7;96.623;96.469;111.112;
1900-01-01 17:54:18;732.0;1745654058;90.81;96.662;96.469;111.128;
1900-01-01 17:54:19;733.0;1745654059;90.81;96.662;-300.0;111.114;
1900-01-01 17:54:20;734.0;1745654060;90.896;96.553;-300.0;111.114;
1900-01-01 17:54:21;735.0;1745654061;90.954;96.553;-300.0;111.094;
1900-01-01 17:54:22;736.0;1745654062;90.954;96.598;-300.0;111.127;
1900-01-01 17:54:23;737.0;1745654063;91.012;96.549;-300.0;111.127;
1900-01-01 17:54:24;738.0;1745654064;91.101;96.481;-300.0;111.103;
1900-01-01 17:54:25;739.0;1745654065;91.101;96.481;93.375;111.19;
1900-01-01 17:54:26;740.0;1745654066;91.071;96.483;93.375;111.19;
1900-01-01 17:54:27;741.0;1745654067;91.12;96.483;96.029;111.119;
1900-01-01 17:54:28;742.0;1745654068;91.12;96.525;-300.0;111.119;
1900-01-01 17:54:29;743.0;1745654069;91.09;96.387;-300.0;111.117;
1900-01-01 17:54:30;744.0;1745654070;91.13;96.387;-300.0;111.065;
1900-01-01 17:54:31;745.0;1745654071;91.13;96.451;87.0;111.028;
1900-01-01 17:54:32;746.0;1745654072;91.181;96.453;87.0;111.028;
1900-01-01 17:54:33;747.0;1745654073;91.181;96.453;-300.0;111.017;
1900-01-01 17:54:34;748.0;1745654074;91.194;96.517;-300.0;111.017;
1900-01-01 17:54:35;749.0;1745654075;91.105;96.517;-300.0;111.047;
1900-01-01 17:54:36;750.0;1745654076;91.105;96.479;96.627;111.082;
1900-01-01 17:54:37;751.0;1745654077;91.03;96.516;96.639;111.082;
1900-01-01 17:54:38;752.0;1745654078;91.043;96.516;96.639;111.173;
1900-01-01 17:54:39;753.0;1745654079;91.043;96.429;96.592;111.173;
1900-01-01 17:54:40;754.0;1745654080;90.992;96.44;96.592;111.173;
1900-01-01 17:54:41;755.0;1745654081;90.823;96.44;96.596;111.114;
1900-01-01 17:54:42;756.0;1745654082;90.823;96.378;96.687;110.995;
1900-01-01 17:54:43;757.0;1745654083;90.738;96.315;96.687;110.995;
1900-01-01 17:54:45;758.0;1745654085;90.675;96.315;96.685;111.189;
1900-01-01 17:54:45;759.0;1745654085;90.675;96.332;96.771;111.189;
1900-01-01 17:54:46;760.0;1745654086;90.606;96.301;96.771;111.151;
1900-01-01 17:54:47;761.0;1745654087;90.606;96.301;96.775;111.072;
1900-01-01 17:54:48;762.0;1745654088;90.6;96.423;96.473;111.072;
1900-01-01 17:54:49;763.0;1745654089;90.519;96.423;96.473;111.097;
1900-01-01 17:54:50;764.0;1745654090;90.519;96.352;96.673;111.104;
1900-01-01 17:54:51;765.0;1745654091;90.549;96.418;96.724;111.104;
1900-01-01 17:54:53;766.0;1745654093;90.53;96.377;96.724;111.239;
1900-01-01 17:54:53;767.0;1745654093;90.53;96.377;96.687;111.082;
1900-01-01 17:54:54;768.0;1745654094;90.482;96.422;96.696;111.082;
1900-01-01 17:54:55;769.0;1745654095;90.419;96.334;96.696;111.251;
1900-01-01 17:54:56;770.0;1745654096;90.419;96.334;96.546;111.164;
1900-01-01 17:54:57;771.0;1745654097;90.324;96.499;96.61;111.164;
1900-01-01 17:54:58;772.0;1745654098;90.24;96.499;96.61;111.113;
1900-01-01 17:54:59;773.0;1745654099;90.24;96.436;96.538;111.136;
1900-01-01 17:55:00;774.0;1745654100;90.317;96.442;96.538;111.136;
1900-01-01 17:55:01;775.0;1745654101;90.312;96.442;96.57;111.1;
1900-01-01 17:55:02;776.0;1745654102;90.312;96.398;96.567;111.1;
1900-01-01 17:55:03;777.0;1745654103;90.356;96.394;96.567;111.133;
1900-01-01 17:55:04;778.0;1745654104;90.317;96.394;96.541;111.132;
1900-01-01 17:55:05;779.0;1745654105;90.317;96.373;96.524;111.132;
1900-01-01 17:55:06;780.0;1745654106;90.257;96.361;96.524;111.128;
1900-01-01 17:55:07;781.0;1745654107;90.257;96.361;96.625;111.152;
1900-01-01 17:55:08;782.0;1745654108;90.19;96.301;96.568;111.152;
1900-01-01 17:55:09;783.0;1745654109;90.219;96.301;96.568;111.125;
1900-01-01 17:55:10;784.0;1745654110;90.219;96.287;96.476;111.07;
1900-01-01 17:55:11;785.0;1745654111;90.213;96.268;96.506;111.07;
1900-01-01 17:55:12;786.0;1745654112;90.241;96.268;96.506;111.11;
1900-01-01 17:55:13;787.0;1745654113;90.241;96.259;96.619;111.141;
1900-01-01 17:55:14;788.0;1745654114;90.252;96.333;96.619;111.141;
1900-01-01 17:55:15;789.0;1745654115;90.223;96.333;96.595;111.046;
1900-01-01 17:55:16;790.0;1745654116;90.223;96.321;96.601;111.048;
1900-01-01 17:55:18;791.0;1745654118;90.174;96.268;96.618;111.048;
1900-01-01 17:55:18;792.0;1745654118;90.214;96.268;96.618;111.032;
1900-01-01 17:55:19;793.0;1745654119;90.214;96.374;96.552;111.062;
1900-01-01 17:55:20;794.0;1745654120;90.082;96.347;96.549;111.062;
1900-01-01 17:55:21;795.0;1745654121;90.033;96.347;96.549;111.082;
1900-01-01 17:55:22;796.0;1745654122;90.033;96.335;96.644;111.103;
1900-01-01 17:55:23;797.0;1745654123;89.83;96.254;96.644;111.103;
1900-01-01 17:55:24;798.0;1745654124;89.824;96.254;96.617;111.066;
1900-01-01 17:55:25;799.0;1745654125;89.824;96.289;96.648;111.041;
1900-01-01 17:55:26;800.0;1745654126;89.733;96.418;96.648;111.041;
1900-01-01 17:55:27;801.0;1745654127;89.733;96.418;96.581;111.071;
1900-01-01 17:55:28;802.0;1745654128;89.796;96.321;96.537;111.154;
1900-01-01 17:55:29;803.0;1745654129;89.821;96.239;96.537;111.154;
1900-01-01 17:55:30;804.0;1745654130;89.821;96.239;96.726;111.047;
1900-01-01 17:55:31;805.0;1745654131;89.851;96.317;96.643;111.016;
1900-01-01 17:55:32;806.0;1745654132;89.931;96.208;96.643;111.016;
1900-01-01 17:55:33;807.0;1745654133;89.931;96.208;96.698;111.005;
1900-01-01 17:55:34;808.0;1745654134;89.894;96.124;96.622;111.005;
1900-01-01 17:55:35;809.0;1745654135;89.928;96.168;96.622;111.001;
1900-01-01 17:55:36;810.0;1745654136;89.928;96.168;96.631;111.016;
1900-01-01 17:55:37;811.0;1745654137;89.872;96.224;96.737;111.016;
1900-01-01 17:55:38;812.0;1745654138;89.894;96.078;96.737;110.975;
1900-01-01 17:55:39;813.0;1745654139;89.894;96.078;96.58;111.036;
1900-01-01 17:55:40;814.0;1745654140;89.816;95.984;96.598;111.036;
1900-01-01 17:55:41;815.0;1745654141;89.751;95.984;96.598;111.038;
1900-01-01 17:55:42;816.0;1745654142;89.751;96.02;96.586;110.949;
1900-01-01 17:55:43;817.0;1745654143;89.649;95.968;96.586;110.949;
1900-01-01 17:55:44;818.0;1745654144;89.626;95.968;96.65;110.933;
1900-01-01 17:55:45;819.0;1745654145;89.626;95.938;96.671;110.933;
1900-01-01 17:55:46;820.0;1745654146;89.667;96.001;96.671;110.976;
1900-01-01 17:55:47;821.0;1745654147;89.601;96.001;96.759;110.992;
1900-01-01 17:55:48;822.0;1745654148;89.601;96.046;96.632;110.992;
1900-01-01 17:55:49;823.0;1745654149;89.617;96.008;96.632;111.03;
1900-01-01 17:55:51;824.0;1745654151;89.553;96.008;96.627;110.944;
1900-01-01 17:55:51;825.0;1745654151;89.553;96.153;96.598;110.944;
1900-01-01 17:55:52;826.0;1745654152;89.527;95.991;96.598;110.978;
1900-01-01 17:55:53;827.0;1745654153;89.527;95.991;96.663;110.939;
1900-01-01 17:55:54;828.0;1745654154;89.626;96.039;96.62;110.939;
1900-01-01 17:55:55;829.0;1745654155;89.705;96.039;96.62;111.013;
1900-01-01 17:55:56;830.0;1745654156;89.705;96.062;96.615;110.941;
1900-01-01 17:55:58;831.0;1745654158;89.73;95.992;96.675;110.941;
1900-01-01 17:55:58;832.0;1745654158;89.773;95.992;96.675;110.997;
1900-01-01 17:55:59;833.0;1745654159;89.773;95.903;96.567;111.041;
1900-01-01 17:56:00;834.0;1745654160;89.746;95.892;96.621;111.041;
1900-01-01 17:56:01;835.0;1745654161;89.819;95.892;96.621;111.027;
1900-01-01 17:56:02;836.0;1745654162;89.819;95.871;96.642;110.965;
1900-01-01 17:56:03;837.0;1745654163;89.83;96.039;96.592;110.965;
1900-01-01 17:56:04;838.0;1745654164;89.766;96.039;96.592;110.912;
1900-01-01 17:56:05;839.0;1745654165;89.766;96.062;96.608;111.016;
1900-01-01 17:56:06;840.0;1745654166;89.801;96.079;96.647;111.016;
1900-01-01 17:56:07;841.0;1745654167;89.69;96.079;96.647;110.98;
1900-01-01 17:56:08;842.0;1745654168;89.69;95.944;96.602;111.075;
1900-01-01 17:56:09;843.0;1745654169;89.662;95.956;96.602;111.075;
1900-01-01 17:56:10;844.0;1745654170;89.631;95.956;96.645;111.018;
1900-01-01 17:56:11;845.0;1745654171;89.631;95.965;96.62;111.018;
1900-01-01 17:56:12;846.0;1745654172;89.498;95.908;96.62;111.009;
1900-01-01 17:56:13;847.0;1745654173;89.532;95.908;96.564;111.022;
1900-01-01 17:56:14;848.0;1745654174;89.532;95.858;96.636;111.022;
1900-01-01 17:56:15;849.0;1745654175;89.556;95.813;96.636;110.929;
1900-01-01 17:56:16;850.0;1745654176;89.556;95.813;96.657;110.947;
1900-01-01 17:56:17;851.0;1745654177;89.5;95.796;96.628;110.947;
1900-01-01 17:56:18;852.0;1745654178;89.433;95.796;96.628;111.023;
1900-01-01 17:56:19;853.0;1745654179;89.433;95.74;96.539;111.002;
1900-01-01 17:56:20;854.0;1745654180;89.262;95.736;96.661;111.002;
1900-01-01 17:56:21;855.0;1745654181;89.218;95.736;96.661;111.036;
1900-01-01 17:56:22;856.0;1745654182;89.218;95.728;96.649;110.918;
1900-01-01 17:56:23;857.0;1745654183;89.078;95.743;96.625;110.918;
1900-01-01 17:56:24;858.0;1745654184;89.076;95.743;96.625;110.977;
1900-01-01 17:56:25;859.0;1745654185;89.076;95.683;96.607;111.043;
1900-01-01 17:56:26;860.0;1745654186;89.005;95.734;96.607;111.043;
1900-01-01 17:56:27;861.0;1745654187;88.954;95.734;96.592;111.003;
1900-01-01 17:56:28;862.0;1745654188;88.954;95.687;96.496;111.003;
1900-01-01 17:56:29;863.0;1745654189;88.984;95.686;96.496;110.859;
1900-01-01 17:56:30;864.0;1745654190;89.023;95.686;96.645;110.972;
1900-01-01 17:56:31;865.0;1745654191;89.023;95.657;96.581;110.972;
1900-01-01 17:56:32;866.0;1745654192;89.034;95.722;96.581;110.935;
1900-01-01 17:56:33;867.0;1745654193;89.098;95.722;96.879;110.912;
1900-01-01 17:56:34;868.0;1745654194;89.098;95.723;97.043;110.968;
1900-01-01 17:56:35;869.0;1745654195;89.051;95.683;97.043;110.968;
1900-01-01 17:56:36;870.0;1745654196;89.051;95.683;97.134;111.01;
1900-01-01 17:56:37;871.0;1745654197;89.087;95.8;97.059;111.01;
1900-01-01 17:56:38;872.0;1745654198;89.102;95.796;97.059;110.938;
1900-01-01 17:56:39;873.0;1745654199;89.102;95.796;96.873;111.004;
1900-01-01 17:56:40;874.0;1745654200;89.105;95.766;96.541;111.004;
1900-01-01 17:56:41;875.0;1745654201;89.08;95.867;96.541;110.973;
1900-01-01 17:56:42;876.0;1745654202;89.08;95.867;96.044;110.961;
1900-01-01 17:56:43;877.0;1745654203;88.986;95.877;95.839;110.961;
1900-01-01 17:56:45;878.0;1745654205;89.018;95.969;95.839;111.008;
1900-01-01 17:56:45;879.0;1745654205;89.018;95.969;95.623;110.965;
1900-01-01 17:56:46;880.0;1745654206;89.074;95.894;95.571;110.965;
1900-01-01 17:56:47;881.0;1745654207;88.973;95.894;95.571;110.91;
1900-01-01 17:56:48;882.0;1745654208;88.973;95.857;95.35;110.925;
1900-01-01 17:56:49;883.0;1745654209;88.887;95.789;95.269;110.925;
1900-01-01 17:56:50;884.0;1745654210;88.793;95.789;95.269;110.939;
1900-01-01 17:56:51;885.0;1745654211;88.793;95.78;95.294;110.931;
1900-01-01 17:56:52;886.0;1745654212;88.788;95.708;95.294;110.931;
1900-01-01 17:56:53;887.0;1745654213;88.683;95.708;95.272;111.021;
1900-01-01 17:56:54;888.0;1745654214;88.683;95.581;95.286;111.021;
1900-01-01 17:56:55;889.0;1745654215;88.846;95.655;95.286;110.937;
1900-01-01 17:56:56;890.0;1745654216;88.703;95.655;95.357;111.009;
1900-01-01 17:56:57;891.0;1745654217;88.703;95.678;95.447;111.018;
1900-01-01 17:56:58;892.0;1745654218;88.683;95.62;95.447;111.018;
1900-01-01 17:56:59;893.0;1745654219;88.683;95.62;95.477;110.906;
1900-01-01 17:57:00;894.0;1745654220;88.689;95.641;95.595;110.883;
1900-01-01 17:57:01;895.0;1745654221;88.575;95.641;95.595;110.883;
1900-01-01 17:57:02;896.0;1745654222;88.575;95.652;95.678;110.962;
1900-01-01 17:57:03;897.0;1745654223;88.663;95.582;95.649;110.962;
1900-01-01 17:57:05;898.0;1745654225;88.607;95.608;95.649;110.943;
1900-01-01 17:57:05;899.0;1745654225;88.607;95.608;95.58;110.952;
1900-01-01 17:57:06;900.0;1745654226;88.469;95.533;95.509;110.952;
1900-01-01 17:57:08;901.0;1745654228;88.435;95.593;95.509;110.912;
1900-01-01 17:57:08;902.0;1745654228;88.435;95.593;95.352;110.905;
1900-01-01 17:57:09;903.0;1745654229;88.396;95.519;95.178;110.905;
1900-01-01 17:57:10;904.0;1745654230;88.38;95.499;95.178;110.881;
1900-01-01 17:57:11;905.0;1745654231;88.38;95.499;95.118;110.92;
1900-01-01 17:57:12;906.0;1745654232;88.389;95.395;95.231;110.92;
1900-01-01 17:57:13;907.0;1745654233;88.38;95.395;95.231;110.928;
1900-01-01 17:57:14;908.0;1745654234;88.38;95.321;95.394;110.944;
1900-01-01 17:57:15;909.0;1745654235;88.456;95.293;95.513;110.944;
1900-01-01 17:57:16;910.0;1745654236;88.445;95.293;95.513;110.951;
1900-01-01 17:57:17;911.0;1745654237;88.445;95.18;95.671;110.922;
1900-01-01 17:57:19;912.0;1745654239;88.459;95.195;95.877;110.922;
1900-01-01 17:57:19;913.0;1745654239;88.338;95.195;95.877;110.944;
1900-01-01 17:57:20;914.0;1745654240;88.338;95.208;96.072;110.945;
1900-01-01 17:57:21;915.0;1745654241;88.27;95.235;96.072;110.945;
1900-01-01 17:57:22;916.0;1745654242;88.259;95.235;96.118;110.919;
1900-01-01 17:57:23;917.0;1745654243;88.259;95.25;96.146;110.831;
1900-01-01 17:57:24;918.0;1745654244;88.227;95.225;96.146;110.831;
1900-01-01 17:57:25;919.0;1745654245;88.227;95.225;96.065;110.869;
1900-01-01 17:57:26;920.0;1745654246;88.235;95.201;95.884;110.972;
1900-01-01 17:57:27;921.0;1745654247;88.11;95.234;95.884;110.972;
1900-01-01 17:57:28;922.0;1745654248;88.11;95.234;95.663;110.957;
1900-01-01 17:57:29;923.0;1745654249;88.195;95.294;95.58;110.957;
1900-01-01 17:57:30;924.0;1745654250;88.044;95.346;95.58;110.919;
1900-01-01 17:57:31;925.0;1745654251;88.044;95.346;95.57;110.915;
1900-01-01 17:57:32;926.0;1745654252;87.985;95.367;95.458;110.915;
1900-01-01 17:57:33;927.0;1745654253;87.98;95.367;95.458;110.901;
1900-01-01 17:57:34;928.0;1745654254;87.98;95.282;95.397;111.021;
1900-01-01 17:57:35;929.0;1745654255;87.937;95.446;95.253;111.021;
1900-01-01 17:57:36;930.0;1745654256;87.944;95.446;95.253;110.827;
1900-01-01 17:57:37;931.0;1745654257;87.944;95.393;95.205;110.816;
1900-01-01 17:57:38;932.0;1745654258;87.96;95.426;95.205;110.816;
1900-01-01 17:57:39;933.0;1745654259;88.048;95.426;95.227;110.932;
1900-01-01 17:57:40;934.0;1745654260;88.048;95.41;95.187;110.97;
1900-01-01 17:57:41;935.0;1745654261;87.999;95.341;95.262;110.97;
1900-01-01 17:57:42;936.0;1745654262;88.132;95.341;95.262;110.883;
1900-01-01 17:57:43;937.0;1745654263;88.132;95.327;95.219;110.972;
1900-01-01 17:57:44;938.0;1745654264;88.168;95.322;95.219;110.972;
1900-01-01 17:57:45;939.0;1745654265;88.097;95.322;95.156;110.806;
1900-01-01 17:57:46;940.0;1745654266;88.097;95.276;95.061;110.806;
1900-01-01 17:57:47;941.0;1745654267;88.122;95.354;95.061;110.84;
1900-01-01 17:57:48;942.0;1745654268;88.079;95.354;94.989;110.924;
1900-01-01 17:57:49;943.0;1745654269;88.079;95.32;95.112;110.908;
1900-01-01 17:57:50;944.0;1745654270;88.086;95.378;95.112;110.908;
1900-01-01 17:57:51;945.0;1745654271;88.086;95.378;95.196;110.908;
1900-01-01 17:57:52;946.0;1745654272;88.09;95.364;95.128;110.845;
1900-01-01 17:57:53;947.0;1745654273;88.034;95.367;95.128;110.845;
1900-01-01 17:57:54;948.0;1745654274;88.034;95.367;95.193;110.904;
1900-01-01 17:57:55;949.0;1745654275;87.968;95.429;95.14;110.904;
1900-01-01 17:57:56;950.0;1745654276;87.967;95.371;95.14;110.95;
1900-01-01 17:57:57;951.0;1745654277;87.967;95.371;95.03;110.918;
1900-01-01 17:57:58;952.0;1745654278;87.933;95.331;94.856;110.918;
1900-01-01 17:57:59;953.0;1745654279;88.0;95.331;94.856;110.879;
1900-01-01 17:58:00;954.0;1745654280;88.0;95.233;94.881;110.921;
1900-01-01 17:58:01;955.0;1745654281;87.985;95.291;94.865;110.921;
1900-01-01 17:58:02;956.0;1745654282;87.977;95.291;94.865;110.846;
1900-01-01 17:58:03;957.0;1745654283;87.977;95.263;94.943;110.929;
1900-01-01 17:58:04;958.0;1745654284;87.967;95.213;94.98;110.929;
1900-01-01 17:58:05;959.0;1745654285;87.903;95.213;94.98;110.915;
1900-01-01 17:58:06;960.0;1745654286;87.903;95.309;95.075;110.9;
1900-01-01 17:58:08;961.0;1745654288;87.849;95.286;95.049;110.9;
1900-01-01 17:58:08;962.0;1745654288;87.784;95.286;95.049;110.889;
1900-01-01 17:58:09;963.0;1745654289;87.784;95.246;94.979;110.856;
1900-01-01 17:58:10;964.0;1745654290;87.815;95.179;94.979;110.856;
1900-01-01 17:58:11;965.0;1745654291;87.815;95.179;94.872;110.879;
1900-01-01 17:58:12;966.0;1745654292;87.763;95.334;94.929;110.879;
1900-01-01 17:58:13;967.0;1745654293;87.706;95.214;94.929;110.965;
1900-01-01 17:58:14;968.0;1745654294;87.706;95.214;95.075;110.897;
1900-01-01 17:58:15;969.0;1745654295;87.726;95.314;95.186;110.897;
1900-01-01 17:58:16;970.0;1745654296;87.695;95.218;95.186;110.903;
1900-01-01 17:58:17;971.0;1745654297;87.695;95.218;95.21;110.953;
1900-01-01 17:58:18;972.0;1745654298;87.597;95.216;95.279;110.953;
1900-01-01 17:58:19;973.0;1745654299;87.58;95.216;95.279;110.882;
1900-01-01 17:58:20;974.0;1745654300;87.58;95.135;95.279;110.929;
1900-01-01 17:58:21;975.0;1745654301;87.523;95.147;95.262;110.929;
1900-01-01 17:58:22;976.0;1745654302;87.549;95.147;95.262;110.92;
1900-01-01 17:58:23;977.0;1745654303;87.549;95.122;95.292;110.851;
1900-01-01 17:58:25;978.0;1745654305;87.501;95.087;95.194;110.851;
1900-01-01 17:58:25;979.0;1745654305;87.48;95.087;95.194;110.837;
1900-01-01 17:58:26;980.0;1745654306;87.48;95.108;95.1;110.883;
1900-01-01 17:58:27;981.0;1745654307;87.406;95.105;95.109;110.883;
1900-01-01 17:58:28;982.0;1745654308;87.449;95.105;95.109;110.833;
1900-01-01 17:58:29;983.0;1745654309;87.449;95.055;95.009;110.826;
1900-01-01 17:58:30;984.0;1745654310;87.399;95.001;95.009;110.826;
1900-01-01 17:58:31;985.0;1745654311;87.417;95.001;94.948;110.883;
1900-01-01 17:58:32;986.0;1745654312;87.417;94.962;94.845;110.883;
1900-01-01 17:58:33;987.0;1745654313;87.471;95.166;94.845;110.883;
1900-01-01 17:58:34;988.0;1745654314;87.471;95.166;94.84;110.851;
1900-01-01 17:58:35;989.0;1745654315;87.532;95.091;94.776;110.8;
1900-01-01 17:58:36;990.0;1745654316;87.51;95.089;94.776;110.8;
1900-01-01 17:58:37;991.0;1745654317;87.51;95.089;94.813;110.92;
1900-01-01 17:58:38;992.0;1745654318;87.559;95.009;94.878;110.92;
1900-01-01 17:58:39;993.0;1745654319;87.516;95.009;94.878;110.934;
1900-01-01 17:58:40;994.0;1745654320;87.516;95.024;94.973;110.786;
1900-01-01 17:58:41;995.0;1745654321;87.45;95.006;95.129;110.786;
1900-01-01 17:58:42;996.0;1745654322;87.453;95.07;95.129;110.864;
1900-01-01 17:58:43;997.0;1745654323;87.453;95.07;95.096;110.848;
1900-01-01 17:58:44;998.0;1745654324;87.486;95.048;95.181;110.848;
1900-01-01 17:58:46;999.0;1745654326;87.474;94.964;95.181;110.94;
1900-01-01 17:58:46;1000.0;1745654326;87.474;94.964;95.21;110.893;
1900-01-01 17:58:47;1001.0;1745654327;87.418;94.954;95.263;110.893;
1900-01-01 17:58:48;1002.0;1745654328;87.419;94.954;95.263;110.979;
1900-01-01 17:58:49;1003.0;1745654329;87.419;94.977;95.27;110.858;
1900-01-01 17:58:50;1004.0;1745654330;87.426;95.037;95.383;110.858;
1900-01-01 17:58:51;1005.0;1745654331;87.47;95.037;95.383;110.851;
1900-01-01 17:58:52;1006.0;1745654332;87.47;94.993;95.526;110.874;
1900-01-01 17:58:53;1007.0;1745654333;87.473;94.953;95.526;110.874;
1900-01-01 17:58:54;1008.0;1745654334;87.418;94.953;95.54;110.849;
1900-01-01 17:58:55;1009.0;1745654335;87.418;95.021;95.435;110.837;
1900-01-01 17:58:56;1010.0;1745654336;87.458;94.914;95.416;110.837;
1900-01-01 17:58:57;1011.0;1745654337;87.498;94.914;95.416;110.835;
1900-01-01 17:58:58;1012.0;1745654338;87.498;94.876;95.244;110.822;
1900-01-01 17:58:59;1013.0;1745654339;87.491;94.905;95.244;110.822;
1900-01-01 17:59:00;1014.0;1745654340;87.491;94.905;95.195;110.856;
1900-01-01 17:59:01;1015.0;1745654341;87.481;94.919;95.241;110.809;
1900-01-01 17:59:02;1016.0;1745654342;87.405;94.965;95.241;110.809;
1900-01-01 17:59:03;1017.0;1745654343;87.303;94.965;95.215;110.968;
1900-01-01 17:59:04;1018.0;1745654344;87.303;94.918;95.124;110.968;
1900-01-01 17:59:05;1019.0;1745654345;87.204;94.817;95.124;110.744;
1900-01-01 17:59:06;1020.0;1745654346;87.128;94.817;95.042;110.867;
1900-01-01 17:59:07;1021.0;1745654347;87.128;94.948;95.013;110.867;
1900-01-01 17:59:08;1022.0;1745654348;86.979;94.984;95.013;110.83;
1900-01-01 17:59:09;1023.0;1745654349;86.979;94.984;94.936;110.783;
1900-01-01 17:59:10;1024.0;1745654350;86.944;94.876;94.947;110.783;
1900-01-01 17:59:11;1025.0;1745654351;86.932;94.879;94.947;110.746;
1900-01-01 17:59:13;1026.0;1745654353;86.829;94.879;94.963;110.777;
1900-01-01 17:59:13;1027.0;1745654353;86.829;94.825;94.932;110.777;
1900-01-01 17:59:14;1028.0;1745654354;86.846;94.845;94.932;110.854;
1900-01-01 17:59:15;1029.0;1745654355;86.846;94.845;94.901;110.74;
1900-01-01 17:59:16;1030.0;1745654356;86.804;94.855;94.787;110.74;
1900-01-01 17:59:17;1031.0;1745654357;86.843;94.87;94.787;110.828;
1900-01-01 17:59:18;1032.0;1745654358;86.843;94.87;94.779;110.78;
1900-01-01 17:59:19;1033.0;1745654359;86.849;94.78;94.806;110.78;
1900-01-01 17:59:20;1034.0;1745654360;86.953;94.762;94.806;110.799;
1900-01-01 17:59:21;1035.0;1745654361;86.932;94.762;94.793;110.811;
1900-01-01 17:59:22;1036.0;1745654362;86.932;94.757;94.719;110.811;
1900-01-01 17:59:23;1037.0;1745654363;86.92;94.76;94.719;110.792;
1900-01-01 17:59:24;1038.0;1745654364;86.92;94.76;94.668;110.861;
1900-01-01 17:59:25;1039.0;1745654365;86.897;94.715;94.576;110.781;
1900-01-01 17:59:26;1040.0;1745654366;86.881;94.715;94.576;110.781;
1900-01-01 17:59:27;1041.0;1745654367;86.881;94.682;94.535;110.758;
1900-01-01 17:59:28;1042.0;1745654368;86.933;94.728;94.504;110.758;
1900-01-01 17:59:29;1043.0;1745654369;86.96;94.774;94.504;110.756;
1900-01-01 17:59:30;1044.0;1745654370;86.96;94.774;94.505;110.831;
1900-01-01 17:59:31;1045.0;1745654371;86.942;94.7;94.499;110.831;
1900-01-01 17:59:32;1046.0;1745654372;86.848;94.639;94.499;110.788;
1900-01-01 17:59:33;1047.0;1745654373;86.848;94.639;94.527;110.83;
1900-01-01 17:59:34;1048.0;1745654374;86.803;94.639;94.583;110.83;
1900-01-01 17:59:35;1049.0;1745654375;86.813;94.639;94.583;110.788;
1900-01-01 17:59:36;1050.0;1745654376;86.813;94.546;94.608;110.725;
1900-01-01 17:59:37;1051.0;1745654377;86.814;94.576;94.502;110.725;
1900-01-01 17:59:38;1052.0;1745654378;86.827;94.576;94.502;110.773;
1900-01-01 17:59:39;1053.0;1745654379;86.827;94.535;94.493;110.787;
1900-01-01 17:59:40;1054.0;1745654380;86.829;94.556;94.493;110.787;
1900-01-01 17:59:41;1055.0;1745654381;86.791;94.556;94.424;110.759;
1900-01-01 17:59:42;1056.0;1745654382;86.791;94.576;94.419;110.759;
1900-01-01 17:59:43;1057.0;1745654383;86.744;94.623;94.419;110.782;
1900-01-01 17:59:44;1058.0;1745654384;86.672;94.623;94.428;110.754;
1900-01-01 17:59:45;1059.0;1745654385;86.672;94.685;94.465;110.754;
1900-01-01 17:59:46;1060.0;1745654386;86.554;94.629;94.465;110.785;
1900-01-01 17:59:48;1061.0;1745654388;86.548;94.629;94.528;110.742;
1900-01-01 17:59:48;1062.0;1745654388;86.548;94.638;94.618;110.742;
1900-01-01 17:59:49;1063.0;1745654389;86.489;94.615;94.618;110.807;
1900-01-01 17:59:50;1064.0;1745654390;86.489;94.615;94.538;110.834;
1900-01-01 17:59:51;1065.0;1745654391;86.37;94.664;94.549;110.834;
1900-01-01 17:59:52;1066.0;1745654392;86.334;94.664;94.549;110.77;
1900-01-01 17:59:53;1067.0;1745654393;86.334;94.615;94.553;110.708;
1900-01-01 17:59:54;1068.0;1745654394;86.258;94.513;94.511;110.708;
1900-01-01 17:59:55;1069.0;1745654395;86.208;94.513;94.511;110.695;
1900-01-01 17:59:56;1070.0;1745654396;86.208;94.579;94.586;110.702;
1900-01-01 17:59:57;1071.0;1745654397;86.252;94.535;94.466;110.702;
1900-01-01 17:59:58;1072.0;1745654398;86.26;94.494;94.466;110.776;
1900-01-01 17:59:59;1073.0;1745654399;86.26;94.494;94.374;110.649;
1900-01-01 18:00:00;1074.0;1745654400;86.225;94.537;94.298;110.649;
1900-01-01 18:00:02;1075.0;1745654402;86.184;94.426;94.298;110.686;
1900-01-01 18:00:02;1076.0;1745654402;86.184;94.426;94.237;110.713;
1900-01-01 18:00:03;1077.0;1745654403;86.198;94.489;94.031;110.713;
1900-01-01 18:00:04;1078.0;1745654404;86.24;94.489;94.031;110.675;
1900-01-01 18:00:05;1079.0;1745654405;86.24;94.391;94.001;110.742;
1900-01-01 18:00:06;1080.0;1745654406;86.167;94.398;93.982;110.742;
1900-01-01 18:00:07;1081.0;1745654407;86.167;94.398;93.982;110.742;
1900-01-01 18:00:08;1082.0;1745654408;86.219;94.468;94.005;110.704;
1900-01-01 18:00:09;1083.0;1745654409;86.212;94.36;94.005;110.704;
1900-01-01 18:00:10;1084.0;1745654410;86.212;94.36;93.987;110.83;
1900-01-01 18:00:11;1085.0;1745654411;86.286;94.316;94.087;110.83;
1900-01-01 18:00:12;1086.0;1745654412;86.344;94.345;94.087;110.722;
1900-01-01 18:00:13;1087.0;1745654413;86.344;94.345;94.01;110.742;
1900-01-01 18:00:14;1088.0;1745654414;86.327;94.315;94.105;110.742;
1900-01-01 18:00:15;1089.0;1745654415;86.396;94.314;94.105;110.782;
1900-01-01 18:00:16;1090.0;1745654416;86.396;94.314;94.062;110.699;
1900-01-01 18:00:17;1091.0;1745654417;86.298;94.333;93.922;110.699;
1900-01-01 18:00:18;1092.0;1745654418;86.282;94.375;93.922;110.761;
1900-01-01 18:00:19;1093.0;1745654419;86.282;94.375;93.905;110.701;
1900-01-01 18:00:20;1094.0;1745654420;86.178;94.308;93.896;110.701;
1900-01-01 18:00:21;1095.0;1745654421;86.172;94.308;93.896;110.738;
1900-01-01 18:00:22;1096.0;1745654422;86.172;94.288;93.875;110.632;
1900-01-01 18:00:23;1097.0;1745654423;86.168;94.202;93.875;110.632;
1900-01-01 18:00:24;1098.0;1745654424;86.187;94.202;93.986;110.692;
1900-01-01 18:00:25;1099.0;1745654425;86.187;94.307;94.042;110.669;
1900-01-01 18:00:26;1100.0;1745654426;86.043;94.19;94.129;110.669;
1900-01-01 18:00:27;1101.0;1745654427;86.11;94.19;94.129;110.697;
1900-01-01 18:00:28;1102.0;1745654428;86.11;94.294;94.013;110.703;
1900-01-01 18:00:29;1103.0;1745654429;86.059;94.329;93.992;110.703;
1900-01-01 18:00:30;1104.0;1745654430;85.987;94.329;93.992;110.631;
1900-01-01 18:00:31;1105.0;1745654431;85.987;94.278;93.985;110.727;
1900-01-01 18:00:32;1106.0;1745654432;85.912;94.197;93.985;110.727;
1900-01-01 18:00:33;1107.0;1745654433;85.917;94.197;93.864;110.653;
1900-01-01 18:00:34;1108.0;1745654434;85.917;94.277;93.925;110.653;
1900-01-01 18:00:35;1109.0;1745654435;85.978;94.244;93.925;110.633;
1900-01-01 18:00:37;1110.0;1745654437;85.993;94.244;93.858;110.62;
1900-01-01 18:00:37;1111.0;1745654437;85.993;94.253;93.732;110.62;
1900-01-01 18:00:38;1112.0;1745654438;85.975;94.194;93.732;110.649;
1900-01-01 18:00:40;1113.0;1745654440;86.042;94.194;93.759;110.665;
1900-01-01 18:00:40;1114.0;1745654440;86.042;94.121;93.662;110.665;
1900-01-01 18:00:42;1115.0;1745654442;85.967;94.283;93.662;110.651;
1900-01-01 18:00:42;1116.0;1745654442;85.967;94.283;93.626;110.648;
1900-01-01 18:00:43;1117.0;1745654443;85.976;94.16;93.65;110.648;
1900-01-01 18:00:44;1118.0;1745654444;85.999;94.16;93.65;110.697;
1900-01-01 18:00:45;1119.0;1745654445;85.999;94.215;93.65;110.622;
1900-01-01 18:00:46;1120.0;1745654446;85.877;94.208;93.698;110.622;
1900-01-01 18:00:47;1121.0;1745654447;85.904;94.208;93.698;110.693;
1900-01-01 18:00:48;1122.0;1745654448;85.904;94.172;93.652;110.642;
1900-01-01 18:00:49;1123.0;1745654449;85.899;94.18;93.558;110.642;
1900-01-01 18:00:50;1124.0;1745654450;85.806;94.18;93.558;110.607;
1900-01-01 18:00:51;1125.0;1745654451;85.806;94.198;93.505;110.618;
1900-01-01 18:00:52;1126.0;1745654452;85.653;94.179;93.517;110.618;
1900-01-01 18:00:53;1127.0;1745654453;85.514;94.179;93.517;110.741;
1900-01-01 18:00:54;1128.0;1745654454;85.514;94.256;93.534;110.722;
1900-01-01 18:00:56;1129.0;1745654456;85.516;94.19;93.456;110.722;
1900-01-01 18:00:56;1130.0;1745654456;85.516;94.19;93.456;110.608;
1900-01-01 18:00:57;1131.0;1745654457;85.483;94.16;93.438;110.599;
1900-01-01 18:00:58;1132.0;1745654458;85.452;94.059;93.438;110.599;
1900-01-01 18:00:59;1133.0;1745654459;85.452;94.059;93.457;110.628;
1900-01-01 18:01:00;1134.0;1745654460;85.508;94.086;93.451;110.628;
1900-01-01 18:01:01;1135.0;1745654461;85.506;94.045;93.451;110.613;
1900-01-01 18:01:02;1136.0;1745654462;85.506;94.045;93.516;110.637;
1900-01-01 18:01:03;1137.0;1745654463;85.424;93.993;93.534;110.637;
1900-01-01 18:01:04;1138.0;1745654464;85.411;93.993;93.534;110.614;
1900-01-01 18:01:05;1139.0;1745654465;85.411;93.98;93.505;110.578;
1900-01-01 18:01:06;1140.0;1745654466;85.382;94.095;93.455;110.578;
1900-01-01 18:01:07;1141.0;1745654467;85.364;93.996;93.455;110.628;
1900-01-01 18:01:08;1142.0;1745654468;85.364;93.996;93.36;110.66;
1900-01-01 18:01:09;1143.0;1745654469;85.391;94.0;93.396;110.66;
1900-01-01 18:01:10;1144.0;1745654470;85.301;94.0;93.396;110.6;
1900-01-01 18:01:11;1145.0;1745654471;85.301;93.955;93.47;110.588;
1900-01-01 18:01:12;1146.0;1745654472;85.379;93.972;93.586;110.588;
1900-01-01 18:01:13;1147.0;1745654473;85.363;93.972;93.586;110.648;
1900-01-01 18:01:14;1148.0;1745654474;85.363;93.933;93.625;110.572;
1900-01-01 18:01:15;1149.0;1745654475;85.327;93.931;93.692;110.572;
1900-01-01 18:01:16;1150.0;1745654476;85.35;93.931;93.692;110.636;
1900-01-01 18:01:17;1151.0;1745654477;85.35;93.845;93.671;110.623;
1900-01-01 18:01:18;1152.0;1745654478;85.433;93.976;93.616;110.623;
1900-01-01 18:01:20;1153.0;1745654480;85.409;93.976;93.616;110.567;
1900-01-01 18:01:20;1154.0;1745654480;85.409;93.897;93.466;110.559;
1900-01-01 18:01:21;1155.0;1745654481;85.343;93.853;93.337;110.559;
1900-01-01 18:01:22;1156.0;1745654482;85.343;93.853;93.337;110.566;
1900-01-01 18:01:23;1157.0;1745654483;85.408;93.838;93.402;110.565;
1900-01-01 18:01:24;1158.0;1745654484;85.419;93.798;93.402;110.565;
1900-01-01 18:01:25;1159.0;1745654485;85.419;93.798;93.43;110.664;
1900-01-01 18:01:26;1160.0;1745654486;85.362;93.82;93.478;110.664;
1900-01-01 18:01:27;1161.0;1745654487;85.328;93.822;93.478;110.58;
1900-01-01 18:01:28;1162.0;1745654488;85.328;93.822;93.512;110.717;
1900-01-01 18:01:29;1163.0;1745654489;85.319;93.824;93.45;110.717;
1900-01-01 18:01:30;1164.0;1745654490;85.216;93.824;93.45;110.59;
1900-01-01 18:01:31;1165.0;1745654491;85.216;93.756;93.412;110.591;
1900-01-01 18:01:32;1166.0;1745654492;85.155;93.854;93.335;110.591;
1900-01-01 18:01:33;1167.0;1745654493;85.198;93.854;93.335;110.575;
1900-01-01 18:01:34;1168.0;1745654494;85.198;93.798;93.308;110.505;
1900-01-01 18:01:35;1169.0;1745654495;85.169;93.811;93.211;110.505;
1900-01-01 18:01:37;1170.0;1745654497;85.238;93.811;93.211;110.562;
1900-01-01 18:01:37;1171.0;1745654497;85.238;93.811;93.241;110.57;
1900-01-01 18:01:38;1172.0;1745654498;85.18;93.862;93.165;110.57;
1900-01-01 18:01:39;1173.0;1745654499;85.099;93.862;93.165;110.504;
1900-01-01 18:01:40;1174.0;1745654500;85.099;93.781;93.136;110.617;
1900-01-01 18:01:41;1175.0;1745654501;85.111;93.782;93.136;110.617;
1900-01-01 18:01:42;1176.0;1745654502;85.025;93.782;93.098;110.565;
1900-01-01 18:01:43;1177.0;1745654503;85.025;93.668;93.087;110.472;
1900-01-01 18:01:44;1178.0;1745654504;85.023;93.704;93.087;110.472;
1900-01-01 18:01:45;1179.0;1745654505;84.931;93.704;93.055;110.662;
1900-01-01 18:01:46;1180.0;1745654506;84.931;93.677;93.103;110.538;
1900-01-01 18:01:47;1181.0;1745654507;84.937;93.732;93.103;110.538;
1900-01-01 18:01:48;1182.0;1745654508;84.887;93.732;93.067;110.662;
1900-01-01 18:01:49;1183.0;1745654509;84.887;93.649;92.976;110.512;
1900-01-01 18:01:50;1184.0;1745654510;84.927;93.684;92.976;110.512;
1900-01-01 18:01:51;1185.0;1745654511;84.927;93.684;93.025;110.522;
1900-01-01 18:01:52;1186.0;1745654512;84.902;93.662;93.057;110.604;
1900-01-01 18:01:53;1187.0;1745654513;84.923;93.705;93.057;110.604;
1900-01-01 18:01:54;1188.0;1745654514;84.923;93.705;93.051;110.519;
1900-01-01 18:01:55;1189.0;1745654515;84.967;93.608;93.056;110.61;
1900-01-01 18:01:56;1190.0;1745654516;84.843;93.608;93.056;110.61;
1900-01-01 18:01:57;1191.0;1745654517;84.843;93.681;92.953;110.575;
1900-01-01 18:01:58;1192.0;1745654518;84.822;93.693;92.97;110.575;
1900-01-01 18:01:59;1193.0;1745654519;84.791;93.693;92.97;110.557;
1900-01-01 18:02:00;1194.0;1745654520;84.791;93.653;92.985;110.579;
1900-01-01 18:02:01;1195.0;1745654521;84.622;93.605;93.005;110.579;
1900-01-01 18:02:02;1196.0;1745654522;84.721;93.605;93.005;110.657;
1900-01-01 18:02:03;1197.0;1745654523;84.721;93.636;92.943;110.543;
1900-01-01 18:02:04;1198.0;1745654524;84.624;93.68;93.014;110.543;
1900-01-01 18:02:05;1199.0;1745654525;84.533;93.68;93.014;110.521;
1900-01-01 18:02:06;1200.0;1745654526;84.533;93.692;92.957;110.591;
