Time;Seconds from start for linreg;Unix Time;ch1 po2;ch2 po2;ch3 po2;ch4 po2;
1900-01-01 02:52:08;1.0;1745686328;101.222;102.732;97.716;102.868;
1900-01-01 02:52:09;2.0;1745686329;101.222;102.796;97.648;102.868;
1900-01-01 02:52:10;3.0;1745686330;101.284;102.783;97.648;102.822;
1900-01-01 02:52:11;4.0;1745686331;101.174;102.783;97.699;102.751;
1900-01-01 02:52:12;5.0;1745686332;101.174;102.885;97.669;102.798;
1900-01-01 02:52:13;6.0;1745686333;101.257;102.802;97.669;102.798;
1900-01-01 02:52:14;7.0;1745686334;101.213;102.802;97.631;102.864;
1900-01-01 02:52:15;8.0;1745686335;101.213;102.85;97.639;102.808;
1900-01-01 02:52:16;9.0;1745686336;101.258;102.864;97.639;102.808;
1900-01-01 02:52:17;10.0;1745686337;101.258;102.864;97.666;102.963;
1900-01-01 02:52:18;11.0;1745686338;101.348;102.957;97.623;102.963;
1900-01-01 02:52:19;12.0;1745686339;101.269;102.92;97.623;102.924;
1900-01-01 02:52:21;13.0;1745686341;101.349;102.92;97.597;102.841;
1900-01-01 02:52:21;14.0;1745686341;101.349;102.948;97.61;102.841;
1900-01-01 02:52:22;15.0;1745686342;101.302;103.01;97.61;102.787;
1900-01-01 02:52:23;16.0;1745686343;101.302;103.01;97.536;102.79;
1900-01-01 02:52:24;17.0;1745686344;101.292;102.975;97.566;102.79;
1900-01-01 02:52:25;18.0;1745686345;101.23;102.866;97.566;102.787;
1900-01-01 02:52:26;19.0;1745686346;101.23;102.866;97.606;102.864;
1900-01-01 02:52:27;20.0;1745686347;101.289;102.923;97.578;102.864;
1900-01-01 02:52:28;21.0;1745686348;101.172;102.923;97.578;102.799;
1900-01-01 02:52:29;22.0;1745686349;101.172;102.981;97.642;102.759;
1900-01-01 02:52:30;23.0;1745686350;101.235;102.835;97.596;102.759;
1900-01-01 02:52:31;24.0;1745686351;101.098;102.835;97.596;102.79;
1900-01-01 02:52:32;25.0;1745686352;101.098;102.841;97.717;102.796;
1900-01-01 02:52:33;26.0;1745686353;101.101;102.837;97.717;102.796;
1900-01-01 02:52:34;27.0;1745686354;101.172;102.837;97.769;102.884;
1900-01-01 02:52:35;28.0;1745686355;101.172;102.908;97.74;102.787;
1900-01-01 02:52:36;29.0;1745686356;101.161;102.8;97.74;102.787;
1900-01-01 02:52:37;30.0;1745686357;101.128;102.8;97.679;102.781;
1900-01-01 02:52:38;31.0;1745686358;101.128;102.906;97.764;102.828;
1900-01-01 02:52:39;32.0;1745686359;101.092;102.808;97.764;102.828;
1900-01-01 02:52:40;33.0;1745686360;101.18;102.808;97.694;102.796;
1900-01-01 02:52:41;34.0;1745686361;101.18;102.805;97.726;102.835;
1900-01-01 02:52:42;35.0;1745686362;101.173;102.764;97.726;102.835;
1900-01-01 02:52:43;36.0;1745686363;101.173;102.764;97.693;102.806;
1900-01-01 02:52:44;37.0;1745686364;101.129;102.766;97.646;102.806;
1900-01-01 02:52:46;38.0;1745686366;101.112;102.776;97.646;102.681;
1900-01-01 02:52:46;39.0;1745686366;101.112;102.776;97.689;102.795;
1900-01-01 02:52:47;40.0;1745686367;101.175;102.88;97.607;102.795;
1900-01-01 02:52:49;41.0;1745686369;101.025;102.891;97.607;102.79;
1900-01-01 02:52:49;42.0;1745686369;101.025;102.891;97.51;102.82;
1900-01-01 02:52:50;43.0;1745686370;101.082;102.862;97.423;102.82;
1900-01-01 02:52:51;44.0;1745686371;101.135;102.906;97.423;102.745;
1900-01-01 02:52:52;45.0;1745686372;101.135;102.906;97.416;102.826;
1900-01-01 02:52:53;46.0;1745686373;101.159;102.839;97.398;102.826;
1900-01-01 02:52:54;47.0;1745686374;101.085;102.839;97.398;102.86;
1900-01-01 02:52:55;48.0;1745686375;101.085;102.844;97.462;102.769;
1900-01-01 02:52:56;49.0;1745686376;101.168;102.843;97.462;102.769;
1900-01-01 02:52:57;50.0;1745686377;101.203;102.843;97.531;102.782;
1900-01-01 02:52:58;51.0;1745686378;101.203;102.888;97.625;102.742;
1900-01-01 02:52:59;52.0;1745686379;101.237;102.713;97.728;102.742;
1900-01-01 02:53:00;53.0;1745686380;101.293;102.713;97.728;102.826;
1900-01-01 02:53:01;54.0;1745686381;101.293;102.893;97.747;102.815;
1900-01-01 02:53:02;55.0;1745686382;101.368;102.764;97.768;102.815;
1900-01-01 02:53:03;56.0;1745686383;101.243;102.764;97.768;102.767;
1900-01-01 02:53:04;57.0;1745686384;101.243;102.887;97.818;102.865;
1900-01-01 02:53:06;58.0;1745686386;101.265;102.749;97.76;102.865;
1900-01-01 02:53:06;59.0;1745686386;101.265;102.749;97.76;102.865;
1900-01-01 02:53:07;60.0;1745686387;101.284;102.697;97.714;102.822;
1900-01-01 02:53:08;61.0;1745686388;101.225;102.848;97.714;102.822;
1900-01-01 02:53:09;62.0;1745686389;101.225;102.848;97.625;102.824;
1900-01-01 02:53:10;63.0;1745686390;101.278;102.849;97.636;102.824;
1900-01-01 02:53:11;64.0;1745686391;101.293;102.854;97.636;102.811;
1900-01-01 02:53:12;65.0;1745686392;101.293;102.854;97.615;102.814;
1900-01-01 02:53:13;66.0;1745686393;101.122;102.842;97.525;102.814;
1900-01-01 02:53:14;67.0;1745686394;101.226;102.894;97.525;102.817;
1900-01-01 02:53:15;68.0;1745686395;101.226;102.894;97.399;102.884;
1900-01-01 02:53:16;69.0;1745686396;101.159;102.865;97.434;102.884;
1900-01-01 02:53:17;70.0;1745686397;101.228;102.865;97.434;102.797;
1900-01-01 02:53:18;71.0;1745686398;101.228;102.868;97.395;102.847;
1900-01-01 02:53:20;72.0;1745686400;101.204;102.935;97.318;102.847;
1900-01-01 02:53:20;73.0;1745686400;101.125;102.935;97.318;102.791;
1900-01-01 02:53:21;74.0;1745686401;101.125;102.856;97.407;102.841;
1900-01-01 02:53:22;75.0;1745686402;101.184;102.874;97.407;102.841;
1900-01-01 02:53:23;76.0;1745686403;101.117;102.874;97.383;102.802;
1900-01-01 02:53:24;77.0;1745686404;101.117;102.915;97.395;102.781;
1900-01-01 02:53:25;78.0;1745686405;101.187;102.89;97.395;102.781;
1900-01-01 02:53:26;79.0;1745686406;101.13;102.89;97.442;102.79;
1900-01-01 02:53:27;80.0;1745686407;101.13;102.825;97.301;102.811;
1900-01-01 02:53:29;81.0;1745686409;101.159;102.924;97.246;102.811;
1900-01-01 02:53:29;82.0;1745686409;101.064;102.924;97.246;102.854;
1900-01-01 02:53:30;83.0;1745686410;101.064;102.97;97.228;102.771;
1900-01-01 02:53:31;84.0;1745686411;101.049;102.997;97.228;102.771;
1900-01-01 02:53:32;85.0;1745686412;101.035;102.997;97.124;102.905;
1900-01-01 02:53:33;86.0;1745686413;101.035;102.997;97.263;102.911;
1900-01-01 02:53:34;87.0;1745686414;100.935;102.963;97.263;102.911;
1900-01-01 02:53:35;88.0;1745686415;100.935;102.963;97.218;102.851;
1900-01-01 02:53:36;89.0;1745686416;100.92;102.883;97.175;102.851;
1900-01-01 02:53:37;90.0;1745686417;100.841;102.892;97.175;102.835;
1900-01-01 02:53:38;91.0;1745686418;100.841;102.892;97.213;102.856;
1900-01-01 02:53:39;92.0;1745686419;100.819;102.837;97.259;102.856;
1900-01-01 02:53:40;93.0;1745686420;100.812;102.743;97.259;102.812;
1900-01-01 02:53:41;94.0;1745686421;100.812;102.743;97.349;102.763;
1900-01-01 02:53:42;95.0;1745686422;100.924;102.646;97.371;102.763;
1900-01-01 02:53:43;96.0;1745686423;101.011;102.646;97.371;102.86;
1900-01-01 02:53:44;97.0;1745686424;101.011;102.612;97.424;102.748;
1900-01-01 02:53:45;98.0;1745686425;101.057;102.538;97.424;102.748;
1900-01-01 02:53:46;99.0;1745686426;100.994;102.538;97.434;102.873;
1900-01-01 02:53:47;100.0;1745686427;100.994;102.532;97.428;102.719;
1900-01-01 02:53:48;101.0;1745686428;101.094;102.549;97.428;102.719;
1900-01-01 02:53:49;102.0;1745686429;100.972;102.549;97.39;102.886;
1900-01-01 02:53:50;103.0;1745686430;100.972;102.634;97.435;102.886;
1900-01-01 02:53:51;104.0;1745686431;101.047;102.647;97.435;102.76;
1900-01-01 02:53:53;105.0;1745686433;100.98;102.647;97.491;102.757;
1900-01-01 02:53:53;106.0;1745686433;100.98;102.683;97.498;102.874;
1900-01-01 02:53:54;107.0;1745686434;100.935;102.626;97.498;102.874;
1900-01-01 02:53:55;108.0;1745686435;100.935;102.626;97.453;102.765;
1900-01-01 02:53:56;109.0;1745686436;100.958;102.66;97.449;102.765;
1900-01-01 02:53:57;110.0;1745686437;100.843;102.769;97.449;102.883;
1900-01-01 02:53:58;111.0;1745686438;100.843;102.769;97.507;102.856;
1900-01-01 02:53:59;112.0;1745686439;100.903;102.77;97.608;102.856;
1900-01-01 02:54:01;113.0;1745686441;100.914;102.79;97.608;102.825;
1900-01-01 02:54:01;114.0;1745686441;100.914;102.79;97.538;102.816;
1900-01-01 02:54:02;115.0;1745686442;100.857;102.849;97.416;102.816;
1900-01-01 02:54:03;116.0;1745686443;100.851;102.776;97.416;102.837;
1900-01-01 02:54:04;117.0;1745686444;100.851;102.776;97.318;102.875;
1900-01-01 02:54:05;118.0;1745686445;100.87;102.648;97.267;102.875;
1900-01-01 02:54:06;119.0;1745686446;100.9;102.648;97.267;102.827;
1900-01-01 02:54:07;120.0;1745686447;100.9;102.759;97.211;102.875;
1900-01-01 02:54:08;121.0;1745686448;100.914;102.785;97.175;102.875;
1900-01-01 02:54:09;122.0;1745686449;101.03;102.785;97.175;102.868;
1900-01-01 02:54:10;123.0;1745686450;101.03;102.743;97.256;102.908;
1900-01-01 02:54:11;124.0;1745686451;100.928;102.767;97.163;102.908;
1900-01-01 02:54:12;125.0;1745686452;100.982;102.767;97.163;102.867;
1900-01-01 02:54:13;126.0;1745686453;100.982;102.667;97.245;102.847;
1900-01-01 02:54:14;127.0;1745686454;100.968;102.727;97.245;102.847;
1900-01-01 02:54:15;128.0;1745686455;101.081;102.727;97.229;102.877;
1900-01-01 02:54:16;129.0;1745686456;101.081;102.742;97.288;102.83;
1900-01-01 02:54:17;130.0;1745686457;100.994;102.657;97.253;102.83;
1900-01-01 02:54:18;131.0;1745686458;100.987;102.657;97.253;102.846;
1900-01-01 02:54:19;132.0;1745686459;100.987;102.622;97.265;102.924;
1900-01-01 02:54:20;133.0;1745686460;100.981;102.72;97.265;102.924;
1900-01-01 02:54:21;134.0;1745686461;100.918;102.72;97.229;102.818;
1900-01-01 02:54:22;135.0;1745686462;100.918;102.633;97.248;102.859;
1900-01-01 02:54:23;136.0;1745686463;100.845;102.772;97.256;102.859;
1900-01-01 02:54:24;137.0;1745686464;100.89;102.772;97.256;102.819;
1900-01-01 02:54:25;138.0;1745686465;100.89;102.753;97.268;102.826;
1900-01-01 02:54:26;139.0;1745686466;100.874;102.819;97.268;102.826;
1900-01-01 02:54:27;140.0;1745686467;100.867;102.819;97.148;102.814;
1900-01-01 02:54:28;141.0;1745686468;100.867;102.821;97.136;102.909;
1900-01-01 02:54:29;142.0;1745686469;100.854;102.837;97.136;102.909;
1900-01-01 02:54:30;143.0;1745686470;100.79;102.837;97.08;102.845;
1900-01-01 02:54:31;144.0;1745686471;100.79;102.811;97.07;102.901;
1900-01-01 02:54:32;145.0;1745686472;100.9;102.854;97.07;102.901;
1900-01-01 02:54:33;146.0;1745686473;100.888;102.854;97.154;102.946;
1900-01-01 02:54:34;147.0;1745686474;100.888;102.835;97.145;102.796;
1900-01-01 02:54:35;148.0;1745686475;100.953;102.922;97.145;102.796;
1900-01-01 02:54:36;149.0;1745686476;100.953;102.922;97.205;102.84;
1900-01-01 02:54:37;150.0;1745686477;100.967;102.84;97.086;102.84;
1900-01-01 02:54:38;151.0;1745686478;100.875;102.752;97.086;102.932;
1900-01-01 02:54:39;152.0;1745686479;100.991;102.752;97.087;102.78;
1900-01-01 02:54:40;153.0;1745686480;100.991;102.745;97.111;102.78;
1900-01-01 02:54:41;154.0;1745686481;100.923;102.836;97.111;102.86;
1900-01-01 02:54:42;155.0;1745686482;100.923;102.836;97.191;102.778;
1900-01-01 02:54:43;156.0;1745686483;100.957;102.83;97.13;102.778;
1900-01-01 02:54:44;157.0;1745686484;100.946;102.83;97.13;102.862;
1900-01-01 02:54:45;158.0;1745686485;100.946;102.709;97.239;102.897;
1900-01-01 02:54:46;159.0;1745686486;100.965;102.733;97.199;102.897;
1900-01-01 02:54:47;160.0;1745686487;101.018;102.733;97.199;102.891;
1900-01-01 02:54:48;161.0;1745686488;101.018;102.804;97.221;102.817;
1900-01-01 02:54:49;162.0;1745686489;101.008;102.771;97.221;102.817;
1900-01-01 02:54:50;163.0;1745686490;100.917;102.771;97.161;102.836;
1900-01-01 02:54:51;164.0;1745686491;100.917;102.717;97.166;102.833;
1900-01-01 02:54:53;165.0;1745686493;100.905;102.766;97.093;102.833;
1900-01-01 02:54:53;166.0;1745686493;100.897;102.766;97.093;102.797;
1900-01-01 02:54:54;167.0;1745686494;100.897;102.63;96.877;102.798;
1900-01-01 02:54:55;168.0;1745686495;100.839;102.739;96.877;102.798;
1900-01-01 02:54:56;169.0;1745686496;100.839;102.739;96.721;102.883;
1900-01-01 02:54:57;170.0;1745686497;100.92;102.747;96.688;102.841;
1900-01-01 02:54:59;171.0;1745686499;100.779;102.714;96.688;102.841;
1900-01-01 02:54:59;172.0;1745686499;100.779;102.714;96.617;102.788;
1900-01-01 02:55:00;173.0;1745686500;100.711;102.696;96.718;102.788;
1900-01-01 02:55:01;174.0;1745686501;100.711;102.645;96.718;102.762;
1900-01-01 02:55:02;175.0;1745686502;100.711;102.645;96.784;102.823;
1900-01-01 02:55:03;176.0;1745686503;100.684;102.666;96.847;102.823;
1900-01-01 02:55:04;177.0;1745686504;100.653;102.662;96.847;102.747;
1900-01-01 02:55:05;178.0;1745686505;100.653;102.662;96.876;102.819;
1900-01-01 02:55:06;179.0;1745686506;100.776;102.672;96.994;102.819;
1900-01-01 02:55:07;180.0;1745686507;100.77;102.672;96.994;102.791;
1900-01-01 02:55:08;181.0;1745686508;100.77;102.565;97.036;102.771;
1900-01-01 02:55:09;182.0;1745686509;100.825;102.601;97.042;102.771;
1900-01-01 02:55:10;183.0;1745686510;100.733;102.601;97.042;102.823;
1900-01-01 02:55:11;184.0;1745686511;100.733;102.615;96.928;102.811;
1900-01-01 02:55:12;185.0;1745686512;100.754;102.674;96.793;102.811;
1900-01-01 02:55:13;186.0;1745686513;100.694;102.674;96.793;102.914;
1900-01-01 02:55:14;187.0;1745686514;100.694;102.681;96.674;102.792;
1900-01-01 02:55:15;188.0;1745686515;100.732;102.617;96.674;102.792;
1900-01-01 02:55:16;189.0;1745686516;100.672;102.617;96.706;102.904;
1900-01-01 02:55:17;190.0;1745686517;100.672;102.705;96.625;102.809;
1900-01-01 02:55:18;191.0;1745686518;100.705;102.766;96.625;102.809;
1900-01-01 02:55:19;192.0;1745686519;100.705;102.766;96.561;102.849;
1900-01-01 02:55:20;193.0;1745686520;100.746;102.723;96.579;102.853;
1900-01-01 02:55:21;194.0;1745686521;100.807;102.778;96.579;102.853;
1900-01-01 02:55:22;195.0;1745686522;100.807;102.778;96.697;102.863;
1900-01-01 02:55:23;196.0;1745686523;100.764;102.816;96.709;102.863;
1900-01-01 02:55:24;197.0;1745686524;100.71;102.835;96.709;102.881;
1900-01-01 02:55:25;198.0;1745686525;100.71;102.835;96.848;102.758;
1900-01-01 02:55:26;199.0;1745686526;100.635;102.773;96.768;102.758;
1900-01-01 02:55:27;200.0;1745686527;100.692;102.773;96.768;102.805;
1900-01-01 02:55:28;201.0;1745686528;100.692;102.796;96.905;102.847;
1900-01-01 02:55:29;202.0;1745686529;100.654;102.817;96.964;102.847;
1900-01-01 02:55:30;203.0;1745686530;100.607;102.817;96.964;102.827;
1900-01-01 02:55:31;204.0;1745686531;100.607;102.777;96.964;102.896;
1900-01-01 02:55:32;205.0;1745686532;100.618;102.789;96.943;102.896;
1900-01-01 02:55:33;206.0;1745686533;100.598;102.789;96.943;102.782;
1900-01-01 02:55:34;207.0;1745686534;100.598;102.82;96.91;102.904;
1900-01-01 02:55:35;208.0;1745686535;100.613;102.792;96.843;102.904;
1900-01-01 02:55:36;209.0;1745686536;100.698;102.792;96.843;102.884;
1900-01-01 02:55:37;210.0;1745686537;100.698;102.846;96.798;102.787;
1900-01-01 02:55:38;211.0;1745686538;100.704;102.758;96.801;102.787;
1900-01-01 02:55:39;212.0;1745686539;100.692;102.758;96.801;102.942;
1900-01-01 02:55:40;213.0;1745686540;100.692;102.725;96.686;102.902;
1900-01-01 02:55:41;214.0;1745686541;100.818;102.767;96.686;102.902;
1900-01-01 02:55:42;215.0;1745686542;100.869;102.767;96.686;102.827;
1900-01-01 02:55:43;216.0;1745686543;100.869;102.62;96.664;102.864;
1900-01-01 02:55:44;217.0;1745686544;100.897;102.711;96.664;102.864;
1900-01-01 02:55:45;218.0;1745686545;100.888;102.711;96.689;102.919;
1900-01-01 02:55:46;219.0;1745686546;100.888;102.662;96.726;102.919;
1900-01-01 02:55:47;220.0;1745686547;100.913;102.608;96.726;102.95;
1900-01-01 02:55:49;221.0;1745686549;100.864;102.608;96.704;102.983;
1900-01-01 02:55:49;222.0;1745686549;100.864;102.557;96.797;102.983;
1900-01-01 02:55:50;223.0;1745686550;100.858;102.586;96.797;102.819;
1900-01-01 02:55:52;224.0;1745686552;100.843;102.586;96.686;102.885;
1900-01-01 02:55:52;225.0;1745686552;100.843;102.677;96.71;102.885;
1900-01-01 02:55:53;226.0;1745686553;100.838;102.513;96.71;102.918;
1900-01-01 02:55:54;227.0;1745686554;100.838;102.513;96.627;102.937;
1900-01-01 02:55:55;228.0;1745686555;100.771;102.583;96.67;102.937;
1900-01-01 02:55:56;229.0;1745686556;100.735;102.605;96.67;102.877;
1900-01-01 02:55:57;230.0;1745686557;100.735;102.605;96.647;102.932;
1900-01-01 02:55:58;231.0;1745686558;100.746;102.641;96.538;102.932;
1900-01-01 02:55:59;232.0;1745686559;100.632;102.641;96.538;102.91;
1900-01-01 02:56:00;233.0;1745686560;100.632;102.617;96.497;102.898;
1900-01-01 02:56:01;234.0;1745686561;100.635;102.688;96.526;102.898;
1900-01-01 02:56:03;235.0;1745686563;100.543;102.684;96.526;102.876;
1900-01-01 02:56:03;236.0;1745686563;100.543;102.684;96.586;102.934;
1900-01-01 02:56:04;237.0;1745686564;100.422;102.629;96.564;102.934;
1900-01-01 02:56:05;238.0;1745686565;100.546;102.697;96.564;102.945;
1900-01-01 02:56:06;239.0;1745686566;100.546;102.697;96.547;102.959;
1900-01-01 02:56:07;240.0;1745686567;100.507;102.54;96.477;102.959;
1900-01-01 02:56:08;241.0;1745686568;100.596;102.54;96.477;102.897;
1900-01-01 02:56:09;242.0;1745686569;100.596;102.508;96.632;102.901;
1900-01-01 02:56:10;243.0;1745686570;100.659;102.586;96.663;102.901;
1900-01-01 02:56:11;244.0;1745686571;100.592;102.586;96.663;102.844;
1900-01-01 02:56:12;245.0;1745686572;100.592;102.568;96.644;102.863;
1900-01-01 02:56:14;246.0;1745686574;100.615;102.604;96.622;102.863;
1900-01-01 02:56:14;247.0;1745686574;100.633;102.604;96.622;102.888;
1900-01-01 02:56:15;248.0;1745686575;100.633;102.48;96.602;102.886;
1900-01-01 02:56:16;249.0;1745686576;100.72;102.532;96.602;102.886;
1900-01-01 02:56:17;250.0;1745686577;100.718;102.532;96.603;102.809;
1900-01-01 02:56:18;251.0;1745686578;100.718;102.673;96.656;102.877;
1900-01-01 02:56:19;252.0;1745686579;100.643;102.729;96.656;102.877;
1900-01-01 02:56:20;253.0;1745686580;100.666;102.729;96.61;102.783;
1900-01-01 02:56:22;254.0;1745686582;100.666;102.704;96.614;102.871;
1900-01-01 02:56:22;255.0;1745686582;100.559;102.703;96.614;102.871;
1900-01-01 02:56:23;256.0;1745686583;100.482;102.703;96.506;102.94;
1900-01-01 02:56:24;257.0;1745686584;100.482;102.761;96.537;102.879;
1900-01-01 02:56:25;258.0;1745686585;100.55;102.824;96.537;102.879;
1900-01-01 02:56:26;259.0;1745686586;100.55;102.824;96.422;102.888;
1900-01-01 02:56:27;260.0;1745686587;100.375;102.731;96.4;102.842;
1900-01-01 02:56:28;261.0;1745686588;100.423;102.731;96.4;102.842;
1900-01-01 02:56:29;262.0;1745686589;100.423;102.787;96.388;102.862;
1900-01-01 02:56:31;263.0;1745686591;100.418;102.712;96.476;102.925;
1900-01-01 02:56:31;264.0;1745686591;100.423;102.712;96.476;102.925;
1900-01-01 02:56:32;265.0;1745686592;100.423;102.651;96.421;102.983;
1900-01-01 02:56:33;266.0;1745686593;100.318;102.638;96.451;102.983;
1900-01-01 02:56:34;267.0;1745686594;100.298;102.638;96.451;102.891;
1900-01-01 02:56:35;268.0;1745686595;100.298;102.706;96.509;102.92;
1900-01-01 02:56:36;269.0;1745686596;100.359;102.67;96.513;102.92;
1900-01-01 02:56:37;270.0;1745686597;100.349;102.67;96.513;102.935;
1900-01-01 02:56:38;271.0;1745686598;100.349;102.638;96.506;102.895;
1900-01-01 02:56:39;272.0;1745686599;100.429;102.596;96.581;102.895;
1900-01-01 02:56:40;273.0;1745686600;100.388;102.596;96.581;102.826;
1900-01-01 02:56:41;274.0;1745686601;100.388;102.58;96.499;102.891;
1900-01-01 02:56:42;275.0;1745686602;100.454;102.533;96.623;102.891;
1900-01-01 02:56:44;276.0;1745686604;100.474;102.533;96.623;102.855;
1900-01-01 02:56:44;277.0;1745686604;100.474;102.53;96.605;102.926;
1900-01-01 02:56:45;278.0;1745686605;100.561;102.559;96.605;102.926;
1900-01-01 02:56:46;279.0;1745686606;100.561;102.559;96.573;102.934;
1900-01-01 02:56:47;280.0;1745686607;100.512;102.606;96.559;102.934;
1900-01-01 02:56:48;281.0;1745686608;100.658;102.559;96.559;102.884;
1900-01-01 02:56:50;282.0;1745686610;100.641;102.559;96.58;102.847;
1900-01-01 02:56:50;283.0;1745686610;100.641;102.548;96.612;102.847;
1900-01-01 02:56:51;284.0;1745686611;100.627;102.604;96.612;102.882;
1900-01-01 02:56:52;285.0;1745686612;100.627;102.604;96.575;102.847;
1900-01-01 02:56:53;286.0;1745686613;100.504;102.62;96.419;102.847;
1900-01-01 02:56:54;287.0;1745686614;100.536;102.62;96.419;102.867;
1900-01-01 02:56:55;288.0;1745686615;100.536;102.508;96.342;102.882;
1900-01-01 02:56:56;289.0;1745686616;100.591;102.47;96.201;102.882;
1900-01-01 02:56:57;290.0;1745686617;100.55;102.47;96.201;102.926;
1900-01-01 02:56:58;291.0;1745686618;100.55;102.552;96.286;102.95;
1900-01-01 02:56:59;292.0;1745686619;100.511;102.549;96.3;102.95;
1900-01-01 02:57:00;293.0;1745686620;100.493;102.529;96.3;102.9;
1900-01-01 02:57:01;294.0;1745686621;100.493;102.529;96.285;102.918;
1900-01-01 02:57:02;295.0;1745686622;100.503;102.5;96.285;102.918;
1900-01-01 02:57:03;296.0;1745686623;100.514;102.5;96.316;102.89;
1900-01-01 02:57:04;297.0;1745686624;100.514;102.452;96.342;102.869;
1900-01-01 02:57:05;298.0;1745686625;100.548;102.446;96.342;102.869;
1900-01-01 02:57:06;299.0;1745686626;100.54;102.446;96.277;102.924;
1900-01-01 02:57:07;300.0;1745686627;100.54;102.425;96.182;102.943;
1900-01-01 02:57:08;301.0;1745686628;100.485;102.47;96.182;102.943;
1900-01-01 02:57:09;302.0;1745686629;100.533;102.47;96.204;102.914;
1900-01-01 02:57:10;303.0;1745686630;100.533;102.438;96.256;102.914;
1900-01-01 02:57:11;304.0;1745686631;100.562;102.538;96.256;102.908;
1900-01-01 02:57:12;305.0;1745686632;100.562;102.538;96.222;102.878;
1900-01-01 02:57:13;306.0;1745686633;100.498;102.526;96.26;102.878;
1900-01-01 02:57:14;307.0;1745686634;100.506;102.478;96.26;102.881;
1900-01-01 02:57:15;308.0;1745686635;100.506;102.478;96.254;102.861;
1900-01-01 02:57:16;309.0;1745686636;100.636;102.534;96.223;102.861;
1900-01-01 02:57:17;310.0;1745686637;100.498;102.534;96.223;102.773;
1900-01-01 02:57:19;311.0;1745686639;100.498;102.578;96.16;102.884;
1900-01-01 02:57:19;312.0;1745686639;100.569;102.584;96.16;102.884;
1900-01-01 02:57:20;313.0;1745686640;100.614;102.584;96.208;102.952;
1900-01-01 02:57:21;314.0;1745686641;100.614;102.605;96.221;102.863;
1900-01-01 02:57:22;315.0;1745686642;100.566;102.595;96.221;102.863;
1900-01-01 02:57:23;316.0;1745686643;100.515;102.595;96.332;102.872;
1900-01-01 02:57:24;317.0;1745686644;100.515;102.571;96.323;102.884;
1900-01-01 02:57:25;318.0;1745686645;100.51;102.583;96.323;102.884;
1900-01-01 02:57:27;319.0;1745686647;100.5;102.583;96.317;102.878;
1900-01-01 02:57:27;320.0;1745686647;100.5;102.536;96.273;102.878;
1900-01-01 02:57:28;321.0;1745686648;100.487;102.681;96.273;102.893;
1900-01-01 02:57:29;322.0;1745686649;100.442;102.681;96.168;102.938;
1900-01-01 02:57:30;323.0;1745686650;100.442;102.662;96.279;102.938;
1900-01-01 02:57:31;324.0;1745686651;100.4;102.643;96.279;102.974;
1900-01-01 02:57:32;325.0;1745686652;100.4;102.643;96.201;102.881;
1900-01-01 02:57:33;326.0;1745686653;100.43;102.58;96.203;103.013;
1900-01-01 02:57:34;327.0;1745686654;100.333;102.567;96.203;103.013;
1900-01-01 02:57:35;328.0;1745686655;100.333;102.567;96.143;102.915;
1900-01-01 02:57:36;329.0;1745686656;100.313;102.567;96.054;102.915;
1900-01-01 02:57:37;330.0;1745686657;100.288;102.54;96.054;103.055;
1900-01-01 02:57:38;331.0;1745686658;100.288;102.54;96.121;102.811;
1900-01-01 02:57:39;332.0;1745686659;100.276;102.586;96.012;102.811;
1900-01-01 02:57:40;333.0;1745686660;100.216;102.586;96.012;102.825;
1900-01-01 02:57:41;334.0;1745686661;100.216;102.659;96.097;102.839;
1900-01-01 02:57:42;335.0;1745686662;100.256;102.617;96.097;102.839;
1900-01-01 02:57:43;336.0;1745686663;100.282;102.617;96.064;102.949;
1900-01-01 02:57:44;337.0;1745686664;100.282;102.576;96.079;102.93;
1900-01-01 02:57:45;338.0;1745686665;100.38;102.627;96.002;102.93;
1900-01-01 02:57:46;339.0;1745686666;100.261;102.627;96.002;102.86;
1900-01-01 02:57:47;340.0;1745686667;100.261;102.593;95.991;102.917;
1900-01-01 02:57:48;341.0;1745686668;100.37;102.668;96.037;102.917;
1900-01-01 02:57:49;342.0;1745686669;100.37;102.668;96.037;102.979;
1900-01-01 02:57:50;343.0;1745686670;100.207;102.683;96.164;102.92;
1900-01-01 02:57:51;344.0;1745686671;100.162;102.653;96.164;102.92;
1900-01-01 02:57:52;345.0;1745686672;100.162;102.653;96.179;102.911;
1900-01-01 02:57:53;346.0;1745686673;100.206;102.623;96.146;102.911;
1900-01-01 02:57:55;347.0;1745686675;100.156;102.73;96.146;102.808;
1900-01-01 02:57:55;348.0;1745686675;100.156;102.73;96.124;102.879;
1900-01-01 02:57:56;349.0;1745686676;100.158;102.625;96.172;102.879;
1900-01-01 02:57:57;350.0;1745686677;100.17;102.625;96.172;102.842;
1900-01-01 02:57:58;351.0;1745686678;100.17;102.634;96.16;102.886;
1900-01-01 02:57:59;352.0;1745686679;100.182;102.647;96.118;102.886;
1900-01-01 02:58:00;353.0;1745686680;100.305;102.612;96.118;102.811;
1900-01-01 02:58:01;354.0;1745686681;100.305;102.612;96.227;102.87;
1900-01-01 02:58:02;355.0;1745686682;100.331;102.613;96.265;102.87;
1900-01-01 02:58:03;356.0;1745686683;100.371;102.613;96.265;102.788;
1900-01-01 02:58:04;357.0;1745686684;100.371;102.529;96.099;102.75;
1900-01-01 02:58:05;358.0;1745686685;100.325;102.467;96.099;102.75;
1900-01-01 02:58:06;359.0;1745686686;100.334;102.467;96.196;102.904;
1900-01-01 02:58:07;360.0;1745686687;100.334;102.463;96.286;102.834;
1900-01-01 02:58:08;361.0;1745686688;100.302;102.446;96.055;102.834;
1900-01-01 02:58:10;362.0;1745686690;100.275;102.446;96.055;102.979;
1900-01-01 02:58:10;363.0;1745686690;100.275;102.419;96.058;102.85;
1900-01-01 02:58:11;364.0;1745686691;100.314;102.428;96.058;102.85;
1900-01-01 02:58:12;365.0;1745686692;100.305;102.428;96.1;102.845;
1900-01-01 02:58:13;366.0;1745686693;100.305;102.362;96.11;102.845;
1900-01-01 02:58:14;367.0;1745686694;100.157;102.327;96.11;102.842;
1900-01-01 02:58:15;368.0;1745686695;100.206;102.327;95.923;102.849;
1900-01-01 02:58:16;369.0;1745686696;100.206;102.382;96.034;102.849;
1900-01-01 02:58:17;370.0;1745686697;100.091;102.461;96.034;102.899;
1900-01-01 02:58:18;371.0;1745686698;100.091;102.461;95.923;102.977;
1900-01-01 02:58:19;372.0;1745686699;100.123;102.49;95.888;102.977;
1900-01-01 02:58:20;373.0;1745686700;100.114;102.49;95.888;102.918;
1900-01-01 02:58:21;374.0;1745686701;100.114;102.444;95.825;102.88;
1900-01-01 02:58:23;375.0;1745686703;100.063;102.463;95.811;102.88;
1900-01-01 02:58:23;376.0;1745686703;100.097;102.463;95.811;102.956;
1900-01-01 02:58:24;377.0;1745686704;100.097;102.492;95.633;102.889;
1900-01-01 02:58:25;378.0;1745686705;100.159;102.429;95.668;102.889;
1900-01-01 02:58:26;379.0;1745686706;100.174;102.429;95.668;102.79;
1900-01-01 02:58:27;380.0;1745686707;100.174;102.486;95.641;102.874;
1900-01-01 02:58:28;381.0;1745686708;100.153;102.517;95.641;102.874;
1900-01-01 02:58:29;382.0;1745686709;100.182;102.517;95.743;102.831;
1900-01-01 02:58:30;383.0;1745686710;100.182;102.594;95.836;102.831;
1900-01-01 02:58:31;384.0;1745686711;100.182;102.529;95.836;102.934;
1900-01-01 02:58:33;385.0;1745686713;100.204;102.529;95.923;102.956;
1900-01-01 02:58:33;386.0;1745686713;100.204;102.545;95.935;102.956;
1900-01-01 02:58:35;387.0;1745686715;100.236;102.567;95.935;102.974;
1900-01-01 02:58:35;388.0;1745686715;100.236;102.567;96.04;102.914;
1900-01-01 02:58:36;389.0;1745686716;100.293;102.529;95.949;102.914;
1900-01-01 02:58:37;390.0;1745686717;100.349;102.589;95.949;102.925;
1900-01-01 02:58:38;391.0;1745686718;100.349;102.589;96.017;102.964;
1900-01-01 02:58:39;392.0;1745686719;100.266;102.652;95.891;102.964;
1900-01-01 02:58:40;393.0;1745686720;100.316;102.652;95.891;102.926;
1900-01-01 02:58:41;394.0;1745686721;100.316;102.474;95.816;102.94;
1900-01-01 02:58:42;395.0;1745686722;100.273;102.525;95.816;102.94;
1900-01-01 02:58:43;396.0;1745686723;100.274;102.525;95.73;102.924;
1900-01-01 02:58:44;397.0;1745686724;100.274;102.334;95.771;102.998;
1900-01-01 02:58:45;398.0;1745686725;100.21;102.38;95.771;102.998;
1900-01-01 02:58:46;399.0;1745686726;100.218;102.38;95.792;102.952;
1900-01-01 02:58:47;400.0;1745686727;100.218;102.393;95.819;102.922;
1900-01-01 02:58:48;401.0;1745686728;100.233;102.306;95.819;102.922;
1900-01-01 02:58:49;402.0;1745686729;100.233;102.306;95.828;102.91;
1900-01-01 02:58:50;403.0;1745686730;100.251;102.338;95.836;102.918;
1900-01-01 02:58:51;404.0;1745686731;100.12;102.322;95.836;102.918;
1900-01-01 02:58:52;405.0;1745686732;100.12;102.322;95.747;102.914;
1900-01-01 02:58:53;406.0;1745686733;100.176;102.286;95.802;102.914;
1900-01-01 02:58:54;407.0;1745686734;100.178;102.286;95.802;102.967;
1900-01-01 02:58:55;408.0;1745686735;100.178;102.358;95.753;102.954;
1900-01-01 02:58:56;409.0;1745686736;100.149;102.274;95.754;102.954;
1900-01-01 02:58:57;410.0;1745686737;100.134;102.274;95.754;102.959;
1900-01-01 02:58:58;411.0;1745686738;100.134;102.283;95.812;103.055;
1900-01-01 02:58:59;412.0;1745686739;100.168;102.297;95.812;103.055;
1900-01-01 02:59:00;413.0;1745686740;100.057;102.297;95.77;103.018;
1900-01-01 02:59:01;414.0;1745686741;100.057;102.203;95.82;102.974;
1900-01-01 02:59:03;415.0;1745686743;100.162;102.252;95.835;102.974;
1900-01-01 02:59:03;416.0;1745686743;100.13;102.252;95.835;102.954;
1900-01-01 02:59:04;417.0;1745686744;100.13;102.291;95.79;102.973;
1900-01-01 02:59:06;418.0;1745686746;100.16;102.362;95.626;102.973;
1900-01-01 02:59:06;419.0;1745686746;100.16;102.362;95.626;102.932;
1900-01-01 02:59:07;420.0;1745686747;100.137;102.331;95.667;102.922;
1900-01-01 02:59:08;421.0;1745686748;100.104;102.317;95.667;102.922;
1900-01-01 02:59:09;422.0;1745686749;100.039;102.317;95.614;102.993;
1900-01-01 02:59:10;423.0;1745686750;100.039;102.292;95.678;102.861;
1900-01-01 02:59:11;424.0;1745686751;100.026;102.389;95.678;102.861;
1900-01-01 02:59:12;425.0;1745686752;100.026;102.389;95.652;102.88;
1900-01-01 02:59:13;426.0;1745686753;100.039;102.402;95.706;102.989;
1900-01-01 02:59:14;427.0;1745686754;100.002;102.46;95.706;102.989;
1900-01-01 02:59:15;428.0;1745686755;100.044;102.46;95.728;102.934;
1900-01-01 02:59:16;429.0;1745686756;100.044;102.447;95.83;102.934;
1900-01-01 02:59:17;430.0;1745686757;99.977;102.464;95.83;102.929;
1900-01-01 02:59:18;431.0;1745686758;100.048;102.464;95.728;102.93;
1900-01-01 02:59:19;432.0;1745686759;100.048;102.49;95.71;102.946;
1900-01-01 02:59:20;433.0;1745686760;99.999;102.401;95.71;102.946;
1900-01-01 02:59:22;434.0;1745686762;99.979;102.401;95.701;102.955;
1900-01-01 02:59:22;435.0;1745686762;99.979;102.365;95.688;102.955;
1900-01-01 02:59:23;436.0;1745686763;99.988;102.352;95.688;102.921;
1900-01-01 02:59:24;437.0;1745686764;100.056;102.352;95.745;102.875;
1900-01-01 02:59:25;438.0;1745686765;100.056;102.356;95.804;102.926;
1900-01-01 02:59:26;439.0;1745686766;99.989;102.416;95.804;102.926;
1900-01-01 02:59:27;440.0;1745686767;99.961;102.416;95.774;102.935;
1900-01-01 02:59:28;441.0;1745686768;99.961;102.284;95.627;102.867;
1900-01-01 02:59:29;442.0;1745686769;99.906;102.301;95.627;102.867;
1900-01-01 02:59:30;443.0;1745686770;99.906;102.301;95.726;102.878;
1900-01-01 02:59:31;444.0;1745686771;99.915;102.326;95.704;102.878;
1900-01-01 02:59:32;445.0;1745686772;99.962;102.47;95.704;102.911;
1900-01-01 02:59:33;446.0;1745686773;99.962;102.47;95.726;102.884;
1900-01-01 02:59:34;447.0;1745686774;100.021;102.377;95.732;102.884;
1900-01-01 02:59:35;448.0;1745686775;99.983;102.387;95.732;102.943;
1900-01-01 02:59:36;449.0;1745686776;99.983;102.387;95.75;102.958;
1900-01-01 02:59:37;450.0;1745686777;100.057;102.363;95.629;102.958;
1900-01-01 02:59:38;451.0;1745686778;99.934;102.328;95.629;102.912;
1900-01-01 02:59:39;452.0;1745686779;99.934;102.328;95.685;102.902;
1900-01-01 02:59:40;453.0;1745686780;99.976;102.342;95.63;102.902;
1900-01-01 02:59:41;454.0;1745686781;99.972;102.342;95.63;102.9;
1900-01-01 02:59:42;455.0;1745686782;99.972;102.35;95.662;103.016;
1900-01-01 02:59:43;456.0;1745686783;99.915;102.42;95.61;103.016;
1900-01-01 02:59:44;457.0;1745686784;99.797;102.355;95.61;102.887;
1900-01-01 02:59:45;458.0;1745686785;99.797;102.355;95.682;103.015;
1900-01-01 02:59:46;459.0;1745686786;99.812;102.403;95.586;103.015;
1900-01-01 02:59:47;460.0;1745686787;99.809;102.403;95.586;102.913;
1900-01-01 02:59:48;461.0;1745686788;99.809;102.282;95.525;102.897;
1900-01-01 02:59:49;462.0;1745686789;99.784;102.328;95.424;102.897;
1900-01-01 02:59:51;463.0;1745686791;99.742;102.297;95.424;103.05;
1900-01-01 02:59:51;464.0;1745686791;99.742;102.297;95.433;102.927;
1900-01-01 02:59:52;465.0;1745686792;99.797;102.361;95.484;102.927;
1900-01-01 02:59:53;466.0;1745686793;99.823;102.361;95.484;102.928;
1900-01-01 02:59:54;467.0;1745686794;99.823;102.354;95.509;103.0;
1900-01-01 02:59:56;468.0;1745686796;99.819;102.269;95.47;103.0;
1900-01-01 02:59:56;469.0;1745686796;99.894;102.269;95.47;102.961;
1900-01-01 02:59:57;470.0;1745686797;99.894;102.323;95.466;102.994;
1900-01-01 02:59:58;471.0;1745686798;99.868;102.2;95.638;102.994;
1900-01-01 02:59:59;472.0;1745686799;99.966;102.2;95.638;102.93;
1900-01-01 03:00:00;473.0;1745686800;99.966;102.221;95.532;102.908;
1900-01-01 03:00:01;474.0;1745686801;99.916;102.276;95.513;102.908;
1900-01-01 03:00:02;475.0;1745686802;99.89;102.276;95.513;103.019;
1900-01-01 03:00:03;476.0;1745686803;99.89;102.266;95.535;102.971;
1900-01-01 03:00:04;477.0;1745686804;99.999;102.22;95.509;102.971;
1900-01-01 03:00:05;478.0;1745686805;99.963;102.22;95.509;102.952;
1900-01-01 03:00:06;479.0;1745686806;99.963;102.271;95.539;102.899;
1900-01-01 03:00:07;480.0;1745686807;99.893;102.309;95.504;102.899;
1900-01-01 03:00:08;481.0;1745686808;99.921;102.309;95.504;102.983;
1900-01-01 03:00:09;482.0;1745686809;99.921;102.272;95.464;102.951;
1900-01-01 03:00:10;483.0;1745686810;99.88;102.329;95.464;102.951;
1900-01-01 03:00:11;484.0;1745686811;99.881;102.329;95.41;102.977;
1900-01-01 03:00:13;485.0;1745686813;99.881;102.245;95.353;102.994;
1900-01-01 03:00:13;486.0;1745686813;99.915;102.251;95.353;102.994;
1900-01-01 03:00:14;487.0;1745686814;99.842;102.251;95.222;102.91;
1900-01-01 03:00:15;488.0;1745686815;99.842;102.281;95.044;102.925;
1900-01-01 03:00:16;489.0;1745686816;99.909;102.192;95.044;102.925;
1900-01-01 03:00:17;490.0;1745686817;99.909;102.192;95.041;102.968;
1900-01-01 03:00:18;491.0;1745686818;99.853;102.241;95.188;103.002;
1900-01-01 03:00:19;492.0;1745686819;99.807;102.215;95.188;103.002;
1900-01-01 03:00:20;493.0;1745686820;99.807;102.215;95.29;102.902;
1900-01-01 03:00:21;494.0;1745686821;99.816;102.209;95.346;102.902;
1900-01-01 03:00:22;495.0;1745686822;99.694;102.048;95.346;102.961;
1900-01-01 03:00:23;496.0;1745686823;99.694;102.048;95.415;102.947;
1900-01-01 03:00:24;497.0;1745686824;99.74;102.123;95.444;102.947;
1900-01-01 03:00:25;498.0;1745686825;99.656;102.123;95.444;102.858;
1900-01-01 03:00:26;499.0;1745686826;99.656;102.183;95.593;102.929;
1900-01-01 03:00:27;500.0;1745686827;99.765;102.108;95.432;102.929;
1900-01-01 03:00:28;501.0;1745686828;99.828;102.108;95.432;103.08;
1900-01-01 03:00:29;502.0;1745686829;99.828;102.142;95.502;102.915;
1900-01-01 03:00:30;503.0;1745686830;99.784;102.078;95.436;102.915;
1900-01-01 03:00:31;504.0;1745686831;99.732;102.078;95.436;103.017;
1900-01-01 03:00:32;505.0;1745686832;99.732;102.107;95.392;103.001;
1900-01-01 03:00:33;506.0;1745686833;99.799;102.105;95.392;103.001;
1900-01-01 03:00:34;507.0;1745686834;99.805;102.105;95.338;102.918;
1900-01-01 03:00:35;508.0;1745686835;99.805;102.153;95.117;102.918;
1900-01-01 03:00:36;509.0;1745686836;99.768;102.106;95.117;103.011;
1900-01-01 03:00:38;510.0;1745686838;99.805;102.106;95.15;102.957;
1900-01-01 03:00:38;511.0;1745686838;99.805;102.05;95.097;102.919;
1900-01-01 03:00:39;512.0;1745686839;99.869;102.044;95.097;102.919;
1900-01-01 03:00:40;513.0;1745686840;99.869;102.044;95.18;102.997;
1900-01-01 03:00:41;514.0;1745686841;99.818;102.096;95.182;102.997;
1900-01-01 03:00:42;515.0;1745686842;99.857;102.099;95.182;103.068;
1900-01-01 03:00:43;516.0;1745686843;99.857;102.099;95.163;102.899;
1900-01-01 03:00:44;517.0;1745686844;99.821;102.213;95.307;102.899;
1900-01-01 03:00:45;518.0;1745686845;99.825;102.004;95.307;102.969;
1900-01-01 03:00:46;519.0;1745686846;99.825;102.004;95.267;102.902;
1900-01-01 03:00:47;520.0;1745686847;99.859;102.093;95.104;102.902;
1900-01-01 03:00:48;521.0;1745686848;99.813;102.093;95.104;102.901;
1900-01-01 03:00:49;522.0;1745686849;99.813;102.077;95.044;102.918;
1900-01-01 03:00:50;523.0;1745686850;99.904;102.112;95.044;102.918;
1900-01-01 03:00:51;524.0;1745686851;99.924;102.112;95.064;102.95;
1900-01-01 03:00:52;525.0;1745686852;99.924;102.024;95.086;102.972;
1900-01-01 03:00:53;526.0;1745686853;99.828;102.044;95.086;102.972;
1900-01-01 03:00:54;527.0;1745686854;99.817;102.044;95.202;102.944;
1900-01-01 03:00:55;528.0;1745686855;99.817;102.16;95.258;102.957;
1900-01-01 03:00:56;529.0;1745686856;99.814;102.216;95.258;102.957;
1900-01-01 03:00:57;530.0;1745686857;99.755;102.216;95.285;102.977;
1900-01-01 03:00:58;531.0;1745686858;99.755;102.223;95.212;102.973;
1900-01-01 03:00:59;532.0;1745686859;99.643;102.192;95.212;102.973;
1900-01-01 03:01:01;533.0;1745686861;99.554;102.192;95.275;102.967;
1900-01-01 03:01:01;534.0;1745686861;99.554;102.22;95.312;102.967;
1900-01-01 03:01:02;535.0;1745686862;99.708;102.235;95.312;102.921;
1900-01-01 03:01:03;536.0;1745686863;99.772;102.235;95.271;102.934;
1900-01-01 03:01:04;537.0;1745686864;99.772;102.275;95.164;102.934;
1900-01-01 03:01:05;538.0;1745686865;99.686;102.106;95.164;102.972;
1900-01-01 03:01:06;539.0;1745686866;99.677;102.106;95.038;103.044;
1900-01-01 03:01:07;540.0;1745686867;99.677;102.129;95.023;102.95;
1900-01-01 03:01:09;541.0;1745686869;99.694;102.159;95.023;102.95;
1900-01-01 03:01:09;542.0;1745686869;99.694;102.159;94.969;102.987;
1900-01-01 03:01:10;543.0;1745686870;99.684;102.111;95.031;102.987;
1900-01-01 03:01:11;544.0;1745686871;99.62;102.111;95.031;102.988;
1900-01-01 03:01:12;545.0;1745686872;99.62;102.154;94.939;103.0;
1900-01-01 03:01:13;546.0;1745686873;99.651;102.221;94.961;103.0;
1900-01-01 03:01:14;547.0;1745686874;99.576;102.221;94.961;103.029;
1900-01-01 03:01:15;548.0;1745686875;99.576;102.152;94.98;102.955;
1900-01-01 03:01:16;549.0;1745686876;99.649;102.211;94.974;102.955;
1900-01-01 03:01:17;550.0;1745686877;99.633;102.211;94.974;103.025;
1900-01-01 03:01:18;551.0;1745686878;99.633;102.135;95.047;102.937;
1900-01-01 03:01:19;552.0;1745686879;99.626;102.201;94.979;102.937;
1900-01-01 03:01:20;553.0;1745686880;99.586;102.201;94.979;102.971;
1900-01-01 03:01:21;554.0;1745686881;99.586;102.203;94.971;103.073;
1900-01-01 03:01:22;555.0;1745686882;99.582;102.189;94.971;103.073;
1900-01-01 03:01:24;556.0;1745686884;99.63;102.189;94.755;103.064;
1900-01-01 03:01:24;557.0;1745686884;99.63;102.147;94.682;103.064;
1900-01-01 03:01:25;558.0;1745686885;99.555;102.161;94.682;102.956;
1900-01-01 03:01:26;559.0;1745686886;99.565;102.161;94.666;102.999;
1900-01-01 03:01:27;560.0;1745686887;99.565;102.182;94.805;102.999;
1900-01-01 03:01:28;561.0;1745686888;99.559;102.188;94.805;102.971;
1900-01-01 03:01:29;562.0;1745686889;99.552;102.188;94.858;102.974;
1900-01-01 03:01:30;563.0;1745686890;99.552;102.056;94.904;102.974;
1900-01-01 03:01:31;564.0;1745686891;99.609;102.041;94.904;102.945;
1900-01-01 03:01:32;565.0;1745686892;99.609;102.041;94.95;103.04;
1900-01-01 03:01:33;566.0;1745686893;99.544;102.037;94.98;103.04;
1900-01-01 03:01:34;567.0;1745686894;99.476;102.093;94.98;102.912;
1900-01-01 03:01:35;568.0;1745686895;99.476;102.093;94.953;103.022;
1900-01-01 03:01:36;569.0;1745686896;99.478;102.107;95.015;103.022;
1900-01-01 03:01:37;570.0;1745686897;99.539;101.966;95.015;102.974;
1900-01-01 03:01:38;571.0;1745686898;99.539;101.966;94.899;102.872;
1900-01-01 03:01:39;572.0;1745686899;99.478;102.079;94.818;102.872;
1900-01-01 03:01:40;573.0;1745686900;99.409;102.079;94.818;102.953;
1900-01-01 03:01:41;574.0;1745686901;99.409;102.113;94.851;102.956;
1900-01-01 03:01:43;575.0;1745686903;99.44;101.965;94.843;102.956;
1900-01-01 03:01:43;576.0;1745686903;99.313;101.965;94.843;103.061;
1900-01-01 03:01:44;577.0;1745686904;99.313;102.03;94.733;102.911;
1900-01-01 03:01:45;578.0;1745686905;99.405;101.887;94.733;102.911;
1900-01-01 03:01:46;579.0;1745686906;99.405;101.887;94.769;102.946;
1900-01-01 03:01:47;580.0;1745686907;99.362;101.988;94.752;102.972;
1900-01-01 03:01:48;581.0;1745686908;99.344;102.065;94.752;102.972;
1900-01-01 03:01:49;582.0;1745686909;99.344;102.065;94.656;102.909;
1900-01-01 03:01:50;583.0;1745686910;99.429;102.036;94.769;102.909;
1900-01-01 03:01:51;584.0;1745686911;99.369;102.036;94.769;103.016;
1900-01-01 03:01:52;585.0;1745686912;99.369;102.055;94.774;102.998;
1900-01-01 03:01:53;586.0;1745686913;99.427;102.028;94.732;102.998;
1900-01-01 03:01:54;587.0;1745686914;99.479;102.028;94.732;103.021;
1900-01-01 03:01:55;588.0;1745686915;99.479;101.969;94.707;102.965;
1900-01-01 03:01:56;589.0;1745686916;99.41;101.951;94.707;102.965;
1900-01-01 03:01:57;590.0;1745686917;99.5;101.951;94.697;102.977;
1900-01-01 03:01:58;591.0;1745686918;99.5;102.023;94.724;103.012;
1900-01-01 03:01:59;592.0;1745686919;99.395;101.991;94.724;103.012;
1900-01-01 03:02:00;593.0;1745686920;99.496;101.991;94.679;103.014;
1900-01-01 03:02:01;594.0;1745686921;99.496;101.942;94.677;103.014;
1900-01-01 03:02:02;595.0;1745686922;99.515;101.927;94.677;103.014;
1900-01-01 03:02:03;596.0;1745686923;99.471;101.927;94.658;103.008;
1900-01-01 03:02:04;597.0;1745686924;99.471;101.983;94.674;102.965;
1900-01-01 03:02:05;598.0;1745686925;99.492;101.798;94.674;102.965;
1900-01-01 03:02:06;599.0;1745686926;99.617;101.798;94.695;102.892;
1900-01-01 03:02:07;600.0;1745686927;99.617;101.898;94.79;102.993;
1900-01-01 03:02:08;601.0;1745686928;99.475;101.939;94.79;102.993;
1900-01-01 03:02:09;602.0;1745686929;99.475;101.939;94.745;102.945;
1900-01-01 03:02:10;603.0;1745686930;99.576;101.961;94.706;103.014;
1900-01-01 03:02:11;604.0;1745686931;99.538;102.053;94.706;103.014;
1900-01-01 03:02:12;605.0;1745686932;99.538;102.053;94.7;102.934;
1900-01-01 03:02:13;606.0;1745686933;99.55;102.016;94.648;102.934;
1900-01-01 03:02:14;607.0;1745686934;99.586;101.953;94.648;102.949;
1900-01-01 03:02:15;608.0;1745686935;99.586;101.953;94.615;103.03;
1900-01-01 03:02:16;609.0;1745686936;99.423;101.997;94.71;103.03;
1900-01-01 03:02:18;610.0;1745686938;99.429;101.902;94.71;102.945;
1900-01-01 03:02:18;611.0;1745686938;99.429;101.902;94.706;102.95;
1900-01-01 03:02:19;612.0;1745686939;99.412;101.892;94.663;102.95;
1900-01-01 03:02:20;613.0;1745686940;99.293;101.892;94.663;103.005;
1900-01-01 03:02:21;614.0;1745686941;99.293;101.967;94.783;102.95;
1900-01-01 03:02:22;615.0;1745686942;99.259;101.96;94.758;102.95;
1900-01-01 03:02:23;616.0;1745686943;99.315;101.96;94.758;102.98;
1900-01-01 03:02:24;617.0;1745686944;99.315;101.957;94.867;102.899;
1900-01-01 03:02:25;618.0;1745686945;99.343;101.969;94.867;102.899;
1900-01-01 03:02:27;619.0;1745686947;99.299;101.969;94.815;102.987;
1900-01-01 03:02:27;620.0;1745686947;99.299;102.006;94.803;102.952;
1900-01-01 03:02:28;621.0;1745686948;99.334;101.941;94.803;102.952;
1900-01-01 03:02:29;622.0;1745686949;99.243;101.941;94.656;102.929;
1900-01-01 03:02:30;623.0;1745686950;99.243;101.911;94.517;102.929;
1900-01-01 03:02:31;624.0;1745686951;99.319;101.976;94.517;102.985;
1900-01-01 03:02:32;625.0;1745686952;99.312;101.976;94.564;102.95;
1900-01-01 03:02:33;626.0;1745686953;99.312;101.993;94.726;102.95;
1900-01-01 03:02:34;627.0;1745686954;99.3;101.972;94.726;102.946;
1900-01-01 03:02:35;628.0;1745686955;99.3;101.972;94.629;102.974;
1900-01-01 03:02:36;629.0;1745686956;99.287;102.038;94.713;102.974;
1900-01-01 03:02:37;630.0;1745686957;99.292;102.038;94.713;103.062;
1900-01-01 03:02:38;631.0;1745686958;99.292;101.981;94.694;103.033;
1900-01-01 03:02:39;632.0;1745686959;99.312;101.998;94.703;103.033;
1900-01-01 03:02:40;633.0;1745686960;99.284;102.081;94.703;102.972;
1900-01-01 03:02:42;634.0;1745686962;99.244;102.081;94.679;103.012;
1900-01-01 03:02:42;635.0;1745686962;99.244;101.973;94.619;103.012;
1900-01-01 03:02:43;636.0;1745686963;99.233;101.931;94.619;103.003;
1900-01-01 03:02:44;637.0;1745686964;99.233;101.931;94.636;102.895;
1900-01-01 03:02:45;638.0;1745686965;99.258;101.89;94.582;102.895;
1900-01-01 03:02:46;639.0;1745686966;99.274;101.89;94.582;102.923;
1900-01-01 03:02:47;640.0;1745686967;99.274;102.038;94.564;102.961;
1900-01-01 03:02:48;641.0;1745686968;99.309;102.001;94.512;102.961;
1900-01-01 03:02:49;642.0;1745686969;99.379;102.001;94.512;102.968;
1900-01-01 03:02:50;643.0;1745686970;99.379;101.903;94.512;102.948;
1900-01-01 03:02:51;644.0;1745686971;99.295;101.958;94.512;102.948;
1900-01-01 03:02:52;645.0;1745686972;99.362;101.958;94.472;103.032;
1900-01-01 03:02:53;646.0;1745686973;99.362;101.91;94.393;102.908;
1900-01-01 03:02:54;647.0;1745686974;99.358;101.949;94.393;102.908;
1900-01-01 03:02:55;648.0;1745686975;99.202;101.949;94.415;102.965;
1900-01-01 03:02:56;649.0;1745686976;99.202;101.875;94.352;102.974;
1900-01-01 03:02:57;650.0;1745686977;99.249;101.977;94.352;102.974;
1900-01-01 03:02:58;651.0;1745686978;99.249;101.977;94.318;102.956;
1900-01-01 03:02:59;652.0;1745686979;99.196;101.911;94.338;103.035;
1900-01-01 03:03:00;653.0;1745686980;99.216;101.889;94.338;103.035;
1900-01-01 03:03:01;654.0;1745686981;99.216;101.889;94.247;102.932;
1900-01-01 03:03:02;655.0;1745686982;99.244;101.886;94.239;102.932;
1900-01-01 03:03:03;656.0;1745686983;99.254;101.886;94.239;103.06;
1900-01-01 03:03:04;657.0;1745686984;99.254;101.7;94.222;103.084;
1900-01-01 03:03:05;658.0;1745686985;99.351;101.691;94.232;103.084;
1900-01-01 03:03:06;659.0;1745686986;99.323;101.691;94.232;102.912;
1900-01-01 03:03:07;660.0;1745686987;99.323;101.74;94.278;103.004;
1900-01-01 03:03:08;661.0;1745686988;99.303;101.616;94.316;103.004;
1900-01-01 03:03:09;662.0;1745686989;99.277;101.616;94.316;103.037;
1900-01-01 03:03:10;663.0;1745686990;99.277;101.651;94.435;103.005;
1900-01-01 03:03:11;664.0;1745686991;99.288;101.671;94.435;103.005;
1900-01-01 03:03:12;665.0;1745686992;99.239;101.671;94.411;103.013;
1900-01-01 03:03:13;666.0;1745686993;99.239;101.669;94.452;102.947;
1900-01-01 03:03:14;667.0;1745686994;99.283;101.72;94.409;102.947;
1900-01-01 03:03:15;668.0;1745686995;99.245;101.72;94.409;102.988;
1900-01-01 03:03:16;669.0;1745686996;99.245;101.722;94.303;102.966;
1900-01-01 03:03:17;670.0;1745686997;99.192;101.729;94.278;102.966;
1900-01-01 03:03:18;671.0;1745686998;99.1;101.729;94.278;103.012;
1900-01-01 03:03:19;672.0;1745686999;99.1;101.815;94.205;102.932;
1900-01-01 03:03:20;673.0;1745687000;99.234;101.888;94.205;102.932;
1900-01-01 03:03:21;674.0;1745687001;99.135;101.888;94.253;103.008;
1900-01-01 03:03:22;675.0;1745687002;99.135;101.726;94.275;103.033;
1900-01-01 03:03:23;676.0;1745687003;99.167;101.863;94.275;103.033;
1900-01-01 03:03:24;677.0;1745687004;99.099;101.863;94.362;102.963;
1900-01-01 03:03:25;678.0;1745687005;99.099;101.804;94.374;103.022;
1900-01-01 03:03:27;679.0;1745687007;99.049;101.844;94.374;103.022;
1900-01-01 03:03:27;680.0;1745687007;99.049;101.844;94.387;103.033;
1900-01-01 03:03:28;681.0;1745687008;98.94;101.844;94.269;103.033;
1900-01-01 03:03:29;682.0;1745687009;98.893;101.887;94.269;102.989;
1900-01-01 03:03:30;683.0;1745687010;98.893;101.887;94.235;103.038;
1900-01-01 03:03:31;684.0;1745687011;98.869;101.911;94.223;103.038;
1900-01-01 03:03:32;685.0;1745687012;98.981;101.885;94.223;102.979;
1900-01-01 03:03:33;686.0;1745687013;98.981;101.885;94.244;102.983;
1900-01-01 03:03:34;687.0;1745687014;99.023;101.855;94.221;102.983;
1900-01-01 03:03:35;688.0;1745687015;99.053;101.815;94.221;103.0;
1900-01-01 03:03:36;689.0;1745687016;99.053;101.815;94.238;103.003;
1900-01-01 03:03:37;690.0;1745687017;99.071;101.711;94.319;103.003;
1900-01-01 03:03:38;691.0;1745687018;99.043;101.711;94.319;103.057;
1900-01-01 03:03:39;692.0;1745687019;99.043;101.794;94.26;103.021;
1900-01-01 03:03:41;693.0;1745687021;99.21;101.756;94.245;103.021;
1900-01-01 03:03:41;694.0;1745687021;99.21;101.756;94.245;103.042;
1900-01-01 03:03:42;695.0;1745687022;99.174;101.753;94.253;102.907;
1900-01-01 03:03:43;696.0;1745687023;99.179;101.803;94.253;102.907;
1900-01-01 03:03:44;697.0;1745687024;99.179;101.803;94.202;102.959;
1900-01-01 03:03:45;698.0;1745687025;99.187;101.827;94.247;102.959;
1900-01-01 03:03:46;699.0;1745687026;99.146;101.843;94.247;103.008;
1900-01-01 03:03:47;700.0;1745687027;99.146;101.843;94.306;103.081;
1900-01-01 03:03:48;701.0;1745687028;99.238;101.873;94.303;103.081;
1900-01-01 03:03:49;702.0;1745687029;99.216;101.873;94.303;103.03;
1900-01-01 03:03:50;703.0;1745687030;99.216;101.862;94.264;102.976;
1900-01-01 03:03:51;704.0;1745687031;99.151;101.925;94.165;102.976;
1900-01-01 03:03:52;705.0;1745687032;99.156;101.845;94.165;103.004;
1900-01-01 03:03:53;706.0;1745687033;99.156;101.845;94.221;102.922;
1900-01-01 03:03:54;707.0;1745687034;99.116;101.91;94.191;102.922;
1900-01-01 03:03:55;708.0;1745687035;99.072;101.91;94.191;103.02;
1900-01-01 03:03:56;709.0;1745687036;99.072;101.791;94.226;103.06;
1900-01-01 03:03:57;710.0;1745687037;99.072;101.878;94.226;103.06;
1900-01-01 03:03:58;711.0;1745687038;99.002;101.878;94.113;103.058;
1900-01-01 03:03:59;712.0;1745687039;99.002;101.811;94.016;103.022;
1900-01-01 03:04:00;713.0;1745687040;98.933;101.81;93.925;103.022;
1900-01-01 03:04:01;714.0;1745687041;98.956;101.81;93.925;103.041;
1900-01-01 03:04:02;715.0;1745687042;98.956;101.811;93.986;102.955;
1900-01-01 03:04:03;716.0;1745687043;98.863;101.789;93.986;102.955;
1900-01-01 03:04:04;717.0;1745687044;98.82;101.789;94.029;103.03;
1900-01-01 03:04:05;718.0;1745687045;98.82;101.747;94.035;103.03;
1900-01-01 03:04:06;719.0;1745687046;98.844;101.873;94.035;102.988;
1900-01-01 03:04:07;720.0;1745687047;98.901;101.873;94.042;103.064;
1900-01-01 03:04:08;721.0;1745687048;98.901;101.773;94.053;103.044;
1900-01-01 03:04:09;722.0;1745687049;98.885;101.683;94.053;103.044;
1900-01-01 03:04:10;723.0;1745687050;98.885;101.683;94.09;102.959;
1900-01-01 03:04:11;724.0;1745687051;98.903;101.772;94.153;102.914;
1900-01-01 03:04:12;725.0;1745687052;99.013;101.813;94.153;102.914;
1900-01-01 03:04:13;726.0;1745687053;98.974;101.813;94.139;102.918;
1900-01-01 03:04:14;727.0;1745687054;98.974;101.758;94.158;102.918;
1900-01-01 03:04:15;728.0;1745687055;98.963;101.846;94.158;102.914;
1900-01-01 03:04:16;729.0;1745687056;98.963;101.846;94.168;102.969;
1900-01-01 03:04:17;730.0;1745687057;98.998;101.823;94.2;102.973;
1900-01-01 03:04:18;731.0;1745687058;98.973;101.709;94.2;102.973;
1900-01-01 03:04:19;732.0;1745687059;98.988;101.709;94.114;103.015;
1900-01-01 03:04:20;733.0;1745687060;98.988;101.691;94.15;103.015;
1900-01-01 03:04:21;734.0;1745687061;98.928;101.608;94.15;102.942;
1900-01-01 03:04:22;735.0;1745687062;98.881;101.608;94.177;103.086;
1900-01-01 03:04:23;736.0;1745687063;98.881;101.753;94.098;102.958;
1900-01-01 03:04:24;737.0;1745687064;98.978;101.753;94.098;102.958;
1900-01-01 03:04:25;738.0;1745687065;98.978;101.698;93.972;102.958;
1900-01-01 03:04:26;739.0;1745687066;98.885;101.537;94.091;102.958;
1900-01-01 03:04:27;740.0;1745687067;98.895;101.589;94.091;103.044;
1900-01-01 03:04:28;741.0;1745687068;98.92;101.589;93.992;102.97;
1900-01-01 03:04:29;742.0;1745687069;98.92;101.502;94.001;102.97;
1900-01-01 03:04:30;743.0;1745687070;98.952;101.626;94.001;102.934;
1900-01-01 03:04:31;744.0;1745687071;98.952;101.626;93.972;102.954;
1900-01-01 03:04:32;745.0;1745687072;98.91;101.647;94.012;102.954;
1900-01-01 03:04:33;746.0;1745687073;98.933;101.647;94.012;102.933;
1900-01-01 03:04:34;747.0;1745687074;98.933;101.66;93.97;102.904;
1900-01-01 03:04:36;748.0;1745687076;98.874;101.606;93.894;102.904;
1900-01-01 03:04:36;749.0;1745687076;98.816;101.606;93.894;102.947;
1900-01-01 03:04:37;750.0;1745687077;98.816;101.7;93.812;102.909;
1900-01-01 03:04:38;751.0;1745687078;98.797;101.72;93.812;102.909;
1900-01-01 03:04:39;752.0;1745687079;98.705;101.72;93.767;102.959;
1900-01-01 03:04:40;753.0;1745687080;98.705;101.645;93.794;102.967;
1900-01-01 03:04:41;754.0;1745687081;98.693;101.515;93.794;102.967;
1900-01-01 03:04:42;755.0;1745687082;98.747;101.515;93.739;102.987;
1900-01-01 03:04:43;756.0;1745687083;98.747;101.601;93.872;103.006;
1900-01-01 03:04:44;757.0;1745687084;98.754;101.613;93.872;103.006;
1900-01-01 03:04:45;758.0;1745687085;98.754;101.613;93.904;103.01;
1900-01-01 03:04:46;759.0;1745687086;98.769;101.585;93.862;102.973;
1900-01-01 03:04:47;760.0;1745687087;98.726;101.585;93.862;102.973;
1900-01-01 03:04:48;761.0;1745687088;98.726;101.581;93.764;102.997;
1900-01-01 03:04:49;762.0;1745687089;98.798;101.516;93.797;102.997;
1900-01-01 03:04:50;763.0;1745687090;98.79;101.516;93.797;102.924;
1900-01-01 03:04:51;764.0;1745687091;98.79;101.57;93.755;103.048;
1900-01-01 03:04:52;765.0;1745687092;98.721;101.582;93.755;103.048;
1900-01-01 03:04:53;766.0;1745687093;98.672;101.582;93.831;102.98;
1900-01-01 03:04:54;767.0;1745687094;98.672;101.573;93.821;102.935;
1900-01-01 03:04:55;768.0;1745687095;98.657;101.46;93.824;102.935;
1900-01-01 03:04:56;769.0;1745687096;98.641;101.496;93.824;103.004;
1900-01-01 03:04:57;770.0;1745687097;98.641;101.496;93.929;103.054;
1900-01-01 03:04:58;771.0;1745687098;98.56;101.482;93.961;103.054;
1900-01-01 03:04:59;772.0;1745687099;98.639;101.482;93.961;103.038;
1900-01-01 03:05:01;773.0;1745687101;98.639;101.602;93.964;103.067;
1900-01-01 03:05:01;774.0;1745687101;98.73;101.458;93.964;103.067;
1900-01-01 03:05:02;775.0;1745687102;98.695;101.458;93.892;102.978;
1900-01-01 03:05:03;776.0;1745687103;98.695;101.493;93.907;102.913;
1900-01-01 03:05:04;777.0;1745687104;98.684;101.551;93.907;102.913;
1900-01-01 03:05:05;778.0;1745687105;98.636;101.551;93.825;102.974;
1900-01-01 03:05:06;779.0;1745687106;98.636;101.366;93.761;102.974;
1900-01-01 03:05:07;780.0;1745687107;98.629;101.4;93.761;103.02;
1900-01-01 03:05:08;781.0;1745687108;98.637;101.4;93.721;102.968;
1900-01-01 03:05:09;782.0;1745687109;98.637;101.528;93.704;102.968;
1900-01-01 03:05:10;783.0;1745687110;98.613;101.489;93.704;102.988;
1900-01-01 03:05:11;784.0;1745687111;98.587;101.489;93.708;102.992;
1900-01-01 03:05:12;785.0;1745687112;98.587;101.577;93.665;102.992;
1900-01-01 03:05:13;786.0;1745687113;98.658;101.551;93.665;103.028;
1900-01-01 03:05:14;787.0;1745687114;98.704;101.551;93.583;103.005;
1900-01-01 03:05:15;788.0;1745687115;98.704;101.516;93.604;103.005;
1900-01-01 03:05:16;789.0;1745687116;98.73;101.481;93.604;103.062;
1900-01-01 03:05:17;790.0;1745687117;98.73;101.481;93.638;102.958;
1900-01-01 03:05:18;791.0;1745687118;98.653;101.488;93.675;102.958;
1900-01-01 03:05:19;792.0;1745687119;98.649;101.518;93.675;102.943;
1900-01-01 03:05:20;793.0;1745687120;98.649;101.518;93.747;102.964;
1900-01-01 03:05:21;794.0;1745687121;98.643;101.529;93.893;102.964;
1900-01-01 03:05:22;795.0;1745687122;98.649;101.529;93.893;102.962;
1900-01-01 03:05:23;796.0;1745687123;98.649;101.478;93.813;102.961;
1900-01-01 03:05:24;797.0;1745687124;98.609;101.541;93.813;102.961;
1900-01-01 03:05:25;798.0;1745687125;98.574;101.541;93.813;103.024;
1900-01-01 03:05:26;799.0;1745687126;98.574;101.583;93.729;102.935;
1900-01-01 03:05:27;800.0;1745687127;98.58;101.51;93.766;102.935;
1900-01-01 03:05:28;801.0;1745687128;98.66;101.51;93.766;102.981;
1900-01-01 03:05:29;802.0;1745687129;98.66;101.528;93.751;103.081;
1900-01-01 03:05:30;803.0;1745687130;98.675;101.513;93.751;103.081;
1900-01-01 03:05:31;804.0;1745687131;98.631;101.513;93.515;102.977;
1900-01-01 03:05:32;805.0;1745687132;98.631;101.555;93.524;103.021;
1900-01-01 03:05:33;806.0;1745687133;98.634;101.541;93.524;103.021;
1900-01-01 03:05:34;807.0;1745687134;98.684;101.541;93.375;102.94;
1900-01-01 03:05:35;808.0;1745687135;98.684;101.592;93.239;102.963;
1900-01-01 03:05:36;809.0;1745687136;98.657;101.6;93.239;102.963;
1900-01-01 03:05:37;810.0;1745687137;98.657;101.6;93.243;103.044;
1900-01-01 03:05:38;811.0;1745687138;98.565;101.575;93.413;103.044;
1900-01-01 03:05:39;812.0;1745687139;98.583;101.599;93.413;103.007;
1900-01-01 03:05:40;813.0;1745687140;98.583;101.599;93.441;103.039;
1900-01-01 03:05:41;814.0;1745687141;98.659;101.561;93.408;103.039;
1900-01-01 03:05:42;815.0;1745687142;98.615;101.561;93.408;103.043;
1900-01-01 03:05:43;816.0;1745687143;98.615;101.635;93.449;103.01;
1900-01-01 03:05:45;817.0;1745687145;98.58;101.462;93.38;103.01;
1900-01-01 03:05:45;818.0;1745687145;98.57;101.462;93.38;103.042;
1900-01-01 03:05:46;819.0;1745687146;98.57;101.564;93.306;102.942;
1900-01-01 03:05:47;820.0;1745687147;98.554;101.571;93.292;102.942;
1900-01-01 03:05:48;821.0;1745687148;98.613;101.571;93.292;103.014;
1900-01-01 03:05:49;822.0;1745687149;98.613;101.485;93.332;102.978;
1900-01-01 03:05:50;823.0;1745687150;98.527;101.461;93.33;102.978;
1900-01-01 03:05:52;824.0;1745687152;98.535;101.461;93.33;102.984;
1900-01-01 03:05:52;825.0;1745687152;98.535;101.428;93.35;103.027;
1900-01-01 03:05:53;826.0;1745687153;98.505;101.495;93.35;103.027;
1900-01-01 03:05:55;827.0;1745687155;98.429;101.495;93.418;103.069;
1900-01-01 03:05:55;828.0;1745687155;98.429;101.436;93.434;103.069;
1900-01-01 03:05:56;829.0;1745687156;98.413;101.465;93.434;102.985;
1900-01-01 03:05:57;830.0;1745687157;98.387;101.465;93.412;103.024;
1900-01-01 03:05:58;831.0;1745687158;98.387;101.43;93.482;103.024;
1900-01-01 03:05:59;832.0;1745687159;98.455;101.491;93.482;103.019;
1900-01-01 03:06:00;833.0;1745687160;98.455;101.491;93.401;103.004;
1900-01-01 03:06:01;834.0;1745687161;98.382;101.526;93.51;103.004;
1900-01-01 03:06:02;835.0;1745687162;98.429;101.526;93.51;103.087;
1900-01-01 03:06:03;836.0;1745687163;98.429;101.495;93.372;103.027;
1900-01-01 03:06:04;837.0;1745687164;98.405;101.363;93.305;103.027;
1900-01-01 03:06:05;838.0;1745687165;98.442;101.42;93.305;102.963;
1900-01-01 03:06:06;839.0;1745687166;98.442;101.42;93.241;103.056;
1900-01-01 03:06:07;840.0;1745687167;98.423;101.492;93.159;103.056;
1900-01-01 03:06:08;841.0;1745687168;98.46;101.492;93.159;103.046;
1900-01-01 03:06:09;842.0;1745687169;98.46;101.491;93.024;103.057;
1900-01-01 03:06:10;843.0;1745687170;98.471;101.382;93.003;103.057;
1900-01-01 03:06:11;844.0;1745687171;98.393;101.382;93.003;103.034;
1900-01-01 03:06:12;845.0;1745687172;98.393;101.419;92.953;103.024;
1900-01-01 03:06:14;846.0;1745687174;98.374;101.406;92.947;103.024;
1900-01-01 03:06:14;847.0;1745687174;98.41;101.406;92.947;103.054;
1900-01-01 03:06:15;848.0;1745687175;98.41;101.353;93.037;102.975;
1900-01-01 03:06:16;849.0;1745687176;98.276;101.309;93.098;102.975;
1900-01-01 03:06:17;850.0;1745687177;98.215;101.309;93.098;103.014;
1900-01-01 03:06:18;851.0;1745687178;98.215;101.459;93.074;102.984;
1900-01-01 03:06:19;852.0;1745687179;98.126;101.363;93.074;102.984;
1900-01-01 03:06:20;853.0;1745687180;98.191;101.363;93.125;103.026;
1900-01-01 03:06:21;854.0;1745687181;98.191;101.408;93.177;103.026;
1900-01-01 03:06:22;855.0;1745687182;98.146;101.35;93.177;103.09;
1900-01-01 03:06:23;856.0;1745687183;98.06;101.35;93.14;103.014;
1900-01-01 03:06:24;857.0;1745687184;98.06;101.427;93.049;103.014;
1900-01-01 03:06:25;858.0;1745687185;98.116;101.455;93.049;103.098;
1900-01-01 03:06:27;859.0;1745687187;98.172;101.455;93.113;103.019;
1900-01-01 03:06:27;860.0;1745687187;98.172;101.401;93.086;103.019;
1900-01-01 03:06:28;861.0;1745687188;98.043;101.339;93.086;103.07;
1900-01-01 03:06:29;862.0;1745687189;98.043;101.339;93.091;102.933;
1900-01-01 03:06:30;863.0;1745687190;98.035;101.399;93.085;102.933;
1900-01-01 03:06:31;864.0;1745687191;97.982;101.399;93.085;103.017;
1900-01-01 03:06:32;865.0;1745687192;97.982;101.366;93.119;102.966;
1900-01-01 03:06:33;866.0;1745687193;98.007;101.313;93.119;102.966;
1900-01-01 03:06:34;867.0;1745687194;97.958;101.313;93.145;102.964;
1900-01-01 03:06:35;868.0;1745687195;97.958;101.376;93.111;103.013;
1900-01-01 03:06:36;869.0;1745687196;98.001;101.399;93.069;103.013;
1900-01-01 03:06:37;870.0;1745687197;98.005;101.399;93.069;103.001;
1900-01-01 03:06:38;871.0;1745687198;98.005;101.278;92.917;103.004;
1900-01-01 03:06:39;872.0;1745687199;98.017;101.384;92.982;103.004;
1900-01-01 03:06:40;873.0;1745687200;97.908;101.384;92.982;103.106;
1900-01-01 03:06:41;874.0;1745687201;97.908;101.266;93.007;102.912;
1900-01-01 03:06:42;875.0;1745687202;97.913;101.317;93.007;102.912;
1900-01-01 03:06:43;876.0;1745687203;97.892;101.317;92.94;103.046;
1900-01-01 03:06:44;877.0;1745687204;97.892;101.328;92.872;102.998;
1900-01-01 03:06:45;878.0;1745687205;97.902;101.301;92.872;102.998;
1900-01-01 03:06:46;879.0;1745687206;97.904;101.301;92.809;103.083;
1900-01-01 03:06:47;880.0;1745687207;97.904;101.33;92.778;103.081;
1900-01-01 03:06:48;881.0;1745687208;97.885;101.263;92.778;103.081;
1900-01-01 03:06:49;882.0;1745687209;97.933;101.263;92.824;103.023;
1900-01-01 03:06:50;883.0;1745687210;97.933;101.284;92.879;103.023;
1900-01-01 03:06:51;884.0;1745687211;97.922;101.31;92.879;103.113;
1900-01-01 03:06:53;885.0;1745687213;97.918;101.31;92.885;103.019;
1900-01-01 03:06:53;886.0;1745687213;97.918;101.258;92.858;103.019;
1900-01-01 03:06:54;887.0;1745687214;97.841;101.258;92.858;103.069;
1900-01-01 03:06:55;888.0;1745687215;97.841;101.238;92.77;103.063;
1900-01-01 03:06:57;889.0;1745687217;97.86;101.171;92.763;103.063;
1900-01-01 03:06:57;890.0;1745687217;97.888;101.171;92.763;103.068;
1900-01-01 03:06:58;891.0;1745687218;97.888;101.245;92.793;103.066;
1900-01-01 03:06:59;892.0;1745687219;97.9;101.27;92.803;103.066;
1900-01-01 03:07:00;893.0;1745687220;97.984;101.27;92.803;103.01;
1900-01-01 03:07:01;894.0;1745687221;97.984;101.226;92.838;103.119;
1900-01-01 03:07:02;895.0;1745687222;97.909;101.256;92.838;103.119;
1900-01-01 03:07:04;896.0;1745687224;97.898;101.256;92.897;102.93;
1900-01-01 03:07:04;897.0;1745687224;97.898;101.259;92.945;103.035;
1900-01-01 03:07:06;898.0;1745687226;97.893;101.196;92.945;103.035;
1900-01-01 03:07:06;899.0;1745687226;97.893;101.196;92.957;103.119;
1900-01-01 03:07:07;900.0;1745687227;97.88;101.221;92.946;103.042;
1900-01-01 03:07:08;901.0;1745687228;97.827;101.221;92.946;103.042;
1900-01-01 03:07:09;902.0;1745687229;97.827;101.209;92.935;103.095;
1900-01-01 03:07:10;903.0;1745687230;97.862;101.218;92.881;103.095;
1900-01-01 03:07:12;904.0;1745687232;97.799;101.225;92.881;103.083;
1900-01-01 03:07:12;905.0;1745687232;97.799;101.225;92.796;103.041;
1900-01-01 03:07:13;906.0;1745687233;97.813;101.29;92.763;103.041;
1900-01-01 03:07:14;907.0;1745687234;97.749;101.218;92.763;103.1;
1900-01-01 03:07:15;908.0;1745687235;97.749;101.218;92.664;103.026;
1900-01-01 03:07:16;909.0;1745687236;97.731;101.219;92.569;103.026;
1900-01-01 03:07:17;910.0;1745687237;97.737;101.219;92.569;103.095;
1900-01-01 03:07:18;911.0;1745687238;97.737;101.24;92.565;103.041;
1900-01-01 03:07:19;912.0;1745687239;97.649;101.266;92.727;103.041;
1900-01-01 03:07:20;913.0;1745687240;97.675;101.266;92.727;103.02;
1900-01-01 03:07:21;914.0;1745687241;97.675;101.273;92.769;102.989;
1900-01-01 03:07:23;915.0;1745687243;97.66;101.285;92.849;102.989;
1900-01-01 03:07:23;916.0;1745687243;97.675;101.285;92.849;103.014;
1900-01-01 03:07:24;917.0;1745687244;97.675;101.29;92.736;103.017;
1900-01-01 03:07:25;918.0;1745687245;97.654;101.242;92.702;103.017;
1900-01-01 03:07:26;919.0;1745687246;97.675;101.242;92.702;103.023;
1900-01-01 03:07:27;920.0;1745687247;97.675;101.268;92.711;103.029;
1900-01-01 03:07:28;921.0;1745687248;97.642;101.184;92.711;103.029;
1900-01-01 03:07:29;922.0;1745687249;97.728;101.184;92.634;103.044;
1900-01-01 03:07:30;923.0;1745687250;97.728;101.106;92.688;102.987;
1900-01-01 03:07:31;924.0;1745687251;97.608;101.178;92.688;102.987;
1900-01-01 03:07:32;925.0;1745687252;97.608;101.178;92.649;102.995;
1900-01-01 03:07:33;926.0;1745687253;97.536;101.198;92.682;103.065;
1900-01-01 03:07:34;927.0;1745687254;97.603;101.249;92.682;103.065;
1900-01-01 03:07:35;928.0;1745687255;97.603;101.249;92.603;102.982;
1900-01-01 03:07:36;929.0;1745687256;97.541;101.11;92.598;102.982;
1900-01-01 03:07:37;930.0;1745687257;97.554;101.134;92.598;103.051;
1900-01-01 03:07:38;931.0;1745687258;97.582;101.134;92.648;103.068;
1900-01-01 03:07:39;932.0;1745687259;97.582;101.207;92.723;103.068;
1900-01-01 03:07:40;933.0;1745687260;97.525;101.241;92.723;103.042;
1900-01-01 03:07:41;934.0;1745687261;97.525;101.241;92.65;102.986;
1900-01-01 03:07:42;935.0;1745687262;97.49;101.258;92.641;102.986;
1900-01-01 03:07:43;936.0;1745687263;97.498;101.258;92.641;102.957;
1900-01-01 03:07:44;937.0;1745687264;97.498;101.283;92.692;103.002;
1900-01-01 03:07:45;938.0;1745687265;97.466;101.261;92.692;103.002;
1900-01-01 03:07:46;939.0;1745687266;97.469;101.261;92.71;102.926;
1900-01-01 03:07:47;940.0;1745687267;97.469;101.263;92.642;103.035;
1900-01-01 03:07:48;941.0;1745687268;97.405;101.19;92.642;103.035;
1900-01-01 03:07:49;942.0;1745687269;97.403;101.19;92.649;102.922;
1900-01-01 03:07:50;943.0;1745687270;97.403;101.238;92.66;102.922;
1900-01-01 03:07:51;944.0;1745687271;97.379;101.158;92.66;102.987;
1900-01-01 03:07:52;945.0;1745687272;97.417;101.158;92.744;102.952;
1900-01-01 03:07:53;946.0;1745687273;97.417;101.145;92.691;102.966;
1900-01-01 03:07:54;947.0;1745687274;97.42;101.139;92.691;102.966;
1900-01-01 03:07:55;948.0;1745687275;97.42;101.139;92.662;103.108;
1900-01-01 03:07:56;949.0;1745687276;97.377;101.161;92.676;103.108;
1900-01-01 03:07:57;950.0;1745687277;97.417;101.082;92.676;102.996;
1900-01-01 03:07:58;951.0;1745687278;97.417;101.082;92.634;103.059;
1900-01-01 03:07:59;952.0;1745687279;97.392;101.168;92.583;103.059;
1900-01-01 03:08:00;953.0;1745687280;97.364;101.17;92.583;102.982;
1900-01-01 03:08:01;954.0;1745687281;97.364;101.17;92.508;102.939;
1900-01-01 03:08:02;955.0;1745687282;97.3;101.192;92.509;102.939;
1900-01-01 03:08:03;956.0;1745687283;97.347;101.28;92.509;102.949;
1900-01-01 03:08:04;957.0;1745687284;97.347;101.28;92.41;103.023;
1900-01-01 03:08:05;958.0;1745687285;97.308;101.253;92.362;103.023;
1900-01-01 03:08:06;959.0;1745687286;97.296;101.253;92.362;103.025;
1900-01-01 03:08:07;960.0;1745687287;97.296;101.183;92.399;103.134;
1900-01-01 03:08:08;961.0;1745687288;97.286;101.323;92.399;103.134;
1900-01-01 03:08:09;962.0;1745687289;97.361;101.323;92.342;103.104;
1900-01-01 03:08:10;963.0;1745687290;97.361;101.167;92.399;103.104;
1900-01-01 03:08:11;964.0;1745687291;97.26;101.121;92.399;102.983;
1900-01-01 03:08:12;965.0;1745687292;97.263;101.121;92.297;103.049;
1900-01-01 03:08:13;966.0;1745687293;97.263;101.029;92.258;103.049;
1900-01-01 03:08:14;967.0;1745687294;97.181;101.07;92.258;102.908;
1900-01-01 03:08:15;968.0;1745687295;97.181;101.07;92.18;102.955;
1900-01-01 03:08:16;969.0;1745687296;97.265;100.942;92.167;102.955;
1900-01-01 03:08:17;970.0;1745687297;97.249;100.942;92.167;103.03;
1900-01-01 03:08:18;971.0;1745687298;97.249;101.029;92.211;102.99;
1900-01-01 03:08:20;972.0;1745687300;97.291;100.99;92.192;102.99;
1900-01-01 03:08:20;973.0;1745687300;97.198;100.99;92.192;102.993;
1900-01-01 03:08:21;974.0;1745687301;97.198;100.991;92.237;103.02;
1900-01-01 03:08:22;975.0;1745687302;97.189;100.945;92.241;103.02;
1900-01-01 03:08:23;976.0;1745687303;97.085;100.945;92.241;103.073;
1900-01-01 03:08:24;977.0;1745687304;97.085;101.017;92.333;102.963;
1900-01-01 03:08:25;978.0;1745687305;97.093;100.974;92.277;102.963;
1900-01-01 03:08:26;979.0;1745687306;97.116;100.974;92.277;102.964;
1900-01-01 03:08:27;980.0;1745687307;97.116;100.912;92.313;102.999;
1900-01-01 03:08:28;981.0;1745687308;96.992;100.952;92.284;102.999;
1900-01-01 03:08:29;982.0;1745687309;97.032;100.952;92.284;102.995;
1900-01-01 03:08:30;983.0;1745687310;97.032;101.043;92.282;102.983;
1900-01-01 03:08:31;984.0;1745687311;97.044;100.959;92.282;102.983;
1900-01-01 03:08:32;985.0;1745687312;97.022;100.959;92.285;102.958;
1900-01-01 03:08:33;986.0;1745687313;97.022;101.05;92.325;103.053;
1900-01-01 03:08:34;987.0;1745687314;96.959;101.045;92.325;103.053;
1900-01-01 03:08:35;988.0;1745687315;96.977;101.045;92.256;103.042;
1900-01-01 03:08:36;989.0;1745687316;96.977;101.102;92.145;103.042;
1900-01-01 03:08:37;990.0;1745687317;97.035;101.035;92.145;103.045;
1900-01-01 03:08:38;991.0;1745687318;96.985;101.035;92.059;102.977;
1900-01-01 03:08:39;992.0;1745687319;96.985;101.025;92.009;102.977;
1900-01-01 03:08:40;993.0;1745687320;96.957;101.095;92.009;103.096;
1900-01-01 03:08:41;994.0;1745687321;96.957;101.095;91.987;102.993;
1900-01-01 03:08:42;995.0;1745687322;96.921;100.995;92.183;102.993;
1900-01-01 03:08:43;996.0;1745687323;96.957;100.995;92.183;103.039;
1900-01-01 03:08:44;997.0;1745687324;96.957;100.945;92.153;103.011;
1900-01-01 03:08:45;998.0;1745687325;96.902;100.959;92.126;103.011;
1900-01-01 03:08:46;999.0;1745687326;96.921;100.959;92.126;103.024;
1900-01-01 03:08:47;1000.0;1745687327;96.921;101.019;92.082;103.056;
1900-01-01 03:08:48;1001.0;1745687328;96.932;100.983;92.094;103.056;
1900-01-01 03:08:49;1002.0;1745687329;96.885;100.983;92.094;103.121;
1900-01-01 03:08:50;1003.0;1745687330;96.885;101.01;92.083;103.072;
1900-01-01 03:08:51;1004.0;1745687331;96.853;101.006;92.083;103.072;
1900-01-01 03:08:52;1005.0;1745687332;96.852;101.006;92.028;103.024;
1900-01-01 03:08:53;1006.0;1745687333;96.852;100.988;92.077;103.024;
1900-01-01 03:08:54;1007.0;1745687334;96.769;101.018;92.077;103.022;
1900-01-01 03:08:55;1008.0;1745687335;96.68;101.018;92.141;102.997;
1900-01-01 03:08:56;1009.0;1745687336;96.68;100.89;92.138;102.997;
1900-01-01 03:08:57;1010.0;1745687337;96.634;100.975;92.138;103.024;
1900-01-01 03:08:58;1011.0;1745687338;96.634;100.975;92.049;102.993;
1900-01-01 03:08:59;1012.0;1745687339;96.605;100.947;92.003;102.993;
1900-01-01 03:09:00;1013.0;1745687340;96.495;100.947;92.003;102.978;
1900-01-01 03:09:01;1014.0;1745687341;96.495;100.909;91.801;102.965;
1900-01-01 03:09:02;1015.0;1745687342;96.395;100.945;91.654;102.965;
1900-01-01 03:09:03;1016.0;1745687343;96.445;100.945;91.654;102.921;
1900-01-01 03:09:04;1017.0;1745687344;96.445;100.932;91.573;103.026;
1900-01-01 03:09:05;1018.0;1745687345;96.473;100.905;91.586;103.026;
1900-01-01 03:09:06;1019.0;1745687346;96.415;100.858;91.586;103.054;
1900-01-01 03:09:07;1020.0;1745687347;96.415;100.858;91.627;103.071;
1900-01-01 03:09:08;1021.0;1745687348;96.414;100.899;91.627;103.071;
1900-01-01 03:09:09;1022.0;1745687349;96.417;100.899;91.646;102.943;
1900-01-01 03:09:10;1023.0;1745687350;96.417;100.839;91.782;103.076;
1900-01-01 03:09:11;1024.0;1745687351;96.439;100.919;91.779;103.076;
1900-01-01 03:09:12;1025.0;1745687352;96.411;100.919;91.779;103.0;
1900-01-01 03:09:13;1026.0;1745687353;96.411;100.852;91.992;102.94;
1900-01-01 03:09:14;1027.0;1745687354;96.327;100.843;92.04;102.94;
1900-01-01 03:09:15;1028.0;1745687355;96.288;100.987;92.04;103.094;
1900-01-01 03:09:16;1029.0;1745687356;96.288;100.987;92.138;103.063;
1900-01-01 03:09:17;1030.0;1745687357;96.294;100.887;92.135;103.063;
1900-01-01 03:09:18;1031.0;1745687358;96.264;100.887;92.135;103.046;
1900-01-01 03:09:19;1032.0;1745687359;96.264;100.9;92.16;103.092;
1900-01-01 03:09:20;1033.0;1745687360;96.311;100.76;92.063;103.092;
1900-01-01 03:09:21;1034.0;1745687361;96.357;100.814;92.063;103.041;
1900-01-01 03:09:22;1035.0;1745687362;96.357;100.814;91.835;103.066;
1900-01-01 03:09:23;1036.0;1745687363;96.306;100.725;91.805;103.066;
1900-01-01 03:09:24;1037.0;1745687364;96.364;100.725;91.805;103.007;
1900-01-01 03:09:25;1038.0;1745687365;96.364;100.752;91.684;103.144;
1900-01-01 03:09:27;1039.0;1745687367;96.293;100.735;91.589;103.144;
1900-01-01 03:09:27;1040.0;1745687367;96.34;100.735;91.589;103.033;
1900-01-01 03:09:28;1041.0;1745687368;96.34;100.737;91.737;103.09;
1900-01-01 03:09:29;1042.0;1745687369;96.374;100.846;91.759;103.09;
1900-01-01 03:09:30;1043.0;1745687370;96.397;100.846;91.759;103.023;
1900-01-01 03:09:31;1044.0;1745687371;96.397;100.809;91.91;102.999;
1900-01-01 03:09:32;1045.0;1745687372;96.445;100.787;91.876;102.999;
1900-01-01 03:09:33;1046.0;1745687373;96.377;100.787;91.876;103.019;
1900-01-01 03:09:34;1047.0;1745687374;96.377;100.911;91.859;102.955;
1900-01-01 03:09:35;1048.0;1745687375;96.36;100.908;91.859;102.955;
1900-01-01 03:09:36;1049.0;1745687376;96.374;100.908;91.844;102.926;
1900-01-01 03:09:37;1050.0;1745687377;96.374;100.88;91.858;103.013;
1900-01-01 03:09:38;1051.0;1745687378;96.337;100.939;91.798;103.013;
1900-01-01 03:09:39;1052.0;1745687379;96.26;100.939;91.798;103.03;
1900-01-01 03:09:40;1053.0;1745687380;96.26;100.946;91.778;103.104;
1900-01-01 03:09:41;1054.0;1745687381;96.292;100.964;91.667;103.104;
1900-01-01 03:09:42;1055.0;1745687382;96.302;100.964;91.667;103.049;
1900-01-01 03:09:43;1056.0;1745687383;96.302;100.815;91.657;103.067;
1900-01-01 03:09:44;1057.0;1745687384;96.281;100.836;91.657;103.067;
1900-01-01 03:09:45;1058.0;1745687385;96.281;100.836;91.645;103.075;
1900-01-01 03:09:46;1059.0;1745687386;96.28;100.729;91.613;103.075;
1900-01-01 03:09:47;1060.0;1745687387;96.247;100.823;91.613;103.069;
1900-01-01 03:09:48;1061.0;1745687388;96.206;100.823;91.698;103.082;
1900-01-01 03:09:49;1062.0;1745687389;96.206;100.772;91.689;103.082;
1900-01-01 03:09:50;1063.0;1745687390;96.226;100.725;91.689;103.022;
1900-01-01 03:09:51;1064.0;1745687391;96.226;100.725;91.676;103.046;
1900-01-01 03:09:52;1065.0;1745687392;96.154;100.729;91.683;103.046;
1900-01-01 03:09:53;1066.0;1745687393;96.15;100.84;91.683;103.014;
1900-01-01 03:09:54;1067.0;1745687394;96.15;100.84;91.598;103.075;
1900-01-01 03:09:55;1068.0;1745687395;96.101;100.822;91.58;103.075;
1900-01-01 03:09:56;1069.0;1745687396;96.075;100.822;91.58;103.078;
1900-01-01 03:09:57;1070.0;1745687397;96.075;100.783;91.391;103.038;
1900-01-01 03:09:58;1071.0;1745687398;96.122;100.677;91.3;103.038;
1900-01-01 03:09:59;1072.0;1745687399;96.029;100.677;91.3;103.058;
1900-01-01 03:10:00;1073.0;1745687400;96.029;100.752;91.258;103.095;
1900-01-01 03:10:01;1074.0;1745687401;95.991;100.745;91.258;103.095;
1900-01-01 03:10:02;1075.0;1745687402;95.989;100.745;91.255;103.017;
1900-01-01 03:10:03;1076.0;1745687403;95.989;100.841;91.23;103.017;
1900-01-01 03:10:04;1077.0;1745687404;96.009;100.814;91.23;102.991;
1900-01-01 03:10:05;1078.0;1745687405;95.967;100.814;91.251;102.945;
1900-01-01 03:10:06;1079.0;1745687406;95.967;100.83;91.359;103.069;
1900-01-01 03:10:07;1080.0;1745687407;95.992;100.829;91.359;103.069;
1900-01-01 03:10:08;1081.0;1745687408;95.992;100.829;91.368;103.05;
1900-01-01 03:10:09;1082.0;1745687409;95.995;100.797;91.434;103.05;
1900-01-01 03:10:10;1083.0;1745687410;95.993;100.899;91.434;102.995;
1900-01-01 03:10:12;1084.0;1745687412;95.937;100.899;91.332;103.067;
1900-01-01 03:10:12;1085.0;1745687412;95.937;100.819;91.297;103.067;
1900-01-01 03:10:13;1086.0;1745687413;95.996;100.875;91.297;103.012;
1900-01-01 03:10:14;1087.0;1745687414;95.996;100.875;91.385;103.025;
1900-01-01 03:10:15;1088.0;1745687415;95.98;100.822;91.315;103.025;
1900-01-01 03:10:16;1089.0;1745687416;96.006;100.777;91.315;103.01;
1900-01-01 03:10:17;1090.0;1745687417;96.006;100.777;91.431;103.026;
1900-01-01 03:10:18;1091.0;1745687418;96.083;100.766;91.394;103.026;
1900-01-01 03:10:19;1092.0;1745687419;96.0;100.766;91.394;103.047;
1900-01-01 03:10:20;1093.0;1745687420;96.0;100.769;91.33;103.117;
1900-01-01 03:10:21;1094.0;1745687421;96.108;100.756;91.398;103.117;
1900-01-01 03:10:22;1095.0;1745687422;96.047;100.756;91.398;103.097;
1900-01-01 03:10:23;1096.0;1745687423;96.047;100.842;91.398;103.064;
1900-01-01 03:10:24;1097.0;1745687424;96.015;100.752;91.398;103.064;
1900-01-01 03:10:25;1098.0;1745687425;95.977;100.752;91.451;103.017;
1900-01-01 03:10:26;1099.0;1745687426;95.977;100.761;91.487;103.017;
1900-01-01 03:10:27;1100.0;1745687427;96.0;100.769;91.487;103.087;
1900-01-01 03:10:28;1101.0;1745687428;95.901;100.769;91.356;103.127;
1900-01-01 03:10:29;1102.0;1745687429;95.901;100.695;91.423;103.127;
1900-01-01 03:10:30;1103.0;1745687430;95.9;100.709;91.423;103.123;
1900-01-01 03:10:31;1104.0;1745687431;95.848;100.709;91.423;103.06;
1900-01-01 03:10:32;1105.0;1745687432;95.848;100.584;91.446;103.06;
1900-01-01 03:10:33;1106.0;1745687433;95.862;100.584;91.446;102.99;
1900-01-01 03:10:34;1107.0;1745687434;95.862;100.624;91.439;103.048;
1900-01-01 03:10:35;1108.0;1745687435;95.844;100.665;91.322;103.048;
1900-01-01 03:10:36;1109.0;1745687436;95.817;100.635;91.322;103.045;
1900-01-01 03:10:37;1110.0;1745687437;95.817;100.635;91.269;103.007;
1900-01-01 03:10:38;1111.0;1745687438;95.638;100.703;91.201;103.007;
1900-01-01 03:10:39;1112.0;1745687439;95.663;100.633;91.201;103.018;
1900-01-01 03:10:40;1113.0;1745687440;95.663;100.633;91.175;103.077;
1900-01-01 03:10:41;1114.0;1745687441;95.669;100.534;91.12;103.077;
1900-01-01 03:10:42;1115.0;1745687442;95.573;100.534;91.12;103.069;
1900-01-01 03:10:43;1116.0;1745687443;95.573;100.485;91.058;103.121;
1900-01-01 03:10:45;1117.0;1745687445;95.611;100.491;91.038;103.121;
1900-01-01 03:10:45;1118.0;1745687445;95.612;100.491;91.038;102.999;
1900-01-01 03:10:46;1119.0;1745687446;95.612;100.529;90.936;103.111;
1900-01-01 03:10:47;1120.0;1745687447;95.608;100.398;90.936;103.111;
1900-01-01 03:10:48;1121.0;1745687448;95.591;100.398;90.87;103.11;
1900-01-01 03:10:49;1122.0;1745687449;95.591;100.498;90.781;103.09;
1900-01-01 03:10:50;1123.0;1745687450;95.586;100.552;90.781;103.09;
1900-01-01 03:10:51;1124.0;1745687451;95.655;100.552;90.661;103.093;
1900-01-01 03:10:52;1125.0;1745687452;95.655;100.531;90.655;103.081;
1900-01-01 03:10:53;1126.0;1745687453;95.635;100.471;90.655;103.081;
1900-01-01 03:10:54;1127.0;1745687454;95.55;100.471;90.76;103.078;
1900-01-01 03:10:55;1128.0;1745687455;95.55;100.572;90.806;103.156;
1900-01-01 03:10:56;1129.0;1745687456;95.517;100.458;90.806;103.156;
1900-01-01 03:10:57;1130.0;1745687457;95.517;100.458;90.924;103.138;
1900-01-01 03:10:58;1131.0;1745687458;95.485;100.516;90.924;103.138;
1900-01-01 03:10:59;1132.0;1745687459;95.384;100.516;90.924;103.062;
1900-01-01 03:11:00;1133.0;1745687460;95.384;100.56;90.972;103.057;
1900-01-01 03:11:01;1134.0;1745687461;95.458;100.584;90.933;103.057;
1900-01-01 03:11:02;1135.0;1745687462;95.381;100.67;90.933;103.107;
1900-01-01 03:11:03;1136.0;1745687463;95.381;100.67;90.9;103.123;
1900-01-01 03:11:04;1137.0;1745687464;95.523;100.721;90.841;103.123;
1900-01-01 03:11:05;1138.0;1745687465;95.502;100.721;90.841;102.977;
1900-01-01 03:11:06;1139.0;1745687466;95.502;100.634;90.837;103.028;
1900-01-01 03:11:08;1140.0;1745687468;95.431;100.702;90.744;103.028;
1900-01-01 03:11:08;1141.0;1745687468;95.424;100.702;90.744;103.045;
1900-01-01 03:11:09;1142.0;1745687469;95.424;100.809;90.574;103.029;
1900-01-01 03:11:10;1143.0;1745687470;95.408;100.664;90.574;103.029;
1900-01-01 03:11:11;1144.0;1745687471;95.408;100.664;90.422;103.003;
1900-01-01 03:11:12;1145.0;1745687472;95.398;100.66;90.374;103.003;
1900-01-01 03:11:13;1146.0;1745687473;95.389;100.642;90.374;103.01;
1900-01-01 03:11:14;1147.0;1745687474;95.379;100.642;90.341;103.043;
1900-01-01 03:11:15;1148.0;1745687475;95.379;100.575;90.433;103.043;
1900-01-01 03:11:16;1149.0;1745687476;95.402;100.579;90.433;103.082;
1900-01-01 03:11:17;1150.0;1745687477;95.373;100.579;90.459;103.029;
1900-01-01 03:11:18;1151.0;1745687478;95.373;100.624;90.336;102.957;
1900-01-01 03:11:19;1152.0;1745687479;95.402;100.58;90.336;102.957;
1900-01-01 03:11:20;1153.0;1745687480;95.402;100.58;90.364;102.977;
1900-01-01 03:11:21;1154.0;1745687481;95.333;100.563;90.171;103.034;
1900-01-01 03:11:22;1155.0;1745687482;95.46;100.493;90.171;103.034;
1900-01-01 03:11:23;1156.0;1745687483;95.46;100.493;90.032;102.984;
1900-01-01 03:11:24;1157.0;1745687484;95.359;100.485;89.954;102.984;
1900-01-01 03:11:25;1158.0;1745687485;95.342;100.512;89.954;103.054;
1900-01-01 03:11:26;1159.0;1745687486;95.342;100.512;89.956;103.072;
1900-01-01 03:11:27;1160.0;1745687487;95.419;100.47;89.964;103.072;
1900-01-01 03:11:28;1161.0;1745687488;95.422;100.47;89.964;103.018;
1900-01-01 03:11:29;1162.0;1745687489;95.422;100.49;90.069;103.03;
1900-01-01 03:11:31;1163.0;1745687491;95.383;100.499;90.101;103.03;
1900-01-01 03:11:31;1164.0;1745687491;95.431;100.499;90.101;103.028;
1900-01-01 03:11:32;1165.0;1745687492;95.431;100.562;90.151;102.953;
1900-01-01 03:11:33;1166.0;1745687493;95.311;100.555;90.228;102.953;
1900-01-01 03:11:34;1167.0;1745687494;95.347;100.555;90.228;103.011;
1900-01-01 03:11:35;1168.0;1745687495;95.347;100.588;90.283;103.073;
1900-01-01 03:11:36;1169.0;1745687496;95.358;100.62;90.283;103.073;
1900-01-01 03:11:37;1170.0;1745687497;95.358;100.62;90.226;103.064;
1900-01-01 03:11:38;1171.0;1745687498;95.336;100.562;90.128;102.942;
1900-01-01 03:11:39;1172.0;1745687499;95.255;100.44;90.128;102.942;
1900-01-01 03:11:40;1173.0;1745687500;95.255;100.44;90.101;102.928;
1900-01-01 03:11:41;1174.0;1745687501;95.224;100.401;90.007;102.928;
1900-01-01 03:11:42;1175.0;1745687502;95.268;100.42;90.007;102.998;
1900-01-01 03:11:43;1176.0;1745687503;95.268;100.42;89.876;102.967;
1900-01-01 03:11:44;1177.0;1745687504;95.216;100.42;89.809;102.967;
1900-01-01 03:11:45;1178.0;1745687505;95.224;100.364;89.809;102.946;
1900-01-01 03:11:46;1179.0;1745687506;95.224;100.364;89.748;103.046;
1900-01-01 03:11:47;1180.0;1745687507;95.204;100.355;89.642;103.046;
1900-01-01 03:11:48;1181.0;1745687508;95.169;100.355;89.642;103.024;
1900-01-01 03:11:49;1182.0;1745687509;95.169;100.324;89.52;103.084;
1900-01-01 03:11:50;1183.0;1745687510;95.224;100.379;89.336;103.084;
1900-01-01 03:11:51;1184.0;1745687511;95.098;100.379;89.336;103.074;
1900-01-01 03:11:52;1185.0;1745687512;95.098;100.327;89.385;103.149;
1900-01-01 03:11:53;1186.0;1745687513;95.035;100.228;89.424;103.149;
1900-01-01 03:11:54;1187.0;1745687514;94.952;100.228;89.424;103.094;
1900-01-01 03:11:55;1188.0;1745687515;94.952;100.259;89.449;103.069;
1900-01-01 03:11:56;1189.0;1745687516;94.997;100.322;89.302;103.069;
1900-01-01 03:11:57;1190.0;1745687517;94.959;100.322;89.302;103.061;
1900-01-01 03:11:58;1191.0;1745687518;94.959;100.283;89.397;103.108;
1900-01-01 03:11:59;1192.0;1745687519;95.028;100.32;89.397;103.108;
1900-01-01 03:12:00;1193.0;1745687520;95.034;100.32;89.248;103.047;
1900-01-01 03:12:01;1194.0;1745687521;95.034;100.284;89.267;103.047;
1900-01-01 03:12:02;1195.0;1745687522;94.886;100.26;89.267;103.101;
1900-01-01 03:12:03;1196.0;1745687523;94.824;100.26;89.27;103.043;
1900-01-01 03:12:04;1197.0;1745687524;94.824;100.321;89.147;103.043;
1900-01-01 03:12:05;1198.0;1745687525;94.773;100.192;89.147;103.058;
1900-01-01 03:12:06;1199.0;1745687526;94.773;100.192;89.16;103.187;
1900-01-01 03:12:08;1200.0;1745687528;94.875;100.254;89.082;103.086;
