Time;Seconds from start for linreg;Unix Time;ch1 po2;ch2 po2;ch3 po2;ch4 po2;
1900-01-01 02:27:08;1.0;1745684828;101.02;102.227;96.814;102.494;
1900-01-01 02:27:10;2.0;1745684830;100.934;102.227;96.7;102.471;
1900-01-01 02:27:10;3.0;1745684830;100.934;102.192;96.847;102.471;
1900-01-01 02:27:11;4.0;1745684831;100.987;102.224;96.847;102.461;
1900-01-01 02:27:13;5.0;1745684833;100.958;102.224;96.861;102.536;
1900-01-01 02:27:13;6.0;1745684833;100.958;102.305;96.89;102.536;
1900-01-01 02:27:14;7.0;1745684834;100.879;102.257;96.89;102.55;
1900-01-01 02:27:16;8.0;1745684836;100.879;102.257;96.915;102.574;
1900-01-01 02:27:16;9.0;1745684836;100.83;102.325;96.955;102.574;
1900-01-01 02:27:17;10.0;1745684837;100.771;102.359;96.955;102.503;
1900-01-01 02:27:18;11.0;1745684838;100.771;102.359;96.979;102.606;
1900-01-01 02:27:19;12.0;1745684839;100.744;102.26;96.962;102.606;
1900-01-01 02:27:20;13.0;1745684840;100.601;102.26;96.962;102.499;
1900-01-01 02:27:21;14.0;1745684841;100.601;102.36;96.872;102.594;
1900-01-01 02:27:22;15.0;1745684842;100.534;102.366;96.853;102.594;
1900-01-01 02:27:23;16.0;1745684843;100.436;102.366;96.853;102.571;
1900-01-01 02:27:24;17.0;1745684844;100.436;102.346;96.826;102.567;
1900-01-01 02:27:26;18.0;1745684846;100.503;102.422;96.81;102.567;
1900-01-01 02:27:26;19.0;1745684846;100.553;102.422;96.81;102.572;
1900-01-01 02:27:27;20.0;1745684847;100.553;102.491;96.819;102.563;
1900-01-01 02:27:28;21.0;1745684848;100.589;102.474;96.885;102.563;
1900-01-01 02:27:29;22.0;1745684849;100.596;102.474;96.885;102.554;
1900-01-01 02:27:30;23.0;1745684850;100.596;102.375;96.899;102.552;
1900-01-01 02:27:31;24.0;1745684851;100.692;102.463;96.899;102.552;
1900-01-01 02:27:32;25.0;1745684852;100.748;102.463;96.763;102.599;
1900-01-01 02:27:33;26.0;1745684853;100.748;102.439;96.742;102.629;
1900-01-01 02:27:34;27.0;1745684854;100.739;102.441;96.742;102.629;
1900-01-01 02:27:35;28.0;1745684855;100.739;102.441;96.701;102.621;
1900-01-01 02:27:36;29.0;1745684856;100.687;102.44;96.756;102.6;
1900-01-01 02:27:37;30.0;1745684857;100.693;102.44;96.756;102.6;
1900-01-01 02:27:38;31.0;1745684858;100.693;102.482;96.808;102.597;
1900-01-01 02:27:39;32.0;1745684859;100.762;102.497;96.698;102.597;
1900-01-01 02:27:40;33.0;1745684860;100.8;102.373;96.698;102.565;
1900-01-01 02:27:41;34.0;1745684861;100.8;102.373;96.503;102.509;
1900-01-01 02:27:42;35.0;1745684862;100.687;102.41;96.535;102.509;
1900-01-01 02:27:43;36.0;1745684863;100.713;102.41;96.535;102.615;
1900-01-01 02:27:44;37.0;1745684864;100.713;102.333;96.427;102.527;
1900-01-01 02:27:45;38.0;1745684865;100.763;102.377;96.427;102.527;
1900-01-01 02:27:46;39.0;1745684866;100.719;102.377;96.563;102.529;
1900-01-01 02:27:47;40.0;1745684867;100.719;102.452;96.469;102.59;
1900-01-01 02:27:48;41.0;1745684868;100.755;102.418;96.469;102.59;
1900-01-01 02:27:50;42.0;1745684870;100.727;102.418;96.498;102.576;
1900-01-01 02:27:50;43.0;1745684870;100.727;102.443;96.435;102.576;
1900-01-01 02:27:51;44.0;1745684871;100.654;102.484;96.435;102.462;
1900-01-01 02:27:52;45.0;1745684872;100.65;102.484;96.494;102.527;
1900-01-01 02:27:53;46.0;1745684873;100.65;102.419;96.565;102.527;
1900-01-01 02:27:54;47.0;1745684874;100.566;102.353;96.565;102.519;
1900-01-01 02:27:55;48.0;1745684875;100.566;102.353;96.681;102.539;
1900-01-01 02:27:57;49.0;1745684877;100.661;102.405;96.695;102.6;
1900-01-01 02:27:57;50.0;1745684877;100.65;102.405;96.695;102.6;
1900-01-01 02:27:58;51.0;1745684878;100.65;102.336;96.696;102.573;
1900-01-01 02:27:59;52.0;1745684879;100.664;102.301;96.695;102.573;
1900-01-01 02:28:01;53.0;1745684881;100.66;102.293;96.695;102.575;
1900-01-01 02:28:01;54.0;1745684881;100.66;102.293;96.678;102.521;
1900-01-01 02:28:02;55.0;1745684882;100.696;102.374;96.653;102.521;
1900-01-01 02:28:03;56.0;1745684883;100.738;102.374;96.653;102.419;
1900-01-01 02:28:04;57.0;1745684884;100.738;102.493;96.592;102.518;
1900-01-01 02:28:05;58.0;1745684885;100.715;102.419;96.621;102.518;
1900-01-01 02:28:07;59.0;1745684887;100.718;102.516;96.621;102.466;
1900-01-01 02:28:07;60.0;1745684887;100.718;102.516;96.525;102.477;
1900-01-01 02:28:08;61.0;1745684888;100.797;102.456;96.525;102.477;
1900-01-01 02:28:09;62.0;1745684889;100.739;102.456;96.539;102.519;
1900-01-01 02:28:10;63.0;1745684890;100.739;102.443;96.481;102.58;
1900-01-01 02:28:11;64.0;1745684891;100.827;102.37;96.481;102.58;
1900-01-01 02:28:13;65.0;1745684893;100.83;102.37;96.433;102.539;
1900-01-01 02:28:13;66.0;1745684893;100.83;102.34;96.542;102.539;
1900-01-01 02:28:15;67.0;1745684895;100.756;102.459;96.542;102.507;
1900-01-01 02:28:15;68.0;1745684895;100.756;102.459;96.496;102.478;
1900-01-01 02:28:16;69.0;1745684896;100.81;102.418;96.553;102.478;
1900-01-01 02:28:18;70.0;1745684898;100.859;102.373;96.553;102.559;
1900-01-01 02:28:18;71.0;1745684898;100.859;102.373;96.646;102.597;
1900-01-01 02:28:19;72.0;1745684899;100.743;102.396;96.608;102.597;
1900-01-01 02:28:21;73.0;1745684901;100.823;102.551;96.608;102.508;
1900-01-01 02:28:21;74.0;1745684901;100.823;102.551;96.61;102.521;
1900-01-01 02:28:22;75.0;1745684902;100.735;102.458;96.665;102.521;
1900-01-01 02:28:23;76.0;1745684903;100.663;102.458;96.665;102.539;
1900-01-01 02:28:24;77.0;1745684904;100.663;102.486;96.435;102.527;
1900-01-01 02:28:25;78.0;1745684905;100.634;102.552;96.435;102.527;
1900-01-01 02:28:26;79.0;1745684906;100.624;102.552;96.44;102.507;
1900-01-01 02:28:27;80.0;1745684907;100.624;102.592;96.498;102.501;
1900-01-01 02:28:28;81.0;1745684908;100.634;102.564;96.498;102.501;
1900-01-01 02:28:29;82.0;1745684909;100.634;102.564;96.475;102.491;
1900-01-01 02:28:30;83.0;1745684910;100.556;102.586;96.553;102.491;
1900-01-01 02:28:31;84.0;1745684911;100.62;102.542;96.553;102.583;
1900-01-01 02:28:32;85.0;1745684912;100.62;102.542;96.303;102.563;
1900-01-01 02:28:33;86.0;1745684913;100.535;102.482;96.282;102.563;
1900-01-01 02:28:34;87.0;1745684914;100.579;102.479;96.282;102.494;
1900-01-01 02:28:35;88.0;1745684915;100.583;102.479;96.246;102.59;
1900-01-01 02:28:36;89.0;1745684916;100.583;102.509;96.276;102.59;
1900-01-01 02:28:37;90.0;1745684917;100.52;102.441;96.276;102.538;
1900-01-01 02:28:38;91.0;1745684918;100.52;102.441;96.185;102.601;
1900-01-01 02:28:40;92.0;1745684920;100.6;102.478;96.276;102.598;
1900-01-01 02:28:40;93.0;1745684920;100.596;102.478;96.276;102.598;
1900-01-01 02:28:41;94.0;1745684921;100.596;102.361;96.218;102.517;
1900-01-01 02:28:42;95.0;1745684922;100.616;102.343;96.246;102.517;
1900-01-01 02:28:43;96.0;1745684923;100.652;102.343;96.246;102.525;
1900-01-01 02:28:44;97.0;1745684924;100.652;102.424;96.247;102.561;
1900-01-01 02:28:45;98.0;1745684925;100.542;102.4;96.203;102.561;
1900-01-01 02:28:46;99.0;1745684926;100.621;102.4;96.203;102.571;
1900-01-01 02:28:47;100.0;1745684927;100.621;102.301;96.22;102.504;
1900-01-01 02:28:48;101.0;1745684928;100.64;102.361;96.224;102.504;
1900-01-01 02:28:49;102.0;1745684929;100.701;102.361;96.224;102.576;
1900-01-01 02:28:50;103.0;1745684930;100.701;102.369;96.192;102.576;
1900-01-01 02:28:51;104.0;1745684931;100.747;102.411;96.192;102.628;
1900-01-01 02:28:52;105.0;1745684932;100.676;102.411;96.091;102.563;
1900-01-01 02:28:53;106.0;1745684933;100.676;102.376;96.151;102.525;
1900-01-01 02:28:54;107.0;1745684934;100.726;102.332;96.151;102.525;
1900-01-01 02:28:55;108.0;1745684935;100.705;102.332;96.042;102.599;
1900-01-01 02:28:56;109.0;1745684936;100.705;102.356;96.029;102.599;
1900-01-01 02:28:57;110.0;1745684937;100.638;102.358;96.029;102.573;
1900-01-01 02:28:58;111.0;1745684938;100.638;102.358;96.091;102.58;
1900-01-01 02:28:59;112.0;1745684939;100.685;102.485;96.168;102.58;
1900-01-01 02:29:00;113.0;1745684940;100.636;102.485;96.168;102.607;
1900-01-01 02:29:01;114.0;1745684941;100.636;102.404;96.14;102.507;
1900-01-01 02:29:02;115.0;1745684942;100.626;102.319;96.122;102.507;
1900-01-01 02:29:03;116.0;1745684943;100.603;102.319;96.122;102.616;
1900-01-01 02:29:04;117.0;1745684944;100.603;102.345;96.072;102.563;
1900-01-01 02:29:05;118.0;1745684945;100.536;102.396;96.133;102.563;
1900-01-01 02:29:06;119.0;1745684946;100.45;102.396;96.133;102.624;
1900-01-01 02:29:07;120.0;1745684947;100.45;102.335;96.046;102.639;
1900-01-01 02:29:08;121.0;1745684948;100.464;102.296;96.096;102.639;
1900-01-01 02:29:09;122.0;1745684949;100.375;102.296;96.096;102.604;
1900-01-01 02:29:10;123.0;1745684950;100.375;102.308;96.208;102.468;
1900-01-01 02:29:11;124.0;1745684951;100.409;102.315;96.208;102.468;
1900-01-01 02:29:12;125.0;1745684952;100.438;102.315;96.121;102.612;
1900-01-01 02:29:13;126.0;1745684953;100.438;102.286;96.176;102.521;
1900-01-01 02:29:14;127.0;1745684954;100.427;102.351;96.287;102.521;
1900-01-01 02:29:15;128.0;1745684955;100.57;102.351;96.287;102.59;
1900-01-01 02:29:16;129.0;1745684956;100.57;102.281;96.173;102.56;
1900-01-01 02:29:17;130.0;1745684957;100.498;102.345;96.095;102.56;
1900-01-01 02:29:18;131.0;1745684958;100.474;102.345;96.095;102.571;
1900-01-01 02:29:19;132.0;1745684959;100.474;102.427;95.975;102.611;
1900-01-01 02:29:20;133.0;1745684960;100.449;102.341;96.022;102.611;
1900-01-01 02:29:21;134.0;1745684961;100.444;102.341;96.022;102.695;
1900-01-01 02:29:22;135.0;1745684962;100.444;102.396;95.984;102.55;
1900-01-01 02:29:23;136.0;1745684963;100.513;102.164;96.139;102.55;
1900-01-01 02:29:24;137.0;1745684964;100.401;102.164;96.139;102.607;
1900-01-01 02:29:25;138.0;1745684965;100.401;102.284;96.193;102.65;
1900-01-01 02:29:26;139.0;1745684966;100.368;102.241;96.16;102.65;
1900-01-01 02:29:27;140.0;1745684967;100.368;102.241;96.16;102.577;
1900-01-01 02:29:28;141.0;1745684968;100.42;102.313;96.105;102.555;
1900-01-01 02:29:29;142.0;1745684969;100.505;102.375;96.105;102.555;
1900-01-01 02:29:30;143.0;1745684970;100.505;102.375;96.005;102.582;
1900-01-01 02:29:31;144.0;1745684971;100.515;102.151;95.948;102.618;
1900-01-01 02:29:32;145.0;1745684972;100.462;102.218;95.948;102.618;
1900-01-01 02:29:33;146.0;1745684973;100.462;102.218;95.921;102.645;
1900-01-01 02:29:34;147.0;1745684974;100.558;102.251;95.923;102.572;
1900-01-01 02:29:35;148.0;1745684975;100.47;102.251;95.923;102.572;
1900-01-01 02:29:36;149.0;1745684976;100.47;102.25;95.81;102.575;
1900-01-01 02:29:37;150.0;1745684977;100.596;102.272;95.797;102.575;
1900-01-01 02:29:39;151.0;1745684979;100.53;102.324;95.797;102.449;
1900-01-01 02:29:39;152.0;1745684979;100.53;102.324;95.861;102.485;
1900-01-01 02:29:40;153.0;1745684980;100.482;102.251;95.884;102.485;
1900-01-01 02:29:41;154.0;1745684981;100.412;102.33;95.884;102.565;
1900-01-01 02:29:42;155.0;1745684982;100.412;102.33;95.871;102.591;
1900-01-01 02:29:43;156.0;1745684983;100.387;102.354;95.833;102.591;
1900-01-01 02:29:44;157.0;1745684984;100.466;102.354;95.833;102.479;
1900-01-01 02:29:45;158.0;1745684985;100.466;102.402;95.8;102.514;
1900-01-01 02:29:46;159.0;1745684986;100.46;102.396;95.872;102.514;
1900-01-01 02:29:47;160.0;1745684987;100.425;102.396;95.872;102.614;
1900-01-01 02:29:48;161.0;1745684988;100.425;102.485;95.867;102.555;
1900-01-01 02:29:49;162.0;1745684989;100.396;102.369;95.867;102.555;
1900-01-01 02:29:50;163.0;1745684990;100.283;102.369;95.835;102.605;
1900-01-01 02:29:51;164.0;1745684991;100.283;102.36;95.753;102.514;
1900-01-01 02:29:52;165.0;1745684992;100.326;102.288;95.753;102.514;
1900-01-01 02:29:53;166.0;1745684993;100.3;102.288;95.918;102.497;
1900-01-01 02:29:54;167.0;1745684994;100.3;102.267;95.815;102.588;
1900-01-01 02:29:55;168.0;1745684995;100.277;102.283;95.815;102.588;
1900-01-01 02:29:56;169.0;1745684996;100.277;102.283;95.734;102.669;
1900-01-01 02:29:57;170.0;1745684997;100.297;102.269;95.754;102.565;
1900-01-01 02:29:58;171.0;1745684998;100.381;102.269;95.754;102.565;
1900-01-01 02:29:59;172.0;1745684999;100.381;102.323;95.757;102.584;
1900-01-01 02:30:00;173.0;1745685000;100.355;102.166;95.841;102.584;
1900-01-01 02:30:01;174.0;1745685001;100.301;102.166;95.841;102.552;
1900-01-01 02:30:02;175.0;1745685002;100.301;102.132;95.805;102.532;
1900-01-01 02:30:03;176.0;1745685003;100.413;102.238;95.84;102.532;
1900-01-01 02:30:05;177.0;1745685005;100.37;102.215;95.84;102.469;
1900-01-01 02:30:05;178.0;1745685005;100.37;102.215;95.78;102.518;
1900-01-01 02:30:06;179.0;1745685006;100.282;102.293;95.811;102.518;
1900-01-01 02:30:07;180.0;1745685007;100.401;102.293;95.811;102.638;
1900-01-01 02:30:08;181.0;1745685008;100.401;102.193;95.788;102.504;
1900-01-01 02:30:09;182.0;1745685009;100.449;102.329;95.788;102.504;
1900-01-01 02:30:10;183.0;1745685010;100.36;102.329;95.691;102.662;
1900-01-01 02:30:11;184.0;1745685011;100.36;102.278;95.575;102.662;
1900-01-01 02:30:12;185.0;1745685012;100.447;102.326;95.575;102.553;
1900-01-01 02:30:13;186.0;1745685013;100.438;102.326;95.581;102.657;
1900-01-01 02:30:14;187.0;1745685014;100.438;102.291;95.574;102.657;
1900-01-01 02:30:15;188.0;1745685015;100.429;102.363;95.574;102.607;
1900-01-01 02:30:16;189.0;1745685016;100.466;102.363;95.56;102.518;
1900-01-01 02:30:17;190.0;1745685017;100.466;102.496;95.685;102.518;
1900-01-01 02:30:18;191.0;1745685018;100.462;102.486;95.685;102.567;
1900-01-01 02:30:20;192.0;1745685020;100.442;102.486;95.706;102.625;
1900-01-01 02:30:20;193.0;1745685020;100.442;102.321;95.713;102.625;
1900-01-01 02:30:21;194.0;1745685021;100.307;102.322;95.713;102.605;
1900-01-01 02:30:22;195.0;1745685022;100.307;102.322;95.654;102.561;
1900-01-01 02:30:23;196.0;1745685023;100.335;102.444;95.65;102.561;
1900-01-01 02:30:24;197.0;1745685024;100.32;102.444;95.65;102.573;
1900-01-01 02:30:25;198.0;1745685025;100.32;102.393;95.472;102.655;
1900-01-01 02:30:26;199.0;1745685026;100.341;102.366;95.472;102.655;
1900-01-01 02:30:27;200.0;1745685027;100.189;102.366;95.579;102.651;
1900-01-01 02:30:29;201.0;1745685029;100.189;102.39;95.621;102.564;
1900-01-01 02:30:29;202.0;1745685029;100.206;102.327;95.621;102.564;
1900-01-01 02:30:30;203.0;1745685030;100.191;102.327;95.695;102.625;
1900-01-01 02:30:31;204.0;1745685031;100.191;102.485;95.685;102.591;
1900-01-01 02:30:32;205.0;1745685032;100.198;102.424;95.685;102.591;
1900-01-01 02:30:33;206.0;1745685033;100.198;102.424;95.667;102.75;
1900-01-01 02:30:34;207.0;1745685034;100.263;102.36;95.617;102.642;
1900-01-01 02:30:35;208.0;1745685035;100.251;102.323;95.617;102.642;
1900-01-01 02:30:36;209.0;1745685036;100.251;102.323;95.627;102.594;
1900-01-01 02:30:37;210.0;1745685037;100.145;102.24;95.629;102.594;
1900-01-01 02:30:38;211.0;1745685038;100.162;102.24;95.629;102.513;
1900-01-01 02:30:39;212.0;1745685039;100.162;102.323;95.592;102.427;
1900-01-01 02:30:41;213.0;1745685041;100.139;102.25;95.573;102.427;
1900-01-01 02:30:41;214.0;1745685041;100.308;102.25;95.573;102.536;
1900-01-01 02:30:42;215.0;1745685042;100.308;102.319;95.542;102.546;
1900-01-01 02:30:43;216.0;1745685043;100.167;102.307;95.503;102.546;
1900-01-01 02:30:44;217.0;1745685044;100.221;102.307;95.503;102.592;
1900-01-01 02:30:45;218.0;1745685045;100.221;102.214;95.524;102.543;
1900-01-01 02:30:46;219.0;1745685046;100.204;102.241;95.456;102.543;
1900-01-01 02:30:47;220.0;1745685047;100.184;102.241;95.456;102.529;
1900-01-01 02:30:48;221.0;1745685048;100.184;102.184;95.463;102.627;
1900-01-01 02:30:49;222.0;1745685049;100.216;102.212;95.463;102.627;
1900-01-01 02:30:50;223.0;1745685050;100.121;102.212;95.515;102.585;
1900-01-01 02:30:51;224.0;1745685051;100.121;102.263;95.516;102.617;
1900-01-01 02:30:52;225.0;1745685052;100.173;102.235;95.516;102.617;
1900-01-01 02:30:53;226.0;1745685053;100.102;102.235;95.647;102.589;
1900-01-01 02:30:54;227.0;1745685054;100.102;102.261;95.614;102.589;
1900-01-01 02:30:55;228.0;1745685055;100.118;102.222;95.614;102.692;
1900-01-01 02:30:56;229.0;1745685056;100.12;102.222;95.488;102.612;
1900-01-01 02:30:57;230.0;1745685057;100.12;102.168;95.43;102.607;
1900-01-01 02:30:58;231.0;1745685058;100.068;102.267;95.43;102.607;
1900-01-01 02:30:59;232.0;1745685059;100.068;102.267;95.39;102.562;
1900-01-01 02:31:00;233.0;1745685060;100.097;102.445;95.358;102.562;
1900-01-01 02:31:01;234.0;1745685061;100.127;102.424;95.358;102.632;
1900-01-01 02:31:02;235.0;1745685062;100.127;102.424;95.336;102.589;
1900-01-01 02:31:03;236.0;1745685063;100.129;102.422;95.435;102.589;
1900-01-01 02:31:04;237.0;1745685064;100.104;102.422;95.435;102.618;
1900-01-01 02:31:05;238.0;1745685065;100.104;102.342;95.438;102.622;
1900-01-01 02:31:06;239.0;1745685066;100.003;102.416;95.438;102.622;
1900-01-01 02:31:07;240.0;1745685067;100.079;102.416;95.338;102.54;
1900-01-01 02:31:08;241.0;1745685068;100.079;102.384;95.506;102.596;
1900-01-01 02:31:09;242.0;1745685069;100.026;102.318;95.506;102.596;
1900-01-01 02:31:10;243.0;1745685070;100.055;102.318;95.373;102.658;
1900-01-01 02:31:11;244.0;1745685071;100.055;102.282;95.404;102.658;
1900-01-01 02:31:12;245.0;1745685072;100.061;102.225;95.404;102.606;
1900-01-01 02:31:13;246.0;1745685073;100.03;102.225;95.326;102.544;
1900-01-01 02:31:14;247.0;1745685074;100.03;102.243;95.357;102.544;
1900-01-01 02:31:15;248.0;1745685075;99.984;102.193;95.357;102.657;
1900-01-01 02:31:16;249.0;1745685076;100.088;102.193;95.3;102.681;
1900-01-01 02:31:17;250.0;1745685077;100.088;102.213;95.348;102.681;
1900-01-01 02:31:18;251.0;1745685078;100.162;102.163;95.348;102.604;
1900-01-01 02:31:19;252.0;1745685079;100.173;102.163;95.285;102.625;
1900-01-01 02:31:20;253.0;1745685080;100.173;102.126;95.333;102.625;
1900-01-01 02:31:21;254.0;1745685081;100.182;102.266;95.333;102.633;
1900-01-01 02:31:22;255.0;1745685082;100.182;102.266;95.314;102.525;
1900-01-01 02:31:23;256.0;1745685083;100.227;102.282;95.334;102.525;
1900-01-01 02:31:24;257.0;1745685084;100.2;102.282;95.334;102.579;
1900-01-01 02:31:25;258.0;1745685085;100.2;102.374;95.225;102.616;
1900-01-01 02:31:26;259.0;1745685086;100.1;102.378;95.208;102.616;
1900-01-01 02:31:27;260.0;1745685087;100.1;102.378;95.208;102.66;
1900-01-01 02:31:28;261.0;1745685088;100.1;102.268;95.089;102.689;
1900-01-01 02:31:30;262.0;1745685090;100.112;102.355;95.151;102.689;
1900-01-01 02:31:30;263.0;1745685090;100.061;102.355;95.151;102.612;
1900-01-01 02:31:31;264.0;1745685091;100.061;102.274;95.172;102.711;
1900-01-01 02:31:32;265.0;1745685092;100.073;102.174;95.172;102.711;
1900-01-01 02:31:33;266.0;1745685093;100.036;102.174;95.166;102.654;
1900-01-01 02:31:34;267.0;1745685094;100.036;102.216;95.263;102.615;
1900-01-01 02:31:36;268.0;1745685096;100.093;102.292;95.102;102.615;
1900-01-01 02:31:36;269.0;1745685096;100.037;102.292;95.102;102.632;
1900-01-01 02:31:37;270.0;1745685097;100.037;102.296;95.178;102.765;
1900-01-01 02:31:38;271.0;1745685098;100.068;102.157;95.178;102.765;
1900-01-01 02:31:39;272.0;1745685099;100.06;102.157;95.179;102.641;
1900-01-01 02:31:40;273.0;1745685100;100.06;102.056;95.272;102.652;
1900-01-01 02:31:41;274.0;1745685101;100.078;102.096;95.272;102.652;
1900-01-01 02:31:42;275.0;1745685102;100.078;102.096;95.231;102.679;
1900-01-01 02:31:43;276.0;1745685103;100.072;102.014;95.261;102.572;
1900-01-01 02:31:44;277.0;1745685104;99.928;102.051;95.261;102.572;
1900-01-01 02:31:45;278.0;1745685105;99.928;102.051;95.157;102.68;
1900-01-01 02:31:46;279.0;1745685106;100.018;102.136;95.135;102.68;
1900-01-01 02:31:47;280.0;1745685107;99.97;102.122;95.135;102.544;
1900-01-01 02:31:48;281.0;1745685108;99.97;102.122;95.1;102.582;
1900-01-01 02:31:49;282.0;1745685109;99.909;102.16;95.144;102.582;
1900-01-01 02:31:50;283.0;1745685110;99.852;102.129;95.144;102.634;
1900-01-01 02:31:51;284.0;1745685111;99.852;102.129;95.087;102.63;
1900-01-01 02:31:52;285.0;1745685112;99.91;102.126;95.17;102.63;
1900-01-01 02:31:53;286.0;1745685113;99.871;102.175;95.17;102.719;
1900-01-01 02:31:54;287.0;1745685114;99.871;102.175;95.171;102.562;
1900-01-01 02:31:55;288.0;1745685115;99.862;102.048;95.098;102.562;
1900-01-01 02:31:56;289.0;1745685116;99.842;102.048;95.098;102.491;
1900-01-01 02:31:57;290.0;1745685117;99.842;102.141;94.99;102.588;
1900-01-01 02:31:58;291.0;1745685118;99.897;102.076;95.0;102.588;
1900-01-01 02:31:59;292.0;1745685119;99.959;102.076;95.0;102.614;
1900-01-01 02:32:00;293.0;1745685120;99.959;102.052;94.914;102.607;
1900-01-01 02:32:01;294.0;1745685121;99.91;102.074;94.996;102.607;
1900-01-01 02:32:02;295.0;1745685122;99.941;102.074;94.996;102.631;
1900-01-01 02:32:03;296.0;1745685123;99.941;102.115;94.993;102.727;
1900-01-01 02:32:04;297.0;1745685124;99.86;102.164;95.024;102.727;
1900-01-01 02:32:05;298.0;1745685125;99.897;102.164;95.024;102.576;
1900-01-01 02:32:06;299.0;1745685126;99.897;102.2;94.94;102.681;
1900-01-01 02:32:07;300.0;1745685127;99.882;102.187;94.94;102.681;
1900-01-01 02:32:08;301.0;1745685128;99.882;102.187;94.89;102.656;
1900-01-01 02:32:09;302.0;1745685129;100.022;102.253;94.806;102.64;
1900-01-01 02:32:10;303.0;1745685130;99.943;102.292;94.806;102.64;
1900-01-01 02:32:11;304.0;1745685131;99.943;102.292;94.792;102.631;
1900-01-01 02:32:12;305.0;1745685132;99.952;102.277;94.836;102.631;
1900-01-01 02:32:13;306.0;1745685133;99.939;102.277;94.836;102.645;
1900-01-01 02:32:14;307.0;1745685134;99.939;102.2;95.023;102.583;
1900-01-01 02:32:15;308.0;1745685135;99.949;102.201;95.034;102.583;
1900-01-01 02:32:16;309.0;1745685136;99.947;102.201;95.034;102.674;
1900-01-01 02:32:17;310.0;1745685137;99.947;102.213;95.121;102.62;
1900-01-01 02:32:18;311.0;1745685138;99.921;102.179;95.121;102.62;
1900-01-01 02:32:19;312.0;1745685139;99.96;102.179;95.011;102.598;
1900-01-01 02:32:20;313.0;1745685140;99.96;102.085;94.908;102.586;
1900-01-01 02:32:21;314.0;1745685141;99.989;102.16;94.856;102.586;
1900-01-01 02:32:22;315.0;1745685142;99.908;102.16;94.856;102.616;
1900-01-01 02:32:23;316.0;1745685143;99.908;102.036;94.833;102.587;
1900-01-01 02:32:24;317.0;1745685144;99.886;101.979;94.833;102.587;
1900-01-01 02:32:25;318.0;1745685145;99.886;101.979;94.769;102.587;
1900-01-01 02:32:26;319.0;1745685146;99.863;102.011;94.755;102.629;
1900-01-01 02:32:28;320.0;1745685148;99.863;102.054;94.755;102.629;
1900-01-01 02:32:28;321.0;1745685148;99.863;102.054;94.739;102.582;
1900-01-01 02:32:29;322.0;1745685149;99.839;102.123;94.697;102.582;
1900-01-01 02:32:30;323.0;1745685150;99.76;102.059;94.697;102.564;
1900-01-01 02:32:31;324.0;1745685151;99.76;102.059;94.775;102.566;
1900-01-01 02:32:32;325.0;1745685152;99.765;102.056;94.818;102.566;
1900-01-01 02:32:33;326.0;1745685153;99.779;102.056;94.818;102.593;
1900-01-01 02:32:34;327.0;1745685154;99.779;102.049;94.934;102.573;
1900-01-01 02:32:35;328.0;1745685155;99.875;102.07;94.905;102.573;
1900-01-01 02:32:36;329.0;1745685156;99.863;102.064;94.905;102.66;
1900-01-01 02:32:37;330.0;1745685157;99.863;102.064;94.853;102.664;
1900-01-01 02:32:38;331.0;1745685158;99.962;101.937;94.852;102.664;
1900-01-01 02:32:39;332.0;1745685159;99.931;101.937;94.852;102.576;
1900-01-01 02:32:40;333.0;1745685160;99.931;101.897;94.803;102.574;
1900-01-01 02:32:41;334.0;1745685161;99.901;101.988;94.807;102.574;
1900-01-01 02:32:42;335.0;1745685162;99.981;101.988;94.807;102.596;
1900-01-01 02:32:43;336.0;1745685163;99.981;101.976;94.943;102.69;
1900-01-01 02:32:44;337.0;1745685164;100.005;101.947;94.943;102.69;
1900-01-01 02:32:45;338.0;1745685165;100.046;101.947;94.91;102.608;
1900-01-01 02:32:46;339.0;1745685166;100.046;101.927;94.935;102.628;
1900-01-01 02:32:48;340.0;1745685168;99.965;102.026;95.023;102.628;
1900-01-01 02:32:48;341.0;1745685168;99.924;102.026;95.023;102.64;
1900-01-01 02:32:49;342.0;1745685169;99.924;102.019;94.851;102.666;
1900-01-01 02:32:50;343.0;1745685170;99.902;102.004;94.851;102.666;
1900-01-01 02:32:52;344.0;1745685172;99.841;102.004;94.847;102.701;
1900-01-01 02:32:52;345.0;1745685172;99.841;101.992;94.778;102.701;
1900-01-01 02:32:53;346.0;1745685173;99.86;101.999;94.778;102.638;
1900-01-01 02:32:54;347.0;1745685174;99.86;101.999;94.63;102.552;
1900-01-01 02:32:55;348.0;1745685175;99.868;102.067;94.487;102.552;
1900-01-01 02:32:57;349.0;1745685177;99.852;102.101;94.487;102.706;
1900-01-01 02:32:57;350.0;1745685177;99.852;102.101;94.571;102.603;
1900-01-01 02:32:58;351.0;1745685178;99.87;102.074;94.621;102.603;
1900-01-01 02:33:00;352.0;1745685180;99.757;102.112;94.621;102.601;
1900-01-01 02:33:00;353.0;1745685180;99.757;102.112;94.593;102.592;
1900-01-01 02:33:02;354.0;1745685182;99.792;101.954;94.58;102.592;
1900-01-01 02:33:02;355.0;1745685182;99.793;101.954;94.58;102.709;
1900-01-01 02:33:03;356.0;1745685183;99.793;102.067;94.674;102.718;
1900-01-01 02:33:04;357.0;1745685184;99.83;102.1;94.674;102.718;
1900-01-01 02:33:05;358.0;1745685185;99.806;102.1;94.646;102.682;
1900-01-01 02:33:06;359.0;1745685186;99.806;102.114;94.64;102.702;
1900-01-01 02:33:07;360.0;1745685187;99.817;102.046;94.64;102.702;
1900-01-01 02:33:08;361.0;1745685188;99.817;102.046;94.623;102.689;
1900-01-01 02:33:09;362.0;1745685189;99.793;102.063;94.657;102.619;
1900-01-01 02:33:10;363.0;1745685190;99.816;102.16;94.657;102.619;
1900-01-01 02:33:11;364.0;1745685191;99.816;102.16;94.676;102.637;
1900-01-01 02:33:12;365.0;1745685192;99.753;102.154;94.622;102.637;
1900-01-01 02:33:13;366.0;1745685193;99.645;102.109;94.622;102.598;
1900-01-01 02:33:14;367.0;1745685194;99.645;102.109;94.562;102.614;
1900-01-01 02:33:15;368.0;1745685195;99.696;102.114;94.538;102.614;
1900-01-01 02:33:16;369.0;1745685196;99.589;102.005;94.538;102.611;
1900-01-01 02:33:17;370.0;1745685197;99.602;102.005;94.404;102.575;
1900-01-01 02:33:18;371.0;1745685198;99.602;102.013;94.386;102.575;
1900-01-01 02:33:19;372.0;1745685199;99.584;102.028;94.386;102.656;
1900-01-01 02:33:20;373.0;1745685200;99.584;102.028;94.38;102.616;
1900-01-01 02:33:21;374.0;1745685201;99.46;102.012;94.44;102.616;
1900-01-01 02:33:22;375.0;1745685202;99.58;102.012;94.44;102.661;
1900-01-01 02:33:23;376.0;1745685203;99.58;102.103;94.427;102.599;
1900-01-01 02:33:24;377.0;1745685204;99.577;102.129;94.427;102.599;
1900-01-01 02:33:25;378.0;1745685205;99.722;102.129;94.419;102.569;
1900-01-01 02:33:26;379.0;1745685206;99.722;102.086;94.49;102.668;
1900-01-01 02:33:27;380.0;1745685207;99.731;102.067;94.49;102.668;
1900-01-01 02:33:28;381.0;1745685208;99.734;102.067;94.406;102.62;
1900-01-01 02:33:29;382.0;1745685209;99.734;102.146;94.438;102.554;
1900-01-01 02:33:30;383.0;1745685210;99.707;102.067;94.438;102.554;
1900-01-01 02:33:31;384.0;1745685211;99.753;102.067;94.48;102.665;
1900-01-01 02:33:32;385.0;1745685212;99.753;102.138;94.375;102.602;
1900-01-01 02:33:33;386.0;1745685213;99.636;102.056;94.375;102.602;
1900-01-01 02:33:34;387.0;1745685214;99.658;102.056;94.309;102.721;
1900-01-01 02:33:35;388.0;1745685215;99.658;102.071;94.352;102.721;
1900-01-01 02:33:36;389.0;1745685216;99.603;102.082;94.352;102.61;
1900-01-01 02:33:37;390.0;1745685217;99.603;102.082;94.351;102.643;
1900-01-01 02:33:38;391.0;1745685218;99.642;102.129;94.425;102.643;
1900-01-01 02:33:39;392.0;1745685219;99.534;101.978;94.425;102.705;
1900-01-01 02:33:40;393.0;1745685220;99.534;101.978;94.447;102.717;
1900-01-01 02:33:41;394.0;1745685221;99.583;102.057;94.436;102.717;
1900-01-01 02:33:42;395.0;1745685222;99.566;102.057;94.436;102.632;
1900-01-01 02:33:43;396.0;1745685223;99.566;102.022;94.443;102.592;
1900-01-01 02:33:44;397.0;1745685224;99.524;101.984;94.41;102.592;
1900-01-01 02:33:45;398.0;1745685225;99.537;102.081;94.41;102.65;
1900-01-01 02:33:46;399.0;1745685226;99.537;102.081;94.367;102.617;
1900-01-01 02:33:47;400.0;1745685227;99.517;101.879;94.317;102.617;
1900-01-01 02:33:48;401.0;1745685228;99.572;101.879;94.317;102.669;
1900-01-01 02:33:49;402.0;1745685229;99.572;101.961;94.343;102.63;
1900-01-01 02:33:51;403.0;1745685231;99.496;101.853;94.387;102.63;
1900-01-01 02:33:51;404.0;1745685231;99.565;101.853;94.387;102.639;
1900-01-01 02:33:52;405.0;1745685232;99.565;101.905;94.25;102.663;
1900-01-01 02:33:53;406.0;1745685233;99.511;101.913;94.198;102.663;
1900-01-01 02:33:54;407.0;1745685234;99.553;101.913;94.198;102.719;
1900-01-01 02:33:55;408.0;1745685235;99.553;101.91;94.124;102.688;
1900-01-01 02:33:56;409.0;1745685236;99.549;101.862;94.124;102.688;
1900-01-01 02:33:57;410.0;1745685237;99.569;101.862;94.239;102.783;
1900-01-01 02:33:58;411.0;1745685238;99.569;101.783;94.367;102.783;
1900-01-01 02:33:59;412.0;1745685239;99.567;101.857;94.367;102.685;
1900-01-01 02:34:00;413.0;1745685240;99.545;101.857;94.35;102.73;
1900-01-01 02:34:01;414.0;1745685241;99.545;101.786;94.41;102.655;
1900-01-01 02:34:03;415.0;1745685243;99.609;101.779;94.371;102.655;
1900-01-01 02:34:03;416.0;1745685243;99.611;101.779;94.371;102.642;
1900-01-01 02:34:04;417.0;1745685244;99.611;101.719;94.546;102.567;
1900-01-01 02:34:05;418.0;1745685245;99.662;101.864;94.546;102.567;
1900-01-01 02:34:06;419.0;1745685246;99.681;101.864;94.431;102.642;
1900-01-01 02:34:07;420.0;1745685247;99.681;101.79;94.399;102.642;
1900-01-01 02:34:08;421.0;1745685248;99.575;101.848;94.399;102.718;
1900-01-01 02:34:09;422.0;1745685249;99.634;101.848;94.37;102.636;
1900-01-01 02:34:10;423.0;1745685250;99.634;101.963;94.247;102.598;
1900-01-01 02:34:11;424.0;1745685251;99.681;101.871;94.317;102.598;
1900-01-01 02:34:13;425.0;1745685253;99.569;101.871;94.317;102.692;
1900-01-01 02:34:13;426.0;1745685253;99.569;101.943;94.316;102.625;
1900-01-01 02:34:14;427.0;1745685254;99.505;102.049;94.316;102.625;
1900-01-01 02:34:15;428.0;1745685255;99.488;102.049;94.262;102.651;
1900-01-01 02:34:16;429.0;1745685256;99.488;101.89;94.331;102.573;
1900-01-01 02:34:18;430.0;1745685258;99.407;101.949;94.385;102.573;
1900-01-01 02:34:18;431.0;1745685258;99.407;101.949;94.385;102.57;
1900-01-01 02:34:19;432.0;1745685259;99.444;101.94;94.245;102.619;
1900-01-01 02:34:20;433.0;1745685260;99.436;101.94;94.245;102.619;
1900-01-01 02:34:21;434.0;1745685261;99.419;101.94;94.126;102.656;
1900-01-01 02:34:22;435.0;1745685262;99.419;101.992;93.993;102.656;
1900-01-01 02:34:23;436.0;1745685263;99.393;102.012;93.993;102.606;
1900-01-01 02:34:24;437.0;1745685264;99.437;102.012;93.985;102.657;
1900-01-01 02:34:25;438.0;1745685265;99.437;101.952;94.022;102.651;
1900-01-01 02:34:26;439.0;1745685266;99.433;101.985;94.022;102.651;
1900-01-01 02:34:27;440.0;1745685267;99.413;101.985;94.018;102.768;
1900-01-01 02:34:28;441.0;1745685268;99.413;101.915;94.058;102.768;
1900-01-01 02:34:29;442.0;1745685269;99.419;101.923;94.058;102.684;
1900-01-01 02:34:30;443.0;1745685270;99.41;101.923;93.993;102.653;
1900-01-01 02:34:31;444.0;1745685271;99.41;101.918;94.024;102.617;
1900-01-01 02:34:32;445.0;1745685272;99.446;101.898;94.024;102.617;
1900-01-01 02:34:33;446.0;1745685273;99.488;101.898;94.01;102.684;
1900-01-01 02:34:34;447.0;1745685274;99.488;101.958;94.01;102.655;
1900-01-01 02:34:35;448.0;1745685275;99.44;101.874;93.996;102.655;
1900-01-01 02:34:37;449.0;1745685277;99.548;101.874;93.996;102.671;
1900-01-01 02:34:37;450.0;1745685277;99.548;101.839;93.965;102.619;
1900-01-01 02:34:38;451.0;1745685278;99.62;101.905;93.965;102.619;
1900-01-01 02:34:39;452.0;1745685279;99.62;101.905;94.076;102.614;
1900-01-01 02:34:40;453.0;1745685280;99.523;101.915;94.02;102.614;
1900-01-01 02:34:41;454.0;1745685281;99.483;101.951;94.02;102.67;
1900-01-01 02:34:42;455.0;1745685282;99.528;101.951;93.98;102.649;
1900-01-01 02:34:43;456.0;1745685283;99.528;101.947;93.94;102.649;
1900-01-01 02:34:44;457.0;1745685284;99.471;101.873;93.94;102.704;
1900-01-01 02:34:45;458.0;1745685285;99.471;101.873;93.942;102.613;
1900-01-01 02:34:46;459.0;1745685286;99.466;101.978;93.907;102.613;
1900-01-01 02:34:48;460.0;1745685288;99.378;102.0;93.907;102.62;
1900-01-01 02:34:48;461.0;1745685288;99.378;102.0;93.875;102.602;
1900-01-01 02:34:50;462.0;1745685290;99.449;101.932;93.836;102.602;
1900-01-01 02:34:50;463.0;1745685290;99.383;101.932;93.836;102.663;
1900-01-01 02:34:51;464.0;1745685291;99.383;102.026;93.876;102.657;
1900-01-01 02:34:52;465.0;1745685292;99.353;101.95;93.971;102.657;
1900-01-01 02:34:53;466.0;1745685293;99.36;101.95;93.971;102.616;
1900-01-01 02:34:54;467.0;1745685294;99.36;101.83;93.918;102.707;
1900-01-01 02:34:55;468.0;1745685295;99.389;101.959;93.984;102.707;
1900-01-01 02:34:56;469.0;1745685296;99.307;101.959;93.984;102.64;
1900-01-01 02:34:57;470.0;1745685297;99.307;101.892;94.013;102.714;
1900-01-01 02:34:58;471.0;1745685298;99.415;101.837;94.013;102.714;
1900-01-01 02:34:59;472.0;1745685299;99.369;101.837;93.936;102.762;
1900-01-01 02:35:00;473.0;1745685300;99.369;101.79;93.969;102.649;
1900-01-01 02:35:01;474.0;1745685301;99.379;101.875;93.969;102.649;
1900-01-01 02:35:02;475.0;1745685302;99.379;101.875;93.983;102.679;
1900-01-01 02:35:03;476.0;1745685303;99.46;101.784;94.052;102.631;
1900-01-01 02:35:04;477.0;1745685304;99.443;101.775;94.052;102.631;
1900-01-01 02:35:05;478.0;1745685305;99.443;101.775;93.97;102.693;
1900-01-01 02:35:06;479.0;1745685306;99.39;101.73;93.895;102.693;
1900-01-01 02:35:07;480.0;1745685307;99.407;101.783;93.895;102.664;
1900-01-01 02:35:08;481.0;1745685308;99.407;101.783;93.96;102.646;
1900-01-01 02:35:09;482.0;1745685309;99.291;101.767;93.945;102.646;
1900-01-01 02:35:10;483.0;1745685310;99.322;101.767;93.945;102.703;
1900-01-01 02:35:11;484.0;1745685311;99.322;101.796;93.952;102.586;
1900-01-01 02:35:13;485.0;1745685313;99.354;101.771;93.875;102.586;
1900-01-01 02:35:13;486.0;1745685313;99.346;101.771;93.875;102.669;
1900-01-01 02:35:14;487.0;1745685314;99.346;101.878;93.828;102.721;
1900-01-01 02:35:15;488.0;1745685315;99.276;101.725;93.828;102.721;
1900-01-01 02:35:16;489.0;1745685316;99.238;101.725;93.688;102.662;
1900-01-01 02:35:17;490.0;1745685317;99.238;101.738;93.733;102.69;
1900-01-01 02:35:18;491.0;1745685318;99.351;101.772;93.733;102.69;
1900-01-01 02:35:19;492.0;1745685319;99.307;101.772;93.693;102.664;
1900-01-01 02:35:20;493.0;1745685320;99.307;101.863;93.734;102.649;
1900-01-01 02:35:21;494.0;1745685321;99.33;101.797;93.734;102.649;
1900-01-01 02:35:22;495.0;1745685322;99.33;101.797;93.71;102.609;
1900-01-01 02:35:23;496.0;1745685323;99.239;101.73;93.824;102.609;
1900-01-01 02:35:24;497.0;1745685324;99.092;101.826;93.824;102.696;
1900-01-01 02:35:25;498.0;1745685325;99.092;101.826;93.909;102.689;
1900-01-01 02:35:26;499.0;1745685326;99.159;101.834;93.77;102.689;
1900-01-01 02:35:27;500.0;1745685327;99.101;101.797;93.77;102.756;
1900-01-01 02:35:28;501.0;1745685328;99.101;101.797;93.779;102.714;
1900-01-01 02:35:29;502.0;1745685329;99.049;101.88;93.768;102.714;
1900-01-01 02:35:30;503.0;1745685330;98.988;101.88;93.768;102.637;
1900-01-01 02:35:31;504.0;1745685331;98.988;101.816;93.785;102.745;
1900-01-01 02:35:32;505.0;1745685332;99.039;101.954;93.719;102.745;
1900-01-01 02:35:33;506.0;1745685333;99.081;101.954;93.719;102.735;
1900-01-01 02:35:34;507.0;1745685334;99.081;101.896;93.625;102.647;
1900-01-01 02:35:36;508.0;1745685336;99.136;101.903;93.654;102.647;
1900-01-01 02:35:36;509.0;1745685336;99.083;101.903;93.654;102.656;
1900-01-01 02:35:37;510.0;1745685337;99.083;101.985;93.654;102.627;
1900-01-01 02:35:38;511.0;1745685338;99.134;101.887;93.654;102.627;
1900-01-01 02:35:39;512.0;1745685339;99.062;101.887;93.652;102.71;
1900-01-01 02:35:40;513.0;1745685340;99.062;101.878;93.575;102.686;
1900-01-01 02:35:41;514.0;1745685341;99.176;101.915;93.575;102.686;
1900-01-01 02:35:43;515.0;1745685343;99.143;101.915;93.59;102.719;
1900-01-01 02:35:43;516.0;1745685343;99.143;101.939;93.621;102.719;
1900-01-01 02:35:44;517.0;1745685344;99.178;102.004;93.621;102.657;
1900-01-01 02:35:45;518.0;1745685345;99.063;102.004;93.584;102.755;
1900-01-01 02:35:46;519.0;1745685346;99.063;101.944;93.524;102.755;
1900-01-01 02:35:47;520.0;1745685347;99.037;101.884;93.524;102.681;
1900-01-01 02:35:48;521.0;1745685348;99.037;101.884;93.57;102.589;
1900-01-01 02:35:49;522.0;1745685349;99.088;101.912;93.551;102.589;
1900-01-01 02:35:50;523.0;1745685350;99.044;101.848;93.551;102.655;
1900-01-01 02:35:51;524.0;1745685351;99.044;101.848;93.508;102.632;
1900-01-01 02:35:52;525.0;1745685352;99.05;101.801;93.556;102.632;
1900-01-01 02:35:53;526.0;1745685353;99.026;101.801;93.556;102.656;
1900-01-01 02:35:54;527.0;1745685354;99.026;101.763;93.481;102.69;
1900-01-01 02:35:55;528.0;1745685355;99.1;101.744;93.481;102.69;
1900-01-01 02:35:56;529.0;1745685356;99.161;101.744;93.5;102.696;
1900-01-01 02:35:57;530.0;1745685357;99.161;101.727;93.411;102.582;
1900-01-01 02:35:58;531.0;1745685358;99.093;101.779;93.411;102.582;
1900-01-01 02:35:59;532.0;1745685359;99.095;101.779;93.466;102.629;
1900-01-01 02:36:00;533.0;1745685360;99.095;101.745;93.612;102.599;
1900-01-01 02:36:01;534.0;1745685361;99.155;101.618;93.612;102.599;
1900-01-01 02:36:02;535.0;1745685362;99.176;101.618;93.633;102.689;
1900-01-01 02:36:03;536.0;1745685363;99.176;101.715;93.597;102.639;
1900-01-01 02:36:04;537.0;1745685364;99.174;101.719;93.597;102.639;
1900-01-01 02:36:05;538.0;1745685365;99.174;101.719;93.523;102.632;
1900-01-01 02:36:06;539.0;1745685366;99.153;101.697;93.598;102.753;
1900-01-01 02:36:07;540.0;1745685367;99.177;101.752;93.598;102.753;
1900-01-01 02:36:08;541.0;1745685368;99.177;101.752;93.634;102.695;
1900-01-01 02:36:09;542.0;1745685369;99.14;101.694;93.603;102.695;
1900-01-01 02:36:10;543.0;1745685370;99.143;101.706;93.603;102.683;
1900-01-01 02:36:11;544.0;1745685371;99.143;101.706;93.511;102.589;
1900-01-01 02:36:12;545.0;1745685372;99.044;101.64;93.5;102.589;
1900-01-01 02:36:13;546.0;1745685373;99.145;101.64;93.5;102.612;
1900-01-01 02:36:14;547.0;1745685374;99.145;101.688;93.431;102.669;
1900-01-01 02:36:15;548.0;1745685375;99.105;101.677;93.459;102.669;
1900-01-01 02:36:16;549.0;1745685376;99.119;101.677;93.459;102.601;
1900-01-01 02:36:17;550.0;1745685377;99.119;101.701;93.48;102.619;
1900-01-01 02:36:18;551.0;1745685378;99.159;101.704;93.456;102.619;
1900-01-01 02:36:19;552.0;1745685379;99.161;101.704;93.456;102.658;
1900-01-01 02:36:20;553.0;1745685380;99.161;101.768;93.421;102.706;
1900-01-01 02:36:21;554.0;1745685381;99.168;101.778;93.421;102.706;
1900-01-01 02:36:22;555.0;1745685382;99.129;101.778;93.378;102.652;
1900-01-01 02:36:23;556.0;1745685383;99.129;101.763;93.424;102.652;
1900-01-01 02:36:24;557.0;1745685384;99.103;101.794;93.424;102.715;
1900-01-01 02:36:25;558.0;1745685385;98.996;101.794;93.432;102.657;
1900-01-01 02:36:26;559.0;1745685386;98.996;101.727;93.466;102.657;
1900-01-01 02:36:27;560.0;1745685387;98.972;101.678;93.466;102.699;
1900-01-01 02:36:28;561.0;1745685388;98.972;101.678;93.531;102.715;
1900-01-01 02:36:29;562.0;1745685389;98.98;101.727;93.518;102.715;
1900-01-01 02:36:30;563.0;1745685390;98.995;101.723;93.518;102.689;
1900-01-01 02:36:31;564.0;1745685391;98.995;101.723;93.473;102.694;
1900-01-01 02:36:32;565.0;1745685392;98.923;101.7;93.439;102.694;
1900-01-01 02:36:33;566.0;1745685393;98.869;101.7;93.439;102.669;
1900-01-01 02:36:34;567.0;1745685394;98.869;101.747;93.356;102.786;
1900-01-01 02:36:35;568.0;1745685395;98.887;101.728;93.356;102.786;
1900-01-01 02:36:36;569.0;1745685396;98.855;101.728;93.353;102.751;
1900-01-01 02:36:37;570.0;1745685397;98.855;101.69;93.225;102.701;
1900-01-01 02:36:38;571.0;1745685398;98.837;101.707;93.225;102.701;
1900-01-01 02:36:39;572.0;1745685399;98.839;101.707;93.311;102.694;
1900-01-01 02:36:40;573.0;1745685400;98.839;101.753;93.182;102.723;
1900-01-01 02:36:41;574.0;1745685401;98.846;101.701;93.182;102.723;
1900-01-01 02:36:42;575.0;1745685402;98.857;101.701;93.231;102.691;
1900-01-01 02:36:43;576.0;1745685403;98.857;101.755;93.233;102.729;
1900-01-01 02:36:44;577.0;1745685404;98.907;101.731;93.233;102.729;
1900-01-01 02:36:45;578.0;1745685405;98.907;101.731;93.301;102.724;
1900-01-01 02:36:46;579.0;1745685406;98.974;101.782;93.223;102.722;
1900-01-01 02:36:47;580.0;1745685407;98.943;101.65;93.223;102.722;
1900-01-01 02:36:48;581.0;1745685408;98.943;101.65;93.184;102.772;
1900-01-01 02:36:49;582.0;1745685409;98.938;101.681;93.225;102.772;
1900-01-01 02:36:50;583.0;1745685410;98.847;101.656;93.225;102.756;
1900-01-01 02:36:51;584.0;1745685411;98.847;101.656;93.245;102.754;
1900-01-01 02:36:52;585.0;1745685412;98.875;101.631;93.209;102.754;
1900-01-01 02:36:53;586.0;1745685413;98.913;101.631;93.209;102.703;
1900-01-01 02:36:54;587.0;1745685414;98.913;101.565;93.191;102.79;
1900-01-01 02:36:55;588.0;1745685415;98.91;101.594;93.192;102.79;
1900-01-01 02:36:56;589.0;1745685416;98.912;101.594;93.192;102.757;
1900-01-01 02:36:57;590.0;1745685417;98.912;101.533;93.266;102.657;
1900-01-01 02:36:58;591.0;1745685418;98.817;101.558;93.266;102.657;
1900-01-01 02:36:59;592.0;1745685419;98.826;101.558;93.242;102.737;
1900-01-01 02:37:00;593.0;1745685420;98.826;101.597;93.218;102.737;
1900-01-01 02:37:01;594.0;1745685421;98.851;101.506;93.218;102.692;
1900-01-01 02:37:03;595.0;1745685423;98.831;101.506;93.072;102.745;
1900-01-01 02:37:03;596.0;1745685423;98.831;101.559;93.082;102.745;
1900-01-01 02:37:04;597.0;1745685424;98.848;101.517;93.082;102.65;
1900-01-01 02:37:05;598.0;1745685425;98.848;101.517;93.101;102.809;
1900-01-01 02:37:06;599.0;1745685426;98.758;101.591;93.067;102.809;
1900-01-01 02:37:07;600.0;1745685427;98.872;101.673;93.067;102.673;
1900-01-01 02:37:08;601.0;1745685428;98.872;101.673;93.072;102.704;
1900-01-01 02:37:09;602.0;1745685429;98.799;101.538;93.102;102.704;
1900-01-01 02:37:10;603.0;1745685430;98.839;101.538;93.102;102.62;
1900-01-01 02:37:11;604.0;1745685431;98.839;101.578;93.008;102.708;
1900-01-01 02:37:12;605.0;1745685432;98.826;101.58;93.037;102.708;
1900-01-01 02:37:13;606.0;1745685433;98.826;101.58;93.037;102.721;
1900-01-01 02:37:14;607.0;1745685434;98.826;101.575;93.058;102.628;
1900-01-01 02:37:15;608.0;1745685435;98.817;101.559;93.051;102.628;
1900-01-01 02:37:16;609.0;1745685436;98.829;101.559;93.051;102.702;
1900-01-01 02:37:17;610.0;1745685437;98.829;101.524;93.086;102.65;
1900-01-01 02:37:18;611.0;1745685438;98.867;101.572;93.004;102.65;
1900-01-01 02:37:19;612.0;1745685439;98.775;101.572;93.004;102.746;
1900-01-01 02:37:20;613.0;1745685440;98.775;101.576;92.959;102.681;
1900-01-01 02:37:21;614.0;1745685441;98.726;101.558;92.936;102.681;
1900-01-01 02:37:22;615.0;1745685442;98.662;101.558;92.936;102.667;
1900-01-01 02:37:23;616.0;1745685443;98.662;101.546;92.995;102.68;
1900-01-01 02:37:24;617.0;1745685444;98.576;101.563;92.995;102.68;
1900-01-01 02:37:25;618.0;1745685445;98.553;101.563;93.001;102.651;
1900-01-01 02:37:26;619.0;1745685446;98.553;101.532;92.91;102.651;
1900-01-01 02:37:27;620.0;1745685447;98.578;101.547;92.91;102.668;
1900-01-01 02:37:29;621.0;1745685449;98.534;101.547;92.854;102.784;
1900-01-01 02:37:29;622.0;1745685449;98.534;101.47;92.856;102.784;
1900-01-01 02:37:30;623.0;1745685450;98.505;101.59;92.856;102.719;
1900-01-01 02:37:31;624.0;1745685451;98.505;101.59;92.773;102.732;
1900-01-01 02:37:32;625.0;1745685452;98.542;101.514;92.96;102.732;
1900-01-01 02:37:33;626.0;1745685453;98.613;101.536;92.96;102.768;
1900-01-01 02:37:34;627.0;1745685454;98.613;101.536;92.984;102.687;
1900-01-01 02:37:35;628.0;1745685455;98.559;101.589;93.051;102.687;
1900-01-01 02:37:37;629.0;1745685457;98.594;101.535;93.051;102.705;
1900-01-01 02:37:37;630.0;1745685457;98.594;101.535;92.96;102.791;
1900-01-01 02:37:38;631.0;1745685458;98.691;101.504;92.895;102.791;
1900-01-01 02:37:39;632.0;1745685459;98.76;101.504;92.895;102.766;
1900-01-01 02:37:40;633.0;1745685460;98.76;101.563;92.931;102.736;
1900-01-01 02:37:41;634.0;1745685461;98.704;101.536;92.931;102.736;
1900-01-01 02:37:42;635.0;1745685462;98.83;101.536;92.896;102.707;
1900-01-01 02:37:43;636.0;1745685463;98.83;101.578;92.898;102.707;
1900-01-01 02:37:44;637.0;1745685464;98.781;101.488;92.898;102.723;
1900-01-01 02:37:45;638.0;1745685465;98.774;101.488;92.958;102.758;
1900-01-01 02:37:46;639.0;1745685466;98.774;101.497;92.954;102.693;
1900-01-01 02:37:47;640.0;1745685467;98.841;101.446;92.954;102.693;
1900-01-01 02:37:48;641.0;1745685468;98.841;101.446;92.997;102.656;
1900-01-01 02:37:49;642.0;1745685469;98.683;101.442;92.994;102.658;
1900-01-01 02:37:50;643.0;1745685470;98.744;101.442;92.994;102.658;
1900-01-01 02:37:51;644.0;1745685471;98.744;101.332;92.88;102.759;
1900-01-01 02:37:52;645.0;1745685472;98.664;101.305;92.935;102.759;
1900-01-01 02:37:53;646.0;1745685473;98.694;101.305;92.935;102.594;
1900-01-01 02:37:54;647.0;1745685474;98.694;101.329;92.981;102.634;
1900-01-01 02:37:55;648.0;1745685475;98.612;101.255;92.982;102.634;
1900-01-01 02:37:56;649.0;1745685476;98.573;101.255;92.982;102.706;
1900-01-01 02:37:57;650.0;1745685477;98.573;101.373;92.953;102.754;
1900-01-01 02:37:58;651.0;1745685478;98.541;101.434;92.953;102.754;
1900-01-01 02:37:59;652.0;1745685479;98.562;101.434;92.848;102.703;
1900-01-01 02:38:00;653.0;1745685480;98.562;101.443;92.717;102.662;
1900-01-01 02:38:01;654.0;1745685481;98.522;101.483;92.717;102.662;
1900-01-01 02:38:02;655.0;1745685482;98.681;101.483;92.635;102.667;
1900-01-01 02:38:03;656.0;1745685483;98.681;101.419;92.645;102.718;
1900-01-01 02:38:04;657.0;1745685484;98.611;101.432;92.645;102.718;
1900-01-01 02:38:05;658.0;1745685485;98.611;101.432;92.751;102.657;
1900-01-01 02:38:06;659.0;1745685486;98.651;101.456;92.789;102.682;
1900-01-01 02:38:07;660.0;1745685487;98.644;101.456;92.789;102.682;
1900-01-01 02:38:08;661.0;1745685488;98.644;101.589;92.814;102.742;
1900-01-01 02:38:09;662.0;1745685489;98.653;101.553;92.757;102.742;
1900-01-01 02:38:10;663.0;1745685490;98.609;101.553;92.757;102.638;
1900-01-01 02:38:11;664.0;1745685491;98.609;101.59;92.731;102.707;
1900-01-01 02:38:12;665.0;1745685492;98.573;101.548;92.656;102.707;
1900-01-01 02:38:13;666.0;1745685493;98.531;101.548;92.656;102.686;
1900-01-01 02:38:14;667.0;1745685494;98.531;101.363;92.635;102.643;
1900-01-01 02:38:15;668.0;1745685495;98.611;101.469;92.541;102.643;
1900-01-01 02:38:17;669.0;1745685497;98.579;101.449;92.541;102.736;
1900-01-01 02:38:17;670.0;1745685497;98.579;101.449;92.646;102.679;
1900-01-01 02:38:18;671.0;1745685498;98.526;101.567;92.698;102.679;
1900-01-01 02:38:20;672.0;1745685500;98.502;101.567;92.698;102.758;
1900-01-01 02:38:20;673.0;1745685500;98.502;101.442;92.709;102.779;
1900-01-01 02:38:21;674.0;1745685501;98.523;101.469;92.709;102.779;
1900-01-01 02:38:22;675.0;1745685502;98.523;101.469;92.607;102.751;
1900-01-01 02:38:23;676.0;1745685503;98.574;101.458;92.51;102.714;
1900-01-01 02:38:24;677.0;1745685504;98.575;101.489;92.51;102.714;
1900-01-01 02:38:26;678.0;1745685506;98.546;101.489;92.461;102.775;
1900-01-01 02:38:26;679.0;1745685506;98.546;101.45;92.501;102.775;
1900-01-01 02:38:27;680.0;1745685507;98.468;101.439;92.501;102.74;
1900-01-01 02:38:28;681.0;1745685508;98.503;101.439;92.458;102.753;
1900-01-01 02:38:29;682.0;1745685509;98.503;101.452;92.589;102.753;
1900-01-01 02:38:30;683.0;1745685510;98.512;101.465;92.589;102.779;
1900-01-01 02:38:31;684.0;1745685511;98.512;101.465;92.62;102.726;
1900-01-01 02:38:32;685.0;1745685512;98.459;101.486;92.665;102.726;
1900-01-01 02:38:33;686.0;1745685513;98.443;101.481;92.665;102.68;
1900-01-01 02:38:34;687.0;1745685514;98.443;101.481;92.657;102.664;
1900-01-01 02:38:35;688.0;1745685515;98.435;101.484;92.64;102.664;
1900-01-01 02:38:36;689.0;1745685516;98.386;101.538;92.64;102.673;
1900-01-01 02:38:37;690.0;1745685517;98.386;101.538;92.604;102.685;
1900-01-01 02:38:38;691.0;1745685518;98.342;101.497;92.552;102.685;
1900-01-01 02:38:39;692.0;1745685519;98.29;101.497;92.552;102.772;
1900-01-01 02:38:40;693.0;1745685520;98.29;101.476;92.508;102.76;
1900-01-01 02:38:41;694.0;1745685521;98.393;101.48;92.508;102.76;
1900-01-01 02:38:42;695.0;1745685522;98.441;101.48;92.528;102.791;
1900-01-01 02:38:43;696.0;1745685523;98.441;101.329;92.538;102.791;
1900-01-01 02:38:44;697.0;1745685524;98.366;101.23;92.538;102.705;
1900-01-01 02:38:45;698.0;1745685525;98.452;101.23;92.547;102.707;
1900-01-01 02:38:46;699.0;1745685526;98.452;101.234;92.439;102.753;
1900-01-01 02:38:47;700.0;1745685527;98.54;101.388;92.439;102.753;
1900-01-01 02:38:48;701.0;1745685528;98.54;101.388;92.435;102.729;
1900-01-01 02:38:49;702.0;1745685529;98.446;101.372;92.431;102.721;
1900-01-01 02:38:50;703.0;1745685530;98.399;101.493;92.431;102.721;
1900-01-01 02:38:51;704.0;1745685531;98.399;101.493;92.467;102.761;
1900-01-01 02:38:52;705.0;1745685532;98.459;101.366;92.462;102.761;
1900-01-01 02:38:53;706.0;1745685533;98.335;101.395;92.462;102.769;
1900-01-01 02:38:54;707.0;1745685534;98.335;101.395;92.306;102.72;
1900-01-01 02:38:55;708.0;1745685535;98.316;101.403;92.306;102.72;
1900-01-01 02:38:56;709.0;1745685536;98.2;101.403;92.254;102.758;
1900-01-01 02:38:57;710.0;1745685537;98.2;101.433;92.297;102.707;
1900-01-01 02:38:58;711.0;1745685538;98.405;101.418;92.297;102.707;
1900-01-01 02:38:59;712.0;1745685539;98.286;101.418;92.408;102.675;
1900-01-01 02:39:00;713.0;1745685540;98.286;101.414;92.464;102.725;
1900-01-01 02:39:01;714.0;1745685541;98.359;101.35;92.452;102.725;
1900-01-01 02:39:02;715.0;1745685542;98.35;101.35;92.452;102.741;
1900-01-01 02:39:03;716.0;1745685543;98.35;101.356;92.423;102.821;
1900-01-01 02:39:05;717.0;1745685545;98.344;101.292;92.426;102.821;
1900-01-01 02:39:05;718.0;1745685545;98.402;101.292;92.426;102.755;
1900-01-01 02:39:06;719.0;1745685546;98.402;101.357;92.429;102.722;
1900-01-01 02:39:07;720.0;1745685547;98.323;101.363;92.429;102.722;
1900-01-01 02:39:08;721.0;1745685548;98.345;101.363;92.41;102.77;
1900-01-01 02:39:09;722.0;1745685549;98.345;101.306;92.319;102.708;
1900-01-01 02:39:10;723.0;1745685550;98.267;101.272;92.319;102.708;
1900-01-01 02:39:11;724.0;1745685551;98.258;101.272;92.439;102.749;
1900-01-01 02:39:12;725.0;1745685552;98.258;101.214;92.375;102.735;
1900-01-01 02:39:13;726.0;1745685553;98.28;101.198;92.37;102.735;
1900-01-01 02:39:14;727.0;1745685554;98.196;101.198;92.37;102.663;
1900-01-01 02:39:15;728.0;1745685555;98.196;101.224;92.321;102.777;
1900-01-01 02:39:16;729.0;1745685556;98.251;101.283;92.321;102.777;
1900-01-01 02:39:17;730.0;1745685557;98.257;101.283;92.184;102.709;
1900-01-01 02:39:18;731.0;1745685558;98.257;101.286;92.191;102.766;
1900-01-01 02:39:19;732.0;1745685559;98.298;101.346;92.191;102.766;
1900-01-01 02:39:20;733.0;1745685560;98.232;101.346;92.227;102.699;
1900-01-01 02:39:21;734.0;1745685561;98.232;101.341;92.251;102.702;
1900-01-01 02:39:23;735.0;1745685563;98.184;101.295;92.213;102.702;
1900-01-01 02:39:23;736.0;1745685563;98.162;101.295;92.213;102.771;
1900-01-01 02:39:24;737.0;1745685564;98.162;101.435;92.089;102.705;
1900-01-01 02:39:25;738.0;1745685565;98.147;101.323;92.089;102.705;
1900-01-01 02:39:26;739.0;1745685566;98.147;101.323;92.281;102.743;
1900-01-01 02:39:27;740.0;1745685567;98.28;101.353;92.247;102.72;
1900-01-01 02:39:28;741.0;1745685568;98.202;101.39;92.247;102.72;
1900-01-01 02:39:29;742.0;1745685569;98.202;101.39;92.23;102.737;
1900-01-01 02:39:30;743.0;1745685570;98.189;101.306;92.186;102.737;
1900-01-01 02:39:31;744.0;1745685571;98.133;101.31;92.186;102.721;
1900-01-01 02:39:33;745.0;1745685573;98.199;101.31;92.167;102.756;
1900-01-01 02:39:33;746.0;1745685573;98.199;101.303;92.142;102.756;
1900-01-01 02:39:34;747.0;1745685574;98.137;101.269;92.142;102.753;
1900-01-01 02:39:35;748.0;1745685575;98.154;101.269;92.151;102.773;
1900-01-01 02:39:37;749.0;1745685577;98.154;101.242;92.177;102.718;
1900-01-01 02:39:37;750.0;1745685577;98.195;101.228;92.177;102.718;
1900-01-01 02:39:38;751.0;1745685578;98.195;101.228;92.216;102.744;
1900-01-01 02:39:39;752.0;1745685579;98.214;101.264;92.16;102.744;
1900-01-01 02:39:41;753.0;1745685581;98.218;101.299;92.16;102.693;
1900-01-01 02:39:41;754.0;1745685581;98.218;101.299;92.285;102.734;
1900-01-01 02:39:42;755.0;1745685582;98.238;101.358;92.196;102.734;
1900-01-01 02:39:43;756.0;1745685583;98.231;101.31;92.196;102.706;
1900-01-01 02:39:44;757.0;1745685584;98.231;101.31;92.168;102.693;
1900-01-01 02:39:45;758.0;1745685585;98.2;101.317;92.206;102.693;
1900-01-01 02:39:46;759.0;1745685586;98.202;101.317;92.206;102.742;
1900-01-01 02:39:47;760.0;1745685587;98.202;101.348;92.254;102.675;
1900-01-01 02:39:48;761.0;1745685588;98.224;101.286;92.254;102.675;
1900-01-01 02:39:49;762.0;1745685589;98.112;101.286;92.258;102.651;
1900-01-01 02:39:50;763.0;1745685590;98.112;101.394;92.08;102.755;
1900-01-01 02:39:51;764.0;1745685591;98.121;101.318;92.08;102.755;
1900-01-01 02:39:52;765.0;1745685592;98.137;101.318;91.997;102.777;
1900-01-01 02:39:53;766.0;1745685593;98.137;101.314;91.982;102.739;
1900-01-01 02:39:54;767.0;1745685594;98.203;101.361;91.982;102.739;
1900-01-01 02:39:55;768.0;1745685595;98.203;101.361;91.926;102.75;
1900-01-01 02:39:56;769.0;1745685596;98.197;101.344;91.917;102.75;
1900-01-01 02:39:57;770.0;1745685597;98.085;101.439;91.917;102.772;
1900-01-01 02:39:58;771.0;1745685598;98.085;101.439;91.881;102.748;
1900-01-01 02:39:59;772.0;1745685599;98.177;101.343;92.004;102.748;
1900-01-01 02:40:00;773.0;1745685600;98.152;101.343;92.004;102.749;
1900-01-01 02:40:01;774.0;1745685601;98.152;101.408;91.968;102.845;
1900-01-01 02:40:02;775.0;1745685602;98.126;101.294;92.032;102.845;
1900-01-01 02:40:03;776.0;1745685603;98.159;101.294;92.032;102.655;
1900-01-01 02:40:04;777.0;1745685604;98.159;101.365;91.969;102.71;
1900-01-01 02:40:05;778.0;1745685605;98.077;101.4;91.96;102.71;
1900-01-01 02:40:06;779.0;1745685606;98.092;101.4;91.96;102.742;
1900-01-01 02:40:07;780.0;1745685607;98.092;101.367;92.001;102.841;
1900-01-01 02:40:09;781.0;1745685609;98.055;101.337;91.953;102.841;
1900-01-01 02:40:09;782.0;1745685609;98.1;101.337;91.953;102.644;
1900-01-01 02:40:10;783.0;1745685610;98.1;101.312;91.946;102.669;
1900-01-01 02:40:12;784.0;1745685612;98.14;101.291;91.953;102.669;
1900-01-01 02:40:12;785.0;1745685612;98.245;101.291;91.953;102.776;
1900-01-01 02:40:13;786.0;1745685613;98.245;101.191;91.988;102.699;
1900-01-01 02:40:14;787.0;1745685614;98.22;101.249;91.988;102.699;
1900-01-01 02:40:15;788.0;1745685615;98.129;101.249;91.97;102.776;
1900-01-01 02:40:16;789.0;1745685616;98.129;101.212;91.837;102.683;
1900-01-01 02:40:17;790.0;1745685617;98.117;101.183;91.837;102.683;
1900-01-01 02:40:18;791.0;1745685618;97.967;101.183;91.874;102.75;
1900-01-01 02:40:19;792.0;1745685619;97.967;101.07;91.822;102.701;
1900-01-01 02:40:20;793.0;1745685620;97.947;101.184;91.822;102.701;
1900-01-01 02:40:21;794.0;1745685621;97.947;101.184;91.852;102.668;
1900-01-01 02:40:22;795.0;1745685622;97.964;101.143;91.818;102.668;
1900-01-01 02:40:23;796.0;1745685623;97.861;101.097;91.818;102.741;
1900-01-01 02:40:24;797.0;1745685624;97.861;101.097;91.921;102.741;
1900-01-01 02:40:25;798.0;1745685625;97.848;101.087;91.921;102.741;
1900-01-01 02:40:26;799.0;1745685626;97.73;101.087;91.725;102.726;
1900-01-01 02:40:27;800.0;1745685627;97.73;101.142;91.697;102.712;
1900-01-01 02:40:28;801.0;1745685628;97.826;101.091;91.697;102.712;
1900-01-01 02:40:29;802.0;1745685629;97.776;101.091;91.788;102.753;
1900-01-01 02:40:30;803.0;1745685630;97.776;101.15;91.74;102.66;
1900-01-01 02:40:32;804.0;1745685632;97.8;101.155;91.78;102.66;
1900-01-01 02:40:32;805.0;1745685632;97.873;101.155;91.78;102.763;
1900-01-01 02:40:33;806.0;1745685633;97.873;101.055;91.691;102.702;
1900-01-01 02:40:34;807.0;1745685634;97.946;101.202;91.691;102.702;
1900-01-01 02:40:35;808.0;1745685635;97.924;101.202;91.774;102.729;
1900-01-01 02:40:36;809.0;1745685636;97.924;101.152;91.753;102.729;
1900-01-01 02:40:37;810.0;1745685637;97.964;101.105;91.753;102.717;
1900-01-01 02:40:38;811.0;1745685638;97.919;101.105;91.689;102.741;
1900-01-01 02:40:39;812.0;1745685639;97.919;101.183;91.711;102.659;
1900-01-01 02:40:40;813.0;1745685640;98.044;101.118;91.711;102.659;
1900-01-01 02:40:41;814.0;1745685641;98.044;101.118;91.716;102.747;
1900-01-01 02:40:42;815.0;1745685642;97.963;101.122;91.608;102.727;
1900-01-01 02:40:43;816.0;1745685643;97.914;101.153;91.608;102.727;
1900-01-01 02:40:44;817.0;1745685644;97.914;101.153;91.557;102.644;
1900-01-01 02:40:45;818.0;1745685645;97.918;101.164;91.533;102.708;
1900-01-01 02:40:46;819.0;1745685646;97.832;101.164;91.533;102.708;
1900-01-01 02:40:47;820.0;1745685647;97.832;101.058;91.541;102.698;
1900-01-01 02:40:48;821.0;1745685648;97.966;101.01;91.669;102.698;
1900-01-01 02:40:49;822.0;1745685649;97.901;101.01;91.669;102.691;
1900-01-01 02:40:50;823.0;1745685650;97.901;101.021;91.706;102.812;
1900-01-01 02:40:51;824.0;1745685651;97.943;101.027;91.809;102.812;
1900-01-01 02:40:52;825.0;1745685652;98.015;101.027;91.809;102.722;
1900-01-01 02:40:53;826.0;1745685653;98.015;101.072;91.834;102.753;
1900-01-01 02:40:54;827.0;1745685654;97.923;100.947;91.674;102.753;
1900-01-01 02:40:55;828.0;1745685655;97.991;100.947;91.674;102.827;
1900-01-01 02:40:56;829.0;1745685656;97.991;100.913;91.732;102.779;
1900-01-01 02:40:57;830.0;1745685657;98.019;100.86;91.648;102.779;
1900-01-01 02:40:58;831.0;1745685658;97.983;100.86;91.648;102.787;
1900-01-01 02:40:59;832.0;1745685659;97.983;100.934;91.738;102.713;
1900-01-01 02:41:00;833.0;1745685660;97.992;100.9;91.738;102.713;
1900-01-01 02:41:01;834.0;1745685661;98.009;100.9;91.69;102.687;
1900-01-01 02:41:02;835.0;1745685662;98.009;100.892;91.7;102.795;
1900-01-01 02:41:03;836.0;1745685663;98.047;100.969;91.7;102.795;
1900-01-01 02:41:04;837.0;1745685664;98.047;100.969;91.739;102.705;
1900-01-01 02:41:05;838.0;1745685665;97.893;101.003;91.754;102.737;
1900-01-01 02:41:06;839.0;1745685666;97.875;101.089;91.754;102.737;
1900-01-01 02:41:07;840.0;1745685667;97.875;101.089;91.587;102.783;
1900-01-01 02:41:08;841.0;1745685668;97.776;101.114;91.505;102.783;
1900-01-01 02:41:10;842.0;1745685670;97.868;101.034;91.505;102.792;
1900-01-01 02:41:10;843.0;1745685670;97.868;101.034;91.339;102.766;
1900-01-01 02:41:11;844.0;1745685671;97.764;101.097;91.41;102.766;
1900-01-01 02:41:13;845.0;1745685673;97.776;101.098;91.41;102.791;
1900-01-01 02:41:13;846.0;1745685673;97.776;101.098;91.335;102.779;
1900-01-01 02:41:14;847.0;1745685674;97.71;101.027;91.414;102.779;
1900-01-01 02:41:15;848.0;1745685675;97.75;101.027;91.414;102.768;
1900-01-01 02:41:16;849.0;1745685676;97.75;101.016;91.448;102.736;
1900-01-01 02:41:17;850.0;1745685677;97.76;101.064;91.499;102.736;
1900-01-01 02:41:18;851.0;1745685678;97.674;101.064;91.499;102.742;
1900-01-01 02:41:19;852.0;1745685679;97.674;101.017;91.52;102.72;
1900-01-01 02:41:20;853.0;1745685680;97.689;100.98;91.544;102.72;
1900-01-01 02:41:21;854.0;1745685681;97.64;100.98;91.544;102.778;
1900-01-01 02:41:22;855.0;1745685682;97.64;101.002;91.568;102.729;
1900-01-01 02:41:23;856.0;1745685683;97.63;101.121;91.415;102.729;
1900-01-01 02:41:24;857.0;1745685684;97.63;101.121;91.415;102.764;
1900-01-01 02:41:25;858.0;1745685685;97.698;101.114;91.427;102.731;
1900-01-01 02:41:26;859.0;1745685686;97.711;101.147;91.427;102.731;
1900-01-01 02:41:27;860.0;1745685687;97.711;101.147;91.433;102.754;
1900-01-01 02:41:28;861.0;1745685688;97.654;101.026;91.448;102.754;
1900-01-01 02:41:29;862.0;1745685689;97.698;101.08;91.448;102.712;
1900-01-01 02:41:30;863.0;1745685690;97.698;101.08;91.481;102.825;
1900-01-01 02:41:31;864.0;1745685691;97.657;101.059;91.509;102.825;
1900-01-01 02:41:33;865.0;1745685693;97.681;101.021;91.509;102.818;
1900-01-01 02:41:33;866.0;1745685693;97.681;101.021;91.342;102.806;
1900-01-01 02:41:34;867.0;1745685694;97.716;101.097;91.389;102.806;
1900-01-01 02:41:35;868.0;1745685695;97.629;101.097;91.389;102.807;
1900-01-01 02:41:36;869.0;1745685696;97.629;101.043;91.347;102.77;
1900-01-01 02:41:38;870.0;1745685698;97.57;100.999;91.342;102.77;
1900-01-01 02:41:38;871.0;1745685698;97.623;100.999;91.342;102.846;
1900-01-01 02:41:39;872.0;1745685699;97.623;101.013;91.355;102.776;
1900-01-01 02:41:40;873.0;1745685700;97.583;101.032;91.355;102.776;
1900-01-01 02:41:41;874.0;1745685701;97.537;101.032;91.348;102.782;
1900-01-01 02:41:42;875.0;1745685702;97.537;101.095;91.501;102.812;
1900-01-01 02:41:43;876.0;1745685703;97.54;101.041;91.501;102.812;
1900-01-01 02:41:44;877.0;1745685704;97.483;101.041;91.516;102.844;
1900-01-01 02:41:45;878.0;1745685705;97.483;101.087;91.454;102.724;
1900-01-01 02:41:46;879.0;1745685706;97.546;101.048;91.454;102.724;
1900-01-01 02:41:47;880.0;1745685707;97.588;101.048;91.344;102.726;
1900-01-01 02:41:48;881.0;1745685708;97.588;101.1;91.303;102.833;
1900-01-01 02:41:49;882.0;1745685709;97.511;101.141;91.303;102.833;
1900-01-01 02:41:50;883.0;1745685710;97.511;101.141;91.253;102.864;
1900-01-01 02:41:51;884.0;1745685711;97.542;101.114;91.33;102.773;
1900-01-01 02:41:52;885.0;1745685712;97.531;101.148;91.33;102.773;
1900-01-01 02:41:53;886.0;1745685713;97.531;101.148;91.343;102.787;
1900-01-01 02:41:54;887.0;1745685714;97.632;101.144;91.279;102.787;
1900-01-01 02:41:55;888.0;1745685715;97.561;101.07;91.279;102.802;
1900-01-01 02:41:56;889.0;1745685716;97.561;101.07;91.251;102.755;
1900-01-01 02:41:57;890.0;1745685717;97.538;101.058;91.152;102.755;
1900-01-01 02:41:58;891.0;1745685718;97.609;101.045;91.152;102.793;
1900-01-01 02:41:59;892.0;1745685719;97.609;101.045;91.093;102.679;
1900-01-01 02:42:00;893.0;1745685720;97.602;101.011;91.008;102.679;
1900-01-01 02:42:02;894.0;1745685722;97.603;101.034;91.008;102.729;
1900-01-01 02:42:02;895.0;1745685722;97.603;101.034;91.043;102.841;
1900-01-01 02:42:03;896.0;1745685723;97.586;100.973;91.085;102.841;
1900-01-01 02:42:05;897.0;1745685725;97.541;101.037;91.085;102.698;
1900-01-01 02:42:05;898.0;1745685725;97.541;101.037;91.127;102.81;
1900-01-01 02:42:06;899.0;1745685726;97.604;101.005;91.249;102.81;
1900-01-01 02:42:07;900.0;1745685727;97.581;101.005;91.249;102.73;
1900-01-01 02:42:08;901.0;1745685728;97.581;100.945;91.118;102.778;
1900-01-01 02:42:09;902.0;1745685729;97.577;101.034;91.059;102.778;
1900-01-01 02:42:10;903.0;1745685730;97.577;101.034;91.059;102.781;
1900-01-01 02:42:11;904.0;1745685731;97.612;100.932;91.025;102.785;
1900-01-01 02:42:12;905.0;1745685732;97.582;100.884;91.025;102.785;
1900-01-01 02:42:13;906.0;1745685733;97.601;100.884;91.139;102.717;
1900-01-01 02:42:14;907.0;1745685734;97.601;100.874;91.08;102.717;
1900-01-01 02:42:15;908.0;1745685735;97.519;100.807;91.08;102.765;
1900-01-01 02:42:16;909.0;1745685736;97.519;100.807;91.137;102.796;
1900-01-01 02:42:17;910.0;1745685737;97.625;100.866;91.06;102.796;
1900-01-01 02:42:18;911.0;1745685738;97.492;100.782;91.06;102.855;
1900-01-01 02:42:19;912.0;1745685739;97.492;100.782;91.061;102.787;
1900-01-01 02:42:20;913.0;1745685740;97.543;100.852;91.107;102.787;
1900-01-01 02:42:21;914.0;1745685741;97.414;100.852;91.107;102.738;
1900-01-01 02:42:22;915.0;1745685742;97.414;100.858;91.105;102.845;
1900-01-01 02:42:23;916.0;1745685743;97.536;100.914;91.105;102.845;
1900-01-01 02:42:24;917.0;1745685744;97.498;100.914;91.125;102.766;
1900-01-01 02:42:25;918.0;1745685745;97.498;100.938;91.156;102.893;
1900-01-01 02:42:26;919.0;1745685746;97.554;100.942;91.103;102.893;
1900-01-01 02:42:27;920.0;1745685747;97.553;100.942;91.103;102.806;
1900-01-01 02:42:28;921.0;1745685748;97.553;100.831;91.083;102.745;
1900-01-01 02:42:29;922.0;1745685749;97.492;100.867;91.093;102.745;
1900-01-01 02:42:31;923.0;1745685751;97.517;100.72;91.093;102.783;
1900-01-01 02:42:31;924.0;1745685751;97.517;100.72;91.103;102.731;
1900-01-01 02:42:32;925.0;1745685752;97.478;100.888;90.998;102.731;
1900-01-01 02:42:33;926.0;1745685753;97.498;100.888;90.998;102.828;
1900-01-01 02:42:34;927.0;1745685754;97.498;100.853;91.088;102.755;
1900-01-01 02:42:35;928.0;1745685755;97.498;100.905;91.088;102.755;
1900-01-01 02:42:36;929.0;1745685756;97.45;100.905;91.075;102.831;
1900-01-01 02:42:37;930.0;1745685757;97.45;100.939;90.96;102.788;
1900-01-01 02:42:38;931.0;1745685758;97.439;100.903;90.96;102.788;
1900-01-01 02:42:39;932.0;1745685759;97.401;100.903;90.72;102.813;
1900-01-01 02:42:40;933.0;1745685760;97.401;100.881;90.81;102.813;
1900-01-01 02:42:41;934.0;1745685761;97.434;100.882;90.81;102.776;
1900-01-01 02:42:42;935.0;1745685762;97.417;100.882;90.9;102.762;
1900-01-01 02:42:43;936.0;1745685763;97.417;100.762;91.038;102.762;
1900-01-01 02:42:44;937.0;1745685764;97.456;100.727;91.038;102.82;
1900-01-01 02:42:45;938.0;1745685765;97.402;100.727;91.037;102.867;
1900-01-01 02:42:46;939.0;1745685766;97.402;100.855;90.947;102.867;
1900-01-01 02:42:47;940.0;1745685767;97.411;100.771;90.947;102.772;
1900-01-01 02:42:49;941.0;1745685769;97.471;100.771;90.914;102.707;
1900-01-01 02:42:49;942.0;1745685769;97.471;100.725;90.804;102.707;
1900-01-01 02:42:50;943.0;1745685770;97.398;100.698;90.804;102.833;
1900-01-01 02:42:51;944.0;1745685771;97.398;100.698;90.79;102.758;
1900-01-01 02:42:52;945.0;1745685772;97.411;100.711;90.831;102.758;
1900-01-01 02:42:53;946.0;1745685773;97.399;100.711;90.831;102.78;
1900-01-01 02:42:54;947.0;1745685774;97.399;100.776;90.895;102.798;
1900-01-01 02:42:56;948.0;1745685776;97.408;100.799;90.827;102.798;
1900-01-01 02:42:56;949.0;1745685776;97.345;100.799;90.827;102.679;
1900-01-01 02:42:57;950.0;1745685777;97.345;100.757;90.898;102.78;
1900-01-01 02:42:58;951.0;1745685778;97.44;100.6;90.898;102.78;
1900-01-01 02:42:59;952.0;1745685779;97.354;100.6;90.835;102.871;
1900-01-01 02:43:00;953.0;1745685780;97.354;100.727;90.962;102.743;
1900-01-01 02:43:01;954.0;1745685781;97.438;100.79;90.962;102.743;
1900-01-01 02:43:02;955.0;1745685782;97.342;100.79;90.995;102.765;
1900-01-01 02:43:03;956.0;1745685783;97.342;100.841;91.061;102.716;
1900-01-01 02:43:05;957.0;1745685785;97.324;100.813;90.922;102.716;
1900-01-01 02:43:05;958.0;1745685785;97.356;100.813;90.922;102.832;
1900-01-01 02:43:06;959.0;1745685786;97.356;100.825;90.972;102.785;
1900-01-01 02:43:07;960.0;1745685787;97.36;100.802;90.972;102.785;
1900-01-01 02:43:09;961.0;1745685789;97.312;100.802;90.96;102.756;
1900-01-01 02:43:09;962.0;1745685789;97.312;100.798;90.993;102.756;
1900-01-01 02:43:10;963.0;1745685790;97.317;100.829;90.993;102.774;
1900-01-01 02:43:11;964.0;1745685791;97.33;100.829;90.932;102.782;
1900-01-01 02:43:13;965.0;1745685793;97.33;100.843;90.95;102.786;
1900-01-01 02:43:13;966.0;1745685793;97.29;100.872;90.95;102.786;
1900-01-01 02:43:14;967.0;1745685794;97.29;100.872;90.873;102.734;
1900-01-01 02:43:15;968.0;1745685795;97.309;100.824;90.709;102.734;
1900-01-01 02:43:16;969.0;1745685796;97.293;100.831;90.709;102.732;
1900-01-01 02:43:17;970.0;1745685797;97.293;100.831;90.613;102.668;
1900-01-01 02:43:18;971.0;1745685798;97.308;100.808;90.647;102.668;
1900-01-01 02:43:19;972.0;1745685799;97.316;100.755;90.647;102.724;
1900-01-01 02:43:20;973.0;1745685800;97.316;100.755;90.621;102.771;
1900-01-01 02:43:21;974.0;1745685801;97.284;100.749;90.664;102.771;
1900-01-01 02:43:23;975.0;1745685803;97.232;100.839;90.664;102.729;
1900-01-01 02:43:23;976.0;1745685803;97.232;100.839;90.563;102.733;
1900-01-01 02:43:24;977.0;1745685804;97.282;100.828;90.449;102.733;
1900-01-01 02:43:25;978.0;1745685805;97.214;100.828;90.449;102.777;
1900-01-01 02:43:26;979.0;1745685806;97.214;100.722;90.489;102.706;
1900-01-01 02:43:27;980.0;1745685807;97.202;100.715;90.489;102.706;
1900-01-01 02:43:28;981.0;1745685808;97.202;100.715;90.527;102.853;
1900-01-01 02:43:29;982.0;1745685809;97.079;100.716;90.615;102.853;
1900-01-01 02:43:30;983.0;1745685810;97.119;100.638;90.615;102.818;
1900-01-01 02:43:31;984.0;1745685811;97.158;100.638;90.662;102.768;
1900-01-01 02:43:32;985.0;1745685812;97.158;100.58;90.713;102.768;
1900-01-01 02:43:33;986.0;1745685813;97.118;100.606;90.713;102.757;
1900-01-01 02:43:34;987.0;1745685814;97.118;100.606;90.738;102.734;
1900-01-01 02:43:35;988.0;1745685815;97.132;100.622;90.747;102.734;
1900-01-01 02:43:36;989.0;1745685816;97.115;100.586;90.747;102.825;
1900-01-01 02:43:37;990.0;1745685817;97.115;100.586;90.63;102.853;
1900-01-01 02:43:38;991.0;1745685818;97.099;100.61;90.557;102.853;
1900-01-01 02:43:39;992.0;1745685819;97.11;100.61;90.557;102.798;
1900-01-01 02:43:40;993.0;1745685820;97.11;100.655;90.552;102.83;
1900-01-01 02:43:41;994.0;1745685821;97.204;100.655;90.552;102.83;
1900-01-01 02:43:42;995.0;1745685822;97.166;100.655;90.467;102.827;
1900-01-01 02:43:43;996.0;1745685823;97.166;100.759;90.409;102.842;
1900-01-01 02:43:44;997.0;1745685824;97.16;100.717;90.409;102.842;
1900-01-01 02:43:45;998.0;1745685825;97.114;100.717;90.468;102.763;
1900-01-01 02:43:46;999.0;1745685826;97.114;100.696;90.403;102.78;
1900-01-01 02:43:47;1000.0;1745685827;97.101;100.689;90.393;102.78;
1900-01-01 02:43:48;1001.0;1745685828;97.096;100.689;90.393;102.784;
1900-01-01 02:43:49;1002.0;1745685829;97.096;100.719;90.426;102.744;
1900-01-01 02:43:50;1003.0;1745685830;97.009;100.716;90.408;102.744;
1900-01-01 02:43:51;1004.0;1745685831;97.009;100.716;90.408;102.806;
1900-01-01 02:43:52;1005.0;1745685832;97.073;100.697;90.314;102.734;
1900-01-01 02:43:53;1006.0;1745685833;97.083;100.704;90.314;102.734;
1900-01-01 02:43:54;1007.0;1745685834;97.083;100.704;90.465;102.842;
1900-01-01 02:43:55;1008.0;1745685835;97.084;100.817;90.432;102.842;
1900-01-01 02:43:56;1009.0;1745685836;97.034;100.796;90.432;102.867;
1900-01-01 02:43:57;1010.0;1745685837;97.034;100.796;90.5;102.76;
1900-01-01 02:43:58;1011.0;1745685838;96.948;100.689;90.531;102.76;
1900-01-01 02:43:59;1012.0;1745685839;97.011;100.809;90.531;102.937;
1900-01-01 02:44:00;1013.0;1745685840;97.011;100.809;90.509;102.822;
1900-01-01 02:44:01;1014.0;1745685841;96.982;100.756;90.565;102.822;
1900-01-01 02:44:02;1015.0;1745685842;97.016;100.756;90.565;102.858;
1900-01-01 02:44:03;1016.0;1745685843;97.016;100.69;90.553;102.878;
1900-01-01 02:44:04;1017.0;1745685844;97.036;100.706;90.553;102.878;
1900-01-01 02:44:05;1018.0;1745685845;97.084;100.706;90.452;102.887;
1900-01-01 02:44:06;1019.0;1745685846;97.084;100.591;90.537;102.853;
1900-01-01 02:44:07;1020.0;1745685847;96.998;100.58;90.51;102.853;
1900-01-01 02:44:08;1021.0;1745685848;97.099;100.58;90.51;102.821;
1900-01-01 02:44:09;1022.0;1745685849;97.099;100.639;90.547;102.831;
1900-01-01 02:44:10;1023.0;1745685850;97.1;100.611;90.547;102.831;
1900-01-01 02:44:11;1024.0;1745685851;97.019;100.611;90.598;102.803;
1900-01-01 02:44:12;1025.0;1745685852;97.019;100.558;90.541;102.804;
1900-01-01 02:44:13;1026.0;1745685853;97.036;100.572;90.541;102.804;
1900-01-01 02:44:14;1027.0;1745685854;97.146;100.572;90.428;102.89;
1900-01-01 02:44:15;1028.0;1745685855;97.146;100.554;90.329;102.782;
1900-01-01 02:44:16;1029.0;1745685856;97.041;100.552;90.306;102.782;
1900-01-01 02:44:17;1030.0;1745685857;97.079;100.552;90.306;102.714;
1900-01-01 02:44:19;1031.0;1745685859;97.079;100.496;90.283;102.795;
1900-01-01 02:44:19;1032.0;1745685859;97.06;100.447;90.283;102.795;
1900-01-01 02:44:20;1033.0;1745685860;97.019;100.447;90.233;102.876;
1900-01-01 02:44:21;1034.0;1745685861;97.019;100.458;90.284;102.804;
1900-01-01 02:44:22;1035.0;1745685862;97.0;100.558;90.297;102.804;
1900-01-01 02:44:23;1036.0;1745685863;97.02;100.558;90.297;102.792;
1900-01-01 02:44:24;1037.0;1745685864;97.02;100.465;90.225;102.718;
1900-01-01 02:44:25;1038.0;1745685865;97.035;100.503;90.225;102.718;
1900-01-01 02:44:26;1039.0;1745685866;97.059;100.503;90.29;102.817;
1900-01-01 02:44:27;1040.0;1745685867;97.059;100.509;90.278;102.817;
1900-01-01 02:44:28;1041.0;1745685868;96.932;100.488;90.278;102.761;
1900-01-01 02:44:29;1042.0;1745685869;96.969;100.488;90.348;102.754;
1900-01-01 02:44:30;1043.0;1745685870;96.969;100.45;90.342;102.743;
1900-01-01 02:44:31;1044.0;1745685871;97.035;100.442;90.342;102.743;
1900-01-01 02:44:32;1045.0;1745685872;97.035;100.442;90.266;102.835;
1900-01-01 02:44:33;1046.0;1745685873;97.006;100.435;90.173;102.835;
1900-01-01 02:44:34;1047.0;1745685874;97.082;100.376;90.173;102.698;
1900-01-01 02:44:35;1048.0;1745685875;97.082;100.376;90.12;102.689;
1900-01-01 02:44:36;1049.0;1745685876;97.05;100.4;90.029;102.689;
1900-01-01 02:44:37;1050.0;1745685877;96.986;100.393;90.029;102.754;
1900-01-01 02:44:38;1051.0;1745685878;96.986;100.393;90.094;102.719;
1900-01-01 02:44:39;1052.0;1745685879;97.056;100.429;90.129;102.719;
1900-01-01 02:44:40;1053.0;1745685880;97.131;100.429;90.129;102.809;
1900-01-01 02:44:41;1054.0;1745685881;97.131;100.506;90.064;102.719;
1900-01-01 02:44:42;1055.0;1745685882;96.965;100.451;90.064;102.719;
1900-01-01 02:44:43;1056.0;1745685883;96.995;100.451;90.089;102.795;
1900-01-01 02:44:44;1057.0;1745685884;96.995;100.521;90.061;102.76;
1900-01-01 02:44:45;1058.0;1745685885;96.915;100.531;90.011;102.76;
1900-01-01 02:44:46;1059.0;1745685886;96.8;100.531;90.011;102.707;
1900-01-01 02:44:47;1060.0;1745685887;96.8;100.485;90.024;102.872;
1900-01-01 02:44:48;1061.0;1745685888;96.844;100.499;90.024;102.872;
1900-01-01 02:44:49;1062.0;1745685889;96.757;100.499;90.12;102.723;
1900-01-01 02:44:51;1063.0;1745685891;96.757;100.605;90.054;102.735;
1900-01-01 02:44:51;1064.0;1745685891;96.758;100.619;90.054;102.735;
1900-01-01 02:44:52;1065.0;1745685892;96.667;100.619;90.05;102.774;
1900-01-01 02:44:53;1066.0;1745685893;96.667;100.545;90.064;102.832;
1900-01-01 02:44:55;1067.0;1745685895;96.654;100.474;90.064;102.832;
1900-01-01 02:44:55;1068.0;1745685895;96.654;100.474;90.057;102.721;
1900-01-01 02:44:56;1069.0;1745685896;96.504;100.533;90.075;102.717;
1900-01-01 02:44:57;1070.0;1745685897;96.527;100.467;90.075;102.717;
1900-01-01 02:44:58;1071.0;1745685898;96.527;100.467;90.031;102.834;
1900-01-01 02:44:59;1072.0;1745685899;96.502;100.431;90.01;102.834;
1900-01-01 02:45:00;1073.0;1745685900;96.45;100.442;90.01;102.761;
1900-01-01 02:45:01;1074.0;1745685901;96.45;100.442;89.967;102.877;
1900-01-01 02:45:02;1075.0;1745685902;96.398;100.323;90.032;102.877;
1900-01-01 02:45:03;1076.0;1745685903;96.415;100.323;90.032;102.859;
1900-01-01 02:45:04;1077.0;1745685904;96.415;100.386;90.048;102.72;
1900-01-01 02:45:05;1078.0;1745685905;96.33;100.372;90.048;102.72;
1900-01-01 02:45:06;1079.0;1745685906;96.437;100.372;90.132;102.841;
1900-01-01 02:45:08;1080.0;1745685908;96.437;100.352;90.107;102.842;
1900-01-01 02:45:08;1081.0;1745685908;96.367;100.452;90.107;102.842;
1900-01-01 02:45:09;1082.0;1745685909;96.365;100.452;90.179;102.821;
1900-01-01 02:45:10;1083.0;1745685910;96.365;100.334;90.154;102.821;
1900-01-01 02:45:11;1084.0;1745685911;96.308;100.452;90.154;102.787;
1900-01-01 02:45:12;1085.0;1745685912;96.326;100.452;90.16;102.831;
1900-01-01 02:45:14;1086.0;1745685914;96.326;100.496;90.065;102.734;
1900-01-01 02:45:14;1087.0;1745685914;96.313;100.399;90.065;102.734;
1900-01-01 02:45:15;1088.0;1745685915;0.0;0.0;0.0;0.0;
1900-01-01 02:45:16;1089.0;1745685916;96.242;100.496;90.003;102.879;
1900-01-01 02:45:17;1090.0;1745685917;96.363;100.442;90.003;102.879;
1900-01-01 02:45:18;1091.0;1745685918;96.363;100.442;90.108;102.795;
1900-01-01 02:45:19;1092.0;1745685919;96.297;100.466;90.007;102.832;
1900-01-01 02:45:20;1093.0;1745685920;96.271;100.449;90.007;102.832;
1900-01-01 02:45:21;1094.0;1745685921;96.271;100.449;89.956;102.798;
1900-01-01 02:45:22;1095.0;1745685922;96.291;100.501;89.87;102.798;
1900-01-01 02:45:23;1096.0;1745685923;96.302;100.457;89.87;102.809;
1900-01-01 02:45:24;1097.0;1745685924;96.302;100.457;89.665;102.823;
1900-01-01 02:45:25;1098.0;1745685925;96.182;100.491;89.69;102.823;
1900-01-01 02:45:27;1099.0;1745685927;96.171;100.483;89.69;102.804;
1900-01-01 02:45:27;1100.0;1745685927;96.171;100.483;89.772;102.839;
1900-01-01 02:45:28;1101.0;1745685928;96.211;100.453;89.743;102.839;
1900-01-01 02:45:29;1102.0;1745685929;96.126;100.453;89.743;102.815;
1900-01-01 02:45:30;1103.0;1745685930;96.126;100.541;89.751;102.73;
1900-01-01 02:45:31;1104.0;1745685931;96.18;100.385;89.835;102.73;
1900-01-01 02:45:33;1105.0;1745685933;96.175;100.385;89.835;102.824;
1900-01-01 02:45:33;1106.0;1745685933;96.175;100.476;89.883;102.79;
1900-01-01 02:45:34;1107.0;1745685934;96.094;100.542;89.883;102.79;
1900-01-01 02:45:36;1108.0;1745685936;96.083;100.542;89.854;102.842;
1900-01-01 02:45:36;1109.0;1745685936;96.083;100.342;89.869;102.844;
1900-01-01 02:45:37;1110.0;1745685937;96.064;100.387;89.869;102.844;
1900-01-01 02:45:38;1111.0;1745685938;96.064;100.387;89.916;102.759;
1900-01-01 02:45:39;1112.0;1745685939;96.035;100.334;89.99;102.759;
1900-01-01 02:45:40;1113.0;1745685940;96.016;100.412;89.99;102.857;
1900-01-01 02:45:41;1114.0;1745685941;96.016;100.412;89.96;102.73;
1900-01-01 02:45:42;1115.0;1745685942;96.068;100.376;89.861;102.73;
1900-01-01 02:45:43;1116.0;1745685943;96.008;100.362;89.861;102.816;
1900-01-01 02:45:44;1117.0;1745685944;96.008;100.362;89.788;102.764;
1900-01-01 02:45:45;1118.0;1745685945;96.024;100.354;89.705;102.764;
1900-01-01 02:45:46;1119.0;1745685946;96.048;100.354;89.705;102.798;
1900-01-01 02:45:47;1120.0;1745685947;96.048;100.383;89.62;102.773;
1900-01-01 02:45:48;1121.0;1745685948;96.01;100.384;89.637;102.773;
1900-01-01 02:45:49;1122.0;1745685949;96.002;100.384;89.637;102.754;
1900-01-01 02:45:50;1123.0;1745685950;96.002;100.349;89.586;102.701;
1900-01-01 02:45:51;1124.0;1745685951;96.052;100.289;89.586;102.701;
1900-01-01 02:45:52;1125.0;1745685952;96.043;100.289;89.718;102.734;
1900-01-01 02:45:53;1126.0;1745685953;96.043;100.388;89.645;102.843;
1900-01-01 02:45:54;1127.0;1745685954;96.071;100.307;89.645;102.843;
1900-01-01 02:45:55;1128.0;1745685955;95.958;100.307;89.68;102.796;
1900-01-01 02:45:56;1129.0;1745685956;95.958;100.29;89.637;102.819;
1900-01-01 02:45:57;1130.0;1745685957;95.951;100.354;89.637;102.819;
1900-01-01 02:45:58;1131.0;1745685958;95.94;100.354;89.67;102.844;
1900-01-01 02:45:59;1132.0;1745685959;95.94;100.309;89.593;102.814;
1900-01-01 02:46:00;1133.0;1745685960;95.928;100.319;89.593;102.814;
1900-01-01 02:46:01;1134.0;1745685961;95.928;100.319;89.57;102.782;
1900-01-01 02:46:02;1135.0;1745685962;95.913;100.162;89.544;102.782;
1900-01-01 02:46:03;1136.0;1745685963;95.962;100.147;89.544;102.841;
1900-01-01 02:46:04;1137.0;1745685964;95.962;100.147;89.485;102.827;
1900-01-01 02:46:05;1138.0;1745685965;95.962;100.187;89.469;102.827;
1900-01-01 02:46:06;1139.0;1745685966;95.935;100.187;89.469;102.801;
1900-01-01 02:46:07;1140.0;1745685967;95.935;100.109;89.517;102.813;
1900-01-01 02:46:08;1141.0;1745685968;95.9;100.026;89.584;102.813;
1900-01-01 02:46:09;1142.0;1745685969;95.953;100.026;89.584;102.821;
1900-01-01 02:46:10;1143.0;1745685970;95.953;100.088;89.519;102.814;
1900-01-01 02:46:12;1144.0;1745685972;95.904;100.097;89.497;102.814;
1900-01-01 02:46:12;1145.0;1745685972;95.923;100.097;89.497;102.726;
1900-01-01 02:46:13;1146.0;1745685973;95.923;100.13;89.626;102.827;
1900-01-01 02:46:14;1147.0;1745685974;95.937;100.131;89.626;102.827;
1900-01-01 02:46:15;1148.0;1745685975;95.916;100.131;89.538;102.79;
1900-01-01 02:46:16;1149.0;1745685976;95.916;100.233;89.651;102.746;
1900-01-01 02:46:17;1150.0;1745685977;95.953;100.152;89.651;102.746;
1900-01-01 02:46:18;1151.0;1745685978;95.921;100.152;89.615;102.808;
1900-01-01 02:46:19;1152.0;1745685979;95.921;100.18;89.614;102.74;
1900-01-01 02:46:20;1153.0;1745685980;95.887;100.149;89.614;102.74;
1900-01-01 02:46:21;1154.0;1745685981;95.887;100.149;89.621;102.751;
1900-01-01 02:46:22;1155.0;1745685982;95.867;100.183;89.534;102.751;
1900-01-01 02:46:23;1156.0;1745685983;95.816;100.286;89.534;102.852;
1900-01-01 02:46:24;1157.0;1745685984;95.816;100.286;89.579;102.899;
1900-01-01 02:46:25;1158.0;1745685985;95.814;100.282;89.59;102.899;
1900-01-01 02:46:26;1159.0;1745685986;95.846;100.282;89.59;102.83;
1900-01-01 02:46:27;1160.0;1745685987;95.846;100.343;89.648;102.786;
1900-01-01 02:46:28;1161.0;1745685988;95.838;100.237;89.704;102.786;
1900-01-01 02:46:29;1162.0;1745685989;95.848;100.226;89.704;102.789;
1900-01-01 02:46:30;1163.0;1745685990;95.848;100.226;89.678;102.844;
1900-01-01 02:46:31;1164.0;1745685991;95.777;100.289;89.589;102.844;
1900-01-01 02:46:32;1165.0;1745685992;95.812;100.295;89.589;102.832;
1900-01-01 02:46:33;1166.0;1745685993;95.812;100.295;89.609;102.793;
1900-01-01 02:46:34;1167.0;1745685994;95.737;100.238;89.558;102.793;
1900-01-01 02:46:35;1168.0;1745685995;95.651;100.238;89.558;102.786;
1900-01-01 02:46:36;1169.0;1745685996;95.651;100.179;89.548;102.864;
1900-01-01 02:46:37;1170.0;1745685997;95.593;100.165;89.496;102.864;
1900-01-01 02:46:38;1171.0;1745685998;95.504;100.165;89.496;102.76;
1900-01-01 02:46:39;1172.0;1745685999;95.504;100.129;89.384;102.839;
1900-01-01 02:46:41;1173.0;1745686001;95.475;100.18;89.286;102.839;
1900-01-01 02:46:41;1174.0;1745686001;95.42;100.18;89.286;102.765;
1900-01-01 02:46:42;1175.0;1745686002;95.42;100.104;89.207;102.806;
1900-01-01 02:46:43;1176.0;1745686003;95.481;100.068;89.207;102.806;
1900-01-01 02:46:44;1177.0;1745686004;95.481;100.068;89.32;102.829;
1900-01-01 02:46:45;1178.0;1745686005;95.47;100.084;89.327;102.847;
1900-01-01 02:46:46;1179.0;1745686006;95.551;100.12;89.327;102.847;
1900-01-01 02:46:47;1180.0;1745686007;95.551;100.12;89.331;102.87;
1900-01-01 02:46:49;1181.0;1745686009;95.568;100.114;89.249;102.867;
1900-01-01 02:46:49;1182.0;1745686009;95.631;100.114;89.249;102.867;
1900-01-01 02:46:50;1183.0;1745686010;95.631;100.052;89.216;102.842;
1900-01-01 02:46:51;1184.0;1745686011;95.621;100.151;89.236;102.842;
1900-01-01 02:46:52;1185.0;1745686012;95.7;100.129;89.236;102.764;
1900-01-01 02:46:53;1186.0;1745686013;95.7;100.129;89.227;102.831;
1900-01-01 02:46:54;1187.0;1745686014;95.725;100.109;89.197;102.831;
1900-01-01 02:46:55;1188.0;1745686015;95.771;100.109;89.197;102.836;
1900-01-01 02:46:56;1189.0;1745686016;95.771;100.101;89.158;102.775;
1900-01-01 02:46:57;1190.0;1745686017;95.662;100.037;89.158;102.775;
1900-01-01 02:46:58;1191.0;1745686018;95.662;100.037;89.117;102.805;
1900-01-01 02:46:59;1192.0;1745686019;95.662;100.135;89.045;102.83;
1900-01-01 02:47:00;1193.0;1745686020;95.66;100.094;89.045;102.83;
1900-01-01 02:47:01;1194.0;1745686021;95.611;100.094;89.125;102.818;
1900-01-01 02:47:02;1195.0;1745686022;95.611;100.02;89.087;102.818;
1900-01-01 02:47:03;1196.0;1745686023;95.648;100.066;89.087;102.846;
1900-01-01 02:47:04;1197.0;1745686024;95.659;100.066;89.215;102.77;
1900-01-01 02:47:05;1198.0;1745686025;95.659;100.15;89.164;102.75;
1900-01-01 02:47:06;1199.0;1745686026;95.63;100.154;89.164;102.75;
1900-01-01 02:47:07;1200.0;1745686027;95.626;100.154;89.241;102.806;
