Time;Seconds from start for linreg;Unix Time;ch1 po2;ch2 po2;ch3 po2;ch4 po2;
1900-01-01 07:02:09;1.0;1745701329;100.811;102.256;96.476;101.915;
1900-01-01 07:02:10;2.0;1745701330;100.811;102.289;96.433;101.895;
1900-01-01 07:02:11;3.0;1745701331;100.83;102.348;96.433;101.895;
1900-01-01 07:02:12;4.0;1745701332;100.794;102.348;96.375;101.959;
1900-01-01 07:02:13;5.0;1745701333;100.794;102.338;96.435;101.959;
1900-01-01 07:02:14;6.0;1745701334;100.773;102.319;96.435;101.917;
1900-01-01 07:02:15;7.0;1745701335;100.859;102.319;96.361;101.999;
1900-01-01 07:02:17;8.0;1745701337;100.859;102.31;96.386;101.919;
1900-01-01 07:02:17;9.0;1745701337;100.748;102.325;96.386;101.919;
1900-01-01 07:02:18;10.0;1745701338;100.748;102.325;96.439;101.939;
1900-01-01 07:02:19;11.0;1745701339;100.79;102.412;96.43;101.939;
1900-01-01 07:02:20;12.0;1745701340;100.825;102.377;96.43;101.963;
1900-01-01 07:02:21;13.0;1745701341;100.825;102.377;96.36;101.921;
1900-01-01 07:02:22;14.0;1745701342;100.803;102.303;96.355;101.921;
1900-01-01 07:02:23;15.0;1745701343;100.919;102.388;96.355;101.884;
1900-01-01 07:02:24;16.0;1745701344;100.919;102.388;96.234;101.98;
1900-01-01 07:02:25;17.0;1745701345;100.847;102.456;96.244;101.98;
1900-01-01 07:02:26;18.0;1745701346;100.825;102.316;96.244;101.888;
1900-01-01 07:02:27;19.0;1745701347;100.825;102.316;96.174;101.847;
1900-01-01 07:02:28;20.0;1745701348;100.76;102.348;96.22;101.847;
1900-01-01 07:02:29;21.0;1745701349;100.759;102.348;96.22;101.836;
1900-01-01 07:02:30;22.0;1745701350;100.759;102.386;96.344;101.894;
1900-01-01 07:02:31;23.0;1745701351;100.634;102.417;96.313;101.894;
1900-01-01 07:02:32;24.0;1745701352;100.675;102.417;96.313;101.824;
1900-01-01 07:02:33;25.0;1745701353;100.675;102.44;96.41;101.911;
1900-01-01 07:02:35;26.0;1745701355;100.677;102.394;96.371;101.911;
1900-01-01 07:02:35;27.0;1745701355;100.8;102.394;96.371;101.926;
1900-01-01 07:02:36;28.0;1745701356;100.8;102.458;96.403;101.827;
1900-01-01 07:02:38;29.0;1745701358;100.786;102.386;96.405;101.827;
1900-01-01 07:02:38;30.0;1745701358;100.843;102.386;96.405;101.88;
1900-01-01 07:02:39;31.0;1745701359;100.843;102.512;96.324;101.942;
1900-01-01 07:02:40;32.0;1745701360;100.893;102.437;96.324;101.942;
1900-01-01 07:02:41;33.0;1745701361;100.893;102.437;96.3;101.906;
1900-01-01 07:02:42;34.0;1745701362;100.921;102.426;96.309;101.906;
1900-01-01 07:02:43;35.0;1745701363;100.914;102.408;96.309;101.914;
1900-01-01 07:02:44;36.0;1745701364;100.914;102.408;96.4;101.939;
1900-01-01 07:02:45;37.0;1745701365;100.971;102.468;96.317;101.939;
1900-01-01 07:02:46;38.0;1745701366;100.966;102.38;96.317;101.94;
1900-01-01 07:02:47;39.0;1745701367;100.966;102.38;96.42;101.901;
1900-01-01 07:02:48;40.0;1745701368;100.837;102.455;96.317;101.901;
1900-01-01 07:02:49;41.0;1745701369;100.795;102.455;96.317;101.925;
1900-01-01 07:02:50;42.0;1745701370;100.795;102.419;96.361;101.866;
1900-01-01 07:02:51;43.0;1745701371;100.69;102.394;96.361;101.866;
1900-01-01 07:02:52;44.0;1745701372;100.675;102.394;96.251;101.902;
1900-01-01 07:02:53;45.0;1745701373;100.675;102.377;96.247;101.921;
1900-01-01 07:02:54;46.0;1745701374;100.694;102.344;96.229;101.921;
1900-01-01 07:02:55;47.0;1745701375;100.62;102.344;96.229;101.916;
1900-01-01 07:02:56;48.0;1745701376;100.62;102.377;96.078;101.907;
1900-01-01 07:02:57;49.0;1745701377;100.661;102.328;96.141;101.907;
1900-01-01 07:02:58;50.0;1745701378;100.661;102.328;96.141;101.937;
1900-01-01 07:02:59;51.0;1745701379;100.702;102.353;96.234;101.989;
1900-01-01 07:03:00;52.0;1745701380;100.59;102.36;96.234;101.989;
1900-01-01 07:03:02;53.0;1745701382;100.678;102.36;96.24;102.004;
1900-01-01 07:03:02;54.0;1745701382;100.678;102.357;96.197;102.004;
1900-01-01 07:03:03;55.0;1745701383;100.633;102.386;96.197;101.876;
1900-01-01 07:03:04;56.0;1745701384;100.674;102.386;96.144;101.934;
1900-01-01 07:03:05;57.0;1745701385;100.674;102.443;96.186;101.934;
1900-01-01 07:03:06;58.0;1745701386;100.628;102.385;96.186;101.86;
1900-01-01 07:03:07;59.0;1745701387;100.639;102.385;96.199;102.023;
1900-01-01 07:03:08;60.0;1745701388;100.639;102.32;96.155;102.023;
1900-01-01 07:03:09;61.0;1745701389;100.713;102.32;96.155;101.916;
1900-01-01 07:03:10;62.0;1745701390;100.713;102.273;96.073;101.904;
1900-01-01 07:03:11;63.0;1745701391;100.692;102.346;96.076;101.904;
1900-01-01 07:03:12;64.0;1745701392;100.649;102.346;96.076;101.959;
1900-01-01 07:03:13;65.0;1745701393;100.649;102.443;95.949;101.899;
1900-01-01 07:03:14;66.0;1745701394;100.78;102.39;95.935;101.899;
1900-01-01 07:03:15;67.0;1745701395;100.826;102.39;95.935;101.823;
1900-01-01 07:03:16;68.0;1745701396;100.826;102.336;95.967;101.888;
1900-01-01 07:03:17;69.0;1745701397;100.799;102.283;95.967;101.888;
1900-01-01 07:03:18;70.0;1745701398;100.855;102.283;95.906;101.911;
1900-01-01 07:03:19;71.0;1745701399;100.855;102.303;96.06;101.909;
1900-01-01 07:03:20;72.0;1745701400;100.834;102.279;96.06;101.909;
1900-01-01 07:03:21;73.0;1745701401;100.834;102.279;96.206;101.982;
1900-01-01 07:03:22;74.0;1745701402;100.829;102.342;96.22;101.862;
1900-01-01 07:03:23;75.0;1745701403;100.83;102.402;96.22;101.862;
1900-01-01 07:03:24;76.0;1745701404;100.83;102.402;96.207;101.901;
1900-01-01 07:03:25;77.0;1745701405;100.787;102.385;96.074;101.901;
1900-01-01 07:03:26;78.0;1745701406;100.801;102.28;96.074;101.968;
1900-01-01 07:03:27;79.0;1745701407;100.801;102.28;96.05;101.971;
1900-01-01 07:03:28;80.0;1745701408;100.803;102.382;96.108;101.971;
1900-01-01 07:03:29;81.0;1745701409;100.778;102.382;96.108;101.962;
1900-01-01 07:03:30;82.0;1745701410;100.778;102.393;96.148;101.924;
1900-01-01 07:03:31;83.0;1745701411;100.795;102.302;96.165;101.924;
1900-01-01 07:03:32;84.0;1745701412;100.817;102.351;96.165;101.945;
1900-01-01 07:03:33;85.0;1745701413;100.817;102.351;96.151;101.965;
1900-01-01 07:03:34;86.0;1745701414;100.707;102.405;96.104;101.965;
1900-01-01 07:03:35;87.0;1745701415;100.817;102.405;96.104;101.882;
1900-01-01 07:03:36;88.0;1745701416;100.817;102.451;96.147;101.92;
1900-01-01 07:03:37;89.0;1745701417;100.786;102.472;96.147;101.92;
1900-01-01 07:03:38;90.0;1745701418;100.854;102.472;95.977;101.869;
1900-01-01 07:03:39;91.0;1745701419;100.854;102.445;95.913;101.907;
1900-01-01 07:03:40;92.0;1745701420;100.879;102.418;95.913;101.907;
1900-01-01 07:03:41;93.0;1745701421;100.945;102.418;95.838;101.952;
1900-01-01 07:03:42;94.0;1745701422;100.945;102.419;95.822;101.904;
1900-01-01 07:03:43;95.0;1745701423;100.838;102.309;95.822;101.904;
1900-01-01 07:03:44;96.0;1745701424;100.809;102.309;95.822;101.953;
1900-01-01 07:03:45;97.0;1745701425;100.809;102.354;95.827;101.905;
1900-01-01 07:03:46;98.0;1745701426;100.781;102.361;95.827;101.905;
1900-01-01 07:03:47;99.0;1745701427;100.781;102.361;95.921;101.89;
1900-01-01 07:03:48;100.0;1745701428;100.69;102.342;95.91;101.89;
1900-01-01 07:03:50;101.0;1745701430;100.684;102.216;95.91;101.92;
1900-01-01 07:03:50;102.0;1745701430;100.684;102.216;95.995;101.912;
1900-01-01 07:03:51;103.0;1745701431;100.715;102.278;95.962;101.912;
1900-01-01 07:03:52;104.0;1745701432;100.709;102.367;95.962;101.887;
1900-01-01 07:03:53;105.0;1745701433;100.709;102.367;95.947;101.996;
1900-01-01 07:03:54;106.0;1745701434;100.647;102.303;95.927;101.996;
1900-01-01 07:03:55;107.0;1745701435;100.691;102.303;95.927;101.978;
1900-01-01 07:03:56;108.0;1745701436;100.691;102.25;95.916;101.93;
1900-01-01 07:03:57;109.0;1745701437;100.702;102.358;95.916;101.93;
1900-01-01 07:03:58;110.0;1745701438;100.677;102.358;95.78;101.908;
1900-01-01 07:03:59;111.0;1745701439;100.677;102.379;95.778;102.005;
1900-01-01 07:04:00;112.0;1745701440;100.733;102.446;95.778;102.005;
1900-01-01 07:04:02;113.0;1745701442;100.731;102.446;95.752;102.075;
1900-01-01 07:04:02;114.0;1745701442;100.731;102.385;95.735;102.075;
1900-01-01 07:04:03;115.0;1745701443;100.68;102.4;95.735;101.987;
1900-01-01 07:04:04;116.0;1745701444;100.68;102.4;95.759;101.912;
1900-01-01 07:04:05;117.0;1745701445;100.657;102.365;95.743;101.912;
1900-01-01 07:04:06;118.0;1745701446;100.676;102.352;95.743;101.882;
1900-01-01 07:04:07;119.0;1745701447;100.676;102.352;95.7;101.994;
1900-01-01 07:04:08;120.0;1745701449;100.654;102.443;95.747;101.994;
1900-01-01 07:04:09;121.0;1745701449;100.687;102.443;95.747;101.958;
1900-01-01 07:04:10;122.0;1745701450;100.687;102.418;95.673;101.955;
1900-01-01 07:04:11;123.0;1745701451;100.748;102.391;95.622;101.955;
1900-01-01 07:04:12;124.0;1745701452;100.735;102.418;95.622;101.89;
1900-01-01 07:04:13;125.0;1745701453;100.735;102.418;95.622;101.963;
1900-01-01 07:04:14;126.0;1745701454;100.798;102.495;95.638;101.963;
1900-01-01 07:04:15;127.0;1745701455;100.807;102.495;95.638;101.991;
1900-01-01 07:04:16;128.0;1745701456;100.807;102.469;95.744;101.915;
1900-01-01 07:04:17;129.0;1745701457;100.774;102.304;95.691;101.915;
1900-01-01 07:04:18;130.0;1745701458;100.751;102.321;95.691;101.944;
1900-01-01 07:04:19;131.0;1745701459;100.751;102.321;95.71;101.936;
1900-01-01 07:04:20;132.0;1745701460;100.757;102.356;95.664;101.936;
1900-01-01 07:04:21;133.0;1745701461;100.774;102.356;95.664;101.914;
1900-01-01 07:04:22;134.0;1745701462;100.774;102.378;95.613;101.941;
1900-01-01 07:04:23;135.0;1745701463;100.717;102.353;95.484;101.941;
1900-01-01 07:04:24;136.0;1745701464;100.694;102.353;95.484;101.961;
1900-01-01 07:04:25;137.0;1745701465;100.694;102.355;95.438;101.92;
1900-01-01 07:04:26;138.0;1745701466;100.671;102.435;95.483;101.92;
1900-01-01 07:04:27;139.0;1745701467;100.582;102.435;95.483;101.92;
1900-01-01 07:04:28;140.0;1745701468;100.582;102.329;95.426;101.911;
1900-01-01 07:04:29;141.0;1745701469;100.544;102.341;95.559;101.911;
1900-01-01 07:04:30;142.0;1745701470;100.621;102.341;95.559;102.001;
1900-01-01 07:04:31;143.0;1745701471;100.621;102.293;95.574;101.91;
1900-01-01 07:04:32;144.0;1745701472;100.604;102.324;95.574;101.91;
1900-01-01 07:04:33;145.0;1745701473;100.585;102.324;95.565;101.93;
1900-01-01 07:04:34;146.0;1745701474;100.585;102.27;95.654;101.93;
1900-01-01 07:04:35;147.0;1745701475;100.578;102.306;95.654;101.962;
1900-01-01 07:04:36;148.0;1745701476;100.565;102.306;95.618;101.915;
1900-01-01 07:04:37;149.0;1745701477;100.565;102.3;95.595;101.915;
1900-01-01 07:04:38;150.0;1745701478;100.544;102.237;95.595;101.894;
1900-01-01 07:04:39;151.0;1745701479;100.544;102.237;95.654;101.936;
1900-01-01 07:04:40;152.0;1745701480;100.502;102.385;95.674;101.936;
1900-01-01 07:04:41;153.0;1745701481;100.493;102.235;95.674;101.936;
1900-01-01 07:04:42;154.0;1745701482;100.493;102.235;95.684;101.891;
1900-01-01 07:04:43;155.0;1745701483;100.528;102.274;95.644;101.891;
1900-01-01 07:04:44;156.0;1745701484;100.619;102.288;95.644;101.983;
1900-01-01 07:04:45;157.0;1745701485;100.619;102.288;95.624;101.861;
1900-01-01 07:04:46;158.0;1745701486;100.602;102.166;95.594;101.861;
1900-01-01 07:04:47;159.0;1745701487;100.637;102.166;95.594;101.937;
1900-01-01 07:04:48;160.0;1745701488;100.637;102.27;95.508;101.878;
1900-01-01 07:04:49;161.0;1745701489;100.692;102.314;95.508;101.878;
1900-01-01 07:04:50;162.0;1745701490;100.816;102.314;95.56;101.98;
1900-01-01 07:04:51;163.0;1745701491;100.816;102.188;95.591;101.907;
1900-01-01 07:04:52;164.0;1745701492;100.776;102.17;95.591;101.907;
1900-01-01 07:04:53;165.0;1745701493;100.8;102.17;95.557;101.944;
1900-01-01 07:04:54;166.0;1745701494;100.8;102.192;95.538;101.907;
1900-01-01 07:04:55;167.0;1745701495;100.712;102.226;95.538;101.907;
1900-01-01 07:04:56;168.0;1745701496;100.712;102.226;95.524;101.916;
1900-01-01 07:04:57;169.0;1745701497;100.655;102.198;95.479;101.917;
1900-01-01 07:04:58;170.0;1745701498;100.606;102.261;95.479;101.917;
1900-01-01 07:04:59;171.0;1745701499;100.606;102.261;95.323;101.892;
1900-01-01 07:05:00;172.0;1745701500;100.544;102.202;95.354;101.892;
1900-01-01 07:05:01;173.0;1745701501;100.629;102.341;95.354;102.008;
1900-01-01 07:05:02;174.0;1745701502;100.629;102.341;95.351;101.96;
1900-01-01 07:05:03;175.0;1745701503;100.613;102.294;95.298;101.96;
1900-01-01 07:05:04;176.0;1745701504;100.775;102.324;95.298;101.972;
1900-01-01 07:05:05;177.0;1745701505;100.775;102.324;95.328;102.005;
1900-01-01 07:05:06;178.0;1745701506;100.685;102.355;95.328;102.005;
1900-01-01 07:05:07;179.0;1745701507;100.729;102.355;95.345;101.853;
1900-01-01 07:05:08;180.0;1745701508;100.729;102.351;95.255;101.964;
1900-01-01 07:05:09;181.0;1745701509;100.813;102.272;95.313;101.964;
1900-01-01 07:05:10;182.0;1745701510;100.704;102.272;95.313;101.991;
1900-01-01 07:05:11;183.0;1745701511;100.704;102.312;95.231;101.943;
1900-01-01 07:05:12;184.0;1745701512;100.701;102.336;95.194;101.943;
1900-01-01 07:05:13;185.0;1745701513;100.679;102.336;95.194;101.866;
1900-01-01 07:05:14;186.0;1745701514;100.679;102.422;95.31;101.832;
1900-01-01 07:05:15;187.0;1745701515;100.742;102.444;95.31;101.832;
1900-01-01 07:05:16;188.0;1745701516;100.77;102.444;95.308;101.864;
1900-01-01 07:05:17;189.0;1745701517;100.77;102.404;95.316;101.864;
1900-01-01 07:05:18;190.0;1745701518;100.701;102.377;95.316;101.846;
1900-01-01 07:05:19;191.0;1745701519;100.686;102.377;95.384;101.853;
1900-01-01 07:05:20;192.0;1745701520;100.686;102.397;95.314;101.792;
1900-01-01 07:05:21;193.0;1745701521;100.695;102.417;95.314;101.792;
1900-01-01 07:05:22;194.0;1745701522;100.695;102.417;95.307;101.822;
1900-01-01 07:05:23;195.0;1745701523;100.611;102.427;95.276;101.893;
1900-01-01 07:05:24;196.0;1745701524;100.552;102.427;95.276;101.893;
1900-01-01 07:05:25;197.0;1745701525;100.552;102.317;95.233;101.979;
1900-01-01 07:05:26;198.0;1745701526;100.472;102.283;95.174;101.979;
1900-01-01 07:05:27;199.0;1745701527;100.374;102.283;95.174;101.95;
1900-01-01 07:05:28;200.0;1745701528;100.374;102.36;95.282;101.873;
1900-01-01 07:05:29;201.0;1745701529;100.448;102.333;95.203;101.873;
1900-01-01 07:05:30;202.0;1745701530;100.54;102.333;95.203;101.914;
1900-01-01 07:05:31;203.0;1745701531;100.54;102.232;95.243;101.899;
1900-01-01 07:05:32;204.0;1745701532;100.446;102.311;95.243;101.899;
1900-01-01 07:05:33;205.0;1745701533;100.481;102.311;95.247;101.92;
1900-01-01 07:05:34;206.0;1745701534;100.481;102.224;95.272;101.978;
1900-01-01 07:05:35;207.0;1745701535;100.574;102.277;95.272;101.978;
1900-01-01 07:05:36;208.0;1745701536;100.461;102.277;95.228;101.92;
1900-01-01 07:05:37;209.0;1745701537;100.461;102.264;95.178;101.954;
1900-01-01 07:05:38;210.0;1745701538;100.502;102.317;95.178;101.954;
1900-01-01 07:05:39;211.0;1745701539;100.502;102.317;95.125;101.941;
1900-01-01 07:05:40;212.0;1745701540;100.517;102.305;95.093;101.941;
1900-01-01 07:05:42;213.0;1745701542;100.543;102.25;95.093;101.869;
1900-01-01 07:05:42;214.0;1745701542;100.543;102.25;95.135;102.009;
1900-01-01 07:05:43;215.0;1745701543;100.571;102.27;95.232;102.009;
1900-01-01 07:05:44;216.0;1745701544;100.56;102.28;95.232;101.938;
1900-01-01 07:05:45;217.0;1745701545;100.56;102.28;95.17;101.981;
1900-01-01 07:05:46;218.0;1745701546;100.541;102.249;95.294;101.981;
1900-01-01 07:05:47;219.0;1745701547;100.481;102.249;95.294;101.965;
1900-01-01 07:05:48;220.0;1745701548;100.481;102.319;95.236;102.062;
1900-01-01 07:05:49;221.0;1745701549;100.441;102.346;95.236;102.062;
1900-01-01 07:05:50;222.0;1745701550;100.43;102.346;95.331;101.902;
1900-01-01 07:05:51;223.0;1745701551;100.43;102.337;95.279;101.971;
1900-01-01 07:05:52;224.0;1745701552;100.43;102.3;95.279;101.971;
1900-01-01 07:05:53;225.0;1745701553;100.548;102.3;95.195;102.107;
1900-01-01 07:05:54;226.0;1745701554;100.548;102.344;95.158;101.998;
1900-01-01 07:05:55;227.0;1745701555;100.599;102.326;95.158;101.998;
1900-01-01 07:05:56;228.0;1745701556;100.6;102.326;95.167;101.978;
1900-01-01 07:05:57;229.0;1745701557;100.6;102.423;95.166;101.978;
1900-01-01 07:05:58;230.0;1745701558;100.515;102.338;95.166;102.033;
1900-01-01 07:05:59;231.0;1745701559;100.533;102.338;95.139;101.905;
1900-01-01 07:06:00;232.0;1745701560;100.533;102.3;95.091;101.905;
1900-01-01 07:06:01;233.0;1745701561;100.566;102.335;95.091;101.896;
1900-01-01 07:06:02;234.0;1745701562;100.566;102.335;94.933;102.044;
1900-01-01 07:06:03;235.0;1745701563;100.661;102.404;94.909;102.044;
1900-01-01 07:06:05;236.0;1745701565;100.596;102.302;94.909;101.935;
1900-01-01 07:06:05;237.0;1745701565;100.596;102.302;94.922;101.931;
1900-01-01 07:06:06;238.0;1745701566;100.66;102.285;94.885;101.931;
1900-01-01 07:06:07;239.0;1745701567;100.609;102.285;94.885;101.901;
1900-01-01 07:06:08;240.0;1745701568;100.609;102.362;94.963;101.92;
1900-01-01 07:06:09;241.0;1745701569;100.545;102.273;94.916;101.92;
1900-01-01 07:06:10;242.0;1745701570;100.549;102.273;94.916;101.868;
1900-01-01 07:06:11;243.0;1745701571;100.549;102.317;94.974;101.987;
1900-01-01 07:06:12;244.0;1745701572;100.491;102.282;94.974;101.987;
1900-01-01 07:06:13;245.0;1745701573;100.521;102.282;94.958;101.913;
1900-01-01 07:06:14;246.0;1745701574;100.521;102.237;94.985;101.955;
1900-01-01 07:06:16;247.0;1745701576;100.617;102.258;94.985;101.955;
1900-01-01 07:06:16;248.0;1745701576;100.617;102.258;95.005;102.004;
1900-01-01 07:06:17;249.0;1745701577;100.571;102.232;94.895;102.004;
1900-01-01 07:06:18;250.0;1745701578;100.484;102.243;94.895;101.913;
1900-01-01 07:06:20;251.0;1745701580;100.582;102.243;94.974;101.885;
1900-01-01 07:06:20;252.0;1745701580;100.582;102.243;94.984;101.885;
1900-01-01 07:06:21;253.0;1745701581;100.645;102.294;94.984;101.867;
1900-01-01 07:06:22;254.0;1745701582;100.645;102.294;94.938;101.896;
1900-01-01 07:06:23;255.0;1745701583;100.639;102.308;94.902;101.896;
1900-01-01 07:06:24;256.0;1745701584;100.615;102.308;94.902;101.949;
1900-01-01 07:06:25;257.0;1745701585;100.615;102.241;94.909;101.922;
1900-01-01 07:06:26;258.0;1745701586;100.54;102.385;94.845;101.922;
1900-01-01 07:06:27;259.0;1745701587;100.54;102.385;94.845;101.987;
1900-01-01 07:06:28;260.0;1745701588;100.54;102.311;94.949;102.056;
1900-01-01 07:06:29;261.0;1745701589;100.497;102.348;94.965;102.056;
1900-01-01 07:06:30;262.0;1745701590;100.553;102.348;94.965;101.95;
1900-01-01 07:06:31;263.0;1745701591;100.553;102.264;94.863;102.021;
1900-01-01 07:06:33;264.0;1745701593;100.526;102.303;94.884;102.021;
1900-01-01 07:06:33;265.0;1745701593;100.516;102.303;94.884;101.973;
1900-01-01 07:06:34;266.0;1745701594;100.516;102.31;94.861;101.937;
1900-01-01 07:06:35;267.0;1745701595;100.43;102.338;94.861;101.937;
1900-01-01 07:06:37;268.0;1745701597;100.402;102.338;94.897;101.973;
1900-01-01 07:06:37;269.0;1745701597;100.402;102.286;94.849;101.974;
1900-01-01 07:06:38;270.0;1745701598;100.467;102.3;94.849;101.974;
1900-01-01 07:06:39;271.0;1745701599;100.467;102.3;94.898;102.023;
1900-01-01 07:06:40;272.0;1745701600;100.478;102.273;94.849;102.023;
1900-01-01 07:06:42;273.0;1745701602;100.412;102.319;94.849;101.88;
1900-01-01 07:06:42;274.0;1745701602;100.412;102.319;94.862;101.943;
1900-01-01 07:06:43;275.0;1745701603;100.433;102.288;94.874;101.943;
1900-01-01 07:06:44;276.0;1745701604;100.571;102.338;94.874;101.907;
1900-01-01 07:06:45;277.0;1745701605;100.571;102.338;94.985;102.012;
1900-01-01 07:06:46;278.0;1745701606;100.544;102.361;94.909;102.012;
1900-01-01 07:06:47;279.0;1745701607;100.467;102.361;94.909;101.84;
1900-01-01 07:06:48;280.0;1745701608;100.467;102.347;94.931;101.866;
1900-01-01 07:06:49;281.0;1745701609;100.493;102.269;94.855;101.866;
1900-01-01 07:06:50;282.0;1745701610;100.597;102.269;94.855;101.907;
1900-01-01 07:06:51;283.0;1745701611;100.597;102.26;94.708;101.955;
1900-01-01 07:06:52;284.0;1745701612;100.528;102.365;94.784;101.955;
1900-01-01 07:06:53;285.0;1745701613;100.505;102.365;94.784;102.023;
1900-01-01 07:06:54;286.0;1745701614;100.505;102.362;94.662;101.992;
1900-01-01 07:06:55;287.0;1745701615;100.476;102.339;94.691;101.992;
1900-01-01 07:06:56;288.0;1745701616;100.476;102.339;94.691;101.966;
1900-01-01 07:06:57;289.0;1745701617;100.397;102.296;94.692;102.023;
1900-01-01 07:06:58;290.0;1745701618;100.404;102.239;94.692;102.023;
1900-01-01 07:06:59;291.0;1745701619;100.404;102.239;94.633;101.977;
1900-01-01 07:07:00;292.0;1745701620;100.369;102.265;94.596;101.977;
1900-01-01 07:07:01;293.0;1745701621;100.388;102.284;94.596;101.82;
1900-01-01 07:07:02;294.0;1745701622;100.446;102.284;94.61;101.91;
1900-01-01 07:07:03;295.0;1745701623;100.446;102.19;94.611;101.91;
1900-01-01 07:07:04;296.0;1745701624;100.386;102.186;94.611;102.079;
1900-01-01 07:07:05;297.0;1745701625;100.386;102.186;94.648;102.034;
1900-01-01 07:07:07;298.0;1745701627;100.34;102.219;94.617;101.905;
1900-01-01 07:07:07;299.0;1745701627;100.422;102.219;94.617;101.905;
1900-01-01 07:07:08;300.0;1745701628;100.422;102.186;94.545;101.971;
1900-01-01 07:07:09;301.0;1745701629;100.326;102.192;94.573;101.971;
1900-01-01 07:07:10;302.0;1745701630;100.354;102.192;94.573;101.975;
1900-01-01 07:07:11;303.0;1745701631;100.354;102.183;94.598;101.919;
1900-01-01 07:07:13;304.0;1745701633;100.29;102.265;94.616;101.919;
1900-01-01 07:07:13;305.0;1745701633;100.307;102.265;94.616;101.971;
1900-01-01 07:07:14;306.0;1745701634;100.307;102.212;94.636;101.969;
1900-01-01 07:07:15;307.0;1745701635;100.263;102.148;94.636;101.969;
1900-01-01 07:07:16;308.0;1745701636;100.262;102.148;94.605;101.917;
1900-01-01 07:07:17;309.0;1745701637;100.262;102.203;94.631;101.939;
1900-01-01 07:07:18;310.0;1745701638;100.274;102.131;94.631;101.939;
1900-01-01 07:07:19;311.0;1745701639;100.275;102.131;94.496;101.91;
1900-01-01 07:07:20;312.0;1745701640;100.275;102.149;94.566;101.966;
1900-01-01 07:07:21;313.0;1745701641;100.285;102.212;94.566;101.966;
1900-01-01 07:07:22;314.0;1745701642;100.285;102.212;94.542;101.885;
1900-01-01 07:07:23;315.0;1745701643;100.324;102.139;94.588;101.885;
1900-01-01 07:07:24;316.0;1745701644;100.246;102.158;94.588;102.016;
1900-01-01 07:07:26;317.0;1745701646;100.379;102.158;94.569;101.928;
1900-01-01 07:07:26;318.0;1745701646;100.379;102.191;94.581;101.928;
1900-01-01 07:07:27;319.0;1745701647;100.491;102.185;94.581;101.915;
1900-01-01 07:07:28;320.0;1745701648;100.491;102.185;94.541;101.992;
1900-01-01 07:07:29;321.0;1745701649;100.466;102.132;94.504;101.992;
1900-01-01 07:07:30;322.0;1745701650;100.445;102.053;94.504;102.042;
1900-01-01 07:07:31;323.0;1745701651;100.445;102.053;94.481;101.981;
1900-01-01 07:07:32;324.0;1745701652;100.469;102.139;94.486;101.981;
1900-01-01 07:07:33;325.0;1745701653;100.569;102.139;94.486;101.915;
1900-01-01 07:07:34;326.0;1745701654;100.569;102.081;94.402;101.946;
1900-01-01 07:07:35;327.0;1745701655;100.584;102.144;94.402;101.946;
1900-01-01 07:07:36;328.0;1745701656;100.518;102.144;94.445;101.95;
1900-01-01 07:07:37;329.0;1745701657;100.518;102.054;94.407;101.952;
1900-01-01 07:07:38;330.0;1745701658;100.523;102.141;94.369;101.952;
1900-01-01 07:07:39;331.0;1745701659;100.499;102.141;94.369;101.949;
1900-01-01 07:07:40;332.0;1745701660;100.499;102.154;94.391;101.931;
1900-01-01 07:07:41;333.0;1745701661;100.463;102.138;94.391;101.931;
1900-01-01 07:07:43;334.0;1745701663;100.444;102.138;94.392;101.965;
1900-01-01 07:07:43;335.0;1745701663;100.444;102.186;94.436;101.963;
1900-01-01 07:07:44;336.0;1745701664;100.389;102.172;94.436;101.963;
1900-01-01 07:07:45;337.0;1745701665;100.389;102.172;94.452;101.94;
1900-01-01 07:07:46;338.0;1745701666;100.335;102.164;94.507;101.965;
1900-01-01 07:07:48;339.0;1745701668;100.357;102.171;94.507;101.965;
1900-01-01 07:07:48;340.0;1745701668;100.357;102.171;94.391;101.966;
1900-01-01 07:07:49;341.0;1745701669;100.312;102.193;94.362;101.966;
1900-01-01 07:07:50;342.0;1745701670;100.257;102.229;94.362;101.988;
1900-01-01 07:07:51;343.0;1745701671;100.257;102.229;94.411;101.968;
1900-01-01 07:07:52;344.0;1745701672;100.312;102.197;94.476;101.968;
1900-01-01 07:07:54;345.0;1745701674;100.268;102.248;94.476;101.957;
1900-01-01 07:07:54;346.0;1745701674;100.268;102.248;94.456;102.011;
1900-01-01 07:07:55;347.0;1745701675;100.277;102.207;94.466;102.011;
1900-01-01 07:07:56;348.0;1745701676;100.324;102.207;94.466;101.952;
1900-01-01 07:07:57;349.0;1745701677;100.324;102.308;94.525;101.887;
1900-01-01 07:07:58;350.0;1745701678;100.373;102.146;94.443;101.887;
1900-01-01 07:07:59;351.0;1745701679;100.373;102.146;94.443;101.971;
1900-01-01 07:08:00;352.0;1745701680;100.404;102.253;94.422;101.922;
1900-01-01 07:08:01;353.0;1745701681;100.304;102.301;94.422;101.922;
1900-01-01 07:08:02;354.0;1745701682;100.304;102.301;94.322;101.933;
1900-01-01 07:08:03;355.0;1745701683;100.285;102.189;94.325;101.933;
1900-01-01 07:08:05;356.0;1745701685;100.286;102.226;94.325;101.944;
1900-01-01 07:08:05;357.0;1745701685;100.286;102.226;94.286;101.9;
1900-01-01 07:08:06;358.0;1745701686;100.21;102.243;94.337;101.9;
1900-01-01 07:08:07;359.0;1745701687;100.309;102.223;94.337;101.953;
1900-01-01 07:08:08;360.0;1745701688;100.309;102.223;94.249;101.972;
1900-01-01 07:08:09;361.0;1745701689;100.284;102.197;94.29;101.972;
1900-01-01 07:08:10;362.0;1745701690;100.203;102.197;94.29;101.999;
1900-01-01 07:08:11;363.0;1745701691;100.203;102.197;94.251;101.978;
1900-01-01 07:08:12;364.0;1745701692;100.167;102.173;94.222;101.978;
1900-01-01 07:08:13;365.0;1745701693;100.215;102.173;94.222;101.947;
1900-01-01 07:08:14;366.0;1745701694;100.215;102.252;94.224;101.939;
1900-01-01 07:08:15;367.0;1745701695;100.28;102.267;94.224;101.939;
1900-01-01 07:08:16;368.0;1745701696;100.288;102.267;94.276;101.955;
1900-01-01 07:08:17;369.0;1745701697;100.288;102.197;94.236;101.957;
1900-01-01 07:08:18;370.0;1745701698;100.313;102.23;94.236;101.957;
1900-01-01 07:08:19;371.0;1745701699;100.362;102.23;94.206;101.993;
1900-01-01 07:08:20;372.0;1745701700;100.362;102.267;94.239;101.972;
1900-01-01 07:08:21;373.0;1745701701;100.239;102.228;94.239;101.972;
1900-01-01 07:08:22;374.0;1745701702;100.269;102.228;94.133;101.9;
1900-01-01 07:08:23;375.0;1745701703;100.269;102.139;94.086;101.909;
1900-01-01 07:08:24;376.0;1745701704;100.218;102.096;94.086;101.909;
1900-01-01 07:08:25;377.0;1745701705;100.218;102.096;94.107;101.909;
1900-01-01 07:08:26;378.0;1745701706;100.145;102.095;94.104;101.939;
1900-01-01 07:08:28;379.0;1745701708;100.142;102.123;94.104;101.939;
1900-01-01 07:08:28;380.0;1745701708;100.142;102.123;94.167;101.849;
1900-01-01 07:08:29;381.0;1745701709;100.151;102.074;94.145;101.849;
1900-01-01 07:08:30;382.0;1745701710;100.214;102.104;94.145;101.974;
1900-01-01 07:08:31;383.0;1745701711;100.214;102.104;94.109;101.967;
1900-01-01 07:08:32;384.0;1745701712;100.217;102.101;94.199;101.967;
1900-01-01 07:08:33;385.0;1745701713;100.2;102.101;94.199;101.962;
1900-01-01 07:08:34;386.0;1745701714;100.2;102.112;94.189;102.029;
1900-01-01 07:08:35;387.0;1745701715;100.275;102.202;94.215;102.029;
1900-01-01 07:08:36;388.0;1745701716;100.276;102.202;94.215;101.996;
1900-01-01 07:08:37;389.0;1745701717;100.276;102.153;94.147;101.927;
1900-01-01 07:08:38;390.0;1745701718;100.281;102.147;94.088;101.927;
1900-01-01 07:08:39;391.0;1745701719;100.281;102.147;94.088;102.051;
1900-01-01 07:08:40;392.0;1745701720;100.349;102.15;94.015;101.979;
1900-01-01 07:08:41;393.0;1745701721;100.345;102.056;94.015;101.979;
1900-01-01 07:08:42;394.0;1745701722;100.345;102.056;93.972;102.064;
1900-01-01 07:08:43;395.0;1745701723;100.297;102.119;94.05;101.992;
1900-01-01 07:08:45;396.0;1745701725;100.319;102.198;94.05;101.992;
1900-01-01 07:08:45;397.0;1745701725;100.319;102.198;93.938;101.996;
1900-01-01 07:08:46;398.0;1745701726;100.232;102.137;93.929;101.996;
1900-01-01 07:08:47;399.0;1745701727;100.358;102.133;93.929;102.004;
1900-01-01 07:08:48;400.0;1745701728;100.358;102.133;93.878;102.012;
1900-01-01 07:08:49;401.0;1745701729;100.376;102.174;93.842;102.012;
1900-01-01 07:08:50;402.0;1745701730;100.324;102.055;93.842;101.997;
1900-01-01 07:08:51;403.0;1745701731;100.324;102.055;93.876;101.99;
1900-01-01 07:08:52;404.0;1745701732;100.401;102.147;93.88;101.99;
1900-01-01 07:08:53;405.0;1745701733;100.403;102.147;93.88;101.994;
1900-01-01 07:08:54;406.0;1745701734;100.403;102.174;93.868;101.973;
1900-01-01 07:08:55;407.0;1745701735;100.273;102.059;93.875;101.973;
1900-01-01 07:08:56;408.0;1745701736;100.323;102.059;93.875;101.932;
1900-01-01 07:08:57;409.0;1745701737;100.323;102.195;94.021;101.914;
1900-01-01 07:08:58;410.0;1745701738;100.261;102.204;94.021;101.914;
1900-01-01 07:08:59;411.0;1745701739;100.209;102.204;94.041;102.0;
1900-01-01 07:09:01;412.0;1745701741;100.209;102.161;94.01;102.009;
1900-01-01 07:09:01;413.0;1745701741;100.152;102.237;94.01;102.009;
1900-01-01 07:09:02;414.0;1745701742;100.093;102.237;94.018;101.967;
1900-01-01 07:09:03;415.0;1745701743;100.093;102.252;94.057;101.967;
1900-01-01 07:09:04;416.0;1745701744;100.034;102.16;94.057;101.923;
1900-01-01 07:09:05;417.0;1745701745;100.034;102.16;94.079;101.97;
1900-01-01 07:09:06;418.0;1745701746;100.05;102.111;94.007;101.97;
1900-01-01 07:09:07;419.0;1745701747;100.017;102.196;94.007;101.981;
1900-01-01 07:09:08;420.0;1745701748;100.017;102.196;93.949;101.998;
1900-01-01 07:09:09;421.0;1745701749;100.016;102.152;93.907;101.977;
1900-01-01 07:09:10;422.0;1745701750;100.161;102.152;93.907;101.977;
1900-01-01 07:09:11;423.0;1745701751;100.161;102.17;93.824;102.062;
1900-01-01 07:09:12;424.0;1745701752;100.153;102.102;93.846;102.062;
1900-01-01 07:09:13;425.0;1745701753;100.176;102.181;93.846;101.965;
1900-01-01 07:09:14;426.0;1745701754;100.176;102.181;93.905;101.943;
1900-01-01 07:09:15;427.0;1745701755;100.198;102.132;93.861;102.011;
1900-01-01 07:09:16;428.0;1745701756;100.231;102.132;93.861;102.011;
1900-01-01 07:09:17;429.0;1745701757;100.231;102.076;93.94;101.961;
1900-01-01 07:09:18;430.0;1745701758;100.298;102.116;93.905;101.961;
1900-01-01 07:09:19;431.0;1745701759;100.192;102.021;93.905;102.06;
1900-01-01 07:09:20;432.0;1745701760;100.192;102.021;93.937;101.989;
1900-01-01 07:09:21;433.0;1745701761;100.163;102.081;93.856;101.989;
1900-01-01 07:09:22;434.0;1745701762;100.135;102.075;93.856;102.065;
1900-01-01 07:09:23;435.0;1745701763;100.135;102.075;93.888;101.986;
1900-01-01 07:09:24;436.0;1745701764;100.137;102.092;93.817;101.986;
1900-01-01 07:09:25;437.0;1745701765;100.169;102.092;93.817;102.07;
1900-01-01 07:09:26;438.0;1745701766;100.169;101.992;93.858;101.975;
1900-01-01 07:09:27;439.0;1745701767;100.12;101.935;93.893;101.975;
1900-01-01 07:09:28;440.0;1745701768;100.156;101.935;93.893;102.055;
1900-01-01 07:09:29;441.0;1745701769;100.156;102.004;93.872;102.041;
1900-01-01 07:09:30;442.0;1745701770;100.066;102.152;93.865;102.041;
1900-01-01 07:09:31;443.0;1745701771;100.138;102.152;93.865;101.926;
1900-01-01 07:09:32;444.0;1745701772;100.138;102.029;93.855;101.963;
1900-01-01 07:09:33;445.0;1745701773;100.075;102.009;93.728;101.963;
1900-01-01 07:09:34;446.0;1745701774;100.155;102.009;93.728;101.958;
1900-01-01 07:09:35;447.0;1745701775;100.155;102.092;93.768;101.994;
1900-01-01 07:09:36;448.0;1745701776;100.039;102.035;93.768;101.994;
1900-01-01 07:09:38;449.0;1745701778;100.13;102.035;93.772;101.949;
1900-01-01 07:09:38;450.0;1745701778;100.13;101.985;93.762;101.949;
1900-01-01 07:09:39;451.0;1745701779;100.101;102.058;93.762;102.029;
1900-01-01 07:09:40;452.0;1745701780;100.101;102.058;93.755;102.092;
1900-01-01 07:09:41;453.0;1745701781;100.08;102.086;93.778;102.092;
1900-01-01 07:09:42;454.0;1745701782;100.094;102.048;93.778;101.927;
1900-01-01 07:09:43;455.0;1745701783;100.094;102.048;93.808;101.979;
1900-01-01 07:09:44;456.0;1745701784;100.099;102.02;93.809;101.979;
1900-01-01 07:09:45;457.0;1745701785;100.053;102.036;93.809;101.967;
1900-01-01 07:09:46;458.0;1745701786;100.053;102.036;93.68;101.942;
1900-01-01 07:09:47;459.0;1745701787;100.082;102.077;93.683;101.942;
1900-01-01 07:09:49;460.0;1745701789;100.093;102.176;93.683;101.985;
1900-01-01 07:09:49;461.0;1745701789;100.093;102.176;93.689;101.972;
1900-01-01 07:09:50;462.0;1745701790;100.131;102.221;93.62;101.972;
1900-01-01 07:09:51;463.0;1745701791;100.103;102.221;93.62;102.003;
1900-01-01 07:09:52;464.0;1745701792;100.103;102.076;93.581;101.956;
1900-01-01 07:09:53;465.0;1745701793;100.088;101.996;93.581;101.956;
1900-01-01 07:09:54;466.0;1745701794;99.963;101.996;93.533;101.989;
1900-01-01 07:09:55;467.0;1745701795;99.963;101.982;93.561;101.983;
1900-01-01 07:09:57;468.0;1745701797;99.951;102.069;93.488;101.983;
1900-01-01 07:09:57;469.0;1745701797;99.972;102.069;93.488;101.989;
1900-01-01 07:09:58;470.0;1745701798;99.972;102.053;93.574;101.971;
1900-01-01 07:09:59;471.0;1745701799;100.014;101.985;93.501;101.971;
1900-01-01 07:10:00;472.0;1745701800;100.054;101.985;93.501;101.889;
1900-01-01 07:10:01;473.0;1745701801;100.054;102.034;93.559;101.923;
1900-01-01 07:10:02;474.0;1745701802;99.99;101.925;93.524;101.923;
1900-01-01 07:10:03;475.0;1745701803;99.99;101.925;93.524;101.976;
1900-01-01 07:10:04;476.0;1745701804;99.956;101.942;93.451;101.976;
1900-01-01 07:10:05;477.0;1745701805;100.044;101.893;93.451;101.936;
1900-01-01 07:10:07;478.0;1745701807;100.073;101.893;93.491;101.871;
1900-01-01 07:10:07;479.0;1745701807;100.073;101.889;93.537;101.871;
1900-01-01 07:10:08;480.0;1745701808;100.093;101.934;93.537;101.892;
1900-01-01 07:10:09;481.0;1745701809;100.093;101.934;93.577;102.002;
1900-01-01 07:10:10;482.0;1745701810;100.054;101.975;93.585;102.002;
1900-01-01 07:10:11;483.0;1745701811;100.111;101.975;93.585;101.933;
1900-01-01 07:10:12;484.0;1745701812;100.111;101.875;93.432;101.94;
1900-01-01 07:10:14;485.0;1745701814;100.124;101.985;93.494;101.94;
1900-01-01 07:10:14;486.0;1745701814;99.988;101.985;93.494;101.925;
1900-01-01 07:10:15;487.0;1745701815;99.988;101.998;93.4;101.956;
1900-01-01 07:10:16;488.0;1745701816;100.196;102.034;93.353;101.956;
1900-01-01 07:10:17;489.0;1745701817;100.12;102.034;93.353;101.933;
1900-01-01 07:10:18;490.0;1745701818;100.12;101.993;93.393;101.971;
1900-01-01 07:10:19;491.0;1745701819;100.113;102.001;93.393;101.971;
1900-01-01 07:10:20;492.0;1745701820;100.121;102.001;93.467;102.002;
1900-01-01 07:10:21;493.0;1745701821;100.121;101.954;93.598;102.002;
1900-01-01 07:10:22;494.0;1745701822;100.183;102.025;93.598;101.937;
1900-01-01 07:10:23;495.0;1745701823;100.131;102.025;93.542;101.956;
1900-01-01 07:10:24;496.0;1745701824;100.131;101.967;93.566;101.996;
1900-01-01 07:10:25;497.0;1745701825;100.157;102.113;93.566;101.996;
1900-01-01 07:10:26;498.0;1745701826;100.132;102.113;93.499;101.963;
1900-01-01 07:10:27;499.0;1745701827;100.132;101.982;93.425;101.929;
1900-01-01 07:10:28;500.0;1745701828;100.066;101.914;93.425;101.929;
1900-01-01 07:10:29;501.0;1745701829;100.066;101.914;93.329;101.964;
1900-01-01 07:10:30;502.0;1745701830;100.13;101.98;93.28;101.964;
1900-01-01 07:10:31;503.0;1745701831;99.928;101.952;93.28;102.017;
1900-01-01 07:10:33;504.0;1745701833;99.941;101.952;93.266;102.03;
1900-01-01 07:10:33;505.0;1745701833;99.941;102.004;93.38;102.03;
1900-01-01 07:10:34;506.0;1745701834;99.945;102.059;93.38;101.885;
1900-01-01 07:10:35;507.0;1745701835;99.945;102.059;93.321;101.97;
1900-01-01 07:10:36;508.0;1745701836;99.922;102.052;93.258;101.97;
1900-01-01 07:10:37;509.0;1745701837;99.93;102.052;93.258;102.075;
1900-01-01 07:10:38;510.0;1745701838;99.93;102.059;93.35;101.964;
1900-01-01 07:10:39;511.0;1745701839;99.979;101.959;93.322;101.964;
1900-01-01 07:10:40;512.0;1745701840;99.95;102.017;93.322;101.982;
1900-01-01 07:10:41;513.0;1745701841;99.95;102.017;93.342;101.944;
1900-01-01 07:10:42;514.0;1745701842;99.987;102.047;93.327;101.944;
1900-01-01 07:10:43;515.0;1745701843;99.994;102.047;93.327;102.045;
1900-01-01 07:10:44;516.0;1745701844;99.994;102.017;93.336;102.016;
1900-01-01 07:10:45;517.0;1745701845;100.049;101.978;93.336;102.016;
1900-01-01 07:10:46;518.0;1745701846;100.069;101.978;93.303;102.033;
1900-01-01 07:10:47;519.0;1745701847;100.069;101.921;93.202;101.993;
1900-01-01 07:10:48;520.0;1745701848;99.995;101.992;93.177;101.993;
1900-01-01 07:10:49;521.0;1745701849;99.995;101.992;93.177;102.004;
1900-01-01 07:10:50;522.0;1745701850;99.882;101.932;93.205;102.103;
1900-01-01 07:10:51;523.0;1745701851;99.856;101.974;93.205;102.103;
1900-01-01 07:10:53;524.0;1745701853;99.773;101.974;93.131;102.078;
1900-01-01 07:10:53;525.0;1745701853;99.773;101.994;93.132;102.078;
1900-01-01 07:10:54;526.0;1745701854;99.795;101.977;93.132;102.063;
1900-01-01 07:10:55;527.0;1745701855;99.787;101.977;93.176;102.041;
1900-01-01 07:10:56;528.0;1745701856;99.787;102.102;93.207;102.041;
1900-01-01 07:10:57;529.0;1745701857;99.839;102.059;93.207;102.046;
1900-01-01 07:10:58;530.0;1745701858;99.839;102.059;93.206;102.038;
1900-01-01 07:10:59;531.0;1745701859;99.934;101.98;93.204;102.038;
1900-01-01 07:11:00;532.0;1745701860;99.931;101.98;93.204;101.988;
1900-01-01 07:11:01;533.0;1745701861;99.931;102.116;93.166;102.147;
1900-01-01 07:11:02;534.0;1745701862;99.988;102.064;93.238;102.147;
1900-01-01 07:11:03;535.0;1745701863;100.025;102.064;93.238;102.05;
1900-01-01 07:11:04;536.0;1745701864;100.025;102.019;93.245;101.969;
1900-01-01 07:11:06;537.0;1745701866;100.017;102.001;93.172;101.969;
1900-01-01 07:11:06;538.0;1745701866;100.055;102.001;93.172;102.056;
1900-01-01 07:11:07;539.0;1745701867;100.055;101.962;93.129;101.99;
1900-01-01 07:11:08;540.0;1745701868;100.037;101.994;93.186;101.99;
1900-01-01 07:11:09;541.0;1745701869;100.044;101.994;93.186;101.998;
1900-01-01 07:11:10;542.0;1745701870;100.044;101.903;93.155;102.024;
1900-01-01 07:11:12;543.0;1745701872;100.119;102.007;93.177;102.024;
1900-01-01 07:11:12;544.0;1745701872;100.177;102.007;93.177;102.032;
1900-01-01 07:11:13;545.0;1745701873;100.177;102.063;93.151;102.038;
1900-01-01 07:11:14;546.0;1745701874;100.127;101.928;93.151;102.038;
1900-01-01 07:11:15;547.0;1745701875;100.02;101.928;93.163;101.974;
1900-01-01 07:11:16;548.0;1745701876;100.02;101.902;93.13;101.979;
1900-01-01 07:11:17;549.0;1745701877;99.879;101.972;93.13;101.979;
1900-01-01 07:11:18;550.0;1745701878;99.879;101.972;93.061;102.023;
1900-01-01 07:11:19;551.0;1745701879;99.776;102.026;93.108;102.023;
1900-01-01 07:11:20;552.0;1745701880;99.855;102.034;93.108;102.034;
1900-01-01 07:11:21;553.0;1745701881;99.855;102.034;93.125;101.986;
1900-01-01 07:11:22;554.0;1745701882;99.812;101.908;93.119;101.986;
1900-01-01 07:11:23;555.0;1745701883;99.864;101.908;93.119;102.092;
1900-01-01 07:11:24;556.0;1745701884;99.864;102.027;93.158;102.017;
1900-01-01 07:11:25;557.0;1745701885;99.797;101.989;93.077;102.017;
1900-01-01 07:11:26;558.0;1745701886;99.804;101.989;93.077;102.015;
1900-01-01 07:11:27;559.0;1745701887;99.804;102.08;93.079;101.98;
1900-01-01 07:11:28;560.0;1745701888;99.881;101.91;93.124;101.98;
1900-01-01 07:11:30;561.0;1745701890;99.847;101.91;93.124;101.975;
1900-01-01 07:11:30;562.0;1745701890;99.847;101.879;93.074;102.012;
1900-01-01 07:11:31;563.0;1745701891;99.821;101.883;93.074;102.012;
1900-01-01 07:11:32;564.0;1745701892;99.776;101.883;93.153;102.074;
1900-01-01 07:11:33;565.0;1745701893;99.776;101.9;93.084;102.089;
1900-01-01 07:11:34;566.0;1745701894;99.7;101.878;93.084;102.089;
1900-01-01 07:11:35;567.0;1745701895;99.735;101.878;93.125;102.019;
1900-01-01 07:11:36;568.0;1745701896;99.735;101.918;93.085;102.094;
1900-01-01 07:11:37;569.0;1745701897;99.835;101.926;93.085;102.094;
1900-01-01 07:11:38;570.0;1745701898;99.769;101.926;93.007;102.083;
1900-01-01 07:11:39;571.0;1745701899;99.769;101.875;93.039;101.894;
1900-01-01 07:11:40;572.0;1745701900;99.851;101.938;93.039;101.894;
1900-01-01 07:11:41;573.0;1745701901;99.851;101.938;92.894;102.059;
1900-01-01 07:11:42;574.0;1745701902;99.842;101.919;92.838;101.971;
1900-01-01 07:11:43;575.0;1745701903;99.757;101.919;92.838;101.971;
1900-01-01 07:11:44;576.0;1745701904;99.757;101.952;92.786;102.062;
1900-01-01 07:11:45;577.0;1745701905;99.896;101.916;92.782;102.062;
1900-01-01 07:11:47;578.0;1745701907;99.939;101.928;92.782;102.022;
1900-01-01 07:11:47;579.0;1745701907;99.939;101.928;92.762;102.053;
1900-01-01 07:11:48;580.0;1745701908;99.814;101.918;92.768;102.053;
1900-01-01 07:11:49;581.0;1745701909;99.858;101.918;92.768;102.011;
1900-01-01 07:11:50;582.0;1745701910;99.858;101.935;92.759;102.063;
1900-01-01 07:11:52;583.0;1745701912;99.907;101.864;92.738;102.063;
1900-01-01 07:11:52;584.0;1745701912;99.921;101.864;92.738;101.952;
1900-01-01 07:11:53;585.0;1745701913;99.921;101.912;92.893;102.032;
1900-01-01 07:11:54;586.0;1745701914;99.887;101.945;92.812;102.032;
1900-01-01 07:11:55;587.0;1745701915;99.945;101.945;92.812;101.967;
1900-01-01 07:11:56;588.0;1745701916;99.945;101.926;92.953;102.035;
1900-01-01 07:11:57;589.0;1745701917;99.939;101.904;92.953;102.035;
1900-01-01 07:11:58;590.0;1745701918;99.895;101.904;92.873;102.054;
1900-01-01 07:11:59;591.0;1745701919;99.895;101.842;92.82;102.054;
1900-01-01 07:12:00;592.0;1745701920;99.903;101.891;92.82;102.026;
1900-01-01 07:12:02;593.0;1745701922;99.858;101.891;92.807;102.081;
1900-01-01 07:12:02;594.0;1745701922;99.858;101.982;92.796;102.081;
1900-01-01 07:12:03;595.0;1745701923;99.801;101.958;92.796;101.972;
1900-01-01 07:12:04;596.0;1745701924;99.801;101.958;92.724;102.076;
1900-01-01 07:12:05;597.0;1745701925;99.683;101.865;92.681;102.076;
1900-01-01 07:12:06;598.0;1745701926;99.642;101.835;92.681;102.097;
1900-01-01 07:12:07;599.0;1745701927;99.642;101.835;92.652;101.982;
1900-01-01 07:12:08;600.0;1745701928;99.688;101.856;92.711;101.982;
1900-01-01 07:12:09;601.0;1745701929;99.763;101.856;92.711;102.019;
1900-01-01 07:12:10;602.0;1745701930;99.763;101.866;92.775;101.899;
1900-01-01 07:12:11;603.0;1745701931;99.647;101.815;92.775;101.899;
1900-01-01 07:12:12;604.0;1745701932;99.627;101.815;92.856;102.032;
1900-01-01 07:12:13;605.0;1745701933;99.627;101.832;92.806;101.901;
1900-01-01 07:12:14;606.0;1745701934;99.629;101.8;92.845;101.901;
1900-01-01 07:12:15;607.0;1745701935;99.616;101.8;92.845;101.939;
1900-01-01 07:12:16;608.0;1745701936;99.616;101.828;92.78;101.965;
1900-01-01 07:12:17;609.0;1745701937;99.64;101.806;92.789;101.965;
1900-01-01 07:12:18;610.0;1745701938;99.66;101.806;92.789;101.932;
1900-01-01 07:12:19;611.0;1745701939;99.66;101.86;92.736;101.957;
1900-01-01 07:12:20;612.0;1745701940;99.69;101.856;92.736;101.957;
1900-01-01 07:12:21;613.0;1745701941;99.729;101.856;92.711;102.04;
1900-01-01 07:12:22;614.0;1745701942;99.729;101.918;92.724;102.04;
1900-01-01 07:12:23;615.0;1745701943;99.756;101.846;92.724;101.969;
1900-01-01 07:12:24;616.0;1745701944;99.796;101.846;92.636;101.976;
1900-01-01 07:12:25;617.0;1745701945;99.796;101.931;92.593;101.976;
1900-01-01 07:12:26;618.0;1745701946;99.834;101.913;92.593;101.961;
1900-01-01 07:12:27;619.0;1745701947;99.825;101.913;92.636;101.978;
1900-01-01 07:12:28;620.0;1745701948;99.825;101.881;92.709;101.978;
1900-01-01 07:12:29;621.0;1745701949;99.748;101.881;92.709;101.972;
1900-01-01 07:12:30;622.0;1745701950;99.748;101.881;92.744;101.968;
1900-01-01 07:12:31;623.0;1745701951;99.663;101.854;92.769;101.968;
1900-01-01 07:12:32;624.0;1745701952;99.644;101.854;92.769;102.002;
1900-01-01 07:12:33;625.0;1745701953;99.644;101.909;92.795;102.049;
1900-01-01 07:12:34;626.0;1745701954;99.659;101.94;92.83;102.049;
1900-01-01 07:12:35;627.0;1745701955;99.591;101.94;92.83;102.005;
1900-01-01 07:12:36;628.0;1745701956;99.591;101.894;92.773;101.983;
1900-01-01 07:12:37;629.0;1745701957;99.67;101.885;92.773;101.983;
1900-01-01 07:12:38;630.0;1745701958;99.688;101.885;92.683;102.017;
1900-01-01 07:12:39;631.0;1745701959;99.688;101.909;92.705;102.053;
1900-01-01 07:12:40;632.0;1745701960;99.613;101.85;92.705;102.053;
1900-01-01 07:12:41;633.0;1745701961;99.573;101.85;92.518;102.013;
1900-01-01 07:12:42;634.0;1745701962;99.573;101.862;92.523;102.013;
1900-01-01 07:12:43;635.0;1745701963;99.587;101.887;92.523;102.142;
1900-01-01 07:12:44;636.0;1745701964;99.587;101.887;92.472;102.045;
1900-01-01 07:12:45;637.0;1745701965;99.666;101.94;92.455;102.045;
1900-01-01 07:12:46;638.0;1745701966;99.77;101.912;92.455;102.098;
1900-01-01 07:12:47;639.0;1745701967;99.77;101.912;92.324;102.027;
1900-01-01 07:12:48;640.0;1745701968;99.744;101.919;92.369;102.027;
1900-01-01 07:12:49;641.0;1745701969;99.659;101.89;92.369;101.969;
1900-01-01 07:12:50;642.0;1745701970;99.659;101.89;92.317;102.035;
1900-01-01 07:12:51;643.0;1745701971;99.674;101.877;92.203;102.035;
1900-01-01 07:12:52;644.0;1745701972;99.652;101.868;92.203;102.048;
1900-01-01 07:12:53;645.0;1745701973;99.652;101.868;92.286;102.086;
1900-01-01 07:12:54;646.0;1745701974;99.675;101.836;92.327;102.086;
1900-01-01 07:12:55;647.0;1745701975;99.715;101.838;92.327;102.011;
1900-01-01 07:12:56;648.0;1745701976;99.715;101.838;92.318;101.958;
1900-01-01 07:12:57;649.0;1745701977;99.745;101.874;92.473;101.958;
1900-01-01 07:12:58;650.0;1745701978;99.747;101.874;92.473;102.025;
1900-01-01 07:12:59;651.0;1745701979;99.747;101.765;92.491;102.089;
1900-01-01 07:13:00;652.0;1745701980;99.8;101.744;92.491;102.089;
1900-01-01 07:13:01;653.0;1745701981;99.846;101.744;92.52;101.99;
1900-01-01 07:13:02;654.0;1745701982;99.846;101.816;92.565;101.99;
1900-01-01 07:13:03;655.0;1745701983;99.814;101.743;92.565;102.066;
1900-01-01 07:13:04;656.0;1745701984;99.755;101.743;92.515;102.062;
1900-01-01 07:13:05;657.0;1745701985;99.755;101.811;92.508;102.062;
1900-01-01 07:13:06;658.0;1745701986;99.73;101.77;92.508;101.991;
1900-01-01 07:13:07;659.0;1745701987;99.73;101.77;92.393;101.956;
1900-01-01 07:13:08;660.0;1745701988;99.681;101.737;92.486;101.956;
1900-01-01 07:13:09;661.0;1745701989;99.685;101.776;92.486;101.957;
1900-01-01 07:13:10;662.0;1745701990;99.685;101.776;92.477;102.012;
1900-01-01 07:13:11;663.0;1745701991;99.682;101.786;92.495;102.012;
1900-01-01 07:13:13;664.0;1745701993;99.686;101.785;92.495;102.049;
1900-01-01 07:13:13;665.0;1745701993;99.686;101.785;92.332;102.038;
1900-01-01 07:13:14;666.0;1745701994;99.636;101.779;92.466;102.038;
1900-01-01 07:13:15;667.0;1745701995;99.53;101.779;92.466;102.089;
1900-01-01 07:13:16;668.0;1745701996;99.53;101.779;92.414;102.013;
1900-01-01 07:13:17;669.0;1745701997;99.577;101.732;92.402;102.013;
1900-01-01 07:13:18;670.0;1745701998;99.528;101.732;92.402;101.955;
1900-01-01 07:13:19;671.0;1745701999;99.528;101.738;92.437;102.083;
1900-01-01 07:13:20;672.0;1745702000;99.536;101.732;92.437;102.083;
1900-01-01 07:13:21;673.0;1745702001;99.515;101.732;92.362;102.064;
1900-01-01 07:13:22;674.0;1745702002;99.515;101.756;92.234;102.064;
1900-01-01 07:13:23;675.0;1745702003;99.489;101.706;92.234;102.021;
1900-01-01 07:13:24;676.0;1745702004;99.484;101.706;92.139;101.996;
1900-01-01 07:13:25;677.0;1745702005;99.484;101.742;92.121;102.02;
1900-01-01 07:13:26;678.0;1745702006;99.402;101.768;92.121;102.02;
1900-01-01 07:13:27;679.0;1745702007;99.402;101.768;92.095;101.976;
1900-01-01 07:13:28;680.0;1745702008;99.465;101.724;92.117;102.008;
1900-01-01 07:13:29;681.0;1745702009;99.415;101.713;92.117;102.008;
1900-01-01 07:13:30;682.0;1745702010;99.415;101.713;92.168;102.125;
1900-01-01 07:13:31;683.0;1745702011;99.382;101.721;92.126;102.125;
1900-01-01 07:13:32;684.0;1745702012;99.407;101.674;92.126;102.059;
1900-01-01 07:13:33;685.0;1745702013;99.432;101.674;92.148;102.035;
1900-01-01 07:13:34;686.0;1745702014;99.432;101.723;92.089;102.035;
1900-01-01 07:13:35;687.0;1745702015;99.468;101.806;92.089;101.991;
1900-01-01 07:13:36;688.0;1745702016;99.468;101.806;92.15;102.027;
1900-01-01 07:13:37;689.0;1745702017;99.492;101.795;92.125;102.027;
1900-01-01 07:13:38;690.0;1745702018;99.482;101.795;92.125;102.035;
1900-01-01 07:13:40;691.0;1745702020;99.482;101.783;92.246;102.046;
1900-01-01 07:13:40;692.0;1745702020;99.523;101.715;92.246;102.046;
1900-01-01 07:13:41;693.0;1745702021;99.584;101.715;92.198;102.038;
1900-01-01 07:13:42;694.0;1745702022;99.584;101.757;92.249;101.883;
1900-01-01 07:13:43;695.0;1745702023;99.466;101.748;92.249;101.883;
1900-01-01 07:13:44;696.0;1745702024;99.504;101.748;92.273;101.98;
1900-01-01 07:13:45;697.0;1745702025;99.504;101.762;92.161;102.027;
1900-01-01 07:13:46;698.0;1745702026;99.443;101.672;92.161;102.027;
1900-01-01 07:13:47;699.0;1745702027;99.437;101.672;92.191;102.057;
1900-01-01 07:13:48;700.0;1745702028;99.437;101.595;92.13;102.057;
1900-01-01 07:13:49;701.0;1745702029;99.417;101.66;92.13;102.023;
1900-01-01 07:13:50;702.0;1745702030;99.417;101.66;92.087;102.013;
1900-01-01 07:13:51;703.0;1745702031;99.517;101.706;91.997;102.013;
1900-01-01 07:13:52;704.0;1745702032;99.414;101.667;91.997;102.136;
1900-01-01 07:13:53;705.0;1745702033;99.414;101.667;92.001;101.99;
1900-01-01 07:13:54;706.0;1745702034;99.491;101.609;92.106;101.99;
1900-01-01 07:13:55;707.0;1745702035;99.495;101.609;92.106;102.056;
1900-01-01 07:13:56;708.0;1745702036;99.495;101.728;92.116;102.128;
1900-01-01 07:13:57;709.0;1745702037;99.522;101.73;92.116;102.128;
1900-01-01 07:13:58;710.0;1745702038;99.525;101.73;92.156;102.058;
1900-01-01 07:13:59;711.0;1745702039;99.525;101.694;92.091;102.151;
1900-01-01 07:14:00;712.0;1745702040;99.468;101.651;92.091;102.151;
1900-01-01 07:14:01;713.0;1745702041;99.436;101.651;92.101;102.068;
1900-01-01 07:14:02;714.0;1745702042;99.436;101.59;92.051;101.98;
1900-01-01 07:14:03;715.0;1745702043;99.481;101.614;92.051;101.98;
1900-01-01 07:14:04;716.0;1745702044;99.481;101.614;92.044;102.041;
1900-01-01 07:14:05;717.0;1745702045;99.457;101.646;92.027;102.106;
1900-01-01 07:14:06;718.0;1745702046;99.524;101.62;92.027;102.106;
1900-01-01 07:14:07;719.0;1745702047;99.524;101.62;91.981;102.109;
1900-01-01 07:14:08;720.0;1745702048;99.512;101.605;91.977;102.109;
1900-01-01 07:14:09;721.0;1745702049;99.523;101.638;91.977;102.11;
1900-01-01 07:14:10;722.0;1745702050;99.511;101.638;92.035;102.055;
1900-01-01 07:14:11;723.0;1745702051;99.511;101.64;91.851;102.079;
1900-01-01 07:14:12;724.0;1745702052;99.527;101.678;91.791;102.079;
1900-01-01 07:14:13;725.0;1745702053;99.527;101.678;91.791;102.086;
1900-01-01 07:14:14;726.0;1745702054;99.418;101.625;91.694;102.06;
1900-01-01 07:14:15;727.0;1745702055;99.323;101.59;91.694;102.06;
1900-01-01 07:14:16;728.0;1745702056;99.434;101.59;91.634;102.053;
1900-01-01 07:14:17;729.0;1745702057;99.434;101.638;91.704;102.08;
1900-01-01 07:14:18;730.0;1745702058;99.476;101.53;91.704;102.08;
1900-01-01 07:14:19;731.0;1745702059;99.394;101.53;91.739;102.131;
1900-01-01 07:14:20;732.0;1745702060;99.394;101.601;91.686;102.054;
1900-01-01 07:14:21;733.0;1745702061;99.336;101.639;91.686;102.054;
1900-01-01 07:14:23;734.0;1745702063;99.399;101.639;91.729;102.035;
1900-01-01 07:14:23;735.0;1745702063;99.399;101.531;91.72;102.035;
1900-01-01 07:14:24;736.0;1745702064;99.491;101.582;91.72;102.064;
1900-01-01 07:14:25;737.0;1745702065;99.491;101.582;91.733;102.054;
1900-01-01 07:14:26;738.0;1745702066;99.511;101.661;91.745;102.054;
1900-01-01 07:14:27;739.0;1745702067;99.546;101.606;91.745;102.081;
1900-01-01 07:14:29;740.0;1745702069;99.514;101.606;91.743;102.073;
1900-01-01 07:14:29;741.0;1745702069;99.514;101.657;91.849;102.073;
1900-01-01 07:14:30;742.0;1745702070;99.559;101.609;91.849;102.026;
1900-01-01 07:14:31;743.0;1745702071;99.559;101.609;91.929;102.091;
1900-01-01 07:14:32;744.0;1745702072;99.508;101.658;91.826;102.091;
1900-01-01 07:14:33;745.0;1745702073;99.554;101.708;91.826;102.074;
1900-01-01 07:14:34;746.0;1745702074;99.554;101.708;91.796;102.125;
1900-01-01 07:14:35;747.0;1745702075;99.511;101.664;91.858;102.125;
1900-01-01 07:14:36;748.0;1745702076;99.413;101.664;91.858;102.125;
1900-01-01 07:14:37;749.0;1745702077;99.413;101.577;91.851;102.077;
1900-01-01 07:14:38;750.0;1745702078;99.352;101.639;91.835;102.077;
1900-01-01 07:14:39;751.0;1745702079;99.32;101.639;91.835;102.021;
1900-01-01 07:14:40;752.0;1745702080;99.32;101.637;91.831;102.096;
1900-01-01 07:14:41;753.0;1745702081;99.206;101.541;91.713;102.096;
1900-01-01 07:14:42;754.0;1745702082;99.289;101.541;91.713;102.111;
1900-01-01 07:14:43;755.0;1745702083;99.289;101.614;91.602;102.006;
1900-01-01 07:14:44;756.0;1745702084;99.314;101.618;91.635;102.006;
1900-01-01 07:14:45;757.0;1745702085;99.314;101.618;91.635;102.068;
1900-01-01 07:14:46;758.0;1745702086;99.305;101.613;91.537;102.092;
1900-01-01 07:14:47;759.0;1745702087;99.345;101.599;91.537;102.092;
1900-01-01 07:14:48;760.0;1745702088;99.254;101.599;91.442;102.039;
1900-01-01 07:14:49;761.0;1745702089;99.254;101.616;91.48;102.039;
1900-01-01 07:14:50;762.0;1745702090;99.363;101.64;91.48;102.052;
1900-01-01 07:14:51;763.0;1745702091;99.231;101.64;91.534;102.026;
1900-01-01 07:14:52;764.0;1745702092;99.231;101.54;91.397;102.026;
1900-01-01 07:14:53;765.0;1745702093;99.263;101.603;91.397;102.091;
1900-01-01 07:14:54;766.0;1745702094;99.263;101.603;91.325;102.122;
1900-01-01 07:14:55;767.0;1745702095;99.25;101.588;91.251;102.122;
1900-01-01 07:14:56;768.0;1745702096;99.245;101.588;91.251;102.047;
1900-01-01 07:14:57;769.0;1745702097;99.245;101.567;91.206;101.94;
1900-01-01 07:14:58;770.0;1745702098;99.234;101.468;91.206;101.94;
1900-01-01 07:14:59;771.0;1745702099;99.193;101.468;91.302;102.104;
1900-01-01 07:15:00;772.0;1745702100;99.193;101.558;91.215;102.14;
1900-01-01 07:15:01;773.0;1745702101;99.238;101.551;91.215;102.14;
1900-01-01 07:15:02;774.0;1745702102;99.296;101.551;91.296;102.037;
1900-01-01 07:15:03;775.0;1745702103;99.296;101.522;91.252;102.049;
1900-01-01 07:15:04;776.0;1745702104;99.247;101.593;91.252;102.049;
1900-01-01 07:15:05;777.0;1745702105;99.325;101.593;91.247;102.089;
1900-01-01 07:15:06;778.0;1745702106;99.325;101.566;91.295;102.077;
1900-01-01 07:15:07;779.0;1745702107;99.324;101.547;91.288;102.077;
1900-01-01 07:15:08;780.0;1745702108;99.324;101.547;91.288;101.968;
1900-01-01 07:15:09;781.0;1745702109;99.376;101.507;91.332;101.926;
1900-01-01 07:15:10;782.0;1745702110;99.354;101.598;91.332;101.926;
1900-01-01 07:15:12;783.0;1745702112;99.269;101.598;91.376;102.042;
1900-01-01 07:15:12;784.0;1745702112;99.269;101.532;91.398;102.042;
1900-01-01 07:15:13;785.0;1745702113;99.283;101.556;91.398;102.099;
1900-01-01 07:15:15;786.0;1745702115;99.219;101.556;91.343;102.059;
1900-01-01 07:15:15;787.0;1745702115;99.219;101.49;91.368;102.059;
1900-01-01 07:15:16;788.0;1745702116;99.261;101.464;91.368;101.959;
1900-01-01 07:15:17;789.0;1745702117;99.261;101.464;91.417;102.052;
1900-01-01 07:15:18;790.0;1745702118;99.211;101.581;91.308;102.052;
1900-01-01 07:15:19;791.0;1745702119;99.152;101.532;91.308;102.053;
1900-01-01 07:15:20;792.0;1745702120;99.152;101.532;91.268;101.975;
1900-01-01 07:15:21;793.0;1745702121;99.271;101.509;91.3;101.975;
1900-01-01 07:15:22;794.0;1745702122;99.318;101.509;91.3;102.043;
1900-01-01 07:15:23;795.0;1745702123;99.318;101.433;91.232;102.029;
1900-01-01 07:15:24;796.0;1745702124;99.258;101.502;91.232;102.029;
1900-01-01 07:15:25;797.0;1745702125;99.298;101.502;91.235;102.115;
1900-01-01 07:15:26;798.0;1745702126;99.298;101.478;91.256;102.061;
1900-01-01 07:15:27;799.0;1745702127;99.246;101.45;91.256;102.061;
1900-01-01 07:15:28;800.0;1745702128;99.246;101.45;91.135;102.078;
1900-01-01 07:15:29;801.0;1745702129;99.305;101.423;91.077;102.037;
1900-01-01 07:15:30;802.0;1745702130;99.252;101.404;91.077;102.037;
1900-01-01 07:15:31;803.0;1745702131;99.252;101.404;91.133;102.081;
1900-01-01 07:15:32;804.0;1745702132;99.308;101.368;91.205;102.081;
1900-01-01 07:15:33;805.0;1745702133;99.213;101.304;91.205;102.106;
1900-01-01 07:15:34;806.0;1745702134;99.113;101.304;91.229;102.037;
1900-01-01 07:15:35;807.0;1745702135;99.113;101.308;91.349;102.037;
1900-01-01 07:15:36;808.0;1745702136;99.111;101.364;91.349;101.964;
1900-01-01 07:15:37;809.0;1745702137;99.111;101.364;91.152;102.071;
1900-01-01 07:15:38;810.0;1745702138;99.146;101.353;91.168;102.071;
1900-01-01 07:15:39;811.0;1745702139;99.026;101.353;91.168;102.077;
1900-01-01 07:15:40;812.0;1745702140;99.026;101.254;91.121;102.06;
1900-01-01 07:15:41;813.0;1745702141;99.106;101.39;91.133;102.06;
1900-01-01 07:15:42;814.0;1745702142;99.141;101.39;91.133;102.056;
1900-01-01 07:15:43;815.0;1745702143;99.141;101.289;91.091;102.098;
1900-01-01 07:15:45;816.0;1745702145;99.098;101.265;91.069;102.098;
1900-01-01 07:15:45;817.0;1745702145;99.154;101.265;91.069;102.075;
1900-01-01 07:15:46;818.0;1745702146;99.154;101.384;91.017;102.161;
1900-01-01 07:15:47;819.0;1745702147;99.073;101.195;91.082;102.161;
1900-01-01 07:15:49;820.0;1745702149;99.086;101.195;91.082;102.096;
1900-01-01 07:15:49;821.0;1745702149;99.086;101.304;91.089;102.056;
1900-01-01 07:15:50;822.0;1745702150;99.107;101.409;91.089;102.056;
1900-01-01 07:15:51;823.0;1745702151;99.107;101.409;90.94;102.071;
1900-01-01 07:15:52;824.0;1745702152;99.147;101.437;90.967;102.105;
1900-01-01 07:15:53;825.0;1745702153;99.093;101.349;90.967;102.105;
1900-01-01 07:15:54;826.0;1745702154;99.093;101.349;90.991;102.101;
1900-01-01 07:15:55;827.0;1745702155;99.112;101.461;90.936;102.101;
1900-01-01 07:15:56;828.0;1745702156;99.136;101.403;90.936;102.013;
1900-01-01 07:15:57;829.0;1745702157;99.136;101.403;91.031;102.066;
1900-01-01 07:15:58;830.0;1745702158;99.162;101.397;91.04;102.066;
1900-01-01 07:15:59;831.0;1745702159;99.151;101.397;91.04;102.023;
1900-01-01 07:16:00;832.0;1745702160;99.151;101.384;90.998;101.992;
1900-01-01 07:16:01;833.0;1745702161;99.076;101.369;91.084;101.992;
1900-01-01 07:16:02;834.0;1745702162;99.0;101.369;91.084;102.106;
1900-01-01 07:16:03;835.0;1745702163;99.0;101.379;90.979;102.037;
1900-01-01 07:16:04;836.0;1745702164;99.05;101.485;90.979;102.037;
1900-01-01 07:16:06;837.0;1745702166;99.005;101.485;91.014;102.117;
1900-01-01 07:16:06;838.0;1745702166;99.005;101.421;91.029;101.979;
1900-01-01 07:16:07;839.0;1745702167;98.975;101.391;91.029;101.979;
1900-01-01 07:16:08;840.0;1745702168;99.019;101.391;90.922;102.072;
1900-01-01 07:16:09;841.0;1745702169;99.019;101.434;90.836;102.072;
1900-01-01 07:16:10;842.0;1745702170;99.009;101.357;90.836;102.0;
1900-01-01 07:16:11;843.0;1745702171;98.936;101.357;90.723;102.065;
1900-01-01 07:16:12;844.0;1745702172;98.936;101.384;90.648;102.065;
1900-01-01 07:16:13;845.0;1745702173;98.948;101.397;90.648;102.082;
1900-01-01 07:16:14;846.0;1745702174;98.948;101.397;90.598;102.047;
1900-01-01 07:16:15;847.0;1745702175;98.919;101.285;90.558;101.977;
1900-01-01 07:16:16;848.0;1745702176;99.038;101.285;90.558;101.977;
1900-01-01 07:16:17;849.0;1745702177;99.038;101.378;90.659;102.031;
1900-01-01 07:16:18;850.0;1745702178;99.075;101.335;90.738;102.031;
1900-01-01 07:16:19;851.0;1745702179;99.012;101.324;90.738;101.963;
1900-01-01 07:16:20;852.0;1745702180;99.012;101.324;90.808;102.047;
1900-01-01 07:16:21;853.0;1745702181;99.114;101.312;90.952;102.047;
1900-01-01 07:16:22;854.0;1745702182;99.105;101.312;90.952;102.093;
1900-01-01 07:16:23;855.0;1745702183;99.105;101.336;91.013;102.001;
1900-01-01 07:16:24;856.0;1745702184;99.202;101.291;91.052;102.001;
1900-01-01 07:16:25;857.0;1745702185;99.001;101.291;91.052;101.984;
1900-01-01 07:16:26;858.0;1745702186;99.001;101.199;91.066;102.092;
1900-01-01 07:16:27;859.0;1745702187;98.926;101.318;90.924;102.092;
1900-01-01 07:16:28;860.0;1745702188;98.926;101.318;90.924;101.991;
1900-01-01 07:16:29;861.0;1745702189;98.906;101.268;90.825;102.1;
1900-01-01 07:16:30;862.0;1745702190;98.908;101.281;90.825;102.1;
1900-01-01 07:16:31;863.0;1745702191;98.908;101.281;90.754;102.07;
1900-01-01 07:16:32;864.0;1745702192;98.939;101.343;90.692;102.102;
1900-01-01 07:16:33;865.0;1745702193;98.945;101.172;90.692;102.102;
1900-01-01 07:16:34;866.0;1745702194;98.945;101.172;90.508;102.096;
1900-01-01 07:16:35;867.0;1745702195;98.948;101.231;90.503;102.096;
1900-01-01 07:16:36;868.0;1745702196;98.928;101.233;90.503;101.99;
1900-01-01 07:16:37;869.0;1745702197;98.928;101.233;90.459;102.13;
1900-01-01 07:16:38;870.0;1745702198;99.002;101.164;90.434;102.13;
1900-01-01 07:16:40;871.0;1745702200;98.99;101.157;90.434;102.031;
1900-01-01 07:16:40;872.0;1745702200;98.99;101.157;90.524;102.005;
1900-01-01 07:16:41;873.0;1745702201;99.006;101.211;90.387;102.005;
1900-01-01 07:16:42;874.0;1745702202;98.908;101.211;90.387;102.089;
1900-01-01 07:16:43;875.0;1745702203;98.908;101.107;90.455;102.068;
1900-01-01 07:16:44;876.0;1745702204;98.851;101.163;90.609;102.068;
1900-01-01 07:16:45;877.0;1745702205;98.954;101.163;90.609;102.041;
1900-01-01 07:16:46;878.0;1745702206;98.954;101.136;90.65;102.095;
1900-01-01 07:16:47;879.0;1745702207;99.014;101.102;90.65;102.095;
1900-01-01 07:16:48;880.0;1745702208;98.932;101.102;90.586;102.03;
1900-01-01 07:16:49;881.0;1745702209;98.932;101.081;90.631;102.035;
1900-01-01 07:16:50;882.0;1745702210;98.952;101.149;90.631;102.035;
1900-01-01 07:16:51;883.0;1745702211;98.833;101.149;90.699;102.008;
1900-01-01 07:16:52;884.0;1745702212;98.833;101.087;90.657;102.076;
1900-01-01 07:16:53;885.0;1745702213;98.828;101.17;90.575;102.076;
1900-01-01 07:16:54;886.0;1745702214;98.828;101.17;90.575;102.127;
1900-01-01 07:16:55;887.0;1745702215;98.783;101.139;90.508;102.055;
1900-01-01 07:16:56;888.0;1745702216;98.727;101.091;90.508;102.055;
1900-01-01 07:16:57;889.0;1745702217;98.727;101.091;90.482;102.085;
1900-01-01 07:16:58;890.0;1745702218;98.818;101.216;90.539;102.088;
1900-01-01 07:16:59;891.0;1745702219;98.74;101.216;90.539;102.088;
1900-01-01 07:17:00;892.0;1745702220;98.74;101.176;90.511;102.056;
1900-01-01 07:17:01;893.0;1745702221;98.832;101.149;90.58;102.056;
1900-01-01 07:17:02;894.0;1745702222;98.909;101.149;90.58;102.14;
1900-01-01 07:17:03;895.0;1745702223;98.909;101.242;90.487;102.085;
1900-01-01 07:17:05;896.0;1745702225;98.822;101.205;90.436;102.085;
1900-01-01 07:17:05;897.0;1745702225;98.899;101.205;90.436;102.107;
1900-01-01 07:17:06;898.0;1745702226;98.899;101.188;90.399;102.079;
1900-01-01 07:17:07;899.0;1745702227;98.871;101.217;90.399;102.079;
1900-01-01 07:17:08;900.0;1745702228;98.884;101.217;90.419;102.196;
1900-01-01 07:17:09;901.0;1745702229;98.884;101.266;90.419;102.063;
1900-01-01 07:17:10;902.0;1745702230;98.945;101.232;90.419;102.063;
1900-01-01 07:17:11;903.0;1745702231;98.945;101.232;90.302;102.11;
1900-01-01 07:17:12;904.0;1745702232;98.903;101.306;90.382;102.122;
1900-01-01 07:17:13;905.0;1745702233;98.942;101.305;90.382;102.122;
1900-01-01 07:17:14;906.0;1745702234;98.942;101.305;90.401;102.088;
1900-01-01 07:17:15;907.0;1745702235;98.857;101.254;90.526;102.088;
1900-01-01 07:17:16;908.0;1745702236;98.759;101.256;90.526;101.976;
1900-01-01 07:17:17;909.0;1745702237;98.759;101.256;90.516;102.129;
1900-01-01 07:17:18;910.0;1745702238;98.78;101.236;90.562;102.129;
1900-01-01 07:17:19;911.0;1745702239;98.756;101.236;90.562;102.085;
1900-01-01 07:17:20;912.0;1745702240;98.756;101.233;90.544;102.123;
1900-01-01 07:17:21;913.0;1745702241;98.788;101.285;90.494;102.123;
1900-01-01 07:17:22;914.0;1745702242;98.734;101.285;90.494;102.03;
1900-01-01 07:17:23;915.0;1745702243;98.734;101.189;90.364;102.057;
1900-01-01 07:17:24;916.0;1745702244;98.69;101.257;90.358;102.057;
1900-01-01 07:17:25;917.0;1745702245;98.778;101.191;90.358;102.0;
1900-01-01 07:17:26;918.0;1745702246;98.778;101.191;90.35;102.037;
1900-01-01 07:17:27;919.0;1745702247;98.841;101.203;90.365;102.037;
1900-01-01 07:17:28;920.0;1745702248;98.801;101.203;90.365;102.077;
1900-01-01 07:17:29;921.0;1745702249;98.801;101.243;90.367;102.065;
1900-01-01 07:17:30;922.0;1745702250;98.942;101.124;90.367;102.065;
1900-01-01 07:17:31;923.0;1745702251;98.942;101.124;90.287;102.012;
1900-01-01 07:17:32;924.0;1745702252;98.942;101.14;90.295;102.004;
1900-01-01 07:17:33;925.0;1745702253;98.952;101.121;90.295;102.004;
1900-01-01 07:17:34;926.0;1745702254;98.899;101.121;90.383;101.964;
1900-01-01 07:17:35;927.0;1745702255;98.899;101.114;90.32;101.964;
1900-01-01 07:17:36;928.0;1745702256;98.866;101.077;90.32;102.042;
1900-01-01 07:17:37;929.0;1745702257;98.866;101.077;90.331;102.032;
1900-01-01 07:17:38;930.0;1745702258;98.796;101.099;90.3;102.032;
1900-01-01 07:17:39;931.0;1745702259;98.722;101.043;90.3;102.09;
1900-01-01 07:17:40;932.0;1745702260;98.722;101.043;90.197;102.01;
1900-01-01 07:17:41;933.0;1745702261;98.668;101.024;90.104;102.01;
1900-01-01 07:17:42;934.0;1745702262;98.699;101.024;90.104;102.025;
1900-01-01 07:17:43;935.0;1745702263;98.699;101.066;90.196;102.085;
1900-01-01 07:17:44;936.0;1745702264;98.653;101.079;90.127;102.085;
1900-01-01 07:17:45;937.0;1745702265;98.651;101.079;90.127;101.995;
1900-01-01 07:17:46;938.0;1745702266;98.651;101.038;90.134;102.039;
1900-01-01 07:17:47;939.0;1745702267;98.617;100.907;90.134;102.039;
1900-01-01 07:17:48;940.0;1745702268;98.621;100.907;90.107;102.097;
1900-01-01 07:17:49;941.0;1745702269;98.621;100.931;90.173;102.036;
1900-01-01 07:17:50;942.0;1745702270;98.664;100.936;90.173;102.036;
1900-01-01 07:17:51;943.0;1745702271;98.608;100.936;90.174;102.009;
1900-01-01 07:17:52;944.0;1745702272;98.608;100.91;90.187;101.993;
1900-01-01 07:17:54;945.0;1745702274;98.697;101.072;90.187;101.993;
1900-01-01 07:17:54;946.0;1745702274;98.697;101.072;90.187;102.063;
1900-01-01 07:17:55;947.0;1745702275;98.747;101.007;90.165;102.125;
1900-01-01 07:17:56;948.0;1745702276;98.618;101.039;90.165;102.125;
1900-01-01 07:17:57;949.0;1745702277;98.618;101.039;90.096;102.013;
1900-01-01 07:17:58;950.0;1745702278;98.69;101.073;90.061;102.013;
1900-01-01 07:17:59;951.0;1745702279;98.783;101.073;90.061;102.081;
1900-01-01 07:18:00;952.0;1745702280;98.783;101.088;90.085;102.004;
1900-01-01 07:18:01;953.0;1745702281;98.631;101.042;90.042;102.004;
1900-01-01 07:18:02;954.0;1745702282;98.73;101.042;90.042;102.094;
1900-01-01 07:18:03;955.0;1745702283;98.73;100.993;90.052;102.026;
1900-01-01 07:18:04;956.0;1745702284;98.691;101.039;89.949;102.026;
1900-01-01 07:18:06;957.0;1745702286;98.719;101.018;89.949;102.083;
1900-01-01 07:18:06;958.0;1745702286;98.719;101.018;89.837;102.109;
1900-01-01 07:18:07;959.0;1745702287;98.662;101.047;89.714;102.109;
1900-01-01 07:18:08;960.0;1745702288;98.697;101.047;89.714;102.052;
1900-01-01 07:18:09;961.0;1745702289;98.697;101.004;89.635;102.077;
1900-01-01 07:18:10;962.0;1745702290;98.589;101.068;89.727;102.077;
1900-01-01 07:18:11;963.0;1745702291;98.626;101.068;89.727;102.07;
1900-01-01 07:18:12;964.0;1745702292;98.626;101.075;89.755;102.121;
1900-01-01 07:18:13;965.0;1745702293;98.56;101.005;89.755;102.121;
1900-01-01 07:18:14;966.0;1745702294;98.585;101.005;89.779;102.075;
1900-01-01 07:18:15;967.0;1745702295;98.585;101.01;89.815;102.132;
1900-01-01 07:18:16;968.0;1745702296;98.58;101.046;89.815;102.132;
1900-01-01 07:18:17;969.0;1745702297;98.58;101.046;89.852;102.115;
1900-01-01 07:18:18;970.0;1745702298;98.644;101.074;89.935;102.115;
1900-01-01 07:18:19;971.0;1745702299;98.712;101.067;89.935;102.043;
1900-01-01 07:18:20;972.0;1745702300;98.712;101.067;89.93;102.108;
1900-01-01 07:18:21;973.0;1745702301;98.632;101.059;89.917;102.108;
1900-01-01 07:18:22;974.0;1745702302;98.673;101.059;89.917;102.133;
1900-01-01 07:18:23;975.0;1745702303;98.673;101.078;89.901;102.048;
1900-01-01 07:18:24;976.0;1745702304;98.659;100.956;89.989;102.048;
1900-01-01 07:18:25;977.0;1745702305;98.598;100.956;89.989;102.053;
1900-01-01 07:18:26;978.0;1745702306;98.598;101.001;89.941;102.098;
1900-01-01 07:18:27;979.0;1745702307;98.557;101.054;89.941;102.098;
1900-01-01 07:18:28;980.0;1745702308;98.504;101.054;90.019;102.046;
1900-01-01 07:18:29;981.0;1745702309;98.504;101.08;89.984;102.091;
1900-01-01 07:18:31;982.0;1745702311;98.608;100.992;89.957;102.091;
1900-01-01 07:18:31;983.0;1745702311;98.453;100.992;89.957;102.029;
1900-01-01 07:18:32;984.0;1745702312;98.453;100.971;89.921;102.039;
1900-01-01 07:18:33;985.0;1745702313;98.411;101.001;89.806;102.039;
1900-01-01 07:18:34;986.0;1745702314;98.411;101.001;89.806;102.105;
1900-01-01 07:18:35;987.0;1745702315;98.506;100.903;89.84;102.077;
1900-01-01 07:18:36;988.0;1745702316;98.452;100.939;89.84;102.077;
1900-01-01 07:18:38;989.0;1745702318;98.443;100.939;89.697;102.013;
1900-01-01 07:18:38;990.0;1745702318;98.443;100.986;89.754;102.013;
1900-01-01 07:18:39;991.0;1745702319;98.537;101.027;89.754;102.113;
1900-01-01 07:18:40;992.0;1745702320;98.473;101.027;89.674;102.038;
1900-01-01 07:18:41;993.0;1745702321;98.473;100.944;89.625;102.038;
1900-01-01 07:18:42;994.0;1745702322;98.526;100.954;89.625;102.024;
1900-01-01 07:18:43;995.0;1745702323;98.516;100.954;89.537;102.044;
1900-01-01 07:18:44;996.0;1745702324;98.516;100.962;89.565;102.044;
1900-01-01 07:18:45;997.0;1745702325;98.546;100.991;89.565;102.053;
1900-01-01 07:18:46;998.0;1745702326;98.546;100.991;89.51;101.996;
1900-01-01 07:18:47;999.0;1745702327;98.621;100.919;89.506;101.996;
1900-01-01 07:18:48;1000.0;1745702328;98.492;100.919;89.506;101.973;
1900-01-01 07:18:49;1001.0;1745702329;98.492;100.872;89.498;102.06;
1900-01-01 07:18:50;1002.0;1745702330;98.441;100.885;89.498;102.06;
1900-01-01 07:18:51;1003.0;1745702331;98.455;100.885;89.461;101.959;
1900-01-01 07:18:52;1004.0;1745702332;98.455;100.94;89.417;102.023;
1900-01-01 07:18:53;1005.0;1745702333;98.41;100.849;89.417;102.023;
1900-01-01 07:18:54;1006.0;1745702334;98.485;100.849;89.402;102.031;
1900-01-01 07:18:55;1007.0;1745702335;98.485;100.877;89.318;102.031;
1900-01-01 07:18:56;1008.0;1745702336;98.504;100.848;89.318;102.036;
1900-01-01 07:18:57;1009.0;1745702337;98.556;100.848;89.245;102.061;
1900-01-01 07:18:58;1010.0;1745702338;98.556;100.889;89.205;102.098;
1900-01-01 07:18:59;1011.0;1745702339;98.569;100.853;89.205;102.098;
1900-01-01 07:19:00;1012.0;1745702340;98.569;100.853;89.336;102.031;
1900-01-01 07:19:01;1013.0;1745702341;98.59;100.806;89.287;102.096;
1900-01-01 07:19:02;1014.0;1745702342;98.543;100.806;89.287;102.096;
1900-01-01 07:19:03;1015.0;1745702343;98.543;100.887;89.34;102.082;
1900-01-01 07:19:04;1016.0;1745702344;98.626;100.899;89.227;102.082;
1900-01-01 07:19:05;1017.0;1745702345;98.506;100.899;89.227;102.015;
1900-01-01 07:19:06;1018.0;1745702346;98.506;100.925;89.166;102.062;
1900-01-01 07:19:07;1019.0;1745702347;98.582;100.881;89.119;102.062;
1900-01-01 07:19:08;1020.0;1745702348;98.472;100.899;89.119;102.154;
1900-01-01 07:19:09;1021.0;1745702349;98.472;100.899;88.987;102.066;
1900-01-01 07:19:10;1022.0;1745702350;98.46;100.833;88.957;102.066;
1900-01-01 07:19:11;1023.0;1745702351;98.346;100.902;88.957;102.098;
1900-01-01 07:19:12;1024.0;1745702352;98.346;100.902;89.031;102.044;
1900-01-01 07:19:13;1025.0;1745702353;98.45;100.837;88.977;102.044;
1900-01-01 07:19:14;1026.0;1745702354;98.374;100.837;88.977;102.089;
1900-01-01 07:19:15;1027.0;1745702355;98.374;100.866;88.895;102.023;
1900-01-01 07:19:16;1028.0;1745702356;98.393;100.825;88.748;102.023;
1900-01-01 07:19:17;1029.0;1745702357;98.348;100.85;88.748;102.089;
1900-01-01 07:19:18;1030.0;1745702358;98.348;100.85;88.786;102.085;
1900-01-01 07:19:19;1031.0;1745702359;98.35;100.743;88.74;102.085;
1900-01-01 07:19:20;1032.0;1745702360;98.316;100.743;88.74;102.062;
1900-01-01 07:19:21;1033.0;1745702361;98.316;100.871;88.657;102.08;
1900-01-01 07:19:22;1034.0;1745702362;98.268;100.891;88.625;102.08;
1900-01-01 07:19:24;1035.0;1745702364;98.265;100.809;88.625;102.14;
1900-01-01 07:19:24;1036.0;1745702364;98.265;100.809;88.485;102.052;
1900-01-01 07:19:25;1037.0;1745702365;98.249;100.774;88.311;102.052;
1900-01-01 07:19:26;1038.0;1745702366;98.276;100.774;88.311;102.063;
1900-01-01 07:19:27;1039.0;1745702367;98.276;100.792;88.389;102.132;
1900-01-01 07:19:28;1040.0;1745702368;98.28;100.805;88.445;102.132;
1900-01-01 07:19:29;1041.0;1745702369;98.249;100.805;88.445;102.124;
1900-01-01 07:19:30;1042.0;1745702370;98.249;100.732;88.473;102.095;
1900-01-01 07:19:31;1043.0;1745702371;98.206;100.8;88.53;102.095;
1900-01-01 07:19:32;1044.0;1745702372;98.252;100.8;88.53;102.077;
1900-01-01 07:19:33;1045.0;1745702373;98.252;100.752;88.475;102.12;
1900-01-01 07:19:34;1046.0;1745702374;98.365;100.825;88.475;102.12;
1900-01-01 07:19:35;1047.0;1745702375;98.359;100.825;88.437;102.153;
1900-01-01 07:19:36;1048.0;1745702376;98.359;100.809;88.547;102.153;
1900-01-01 07:19:37;1049.0;1745702377;98.373;100.787;88.547;102.085;
1900-01-01 07:19:38;1050.0;1745702378;98.373;100.787;88.637;102.094;
1900-01-01 07:19:39;1051.0;1745702379;98.347;100.872;88.711;102.055;
1900-01-01 07:19:40;1052.0;1745702380;98.32;100.75;88.711;102.055;
1900-01-01 07:19:42;1053.0;1745702382;98.3;100.75;88.764;102.108;
1900-01-01 07:19:42;1054.0;1745702382;98.3;100.771;88.692;102.108;
1900-01-01 07:19:43;1055.0;1745702383;98.222;100.84;88.692;102.029;
1900-01-01 07:19:44;1056.0;1745702384;98.351;100.84;88.622;102.09;
1900-01-01 07:19:45;1057.0;1745702385;98.351;100.742;88.609;102.09;
1900-01-01 07:19:46;1058.0;1745702386;98.236;100.846;88.609;102.106;
1900-01-01 07:19:47;1059.0;1745702387;98.236;100.846;88.672;102.076;
1900-01-01 07:19:48;1060.0;1745702388;98.233;100.818;88.805;102.076;
1900-01-01 07:19:49;1061.0;1745702389;98.311;100.818;88.805;102.046;
1900-01-01 07:19:50;1062.0;1745702390;98.311;100.782;88.849;102.04;
1900-01-01 07:19:51;1063.0;1745702391;98.3;100.808;88.75;102.04;
1900-01-01 07:19:52;1064.0;1745702392;98.232;100.808;88.75;102.079;
1900-01-01 07:19:53;1065.0;1745702393;98.232;100.861;88.528;102.033;
1900-01-01 07:19:54;1066.0;1745702394;98.258;100.807;88.528;102.033;
1900-01-01 07:19:55;1067.0;1745702395;98.212;100.807;88.516;102.055;
1900-01-01 07:19:56;1068.0;1745702396;98.212;100.825;88.461;102.055;
1900-01-01 07:19:57;1069.0;1745702397;98.176;100.728;88.461;102.03;
1900-01-01 07:19:59;1070.0;1745702399;98.164;100.728;88.59;102.063;
1900-01-01 07:19:59;1071.0;1745702399;98.164;100.79;88.543;102.063;
1900-01-01 07:20:00;1072.0;1745702400;98.116;100.801;88.543;102.104;
1900-01-01 07:20:01;1073.0;1745702401;98.116;100.801;88.553;102.067;
1900-01-01 07:20:02;1074.0;1745702402;98.141;100.713;88.548;102.067;
1900-01-01 07:20:03;1075.0;1745702403;98.224;100.713;88.548;102.076;
1900-01-01 07:20:04;1076.0;1745702404;98.224;100.774;88.582;102.054;
1900-01-01 07:20:05;1077.0;1745702405;98.184;100.814;88.582;102.054;
1900-01-01 07:20:06;1078.0;1745702406;98.169;100.814;88.54;102.17;
1900-01-01 07:20:07;1079.0;1745702407;98.169;100.81;88.517;102.086;
1900-01-01 07:20:08;1080.0;1745702408;98.255;100.781;88.517;102.086;
1900-01-01 07:20:09;1081.0;1745702409;98.287;100.781;88.395;102.11;
1900-01-01 07:20:10;1082.0;1745702410;98.287;100.794;88.426;102.072;
1900-01-01 07:20:11;1083.0;1745702411;98.3;100.782;88.391;102.072;
1900-01-01 07:20:12;1084.0;1745702412;98.288;100.782;88.391;102.086;
1900-01-01 07:20:13;1085.0;1745702413;98.288;100.746;88.45;102.131;
1900-01-01 07:20:14;1086.0;1745702414;98.249;100.798;88.45;102.131;
1900-01-01 07:20:15;1087.0;1745702415;98.219;100.798;88.434;102.041;
1900-01-01 07:20:16;1088.0;1745702416;98.219;100.762;88.307;102.041;
1900-01-01 07:20:17;1089.0;1745702417;98.199;100.769;88.307;102.104;
1900-01-01 07:20:18;1090.0;1745702418;98.138;100.769;88.284;102.15;
1900-01-01 07:20:19;1091.0;1745702419;98.138;100.78;88.086;102.15;
1900-01-01 07:20:20;1092.0;1745702420;98.034;100.705;88.086;102.072;
1900-01-01 07:20:21;1093.0;1745702421;98.034;100.705;87.985;102.057;
1900-01-01 07:20:22;1094.0;1745702422;98.065;100.677;87.955;102.042;
1900-01-01 07:20:23;1095.0;1745702423;97.967;100.677;87.955;102.042;
1900-01-01 07:20:24;1096.0;1745702424;97.967;100.706;88.005;102.104;
1900-01-01 07:20:25;1097.0;1745702425;98.072;100.672;88.129;102.104;
1900-01-01 07:20:26;1098.0;1745702426;98.097;100.762;88.129;102.046;
1900-01-01 07:20:27;1099.0;1745702427;98.097;100.762;88.045;102.045;
1900-01-01 07:20:28;1100.0;1745702428;98.199;100.701;88.086;102.045;
1900-01-01 07:20:29;1101.0;1745702429;98.128;100.607;88.086;102.089;
1900-01-01 07:20:30;1102.0;1745702430;98.128;100.607;87.928;101.992;
1900-01-01 07:20:31;1103.0;1745702431;98.122;100.671;87.811;101.992;
1900-01-01 07:20:32;1104.0;1745702432;98.132;100.671;87.811;102.098;
1900-01-01 07:20:33;1105.0;1745702433;98.132;100.645;87.741;102.121;
1900-01-01 07:20:34;1106.0;1745702434;98.164;100.634;87.679;102.121;
1900-01-01 07:20:36;1107.0;1745702436;98.239;100.634;87.679;102.108;
1900-01-01 07:20:36;1108.0;1745702436;98.239;100.622;87.778;102.104;
1900-01-01 07:20:37;1109.0;1745702437;98.159;100.651;87.778;102.104;
1900-01-01 07:20:39;1110.0;1745702439;98.027;100.651;87.828;102.097;
1900-01-01 07:20:39;1111.0;1745702439;98.027;100.64;87.917;102.097;
1900-01-01 07:20:40;1112.0;1745702440;98.074;100.498;87.917;102.052;
1900-01-01 07:20:41;1113.0;1745702441;98.003;100.498;88.06;102.108;
1900-01-01 07:20:42;1114.0;1745702442;98.003;100.567;88.136;102.108;
1900-01-01 07:20:43;1115.0;1745702443;98.004;100.605;88.136;102.142;
1900-01-01 07:20:44;1116.0;1745702444;97.88;100.605;88.098;102.025;
1900-01-01 07:20:45;1117.0;1745702445;97.88;100.617;88.077;102.025;
1900-01-01 07:20:46;1118.0;1745702446;97.897;100.679;88.077;102.127;
1900-01-01 07:20:47;1119.0;1745702447;97.897;100.679;88.036;102.079;
1900-01-01 07:20:48;1120.0;1745702448;97.776;100.659;87.964;102.079;
1900-01-01 07:20:49;1121.0;1745702449;97.931;100.659;87.964;102.097;
1900-01-01 07:20:50;1122.0;1745702450;97.931;100.798;87.82;102.102;
1900-01-01 07:20:51;1123.0;1745702451;97.953;100.656;87.793;102.102;
1900-01-01 07:20:52;1124.0;1745702452;97.884;100.765;87.793;102.112;
1900-01-01 07:20:53;1125.0;1745702453;97.884;100.765;87.782;102.055;
1900-01-01 07:20:54;1126.0;1745702454;97.907;100.729;87.743;102.055;
1900-01-01 07:20:55;1127.0;1745702455;98.035;100.729;87.743;102.132;
1900-01-01 07:20:56;1128.0;1745702456;98.035;100.663;87.601;101.999;
1900-01-01 07:20:57;1129.0;1745702457;97.99;100.693;87.601;101.999;
1900-01-01 07:20:58;1130.0;1745702458;98.029;100.693;87.625;102.107;
1900-01-01 07:20:59;1131.0;1745702459;98.029;100.697;87.628;102.136;
1900-01-01 07:21:00;1132.0;1745702460;98.039;100.697;87.628;102.136;
1900-01-01 07:21:01;1133.0;1745702461;98.051;100.697;87.623;102.16;
1900-01-01 07:21:02;1134.0;1745702462;98.051;100.593;87.698;102.16;
1900-01-01 07:21:03;1135.0;1745702463;98.01;100.633;87.698;102.03;
1900-01-01 07:21:04;1136.0;1745702464;98.01;100.633;87.684;102.098;
1900-01-01 07:21:05;1137.0;1745702465;97.988;100.586;87.741;102.031;
1900-01-01 07:21:06;1138.0;1745702466;98.035;100.586;87.741;102.031;
1900-01-01 07:21:07;1139.0;1745702467;98.035;100.576;87.71;102.094;
1900-01-01 07:21:08;1140.0;1745702468;98.003;100.633;87.641;102.094;
1900-01-01 07:21:09;1141.0;1745702469;98.021;100.633;87.641;102.119;
1900-01-01 07:21:10;1142.0;1745702470;98.021;100.53;87.612;102.112;
1900-01-01 07:21:12;1143.0;1745702472;97.975;100.533;87.556;102.112;
1900-01-01 07:21:12;1144.0;1745702472;97.998;100.533;87.556;102.156;
1900-01-01 07:21:13;1145.0;1745702473;97.998;100.576;87.592;102.101;
1900-01-01 07:21:15;1146.0;1745702475;98.007;100.545;87.625;102.101;
1900-01-01 07:21:15;1147.0;1745702475;98.036;100.545;87.625;102.061;
1900-01-01 07:21:16;1148.0;1745702476;98.036;100.523;87.682;102.08;
1900-01-01 07:21:17;1149.0;1745702477;97.995;100.584;87.724;102.08;
1900-01-01 07:21:18;1150.0;1745702478;97.99;100.584;87.724;102.131;
1900-01-01 07:21:19;1151.0;1745702479;97.99;100.516;87.775;102.126;
1900-01-01 07:21:20;1152.0;1745702480;97.873;100.505;87.775;102.126;
1900-01-01 07:21:21;1153.0;1745702481;97.99;100.505;87.68;102.018;
1900-01-01 07:21:23;1154.0;1745702483;97.99;100.566;87.61;102.11;
1900-01-01 07:21:23;1155.0;1745702483;97.994;100.473;87.61;102.11;
1900-01-01 07:21:24;1156.0;1745702484;97.902;100.473;87.559;102.1;
1900-01-01 07:21:25;1157.0;1745702485;97.902;100.592;87.426;102.109;
1900-01-01 07:21:26;1158.0;1745702486;97.866;100.563;87.426;102.109;
1900-01-01 07:21:27;1159.0;1745702487;97.757;100.563;87.392;102.068;
1900-01-01 07:21:28;1160.0;1745702488;97.757;100.627;87.41;102.097;
1900-01-01 07:21:29;1161.0;1745702489;97.771;100.537;87.41;102.097;
1900-01-01 07:21:30;1162.0;1745702490;97.776;100.537;87.416;102.176;
1900-01-01 07:21:31;1163.0;1745702491;97.776;100.531;87.39;102.05;
1900-01-01 07:21:32;1164.0;1745702492;97.761;100.443;87.39;102.05;
1900-01-01 07:21:33;1165.0;1745702493;97.761;100.443;87.335;102.106;
1900-01-01 07:21:35;1166.0;1745702495;97.771;100.482;87.303;102.099;
1900-01-01 07:21:35;1167.0;1745702495;97.733;100.448;87.303;102.099;
1900-01-01 07:21:36;1168.0;1745702496;97.733;100.448;87.284;102.115;
1900-01-01 07:21:37;1169.0;1745702497;97.846;100.548;87.342;102.115;
1900-01-01 07:21:38;1170.0;1745702498;97.887;100.548;87.342;102.092;
1900-01-01 07:21:39;1171.0;1745702499;97.887;100.524;87.258;102.071;
1900-01-01 07:21:40;1172.0;1745702500;97.908;100.556;87.258;102.071;
1900-01-01 07:21:41;1173.0;1745702501;97.832;100.556;87.337;102.053;
1900-01-01 07:21:42;1174.0;1745702502;97.832;100.469;87.206;102.099;
1900-01-01 07:21:43;1175.0;1745702503;97.783;100.465;87.139;102.099;
1900-01-01 07:21:44;1176.0;1745702504;97.834;100.465;87.139;102.091;
1900-01-01 07:21:45;1177.0;1745702505;97.834;100.435;87.081;102.103;
1900-01-01 07:21:46;1178.0;1745702506;97.84;100.598;87.081;102.103;
1900-01-01 07:21:47;1179.0;1745702507;97.894;100.598;87.107;101.954;
1900-01-01 07:21:48;1180.0;1745702508;97.894;100.528;87.11;102.062;
1900-01-01 07:21:49;1181.0;1745702509;97.86;100.546;87.11;102.062;
1900-01-01 07:21:50;1182.0;1745702510;97.825;100.546;87.142;102.059;
1900-01-01 07:21:51;1183.0;1745702511;97.825;100.557;87.221;102.091;
1900-01-01 07:21:52;1184.0;1745702512;97.815;100.56;87.221;102.091;
1900-01-01 07:21:53;1185.0;1745702513;97.815;100.56;87.31;102.082;
1900-01-01 07:21:54;1186.0;1745702514;97.88;100.447;87.283;102.033;
1900-01-01 07:21:55;1187.0;1745702515;97.889;100.507;87.283;102.033;
1900-01-01 07:21:56;1188.0;1745702516;97.889;100.507;87.35;102.073;
1900-01-01 07:21:57;1189.0;1745702517;97.86;100.443;87.335;102.073;
1900-01-01 07:21:58;1190.0;1745702518;97.89;100.512;87.335;101.976;
1900-01-01 07:21:59;1191.0;1745702519;97.797;100.512;87.351;102.06;
1900-01-01 07:22:00;1192.0;1745702520;97.797;100.518;87.279;102.06;
1900-01-01 07:22:01;1193.0;1745702521;97.786;100.518;87.279;102.088;
1900-01-01 07:22:02;1194.0;1745702522;97.786;100.453;87.227;102.068;
1900-01-01 07:22:03;1195.0;1745702523;97.761;100.487;87.183;102.068;
1900-01-01 07:22:04;1196.0;1745702524;97.732;100.487;87.183;102.073;
1900-01-01 07:22:05;1197.0;1745702525;97.732;100.426;87.21;102.071;
1900-01-01 07:22:06;1198.0;1745702526;97.761;100.472;87.04;102.071;
1900-01-01 07:22:07;1199.0;1745702527;97.663;100.472;87.04;102.064;
1900-01-01 07:22:08;1200.0;1745702528;97.663;100.46;86.956;102.04;
