Time;Seconds from start for linreg;Unix Time;ch1 po2;ch2 po2;ch3 po2;ch4 po2;
1900-01-01 20:12:07;1.0;1745662327;98.662;100.406;95.361;106.678;
1900-01-01 20:12:08;2.0;1745662328;98.666;100.406;95.361;106.681;
1900-01-01 20:12:09;3.0;1745662329;98.666;100.425;95.307;106.748;
1900-01-01 20:12:10;4.0;1745662330;98.568;100.394;95.307;106.748;
1900-01-01 20:12:11;5.0;1745662331;98.568;100.394;95.338;106.786;
1900-01-01 20:12:12;6.0;1745662332;98.576;100.421;95.395;106.691;
1900-01-01 20:12:13;7.0;1745662333;98.553;100.316;95.395;106.691;
1900-01-01 20:12:14;8.0;1745662334;98.553;100.316;95.355;106.699;
1900-01-01 20:12:15;9.0;1745662335;98.463;100.279;95.322;106.75;
1900-01-01 20:12:16;10.0;1745662336;98.565;100.22;95.322;106.75;
1900-01-01 20:12:17;11.0;1745662337;98.565;100.22;95.373;106.693;
1900-01-01 20:12:18;12.0;1745662338;98.541;100.121;95.479;106.693;
1900-01-01 20:12:19;13.0;1745662339;98.56;100.23;95.479;106.705;
1900-01-01 20:12:20;14.0;1745662340;98.56;100.23;95.445;106.706;
1900-01-01 20:12:21;15.0;1745662341;98.648;100.125;95.431;106.706;
1900-01-01 20:12:22;16.0;1745662342;98.585;100.157;95.431;106.809;
1900-01-01 20:12:23;17.0;1745662343;98.585;100.157;95.405;106.759;
1900-01-01 20:12:24;18.0;1745662344;98.623;100.287;95.349;106.759;
1900-01-01 20:12:25;19.0;1745662345;98.565;100.287;95.349;106.708;
1900-01-01 20:12:26;20.0;1745662346;98.565;100.11;95.386;106.775;
1900-01-01 20:12:27;21.0;1745662347;98.564;100.121;95.36;106.775;
1900-01-01 20:12:28;22.0;1745662348;98.538;100.121;95.36;106.83;
1900-01-01 20:12:29;23.0;1745662349;98.538;100.268;95.307;106.85;
1900-01-01 20:12:30;24.0;1745662350;98.488;100.268;95.307;106.85;
1900-01-01 20:12:31;25.0;1745662351;98.45;100.268;95.3;106.768;
1900-01-01 20:12:32;26.0;1745662352;98.45;100.226;95.236;106.713;
1900-01-01 20:12:33;27.0;1745662353;98.417;100.262;95.236;106.713;
1900-01-01 20:12:34;28.0;1745662354;98.413;100.262;95.097;106.789;
1900-01-01 20:12:35;29.0;1745662355;98.413;100.292;95.089;106.789;
1900-01-01 20:12:36;30.0;1745662356;98.407;100.249;95.089;106.786;
1900-01-01 20:12:37;31.0;1745662357;98.384;100.249;95.043;106.709;
1900-01-01 20:12:38;32.0;1745662358;98.384;100.258;95.099;106.709;
1900-01-01 20:12:39;33.0;1745662359;98.425;100.199;95.099;106.741;
1900-01-01 20:12:40;34.0;1745662360;98.417;100.199;95.182;106.717;
1900-01-01 20:12:41;35.0;1745662361;98.417;100.25;95.183;106.717;
1900-01-01 20:12:42;36.0;1745662362;98.422;100.157;95.183;106.737;
1900-01-01 20:12:43;37.0;1745662363;98.422;100.157;95.14;106.65;
1900-01-01 20:12:44;38.0;1745662364;98.463;100.24;95.238;106.65;
1900-01-01 20:12:45;39.0;1745662365;98.441;100.232;95.238;106.676;
1900-01-01 20:12:46;40.0;1745662366;98.441;100.232;95.215;106.648;
1900-01-01 20:12:47;41.0;1745662367;98.426;100.212;95.226;106.648;
1900-01-01 20:12:48;42.0;1745662368;98.459;100.212;95.226;106.716;
1900-01-01 20:12:49;43.0;1745662369;98.459;100.224;95.208;106.641;
1900-01-01 20:12:50;44.0;1745662370;98.498;100.244;95.208;106.641;
1900-01-01 20:12:51;45.0;1745662371;98.364;100.244;95.273;106.692;
1900-01-01 20:12:52;46.0;1745662372;98.364;100.221;95.29;106.805;
1900-01-01 20:12:53;47.0;1745662373;98.372;100.216;95.29;106.805;
1900-01-01 20:12:54;48.0;1745662374;98.426;100.216;95.251;106.728;
1900-01-01 20:12:55;49.0;1745662375;98.426;100.233;95.224;106.676;
1900-01-01 20:12:56;50.0;1745662376;98.42;100.25;95.224;106.676;
1900-01-01 20:12:57;51.0;1745662377;98.42;100.25;95.201;106.688;
1900-01-01 20:12:58;52.0;1745662378;98.223;100.297;95.248;106.688;
1900-01-01 20:12:59;53.0;1745662379;98.157;100.172;95.248;106.667;
1900-01-01 20:13:00;54.0;1745662380;98.176;100.172;95.279;106.717;
1900-01-01 20:13:01;55.0;1745662381;98.176;100.182;95.236;106.717;
1900-01-01 20:13:02;56.0;1745662382;98.108;100.229;95.236;106.73;
1900-01-01 20:13:03;57.0;1745662383;98.04;100.229;95.237;106.704;
1900-01-01 20:13:04;58.0;1745662384;98.04;100.222;95.129;106.704;
1900-01-01 20:13:05;59.0;1745662385;97.993;100.227;95.129;106.678;
1900-01-01 20:13:06;60.0;1745662386;97.993;100.227;95.3;106.766;
1900-01-01 20:13:07;61.0;1745662387;97.988;100.116;95.278;106.766;
1900-01-01 20:13:08;62.0;1745662388;97.95;100.116;95.278;106.704;
1900-01-01 20:13:09;63.0;1745662389;97.95;100.127;95.212;106.777;
1900-01-01 20:13:10;64.0;1745662390;97.932;100.078;95.056;106.777;
1900-01-01 20:13:11;65.0;1745662391;97.986;100.078;95.056;106.747;
1900-01-01 20:13:12;66.0;1745662392;97.986;100.019;95.113;106.731;
1900-01-01 20:13:13;67.0;1745662393;97.956;100.095;94.997;106.731;
1900-01-01 20:13:14;68.0;1745662394;98.037;100.095;94.997;106.751;
1900-01-01 20:13:15;69.0;1745662395;98.037;100.005;94.943;106.717;
1900-01-01 20:13:16;70.0;1745662396;97.961;100.025;94.943;106.717;
1900-01-01 20:13:17;71.0;1745662397;98.048;100.025;95.045;106.662;
1900-01-01 20:13:18;72.0;1745662398;98.048;99.997;95.045;106.711;
1900-01-01 20:13:19;73.0;1745662399;98.037;99.982;95.045;106.711;
1900-01-01 20:13:20;74.0;1745662400;97.997;99.982;94.908;106.701;
1900-01-01 20:13:21;75.0;1745662401;97.997;100.054;94.853;106.752;
1900-01-01 20:13:22;76.0;1745662402;98.083;100.03;94.853;106.752;
1900-01-01 20:13:23;77.0;1745662403;98.083;100.03;94.913;106.684;
1900-01-01 20:13:24;78.0;1745662404;98.084;100.063;94.944;106.726;
1900-01-01 20:13:25;79.0;1745662405;98.085;100.037;94.944;106.726;
1900-01-01 20:13:26;80.0;1745662406;98.085;100.037;94.969;106.695;
1900-01-01 20:13:27;81.0;1745662407;98.144;99.936;94.987;106.695;
1900-01-01 20:13:28;82.0;1745662408;98.073;99.966;94.987;106.704;
1900-01-01 20:13:29;83.0;1745662409;98.073;99.966;94.961;106.64;
1900-01-01 20:13:30;84.0;1745662410;98.053;100.067;94.962;106.64;
1900-01-01 20:13:31;85.0;1745662411;98.09;99.986;94.962;106.687;
1900-01-01 20:13:32;86.0;1745662412;98.09;99.986;94.949;106.705;
1900-01-01 20:13:33;87.0;1745662413;98.091;99.996;94.877;106.705;
1900-01-01 20:13:34;88.0;1745662414;98.132;99.898;94.877;106.644;
1900-01-01 20:13:36;89.0;1745662416;98.132;99.898;94.899;106.664;
1900-01-01 20:13:36;90.0;1745662416;98.107;99.969;94.95;106.664;
1900-01-01 20:13:37;91.0;1745662417;98.059;99.969;94.95;106.628;
1900-01-01 20:13:38;92.0;1745662418;98.059;99.955;94.912;106.7;
1900-01-01 20:13:39;93.0;1745662419;98.131;99.903;94.912;106.7;
1900-01-01 20:13:40;94.0;1745662420;98.073;99.903;95.012;106.789;
1900-01-01 20:13:41;95.0;1745662421;98.073;99.897;95.05;106.718;
1900-01-01 20:13:43;96.0;1745662423;98.111;99.962;95.0;106.718;
1900-01-01 20:13:43;97.0;1745662423;98.154;99.962;95.0;106.714;
1900-01-01 20:13:44;98.0;1745662424;98.154;99.938;95.123;106.716;
1900-01-01 20:13:45;99.0;1745662425;98.034;99.956;95.123;106.716;
1900-01-01 20:13:46;100.0;1745662426;98.034;99.956;95.033;106.69;
1900-01-01 20:13:47;101.0;1745662427;98.074;99.972;95.023;106.69;
1900-01-01 20:13:48;102.0;1745662428;97.981;99.982;95.023;106.721;
1900-01-01 20:13:49;103.0;1745662429;97.921;99.982;94.983;106.693;
1900-01-01 20:13:50;104.0;1745662430;97.921;99.989;94.943;106.693;
1900-01-01 20:13:51;105.0;1745662431;97.869;99.984;94.943;106.602;
1900-01-01 20:13:52;106.0;1745662432;97.869;99.984;94.851;106.711;
1900-01-01 20:13:53;107.0;1745662433;97.828;99.933;94.835;106.711;
1900-01-01 20:13:54;108.0;1745662434;97.803;99.933;94.835;106.724;
1900-01-01 20:13:55;109.0;1745662435;97.803;99.863;94.875;106.671;
1900-01-01 20:13:56;110.0;1745662436;97.814;99.909;94.891;106.671;
1900-01-01 20:13:57;111.0;1745662437;97.754;99.909;94.891;106.67;
1900-01-01 20:13:58;112.0;1745662438;97.754;99.981;94.897;106.662;
1900-01-01 20:13:59;113.0;1745662439;97.729;99.902;94.897;106.662;
1900-01-01 20:14:00;114.0;1745662440;97.767;99.902;94.874;106.623;
1900-01-01 20:14:01;115.0;1745662441;97.767;99.914;94.87;106.623;
1900-01-01 20:14:02;116.0;1745662442;97.724;99.878;94.87;106.653;
1900-01-01 20:14:03;117.0;1745662443;97.68;99.878;94.8;106.593;
1900-01-01 20:14:04;118.0;1745662444;97.68;99.982;94.79;106.593;
1900-01-01 20:14:05;119.0;1745662445;97.715;99.879;94.79;106.764;
1900-01-01 20:14:06;120.0;1745662446;97.736;99.879;94.706;106.64;
1900-01-01 20:14:07;121.0;1745662447;97.736;99.959;94.685;106.64;
1900-01-01 20:14:08;122.0;1745662448;97.707;99.838;94.685;106.692;
1900-01-01 20:14:09;123.0;1745662449;97.707;99.838;94.704;106.693;
1900-01-01 20:14:10;124.0;1745662450;97.746;99.771;94.625;106.692;
1900-01-01 20:14:11;125.0;1745662451;97.706;99.784;94.625;106.692;
1900-01-01 20:14:12;126.0;1745662452;97.706;99.784;94.563;106.676;
1900-01-01 20:14:13;127.0;1745662453;97.758;99.81;94.617;106.676;
1900-01-01 20:14:14;128.0;1745662454;97.763;99.708;94.617;106.68;
1900-01-01 20:14:15;129.0;1745662455;97.819;99.708;94.719;106.631;
1900-01-01 20:14:16;130.0;1745662456;97.819;99.769;94.692;106.709;
1900-01-01 20:14:17;131.0;1745662457;97.758;99.792;94.692;106.709;
1900-01-01 20:14:18;132.0;1745662458;97.758;99.792;94.701;106.688;
1900-01-01 20:14:19;133.0;1745662459;97.73;99.796;94.744;106.688;
1900-01-01 20:14:20;134.0;1745662460;97.786;99.776;94.744;106.679;
1900-01-01 20:14:21;135.0;1745662461;97.711;99.776;94.684;106.676;
1900-01-01 20:14:22;136.0;1745662462;97.711;99.74;94.634;106.671;
1900-01-01 20:14:23;137.0;1745662463;97.68;99.787;94.634;106.671;
1900-01-01 20:14:24;138.0;1745662464;97.68;99.787;94.675;106.68;
1900-01-01 20:14:25;139.0;1745662465;97.626;99.86;94.725;106.705;
1900-01-01 20:14:26;140.0;1745662466;97.676;99.761;94.725;106.705;
1900-01-01 20:14:27;141.0;1745662467;97.676;99.761;94.721;106.57;
1900-01-01 20:14:28;142.0;1745662468;97.579;99.698;94.665;106.57;
1900-01-01 20:14:29;143.0;1745662469;97.624;99.698;94.665;106.623;
1900-01-01 20:14:30;144.0;1745662470;97.624;99.74;94.71;106.642;
1900-01-01 20:14:31;145.0;1745662471;97.662;99.666;94.701;106.642;
1900-01-01 20:14:32;146.0;1745662472;97.589;99.827;94.701;106.705;
1900-01-01 20:14:33;147.0;1745662473;97.589;99.827;94.657;106.624;
1900-01-01 20:14:34;148.0;1745662474;97.628;99.648;94.603;106.624;
1900-01-01 20:14:35;149.0;1745662475;97.598;99.648;94.603;106.604;
1900-01-01 20:14:36;150.0;1745662476;97.598;99.71;94.508;106.667;
1900-01-01 20:14:37;151.0;1745662477;97.595;99.732;94.508;106.667;
1900-01-01 20:14:38;152.0;1745662478;97.588;99.732;94.565;106.66;
1900-01-01 20:14:39;153.0;1745662479;97.588;99.687;94.603;106.673;
1900-01-01 20:14:41;154.0;1745662481;97.62;99.66;94.601;106.673;
1900-01-01 20:14:41;155.0;1745662481;97.526;99.66;94.601;106.634;
1900-01-01 20:14:42;156.0;1745662482;97.526;99.67;94.558;106.637;
1900-01-01 20:14:43;157.0;1745662483;97.55;99.739;94.56;106.637;
1900-01-01 20:14:44;158.0;1745662484;97.517;99.739;94.56;106.647;
1900-01-01 20:14:45;159.0;1745662485;97.517;99.671;94.563;106.682;
1900-01-01 20:14:46;160.0;1745662486;97.41;99.68;94.563;106.682;
1900-01-01 20:14:47;161.0;1745662487;97.41;99.68;94.529;106.663;
1900-01-01 20:14:48;162.0;1745662488;97.424;99.603;94.514;106.632;
1900-01-01 20:14:49;163.0;1745662489;97.425;99.62;94.514;106.632;
1900-01-01 20:14:50;164.0;1745662490;97.425;99.62;94.5;106.578;
1900-01-01 20:14:51;165.0;1745662491;97.387;99.551;94.46;106.637;
1900-01-01 20:14:52;166.0;1745662492;97.277;99.608;94.46;106.637;
1900-01-01 20:14:53;167.0;1745662493;97.277;99.608;94.421;106.657;
1900-01-01 20:14:54;168.0;1745662494;97.411;99.56;94.423;106.657;
1900-01-01 20:14:55;169.0;1745662495;97.405;99.509;94.423;106.607;
1900-01-01 20:14:56;170.0;1745662496;97.405;99.509;94.366;106.641;
1900-01-01 20:14:57;171.0;1745662497;97.409;99.539;94.396;106.641;
1900-01-01 20:14:58;172.0;1745662498;97.429;99.63;94.396;106.625;
1900-01-01 20:14:59;173.0;1745662499;97.429;99.63;94.404;106.596;
1900-01-01 20:15:00;174.0;1745662500;97.529;99.592;94.404;106.596;
1900-01-01 20:15:01;175.0;1745662501;97.483;99.592;94.477;106.587;
1900-01-01 20:15:02;176.0;1745662502;97.483;99.57;94.404;106.526;
1900-01-01 20:15:04;177.0;1745662504;97.583;99.593;94.44;106.526;
1900-01-01 20:15:04;178.0;1745662504;97.51;99.593;94.44;106.583;
1900-01-01 20:15:05;179.0;1745662505;97.51;99.535;94.402;106.662;
1900-01-01 20:15:07;180.0;1745662507;97.555;99.53;94.452;106.662;
1900-01-01 20:15:07;181.0;1745662507;97.593;99.53;94.452;106.573;
1900-01-01 20:15:08;182.0;1745662508;97.593;99.454;94.425;106.663;
1900-01-01 20:15:09;183.0;1745662509;97.577;99.492;94.425;106.663;
1900-01-01 20:15:10;184.0;1745662510;97.577;99.492;94.367;106.55;
1900-01-01 20:15:11;185.0;1745662511;97.613;99.443;94.203;106.55;
1900-01-01 20:15:12;186.0;1745662512;97.589;99.449;94.203;106.645;
1900-01-01 20:15:14;187.0;1745662514;97.573;99.449;94.218;106.629;
1900-01-01 20:15:14;188.0;1745662514;97.573;99.37;94.207;106.629;
1900-01-01 20:15:15;189.0;1745662515;97.468;99.431;94.207;106.647;
1900-01-01 20:15:17;190.0;1745662517;97.519;99.431;94.152;106.606;
1900-01-01 20:15:17;191.0;1745662517;97.519;99.343;94.298;106.606;
1900-01-01 20:15:18;192.0;1745662518;97.472;99.455;94.298;106.632;
1900-01-01 20:15:19;193.0;1745662519;97.472;99.455;94.432;106.606;
1900-01-01 20:15:20;194.0;1745662520;97.458;99.502;94.482;106.606;
1900-01-01 20:15:21;195.0;1745662521;97.437;99.406;94.482;106.611;
1900-01-01 20:15:23;196.0;1745662523;97.437;99.406;94.447;106.64;
1900-01-01 20:15:23;197.0;1745662523;97.353;99.452;94.519;106.64;
1900-01-01 20:15:24;198.0;1745662524;97.415;99.452;94.519;106.629;
1900-01-01 20:15:25;199.0;1745662525;97.415;99.375;94.477;106.666;
1900-01-01 20:15:26;200.0;1745662526;97.282;99.42;94.444;106.666;
1900-01-01 20:15:27;201.0;1745662527;97.357;99.42;94.444;106.608;
1900-01-01 20:15:28;202.0;1745662528;97.357;99.419;94.367;106.676;
1900-01-01 20:15:29;203.0;1745662529;97.332;99.33;94.367;106.676;
1900-01-01 20:15:31;204.0;1745662531;97.351;99.33;94.357;106.68;
1900-01-01 20:15:31;205.0;1745662531;97.351;99.309;94.335;106.68;
1900-01-01 20:15:32;206.0;1745662532;97.37;99.225;94.335;106.599;
1900-01-01 20:15:33;207.0;1745662533;97.26;99.225;94.29;106.648;
1900-01-01 20:15:34;208.0;1745662534;97.26;99.421;94.331;106.648;
1900-01-01 20:15:35;209.0;1745662535;97.366;99.391;94.331;106.609;
1900-01-01 20:15:36;210.0;1745662536;97.329;99.391;94.373;106.651;
1900-01-01 20:15:37;211.0;1745662537;97.329;99.383;94.25;106.651;
1900-01-01 20:15:38;212.0;1745662538;97.182;99.276;94.25;106.657;
1900-01-01 20:15:39;213.0;1745662539;97.182;99.276;94.157;106.597;
1900-01-01 20:15:40;214.0;1745662540;97.241;99.296;94.116;106.597;
1900-01-01 20:15:41;215.0;1745662541;97.192;99.345;94.116;106.622;
1900-01-01 20:15:42;216.0;1745662542;97.192;99.345;94.182;106.53;
1900-01-01 20:15:43;217.0;1745662543;97.279;99.364;94.182;106.53;
1900-01-01 20:15:44;218.0;1745662544;97.187;99.364;94.263;106.611;
1900-01-01 20:15:45;219.0;1745662545;97.187;99.358;94.162;106.655;
1900-01-01 20:15:46;220.0;1745662546;97.137;99.367;94.229;106.655;
1900-01-01 20:15:47;221.0;1745662547;97.103;99.367;94.229;106.621;
1900-01-01 20:15:48;222.0;1745662548;97.103;99.287;94.166;106.631;
1900-01-01 20:15:49;223.0;1745662549;97.163;99.284;94.236;106.631;
1900-01-01 20:15:50;224.0;1745662550;97.1;99.284;94.236;106.568;
1900-01-01 20:15:51;225.0;1745662551;97.1;99.34;94.183;106.633;
1900-01-01 20:15:52;226.0;1745662552;97.163;99.24;94.183;106.633;
1900-01-01 20:15:53;227.0;1745662553;97.163;99.24;94.249;106.528;
1900-01-01 20:15:54;228.0;1745662554;97.083;99.338;94.19;106.667;
1900-01-01 20:15:55;229.0;1745662555;97.051;99.303;94.19;106.667;
1900-01-01 20:15:56;230.0;1745662556;97.051;99.303;94.211;106.525;
1900-01-01 20:15:57;231.0;1745662557;97.092;99.403;94.15;106.525;
1900-01-01 20:15:58;232.0;1745662558;97.125;99.341;94.15;106.54;
1900-01-01 20:15:59;233.0;1745662559;97.118;99.341;94.217;106.618;
1900-01-01 20:16:00;234.0;1745662560;97.118;99.368;94.18;106.618;
1900-01-01 20:16:01;235.0;1745662561;97.146;99.264;94.18;106.524;
1900-01-01 20:16:02;236.0;1745662562;97.146;99.264;94.054;106.555;
1900-01-01 20:16:03;237.0;1745662563;97.115;99.359;94.038;106.555;
1900-01-01 20:16:04;238.0;1745662564;97.197;99.183;94.038;106.601;
1900-01-01 20:16:06;239.0;1745662566;97.197;99.183;94.023;106.524;
1900-01-01 20:16:06;240.0;1745662566;97.076;99.211;94.031;106.524;
1900-01-01 20:16:07;241.0;1745662567;97.123;99.211;94.031;106.599;
1900-01-01 20:16:08;242.0;1745662568;97.123;99.126;93.989;106.588;
1900-01-01 20:16:09;243.0;1745662569;97.044;99.18;93.989;106.588;
1900-01-01 20:16:10;244.0;1745662570;96.971;99.18;93.961;106.501;
1900-01-01 20:16:11;245.0;1745662571;96.971;99.147;93.972;106.556;
1900-01-01 20:16:12;246.0;1745662572;96.947;99.138;93.972;106.556;
1900-01-01 20:16:13;247.0;1745662573;97.0;99.138;93.964;106.56;
1900-01-01 20:16:14;248.0;1745662574;97.0;99.196;94.053;106.589;
1900-01-01 20:16:15;249.0;1745662575;96.943;99.13;94.053;106.589;
1900-01-01 20:16:16;250.0;1745662576;97.036;99.13;93.994;106.507;
1900-01-01 20:16:17;251.0;1745662577;97.036;99.152;93.883;106.507;
1900-01-01 20:16:18;252.0;1745662578;97.025;99.129;93.883;106.598;
1900-01-01 20:16:19;253.0;1745662579;97.025;99.129;93.984;106.529;
1900-01-01 20:16:20;254.0;1745662580;96.95;99.189;93.872;106.529;
1900-01-01 20:16:21;255.0;1745662581;97.02;99.143;93.872;106.543;
1900-01-01 20:16:22;256.0;1745662582;97.02;99.143;93.998;106.612;
1900-01-01 20:16:23;257.0;1745662583;96.992;99.113;94.097;106.612;
1900-01-01 20:16:24;258.0;1745662584;97.003;99.113;94.097;106.56;
1900-01-01 20:16:25;259.0;1745662585;97.003;99.126;93.953;106.555;
1900-01-01 20:16:26;260.0;1745662586;96.967;99.104;94.022;106.555;
1900-01-01 20:16:27;261.0;1745662587;96.918;99.083;94.022;106.671;
1900-01-01 20:16:28;262.0;1745662588;96.918;99.083;93.956;106.58;
1900-01-01 20:16:29;263.0;1745662589;96.898;99.116;93.861;106.58;
1900-01-01 20:16:30;264.0;1745662590;96.928;99.116;93.861;106.501;
1900-01-01 20:16:31;265.0;1745662591;96.928;99.103;93.84;106.54;
1900-01-01 20:16:32;266.0;1745662592;96.956;99.131;93.84;106.54;
1900-01-01 20:16:33;267.0;1745662593;96.971;99.131;93.87;106.493;
1900-01-01 20:16:34;268.0;1745662594;96.971;99.057;93.926;106.581;
1900-01-01 20:16:35;269.0;1745662595;96.912;99.138;93.926;106.581;
1900-01-01 20:16:36;270.0;1745662596;96.943;99.138;94.035;106.525;
1900-01-01 20:16:37;271.0;1745662597;96.943;99.171;94.066;106.555;
1900-01-01 20:16:38;272.0;1745662598;97.001;99.016;94.066;106.555;
1900-01-01 20:16:39;273.0;1745662599;97.001;99.016;94.051;106.562;
1900-01-01 20:16:40;274.0;1745662600;96.908;98.918;94.055;106.562;
1900-01-01 20:16:42;275.0;1745662602;96.937;98.992;94.055;106.446;
1900-01-01 20:16:42;276.0;1745662602;96.937;98.992;94.061;106.622;
1900-01-01 20:16:43;277.0;1745662603;96.905;99.103;93.969;106.622;
1900-01-01 20:16:44;278.0;1745662604;96.934;99.103;93.969;106.573;
1900-01-01 20:16:45;279.0;1745662605;96.934;98.996;93.801;106.569;
1900-01-01 20:16:46;280.0;1745662606;96.942;98.957;93.768;106.569;
1900-01-01 20:16:47;281.0;1745662607;96.901;98.957;93.768;106.583;
1900-01-01 20:16:48;282.0;1745662608;96.901;99.027;93.706;106.647;
1900-01-01 20:16:50;283.0;1745662610;96.899;98.964;93.662;106.647;
1900-01-01 20:16:50;284.0;1745662610;97.05;98.964;93.662;106.548;
1900-01-01 20:16:51;285.0;1745662611;97.05;99.083;93.784;106.538;
1900-01-01 20:16:52;286.0;1745662612;96.973;98.946;93.784;106.538;
1900-01-01 20:16:53;287.0;1745662613;96.973;98.946;93.799;106.546;
1900-01-01 20:16:54;288.0;1745662614;96.968;98.987;93.813;106.546;
1900-01-01 20:16:55;289.0;1745662615;96.962;98.975;93.813;106.536;
1900-01-01 20:16:56;290.0;1745662616;96.974;98.975;93.787;106.568;
1900-01-01 20:16:57;291.0;1745662617;96.974;98.925;93.831;106.568;
1900-01-01 20:16:58;292.0;1745662618;96.899;98.959;93.831;106.552;
1900-01-01 20:16:59;293.0;1745662619;96.899;98.959;93.776;106.587;
1900-01-01 20:17:00;294.0;1745662620;96.839;98.986;93.781;106.573;
1900-01-01 20:17:01;295.0;1745662621;96.807;98.986;93.781;106.573;
1900-01-01 20:17:02;296.0;1745662622;96.807;98.922;93.663;106.549;
1900-01-01 20:17:03;297.0;1745662623;96.762;98.921;93.669;106.549;
1900-01-01 20:17:04;298.0;1745662624;96.678;98.934;93.669;106.458;
1900-01-01 20:17:05;299.0;1745662625;96.678;98.934;93.658;106.545;
1900-01-01 20:17:06;300.0;1745662626;96.739;98.868;93.608;106.545;
1900-01-01 20:17:07;301.0;1745662627;96.67;98.884;93.608;106.502;
1900-01-01 20:17:08;302.0;1745662628;96.67;98.884;93.75;106.554;
1900-01-01 20:17:09;303.0;1745662629;96.605;98.78;93.711;106.554;
1900-01-01 20:17:10;304.0;1745662630;96.662;98.838;93.711;106.509;
1900-01-01 20:17:11;305.0;1745662631;96.662;98.838;93.725;106.578;
1900-01-01 20:17:12;306.0;1745662632;96.636;98.908;93.771;106.578;
1900-01-01 20:17:13;307.0;1745662633;96.66;98.908;93.771;106.562;
1900-01-01 20:17:14;308.0;1745662634;96.66;98.822;93.733;106.533;
1900-01-01 20:17:15;309.0;1745662635;96.661;98.787;93.733;106.533;
1900-01-01 20:17:16;310.0;1745662636;96.687;98.787;93.72;106.568;
1900-01-01 20:17:17;311.0;1745662637;96.687;98.721;93.718;106.566;
1900-01-01 20:17:18;312.0;1745662638;96.686;98.643;93.718;106.566;
1900-01-01 20:17:19;313.0;1745662639;96.62;98.643;93.668;106.57;
1900-01-01 20:17:20;314.0;1745662640;96.62;98.717;93.73;106.454;
1900-01-01 20:17:21;315.0;1745662641;96.591;98.764;93.73;106.454;
1900-01-01 20:17:22;316.0;1745662642;96.543;98.764;93.75;106.585;
1900-01-01 20:17:23;317.0;1745662643;96.543;98.722;93.754;106.585;
1900-01-01 20:17:24;318.0;1745662644;96.533;98.723;93.754;106.471;
1900-01-01 20:17:25;319.0;1745662645;96.533;98.723;93.656;106.562;
1900-01-01 20:17:26;320.0;1745662646;96.504;98.624;93.66;106.562;
1900-01-01 20:17:27;321.0;1745662647;96.435;98.624;93.66;106.59;
1900-01-01 20:17:28;322.0;1745662648;96.435;98.679;93.528;106.482;
1900-01-01 20:17:30;323.0;1745662650;96.467;98.701;93.577;106.482;
1900-01-01 20:17:30;324.0;1745662650;96.47;98.701;93.577;106.563;
1900-01-01 20:17:31;325.0;1745662651;96.47;98.64;93.625;106.543;
1900-01-01 20:17:32;326.0;1745662652;96.442;98.686;93.603;106.543;
1900-01-01 20:17:33;327.0;1745662653;96.476;98.686;93.603;106.437;
1900-01-01 20:17:34;328.0;1745662654;96.476;98.74;93.721;106.573;
1900-01-01 20:17:35;329.0;1745662655;96.543;98.793;93.637;106.573;
1900-01-01 20:17:36;330.0;1745662656;96.522;98.793;93.637;106.493;
1900-01-01 20:17:37;331.0;1745662657;96.522;98.681;93.676;106.584;
1900-01-01 20:17:38;332.0;1745662658;96.544;98.681;93.676;106.584;
1900-01-01 20:17:39;333.0;1745662659;96.555;98.681;93.642;106.591;
1900-01-01 20:17:40;334.0;1745662660;96.555;98.713;93.594;106.555;
1900-01-01 20:17:41;335.0;1745662661;96.492;98.706;93.594;106.555;
1900-01-01 20:17:42;336.0;1745662662;96.433;98.706;93.704;106.541;
1900-01-01 20:17:43;337.0;1745662663;96.433;98.634;93.606;106.56;
1900-01-01 20:17:44;338.0;1745662664;96.513;98.658;93.519;106.56;
1900-01-01 20:17:45;339.0;1745662665;96.513;98.658;93.519;106.578;
1900-01-01 20:17:46;340.0;1745662666;96.352;98.684;93.409;106.578;
1900-01-01 20:17:47;341.0;1745662667;96.482;98.658;93.409;106.541;
1900-01-01 20:17:48;342.0;1745662668;96.434;98.658;93.346;106.436;
1900-01-01 20:17:49;343.0;1745662669;96.434;98.627;93.217;106.436;
1900-01-01 20:17:50;344.0;1745662670;96.446;98.647;93.217;106.541;
1900-01-01 20:17:51;345.0;1745662671;96.446;98.647;93.187;106.587;
1900-01-01 20:17:52;346.0;1745662672;96.349;98.57;93.212;106.587;
1900-01-01 20:17:54;347.0;1745662674;96.353;98.57;93.212;106.599;
1900-01-01 20:17:54;348.0;1745662674;96.353;98.57;93.304;106.532;
1900-01-01 20:17:55;349.0;1745662675;96.477;98.51;93.347;106.532;
1900-01-01 20:17:56;350.0;1745662676;96.394;98.51;93.347;106.54;
1900-01-01 20:17:57;351.0;1745662677;96.394;98.553;93.391;106.516;
1900-01-01 20:17:58;352.0;1745662678;96.422;98.504;93.391;106.516;
1900-01-01 20:17:59;353.0;1745662679;96.422;98.504;93.241;106.616;
1900-01-01 20:18:00;354.0;1745662680;96.414;98.545;93.225;106.583;
1900-01-01 20:18:01;355.0;1745662681;96.515;98.501;93.225;106.583;
1900-01-01 20:18:02;356.0;1745662682;96.515;98.501;93.23;106.523;
1900-01-01 20:18:03;357.0;1745662683;96.459;98.522;93.223;106.523;
1900-01-01 20:18:04;358.0;1745662684;96.365;98.447;93.223;106.495;
1900-01-01 20:18:05;359.0;1745662685;96.365;98.447;93.227;106.483;
1900-01-01 20:18:06;360.0;1745662686;96.485;98.566;93.297;106.483;
1900-01-01 20:18:07;361.0;1745662687;96.482;98.566;93.297;106.45;
1900-01-01 20:18:08;362.0;1745662688;96.482;98.558;93.365;106.486;
1900-01-01 20:18:09;363.0;1745662689;96.466;98.528;93.295;106.486;
1900-01-01 20:18:10;364.0;1745662690;96.485;98.528;93.295;106.491;
1900-01-01 20:18:11;365.0;1745662691;96.485;98.573;93.371;106.526;
1900-01-01 20:18:12;366.0;1745662692;96.531;98.509;93.38;106.526;
1900-01-01 20:18:13;367.0;1745662693;96.431;98.509;93.38;106.557;
1900-01-01 20:18:14;368.0;1745662694;96.431;98.623;93.414;106.503;
1900-01-01 20:18:15;369.0;1745662695;96.433;98.58;93.368;106.503;
1900-01-01 20:18:16;370.0;1745662696;96.381;98.58;93.368;106.533;
1900-01-01 20:18:17;371.0;1745662697;96.381;98.598;93.362;106.503;
1900-01-01 20:18:18;372.0;1745662698;96.346;98.579;93.362;106.503;
1900-01-01 20:18:19;373.0;1745662699;96.406;98.579;93.456;106.499;
1900-01-01 20:18:20;374.0;1745662700;96.406;98.501;93.376;106.499;
1900-01-01 20:18:21;375.0;1745662701;96.355;98.567;93.376;106.472;
1900-01-01 20:18:22;376.0;1745662702;96.343;98.567;93.382;106.503;
1900-01-01 20:18:23;377.0;1745662703;96.343;98.495;93.372;106.503;
1900-01-01 20:18:24;378.0;1745662704;96.305;98.54;93.372;106.558;
1900-01-01 20:18:25;379.0;1745662705;96.305;98.54;93.382;106.492;
1900-01-01 20:18:26;380.0;1745662706;96.24;98.427;93.393;106.492;
1900-01-01 20:18:27;381.0;1745662707;96.362;98.427;93.393;106.553;
1900-01-01 20:18:28;382.0;1745662708;96.362;98.416;93.288;106.582;
1900-01-01 20:18:29;383.0;1745662709;96.312;98.409;93.312;106.582;
1900-01-01 20:18:30;384.0;1745662710;96.215;98.409;93.312;106.522;
1900-01-01 20:18:31;385.0;1745662711;96.215;98.373;93.325;106.483;
1900-01-01 20:18:32;386.0;1745662712;96.171;98.486;93.325;106.483;
1900-01-01 20:18:33;387.0;1745662713;96.165;98.486;93.271;106.516;
1900-01-01 20:18:34;388.0;1745662714;96.165;98.456;93.313;106.536;
1900-01-01 20:18:35;389.0;1745662715;96.158;98.451;93.313;106.536;
1900-01-01 20:18:36;390.0;1745662716;96.158;98.451;93.345;106.471;
1900-01-01 20:18:37;391.0;1745662717;96.153;98.374;93.333;106.467;
1900-01-01 20:18:39;392.0;1745662719;96.185;98.371;93.333;106.467;
1900-01-01 20:18:39;393.0;1745662719;96.185;98.371;93.399;106.567;
1900-01-01 20:18:40;394.0;1745662720;96.265;98.453;93.352;106.567;
1900-01-01 20:18:41;395.0;1745662721;96.273;98.347;93.352;106.487;
1900-01-01 20:18:42;396.0;1745662722;96.273;98.347;93.242;106.468;
1900-01-01 20:18:43;397.0;1745662723;96.233;98.42;93.298;106.468;
1900-01-01 20:18:44;398.0;1745662724;96.206;98.42;93.298;106.495;
1900-01-01 20:18:45;399.0;1745662725;96.206;98.348;93.279;106.474;
1900-01-01 20:18:46;400.0;1745662726;96.229;98.412;93.266;106.474;
1900-01-01 20:18:48;401.0;1745662728;96.283;98.438;93.266;106.5;
1900-01-01 20:18:48;402.0;1745662728;96.283;98.438;93.223;106.439;
1900-01-01 20:18:49;403.0;1745662729;96.223;98.382;93.16;106.439;
1900-01-01 20:18:50;404.0;1745662730;96.204;98.382;93.16;106.422;
1900-01-01 20:18:51;405.0;1745662731;96.204;98.327;93.188;106.475;
1900-01-01 20:18:52;406.0;1745662732;96.261;98.28;93.188;106.475;
1900-01-01 20:18:53;407.0;1745662733;96.196;98.28;93.142;106.489;
1900-01-01 20:18:54;408.0;1745662734;96.196;98.329;93.072;106.505;
1900-01-01 20:18:55;409.0;1745662735;96.249;98.265;93.076;106.505;
1900-01-01 20:18:56;410.0;1745662736;96.249;98.265;93.076;106.468;
1900-01-01 20:18:57;411.0;1745662737;96.211;98.333;92.993;106.489;
1900-01-01 20:18:58;412.0;1745662738;96.142;98.265;92.993;106.489;
1900-01-01 20:18:59;413.0;1745662739;96.116;98.265;92.959;106.53;
1900-01-01 20:19:00;414.0;1745662740;96.116;98.207;92.934;106.53;
1900-01-01 20:19:01;415.0;1745662741;96.067;98.24;92.934;106.502;
1900-01-01 20:19:02;416.0;1745662742;96.067;98.24;92.776;106.48;
1900-01-01 20:19:04;417.0;1745662744;96.059;98.163;92.728;106.48;
1900-01-01 20:19:04;418.0;1745662744;96.068;98.163;92.728;106.507;
1900-01-01 20:19:05;419.0;1745662745;96.068;98.189;92.452;106.517;
1900-01-01 20:19:06;420.0;1745662746;96.031;98.181;92.591;106.517;
1900-01-01 20:19:07;421.0;1745662747;96.011;98.141;92.591;106.455;
1900-01-01 20:19:08;422.0;1745662748;96.011;98.141;92.387;106.453;
1900-01-01 20:19:09;423.0;1745662749;95.903;98.114;92.341;106.453;
1900-01-01 20:19:10;424.0;1745662750;95.902;98.229;92.341;106.524;
1900-01-01 20:19:11;425.0;1745662751;95.902;98.229;92.405;106.476;
1900-01-01 20:19:12;426.0;1745662752;95.913;98.121;92.372;106.476;
1900-01-01 20:19:13;427.0;1745662753;95.98;98.121;92.372;106.441;
1900-01-01 20:19:14;428.0;1745662754;95.98;98.091;92.453;106.463;
1900-01-01 20:19:15;429.0;1745662755;95.958;98.126;92.494;106.463;
1900-01-01 20:19:16;430.0;1745662756;95.958;98.165;92.494;106.49;
1900-01-01 20:19:17;431.0;1745662757;95.958;98.165;92.427;106.451;
1900-01-01 20:19:18;432.0;1745662758;95.92;98.165;92.426;106.451;
1900-01-01 20:19:19;433.0;1745662759;95.9;98.165;92.426;106.498;
1900-01-01 20:19:20;434.0;1745662760;95.9;98.155;92.391;106.515;
1900-01-01 20:19:21;435.0;1745662761;95.859;98.133;92.364;106.515;
1900-01-01 20:19:22;436.0;1745662762;95.881;98.146;92.364;106.458;
1900-01-01 20:19:23;437.0;1745662763;95.881;98.146;92.295;106.44;
1900-01-01 20:19:24;438.0;1745662764;95.947;98.154;92.235;106.44;
1900-01-01 20:19:25;439.0;1745662765;95.951;98.189;92.235;106.478;
1900-01-01 20:19:26;440.0;1745662766;95.951;98.189;92.251;106.503;
1900-01-01 20:19:27;441.0;1745662767;96.034;98.213;92.165;106.503;
1900-01-01 20:19:28;442.0;1745662768;95.932;98.213;92.165;106.519;
1900-01-01 20:19:29;443.0;1745662769;95.932;98.292;92.271;106.538;
1900-01-01 20:19:30;444.0;1745662770;95.976;98.236;92.328;106.538;
1900-01-01 20:19:31;445.0;1745662771;95.906;98.236;92.328;106.49;
1900-01-01 20:19:32;446.0;1745662772;95.906;98.195;92.404;106.482;
1900-01-01 20:19:33;447.0;1745662773;95.954;98.105;92.404;106.482;
1900-01-01 20:19:34;448.0;1745662774;95.906;98.105;92.494;106.584;
1900-01-01 20:19:35;449.0;1745662775;95.906;98.134;92.561;106.487;
1900-01-01 20:19:36;450.0;1745662776;95.882;98.102;92.561;106.487;
1900-01-01 20:19:37;451.0;1745662777;95.743;98.102;92.681;106.532;
1900-01-01 20:19:38;452.0;1745662778;95.743;98.121;92.632;106.562;
1900-01-01 20:19:39;453.0;1745662779;95.77;98.113;92.632;106.562;
1900-01-01 20:19:40;454.0;1745662780;95.77;98.113;92.681;106.563;
1900-01-01 20:19:41;455.0;1745662781;95.739;98.124;92.724;106.507;
1900-01-01 20:19:42;456.0;1745662782;95.751;98.124;92.724;106.507;
1900-01-01 20:19:43;457.0;1745662783;95.751;98.035;92.754;106.413;
1900-01-01 20:19:44;458.0;1745662784;95.719;98.087;92.729;106.413;
1900-01-01 20:19:45;459.0;1745662785;95.742;98.087;92.729;106.459;
1900-01-01 20:19:46;460.0;1745662786;95.742;98.048;92.584;106.485;
1900-01-01 20:19:47;461.0;1745662787;95.74;97.944;92.474;106.485;
1900-01-01 20:19:48;462.0;1745662788;95.633;97.944;92.474;106.418;
1900-01-01 20:19:49;463.0;1745662789;95.633;97.95;92.459;106.417;
1900-01-01 20:19:50;464.0;1745662790;95.659;97.905;92.459;106.417;
1900-01-01 20:19:51;465.0;1745662791;95.632;97.905;92.439;106.415;
1900-01-01 20:19:52;466.0;1745662792;95.632;98.012;92.388;106.428;
1900-01-01 20:19:53;467.0;1745662793;95.597;97.951;92.388;106.428;
1900-01-01 20:19:54;468.0;1745662794;95.611;97.951;92.422;106.426;
1900-01-01 20:19:55;469.0;1745662795;95.611;97.877;92.49;106.464;
1900-01-01 20:19:56;470.0;1745662796;95.494;97.878;92.46;106.464;
1900-01-01 20:19:57;471.0;1745662797;95.521;97.878;92.46;106.424;
1900-01-01 20:19:58;472.0;1745662798;95.521;97.94;92.507;106.403;
1900-01-01 20:19:59;473.0;1745662799;95.464;97.917;92.507;106.403;
1900-01-01 20:20:00;474.0;1745662800;95.464;97.917;92.558;106.405;
1900-01-01 20:20:01;475.0;1745662801;95.55;97.936;92.462;106.405;
1900-01-01 20:20:02;476.0;1745662802;95.475;97.969;92.462;106.458;
1900-01-01 20:20:03;477.0;1745662803;95.537;97.969;92.564;106.519;
1900-01-01 20:20:04;478.0;1745662804;95.537;97.96;92.551;106.519;
1900-01-01 20:20:05;479.0;1745662805;95.617;97.946;92.551;106.464;
1900-01-01 20:20:07;480.0;1745662807;95.719;97.946;92.49;106.448;
1900-01-01 20:20:07;481.0;1745662807;95.719;97.965;92.426;106.448;
1900-01-01 20:20:08;482.0;1745662808;95.751;97.921;92.426;106.38;
1900-01-01 20:20:09;483.0;1745662809;95.751;97.921;92.269;106.435;
1900-01-01 20:20:10;484.0;1745662810;95.793;97.906;92.232;106.435;
1900-01-01 20:20:11;485.0;1745662811;95.855;97.818;92.232;106.473;
1900-01-01 20:20:12;486.0;1745662812;95.855;97.818;92.203;106.455;
1900-01-01 20:20:13;487.0;1745662813;95.824;97.865;92.189;106.455;
1900-01-01 20:20:14;488.0;1745662814;95.844;97.865;92.189;106.381;
1900-01-01 20:20:15;489.0;1745662815;95.844;97.826;92.174;106.442;
1900-01-01 20:20:16;490.0;1745662816;95.818;97.792;92.174;106.442;
1900-01-01 20:20:17;491.0;1745662817;95.787;97.792;92.09;106.448;
1900-01-01 20:20:18;492.0;1745662818;95.787;97.842;92.047;106.404;
1900-01-01 20:20:19;493.0;1745662819;95.68;97.852;92.047;106.404;
1900-01-01 20:20:20;494.0;1745662820;95.667;97.852;92.044;106.379;
1900-01-01 20:20:21;495.0;1745662821;95.667;97.743;92.033;106.379;
1900-01-01 20:20:22;496.0;1745662822;95.641;97.791;92.033;106.396;
1900-01-01 20:20:23;497.0;1745662823;95.641;97.791;91.976;106.375;
1900-01-01 20:20:24;498.0;1745662824;95.589;97.805;91.993;106.35;
1900-01-01 20:20:25;499.0;1745662825;95.569;97.777;91.993;106.35;
1900-01-01 20:20:26;500.0;1745662826;95.569;97.777;92.064;106.373;
1900-01-01 20:20:27;501.0;1745662827;95.663;97.849;91.998;106.373;
1900-01-01 20:20:28;502.0;1745662828;95.596;97.754;91.998;106.388;
1900-01-01 20:20:29;503.0;1745662829;95.58;97.754;92.041;106.394;
1900-01-01 20:20:30;504.0;1745662830;95.58;97.72;92.136;106.394;
1900-01-01 20:20:31;505.0;1745662831;95.623;97.72;92.136;106.483;
1900-01-01 20:20:32;506.0;1745662832;95.623;97.72;92.087;106.415;
1900-01-01 20:20:33;507.0;1745662833;95.533;97.798;92.063;106.415;
1900-01-01 20:20:34;508.0;1745662834;95.578;97.715;92.063;106.443;
1900-01-01 20:20:35;509.0;1745662835;95.578;97.715;92.182;106.443;
1900-01-01 20:20:36;510.0;1745662836;95.597;97.802;92.188;106.443;
1900-01-01 20:20:37;511.0;1745662837;95.585;97.746;92.188;106.403;
1900-01-01 20:20:38;512.0;1745662838;95.585;97.746;92.023;106.405;
1900-01-01 20:20:39;513.0;1745662839;95.532;97.783;92.005;106.405;
1900-01-01 20:20:40;514.0;1745662840;95.473;97.783;92.005;106.456;
1900-01-01 20:20:41;515.0;1745662841;95.473;97.715;92.072;106.511;
1900-01-01 20:20:42;516.0;1745662842;95.551;97.7;92.072;106.511;
1900-01-01 20:20:43;517.0;1745662843;95.548;97.7;92.023;106.412;
1900-01-01 20:20:44;518.0;1745662844;95.548;97.713;91.989;106.412;
1900-01-01 20:20:45;519.0;1745662845;95.475;97.596;91.989;106.432;
1900-01-01 20:20:46;520.0;1745662846;95.403;97.596;92.052;106.409;
1900-01-01 20:20:47;521.0;1745662847;95.403;97.628;92.013;106.409;
1900-01-01 20:20:48;522.0;1745662848;95.309;97.646;92.013;106.375;
1900-01-01 20:20:49;523.0;1745662849;95.309;97.646;91.938;106.444;
1900-01-01 20:20:50;524.0;1745662850;95.269;97.633;91.942;106.444;
1900-01-01 20:20:51;525.0;1745662851;95.207;97.633;91.942;106.5;
1900-01-01 20:20:52;526.0;1745662852;95.207;97.668;91.922;106.463;
1900-01-01 20:20:54;527.0;1745662854;95.157;97.636;91.967;106.463;
1900-01-01 20:20:54;528.0;1745662854;95.038;97.636;91.967;106.385;
1900-01-01 20:20:55;529.0;1745662855;95.038;97.589;92.053;106.436;
1900-01-01 20:20:56;530.0;1745662856;95.111;97.632;92.001;106.436;
1900-01-01 20:20:57;531.0;1745662857;95.111;97.632;92.001;106.446;
1900-01-01 20:20:58;532.0;1745662858;95.111;97.611;92.017;106.384;
1900-01-01 20:20:59;533.0;1745662859;95.154;97.564;92.044;106.384;
1900-01-01 20:21:00;534.0;1745662860;95.291;97.564;92.044;106.374;
1900-01-01 20:21:01;535.0;1745662861;95.291;97.541;91.974;106.431;
1900-01-01 20:21:02;536.0;1745662862;95.271;97.523;91.922;106.431;
1900-01-01 20:21:03;537.0;1745662863;95.392;97.523;91.922;106.314;
1900-01-01 20:21:04;538.0;1745662864;95.392;97.564;92.007;106.366;
1900-01-01 20:21:05;539.0;1745662865;95.419;97.467;92.007;106.366;
1900-01-01 20:21:06;540.0;1745662866;95.474;97.467;91.917;106.394;
1900-01-01 20:21:07;541.0;1745662867;95.474;97.508;91.983;106.454;
1900-01-01 20:21:08;542.0;1745662868;95.465;97.558;91.983;106.454;
1900-01-01 20:21:09;543.0;1745662869;95.465;97.558;91.961;106.427;
1900-01-01 20:21:10;544.0;1745662870;95.512;97.529;92.008;106.424;
1900-01-01 20:21:11;545.0;1745662871;95.435;97.479;92.008;106.424;
1900-01-01 20:21:12;546.0;1745662872;95.435;97.479;92.091;106.472;
1900-01-01 20:21:13;547.0;1745662873;95.43;97.544;91.97;106.472;
1900-01-01 20:21:14;548.0;1745662874;95.404;97.544;91.97;106.445;
1900-01-01 20:21:15;549.0;1745662875;95.404;97.469;92.024;106.481;
1900-01-01 20:21:16;550.0;1745662876;95.395;97.539;91.975;106.481;
1900-01-01 20:21:17;551.0;1745662877;95.224;97.539;91.975;106.41;
1900-01-01 20:21:18;552.0;1745662878;95.224;97.486;92.011;106.392;
1900-01-01 20:21:19;553.0;1745662879;95.232;97.554;91.816;106.392;
1900-01-01 20:21:20;554.0;1745662880;95.235;97.554;91.816;106.475;
1900-01-01 20:21:21;555.0;1745662881;95.235;97.47;91.808;106.367;
1900-01-01 20:21:23;556.0;1745662883;95.211;97.49;91.647;106.367;
1900-01-01 20:21:23;557.0;1745662883;95.24;97.49;91.647;106.455;
1900-01-01 20:21:24;558.0;1745662884;95.24;97.479;91.573;106.421;
1900-01-01 20:21:26;559.0;1745662886;95.191;97.393;91.561;106.421;
1900-01-01 20:21:26;560.0;1745662886;95.19;97.393;91.561;106.373;
1900-01-01 20:21:27;561.0;1745662887;95.19;97.463;91.572;106.349;
1900-01-01 20:21:28;562.0;1745662888;95.244;97.323;91.572;106.349;
1900-01-01 20:21:29;563.0;1745662889;95.216;97.323;91.635;106.416;
1900-01-01 20:21:30;564.0;1745662890;95.216;97.346;91.591;106.416;
1900-01-01 20:21:31;565.0;1745662891;95.202;97.368;91.591;106.322;
1900-01-01 20:21:32;566.0;1745662892;95.202;97.368;91.586;106.364;
1900-01-01 20:21:33;567.0;1745662893;95.177;97.334;91.573;106.365;
1900-01-01 20:21:34;568.0;1745662894;95.223;97.334;91.573;106.365;
1900-01-01 20:21:35;569.0;1745662895;95.223;97.239;91.507;106.339;
1900-01-01 20:21:36;570.0;1745662896;95.187;97.335;91.43;106.339;
1900-01-01 20:21:37;571.0;1745662897;95.197;97.335;91.43;106.4;
1900-01-01 20:21:38;572.0;1745662898;95.197;97.319;91.514;106.408;
1900-01-01 20:21:39;573.0;1745662899;95.226;97.335;91.484;106.408;
1900-01-01 20:21:40;574.0;1745662900;95.206;97.335;91.484;106.384;
1900-01-01 20:21:41;575.0;1745662901;95.206;97.36;91.456;106.304;
1900-01-01 20:21:42;576.0;1745662902;95.188;97.279;91.433;106.304;
1900-01-01 20:21:44;577.0;1745662904;95.188;97.32;91.433;106.312;
1900-01-01 20:21:44;578.0;1745662904;95.188;97.32;91.528;106.374;
1900-01-01 20:21:45;579.0;1745662905;95.171;97.316;91.496;106.374;
1900-01-01 20:21:46;580.0;1745662906;95.142;97.316;91.496;106.412;
1900-01-01 20:21:47;581.0;1745662907;95.142;97.343;91.534;106.288;
1900-01-01 20:21:48;582.0;1745662908;95.096;97.35;91.534;106.288;
1900-01-01 20:21:49;583.0;1745662909;95.164;97.35;91.564;106.363;
1900-01-01 20:21:50;584.0;1745662910;95.164;97.352;91.614;106.363;
1900-01-01 20:21:51;585.0;1745662911;95.183;97.39;91.614;106.437;
1900-01-01 20:21:52;586.0;1745662912;95.137;97.39;91.704;106.304;
1900-01-01 20:21:53;587.0;1745662913;95.137;97.303;91.716;106.304;
1900-01-01 20:21:54;588.0;1745662914;95.108;97.311;91.716;106.345;
1900-01-01 20:21:55;589.0;1745662915;95.142;97.311;91.756;106.431;
1900-01-01 20:21:56;590.0;1745662916;95.142;97.263;91.699;106.431;
1900-01-01 20:21:57;591.0;1745662917;95.061;97.228;91.699;106.358;
1900-01-01 20:21:58;592.0;1745662918;95.061;97.228;91.673;106.339;
1900-01-01 20:21:59;593.0;1745662919;95.05;97.272;91.593;106.339;
1900-01-01 20:22:00;594.0;1745662920;95.018;97.23;91.593;106.28;
1900-01-01 20:22:01;595.0;1745662921;95.018;97.23;91.573;106.36;
1900-01-01 20:22:02;596.0;1745662922;94.947;97.261;91.423;106.36;
1900-01-01 20:22:03;597.0;1745662923;95.024;97.261;91.423;106.38;
1900-01-01 20:22:04;598.0;1745662924;95.024;97.241;91.409;106.274;
1900-01-01 20:22:05;599.0;1745662925;95.001;97.171;91.409;106.274;
1900-01-01 20:22:06;600.0;1745662926;95.063;97.171;91.34;106.331;
1900-01-01 20:22:07;601.0;1745662927;95.063;97.174;91.442;106.283;
1900-01-01 20:22:08;602.0;1745662928;95.005;97.168;91.442;106.283;
1900-01-01 20:22:09;603.0;1745662929;95.031;97.168;91.354;106.382;
1900-01-01 20:22:10;604.0;1745662930;95.031;97.194;91.35;106.395;
1900-01-01 20:22:11;605.0;1745662931;95.101;97.149;91.35;106.395;
1900-01-01 20:22:12;606.0;1745662932;95.027;97.149;91.359;106.28;
1900-01-01 20:22:13;607.0;1745662933;95.027;97.227;91.398;106.292;
1900-01-01 20:22:14;608.0;1745662934;95.008;97.159;91.398;106.292;
1900-01-01 20:22:15;609.0;1745662935;94.998;97.159;91.401;106.238;
1900-01-01 20:22:16;610.0;1745662936;94.998;97.147;91.491;106.295;
1900-01-01 20:22:17;611.0;1745662937;94.911;97.115;91.491;106.295;
1900-01-01 20:22:18;612.0;1745662938;94.911;97.115;91.451;106.317;
1900-01-01 20:22:19;613.0;1745662939;94.922;97.196;91.5;106.226;
1900-01-01 20:22:21;614.0;1745662941;94.896;97.172;91.5;106.226;
1900-01-01 20:22:21;615.0;1745662941;94.896;97.172;91.529;106.412;
1900-01-01 20:22:22;616.0;1745662942;94.921;97.114;91.533;106.412;
1900-01-01 20:22:24;617.0;1745662944;94.805;97.14;91.533;106.346;
1900-01-01 20:22:24;618.0;1745662944;94.805;97.14;91.384;106.361;
1900-01-01 20:22:25;619.0;1745662945;94.817;97.153;91.381;106.361;
1900-01-01 20:22:26;620.0;1745662946;94.743;97.228;91.381;106.372;
1900-01-01 20:22:27;621.0;1745662947;94.743;97.228;91.371;106.366;
1900-01-01 20:22:28;622.0;1745662948;94.706;97.109;91.44;106.366;
1900-01-01 20:22:29;623.0;1745662949;94.683;97.133;91.44;106.364;
1900-01-01 20:22:30;624.0;1745662950;94.683;97.133;91.34;106.258;
1900-01-01 20:22:31;625.0;1745662951;94.632;97.117;91.333;106.258;
1900-01-01 20:22:32;626.0;1745662952;94.773;97.126;91.333;106.281;
1900-01-01 20:22:33;627.0;1745662953;94.773;97.126;91.354;106.226;
1900-01-01 20:22:34;628.0;1745662954;94.809;97.033;91.198;106.226;
1900-01-01 20:22:35;629.0;1745662955;94.805;97.033;91.198;106.398;
1900-01-01 20:22:36;630.0;1745662956;94.805;97.072;91.093;106.418;
1900-01-01 20:22:37;631.0;1745662957;94.83;97.101;90.94;106.418;
1900-01-01 20:22:39;632.0;1745662959;94.928;97.155;90.94;106.344;
1900-01-01 20:22:39;633.0;1745662959;94.928;97.155;90.962;106.397;
1900-01-01 20:22:40;634.0;1745662960;94.812;97.084;91.031;106.397;
1900-01-01 20:22:41;635.0;1745662961;94.924;97.084;91.031;106.336;
1900-01-01 20:22:42;636.0;1745662962;94.924;97.05;91.125;106.38;
1900-01-01 20:22:43;637.0;1745662963;94.854;97.092;91.202;106.38;
1900-01-01 20:22:44;638.0;1745662964;94.862;97.092;91.202;106.36;
1900-01-01 20:22:45;639.0;1745662965;94.862;97.079;91.184;106.368;
1900-01-01 20:22:46;640.0;1745662966;94.844;97.083;91.184;106.368;
1900-01-01 20:22:47;641.0;1745662967;94.811;97.083;91.195;106.347;
1900-01-01 20:22:48;642.0;1745662968;94.811;97.02;91.191;106.347;
1900-01-01 20:22:49;643.0;1745662969;94.777;97.11;91.191;106.46;
1900-01-01 20:22:50;644.0;1745662970;94.777;97.11;91.226;106.386;
1900-01-01 20:22:51;645.0;1745662971;94.823;96.916;91.24;106.336;
1900-01-01 20:22:52;646.0;1745662972;94.83;96.972;91.24;106.336;
1900-01-01 20:22:53;647.0;1745662973;94.83;96.972;91.16;106.364;
1900-01-01 20:22:54;648.0;1745662974;94.854;97.006;91.135;106.364;
1900-01-01 20:22:56;649.0;1745662976;94.762;96.907;91.135;106.383;
1900-01-01 20:22:56;650.0;1745662976;94.762;96.907;91.165;106.28;
1900-01-01 20:22:57;651.0;1745662977;94.823;96.913;91.104;106.28;
1900-01-01 20:22:58;652.0;1745662978;94.739;96.913;91.104;106.325;
1900-01-01 20:22:59;653.0;1745662979;94.739;96.932;90.976;106.356;
1900-01-01 20:23:00;654.0;1745662980;94.602;96.913;90.923;106.356;
1900-01-01 20:23:01;655.0;1745662981;94.609;96.913;90.923;106.301;
1900-01-01 20:23:02;656.0;1745662982;94.609;96.839;90.872;106.288;
1900-01-01 20:23:03;657.0;1745662983;94.578;96.963;90.872;106.288;
1900-01-01 20:23:04;658.0;1745662984;94.532;96.963;90.872;106.401;
1900-01-01 20:23:05;659.0;1745662985;94.532;96.812;90.883;106.379;
1900-01-01 20:23:06;660.0;1745662986;94.479;96.839;90.914;106.379;
1900-01-01 20:23:07;661.0;1745662987;94.499;96.839;90.914;106.418;
1900-01-01 20:23:08;662.0;1745662988;94.499;96.819;90.992;106.377;
1900-01-01 20:23:09;663.0;1745662989;94.52;96.81;90.992;106.377;
1900-01-01 20:23:10;664.0;1745662990;94.457;96.81;90.971;106.351;
1900-01-01 20:23:11;665.0;1745662991;94.457;96.772;91.058;106.351;
1900-01-01 20:23:12;666.0;1745662992;94.429;96.797;91.058;106.341;
1900-01-01 20:23:13;667.0;1745662993;94.408;96.797;91.097;106.371;
1900-01-01 20:23:14;668.0;1745662994;94.408;96.684;90.978;106.371;
1900-01-01 20:23:15;669.0;1745662995;94.552;96.733;90.978;106.345;
1900-01-01 20:23:16;670.0;1745662996;94.552;96.733;90.879;106.348;
1900-01-01 20:23:17;671.0;1745662997;94.49;96.765;90.816;106.313;
1900-01-01 20:23:18;672.0;1745662998;94.467;96.724;90.816;106.313;
1900-01-01 20:23:19;673.0;1745662999;94.467;96.724;90.87;106.36;
1900-01-01 20:23:21;674.0;1745663001;94.572;96.797;90.847;106.252;
1900-01-01 20:23:21;675.0;1745663001;94.598;96.797;90.847;106.252;
1900-01-01 20:23:22;676.0;1745663002;94.598;96.791;90.841;106.293;
1900-01-01 20:23:23;677.0;1745663003;94.649;96.75;90.931;106.293;
1900-01-01 20:23:24;678.0;1745663004;94.669;96.75;90.931;106.271;
1900-01-01 20:23:25;679.0;1745663005;94.669;96.737;90.877;106.283;
1900-01-01 20:23:26;680.0;1745663006;94.581;96.671;90.838;106.283;
1900-01-01 20:23:27;681.0;1745663007;94.681;96.671;90.838;106.258;
1900-01-01 20:23:28;682.0;1745663008;94.681;96.625;90.846;106.362;
1900-01-01 20:23:29;683.0;1745663009;94.674;96.609;90.874;106.362;
1900-01-01 20:23:30;684.0;1745663010;94.665;96.609;90.874;106.264;
1900-01-01 20:23:31;685.0;1745663011;94.665;96.708;90.778;106.237;
1900-01-01 20:23:32;686.0;1745663012;94.585;96.577;90.703;106.237;
1900-01-01 20:23:33;687.0;1745663013;94.626;96.577;90.703;106.196;
1900-01-01 20:23:34;688.0;1745663014;94.626;96.68;90.578;106.259;
1900-01-01 20:23:35;689.0;1745663015;94.579;96.64;90.578;106.259;
1900-01-01 20:23:36;690.0;1745663016;94.566;96.64;90.588;106.317;
1900-01-01 20:23:37;691.0;1745663017;94.566;96.605;90.469;106.317;
1900-01-01 20:23:38;692.0;1745663018;94.482;96.64;90.469;106.348;
1900-01-01 20:23:39;693.0;1745663019;94.542;96.64;90.498;106.265;
1900-01-01 20:23:40;694.0;1745663020;94.542;96.694;90.382;106.265;
1900-01-01 20:23:41;695.0;1745663021;94.515;96.636;90.382;106.327;
1900-01-01 20:23:42;696.0;1745663022;94.515;96.636;90.463;106.269;
1900-01-01 20:23:43;697.0;1745663023;94.447;96.629;90.438;106.269;
1900-01-01 20:23:44;698.0;1745663024;94.397;96.653;90.438;106.279;
1900-01-01 20:23:45;699.0;1745663025;94.397;96.653;90.542;106.331;
1900-01-01 20:23:46;700.0;1745663026;94.371;96.539;90.644;106.331;
1900-01-01 20:23:47;701.0;1745663027;94.358;96.539;90.644;106.243;
1900-01-01 20:23:48;702.0;1745663028;94.358;96.585;90.684;106.299;
1900-01-01 20:23:50;703.0;1745663030;94.363;96.567;90.706;106.299;
1900-01-01 20:23:50;704.0;1745663030;94.423;96.567;90.706;106.349;
1900-01-01 20:23:51;705.0;1745663031;94.423;96.527;90.755;106.351;
1900-01-01 20:23:52;706.0;1745663032;94.359;96.45;90.848;106.351;
1900-01-01 20:23:53;707.0;1745663033;94.356;96.45;90.848;106.337;
1900-01-01 20:23:54;708.0;1745663034;94.356;96.473;90.826;106.288;
1900-01-01 20:23:56;709.0;1745663036;94.221;96.503;90.848;106.288;
1900-01-01 20:23:56;710.0;1745663036;94.221;96.503;90.848;106.311;
1900-01-01 20:23:57;711.0;1745663037;94.251;96.491;90.851;106.258;
1900-01-01 20:23:58;712.0;1745663038;94.218;96.394;90.851;106.258;
1900-01-01 20:23:59;713.0;1745663039;94.218;96.394;90.732;106.304;
1900-01-01 20:24:00;714.0;1745663040;94.233;96.449;90.699;106.304;
1900-01-01 20:24:01;715.0;1745663041;94.217;96.594;90.699;106.27;
1900-01-01 20:24:02;716.0;1745663042;94.217;96.594;90.637;106.263;
1900-01-01 20:24:03;717.0;1745663043;94.219;96.402;90.577;106.263;
1900-01-01 20:24:04;718.0;1745663044;94.184;96.42;90.577;106.272;
1900-01-01 20:24:05;719.0;1745663045;94.184;96.42;90.524;106.187;
1900-01-01 20:24:06;720.0;1745663046;94.279;96.461;90.545;106.187;
1900-01-01 20:24:07;721.0;1745663047;94.212;96.461;90.545;106.235;
1900-01-01 20:24:08;722.0;1745663048;94.212;96.417;90.596;106.241;
1900-01-01 20:24:09;723.0;1745663049;94.243;96.443;90.542;106.241;
1900-01-01 20:24:10;724.0;1745663050;94.25;96.429;90.542;106.24;
1900-01-01 20:24:11;725.0;1745663051;94.25;96.429;90.425;106.169;
1900-01-01 20:24:12;726.0;1745663052;94.302;96.426;90.403;106.169;
1900-01-01 20:24:13;727.0;1745663053;94.277;96.407;90.403;106.217;
1900-01-01 20:24:14;728.0;1745663054;94.277;96.407;90.364;106.256;
1900-01-01 20:24:15;729.0;1745663055;94.237;96.413;90.533;106.256;
1900-01-01 20:24:16;730.0;1745663056;94.238;96.413;90.533;106.152;
1900-01-01 20:24:17;731.0;1745663057;94.238;96.382;90.441;106.182;
1900-01-01 20:24:18;732.0;1745663058;94.176;96.324;90.518;106.182;
1900-01-01 20:24:19;733.0;1745663059;94.249;96.392;90.518;106.131;
1900-01-01 20:24:20;734.0;1745663060;94.249;96.392;90.405;106.161;
1900-01-01 20:24:21;735.0;1745663061;94.269;96.342;90.272;106.161;
1900-01-01 20:24:22;736.0;1745663062;94.254;96.373;90.272;106.143;
1900-01-01 20:24:23;737.0;1745663063;94.254;96.373;90.377;106.231;
1900-01-01 20:24:24;738.0;1745663064;94.241;96.319;90.401;106.231;
1900-01-01 20:24:25;739.0;1745663065;94.292;96.319;90.401;106.226;
1900-01-01 20:24:26;740.0;1745663066;94.292;96.244;90.448;106.25;
1900-01-01 20:24:27;741.0;1745663067;94.222;96.242;90.448;106.25;
1900-01-01 20:24:28;742.0;1745663068;94.158;96.242;90.408;106.204;
1900-01-01 20:24:29;743.0;1745663069;94.158;96.263;90.516;106.248;
1900-01-01 20:24:30;744.0;1745663070;94.123;96.227;90.516;106.248;
1900-01-01 20:24:31;745.0;1745663071;94.128;96.227;90.392;106.246;
1900-01-01 20:24:32;746.0;1745663072;94.128;96.209;90.447;106.171;
1900-01-01 20:24:33;747.0;1745663073;94.137;96.268;90.447;106.171;
1900-01-01 20:24:34;748.0;1745663074;94.148;96.268;90.452;106.156;
1900-01-01 20:24:35;749.0;1745663075;94.148;96.251;90.376;106.217;
1900-01-01 20:24:36;750.0;1745663076;94.129;96.235;90.414;106.217;
1900-01-01 20:24:37;751.0;1745663077;94.129;96.235;90.414;106.228;
1900-01-01 20:24:38;752.0;1745663078;94.145;96.282;90.5;106.242;
1900-01-01 20:24:39;753.0;1745663079;94.165;96.206;90.5;106.242;
1900-01-01 20:24:40;754.0;1745663080;94.153;96.206;90.52;106.214;
1900-01-01 20:24:41;755.0;1745663081;94.153;96.103;90.508;106.24;
1900-01-01 20:24:42;756.0;1745663082;94.147;96.096;90.508;106.24;
1900-01-01 20:24:43;757.0;1745663083;94.082;96.096;90.557;106.306;
1900-01-01 20:24:44;758.0;1745663084;94.082;96.145;90.34;106.306;
1900-01-01 20:24:45;759.0;1745663085;94.109;96.137;90.34;106.26;
1900-01-01 20:24:46;760.0;1745663086;94.109;96.137;90.347;106.172;
1900-01-01 20:24:47;761.0;1745663087;94.024;96.115;90.324;106.172;
1900-01-01 20:24:48;762.0;1745663088;93.922;96.083;90.324;106.178;
1900-01-01 20:24:49;763.0;1745663089;93.922;96.083;90.161;106.288;
1900-01-01 20:24:50;764.0;1745663090;93.843;96.136;90.136;106.288;
1900-01-01 20:24:51;765.0;1745663091;93.777;96.136;90.136;106.18;
1900-01-01 20:24:52;766.0;1745663092;93.777;96.093;90.13;106.247;
1900-01-01 20:24:53;767.0;1745663093;93.795;96.216;90.149;106.247;
1900-01-01 20:24:54;768.0;1745663094;93.833;96.216;90.149;106.152;
1900-01-01 20:24:55;769.0;1745663095;93.833;96.154;90.164;106.198;
1900-01-01 20:24:56;770.0;1745663096;93.798;96.21;90.164;106.198;
1900-01-01 20:24:57;771.0;1745663097;93.8;96.21;90.261;106.158;
1900-01-01 20:24:58;772.0;1745663098;93.8;96.115;90.244;106.11;
1900-01-01 20:24:59;773.0;1745663099;93.801;96.107;90.244;106.11;
1900-01-01 20:25:00;774.0;1745663100;93.915;96.107;90.145;106.189;
1900-01-01 20:25:01;775.0;1745663101;93.915;96.196;90.118;106.189;
1900-01-01 20:25:02;776.0;1745663102;93.823;96.086;90.118;106.168;
1900-01-01 20:25:03;777.0;1745663103;93.909;96.086;90.078;106.163;
1900-01-01 20:25:04;778.0;1745663104;93.909;96.102;90.108;106.163;
1900-01-01 20:25:05;779.0;1745663105;93.907;96.097;90.108;106.246;
1900-01-01 20:25:06;780.0;1745663106;93.907;96.097;90.082;106.184;
1900-01-01 20:25:07;781.0;1745663107;93.878;96.021;90.054;106.184;
1900-01-01 20:25:08;782.0;1745663108;93.828;96.054;90.054;106.247;
1900-01-01 20:25:09;783.0;1745663109;93.828;96.054;90.086;106.212;
1900-01-01 20:25:10;784.0;1745663110;93.737;96.011;90.1;106.212;
1900-01-01 20:25:11;785.0;1745663111;93.684;95.985;90.1;106.211;
1900-01-01 20:25:12;786.0;1745663112;93.684;95.985;90.146;106.278;
1900-01-01 20:25:13;787.0;1745663113;93.611;95.965;90.138;106.278;
1900-01-01 20:25:14;788.0;1745663114;93.539;96.024;90.138;106.229;
1900-01-01 20:25:15;789.0;1745663115;93.539;96.024;90.105;106.167;
1900-01-01 20:25:16;790.0;1745663116;93.622;95.958;90.169;106.167;
1900-01-01 20:25:17;791.0;1745663117;93.611;95.958;90.169;106.211;
1900-01-01 20:25:18;792.0;1745663118;93.611;96.026;90.077;106.107;
1900-01-01 20:25:19;793.0;1745663119;93.601;95.945;90.112;106.107;
1900-01-01 20:25:20;794.0;1745663120;93.637;95.945;90.112;106.15;
1900-01-01 20:25:21;795.0;1745663121;93.637;95.925;90.006;106.216;
1900-01-01 20:25:22;796.0;1745663122;93.691;95.937;90.016;106.216;
1900-01-01 20:25:24;797.0;1745663124;93.703;95.937;90.016;106.148;
1900-01-01 20:25:24;798.0;1745663124;93.703;95.908;89.864;106.13;
1900-01-01 20:25:25;799.0;1745663125;93.71;95.918;89.864;106.13;
1900-01-01 20:25:26;800.0;1745663126;93.71;95.918;89.8;106.163;
1900-01-01 20:25:27;801.0;1745663127;93.69;95.9;89.769;106.142;
1900-01-01 20:25:28;802.0;1745663128;93.669;95.836;89.769;106.142;
1900-01-01 20:25:29;803.0;1745663129;93.669;95.836;89.785;106.075;
1900-01-01 20:25:30;804.0;1745663130;93.656;95.822;89.755;106.102;
1900-01-01 20:25:31;805.0;1745663131;93.757;95.822;89.755;106.102;
1900-01-01 20:25:32;806.0;1745663132;93.757;95.764;89.794;106.152;
1900-01-01 20:25:33;807.0;1745663133;93.666;95.759;89.774;106.152;
1900-01-01 20:25:34;808.0;1745663134;93.733;95.759;89.774;106.16;
1900-01-01 20:25:35;809.0;1745663135;93.733;95.861;89.701;106.081;
1900-01-01 20:25:36;810.0;1745663136;93.713;95.858;89.785;106.081;
1900-01-01 20:25:37;811.0;1745663137;93.741;95.782;89.785;106.165;
1900-01-01 20:25:38;812.0;1745663138;93.741;95.782;89.865;106.09;
1900-01-01 20:25:39;813.0;1745663139;93.778;95.789;89.861;106.09;
1900-01-01 20:25:40;814.0;1745663140;93.79;95.789;89.861;106.061;
1900-01-01 20:25:41;815.0;1745663141;93.79;95.66;89.976;106.089;
1900-01-01 20:25:42;816.0;1745663142;93.757;95.784;89.806;106.089;
1900-01-01 20:25:43;817.0;1745663143;93.737;95.784;89.806;106.127;
1900-01-01 20:25:44;818.0;1745663144;93.737;95.759;89.721;106.112;
1900-01-01 20:25:45;819.0;1745663145;93.713;95.745;89.721;106.112;
1900-01-01 20:25:46;820.0;1745663146;93.72;95.745;89.637;106.197;
1900-01-01 20:25:47;821.0;1745663147;93.72;95.821;89.598;106.127;
1900-01-01 20:25:48;822.0;1745663148;93.773;95.787;89.608;106.127;
1900-01-01 20:25:49;823.0;1745663149;93.739;95.787;89.608;106.041;
1900-01-01 20:25:50;824.0;1745663150;93.739;95.751;89.593;106.092;
1900-01-01 20:25:51;825.0;1745663151;93.692;95.711;89.593;106.092;
1900-01-01 20:25:52;826.0;1745663152;93.698;95.711;89.635;106.192;
1900-01-01 20:25:53;827.0;1745663153;93.698;95.692;89.683;106.129;
1900-01-01 20:25:54;828.0;1745663154;93.568;95.721;89.683;106.129;
1900-01-01 20:25:55;829.0;1745663155;93.568;95.721;89.658;106.047;
1900-01-01 20:25:56;830.0;1745663156;93.615;95.614;89.649;106.093;
1900-01-01 20:25:57;831.0;1745663157;93.673;95.668;89.649;106.093;
1900-01-01 20:25:58;832.0;1745663158;93.673;95.668;89.648;106.058;
1900-01-01 20:25:59;833.0;1745663159;93.612;95.634;89.649;106.058;
1900-01-01 20:26:00;834.0;1745663160;93.517;95.634;89.649;106.12;
1900-01-01 20:26:01;835.0;1745663161;93.517;95.694;89.592;106.052;
1900-01-01 20:26:02;836.0;1745663162;93.538;95.646;89.6;106.052;
1900-01-01 20:26:04;837.0;1745663164;93.431;95.594;89.6;106.108;
1900-01-01 20:26:04;838.0;1745663164;93.431;95.594;89.644;106.094;
1900-01-01 20:26:06;839.0;1745663166;93.431;95.664;89.7;106.094;
1900-01-01 20:26:06;840.0;1745663166;93.473;95.664;89.7;106.022;
1900-01-01 20:26:07;841.0;1745663167;93.473;95.68;89.79;106.052;
1900-01-01 20:26:08;842.0;1745663168;93.414;95.597;89.79;106.052;
1900-01-01 20:26:09;843.0;1745663169;93.398;95.597;89.809;106.045;
1900-01-01 20:26:10;844.0;1745663170;93.398;95.588;89.734;106.094;
1900-01-01 20:26:12;845.0;1745663172;93.333;95.618;89.757;106.094;
1900-01-01 20:26:12;846.0;1745663172;93.413;95.618;89.757;106.032;
1900-01-01 20:26:13;847.0;1745663173;93.413;95.611;89.697;105.959;
1900-01-01 20:26:14;848.0;1745663174;93.426;95.613;89.697;105.959;
1900-01-01 20:26:15;849.0;1745663175;93.426;95.613;89.717;106.012;
1900-01-01 20:26:16;850.0;1745663176;93.441;95.624;89.644;106.012;
1900-01-01 20:26:17;851.0;1745663177;93.436;95.635;89.644;106.066;
1900-01-01 20:26:18;852.0;1745663178;93.425;95.635;89.538;106.047;
1900-01-01 20:26:19;853.0;1745663179;93.425;95.668;89.471;106.047;
1900-01-01 20:26:20;854.0;1745663180;93.359;95.584;89.471;106.018;
1900-01-01 20:26:21;855.0;1745663181;93.38;95.584;89.435;106.042;
1900-01-01 20:26:22;856.0;1745663182;93.38;95.633;89.384;106.042;
1900-01-01 20:26:23;857.0;1745663183;93.288;95.703;89.384;106.065;
1900-01-01 20:26:24;858.0;1745663184;93.288;95.703;89.404;106.131;
1900-01-01 20:26:25;859.0;1745663185;93.264;95.676;89.439;106.131;
1900-01-01 20:26:26;860.0;1745663186;93.362;95.676;89.439;106.045;
1900-01-01 20:26:27;861.0;1745663187;93.362;95.617;89.436;106.114;
1900-01-01 20:26:28;862.0;1745663188;93.326;95.645;89.517;106.114;
1900-01-01 20:26:29;863.0;1745663189;93.368;95.645;89.517;106.008;
1900-01-01 20:26:30;864.0;1745663190;93.368;95.571;89.56;106.175;
1900-01-01 20:26:31;865.0;1745663191;93.451;95.494;89.445;106.175;
1900-01-01 20:26:32;866.0;1745663192;93.309;95.494;89.445;106.014;
1900-01-01 20:26:33;867.0;1745663193;93.309;95.526;89.26;106.141;
1900-01-01 20:26:34;868.0;1745663194;93.408;95.424;89.26;106.141;
1900-01-01 20:26:35;869.0;1745663195;93.348;95.424;89.227;106.121;
1900-01-01 20:26:36;870.0;1745663196;93.348;95.419;89.107;106.121;
1900-01-01 20:26:37;871.0;1745663197;93.311;95.371;89.107;106.087;
1900-01-01 20:26:38;872.0;1745663198;93.294;95.371;89.042;106.012;
1900-01-01 20:26:39;873.0;1745663199;93.294;95.368;89.004;106.012;
1900-01-01 20:26:40;874.0;1745663200;93.251;95.256;89.004;106.047;
1900-01-01 20:26:41;875.0;1745663201;93.264;95.256;88.982;106.081;
1900-01-01 20:26:42;876.0;1745663202;93.264;95.357;88.902;106.081;
1900-01-01 20:26:43;877.0;1745663203;93.316;95.324;88.902;106.039;
1900-01-01 20:26:44;878.0;1745663204;93.316;95.324;88.848;106.066;
1900-01-01 20:26:45;879.0;1745663205;93.237;95.375;88.872;106.066;
1900-01-01 20:26:46;880.0;1745663206;93.243;95.375;88.872;106.056;
1900-01-01 20:26:47;881.0;1745663207;93.243;95.274;88.92;105.983;
1900-01-01 20:26:48;882.0;1745663208;93.342;95.342;88.935;105.983;
1900-01-01 20:26:49;883.0;1745663209;93.279;95.342;88.935;106.104;
1900-01-01 20:26:50;884.0;1745663210;93.279;95.325;88.896;106.121;
1900-01-01 20:26:52;885.0;1745663212;93.406;95.34;88.873;106.121;
1900-01-01 20:26:52;886.0;1745663212;93.274;95.34;88.873;106.006;
1900-01-01 20:26:53;887.0;1745663213;93.274;95.317;88.886;106.028;
1900-01-01 20:26:54;888.0;1745663214;93.256;95.299;88.903;106.028;
1900-01-01 20:26:55;889.0;1745663215;93.269;95.299;88.903;105.978;
1900-01-01 20:26:56;890.0;1745663216;93.269;95.36;88.971;105.982;
1900-01-01 20:26:57;891.0;1745663217;93.265;95.197;88.96;105.982;
1900-01-01 20:26:58;892.0;1745663218;93.17;95.197;88.96;106.027;
1900-01-01 20:26:59;893.0;1745663219;93.17;95.224;88.938;105.987;
1900-01-01 20:27:00;894.0;1745663220;93.237;95.145;88.938;105.987;
1900-01-01 20:27:01;895.0;1745663221;93.245;95.145;88.998;106.027;
1900-01-01 20:27:02;896.0;1745663222;93.245;95.089;88.943;105.98;
1900-01-01 20:27:03;897.0;1745663223;93.34;95.172;88.943;105.98;
1900-01-01 20:27:04;898.0;1745663224;93.268;95.172;88.85;106.022;
1900-01-01 20:27:05;899.0;1745663225;93.268;95.257;88.849;106.022;
1900-01-01 20:27:06;900.0;1745663226;93.35;95.22;88.849;106.022;
1900-01-01 20:27:07;901.0;1745663227;93.35;95.22;88.771;106.032;
1900-01-01 20:27:08;902.0;1745663228;93.258;95.231;88.78;106.032;
1900-01-01 20:27:09;903.0;1745663229;93.277;95.231;88.78;106.017;
1900-01-01 20:27:10;904.0;1745663230;93.277;95.216;88.826;106.072;
1900-01-01 20:27:11;905.0;1745663231;93.283;95.263;88.799;106.072;
1900-01-01 20:27:13;906.0;1745663233;93.204;95.279;88.799;106.021;
1900-01-01 20:27:13;907.0;1745663233;93.204;95.279;88.746;105.967;
1900-01-01 20:27:14;908.0;1745663234;93.094;95.264;88.703;105.967;
1900-01-01 20:27:15;909.0;1745663235;92.983;95.264;88.703;106.11;
1900-01-01 20:27:16;910.0;1745663236;92.983;95.309;88.628;106.014;
1900-01-01 20:27:17;911.0;1745663237;92.995;95.201;88.464;106.014;
1900-01-01 20:27:18;912.0;1745663238;92.965;95.201;88.464;105.973;
1900-01-01 20:27:19;913.0;1745663239;92.965;95.19;88.313;106.078;
1900-01-01 20:27:20;914.0;1745663240;92.914;95.174;88.313;106.078;
1900-01-01 20:27:21;915.0;1745663241;92.956;95.174;88.137;105.983;
1900-01-01 20:27:23;916.0;1745663243;92.956;95.089;88.158;106.001;
1900-01-01 20:27:23;917.0;1745663243;92.893;95.122;88.158;106.001;
1900-01-01 20:27:24;918.0;1745663244;92.893;95.122;88.166;106.039;
1900-01-01 20:27:25;919.0;1745663245;92.999;95.129;88.089;106.039;
1900-01-01 20:27:26;920.0;1745663246;92.994;95.129;88.089;105.994;
1900-01-01 20:27:27;921.0;1745663247;92.994;95.194;88.067;106.053;
1900-01-01 20:27:28;922.0;1745663248;92.941;95.058;88.091;106.053;
1900-01-01 20:27:29;923.0;1745663249;92.998;95.114;88.091;106.053;
1900-01-01 20:27:30;924.0;1745663250;92.998;95.114;88.131;105.977;
1900-01-01 20:27:31;925.0;1745663251;92.991;95.034;88.137;105.977;
1900-01-01 20:27:32;926.0;1745663252;93.075;95.034;88.137;106.071;
1900-01-01 20:27:33;927.0;1745663253;93.075;95.039;88.06;106.022;
1900-01-01 20:27:34;928.0;1745663254;92.939;95.061;88.024;106.022;
1900-01-01 20:27:35;929.0;1745663255;92.945;95.061;88.024;106.023;
1900-01-01 20:27:36;930.0;1745663256;92.945;95.037;88.043;106.053;
1900-01-01 20:27:37;931.0;1745663257;92.907;94.932;88.019;106.053;
1900-01-01 20:27:38;932.0;1745663258;92.859;94.932;88.019;106.043;
1900-01-01 20:27:39;933.0;1745663259;92.859;94.902;88.138;106.052;
1900-01-01 20:27:40;934.0;1745663260;92.916;94.969;88.138;106.052;
1900-01-01 20:27:41;935.0;1745663261;92.943;94.969;88.242;105.975;
1900-01-01 20:27:42;936.0;1745663262;92.943;94.968;88.197;105.923;
1900-01-01 20:27:43;937.0;1745663263;92.918;94.906;88.197;105.923;
1900-01-01 20:27:44;938.0;1745663264;92.918;94.906;88.177;106.059;
1900-01-01 20:27:45;939.0;1745663265;92.936;94.847;88.146;106.056;
1900-01-01 20:27:46;940.0;1745663266;92.918;94.898;88.146;106.056;
1900-01-01 20:27:47;941.0;1745663267;92.918;94.898;88.037;105.899;
1900-01-01 20:27:48;942.0;1745663268;92.898;94.87;88.081;106.086;
1900-01-01 20:27:49;943.0;1745663269;92.91;94.87;88.081;106.086;
1900-01-01 20:27:50;944.0;1745663270;92.91;94.903;88.153;105.851;
1900-01-01 20:27:51;945.0;1745663271;92.986;94.927;88.214;105.851;
1900-01-01 20:27:52;946.0;1745663272;92.954;94.927;88.214;105.963;
1900-01-01 20:27:53;947.0;1745663273;92.954;94.992;88.153;106.006;
1900-01-01 20:27:55;948.0;1745663275;92.908;94.875;88.113;106.006;
1900-01-01 20:27:55;949.0;1745663275;92.958;94.875;88.113;106.003;
1900-01-01 20:27:56;950.0;1745663276;92.958;94.807;88.039;105.92;
1900-01-01 20:27:57;951.0;1745663277;92.91;94.855;88.002;105.92;
1900-01-01 20:27:58;952.0;1745663278;92.907;94.855;88.002;105.985;
1900-01-01 20:27:59;953.0;1745663279;92.907;94.746;87.932;105.982;
1900-01-01 20:28:00;954.0;1745663280;92.914;94.844;87.718;105.982;
1900-01-01 20:28:01;955.0;1745663281;92.905;94.844;87.718;105.933;
1900-01-01 20:28:02;956.0;1745663282;92.905;94.784;87.582;105.94;
1900-01-01 20:28:03;957.0;1745663283;92.945;94.812;87.582;105.94;
1900-01-01 20:28:04;958.0;1745663284;92.945;94.812;87.524;106.039;
1900-01-01 20:28:05;959.0;1745663285;92.977;94.774;87.466;106.039;
1900-01-01 20:28:06;960.0;1745663286;92.914;94.839;87.466;106.064;
1900-01-01 20:28:08;961.0;1745663288;92.899;94.839;87.529;106.037;
1900-01-01 20:28:08;962.0;1745663288;92.899;94.805;87.515;106.037;
1900-01-01 20:28:09;963.0;1745663289;92.848;94.86;87.515;105.946;
1900-01-01 20:28:10;964.0;1745663290;92.848;94.86;87.445;106.004;
1900-01-01 20:28:11;965.0;1745663291;92.748;94.772;87.479;106.004;
1900-01-01 20:28:12;966.0;1745663292;92.69;94.772;87.479;105.983;
1900-01-01 20:28:13;967.0;1745663293;92.69;94.71;87.572;105.984;
1900-01-01 20:28:14;968.0;1745663294;92.53;94.724;87.697;105.984;
1900-01-01 20:28:15;969.0;1745663295;92.462;94.68;87.697;105.983;
1900-01-01 20:28:16;970.0;1745663296;92.462;94.68;87.628;105.93;
1900-01-01 20:28:17;971.0;1745663297;92.4;94.69;87.626;105.93;
1900-01-01 20:28:18;972.0;1745663298;92.341;94.69;87.626;105.962;
1900-01-01 20:28:19;973.0;1745663299;92.341;94.673;87.61;105.981;
1900-01-01 20:28:20;974.0;1745663300;92.239;94.74;87.61;105.981;
1900-01-01 20:28:21;975.0;1745663301;92.322;94.74;87.624;105.924;
1900-01-01 20:28:22;976.0;1745663302;92.322;94.67;87.6;105.911;
1900-01-01 20:28:23;977.0;1745663303;92.286;94.694;87.6;105.911;
1900-01-01 20:28:24;978.0;1745663304;92.448;94.694;87.663;105.89;
1900-01-01 20:28:25;979.0;1745663305;92.448;94.656;87.594;105.951;
1900-01-01 20:28:26;980.0;1745663306;92.458;94.754;87.594;105.951;
1900-01-01 20:28:27;981.0;1745663307;92.425;94.754;87.489;105.892;
1900-01-01 20:28:28;982.0;1745663308;92.425;94.666;87.549;105.892;
1900-01-01 20:28:29;983.0;1745663309;92.519;94.688;87.549;105.948;
1900-01-01 20:28:30;984.0;1745663310;92.556;94.688;87.569;105.892;
1900-01-01 20:28:31;985.0;1745663311;92.556;94.635;87.452;105.892;
1900-01-01 20:28:32;986.0;1745663312;92.531;94.725;87.452;105.96;
1900-01-01 20:28:33;987.0;1745663313;92.531;94.725;87.444;105.998;
1900-01-01 20:28:34;988.0;1745663314;92.586;94.734;87.345;105.998;
1900-01-01 20:28:35;989.0;1745663315;92.549;94.653;87.345;106.034;
1900-01-01 20:28:36;990.0;1745663316;92.549;94.653;87.365;106.021;
1900-01-01 20:28:37;991.0;1745663317;92.564;94.687;87.224;106.021;
1900-01-01 20:28:38;992.0;1745663318;92.631;94.687;87.224;105.932;
1900-01-01 20:28:39;993.0;1745663319;92.631;94.718;87.154;105.912;
1900-01-01 20:28:40;994.0;1745663320;92.611;94.63;87.154;105.912;
1900-01-01 20:28:41;995.0;1745663321;92.632;94.63;87.212;105.992;
1900-01-01 20:28:42;996.0;1745663322;92.632;94.683;87.338;105.924;
1900-01-01 20:28:44;997.0;1745663324;92.599;94.555;87.32;105.924;
1900-01-01 20:28:44;998.0;1745663324;92.578;94.555;87.32;105.994;
1900-01-01 20:28:45;999.0;1745663325;92.578;94.591;87.312;105.944;
1900-01-01 20:28:46;1000.0;1745663326;92.601;94.533;87.312;105.944;
1900-01-01 20:28:47;1001.0;1745663327;92.606;94.533;87.351;106.025;
1900-01-01 20:28:48;1002.0;1745663328;92.606;94.503;87.32;105.985;
1900-01-01 20:28:49;1003.0;1745663329;92.656;94.536;87.345;105.985;
1900-01-01 20:28:50;1004.0;1745663330;92.552;94.536;87.345;105.862;
1900-01-01 20:28:51;1005.0;1745663331;92.552;94.499;87.227;105.946;
1900-01-01 20:28:52;1006.0;1745663332;92.628;94.57;87.227;105.946;
1900-01-01 20:28:54;1007.0;1745663334;92.515;94.57;87.052;105.979;
1900-01-01 20:28:54;1008.0;1745663334;92.515;94.521;87.062;105.979;
1900-01-01 20:28:55;1009.0;1745663335;92.516;94.541;87.062;105.871;
1900-01-01 20:28:56;1010.0;1745663336;92.53;94.541;87.154;105.868;
1900-01-01 20:28:57;1011.0;1745663337;92.53;94.522;87.062;105.868;
1900-01-01 20:28:58;1012.0;1745663338;92.491;94.516;87.062;105.889;
1900-01-01 20:28:59;1013.0;1745663339;92.492;94.516;87.072;105.87;
1900-01-01 20:29:00;1014.0;1745663340;92.492;94.502;87.041;105.87;
1900-01-01 20:29:01;1015.0;1745663341;92.405;94.49;87.041;105.917;
1900-01-01 20:29:02;1016.0;1745663342;92.405;94.49;86.943;105.841;
1900-01-01 20:29:03;1017.0;1745663343;92.4;94.443;86.966;105.841;
1900-01-01 20:29:04;1018.0;1745663344;92.404;94.443;86.966;105.908;
1900-01-01 20:29:05;1019.0;1745663345;92.404;94.467;86.927;105.914;
1900-01-01 20:29:06;1020.0;1745663346;92.455;94.477;86.927;105.914;
1900-01-01 20:29:07;1021.0;1745663347;92.352;94.477;86.919;105.979;
1900-01-01 20:29:08;1022.0;1745663348;92.352;94.426;86.841;105.918;
1900-01-01 20:29:09;1023.0;1745663349;92.35;94.394;86.746;105.918;
1900-01-01 20:29:10;1024.0;1745663350;92.322;94.394;86.746;105.899;
1900-01-01 20:29:11;1025.0;1745663351;92.322;94.518;86.805;105.875;
1900-01-01 20:29:12;1026.0;1745663352;92.341;94.394;86.877;105.875;
1900-01-01 20:29:13;1027.0;1745663353;92.374;94.394;86.877;105.887;
1900-01-01 20:29:14;1028.0;1745663354;92.374;94.401;86.9;105.971;
1900-01-01 20:29:16;1029.0;1745663356;92.349;94.383;86.824;105.971;
1900-01-01 20:29:16;1030.0;1745663356;92.283;94.383;86.824;105.938;
1900-01-01 20:29:17;1031.0;1745663357;92.283;94.394;86.774;105.827;
1900-01-01 20:29:18;1032.0;1745663358;92.306;94.416;86.718;105.827;
1900-01-01 20:29:19;1033.0;1745663359;92.288;94.416;86.718;105.887;
1900-01-01 20:29:20;1034.0;1745663360;92.288;94.304;86.813;105.815;
1900-01-01 20:29:21;1035.0;1745663361;92.233;94.304;86.813;105.815;
1900-01-01 20:29:22;1036.0;1745663362;92.216;94.304;86.907;105.868;
1900-01-01 20:29:23;1037.0;1745663363;92.216;94.375;86.821;105.868;
1900-01-01 20:29:25;1038.0;1745663365;92.134;94.292;86.781;105.868;
1900-01-01 20:29:25;1039.0;1745663365;92.118;94.292;86.781;105.886;
1900-01-01 20:29:26;1040.0;1745663366;92.118;94.365;86.747;105.855;
1900-01-01 20:29:27;1041.0;1745663367;92.186;94.322;86.747;105.855;
1900-01-01 20:29:28;1042.0;1745663368;92.178;94.322;86.834;105.869;
1900-01-01 20:29:29;1043.0;1745663369;92.178;94.338;86.843;105.879;
1900-01-01 20:29:30;1044.0;1745663370;92.191;94.31;86.843;105.879;
1900-01-01 20:29:31;1045.0;1745663371;92.216;94.31;86.834;105.873;
1900-01-01 20:29:32;1046.0;1745663372;92.216;94.338;86.818;105.873;
1900-01-01 20:29:33;1047.0;1745663373;92.233;94.243;86.818;105.906;
1900-01-01 20:29:35;1048.0;1745663375;92.228;94.243;86.741;105.917;
1900-01-01 20:29:35;1049.0;1745663375;92.228;94.284;86.578;105.917;
1900-01-01 20:29:36;1050.0;1745663376;92.17;94.318;86.578;105.892;
1900-01-01 20:29:37;1051.0;1745663377;92.17;94.318;86.468;105.879;
1900-01-01 20:29:38;1052.0;1745663378;92.127;94.228;86.431;105.879;
1900-01-01 20:29:39;1053.0;1745663379;92.141;94.228;86.431;105.927;
1900-01-01 20:29:40;1054.0;1745663380;92.141;94.25;86.361;105.911;
1900-01-01 20:29:41;1055.0;1745663381;92.12;94.393;86.259;105.911;
1900-01-01 20:29:42;1056.0;1745663382;92.154;94.393;86.259;105.92;
1900-01-01 20:29:43;1057.0;1745663383;92.154;94.295;86.226;105.886;
1900-01-01 20:29:44;1058.0;1745663384;92.137;94.25;86.226;105.886;
1900-01-01 20:29:45;1059.0;1745663385;92.096;94.25;86.248;105.855;
1900-01-01 20:29:46;1060.0;1745663386;92.096;94.249;86.343;105.855;
1900-01-01 20:29:47;1061.0;1745663387;92.131;94.31;86.343;105.907;
1900-01-01 20:29:48;1062.0;1745663388;92.104;94.31;86.381;105.867;
1900-01-01 20:29:49;1063.0;1745663389;92.104;94.264;86.498;105.953;
1900-01-01 20:29:50;1064.0;1745663390;92.123;94.229;86.611;105.953;
1900-01-01 20:29:51;1065.0;1745663391;92.039;94.229;86.611;105.84;
1900-01-01 20:29:52;1066.0;1745663392;92.039;94.121;86.658;105.883;
1900-01-01 20:29:53;1067.0;1745663393;92.0;94.207;86.658;105.883;
1900-01-01 20:29:55;1068.0;1745663395;92.014;94.207;86.671;105.949;
1900-01-01 20:29:55;1069.0;1745663395;92.014;94.138;86.634;105.949;
1900-01-01 20:29:56;1070.0;1745663396;91.932;94.211;86.634;105.96;
1900-01-01 20:29:57;1071.0;1745663397;91.932;94.211;86.635;105.904;
1900-01-01 20:29:58;1072.0;1745663398;92.038;94.234;86.484;105.904;
1900-01-01 20:29:59;1073.0;1745663399;92.005;94.103;86.484;105.843;
1900-01-01 20:30:00;1074.0;1745663400;92.005;94.103;86.491;105.864;
1900-01-01 20:30:01;1075.0;1745663401;92.051;94.131;86.353;105.864;
1900-01-01 20:30:03;1076.0;1745663403;92.056;94.116;86.353;105.829;
1900-01-01 20:30:03;1077.0;1745663403;92.056;94.116;86.349;105.907;
1900-01-01 20:30:04;1078.0;1745663404;92.027;94.05;86.227;105.907;
1900-01-01 20:30:05;1079.0;1745663405;92.076;94.05;86.227;105.814;
1900-01-01 20:30:06;1080.0;1745663406;92.076;94.056;86.226;105.777;
1900-01-01 20:30:07;1081.0;1745663407;92.032;93.998;86.297;105.777;
1900-01-01 20:30:08;1082.0;1745663408;92.032;93.998;86.297;105.752;
1900-01-01 20:30:09;1083.0;1745663409;92.032;93.933;86.217;105.857;
1900-01-01 20:30:10;1084.0;1745663410;91.985;94.042;86.217;105.857;
1900-01-01 20:30:11;1085.0;1745663411;91.985;94.042;86.202;105.845;
1900-01-01 20:30:12;1086.0;1745663412;91.949;94.101;86.145;105.779;
1900-01-01 20:30:13;1087.0;1745663413;91.998;93.959;86.145;105.779;
1900-01-01 20:30:14;1088.0;1745663414;91.998;93.959;86.066;105.823;
1900-01-01 20:30:15;1089.0;1745663415;91.894;93.947;86.044;105.823;
1900-01-01 20:30:16;1090.0;1745663416;91.863;93.899;86.044;105.769;
1900-01-01 20:30:17;1091.0;1745663417;91.863;93.899;86.031;105.882;
1900-01-01 20:30:18;1092.0;1745663418;91.837;93.929;86.098;105.882;
1900-01-01 20:30:19;1093.0;1745663419;91.832;93.877;86.098;105.823;
1900-01-01 20:30:20;1094.0;1745663420;91.922;93.877;86.148;105.788;
1900-01-01 20:30:21;1095.0;1745663421;91.922;93.941;86.178;105.788;
1900-01-01 20:30:22;1096.0;1745663422;91.897;93.904;86.178;105.84;
1900-01-01 20:30:23;1097.0;1745663423;91.897;93.904;86.059;105.88;
1900-01-01 20:30:24;1098.0;1745663424;91.892;93.909;86.021;105.88;
1900-01-01 20:30:25;1099.0;1745663425;91.844;93.909;86.021;105.867;
1900-01-01 20:30:26;1100.0;1745663426;91.844;93.931;85.805;105.919;
1900-01-01 20:30:28;1101.0;1745663428;91.883;93.945;85.817;105.919;
1900-01-01 20:30:28;1102.0;1745663428;91.863;93.945;85.817;105.762;
1900-01-01 20:30:29;1103.0;1745663429;91.863;93.934;85.842;105.783;
1900-01-01 20:30:30;1104.0;1745663430;91.801;93.958;85.859;105.783;
1900-01-01 20:30:31;1105.0;1745663431;91.833;93.958;85.859;105.987;
1900-01-01 20:30:32;1106.0;1745663432;91.833;93.997;85.96;105.836;
1900-01-01 20:30:33;1107.0;1745663433;91.86;93.923;86.047;105.836;
1900-01-01 20:30:34;1108.0;1745663434;91.86;93.923;86.047;105.868;
1900-01-01 20:30:35;1109.0;1745663435;91.852;93.948;86.12;105.805;
1900-01-01 20:30:36;1110.0;1745663436;91.742;93.992;86.12;105.805;
1900-01-01 20:30:37;1111.0;1745663437;91.742;93.992;86.167;105.822;
1900-01-01 20:30:38;1112.0;1745663438;91.856;93.93;86.178;105.799;
1900-01-01 20:30:39;1113.0;1745663439;91.82;93.988;86.178;105.799;
1900-01-01 20:30:40;1114.0;1745663440;91.82;93.988;86.123;105.868;
1900-01-01 20:30:41;1115.0;1745663441;91.78;93.829;86.107;105.868;
1900-01-01 20:30:42;1116.0;1745663442;91.81;93.826;86.107;105.788;
1900-01-01 20:30:43;1117.0;1745663443;91.81;93.826;86.075;105.795;
1900-01-01 20:30:44;1118.0;1745663444;91.815;93.776;86.037;105.795;
1900-01-01 20:30:46;1119.0;1745663446;91.827;93.767;86.037;105.799;
1900-01-01 20:30:46;1120.0;1745663446;91.827;93.767;86.109;105.749;
1900-01-01 20:30:47;1121.0;1745663447;91.765;93.744;86.101;105.749;
1900-01-01 20:30:48;1122.0;1745663448;91.709;93.744;86.101;105.792;
1900-01-01 20:30:49;1123.0;1745663449;91.709;93.819;86.045;105.86;
1900-01-01 20:30:50;1124.0;1745663450;91.764;93.754;85.977;105.86;
1900-01-01 20:30:51;1125.0;1745663451;91.706;93.754;85.977;105.828;
1900-01-01 20:30:52;1126.0;1745663452;91.706;93.824;85.779;105.727;
1900-01-01 20:30:53;1127.0;1745663453;91.743;93.818;85.779;105.727;
1900-01-01 20:30:54;1128.0;1745663454;91.67;93.818;85.695;105.845;
1900-01-01 20:30:55;1129.0;1745663455;91.67;93.799;85.709;105.834;
1900-01-01 20:30:56;1130.0;1745663456;91.595;93.791;85.709;105.834;
1900-01-01 20:30:57;1131.0;1745663457;91.625;93.791;85.65;105.862;
1900-01-01 20:30:58;1132.0;1745663458;91.625;93.796;85.568;105.762;
1900-01-01 20:31:00;1133.0;1745663460;91.587;93.755;85.501;105.762;
1900-01-01 20:31:00;1134.0;1745663460;91.629;93.755;85.501;105.86;
1900-01-01 20:31:01;1135.0;1745663461;91.629;93.742;85.41;105.817;
1900-01-01 20:31:02;1136.0;1745663462;91.639;93.757;85.41;105.817;
1900-01-01 20:31:04;1137.0;1745663464;91.674;93.757;85.506;105.744;
1900-01-01 20:31:04;1138.0;1745663464;91.674;93.681;85.453;105.744;
1900-01-01 20:31:05;1139.0;1745663465;91.674;93.725;85.453;105.705;
1900-01-01 20:31:06;1140.0;1745663466;91.65;93.725;85.553;105.772;
1900-01-01 20:31:07;1141.0;1745663467;91.65;93.644;85.576;105.772;
1900-01-01 20:31:08;1142.0;1745663468;91.628;93.698;85.576;105.811;
1900-01-01 20:31:09;1143.0;1745663469;91.628;93.698;85.507;105.705;
1900-01-01 20:31:10;1144.0;1745663470;91.629;93.727;85.555;105.705;
1900-01-01 20:31:11;1145.0;1745663471;91.577;93.727;85.555;105.796;
1900-01-01 20:31:12;1146.0;1745663472;91.577;93.671;85.594;105.788;
1900-01-01 20:31:14;1147.0;1745663474;91.56;93.606;85.567;105.788;
1900-01-01 20:31:14;1148.0;1745663474;91.618;93.606;85.567;105.749;
1900-01-01 20:31:15;1149.0;1745663475;91.618;93.76;85.574;105.793;
1900-01-01 20:31:17;1150.0;1745663477;91.612;93.774;85.43;105.793;
1900-01-01 20:31:17;1151.0;1745663477;91.561;93.774;85.43;105.799;
1900-01-01 20:31:18;1152.0;1745663478;91.561;93.609;85.513;105.831;
1900-01-01 20:31:19;1153.0;1745663479;91.519;93.617;85.513;105.831;
1900-01-01 20:31:21;1154.0;1745663481;91.492;93.617;85.499;105.804;
1900-01-01 20:31:21;1155.0;1745663481;91.492;93.662;85.526;105.73;
1900-01-01 20:31:22;1156.0;1745663482;91.447;93.599;85.526;105.73;
1900-01-01 20:31:23;1157.0;1745663483;91.447;93.599;85.45;105.754;
1900-01-01 20:31:24;1158.0;1745663484;91.539;93.68;85.41;105.859;
1900-01-01 20:31:25;1159.0;1745663485;91.453;93.68;85.41;105.859;
1900-01-01 20:31:26;1160.0;1745663486;91.453;93.725;85.433;105.82;
1900-01-01 20:31:27;1161.0;1745663487;91.459;93.645;85.384;105.82;
1900-01-01 20:31:28;1162.0;1745663488;91.473;93.645;85.384;105.749;
1900-01-01 20:31:29;1163.0;1745663489;91.473;93.596;85.379;105.76;
1900-01-01 20:31:30;1164.0;1745663490;91.402;93.599;85.403;105.76;
1900-01-01 20:31:32;1165.0;1745663492;91.52;93.606;85.403;105.772;
1900-01-01 20:31:32;1166.0;1745663492;91.52;93.606;85.3;105.793;
1900-01-01 20:31:33;1167.0;1745663493;91.471;93.564;85.233;105.793;
1900-01-01 20:31:34;1168.0;1745663494;91.449;93.573;85.233;105.71;
1900-01-01 20:31:35;1169.0;1745663495;91.449;93.573;85.319;105.706;
1900-01-01 20:31:36;1170.0;1745663496;91.41;93.583;85.338;105.706;
1900-01-01 20:31:37;1171.0;1745663497;91.379;93.583;85.338;105.735;
1900-01-01 20:31:38;1172.0;1745663498;91.379;93.539;85.407;105.849;
1900-01-01 20:31:39;1173.0;1745663499;91.333;93.479;85.368;105.849;
1900-01-01 20:31:40;1174.0;1745663500;91.281;93.479;85.368;105.709;
1900-01-01 20:31:41;1175.0;1745663501;91.281;93.573;85.346;105.779;
1900-01-01 20:31:42;1176.0;1745663502;91.216;93.486;85.346;105.779;
1900-01-01 20:31:43;1177.0;1745663503;91.141;93.486;85.22;105.812;
1900-01-01 20:31:44;1178.0;1745663504;91.141;93.488;85.194;105.812;
1900-01-01 20:31:45;1179.0;1745663505;91.105;93.407;85.194;105.8;
1900-01-01 20:31:46;1180.0;1745663506;91.111;93.407;85.058;105.793;
1900-01-01 20:31:47;1181.0;1745663507;91.111;93.42;85.012;105.793;
1900-01-01 20:31:48;1182.0;1745663508;91.093;93.379;85.012;105.756;
1900-01-01 20:31:50;1183.0;1745663510;91.106;93.379;84.898;105.706;
1900-01-01 20:31:50;1184.0;1745663510;91.106;93.329;84.918;105.706;
1900-01-01 20:31:51;1185.0;1745663511;91.162;93.397;84.918;105.72;
1900-01-01 20:31:52;1186.0;1745663512;91.162;93.397;84.934;105.699;
1900-01-01 20:31:53;1187.0;1745663513;91.21;93.341;85.012;105.699;
1900-01-01 20:31:55;1188.0;1745663515;91.147;93.301;85.012;105.757;
1900-01-01 20:31:55;1189.0;1745663515;91.147;93.301;85.098;105.773;
1900-01-01 20:31:56;1190.0;1745663516;91.216;93.328;85.115;105.773;
1900-01-01 20:31:57;1191.0;1745663517;91.311;93.328;85.115;105.78;
1900-01-01 20:31:58;1192.0;1745663518;91.311;93.289;85.101;105.782;
1900-01-01 20:31:59;1193.0;1745663519;91.307;93.345;85.004;105.782;
1900-01-01 20:32:00;1194.0;1745663520;91.293;93.345;85.004;105.727;
1900-01-01 20:32:01;1195.0;1745663521;91.293;93.261;84.954;105.675;
1900-01-01 20:32:02;1196.0;1745663522;91.304;93.259;84.954;105.675;
1900-01-01 20:32:03;1197.0;1745663523;91.359;93.259;85.009;105.768;
1900-01-01 20:32:04;1198.0;1745663524;91.359;93.258;85.098;105.768;
1900-01-01 20:32:05;1199.0;1745663525;91.345;93.239;85.098;105.654;
1900-01-01 20:32:06;1200.0;1745663526;91.367;93.239;85.081;105.73;
