Time;Seconds from start for linreg;Unix Time;ch1 po2;ch2 po2;ch3 po2;ch4 po2;
1900-01-01 01:37:09;1.0;1745681829;99.467;101.178;96.008;102.695;
1900-01-01 01:37:09;2.0;1745681829;99.467;101.051;96.052;102.695;
1900-01-01 01:37:10;3.0;1745681830;99.533;101.131;96.052;102.74;
1900-01-01 01:37:11;4.0;1745681831;99.533;101.131;96.176;102.708;
1900-01-01 01:37:12;5.0;1745681832;99.439;100.981;96.178;102.708;
1900-01-01 01:37:13;6.0;1745681833;99.4;100.981;96.178;102.64;
1900-01-01 01:37:14;7.0;1745681834;99.4;100.991;96.233;102.71;
1900-01-01 01:37:15;8.0;1745681835;99.325;100.949;96.085;102.71;
1900-01-01 01:37:16;9.0;1745681836;99.34;100.949;96.085;102.754;
1900-01-01 01:37:17;10.0;1745681837;99.34;100.867;95.986;102.687;
1900-01-01 01:37:18;11.0;1745681838;99.227;100.845;95.954;102.687;
1900-01-01 01:37:19;12.0;1745681839;99.227;100.845;95.954;102.716;
1900-01-01 01:37:20;13.0;1745681840;99.319;100.939;95.889;102.726;
1900-01-01 01:37:21;14.0;1745681841;99.288;100.855;95.889;102.726;
1900-01-01 01:37:22;15.0;1745681842;99.288;100.855;95.976;102.629;
1900-01-01 01:37:23;16.0;1745681843;99.294;100.875;96.084;102.729;
1900-01-01 01:37:24;17.0;1745681844;99.327;100.875;96.084;102.729;
1900-01-01 01:37:25;18.0;1745681845;99.327;100.911;96.146;102.718;
1900-01-01 01:37:26;19.0;1745681846;99.236;100.865;96.228;102.718;
1900-01-01 01:37:28;20.0;1745681848;99.257;100.867;96.228;102.685;
1900-01-01 01:37:28;21.0;1745681848;99.257;100.867;96.167;102.68;
1900-01-01 01:37:29;22.0;1745681849;99.254;100.92;96.15;102.68;
1900-01-01 01:37:30;23.0;1745681850;99.287;100.93;96.15;102.71;
1900-01-01 01:37:31;24.0;1745681851;99.287;100.93;95.95;102.614;
1900-01-01 01:37:32;25.0;1745681852;99.237;100.986;95.95;102.614;
1900-01-01 01:37:33;26.0;1745681853;99.11;100.986;96.02;102.742;
1900-01-01 01:37:34;27.0;1745681854;99.11;101.013;95.904;102.728;
1900-01-01 01:37:35;28.0;1745681855;99.122;100.991;95.87;102.728;
1900-01-01 01:37:36;29.0;1745681856;99.057;100.991;95.87;102.707;
1900-01-01 01:37:37;30.0;1745681857;99.057;101.066;95.911;102.71;
1900-01-01 01:37:38;31.0;1745681858;99.119;101.088;95.943;102.71;
1900-01-01 01:37:39;32.0;1745681859;99.139;101.088;95.943;102.638;
1900-01-01 01:37:40;33.0;1745681860;99.139;100.979;95.998;102.707;
1900-01-01 01:37:41;34.0;1745681861;99.074;101.069;95.998;102.707;
1900-01-01 01:37:42;35.0;1745681862;99.119;101.069;96.027;102.745;
1900-01-01 01:37:43;36.0;1745681863;99.119;101.059;95.946;102.745;
1900-01-01 01:37:44;37.0;1745681864;99.149;101.032;95.946;102.751;
1900-01-01 01:37:46;38.0;1745681866;99.096;101.032;95.902;102.758;
1900-01-01 01:37:46;39.0;1745681866;99.096;101.1;95.796;102.758;
1900-01-01 01:37:47;40.0;1745681867;99.124;101.002;95.796;102.637;
1900-01-01 01:37:48;41.0;1745681868;99.124;101.002;95.772;102.65;
1900-01-01 01:37:49;42.0;1745681869;99.099;101.016;95.823;102.65;
1900-01-01 01:37:51;43.0;1745681871;99.146;101.033;95.823;102.661;
1900-01-01 01:37:51;44.0;1745681871;99.146;101.033;95.823;102.708;
1900-01-01 01:37:52;45.0;1745681872;99.174;101.085;95.832;102.708;
1900-01-01 01:37:53;46.0;1745681873;99.149;101.119;95.832;102.713;
1900-01-01 01:37:54;47.0;1745681874;99.149;101.119;95.873;102.751;
1900-01-01 01:37:55;48.0;1745681875;99.153;101.109;95.849;102.751;
1900-01-01 01:37:56;49.0;1745681876;99.135;101.109;95.849;102.759;
1900-01-01 01:37:57;50.0;1745681877;99.135;101.123;95.836;102.644;
1900-01-01 01:37:58;51.0;1745681878;99.106;101.075;95.836;102.644;
1900-01-01 01:37:59;52.0;1745681879;99.166;101.075;95.903;102.732;
1900-01-01 01:38:00;53.0;1745681880;99.166;101.158;95.856;102.685;
1900-01-01 01:38:01;54.0;1745681881;99.202;101.116;95.856;102.685;
1900-01-01 01:38:02;55.0;1745681882;99.155;101.116;95.835;102.737;
1900-01-01 01:38:03;56.0;1745681883;99.155;101.132;95.782;102.721;
1900-01-01 01:38:04;57.0;1745681884;99.167;100.995;95.782;102.721;
1900-01-01 01:38:05;58.0;1745681885;99.167;100.995;95.774;102.767;
1900-01-01 01:38:06;59.0;1745681886;99.177;101.074;95.758;102.767;
1900-01-01 01:38:07;60.0;1745681887;99.133;101.017;95.758;102.721;
1900-01-01 01:38:08;61.0;1745681888;99.133;101.017;95.713;102.717;
1900-01-01 01:38:09;62.0;1745681889;99.173;100.968;95.832;102.717;
1900-01-01 01:38:10;63.0;1745681890;99.07;101.049;95.832;102.735;
1900-01-01 01:38:11;64.0;1745681891;99.07;101.049;95.766;102.626;
1900-01-01 01:38:12;65.0;1745681892;99.106;100.976;95.779;102.626;
1900-01-01 01:38:13;66.0;1745681893;99.041;100.976;95.779;102.636;
1900-01-01 01:38:14;67.0;1745681894;99.041;101.125;95.834;102.762;
1900-01-01 01:38:15;68.0;1745681895;99.008;101.005;95.798;102.762;
1900-01-01 01:38:16;69.0;1745681896;99.022;100.91;95.798;102.671;
1900-01-01 01:38:17;70.0;1745681897;99.022;100.91;95.662;102.71;
1900-01-01 01:38:18;71.0;1745681898;98.923;101.094;95.6;102.71;
1900-01-01 01:38:19;72.0;1745681899;98.954;101.094;95.6;102.676;
1900-01-01 01:38:20;73.0;1745681900;98.954;101.087;95.712;102.732;
1900-01-01 01:38:21;74.0;1745681901;98.878;101.001;95.712;102.732;
1900-01-01 01:38:22;75.0;1745681902;98.921;101.001;95.635;102.719;
1900-01-01 01:38:23;76.0;1745681903;98.921;101.1;95.571;102.704;
1900-01-01 01:38:24;77.0;1745681904;98.893;101.142;95.571;102.704;
1900-01-01 01:38:25;78.0;1745681905;98.821;101.142;95.597;102.739;
1900-01-01 01:38:26;79.0;1745681906;98.821;101.058;95.719;102.802;
1900-01-01 01:38:27;80.0;1745681907;98.912;101.051;95.719;102.802;
1900-01-01 01:38:28;81.0;1745681908;98.909;101.051;95.622;102.674;
1900-01-01 01:38:29;82.0;1745681909;98.909;101.067;95.675;102.674;
1900-01-01 01:38:30;83.0;1745681910;98.814;101.09;95.675;102.768;
1900-01-01 01:38:31;84.0;1745681911;98.814;101.09;95.739;102.723;
1900-01-01 01:38:32;85.0;1745681912;98.8;101.084;95.755;102.723;
1900-01-01 01:38:33;86.0;1745681913;98.83;101.072;95.755;102.729;
1900-01-01 01:38:34;87.0;1745681914;98.83;101.072;95.624;102.707;
1900-01-01 01:38:35;88.0;1745681915;98.736;101.037;95.546;102.707;
1900-01-01 01:38:36;89.0;1745681916;98.83;101.037;95.546;102.687;
1900-01-01 01:38:37;90.0;1745681917;98.83;101.116;95.604;102.697;
1900-01-01 01:38:38;91.0;1745681918;98.748;101.123;95.604;102.697;
1900-01-01 01:38:39;92.0;1745681919;98.883;101.123;95.58;102.723;
1900-01-01 01:38:40;93.0;1745681920;98.883;101.114;95.655;102.723;
1900-01-01 01:38:41;94.0;1745681921;98.831;101.116;95.655;102.628;
1900-01-01 01:38:42;95.0;1745681922;98.945;101.116;95.628;102.644;
1900-01-01 01:38:43;96.0;1745681923;98.945;101.077;95.693;102.644;
1900-01-01 01:38:44;97.0;1745681924;99.003;101.003;95.693;102.713;
1900-01-01 01:38:45;98.0;1745681925;98.901;101.003;95.852;102.647;
1900-01-01 01:38:46;99.0;1745681926;98.901;101.059;95.797;102.621;
1900-01-01 01:38:47;100.0;1745681927;98.978;100.992;95.797;102.621;
1900-01-01 01:38:48;101.0;1745681928;98.978;100.992;95.8;102.668;
1900-01-01 01:38:49;102.0;1745681929;98.997;101.057;95.774;102.668;
1900-01-01 01:38:50;103.0;1745681930;98.971;101.057;95.774;102.684;
1900-01-01 01:38:51;104.0;1745681931;98.971;100.895;95.749;102.631;
1900-01-01 01:38:52;105.0;1745681932;98.869;100.977;95.697;102.631;
1900-01-01 01:38:54;106.0;1745681934;98.739;100.873;95.697;102.659;
1900-01-01 01:38:54;107.0;1745681934;98.739;100.873;95.598;102.64;
1900-01-01 01:38:55;108.0;1745681935;98.777;100.894;95.507;102.64;
1900-01-01 01:38:57;109.0;1745681937;98.716;100.891;95.507;102.679;
1900-01-01 01:38:57;110.0;1745681937;98.716;100.891;95.466;102.634;
1900-01-01 01:38:58;111.0;1745681938;98.711;100.891;95.463;102.634;
1900-01-01 01:38:59;112.0;1745681939;98.647;100.891;95.463;102.651;
1900-01-01 01:39:00;113.0;1745681940;98.647;100.932;95.508;102.672;
1900-01-01 01:39:01;114.0;1745681941;98.665;100.872;95.508;102.672;
1900-01-01 01:39:02;115.0;1745681942;98.702;100.872;95.578;102.647;
1900-01-01 01:39:03;116.0;1745681943;98.702;100.918;95.646;102.696;
1900-01-01 01:39:05;117.0;1745681945;98.709;100.926;95.526;102.696;
1900-01-01 01:39:05;118.0;1745681945;98.66;100.926;95.526;102.686;
1900-01-01 01:39:06;119.0;1745681946;98.66;100.938;95.337;102.613;
1900-01-01 01:39:07;120.0;1745681947;98.719;100.886;95.337;102.613;
1900-01-01 01:39:08;121.0;1745681948;98.705;100.886;95.403;102.731;
1900-01-01 01:39:09;122.0;1745681949;98.705;100.856;95.454;102.731;
1900-01-01 01:39:10;123.0;1745681950;98.736;100.87;95.454;102.709;
1900-01-01 01:39:11;124.0;1745681951;98.692;100.87;95.528;102.708;
1900-01-01 01:39:12;125.0;1745681952;98.692;100.794;95.403;102.671;
1900-01-01 01:39:13;126.0;1745681953;98.591;100.889;95.403;102.671;
1900-01-01 01:39:14;127.0;1745681954;98.591;100.889;95.474;102.603;
1900-01-01 01:39:15;128.0;1745681955;98.515;100.848;95.421;102.603;
1900-01-01 01:39:16;129.0;1745681956;98.538;100.882;95.421;102.688;
1900-01-01 01:39:17;130.0;1745681957;98.567;100.882;95.498;102.618;
1900-01-01 01:39:18;131.0;1745681958;98.567;100.903;95.489;102.65;
1900-01-01 01:39:19;132.0;1745681959;98.499;100.893;95.489;102.65;
1900-01-01 01:39:20;133.0;1745681960;98.63;100.893;95.473;102.703;
1900-01-01 01:39:21;134.0;1745681961;98.63;100.928;95.464;102.701;
1900-01-01 01:39:22;135.0;1745681962;98.593;100.758;95.464;102.701;
1900-01-01 01:39:23;136.0;1745681963;98.515;100.758;95.516;102.708;
1900-01-01 01:39:24;137.0;1745681964;98.515;100.9;95.485;102.681;
1900-01-01 01:39:25;138.0;1745681965;98.582;100.94;95.485;102.681;
1900-01-01 01:39:26;139.0;1745681966;98.518;100.94;95.416;102.739;
1900-01-01 01:39:27;140.0;1745681967;98.518;100.876;95.386;102.754;
1900-01-01 01:39:28;141.0;1745681968;98.545;100.934;95.386;102.754;
1900-01-01 01:39:29;142.0;1745681969;98.545;100.934;95.28;102.737;
1900-01-01 01:39:30;143.0;1745681970;98.492;101.035;95.13;102.737;
1900-01-01 01:39:31;144.0;1745681971;98.457;100.988;95.13;102.736;
1900-01-01 01:39:32;145.0;1745681972;98.457;100.988;95.212;102.671;
1900-01-01 01:39:33;146.0;1745681973;98.433;101.0;95.186;102.671;
1900-01-01 01:39:34;147.0;1745681974;98.508;100.975;95.186;102.803;
1900-01-01 01:39:35;148.0;1745681975;98.508;100.975;95.152;102.668;
1900-01-01 01:39:36;149.0;1745681976;98.511;100.883;95.086;102.668;
1900-01-01 01:39:37;150.0;1745681977;98.46;100.981;95.086;102.69;
1900-01-01 01:39:38;151.0;1745681978;98.46;100.981;95.051;102.651;
1900-01-01 01:39:39;152.0;1745681979;98.547;100.925;95.209;102.651;
1900-01-01 01:39:40;153.0;1745681980;98.517;100.925;95.209;102.755;
1900-01-01 01:39:41;154.0;1745681981;98.517;100.833;95.294;102.67;
1900-01-01 01:39:42;155.0;1745681982;98.516;100.803;95.294;102.67;
1900-01-01 01:39:43;156.0;1745681983;98.514;100.803;95.32;102.729;
1900-01-01 01:39:44;157.0;1745681984;98.514;100.93;95.361;102.729;
1900-01-01 01:39:45;158.0;1745681985;98.622;100.858;95.361;102.765;
1900-01-01 01:39:46;159.0;1745681986;98.612;100.858;95.371;102.68;
1900-01-01 01:39:47;160.0;1745681987;98.612;100.911;95.407;102.68;
1900-01-01 01:39:48;161.0;1745681988;98.587;100.853;95.407;102.626;
1900-01-01 01:39:49;162.0;1745681989;98.624;100.853;95.389;102.591;
1900-01-01 01:39:50;163.0;1745681990;98.624;100.854;95.355;102.591;
1900-01-01 01:39:51;164.0;1745681991;98.495;100.84;95.355;102.641;
1900-01-01 01:39:52;165.0;1745681992;98.532;100.84;95.344;102.644;
1900-01-01 01:39:53;166.0;1745681993;98.532;100.87;95.406;102.68;
1900-01-01 01:39:54;167.0;1745681994;98.494;100.95;95.406;102.68;
1900-01-01 01:39:55;168.0;1745681995;98.494;100.95;95.272;102.632;
1900-01-01 01:39:56;169.0;1745681996;98.438;100.934;95.187;102.632;
1900-01-01 01:39:57;170.0;1745681997;98.397;100.962;95.187;102.595;
1900-01-01 01:39:58;171.0;1745681998;98.457;100.962;95.186;102.624;
1900-01-01 01:39:59;172.0;1745681999;98.457;101.011;95.266;102.624;
1900-01-01 01:40:00;173.0;1745682000;98.325;100.971;95.266;102.657;
1900-01-01 01:40:01;174.0;1745682001;98.325;100.971;95.306;102.717;
1900-01-01 01:40:02;175.0;1745682002;98.417;100.941;95.254;102.717;
1900-01-01 01:40:03;176.0;1745682003;98.335;100.941;95.254;102.698;
1900-01-01 01:40:04;177.0;1745682004;98.335;100.847;95.186;102.681;
1900-01-01 01:40:05;178.0;1745682005;98.404;100.992;95.053;102.681;
1900-01-01 01:40:06;179.0;1745682006;98.402;100.992;95.053;102.691;
1900-01-01 01:40:07;180.0;1745682007;98.402;100.941;94.996;102.694;
1900-01-01 01:40:08;181.0;1745682008;98.393;100.931;95.074;102.694;
1900-01-01 01:40:10;182.0;1745682010;98.365;100.931;95.074;102.679;
1900-01-01 01:40:10;183.0;1745682010;98.365;100.91;95.074;102.598;
1900-01-01 01:40:11;184.0;1745682011;98.4;100.893;95.074;102.598;
1900-01-01 01:40:12;185.0;1745682012;98.363;100.893;95.16;102.652;
1900-01-01 01:40:13;186.0;1745682013;98.363;100.809;95.195;102.66;
1900-01-01 01:40:14;187.0;1745682014;98.315;100.931;95.195;102.66;
1900-01-01 01:40:16;188.0;1745682016;98.252;100.931;95.214;102.653;
1900-01-01 01:40:16;189.0;1745682016;98.252;100.968;95.109;102.653;
1900-01-01 01:40:17;190.0;1745682017;98.247;100.969;95.109;102.695;
1900-01-01 01:40:19;191.0;1745682019;98.26;100.969;95.075;102.631;
1900-01-01 01:40:19;192.0;1745682019;98.26;100.914;95.05;102.631;
1900-01-01 01:40:20;193.0;1745682020;98.247;101.02;95.05;102.671;
1900-01-01 01:40:21;194.0;1745682021;98.247;101.02;95.149;102.758;
1900-01-01 01:40:22;195.0;1745682022;98.234;100.943;95.086;102.758;
1900-01-01 01:40:23;196.0;1745682023;98.215;100.893;95.086;102.667;
1900-01-01 01:40:24;197.0;1745682024;98.215;100.893;95.002;102.689;
1900-01-01 01:40:25;198.0;1745682025;98.229;100.846;95.051;102.689;
1900-01-01 01:40:26;199.0;1745682026;98.262;100.846;95.051;102.681;
1900-01-01 01:40:27;200.0;1745682027;98.262;100.885;95.055;102.69;
1900-01-01 01:40:28;201.0;1745682028;98.25;100.866;95.055;102.69;
1900-01-01 01:40:29;202.0;1745682029;98.192;100.866;95.071;102.696;
1900-01-01 01:40:30;203.0;1745682030;98.192;100.913;95.103;102.694;
1900-01-01 01:40:31;204.0;1745682031;98.26;100.888;95.203;102.694;
1900-01-01 01:40:33;205.0;1745682033;98.281;100.918;95.203;102.706;
1900-01-01 01:40:33;206.0;1745682033;98.281;100.918;95.193;102.674;
1900-01-01 01:40:34;207.0;1745682034;98.209;100.897;95.104;102.674;
1900-01-01 01:40:35;208.0;1745682035;98.249;100.897;95.104;102.675;
1900-01-01 01:40:36;209.0;1745682036;98.249;100.938;95.066;102.652;
1900-01-01 01:40:37;210.0;1745682037;98.205;100.937;95.066;102.652;
1900-01-01 01:40:38;211.0;1745682038;98.246;100.937;95.061;102.618;
1900-01-01 01:40:39;212.0;1745682039;98.246;100.86;95.098;102.618;
1900-01-01 01:40:40;213.0;1745682040;98.182;100.934;95.098;102.717;
1900-01-01 01:40:41;214.0;1745682041;98.182;100.934;95.135;102.731;
1900-01-01 01:40:42;215.0;1745682042;98.192;100.862;95.115;102.648;
1900-01-01 01:40:43;216.0;1745682043;98.228;100.872;95.115;102.648;
1900-01-01 01:40:44;217.0;1745682044;98.228;100.872;95.094;102.622;
1900-01-01 01:40:45;218.0;1745682045;98.221;100.896;95.023;102.622;
1900-01-01 01:40:46;219.0;1745682046;98.064;100.896;95.023;102.639;
1900-01-01 01:40:47;220.0;1745682047;98.064;100.821;95.037;102.59;
1900-01-01 01:40:48;221.0;1745682048;98.015;100.863;94.982;102.59;
1900-01-01 01:40:49;222.0;1745682049;98.021;100.882;94.982;102.64;
1900-01-01 01:40:50;223.0;1745682050;98.021;100.882;94.923;102.512;
1900-01-01 01:40:51;224.0;1745682051;98.077;100.929;94.865;102.512;
1900-01-01 01:40:52;225.0;1745682052;98.064;100.929;94.865;102.582;
1900-01-01 01:40:53;226.0;1745682053;98.064;100.897;94.926;102.63;
1900-01-01 01:40:54;227.0;1745682054;98.089;100.903;94.926;102.63;
1900-01-01 01:40:55;228.0;1745682055;98.122;100.903;94.878;102.639;
1900-01-01 01:40:56;229.0;1745682056;98.122;100.944;94.852;102.614;
1900-01-01 01:40:57;230.0;1745682057;98.054;100.935;94.852;102.614;
1900-01-01 01:40:58;231.0;1745682058;98.054;100.935;94.9;102.675;
1900-01-01 01:40:59;232.0;1745682059;98.039;100.876;94.867;102.675;
1900-01-01 01:41:00;233.0;1745682060;98.107;100.881;94.867;102.619;
1900-01-01 01:41:01;234.0;1745682061;98.107;100.881;94.811;102.695;
1900-01-01 01:41:02;235.0;1745682062;97.973;100.814;94.884;102.695;
1900-01-01 01:41:03;236.0;1745682063;97.991;100.873;94.884;102.646;
1900-01-01 01:41:04;237.0;1745682064;97.947;100.873;94.874;102.556;
1900-01-01 01:41:05;238.0;1745682065;97.947;100.801;94.75;102.556;
1900-01-01 01:41:06;239.0;1745682066;97.925;100.759;94.75;102.512;
1900-01-01 01:41:07;240.0;1745682067;97.925;100.759;94.721;102.575;
1900-01-01 01:41:08;241.0;1745682068;97.908;100.74;94.706;102.575;
1900-01-01 01:41:09;242.0;1745682069;97.934;100.74;94.706;102.671;
1900-01-01 01:41:10;243.0;1745682070;97.934;100.817;94.848;102.648;
1900-01-01 01:41:11;244.0;1745682071;97.828;100.707;94.816;102.648;
1900-01-01 01:41:13;245.0;1745682073;97.914;100.713;94.816;102.606;
1900-01-01 01:41:13;246.0;1745682073;97.914;100.713;94.861;102.635;
1900-01-01 01:41:14;247.0;1745682074;97.989;100.783;94.953;102.635;
1900-01-01 01:41:15;248.0;1745682075;97.958;100.783;94.953;102.637;
1900-01-01 01:41:16;249.0;1745682076;97.958;100.783;94.92;102.641;
1900-01-01 01:41:17;250.0;1745682077;98.057;100.783;94.92;102.641;
1900-01-01 01:41:18;251.0;1745682078;98.057;100.783;94.833;102.671;
1900-01-01 01:41:19;252.0;1745682079;98.027;100.824;94.834;102.671;
1900-01-01 01:41:20;253.0;1745682080;97.985;100.834;94.834;102.698;
1900-01-01 01:41:22;254.0;1745682082;98.028;100.834;94.87;102.6;
1900-01-01 01:41:22;255.0;1745682082;98.028;100.797;94.855;102.6;
1900-01-01 01:41:23;256.0;1745682083;97.979;100.837;94.855;102.644;
1900-01-01 01:41:24;257.0;1745682084;97.979;100.837;94.882;102.587;
1900-01-01 01:41:25;258.0;1745682085;97.992;100.783;94.872;102.587;
1900-01-01 01:41:26;259.0;1745682086;97.954;100.882;94.872;102.673;
1900-01-01 01:41:27;260.0;1745682087;97.954;100.882;94.854;102.593;
1900-01-01 01:41:28;261.0;1745682088;97.912;100.856;94.874;102.593;
1900-01-01 01:41:29;262.0;1745682089;97.795;100.856;94.874;102.673;
1900-01-01 01:41:30;263.0;1745682090;97.795;100.925;94.847;102.66;
1900-01-01 01:41:31;264.0;1745682091;97.887;100.957;94.847;102.66;
1900-01-01 01:41:32;265.0;1745682092;97.875;100.957;94.797;102.559;
1900-01-01 01:41:33;266.0;1745682093;97.875;100.88;94.766;102.559;
1900-01-01 01:41:34;267.0;1745682094;97.771;100.918;94.766;102.525;
1900-01-01 01:41:35;268.0;1745682095;97.918;100.918;94.727;102.564;
1900-01-01 01:41:36;269.0;1745682096;97.918;100.797;94.743;102.564;
1900-01-01 01:41:37;270.0;1745682097;97.89;100.87;94.743;102.588;
1900-01-01 01:41:38;271.0;1745682098;97.885;100.87;94.72;102.565;
1900-01-01 01:41:39;272.0;1745682099;97.885;100.882;94.683;102.565;
1900-01-01 01:41:40;273.0;1745682100;97.914;100.868;94.683;102.556;
1900-01-01 01:41:41;274.0;1745682101;97.912;100.868;94.679;102.665;
1900-01-01 01:41:42;275.0;1745682102;97.912;100.837;94.569;102.665;
1900-01-01 01:41:43;276.0;1745682103;97.892;100.874;94.569;102.62;
1900-01-01 01:41:45;277.0;1745682105;97.863;100.874;94.408;102.659;
1900-01-01 01:41:45;278.0;1745682105;97.863;100.776;94.477;102.659;
1900-01-01 01:41:46;279.0;1745682106;97.843;100.805;94.477;102.618;
1900-01-01 01:41:47;280.0;1745682107;97.843;100.805;94.419;102.605;
1900-01-01 01:41:48;281.0;1745682108;97.802;100.823;94.507;102.605;
1900-01-01 01:41:49;282.0;1745682109;97.774;100.9;94.507;102.632;
1900-01-01 01:41:50;283.0;1745682110;97.774;100.9;94.597;102.621;
1900-01-01 01:41:51;284.0;1745682111;97.758;100.857;94.599;102.621;
1900-01-01 01:41:52;285.0;1745682112;97.77;100.857;94.599;102.562;
1900-01-01 01:41:53;286.0;1745682113;97.77;100.793;94.575;102.651;
1900-01-01 01:41:55;287.0;1745682115;97.746;100.87;94.555;102.651;
1900-01-01 01:41:55;288.0;1745682115;97.763;100.87;94.555;102.552;
1900-01-01 01:41:56;289.0;1745682116;97.763;100.785;94.648;102.632;
1900-01-01 01:41:57;290.0;1745682117;97.71;100.905;94.648;102.632;
1900-01-01 01:41:58;291.0;1745682118;97.686;100.905;94.618;102.615;
1900-01-01 01:41:59;292.0;1745682119;97.686;100.813;94.718;102.631;
1900-01-01 01:42:00;293.0;1745682120;97.554;100.717;94.718;102.631;
1900-01-01 01:42:01;294.0;1745682121;97.571;100.717;94.612;102.609;
1900-01-01 01:42:02;295.0;1745682122;97.571;100.815;94.637;102.609;
1900-01-01 01:42:03;296.0;1745682123;97.655;100.699;94.637;102.626;
1900-01-01 01:42:04;297.0;1745682124;97.668;100.699;94.697;102.656;
1900-01-01 01:42:05;298.0;1745682125;97.668;100.767;94.697;102.656;
1900-01-01 01:42:06;299.0;1745682126;97.775;100.839;94.697;102.672;
1900-01-01 01:42:07;300.0;1745682127;97.775;100.839;94.657;102.589;
1900-01-01 01:42:08;301.0;1745682128;97.773;100.843;94.544;102.589;
1900-01-01 01:42:09;302.0;1745682129;97.737;100.798;94.544;102.541;
1900-01-01 01:42:10;303.0;1745682130;97.737;100.798;94.581;102.632;
1900-01-01 01:42:11;304.0;1745682131;97.783;100.768;94.468;102.632;
1900-01-01 01:42:12;305.0;1745682132;97.739;100.697;94.468;102.559;
1900-01-01 01:42:13;306.0;1745682133;97.739;100.697;94.468;102.674;
1900-01-01 01:42:14;307.0;1745682134;97.762;100.673;94.494;102.674;
1900-01-01 01:42:15;308.0;1745682135;97.742;100.673;94.494;102.634;
1900-01-01 01:42:16;309.0;1745682136;97.742;100.589;94.429;102.612;
1900-01-01 01:42:17;310.0;1745682137;97.718;100.622;94.429;102.612;
1900-01-01 01:42:18;311.0;1745682138;97.756;100.622;94.397;102.645;
1900-01-01 01:42:19;312.0;1745682139;97.756;100.563;94.361;102.602;
1900-01-01 01:42:20;313.0;1745682140;97.69;100.684;94.361;102.602;
1900-01-01 01:42:21;314.0;1745682141;97.62;100.684;94.43;102.62;
1900-01-01 01:42:22;315.0;1745682142;97.62;100.743;94.514;102.605;
1900-01-01 01:42:23;316.0;1745682143;97.63;100.755;94.514;102.605;
1900-01-01 01:42:24;317.0;1745682144;97.551;100.755;94.52;102.605;
1900-01-01 01:42:25;318.0;1745682145;97.551;100.834;94.409;102.544;
1900-01-01 01:42:26;319.0;1745682146;97.594;100.786;94.409;102.544;
1900-01-01 01:42:27;320.0;1745682147;97.585;100.786;94.46;102.591;
1900-01-01 01:42:28;321.0;1745682148;97.585;100.713;94.379;102.534;
1900-01-01 01:42:29;322.0;1745682149;97.652;100.789;94.379;102.534;
1900-01-01 01:42:30;323.0;1745682150;97.652;100.789;94.297;102.547;
1900-01-01 01:42:31;324.0;1745682151;97.643;100.854;94.292;102.509;
1900-01-01 01:42:32;325.0;1745682152;97.681;100.854;94.292;102.509;
1900-01-01 01:42:33;326.0;1745682153;97.681;100.854;94.32;102.536;
1900-01-01 01:42:34;327.0;1745682154;97.703;100.834;94.336;102.536;
1900-01-01 01:42:36;328.0;1745682156;97.753;100.887;94.336;102.5;
1900-01-01 01:42:36;329.0;1745682156;97.753;100.887;94.379;102.585;
1900-01-01 01:42:37;330.0;1745682157;97.702;100.778;94.408;102.585;
1900-01-01 01:42:38;331.0;1745682158;97.662;100.859;94.408;102.523;
1900-01-01 01:42:39;332.0;1745682159;97.662;100.859;94.309;102.652;
1900-01-01 01:42:40;333.0;1745682160;97.661;100.829;94.33;102.652;
1900-01-01 01:42:41;334.0;1745682161;97.565;100.81;94.33;102.557;
1900-01-01 01:42:42;335.0;1745682162;97.565;100.81;94.462;102.572;
1900-01-01 01:42:43;336.0;1745682163;97.639;100.738;94.306;102.572;
1900-01-01 01:42:44;337.0;1745682164;97.457;100.738;94.306;102.603;
1900-01-01 01:42:45;338.0;1745682165;97.457;100.67;94.219;102.606;
1900-01-01 01:42:46;339.0;1745682166;97.563;100.722;94.332;102.606;
1900-01-01 01:42:47;340.0;1745682167;97.417;100.722;94.332;102.502;
1900-01-01 01:42:48;341.0;1745682168;97.417;100.748;94.262;102.54;
1900-01-01 01:42:49;342.0;1745682169;97.367;100.6;94.262;102.54;
1900-01-01 01:42:50;343.0;1745682170;97.353;100.6;94.428;102.565;
1900-01-01 01:42:51;344.0;1745682171;97.353;100.663;94.308;102.565;
1900-01-01 01:42:52;345.0;1745682172;97.334;100.731;94.308;102.546;
1900-01-01 01:42:53;346.0;1745682173;97.355;100.731;94.459;102.625;
1900-01-01 01:42:54;347.0;1745682174;97.355;100.707;94.449;102.625;
1900-01-01 01:42:55;348.0;1745682175;97.281;100.661;94.449;102.697;
1900-01-01 01:42:56;349.0;1745682176;97.343;100.661;94.455;102.636;
1900-01-01 01:42:57;350.0;1745682177;97.343;100.688;94.393;102.636;
1900-01-01 01:42:58;351.0;1745682178;97.339;100.689;94.393;102.578;
1900-01-01 01:42:59;352.0;1745682179;97.417;100.689;94.332;102.593;
1900-01-01 01:43:00;353.0;1745682180;97.417;100.684;94.316;102.593;
1900-01-01 01:43:01;354.0;1745682181;97.403;100.703;94.316;102.701;
1900-01-01 01:43:02;355.0;1745682182;97.403;100.703;94.211;102.69;
1900-01-01 01:43:03;356.0;1745682183;97.301;100.74;94.328;102.69;
1900-01-01 01:43:04;357.0;1745682184;97.389;100.758;94.328;102.558;
1900-01-01 01:43:05;358.0;1745682185;97.389;100.758;94.34;102.583;
1900-01-01 01:43:06;359.0;1745682186;97.402;100.741;94.38;102.583;
1900-01-01 01:43:07;360.0;1745682187;97.427;100.741;94.38;102.585;
1900-01-01 01:43:08;361.0;1745682188;97.427;100.749;94.285;102.67;
1900-01-01 01:43:09;362.0;1745682189;97.478;100.757;94.285;102.67;
1900-01-01 01:43:10;363.0;1745682190;97.487;100.757;94.208;102.562;
1900-01-01 01:43:11;364.0;1745682191;97.487;100.601;94.163;102.562;
1900-01-01 01:43:12;365.0;1745682192;97.374;100.561;94.163;102.525;
1900-01-01 01:43:13;366.0;1745682193;97.443;100.561;94.166;102.555;
1900-01-01 01:43:14;367.0;1745682194;97.443;100.539;94.227;102.615;
1900-01-01 01:43:15;368.0;1745682195;97.373;100.578;94.227;102.615;
1900-01-01 01:43:16;369.0;1745682196;97.332;100.578;94.249;102.551;
1900-01-01 01:43:17;370.0;1745682197;97.332;100.529;94.192;102.551;
1900-01-01 01:43:18;371.0;1745682198;97.311;100.547;94.192;102.445;
1900-01-01 01:43:19;372.0;1745682199;97.311;100.547;94.188;102.543;
1900-01-01 01:43:20;373.0;1745682200;97.296;100.464;94.116;102.543;
1900-01-01 01:43:21;374.0;1745682201;97.271;100.502;94.116;102.525;
1900-01-01 01:43:22;375.0;1745682202;97.271;100.502;94.095;102.494;
1900-01-01 01:43:23;376.0;1745682203;97.339;100.528;94.067;102.494;
1900-01-01 01:43:24;377.0;1745682204;97.292;100.528;94.067;102.511;
1900-01-01 01:43:25;378.0;1745682205;97.292;100.619;94.073;102.513;
1900-01-01 01:43:26;379.0;1745682206;97.296;100.652;94.099;102.513;
1900-01-01 01:43:27;380.0;1745682207;97.272;100.652;94.099;102.563;
1900-01-01 01:43:28;381.0;1745682208;97.272;100.626;94.177;102.563;
1900-01-01 01:43:29;382.0;1745682209;97.338;100.685;94.124;102.563;
1900-01-01 01:43:30;383.0;1745682210;97.331;100.685;94.124;102.533;
1900-01-01 01:43:31;384.0;1745682211;97.331;100.687;94.123;102.569;
1900-01-01 01:43:32;385.0;1745682212;97.326;100.783;94.084;102.569;
1900-01-01 01:43:33;386.0;1745682213;97.385;100.783;94.084;102.503;
1900-01-01 01:43:34;387.0;1745682214;97.385;100.776;94.008;102.552;
1900-01-01 01:43:35;388.0;1745682215;97.367;100.729;94.025;102.552;
1900-01-01 01:43:36;389.0;1745682216;97.421;100.729;94.025;102.617;
1900-01-01 01:43:37;390.0;1745682217;97.421;100.783;94.022;102.542;
1900-01-01 01:43:38;391.0;1745682218;97.44;100.697;94.022;102.542;
1900-01-01 01:43:39;392.0;1745682219;97.44;100.697;94.059;102.534;
1900-01-01 01:43:40;393.0;1745682220;97.439;100.656;94.086;102.534;
1900-01-01 01:43:41;394.0;1745682221;97.41;100.629;94.086;102.588;
1900-01-01 01:43:43;395.0;1745682223;97.431;100.629;94.112;102.608;
1900-01-01 01:43:43;396.0;1745682223;97.431;100.711;94.088;102.608;
1900-01-01 01:43:44;397.0;1745682224;97.373;100.539;94.088;102.562;
1900-01-01 01:43:45;398.0;1745682225;97.373;100.539;94.08;102.537;
1900-01-01 01:43:46;399.0;1745682226;97.358;100.599;94.009;102.537;
1900-01-01 01:43:47;400.0;1745682227;97.334;100.591;94.009;102.591;
1900-01-01 01:43:48;401.0;1745682228;97.334;100.591;94.039;102.631;
1900-01-01 01:43:49;402.0;1745682229;97.211;100.663;93.95;102.631;
1900-01-01 01:43:50;403.0;1745682230;97.228;100.663;93.95;102.587;
1900-01-01 01:43:51;404.0;1745682231;97.228;100.671;93.94;102.604;
1900-01-01 01:43:52;405.0;1745682232;97.216;100.633;93.94;102.604;
1900-01-01 01:43:54;406.0;1745682234;97.15;100.633;93.97;102.681;
1900-01-01 01:43:54;407.0;1745682234;97.15;100.642;93.841;102.619;
1900-01-01 01:43:55;408.0;1745682235;97.25;100.551;93.841;102.619;
1900-01-01 01:43:56;409.0;1745682236;97.25;100.551;93.813;102.623;
1900-01-01 01:43:57;410.0;1745682237;97.234;100.583;93.763;102.64;
1900-01-01 01:43:58;411.0;1745682238;97.214;100.573;93.763;102.64;
1900-01-01 01:43:59;412.0;1745682239;97.214;100.573;93.701;102.588;
1900-01-01 01:44:00;413.0;1745682240;97.193;100.558;93.713;102.588;
1900-01-01 01:44:01;414.0;1745682241;97.205;100.43;93.713;102.59;
1900-01-01 01:44:02;415.0;1745682242;97.205;100.43;93.832;102.564;
1900-01-01 01:44:03;416.0;1745682243;97.151;100.374;93.93;102.564;
1900-01-01 01:44:04;417.0;1745682244;97.175;100.509;93.93;102.609;
1900-01-01 01:44:05;418.0;1745682245;97.066;100.509;93.983;102.542;
1900-01-01 01:44:06;419.0;1745682246;97.066;100.435;94.093;102.542;
1900-01-01 01:44:07;420.0;1745682247;97.133;100.329;94.093;102.59;
1900-01-01 01:44:08;421.0;1745682248;97.133;100.329;94.091;102.547;
1900-01-01 01:44:09;422.0;1745682249;97.105;100.494;93.976;102.547;
1900-01-01 01:44:10;423.0;1745682250;97.025;100.494;93.976;102.565;
1900-01-01 01:44:11;424.0;1745682251;97.025;100.354;93.811;102.612;
1900-01-01 01:44:12;425.0;1745682252;97.103;100.466;93.677;102.612;
1900-01-01 01:44:13;426.0;1745682253;97.014;100.356;93.677;102.679;
1900-01-01 01:44:14;427.0;1745682254;96.899;100.356;93.763;102.528;
1900-01-01 01:44:15;428.0;1745682255;96.899;100.546;93.694;102.528;
1900-01-01 01:44:16;429.0;1745682256;96.938;100.542;93.694;102.628;
1900-01-01 01:44:17;430.0;1745682257;96.938;100.542;93.66;102.57;
1900-01-01 01:44:18;431.0;1745682258;96.988;100.543;93.732;102.589;
1900-01-01 01:44:19;432.0;1745682259;96.869;100.515;93.732;102.589;
1900-01-01 01:44:20;433.0;1745682260;96.869;100.515;93.683;102.61;
1900-01-01 01:44:21;434.0;1745682261;96.892;100.591;93.691;102.61;
1900-01-01 01:44:22;435.0;1745682262;96.819;100.549;93.691;102.564;
1900-01-01 01:44:23;436.0;1745682263;96.819;100.549;93.769;102.581;
1900-01-01 01:44:24;437.0;1745682264;96.816;100.622;93.819;102.551;
1900-01-01 01:44:25;438.0;1745682265;96.814;100.622;93.819;102.551;
1900-01-01 01:44:26;439.0;1745682266;96.814;100.655;93.804;102.527;
1900-01-01 01:44:27;440.0;1745682267;96.922;100.653;93.84;102.527;
1900-01-01 01:44:28;441.0;1745682268;96.843;100.653;93.84;102.557;
1900-01-01 01:44:29;442.0;1745682269;96.843;100.548;93.751;102.48;
1900-01-01 01:44:30;443.0;1745682270;96.886;100.507;93.784;102.48;
1900-01-01 01:44:31;444.0;1745682271;96.907;100.507;93.784;102.581;
1900-01-01 01:44:32;445.0;1745682272;96.907;100.58;93.768;102.509;
1900-01-01 01:44:33;446.0;1745682273;96.915;100.542;93.855;102.509;
1900-01-01 01:44:34;447.0;1745682274;96.975;100.542;93.855;102.614;
1900-01-01 01:44:35;448.0;1745682275;96.975;100.493;93.844;102.492;
1900-01-01 01:44:36;449.0;1745682276;96.957;100.502;93.844;102.492;
1900-01-01 01:44:37;450.0;1745682277;96.968;100.502;93.825;102.556;
1900-01-01 01:44:38;451.0;1745682278;96.968;100.45;93.838;102.489;
1900-01-01 01:44:39;452.0;1745682279;96.992;100.375;93.838;102.489;
1900-01-01 01:44:40;453.0;1745682280;96.999;100.375;93.881;102.528;
1900-01-01 01:44:41;454.0;1745682281;96.999;100.423;93.879;102.567;
1900-01-01 01:44:42;455.0;1745682282;96.995;100.392;93.879;102.567;
1900-01-01 01:44:43;456.0;1745682283;96.896;100.392;93.799;102.577;
1900-01-01 01:44:44;457.0;1745682284;96.896;100.423;93.736;102.55;
1900-01-01 01:44:45;458.0;1745682285;96.973;100.455;93.736;102.55;
1900-01-01 01:44:46;459.0;1745682286;96.973;100.455;93.723;102.513;
1900-01-01 01:44:47;460.0;1745682287;96.903;100.415;93.64;102.531;
1900-01-01 01:44:48;461.0;1745682288;96.891;100.341;93.64;102.531;
1900-01-01 01:44:49;462.0;1745682289;96.891;100.341;93.634;102.582;
1900-01-01 01:44:50;463.0;1745682290;96.839;100.478;93.653;102.582;
1900-01-01 01:44:52;464.0;1745682292;96.84;100.475;93.653;102.648;
1900-01-01 01:44:52;465.0;1745682292;96.84;100.475;93.574;102.51;
1900-01-01 01:44:53;466.0;1745682293;96.902;100.478;93.6;102.51;
1900-01-01 01:44:54;467.0;1745682294;96.824;100.478;93.6;102.598;
1900-01-01 01:44:55;468.0;1745682295;96.824;100.578;93.637;102.516;
1900-01-01 01:44:56;469.0;1745682297;96.813;100.519;93.645;102.516;
1900-01-01 01:44:57;470.0;1745682297;96.796;100.519;93.645;102.576;
1900-01-01 01:44:58;471.0;1745682298;96.796;100.46;93.65;102.472;
1900-01-01 01:44:59;472.0;1745682299;96.753;100.668;93.65;102.472;
1900-01-01 01:45:00;473.0;1745682300;96.894;100.668;93.514;102.573;
1900-01-01 01:45:01;474.0;1745682301;96.894;100.549;93.536;102.56;
1900-01-01 01:45:03;475.0;1745682303;96.938;100.583;93.552;102.56;
1900-01-01 01:45:03;476.0;1745682303;96.823;100.583;93.552;102.502;
1900-01-01 01:45:04;477.0;1745682304;96.823;100.534;93.519;102.556;
1900-01-01 01:45:05;478.0;1745682305;96.848;100.599;93.519;102.556;
1900-01-01 01:45:07;479.0;1745682307;96.847;100.599;93.56;102.576;
1900-01-01 01:45:07;480.0;1745682307;96.847;100.55;93.529;102.578;
1900-01-01 01:45:08;481.0;1745682308;96.891;100.53;93.529;102.578;
1900-01-01 01:45:09;482.0;1745682309;96.891;100.53;93.478;102.539;
1900-01-01 01:45:10;483.0;1745682310;96.91;100.462;93.522;102.622;
1900-01-01 01:45:11;484.0;1745682311;96.82;100.364;93.522;102.622;
1900-01-01 01:45:12;485.0;1745682312;96.82;100.364;93.542;102.557;
1900-01-01 01:45:13;486.0;1745682313;96.814;100.532;93.549;102.557;
1900-01-01 01:45:14;487.0;1745682314;96.797;100.486;93.549;102.642;
1900-01-01 01:45:15;488.0;1745682315;96.797;100.486;93.49;102.605;
1900-01-01 01:45:16;489.0;1745682316;96.757;100.507;93.433;102.605;
1900-01-01 01:45:17;490.0;1745682317;96.698;100.465;93.433;102.527;
1900-01-01 01:45:18;491.0;1745682318;96.698;100.465;93.338;102.603;
1900-01-01 01:45:19;492.0;1745682319;96.696;100.458;93.316;102.603;
1900-01-01 01:45:20;493.0;1745682320;96.629;100.458;93.316;102.584;
1900-01-01 01:45:21;494.0;1745682321;96.629;100.427;93.385;102.589;
1900-01-01 01:45:22;495.0;1745682322;96.685;100.352;93.385;102.589;
1900-01-01 01:45:23;496.0;1745682323;96.684;100.352;93.325;102.632;
1900-01-01 01:45:24;497.0;1745682324;96.684;100.319;93.372;102.623;
1900-01-01 01:45:25;498.0;1745682325;96.748;100.389;93.372;102.623;
1900-01-01 01:45:26;499.0;1745682326;96.728;100.389;93.28;102.574;
1900-01-01 01:45:27;500.0;1745682327;96.728;100.303;93.334;102.639;
1900-01-01 01:45:28;501.0;1745682328;96.741;100.337;93.334;102.639;
1900-01-01 01:45:29;502.0;1745682329;96.762;100.337;93.348;102.513;
1900-01-01 01:45:30;503.0;1745682330;96.762;100.262;93.304;102.555;
1900-01-01 01:45:31;504.0;1745682331;96.637;100.252;93.304;102.555;
1900-01-01 01:45:32;505.0;1745682332;96.7;100.252;93.366;102.569;
1900-01-01 01:45:33;506.0;1745682333;96.7;100.282;93.403;102.651;
1900-01-01 01:45:34;507.0;1745682334;96.666;100.233;93.403;102.651;
1900-01-01 01:45:36;508.0;1745682336;96.617;100.233;93.267;102.613;
1900-01-01 01:45:36;509.0;1745682336;96.617;100.208;93.321;102.613;
1900-01-01 01:45:37;510.0;1745682337;96.584;100.189;93.321;102.582;
1900-01-01 01:45:38;511.0;1745682338;96.58;100.189;93.326;102.534;
1900-01-01 01:45:39;512.0;1745682339;96.58;100.231;93.207;102.534;
1900-01-01 01:45:40;513.0;1745682340;96.534;100.201;93.207;102.452;
1900-01-01 01:45:41;514.0;1745682341;96.609;100.201;93.236;102.52;
1900-01-01 01:45:42;515.0;1745682342;96.609;100.168;93.29;102.52;
1900-01-01 01:45:43;516.0;1745682343;96.631;100.238;93.29;102.548;
1900-01-01 01:45:44;517.0;1745682344;96.631;100.238;93.345;102.575;
1900-01-01 01:45:45;518.0;1745682345;96.694;100.233;93.307;102.575;
1900-01-01 01:45:46;519.0;1745682346;96.61;100.275;93.307;102.498;
1900-01-01 01:45:47;520.0;1745682347;96.61;100.275;93.342;102.555;
1900-01-01 01:45:48;521.0;1745682348;96.613;100.354;93.193;102.555;
1900-01-01 01:45:49;522.0;1745682349;96.635;100.354;93.193;102.52;
1900-01-01 01:45:51;523.0;1745682351;96.635;100.335;93.188;102.473;
1900-01-01 01:45:51;524.0;1745682351;96.584;100.441;93.188;102.473;
1900-01-01 01:45:52;525.0;1745682352;96.542;100.441;93.235;102.676;
1900-01-01 01:45:53;526.0;1745682353;96.542;100.349;93.318;102.645;
1900-01-01 01:45:54;527.0;1745682354;96.515;100.43;93.318;102.645;
1900-01-01 01:45:55;528.0;1745682355;96.473;100.43;93.297;102.526;
1900-01-01 01:45:56;529.0;1745682356;96.473;100.418;93.237;102.526;
1900-01-01 01:45:57;530.0;1745682357;96.4;100.529;93.237;102.487;
1900-01-01 01:45:58;531.0;1745682358;96.349;100.529;93.206;102.489;
1900-01-01 01:45:59;532.0;1745682359;96.349;100.445;93.347;102.489;
1900-01-01 01:46:00;533.0;1745682360;96.367;100.4;93.347;102.517;
1900-01-01 01:46:01;534.0;1745682361;96.369;100.4;93.332;102.466;
1900-01-01 01:46:02;535.0;1745682362;96.369;100.379;93.346;102.466;
1900-01-01 01:46:03;536.0;1745682363;96.338;100.379;93.346;102.528;
1900-01-01 01:46:04;537.0;1745682364;96.338;100.358;93.355;102.56;
1900-01-01 01:46:05;538.0;1745682365;96.412;100.287;93.263;102.56;
1900-01-01 01:46:06;539.0;1745682366;96.429;100.287;93.263;102.49;
1900-01-01 01:46:07;540.0;1745682367;96.429;100.298;93.323;102.544;
1900-01-01 01:46:08;541.0;1745682369;96.517;100.352;93.224;102.544;
1900-01-01 01:46:09;542.0;1745682369;96.511;100.352;93.224;102.531;
1900-01-01 01:46:10;543.0;1745682370;96.511;100.255;93.247;102.561;
1900-01-01 01:46:11;544.0;1745682371;96.584;100.289;93.116;102.561;
1900-01-01 01:46:12;545.0;1745682372;96.473;100.24;93.116;102.499;
1900-01-01 01:46:13;546.0;1745682373;96.473;100.24;92.973;102.621;
1900-01-01 01:46:14;547.0;1745682374;96.493;100.306;92.919;102.621;
1900-01-01 01:46:15;548.0;1745682375;96.451;100.306;92.919;102.574;
1900-01-01 01:46:16;549.0;1745682376;96.451;100.292;92.8;102.53;
1900-01-01 01:46:17;550.0;1745682377;96.43;100.364;92.8;102.53;
1900-01-01 01:46:18;551.0;1745682378;96.447;100.364;92.912;102.516;
1900-01-01 01:46:19;552.0;1745682379;96.447;100.408;93.03;102.507;
1900-01-01 01:46:20;553.0;1745682380;96.459;100.433;93.03;102.507;
1900-01-01 01:46:21;554.0;1745682381;96.514;100.433;93.055;102.549;
1900-01-01 01:46:22;555.0;1745682382;96.514;100.423;93.083;102.555;
1900-01-01 01:46:23;556.0;1745682383;96.537;100.355;93.083;102.555;
1900-01-01 01:46:24;557.0;1745682384;96.591;100.355;93.057;102.588;
1900-01-01 01:46:25;558.0;1745682385;96.591;100.433;93.056;102.616;
1900-01-01 01:46:26;559.0;1745682386;96.559;100.348;93.056;102.616;
1900-01-01 01:46:27;560.0;1745682387;96.559;100.348;93.059;102.617;
1900-01-01 01:46:28;561.0;1745682388;96.588;100.473;93.002;102.617;
1900-01-01 01:46:29;562.0;1745682389;96.547;100.404;93.002;102.488;
1900-01-01 01:46:30;563.0;1745682390;96.547;100.404;93.002;102.653;
1900-01-01 01:46:31;564.0;1745682391;96.581;100.336;93.031;102.653;
1900-01-01 01:46:32;565.0;1745682392;96.513;100.372;93.031;102.618;
1900-01-01 01:46:33;566.0;1745682393;96.455;100.372;93.027;102.502;
1900-01-01 01:46:34;567.0;1745682394;96.455;100.26;93.065;102.502;
1900-01-01 01:46:35;568.0;1745682395;96.429;100.311;93.065;102.53;
1900-01-01 01:46:36;569.0;1745682396;96.429;100.311;93.127;102.609;
1900-01-01 01:46:37;570.0;1745682397;96.36;100.325;93.225;102.609;
1900-01-01 01:46:38;571.0;1745682398;96.377;100.325;93.225;102.644;
1900-01-01 01:46:39;572.0;1745682399;96.377;100.278;93.198;102.669;
1900-01-01 01:46:40;573.0;1745682400;96.203;100.273;93.126;102.669;
1900-01-01 01:46:41;574.0;1745682401;96.199;100.331;93.126;102.609;
1900-01-01 01:46:42;575.0;1745682402;96.199;100.331;93.237;102.582;
1900-01-01 01:46:43;576.0;1745682403;96.2;100.38;93.083;102.582;
1900-01-01 01:46:44;577.0;1745682404;96.207;100.38;93.083;102.585;
1900-01-01 01:46:45;578.0;1745682405;96.207;100.257;93.017;102.63;
1900-01-01 01:46:46;579.0;1745682406;96.183;100.358;93.064;102.63;
1900-01-01 01:46:47;580.0;1745682407;96.167;100.358;93.064;102.513;
1900-01-01 01:46:48;581.0;1745682408;96.167;100.27;92.993;102.592;
1900-01-01 01:46:49;582.0;1745682409;96.211;100.257;92.993;102.592;
1900-01-01 01:46:50;583.0;1745682410;96.204;100.257;92.977;102.657;
1900-01-01 01:46:51;584.0;1745682411;96.204;100.323;92.9;102.581;
1900-01-01 01:46:52;585.0;1745682412;96.31;100.224;92.9;102.581;
1900-01-01 01:46:53;586.0;1745682413;96.32;100.224;92.77;102.626;
1900-01-01 01:46:54;587.0;1745682414;96.32;100.161;92.79;102.616;
1900-01-01 01:46:55;588.0;1745682415;96.364;100.195;92.79;102.616;
1900-01-01 01:46:56;589.0;1745682416;96.326;100.195;92.805;102.582;
1900-01-01 01:46:57;590.0;1745682417;96.326;100.116;92.787;102.55;
1900-01-01 01:46:58;591.0;1745682418;96.279;100.108;92.787;102.55;
1900-01-01 01:46:59;592.0;1745682419;96.279;100.108;92.757;102.549;
1900-01-01 01:47:00;593.0;1745682420;96.314;100.084;92.771;102.509;
1900-01-01 01:47:01;594.0;1745682421;96.262;100.084;92.771;102.509;
1900-01-01 01:47:02;595.0;1745682422;96.262;100.08;92.782;102.569;
1900-01-01 01:47:04;596.0;1745682424;96.23;99.997;92.842;102.569;
1900-01-01 01:47:04;597.0;1745682424;96.244;99.997;92.842;102.614;
1900-01-01 01:47:05;598.0;1745682425;96.244;100.096;92.769;102.543;
1900-01-01 01:47:06;599.0;1745682426;96.171;99.993;92.808;102.543;
1900-01-01 01:47:07;600.0;1745682427;96.228;99.993;92.808;102.478;
1900-01-01 01:47:08;601.0;1745682428;96.228;100.004;92.717;102.49;
1900-01-01 01:47:09;602.0;1745682429;96.214;100.01;92.717;102.49;
1900-01-01 01:47:10;603.0;1745682430;96.172;100.01;92.649;102.564;
1900-01-01 01:47:11;604.0;1745682431;96.172;100.041;92.758;102.422;
1900-01-01 01:47:12;605.0;1745682432;96.209;100.015;92.758;102.422;
1900-01-01 01:47:13;606.0;1745682433;96.164;100.015;92.758;102.533;
1900-01-01 01:47:14;607.0;1745682434;96.164;100.054;92.878;102.545;
1900-01-01 01:47:15;608.0;1745682435;96.183;100.04;92.878;102.545;
1900-01-01 01:47:16;609.0;1745682436;96.184;100.04;92.945;102.501;
1900-01-01 01:47:17;610.0;1745682437;96.184;100.097;92.883;102.501;
1900-01-01 01:47:18;611.0;1745682438;96.148;100.085;92.883;102.553;
1900-01-01 01:47:19;612.0;1745682439;96.114;100.085;92.817;102.553;
1900-01-01 01:47:20;613.0;1745682440;96.114;100.151;92.832;102.553;
1900-01-01 01:47:21;614.0;1745682441;96.108;100.087;92.832;102.474;
1900-01-01 01:47:22;615.0;1745682442;96.108;100.087;92.837;102.63;
1900-01-01 01:47:23;616.0;1745682443;96.078;100.154;92.855;102.63;
1900-01-01 01:47:24;617.0;1745682444;96.131;100.202;92.855;102.478;
1900-01-01 01:47:25;618.0;1745682445;96.131;100.202;92.866;102.533;
1900-01-01 01:47:26;619.0;1745682446;96.15;100.106;92.901;102.533;
1900-01-01 01:47:27;620.0;1745682447;96.222;100.106;92.901;102.591;
1900-01-01 01:47:28;621.0;1745682448;96.222;100.16;92.892;102.631;
1900-01-01 01:47:29;622.0;1745682449;96.085;100.08;92.791;102.631;
1900-01-01 01:47:30;623.0;1745682450;96.036;100.08;92.791;102.606;
1900-01-01 01:47:31;624.0;1745682451;96.036;100.164;92.73;102.583;
1900-01-01 01:47:32;625.0;1745682452;96.059;100.175;92.738;102.583;
1900-01-01 01:47:33;626.0;1745682453;96.115;100.175;92.738;102.552;
1900-01-01 01:47:34;627.0;1745682454;96.115;100.193;92.676;102.6;
1900-01-01 01:47:35;628.0;1745682455;96.158;100.051;92.62;102.6;
1900-01-01 01:47:36;629.0;1745682456;96.109;100.051;92.62;102.564;
1900-01-01 01:47:37;630.0;1745682457;96.109;100.083;92.586;102.622;
1900-01-01 01:47:38;631.0;1745682458;96.144;100.06;92.536;102.622;
1900-01-01 01:47:39;632.0;1745682459;96.129;100.06;92.536;102.611;
1900-01-01 01:47:40;633.0;1745682460;96.129;100.104;92.579;102.53;
1900-01-01 01:47:41;634.0;1745682461;96.128;100.144;92.57;102.53;
1900-01-01 01:47:42;635.0;1745682462;96.128;100.144;92.57;102.609;
1900-01-01 01:47:43;636.0;1745682463;96.074;100.215;92.494;102.609;
1900-01-01 01:47:44;637.0;1745682464;96.128;100.205;92.494;102.586;
1900-01-01 01:47:45;638.0;1745682465;96.142;100.205;92.384;102.622;
1900-01-01 01:47:46;639.0;1745682466;96.142;100.133;92.5;102.622;
1900-01-01 01:47:47;640.0;1745682467;96.049;100.045;92.5;102.637;
1900-01-01 01:47:48;641.0;1745682468;96.049;100.045;92.525;102.7;
1900-01-01 01:47:49;642.0;1745682469;96.004;100.138;92.618;102.7;
1900-01-01 01:47:50;643.0;1745682470;95.947;100.116;92.618;102.598;
1900-01-01 01:47:51;644.0;1745682471;95.947;100.116;92.663;102.572;
1900-01-01 01:47:52;645.0;1745682472;95.892;100.204;92.597;102.572;
1900-01-01 01:47:53;646.0;1745682473;95.773;100.215;92.597;102.593;
1900-01-01 01:47:54;647.0;1745682474;95.773;100.215;92.54;102.587;
1900-01-01 01:47:55;648.0;1745682475;95.907;100.209;92.46;102.587;
1900-01-01 01:47:56;649.0;1745682476;95.811;100.209;92.46;102.526;
1900-01-01 01:47:57;650.0;1745682477;95.811;100.204;92.467;102.525;
1900-01-01 01:47:58;651.0;1745682478;95.86;100.085;92.467;102.525;
1900-01-01 01:47:59;652.0;1745682479;95.827;100.085;92.469;102.461;
1900-01-01 01:48:00;653.0;1745682480;95.827;100.121;92.426;102.613;
1900-01-01 01:48:01;654.0;1745682481;95.95;100.035;92.426;102.613;
1900-01-01 01:48:02;655.0;1745682482;95.961;100.035;92.375;102.618;
1900-01-01 01:48:03;656.0;1745682483;95.961;100.055;92.362;102.574;
1900-01-01 01:48:04;657.0;1745682484;96.064;100.002;92.362;102.574;
1900-01-01 01:48:05;658.0;1745682485;96.017;100.002;92.393;102.54;
1900-01-01 01:48:06;659.0;1745682486;96.017;100.056;92.334;102.54;
1900-01-01 01:48:07;660.0;1745682487;96.031;100.126;92.334;102.526;
1900-01-01 01:48:08;661.0;1745682488;96.05;100.126;92.427;102.499;
1900-01-01 01:48:09;662.0;1745682489;96.05;100.05;92.522;102.614;
1900-01-01 01:48:10;663.0;1745682490;96.041;100.054;92.522;102.614;
1900-01-01 01:48:11;664.0;1745682491;96.041;100.054;92.531;102.517;
1900-01-01 01:48:12;665.0;1745682492;96.046;100.059;92.476;102.517;
1900-01-01 01:48:13;666.0;1745682493;95.926;100.039;92.476;102.494;
1900-01-01 01:48:14;667.0;1745682494;95.926;100.039;92.402;102.563;
1900-01-01 01:48:15;668.0;1745682495;95.901;99.939;92.365;102.563;
1900-01-01 01:48:16;669.0;1745682496;95.84;99.89;92.365;102.559;
1900-01-01 01:48:17;670.0;1745682497;95.84;99.89;92.443;102.581;
1900-01-01 01:48:18;671.0;1745682498;95.732;99.93;92.38;102.581;
1900-01-01 01:48:19;672.0;1745682499;95.756;99.93;92.38;102.602;
1900-01-01 01:48:20;673.0;1745682500;95.756;99.894;92.373;102.516;
1900-01-01 01:48:21;674.0;1745682501;95.687;99.999;92.367;102.516;
1900-01-01 01:48:22;675.0;1745682502;95.671;99.999;92.367;102.564;
1900-01-01 01:48:23;676.0;1745682503;95.671;100.038;92.347;102.597;
1900-01-01 01:48:24;677.0;1745682504;95.631;99.932;92.347;102.597;
1900-01-01 01:48:25;678.0;1745682505;95.684;99.932;92.394;102.648;
1900-01-01 01:48:26;679.0;1745682506;95.684;99.909;92.44;102.524;
1900-01-01 01:48:27;680.0;1745682507;95.656;99.873;92.44;102.524;
1900-01-01 01:48:28;681.0;1745682508;95.708;99.873;92.449;102.474;
1900-01-01 01:48:29;682.0;1745682509;95.708;99.901;92.41;102.439;
1900-01-01 01:48:30;683.0;1745682510;95.749;99.967;92.41;102.439;
1900-01-01 01:48:31;684.0;1745682511;95.724;99.967;92.345;102.522;
1900-01-01 01:48:32;685.0;1745682512;95.724;100.073;92.35;102.514;
1900-01-01 01:48:33;686.0;1745682513;95.769;100.07;92.35;102.514;
1900-01-01 01:48:34;687.0;1745682514;95.769;100.07;92.436;102.553;
1900-01-01 01:48:35;688.0;1745682515;95.72;100.044;92.38;102.553;
1900-01-01 01:48:36;689.0;1745682516;95.691;100.044;92.38;102.564;
1900-01-01 01:48:37;690.0;1745682517;95.691;100.097;92.382;102.591;
1900-01-01 01:48:38;691.0;1745682518;95.766;100.083;92.366;102.591;
1900-01-01 01:48:39;692.0;1745682519;95.738;100.083;92.366;102.648;
1900-01-01 01:48:40;693.0;1745682520;95.738;100.08;92.386;102.583;
1900-01-01 01:48:41;694.0;1745682521;95.831;100.095;92.451;102.583;
1900-01-01 01:48:42;695.0;1745682522;95.875;100.089;92.451;102.635;
1900-01-01 01:48:43;696.0;1745682523;95.875;100.089;92.44;102.614;
1900-01-01 01:48:44;697.0;1745682524;95.921;100.124;92.329;102.614;
1900-01-01 01:48:45;698.0;1745682525;95.87;100.124;92.329;102.506;
1900-01-01 01:48:46;699.0;1745682526;95.87;100.134;92.323;102.532;
1900-01-01 01:48:47;700.0;1745682527;95.822;100.07;92.323;102.532;
1900-01-01 01:48:48;701.0;1745682528;95.821;100.07;92.213;102.499;
1900-01-01 01:48:49;702.0;1745682529;95.821;100.077;92.188;102.507;
1900-01-01 01:48:50;703.0;1745682530;95.792;100.053;92.188;102.507;
1900-01-01 01:48:51;704.0;1745682531;95.742;100.053;92.192;102.551;
1900-01-01 01:48:52;705.0;1745682532;95.742;100.074;92.169;102.581;
1900-01-01 01:48:53;706.0;1745682533;95.616;100.123;92.169;102.581;
1900-01-01 01:48:54;707.0;1745682534;95.608;100.123;92.112;102.502;
1900-01-01 01:48:55;708.0;1745682535;95.608;100.051;91.98;102.502;
1900-01-01 01:48:56;709.0;1745682536;95.574;100.03;91.98;102.502;
1900-01-01 01:48:57;710.0;1745682537;95.574;100.03;92.041;102.515;
1900-01-01 01:48:59;711.0;1745682539;95.495;99.97;91.974;102.495;
1900-01-01 01:48:59;712.0;1745682539;95.46;99.97;91.974;102.495;
1900-01-01 01:49:00;713.0;1745682540;95.46;99.99;92.053;102.435;
1900-01-01 01:49:01;714.0;1745682541;95.437;99.938;91.989;102.435;
1900-01-01 01:49:02;715.0;1745682542;95.431;99.938;91.989;102.534;
1900-01-01 01:49:03;716.0;1745682543;95.431;99.902;92.06;102.517;
1900-01-01 01:49:04;717.0;1745682544;95.469;99.896;92.086;102.517;
1900-01-01 01:49:05;718.0;1745682545;95.471;99.896;92.086;102.563;
1900-01-01 01:49:06;719.0;1745682546;95.471;99.867;92.127;102.51;
1900-01-01 01:49:07;720.0;1745682547;95.422;99.813;92.02;102.51;
1900-01-01 01:49:08;721.0;1745682548;95.545;99.813;92.02;102.576;
1900-01-01 01:49:09;722.0;1745682549;95.545;99.909;91.933;102.508;
1900-01-01 01:49:10;723.0;1745682550;95.621;99.808;91.876;102.508;
1900-01-01 01:49:11;724.0;1745682551;95.591;99.948;91.876;102.585;
1900-01-01 01:49:12;725.0;1745682552;95.591;99.948;91.855;102.589;
1900-01-01 01:49:13;726.0;1745682553;95.66;99.972;91.869;102.589;
1900-01-01 01:49:14;727.0;1745682554;95.642;99.972;91.869;102.551;
1900-01-01 01:49:15;728.0;1745682555;95.642;99.888;91.843;102.551;
1900-01-01 01:49:16;729.0;1745682556;95.64;99.949;91.832;102.551;
1900-01-01 01:49:17;730.0;1745682557;95.604;99.949;91.832;102.585;
1900-01-01 01:49:18;731.0;1745682558;95.604;99.973;91.816;102.532;
1900-01-01 01:49:19;732.0;1745682559;95.526;99.969;91.98;102.532;
1900-01-01 01:49:20;733.0;1745682560;95.461;99.932;91.98;102.582;
1900-01-01 01:49:21;734.0;1745682561;95.461;99.932;91.985;102.556;
1900-01-01 01:49:22;735.0;1745682562;95.456;100.001;91.912;102.556;
1900-01-01 01:49:23;736.0;1745682563;95.492;100.001;91.912;102.566;
1900-01-01 01:49:24;737.0;1745682564;95.492;99.968;91.835;102.62;
1900-01-01 01:49:25;738.0;1745682565;95.47;99.967;91.827;102.62;
1900-01-01 01:49:26;739.0;1745682566;95.491;99.967;91.827;102.534;
1900-01-01 01:49:27;740.0;1745682567;95.491;100.014;91.94;102.515;
1900-01-01 01:49:28;741.0;1745682568;95.469;100.068;91.94;102.515;
1900-01-01 01:49:29;742.0;1745682569;95.425;100.068;92.028;102.575;
1900-01-01 01:49:30;743.0;1745682570;95.425;100.002;92.07;102.521;
1900-01-01 01:49:31;744.0;1745682571;95.498;100.02;92.07;102.521;
1900-01-01 01:49:32;745.0;1745682572;95.504;100.02;91.987;102.642;
1900-01-01 01:49:33;746.0;1745682573;95.504;100.039;91.998;102.632;
1900-01-01 01:49:34;747.0;1745682574;95.572;99.992;91.998;102.632;
1900-01-01 01:49:35;748.0;1745682575;95.572;99.992;91.811;102.543;
1900-01-01 01:49:36;749.0;1745682576;95.549;99.939;91.872;102.464;
1900-01-01 01:49:37;750.0;1745682577;95.518;99.975;91.872;102.464;
1900-01-01 01:49:39;751.0;1745682579;95.541;99.975;91.791;102.587;
1900-01-01 01:49:39;752.0;1745682579;95.541;99.748;91.835;102.587;
1900-01-01 01:49:40;753.0;1745682580;95.491;99.753;91.835;102.579;
1900-01-01 01:49:41;754.0;1745682581;95.531;99.753;91.821;102.507;
1900-01-01 01:49:42;755.0;1745682582;95.531;99.626;91.915;102.507;
1900-01-01 01:49:43;756.0;1745682583;95.467;99.759;91.915;102.473;
1900-01-01 01:49:44;757.0;1745682584;95.467;99.759;91.968;102.492;
1900-01-01 01:49:45;758.0;1745682585;95.507;99.696;91.889;102.556;
1900-01-01 01:49:46;759.0;1745682586;95.409;99.696;91.889;102.556;
1900-01-01 01:49:47;760.0;1745682587;95.409;99.73;91.887;102.504;
1900-01-01 01:49:48;761.0;1745682588;95.506;99.825;91.916;102.504;
1900-01-01 01:49:49;762.0;1745682589;95.535;99.825;91.916;102.515;
1900-01-01 01:49:50;763.0;1745682590;95.535;99.726;91.834;102.541;
1900-01-01 01:49:51;764.0;1745682591;95.475;99.816;91.975;102.541;
1900-01-01 01:49:52;765.0;1745682592;95.444;99.816;91.975;102.528;
1900-01-01 01:49:53;766.0;1745682593;95.444;99.905;91.885;102.489;
1900-01-01 01:49:54;767.0;1745682594;95.44;99.865;91.744;102.489;
1900-01-01 01:49:55;768.0;1745682595;95.362;99.865;91.744;102.492;
1900-01-01 01:49:56;769.0;1745682596;95.362;99.991;91.781;102.576;
1900-01-01 01:49:57;770.0;1745682597;95.343;99.878;91.736;102.576;
1900-01-01 01:49:59;771.0;1745682599;95.187;99.878;91.736;102.501;
1900-01-01 01:49:59;772.0;1745682599;95.187;99.922;91.719;102.505;
1900-01-01 01:50:00;773.0;1745682600;95.219;99.873;91.719;102.505;
1900-01-01 01:50:01;774.0;1745682601;95.219;99.873;91.717;102.477;
1900-01-01 01:50:02;775.0;1745682602;95.203;99.809;91.812;102.477;
1900-01-01 01:50:03;776.0;1745682603;95.127;99.785;91.812;102.548;
1900-01-01 01:50:04;777.0;1745682604;95.127;99.785;91.716;102.578;
1900-01-01 01:50:05;778.0;1745682605;95.182;99.731;91.654;102.578;
1900-01-01 01:50:07;779.0;1745682607;95.217;99.802;91.654;102.578;
1900-01-01 01:50:07;780.0;1745682607;95.217;99.802;91.676;102.589;
1900-01-01 01:50:08;781.0;1745682608;95.231;99.785;91.744;102.589;
1900-01-01 01:50:09;782.0;1745682609;95.233;99.785;91.744;102.542;
1900-01-01 01:50:10;783.0;1745682610;95.233;99.693;91.743;102.586;
1900-01-01 01:50:11;784.0;1745682611;95.187;99.647;91.743;102.586;
1900-01-01 01:50:12;785.0;1745682612;95.174;99.647;91.778;102.617;
1900-01-01 01:50:13;786.0;1745682613;95.174;99.549;91.612;102.545;
1900-01-01 01:50:14;787.0;1745682614;95.218;99.594;91.633;102.545;
1900-01-01 01:50:15;788.0;1745682615;95.194;99.594;91.633;102.616;
1900-01-01 01:50:16;789.0;1745682616;95.194;99.582;91.653;102.503;
1900-01-01 01:50:17;790.0;1745682617;95.286;99.675;91.533;102.503;
1900-01-01 01:50:18;791.0;1745682618;95.261;99.675;91.533;102.463;
1900-01-01 01:50:19;792.0;1745682619;95.261;99.633;91.661;102.436;
1900-01-01 01:50:20;793.0;1745682620;95.258;99.671;91.661;102.436;
1900-01-01 01:50:21;794.0;1745682621;95.233;99.671;91.679;102.526;
1900-01-01 01:50:22;795.0;1745682622;95.233;99.723;91.778;102.526;
1900-01-01 01:50:23;796.0;1745682623;95.227;99.682;91.778;102.513;
1900-01-01 01:50:24;797.0;1745682624;95.331;99.682;91.737;102.527;
1900-01-01 01:50:25;798.0;1745682625;95.331;99.687;91.711;102.546;
1900-01-01 01:50:26;799.0;1745682626;95.243;99.778;91.711;102.546;
1900-01-01 01:50:27;800.0;1745682627;95.323;99.778;91.649;102.48;
1900-01-01 01:50:28;801.0;1745682628;95.323;99.712;91.673;102.48;
1900-01-01 01:50:29;802.0;1745682629;95.274;99.66;91.673;102.545;
1900-01-01 01:50:30;803.0;1745682630;95.274;99.66;91.62;102.479;
1900-01-01 01:50:31;804.0;1745682631;95.283;99.722;91.617;102.479;
1900-01-01 01:50:32;805.0;1745682632;95.255;99.739;91.617;102.456;
1900-01-01 01:50:33;806.0;1745682633;95.255;99.739;91.7;102.599;
1900-01-01 01:50:34;807.0;1745682634;95.161;99.621;91.696;102.599;
1900-01-01 01:50:35;808.0;1745682635;95.206;99.621;91.696;102.474;
1900-01-01 01:50:36;809.0;1745682636;95.206;99.665;91.532;102.451;
1900-01-01 01:50:37;810.0;1745682637;95.253;99.666;91.469;102.451;
1900-01-01 01:50:38;811.0;1745682638;95.195;99.666;91.469;102.522;
1900-01-01 01:50:39;812.0;1745682639;95.195;99.719;91.501;102.501;
1900-01-01 01:50:41;813.0;1745682641;95.263;99.607;91.424;102.501;
1900-01-01 01:50:41;814.0;1745682641;95.256;99.607;91.424;102.543;
1900-01-01 01:50:42;815.0;1745682642;95.256;99.663;91.49;102.505;
1900-01-01 01:50:43;816.0;1745682643;95.114;99.741;91.49;102.505;
1900-01-01 01:50:44;817.0;1745682644;95.114;99.741;91.462;102.523;
1900-01-01 01:50:45;818.0;1745682645;95.179;99.667;91.533;102.523;
1900-01-01 01:50:46;819.0;1745682646;95.137;99.734;91.533;102.523;
1900-01-01 01:50:47;820.0;1745682647;95.137;99.734;91.437;102.406;
1900-01-01 01:50:48;821.0;1745682648;95.177;99.552;91.304;102.406;
1900-01-01 01:50:49;822.0;1745682649;95.238;99.662;91.304;102.452;
1900-01-01 01:50:50;823.0;1745682650;95.238;99.662;91.441;102.538;
1900-01-01 01:50:51;824.0;1745682651;95.181;99.692;91.453;102.538;
1900-01-01 01:50:52;825.0;1745682652;95.321;99.62;91.453;102.558;
1900-01-01 01:50:53;826.0;1745682653;95.321;99.62;91.47;102.509;
1900-01-01 01:50:54;827.0;1745682654;95.271;99.607;91.523;102.509;
1900-01-01 01:50:55;828.0;1745682655;95.311;99.66;91.523;102.44;
1900-01-01 01:50:56;829.0;1745682656;95.311;99.66;91.56;102.503;
1900-01-01 01:50:57;830.0;1745682657;95.247;99.602;91.504;102.503;
1900-01-01 01:50:58;831.0;1745682658;95.183;99.596;91.504;102.55;
1900-01-01 01:50:59;832.0;1745682659;95.183;99.596;91.562;102.508;
1900-01-01 01:51:00;833.0;1745682660;95.257;99.48;91.554;102.508;
1900-01-01 01:51:01;834.0;1745682661;95.264;99.522;91.554;102.426;
1900-01-01 01:51:02;835.0;1745682662;95.264;99.522;91.509;102.488;
1900-01-01 01:51:03;836.0;1745682663;95.194;99.5;91.488;102.488;
1900-01-01 01:51:05;837.0;1745682665;95.261;99.5;91.488;102.57;
1900-01-01 01:51:05;838.0;1745682665;95.261;99.527;91.494;102.509;
1900-01-01 01:51:06;839.0;1745682666;95.285;99.509;91.364;102.509;
1900-01-01 01:51:07;840.0;1745682667;95.247;99.509;91.364;102.537;
1900-01-01 01:51:08;841.0;1745682668;95.247;99.605;91.233;102.54;
1900-01-01 01:51:09;842.0;1745682669;95.205;99.512;91.233;102.54;
1900-01-01 01:51:10;843.0;1745682670;95.127;99.512;91.248;102.465;
1900-01-01 01:51:11;844.0;1745682671;95.127;99.561;91.242;102.495;
1900-01-01 01:51:12;845.0;1745682672;95.055;99.606;91.242;102.495;
1900-01-01 01:51:13;846.0;1745682673;95.152;99.606;91.192;102.537;
1900-01-01 01:51:14;847.0;1745682674;95.152;99.622;91.063;102.537;
1900-01-01 01:51:15;848.0;1745682675;95.142;99.6;91.063;102.531;
1900-01-01 01:51:16;849.0;1745682676;95.156;99.6;91.177;102.485;
1900-01-01 01:51:17;850.0;1745682677;95.156;99.605;91.194;102.556;
1900-01-01 01:51:18;851.0;1745682678;95.158;99.71;91.194;102.556;
1900-01-01 01:51:19;852.0;1745682679;95.158;99.71;91.078;102.534;
1900-01-01 01:51:20;853.0;1745682680;95.137;99.68;91.095;102.549;
1900-01-01 01:51:21;854.0;1745682681;95.157;99.68;91.095;102.549;
1900-01-01 01:51:22;855.0;1745682682;95.157;99.696;91.037;102.518;
1900-01-01 01:51:23;856.0;1745682683;95.107;99.718;90.998;102.518;
1900-01-01 01:51:24;857.0;1745682684;95.109;99.632;90.998;102.508;
1900-01-01 01:51:25;858.0;1745682685;95.109;99.632;91.198;102.558;
1900-01-01 01:51:26;859.0;1745682686;95.064;99.638;91.186;102.558;
1900-01-01 01:51:27;860.0;1745682687;94.958;99.722;91.186;102.47;
1900-01-01 01:51:28;861.0;1745682688;94.958;99.722;91.27;102.461;
1900-01-01 01:51:29;862.0;1745682689;94.999;99.691;91.323;102.461;
1900-01-01 01:51:30;863.0;1745682690;94.964;99.691;91.323;102.52;
1900-01-01 01:51:31;864.0;1745682691;94.964;99.607;91.218;102.489;
1900-01-01 01:51:32;865.0;1745682692;94.847;99.529;91.099;102.489;
1900-01-01 01:51:34;866.0;1745682694;94.833;99.557;91.099;102.529;
1900-01-01 01:51:34;867.0;1745682694;94.833;99.557;91.049;102.53;
1900-01-01 01:51:35;868.0;1745682695;94.863;99.446;91.094;102.53;
1900-01-01 01:51:36;869.0;1745682696;94.751;99.48;91.094;102.499;
1900-01-01 01:51:37;870.0;1745682697;94.751;99.48;91.083;102.478;
1900-01-01 01:51:38;871.0;1745682698;94.661;99.381;91.1;102.478;
1900-01-01 01:51:39;872.0;1745682699;94.683;99.381;91.1;102.537;
1900-01-01 01:51:40;873.0;1745682700;94.683;99.405;91.168;102.556;
1900-01-01 01:51:41;874.0;1745682701;94.559;99.528;91.168;102.556;
1900-01-01 01:51:42;875.0;1745682702;94.575;99.528;91.154;102.431;
1900-01-01 01:51:43;876.0;1745682703;94.575;99.521;91.152;102.534;
1900-01-01 01:51:45;877.0;1745682705;94.495;99.482;91.18;102.534;
1900-01-01 01:51:45;878.0;1745682705;94.532;99.482;91.18;102.43;
1900-01-01 01:51:46;879.0;1745682706;94.532;99.482;91.159;102.506;
1900-01-01 01:51:47;880.0;1745682707;94.495;99.501;91.159;102.506;
1900-01-01 01:51:48;881.0;1745682708;94.49;99.501;91.11;102.579;
1900-01-01 01:51:49;882.0;1745682709;94.49;99.442;91.003;102.46;
1900-01-01 01:51:50;883.0;1745682710;94.406;99.405;91.003;102.46;
1900-01-01 01:51:51;884.0;1745682711;94.406;99.405;90.993;102.445;
1900-01-01 01:51:52;885.0;1745682712;94.405;99.366;90.927;102.558;
1900-01-01 01:51:53;886.0;1745682713;94.421;99.432;90.927;102.558;
1900-01-01 01:51:54;887.0;1745682714;94.421;99.432;90.975;102.534;
1900-01-01 01:51:55;888.0;1745682715;94.338;99.325;90.964;102.534;
1900-01-01 01:51:56;889.0;1745682716;94.391;99.498;90.964;102.478;
1900-01-01 01:51:57;890.0;1745682717;94.391;99.498;91.011;102.552;
1900-01-01 01:51:58;891.0;1745682718;94.435;99.407;91.001;102.552;
1900-01-01 01:51:59;892.0;1745682719;94.348;99.491;91.001;102.516;
1900-01-01 01:52:00;893.0;1745682720;94.348;99.491;91.018;102.502;
1900-01-01 01:52:01;894.0;1745682721;94.315;99.528;90.992;102.502;
1900-01-01 01:52:02;895.0;1745682722;94.338;99.485;90.992;102.478;
1900-01-01 01:52:03;896.0;1745682723;94.338;99.485;90.93;102.562;
1900-01-01 01:52:04;897.0;1745682724;94.299;99.513;90.845;102.562;
1900-01-01 01:52:05;898.0;1745682725;94.315;99.513;90.845;102.46;
1900-01-01 01:52:06;899.0;1745682726;94.315;99.529;90.941;102.464;
1900-01-01 01:52:07;900.0;1745682727;94.189;99.45;90.917;102.464;
1900-01-01 01:52:08;901.0;1745682728;94.206;99.45;90.917;102.534;
1900-01-01 01:52:09;902.0;1745682729;94.206;99.474;90.866;102.507;
1900-01-01 01:52:10;903.0;1745682730;94.195;99.485;90.951;102.507;
1900-01-01 01:52:11;904.0;1745682731;94.275;99.485;90.951;102.534;
1900-01-01 01:52:12;905.0;1745682732;94.275;99.52;90.994;102.523;
1900-01-01 01:52:13;906.0;1745682733;94.266;99.485;90.994;102.523;
1900-01-01 01:52:14;907.0;1745682734;94.251;99.485;90.995;102.474;
1900-01-01 01:52:15;908.0;1745682735;94.251;99.523;91.036;102.474;
1900-01-01 01:52:16;909.0;1745682736;94.236;99.586;91.036;102.44;
1900-01-01 01:52:17;910.0;1745682737;94.236;99.586;90.983;102.415;
1900-01-01 01:52:18;911.0;1745682738;94.247;99.62;90.842;102.415;
1900-01-01 01:52:19;912.0;1745682739;94.135;99.641;90.842;102.41;
1900-01-01 01:52:20;913.0;1745682740;94.135;99.641;90.758;102.451;
1900-01-01 01:52:21;914.0;1745682741;94.111;99.624;90.74;102.451;
1900-01-01 01:52:22;915.0;1745682742;94.234;99.624;90.74;102.491;
1900-01-01 01:52:23;916.0;1745682743;94.234;99.638;90.707;102.466;
1900-01-01 01:52:24;917.0;1745682744;94.166;99.607;90.707;102.466;
1900-01-01 01:52:25;918.0;1745682745;94.149;99.607;90.715;102.52;
1900-01-01 01:52:26;919.0;1745682746;94.149;99.511;90.695;102.424;
1900-01-01 01:52:27;920.0;1745682747;94.174;99.445;90.695;102.424;
1900-01-01 01:52:28;921.0;1745682748;94.16;99.445;90.783;102.446;
1900-01-01 01:52:29;922.0;1745682749;94.16;99.423;90.707;102.52;
1900-01-01 01:52:30;923.0;1745682750;94.173;99.494;90.777;102.52;
1900-01-01 01:52:31;924.0;1745682751;94.173;99.494;90.777;102.525;
1900-01-01 01:52:32;925.0;1745682752;94.156;99.432;90.793;102.433;
1900-01-01 01:52:33;926.0;1745682753;94.074;99.423;90.793;102.433;
1900-01-01 01:52:35;927.0;1745682755;94.102;99.423;90.738;102.502;
1900-01-01 01:52:35;928.0;1745682755;94.102;99.311;90.753;102.609;
1900-01-01 01:52:36;929.0;1745682756;94.078;99.425;90.753;102.609;
1900-01-01 01:52:37;930.0;1745682757;94.09;99.425;90.82;102.496;
1900-01-01 01:52:38;931.0;1745682758;94.09;99.365;90.887;102.496;
1900-01-01 01:52:39;932.0;1745682759;94.038;99.313;90.887;102.52;
1900-01-01 01:52:40;933.0;1745682760;94.06;99.313;90.76;102.475;
1900-01-01 01:52:41;934.0;1745682761;94.06;99.276;90.661;102.475;
1900-01-01 01:52:42;935.0;1745682762;94.092;99.323;90.661;102.409;
1900-01-01 01:52:43;936.0;1745682763;94.036;99.323;90.736;102.47;
1900-01-01 01:52:44;937.0;1745682764;94.036;99.29;90.738;102.47;
1900-01-01 01:52:45;938.0;1745682765;93.981;99.304;90.738;102.577;
1900-01-01 01:52:46;939.0;1745682766;93.878;99.304;90.753;102.491;
1900-01-01 01:52:47;940.0;1745682767;93.878;99.261;90.834;102.491;
1900-01-01 01:52:48;941.0;1745682768;93.924;99.298;90.834;102.46;
1900-01-01 01:52:49;942.0;1745682769;93.924;99.298;90.875;102.465;
1900-01-01 01:52:50;943.0;1745682770;93.838;99.367;90.743;102.465;
1900-01-01 01:52:51;944.0;1745682771;93.786;99.388;90.743;102.483;
1900-01-01 01:52:52;945.0;1745682772;93.786;99.388;90.749;102.523;
1900-01-01 01:52:53;946.0;1745682773;93.779;99.377;90.803;102.523;
1900-01-01 01:52:54;947.0;1745682774;93.682;99.377;90.803;102.531;
1900-01-01 01:52:55;948.0;1745682775;93.682;99.374;90.802;102.459;
1900-01-01 01:52:56;949.0;1745682776;93.732;99.461;90.802;102.459;
1900-01-01 01:52:57;950.0;1745682777;93.691;99.461;90.775;102.575;
1900-01-01 01:52:58;951.0;1745682778;93.691;99.335;90.701;102.506;
1900-01-01 01:52:59;952.0;1745682779;93.671;99.388;90.701;102.506;
1900-01-01 01:53:00;953.0;1745682780;93.583;99.388;90.726;102.56;
1900-01-01 01:53:01;954.0;1745682781;93.583;99.33;90.654;102.56;
1900-01-01 01:53:02;955.0;1745682782;93.599;99.375;90.654;102.53;
1900-01-01 01:53:03;956.0;1745682783;93.602;99.375;90.595;102.49;
1900-01-01 01:53:04;957.0;1745682784;93.602;99.361;90.591;102.49;
1900-01-01 01:53:05;958.0;1745682785;93.646;99.409;90.591;102.573;
1900-01-01 01:53:06;959.0;1745682786;93.646;99.409;90.565;102.482;
1900-01-01 01:53:07;960.0;1745682787;93.603;99.376;90.637;102.482;
1900-01-01 01:53:08;961.0;1745682788;93.692;99.376;90.637;102.408;
1900-01-01 01:53:09;962.0;1745682789;93.692;99.311;90.634;102.426;
1900-01-01 01:53:10;963.0;1745682791;93.66;99.311;90.598;102.426;
1900-01-01 01:53:11;964.0;1745682791;93.763;99.311;90.598;102.5;
1900-01-01 01:53:12;965.0;1745682792;93.763;99.343;90.599;102.555;
1900-01-01 01:53:13;966.0;1745682793;93.706;99.384;90.451;102.555;
1900-01-01 01:53:14;967.0;1745682794;93.669;99.269;90.451;102.486;
1900-01-01 01:53:15;968.0;1745682795;93.669;99.269;90.417;102.425;
1900-01-01 01:53:16;969.0;1745682796;93.645;99.382;90.438;102.425;
1900-01-01 01:53:17;970.0;1745682797;93.64;99.407;90.438;102.384;
1900-01-01 01:53:18;971.0;1745682798;93.64;99.407;90.385;102.431;
1900-01-01 01:53:19;972.0;1745682799;93.605;99.317;90.513;102.431;
1900-01-01 01:53:20;973.0;1745682800;93.537;99.317;90.513;102.526;
1900-01-01 01:53:21;974.0;1745682801;93.537;99.352;90.509;102.363;
1900-01-01 01:53:22;975.0;1745682802;93.554;99.376;90.509;102.363;
1900-01-01 01:53:23;976.0;1745682803;93.511;99.376;90.483;102.428;
1900-01-01 01:53:24;977.0;1745682804;93.511;99.422;90.507;102.516;
1900-01-01 01:53:26;978.0;1745682806;93.436;99.417;90.584;102.516;
1900-01-01 01:53:26;979.0;1745682806;93.443;99.417;90.584;102.499;
1900-01-01 01:53:27;980.0;1745682807;93.443;99.421;90.522;102.506;
1900-01-01 01:53:28;981.0;1745682808;93.301;99.318;90.522;102.506;
1900-01-01 01:53:29;982.0;1745682809;93.301;99.318;90.412;102.468;
1900-01-01 01:53:30;983.0;1745682810;93.329;99.245;90.385;102.526;
1900-01-01 01:53:31;984.0;1745682811;93.316;99.218;90.385;102.526;
1900-01-01 01:53:32;985.0;1745682812;93.289;99.218;90.27;102.47;
1900-01-01 01:53:33;986.0;1745682813;93.289;99.216;90.294;102.47;
1900-01-01 01:53:34;987.0;1745682814;93.228;99.115;90.294;102.44;
1900-01-01 01:53:35;988.0;1745682815;93.228;99.115;90.333;102.494;
1900-01-01 01:53:36;989.0;1745682816;93.245;99.148;90.369;102.494;
1900-01-01 01:53:38;990.0;1745682818;93.151;99.17;90.369;102.487;
1900-01-01 01:53:38;991.0;1745682818;93.151;99.17;90.348;102.509;
1900-01-01 01:53:39;992.0;1745682819;93.071;99.093;90.416;102.509;
1900-01-01 01:53:40;993.0;1745682820;93.018;99.093;90.416;102.468;
1900-01-01 01:53:41;994.0;1745682821;93.018;99.186;90.426;102.46;
1900-01-01 01:53:42;995.0;1745682822;92.999;99.103;90.426;102.46;
1900-01-01 01:53:43;996.0;1745682823;92.976;99.103;90.415;102.411;
1900-01-01 01:53:44;997.0;1745682824;92.976;99.096;90.372;102.447;
1900-01-01 01:53:45;998.0;1745682825;92.93;99.066;90.372;102.447;
1900-01-01 01:53:46;999.0;1745682826;92.966;99.066;90.415;102.432;
1900-01-01 01:53:47;1000.0;1745682827;92.966;99.014;90.442;102.461;
1900-01-01 01:53:48;1001.0;1745682828;92.985;99.222;90.442;102.461;
1900-01-01 01:53:50;1002.0;1745682830;92.982;99.222;90.431;102.377;
1900-01-01 01:53:50;1003.0;1745682830;92.982;99.199;90.301;102.377;
1900-01-01 01:53:51;1004.0;1745682831;92.979;99.275;90.301;102.558;
1900-01-01 01:53:52;1005.0;1745682832;93.065;99.275;90.265;102.566;
1900-01-01 01:53:53;1006.0;1745682833;93.065;99.265;90.361;102.566;
1900-01-01 01:53:54;1007.0;1745682834;93.019;99.263;90.361;102.498;
1900-01-01 01:53:55;1008.0;1745682835;93.078;99.263;90.256;102.491;
1900-01-01 01:53:56;1009.0;1745682836;93.078;99.188;90.381;102.491;
1900-01-01 01:53:57;1010.0;1745682837;93.158;99.14;90.381;102.45;
1900-01-01 01:53:58;1011.0;1745682838;93.158;99.14;90.336;102.416;
1900-01-01 01:54:00;1012.0;1745682840;93.025;99.126;90.28;102.503;
1900-01-01 01:54:00;1013.0;1745682840;93.04;99.126;90.28;102.503;
1900-01-01 01:54:01;1014.0;1745682841;93.04;99.299;90.287;102.549;
1900-01-01 01:54:02;1015.0;1745682842;93.02;99.236;90.251;102.549;
1900-01-01 01:54:03;1016.0;1745682843;93.038;99.236;90.251;102.601;
1900-01-01 01:54:04;1017.0;1745682844;93.038;99.158;90.174;102.564;
1900-01-01 01:54:05;1018.0;1745682845;93.08;99.272;90.212;102.564;
1900-01-01 01:54:06;1019.0;1745682846;93.064;99.272;90.212;102.532;
1900-01-01 01:54:07;1020.0;1745682847;93.064;99.216;90.22;102.568;
1900-01-01 01:54:08;1021.0;1745682848;93.036;99.208;90.227;102.568;
1900-01-01 01:54:09;1022.0;1745682849;93.1;99.208;90.227;102.593;
1900-01-01 01:54:10;1023.0;1745682850;93.1;99.206;90.305;102.543;
1900-01-01 01:54:11;1024.0;1745682851;93.102;99.11;90.26;102.543;
1900-01-01 01:54:12;1025.0;1745682852;92.949;99.1;90.26;102.456;
1900-01-01 01:54:13;1026.0;1745682853;92.949;99.1;90.279;102.51;
1900-01-01 01:54:14;1027.0;1745682854;92.951;99.0;90.264;102.51;
1900-01-01 01:54:15;1028.0;1745682855;92.957;99.0;90.264;102.492;
1900-01-01 01:54:16;1029.0;1745682856;92.957;99.067;90.276;102.453;
1900-01-01 01:54:17;1030.0;1745682857;92.895;99.038;90.228;102.453;
1900-01-01 01:54:18;1031.0;1745682858;92.816;99.038;90.228;102.573;
1900-01-01 01:54:19;1032.0;1745682859;92.816;99.008;90.238;102.505;
1900-01-01 01:54:20;1033.0;1745682860;92.812;99.047;90.267;102.505;
1900-01-01 01:54:21;1034.0;1745682861;92.795;99.025;90.267;102.514;
1900-01-01 01:54:22;1035.0;1745682862;92.795;99.025;90.088;102.565;
1900-01-01 01:54:23;1036.0;1745682863;92.894;99.025;90.128;102.565;
1900-01-01 01:54:24;1037.0;1745682864;92.84;99.025;90.128;102.511;
1900-01-01 01:54:25;1038.0;1745682865;92.84;99.046;90.142;102.572;
1900-01-01 01:54:26;1039.0;1745682866;92.913;99.096;90.148;102.572;
1900-01-01 01:54:27;1040.0;1745682867;92.931;99.096;90.148;102.549;
1900-01-01 01:54:28;1041.0;1745682868;92.931;99.012;90.143;102.56;
1900-01-01 01:54:29;1042.0;1745682869;92.84;98.963;90.131;102.56;
1900-01-01 01:54:30;1043.0;1745682870;92.805;99.027;90.131;102.473;
1900-01-01 01:54:31;1044.0;1745682871;92.805;99.027;90.22;102.525;
1900-01-01 01:54:32;1045.0;1745682872;92.787;98.986;90.208;102.525;
1900-01-01 01:54:33;1046.0;1745682873;92.816;98.986;90.208;102.515;
1900-01-01 01:54:34;1047.0;1745682874;92.816;98.997;90.154;102.509;
1900-01-01 01:54:35;1048.0;1745682875;92.753;99.078;90.12;102.509;
1900-01-01 01:54:36;1049.0;1745682876;92.612;99.078;90.12;102.468;
1900-01-01 01:54:37;1050.0;1745682877;92.612;99.026;90.071;102.485;
1900-01-01 01:54:38;1051.0;1745682878;92.601;99.048;90.015;102.485;
1900-01-01 01:54:39;1052.0;1745682879;92.503;98.98;90.015;102.458;
1900-01-01 01:54:40;1053.0;1745682880;92.503;98.98;90.073;102.45;
1900-01-01 01:54:41;1054.0;1745682881;92.476;99.12;90.037;102.45;
1900-01-01 01:54:42;1055.0;1745682882;92.499;99.134;90.037;102.545;
1900-01-01 01:54:43;1056.0;1745682883;92.499;99.134;90.071;102.468;
1900-01-01 01:54:44;1057.0;1745682884;92.469;99.097;90.014;102.468;
1900-01-01 01:54:45;1058.0;1745682885;92.507;99.097;90.014;102.481;
1900-01-01 01:54:46;1059.0;1745682886;92.507;99.193;89.965;102.54;
1900-01-01 01:54:47;1060.0;1745682887;92.477;99.168;89.965;102.54;
1900-01-01 01:54:48;1061.0;1745682888;92.47;99.168;89.975;102.512;
1900-01-01 01:54:49;1062.0;1745682889;92.47;99.218;89.92;102.483;
1900-01-01 01:54:50;1063.0;1745682890;92.574;99.213;89.92;102.483;
1900-01-01 01:54:51;1064.0;1745682891;92.536;99.213;89.948;102.555;
1900-01-01 01:54:52;1065.0;1745682892;92.536;99.264;89.993;102.531;
1900-01-01 01:54:53;1066.0;1745682893;92.527;99.151;89.993;102.531;
1900-01-01 01:54:54;1067.0;1745682894;92.554;99.151;89.969;102.477;
1900-01-01 01:54:55;1068.0;1745682895;92.554;99.171;89.977;102.477;
1900-01-01 01:54:56;1069.0;1745682896;92.52;99.229;89.977;102.42;
1900-01-01 01:54:57;1070.0;1745682897;92.508;99.229;90.006;102.322;
1900-01-01 01:54:58;1071.0;1745682898;92.508;99.161;89.922;102.322;
1900-01-01 01:54:59;1072.0;1745682899;92.634;99.008;89.922;102.457;
1900-01-01 01:55:00;1073.0;1745682900;92.583;99.008;89.943;102.483;
1900-01-01 01:55:01;1074.0;1745682901;92.583;98.925;89.917;102.483;
1900-01-01 01:55:02;1075.0;1745682902;92.588;98.981;89.917;102.465;
1900-01-01 01:55:03;1076.0;1745682903;92.588;98.981;89.841;102.409;
1900-01-01 01:55:04;1077.0;1745682904;92.598;98.961;89.822;102.409;
1900-01-01 01:55:05;1078.0;1745682905;92.412;98.958;89.822;102.483;
1900-01-01 01:55:06;1079.0;1745682906;92.412;98.958;89.896;102.522;
1900-01-01 01:55:07;1080.0;1745682907;92.476;99.001;89.917;102.522;
1900-01-01 01:55:08;1081.0;1745682908;92.342;99.001;89.917;102.418;
1900-01-01 01:55:09;1082.0;1745682909;92.342;99.002;89.914;102.55;
1900-01-01 01:55:10;1083.0;1745682910;92.304;98.934;89.933;102.55;
1900-01-01 01:55:11;1084.0;1745682911;92.264;98.934;89.933;102.448;
1900-01-01 01:55:12;1085.0;1745682912;92.264;99.046;89.887;102.515;
1900-01-01 01:55:13;1086.0;1745682913;92.248;98.918;89.887;102.515;
1900-01-01 01:55:14;1087.0;1745682914;92.219;98.918;89.873;102.524;
1900-01-01 01:55:15;1088.0;1745682915;92.219;98.977;89.826;102.524;
1900-01-01 01:55:16;1089.0;1745682916;92.307;98.984;89.826;102.461;
1900-01-01 01:55:17;1090.0;1745682917;92.357;98.984;89.797;102.503;
1900-01-01 01:55:18;1091.0;1745682918;92.357;98.97;89.902;102.503;
1900-01-01 01:55:19;1092.0;1745682919;92.279;99.005;89.902;102.557;
1900-01-01 01:55:20;1093.0;1745682920;92.279;99.005;89.915;102.499;
1900-01-01 01:55:21;1094.0;1745682921;92.352;99.028;89.936;102.496;
1900-01-01 01:55:22;1095.0;1745682922;92.38;98.98;89.936;102.496;
1900-01-01 01:55:23;1096.0;1745682923;92.392;98.98;89.814;102.463;
1900-01-01 01:55:24;1097.0;1745682924;92.392;99.016;89.688;102.463;
1900-01-01 01:55:25;1098.0;1745682925;92.405;98.883;89.688;102.491;
1900-01-01 01:55:26;1099.0;1745682926;92.306;98.883;89.592;102.499;
1900-01-01 01:55:27;1100.0;1745682927;92.306;98.926;89.612;102.394;
1900-01-01 01:55:28;1101.0;1745682928;92.295;98.83;89.612;102.394;
1900-01-01 01:55:29;1102.0;1745682929;92.295;98.83;89.692;102.498;
1900-01-01 01:55:30;1103.0;1745682930;92.301;98.92;89.774;102.486;
1900-01-01 01:55:31;1104.0;1745682931;92.26;98.832;89.774;102.486;
1900-01-01 01:55:32;1105.0;1745682932;92.26;98.832;89.737;102.461;
1900-01-01 01:55:33;1106.0;1745682933;92.314;98.818;89.717;102.461;
1900-01-01 01:55:34;1107.0;1745682934;92.36;98.818;89.717;102.523;
1900-01-01 01:55:35;1108.0;1745682935;92.36;98.8;89.677;102.398;
1900-01-01 01:55:36;1109.0;1745682936;92.343;98.751;89.682;102.398;
1900-01-01 01:55:38;1110.0;1745682938;92.373;98.792;89.682;102.488;
1900-01-01 01:55:38;1111.0;1745682938;92.373;98.792;89.665;102.445;
1900-01-01 01:55:39;1112.0;1745682939;92.339;98.753;89.728;102.445;
1900-01-01 01:55:40;1113.0;1745682940;92.438;98.753;89.728;102.567;
1900-01-01 01:55:41;1114.0;1745682941;92.438;98.821;89.665;102.585;
1900-01-01 01:55:42;1115.0;1745682942;92.395;98.873;89.665;102.585;
1900-01-01 01:55:43;1116.0;1745682943;92.285;98.873;89.597;102.49;
1900-01-01 01:55:44;1117.0;1745682944;92.285;98.812;89.437;102.429;
1900-01-01 01:55:45;1118.0;1745682945;92.344;98.815;89.519;102.429;
1900-01-01 01:55:46;1119.0;1745682946;92.272;98.815;89.519;102.394;
1900-01-01 01:55:47;1120.0;1745682947;92.272;98.902;89.498;102.536;
1900-01-01 01:55:48;1121.0;1745682948;92.203;98.867;89.498;102.536;
1900-01-01 01:55:50;1122.0;1745682950;92.123;98.867;89.55;102.494;
1900-01-01 01:55:50;1123.0;1745682950;92.123;98.947;89.443;102.428;
1900-01-01 01:55:51;1124.0;1745682951;92.101;98.98;89.443;102.428;
1900-01-01 01:55:52;1125.0;1745682952;92.101;98.98;89.495;102.51;
1900-01-01 01:55:53;1126.0;1745682953;92.022;98.976;89.432;102.449;
1900-01-01 01:55:54;1127.0;1745682954;91.998;98.973;89.432;102.449;
1900-01-01 01:55:55;1128.0;1745682955;91.998;98.973;89.418;102.509;
1900-01-01 01:55:56;1129.0;1745682956;91.976;99.001;89.337;102.444;
1900-01-01 01:55:57;1130.0;1745682957;91.97;99.086;89.337;102.444;
1900-01-01 01:55:59;1131.0;1745682959;92.019;99.086;89.377;102.429;
1900-01-01 01:55:59;1132.0;1745682959;92.019;98.974;89.48;102.429;
1900-01-01 01:56:00;1133.0;1745682960;92.013;98.871;89.48;102.455;
1900-01-01 01:56:01;1134.0;1745682961;92.013;98.871;89.341;102.485;
1900-01-01 01:56:02;1135.0;1745682962;92.102;98.799;89.43;102.485;
1900-01-01 01:56:03;1136.0;1745682963;92.13;98.799;89.43;102.533;
1900-01-01 01:56:04;1137.0;1745682964;92.13;98.832;89.396;102.548;
1900-01-01 01:56:05;1138.0;1745682965;92.124;98.783;89.462;102.548;
1900-01-01 01:56:06;1139.0;1745682966;92.117;98.783;89.462;102.588;
1900-01-01 01:56:07;1140.0;1745682967;92.117;98.703;89.415;102.525;
1900-01-01 01:56:08;1141.0;1745682968;92.101;98.79;89.43;102.525;
1900-01-01 01:56:10;1142.0;1745682970;92.1;98.715;89.43;102.527;
1900-01-01 01:56:10;1143.0;1745682970;92.1;98.715;89.455;102.525;
1900-01-01 01:56:11;1144.0;1745682971;92.1;98.694;89.414;102.525;
1900-01-01 01:56:12;1145.0;1745682972;91.898;98.694;89.414;102.508;
1900-01-01 01:56:13;1146.0;1745682973;91.898;98.823;89.495;102.544;
1900-01-01 01:56:14;1147.0;1745682974;91.856;98.721;89.519;102.544;
1900-01-01 01:56:15;1148.0;1745682975;91.856;98.721;89.519;102.518;
1900-01-01 01:56:16;1149.0;1745682976;91.809;98.739;89.502;102.468;
1900-01-01 01:56:17;1150.0;1745682977;91.811;98.699;89.502;102.468;
1900-01-01 01:56:18;1151.0;1745682978;91.771;98.699;89.525;102.587;
1900-01-01 01:56:19;1152.0;1745682979;91.771;98.785;89.545;102.587;
1900-01-01 01:56:20;1153.0;1745682980;91.776;98.881;89.545;102.489;
1900-01-01 01:56:21;1154.0;1745682981;91.816;98.881;89.534;102.455;
1900-01-01 01:56:22;1155.0;1745682982;91.816;98.798;89.486;102.455;
1900-01-01 01:56:23;1156.0;1745682983;91.805;98.814;89.486;102.451;
1900-01-01 01:56:24;1157.0;1745682984;91.863;98.814;89.467;102.536;
1900-01-01 01:56:25;1158.0;1745682985;91.863;98.873;89.431;102.536;
1900-01-01 01:56:26;1159.0;1745682986;91.825;98.799;89.431;102.424;
1900-01-01 01:56:27;1160.0;1745682987;91.825;98.799;89.364;102.522;
1900-01-01 01:56:28;1161.0;1745682988;91.895;98.726;89.369;102.522;
1900-01-01 01:56:29;1162.0;1745682989;91.845;98.726;89.369;102.413;
1900-01-01 01:56:30;1163.0;1745682990;91.845;98.732;89.388;102.445;
1900-01-01 01:56:31;1164.0;1745682991;91.788;98.77;89.328;102.445;
1900-01-01 01:56:32;1165.0;1745682992;91.895;98.77;89.328;102.486;
1900-01-01 01:56:33;1166.0;1745682993;91.895;98.7;89.289;102.514;
1900-01-01 01:56:34;1167.0;1745682994;91.766;98.65;89.273;102.514;
1900-01-01 01:56:35;1168.0;1745682995;91.869;98.563;89.273;102.49;
1900-01-01 01:56:36;1169.0;1745682996;91.869;98.563;89.286;102.481;
1900-01-01 01:56:37;1170.0;1745682997;91.837;98.625;89.329;102.481;
1900-01-01 01:56:38;1171.0;1745682998;91.765;98.625;89.329;102.476;
1900-01-01 01:56:39;1172.0;1745682999;91.765;98.77;89.264;102.507;
1900-01-01 01:56:40;1173.0;1745683000;91.827;98.744;89.264;102.507;
1900-01-01 01:56:41;1174.0;1745683001;91.747;98.744;89.26;102.5;
1900-01-01 01:56:42;1175.0;1745683002;91.747;98.764;89.257;102.408;
1900-01-01 01:56:43;1176.0;1745683003;91.78;98.745;89.195;102.408;
1900-01-01 01:56:44;1177.0;1745683004;91.715;98.745;89.195;102.509;
1900-01-01 01:56:45;1178.0;1745683005;91.715;98.632;89.144;102.426;
1900-01-01 01:56:46;1179.0;1745683006;91.781;98.779;89.017;102.426;
1900-01-01 01:56:47;1180.0;1745683007;91.702;98.779;89.017;102.467;
1900-01-01 01:56:48;1181.0;1745683008;91.702;98.712;88.919;102.459;
1900-01-01 01:56:49;1182.0;1745683009;91.687;98.728;88.919;102.459;
1900-01-01 01:56:50;1183.0;1745683010;91.687;98.728;88.903;102.515;
1900-01-01 01:56:51;1184.0;1745683011;91.654;98.76;88.987;102.527;
1900-01-01 01:56:53;1185.0;1745683013;91.661;98.744;88.987;102.527;
1900-01-01 01:56:53;1186.0;1745683013;91.661;98.744;89.044;102.521;
1900-01-01 01:56:54;1187.0;1745683014;91.67;98.701;88.986;102.521;
1900-01-01 01:56:55;1188.0;1745683015;91.637;98.629;88.986;102.465;
1900-01-01 01:56:56;1189.0;1745683016;91.637;98.629;89.081;102.494;
1900-01-01 01:56:57;1190.0;1745683017;91.69;98.68;89.012;102.494;
1900-01-01 01:56:58;1191.0;1745683018;91.625;98.68;89.012;102.511;
1900-01-01 01:56:59;1192.0;1745683019;91.625;98.784;89.089;102.427;
1900-01-01 01:57:00;1193.0;1745683020;91.56;98.726;89.089;102.427;
1900-01-01 01:57:01;1194.0;1745683021;91.569;98.726;89.026;102.407;
1900-01-01 01:57:02;1195.0;1745683022;91.569;98.762;89.002;102.464;
1900-01-01 01:57:03;1196.0;1745683023;91.543;98.788;89.077;102.464;
1900-01-01 01:57:04;1197.0;1745683024;91.562;98.788;89.077;102.463;
1900-01-01 01:57:05;1198.0;1745683025;91.562;98.73;89.136;102.464;
1900-01-01 01:57:06;1199.0;1745683026;91.564;98.67;89.136;102.464;
1900-01-01 01:57:07;1200.0;1745683027;91.459;98.67;89.188;102.495;
